IntronPotTab 1 1024 0.05755
    0.00392
   -0.01828
   -0.01842
    0.00937
    0.00114
   -0.00859
   -0.02460
    0.01456
   -0.00776
   -0.00431
   -0.02997
    0.02252
   -0.00178
   -0.01635
   -0.00797
    0.01185
   -0.00690
   -0.00539
   -0.01760
    0.02071
   -0.01133
   -0.00130
   -0.00513
    0.01516
   -0.01206
   -0.00372
   -0.01110
    0.01993
   -0.00261
   -0.01902
   -0.01239
    0.01604
   -0.00061
   -0.00866
   -0.01293
    0.01379
    0.00078
   -0.00954
   -0.01451
    0.01210
   -0.00958
   -0.00596
   -0.00697
    0.01841
    0.00220
   -0.02161
   -0.01156
    0.01230
   -0.00175
   -0.01470
   -0.01197
    0.01103
    0.00395
   -0.01866
   -0.00851
    0.01008
   -0.00304
   -0.00434
   -0.03694
    0.02127
   -0.00089
   -0.01756
   -0.00365
    0.00785
    0.00063
   -0.01020
   -0.02002
    0.01325
    0.00762
   -0.02185
   -0.01341
    0.00793
   -0.00775
   -0.01224
   -0.02370
    0.02656
    0.00476
   -0.02977
   -0.00307
    0.00809
   -0.00590
   -0.00661
   -0.01112
    0.01891
   -0.00050
   -0.00388
   -0.01112
    0.00865
    0.00631
   -0.01410
   -0.01829
    0.01372
    0.01289
   -0.02547
   -0.02830
    0.01663
    0.00320
   -0.00537
   -0.02611
    0.01641
    0.00756
   -0.02406
   -0.01081
    0.01474
   -0.00862
   -0.01194
   -0.00521
    0.01949
    0.00297
   -0.02632
   -0.00830
    0.01512
    0.00237
   -0.01618
   -0.00988
    0.01203
    0.01300
   -0.02110
   -0.01596
    0.00814
   -0.00153
    0.00017
   -0.03214
    0.01736
    0.01047
   -0.02737
   -0.01246
    0.00958
    0.00412
   -0.01710
   -0.02893
    0.02064
    0.01109
   -0.02201
   -0.01915
    0.01003
   -0.00737
   -0.00470
   -0.00679
    0.01834
    0.00118
   -0.01699
   -0.02349
    0.01753
   -0.00499
   -0.01764
   -0.00452
    0.02196
   -0.01217
   -0.00195
   -0.01486
    0.02331
   -0.00739
   -0.00471
   -0.01506
    0.01892
    0.01106
   -0.02222
   -0.02022
    0.01443
    0.00782
   -0.01331
   -0.02136
    0.01163
    0.00445
   -0.00158
   -0.03493
    0.01930
    0.00297
   -0.01189
   -0.00482
    0.00695
   -0.00359
    0.00079
   -0.02408
    0.01696
   -0.00033
   -0.01773
   -0.00530
    0.01302
    0.01264
   -0.02139
   -0.01064
    0.00485
   -0.00608
   -0.00745
   -0.02014
    0.02191
    0.00319
   -0.01573
   -0.01093
    0.00854
   -0.00680
   -0.00953
   -0.01152
    0.01607
   -0.00134
   -0.00967
   -0.02582
    0.01820
   -0.01004
   -0.01489
   -0.00329
    0.01986
    0.00033
   -0.02351
   -0.00820
    0.00917
   -0.00732
   -0.02065
   -0.00693
    0.02375
   -0.00951
    0.00624
   -0.01353
    0.01246
   -0.00646
   -0.00620
   -0.00092
    0.01183
    0.00257
   -0.02129
   -0.01351
    0.01573
   -0.00670
   -0.00689
   -0.01549
    0.02111
   -0.00266
   -0.01006
   -0.01594
    0.01711
   -0.01013
   -0.01772
   -0.00040
    0.02294
    0.00102
   -0.01994
   -0.00612
    0.00973
   -0.00320
   -0.01945
   -0.01119
    0.01457
    0.00112
   -0.01698
   -0.01555
    0.01485
    0.00019
   -0.01096
   -0.02683
    0.01572
    0.00134
   -0.02740
   -0.00583
    0.01071
    0.00035
   -0.00862
   -0.01969
    0.01391
   -0.00535
    0.00175
   -0.01690
    0.01504
   -0.01513
    0.00016
   -0.01411
    0.02120
   -0.00272
   -0.02226
   -0.00660
    0.01437
   -0.00356
    0.00149
   -0.02213
    0.01800
   -0.00627
    0.01057
   -0.02056
    0.01237
   -0.01045
    0.00981
   -0.00858
    0.00623
    0.00109
   -0.01444
   -0.00983
    0.01253
   -0.00071
    0.00313
   -0.00639
    0.00355
   -0.00203
   -0.00135
   -0.01810
    0.01358
   -0.00862
    0.00907
    0.00484
   -0.00002
    0.00260
   -0.01079
   -0.01236
    0.01069
    0.00006
   -0.00997
   -0.00586
    0.00757
    0.00984
   -0.01457
   -0.02461
    0.00939
   -0.00267
   -0.00395
   -0.03344
    0.02013
   -0.00333
   -0.01737
   -0.00600
    0.01067
    0.00181
   -0.01210
   -0.02176
    0.01773
    0.00140
   -0.01732
   -0.01475
    0.01588
    0.00506
   -0.01888
   -0.02498
    0.02133
    0.00422
   -0.02210
    0.00149
    0.00716
   -0.00531
   -0.00150
   -0.00009
    0.00796
   -0.00289
   -0.00568
   -0.01624
    0.01668
   -0.00079
   -0.00416
   -0.01707
    0.01769
    0.01162
   -0.01837
   -0.00164
    0.00394
    0.00198
   -0.00183
   -0.03618
    0.02282
    0.00673
   -0.02111
    0.00113
    0.01163
    0.00281
   -0.02521
   -0.00222
    0.01787
    0.01033
   -0.01018
   -0.00494
    0.00116
   -0.00295
   -0.00251
   -0.01211
    0.01158
    0.00187
   -0.01688
   -0.02183
    0.02193
   -0.00216
    0.00243
   -0.03270
    0.01816
    0.01577
   -0.02808
   -0.00440
    0.00492
    0.01300
   -0.01129
   -0.02590
    0.00539
    0.00049
   -0.00750
   -0.02132
    0.01885
    0.00321
   -0.02104
   -0.01498
    0.01995
   -0.00123
   -0.00898
   -0.01935
    0.01356
    0.00345
   -0.00792
   -0.01833
    0.01665
    0.00594
   -0.01214
   -0.02872
    0.02060
    0.00136
   -0.01268
   -0.01308
    0.01849
    0.00464
   -0.01151
   -0.02091
    0.01697
    0.00938
   -0.01823
   -0.01403
    0.01113
    0.01040
   -0.02367
   -0.03206
    0.03240
    0.00906
   -0.00717
   -0.02065
    0.00835
    0.00025
   -0.00711
   -0.02493
    0.01897
    0.00524
   -0.00883
   -0.00789
    0.00387
    0.00384
   -0.01384
   -0.01638
    0.01618
    0.00003
   -0.00414
   -0.01314
    0.01094
    0.00796
   -0.02221
   -0.00447
    0.00622
    0.00003
   -0.01791
   -0.01057
    0.01437
   -0.00533
   -0.00172
   -0.01464
    0.01354
   -0.01049
   -0.01349
   -0.00394
    0.01907
   -0.00235
   -0.02077
    0.00301
    0.00930
    0.00077
   -0.01805
   -0.01072
    0.01757
   -0.00618
   -0.00355
   -0.01082
    0.01407
    0.00809
   -0.00795
   -0.01939
    0.00725
   -0.00755
   -0.01558
   -0.00008
    0.01510
   -0.00542
   -0.00808
   -0.01516
    0.02100
   -0.00960
    0.00046
   -0.02714
    0.02191
   -0.01463
   -0.01322
    0.00953
    0.01907
    0.00017
   -0.01741
   -0.00798
    0.01413
    0.00296
   -0.02200
   -0.00953
    0.01353
    0.00135
   -0.01107
   -0.01186
    0.01041
    0.01069
   -0.01369
   -0.03815
    0.01724
   -0.00219
   -0.00876
   -0.01431
    0.01102
   -0.00275
   -0.01041
   -0.00025
    0.00828
   -0.00894
   -0.00162
   -0.02093
    0.02117
   -0.02064
    0.00287
   -0.02146
    0.03071
   -0.00093
   -0.01910
   -0.01018
    0.01382
   -0.00249
   -0.00376
   -0.01771
    0.01788
   -0.00216
   -0.01872
   -0.01135
    0.02239
   -0.00353
   -0.00960
   -0.01050
    0.01614
    0.00547
   -0.01952
   -0.00518
    0.00762
    0.00596
   -0.01516
   -0.02413
    0.01801
    0.00462
   -0.01051
   -0.02076
    0.01395
   -0.01384
    0.00468
   -0.00415
    0.01528
    0.00255
   -0.01832
   -0.00993
    0.01213
    0.00522
   -0.01860
   -0.01378
    0.00895
    0.00132
   -0.01258
   -0.01274
    0.01246
   -0.00271
   -0.01323
   -0.02894
    0.02618
    0.00660
   -0.02276
   -0.01681
    0.01060
    0.00161
   -0.00691
   -0.02787
    0.01615
    0.01007
   -0.02692
   -0.01380
    0.01273
   -0.00608
   -0.02929
   -0.00736
    0.02917
    0.00357
   -0.04818
    0.01389
    0.01126
    0.00541
   -0.00647
   -0.01777
    0.01068
   -0.00059
   -0.01036
   -0.00370
    0.01015
    0.01209
   -0.02277
   -0.02684
    0.02448
    0.01035
   -0.01570
   -0.01098
    0.00843
    0.00690
   -0.01126
   -0.02923
    0.02064
    0.01497
   -0.01404
   -0.02230
    0.01633
    0.00692
   -0.03814
    0.00851
    0.01657
    0.00698
   -0.03278
    0.01306
    0.00233
    0.00921
   -0.01971
   -0.01372
    0.00995
    0.00471
   -0.01684
   -0.02902
    0.02138
    0.00317
   -0.01809
   -0.01968
    0.01990
    0.01891
   -0.02805
   -0.00871
    0.00434
    0.00360
   -0.00291
   -0.02525
    0.01406
    0.00244
    0.00764
   -0.03727
    0.01736
   -0.00760
   -0.00458
   -0.01455
    0.02438
    0.01369
   -0.01667
   -0.02716
    0.01009
    0.00327
   -0.01303
   -0.01048
    0.01573
   -0.01241
   -0.00977
   -0.03000
    0.03554
   -0.00730
   -0.00431
   -0.01869
    0.02741
    0.00138
   -0.02567
   -0.01693
    0.02372
    0.00206
   -0.01123
   -0.02633
    0.01953
    0.00917
   -0.02114
   -0.01945
    0.01821
    0.00532
   -0.02103
   -0.01084
    0.01747
    0.00450
   -0.02704
   -0.00971
    0.01548
   -0.00994
   -0.00507
    0.00379
    0.01278
    0.01352
   -0.01279
   -0.01551
    0.00353
   -0.00382
   -0.02157
   -0.01475
    0.02680
   -0.00408
   -0.01313
   -0.00616
    0.01337
   -0.00349
   -0.00378
   -0.02557
    0.01832
   -0.00123
   -0.00769
   -0.02309
    0.01771
   -0.01058
   -0.01525
    0.00027
    0.01805
    0.00174
   -0.02640
   -0.01127
    0.01294
   -0.00601
   -0.00681
   -0.01090
    0.01868
   -0.00244
    0.00255
   -0.02034
    0.01384
    0.00393
   -0.01464
    0.00476
    0.00343
   -0.00470
   -0.02349
   -0.00367
    0.01870
   -0.00031
   -0.00310
   -0.01507
    0.01176
   -0.00801
   -0.01252
    0.00369
    0.01462
   -0.00917
   -0.01174
    0.00482
    0.01355
   -0.00455
   -0.01639
    0.01137
    0.00324
   -0.00085
   -0.01248
   -0.01736
    0.01496
    0.00336
   -0.00914
   -0.01570
    0.01112
   -0.00743
   -0.00286
   -0.02427
    0.02067
   -0.00116
   -0.02114
   -0.01377
    0.01504
   -0.00092
   -0.01115
   -0.01774
    0.01200
    0.00151
   -0.01441
   -0.02039
    0.01423
   -0.00085
   -0.01053
   -0.01603
    0.01357
   -0.00360
   -0.01026
   -0.01138
    0.01075
   -0.00669
   -0.01083
   -0.02295
    0.02400
   -0.00586
   -0.00635
   -0.01611
    0.01494
   -0.01274
    0.00128
   -0.01267
    0.01608
    0.00006
   -0.01644
   -0.01300
    0.01174
   -0.00234
   -0.01480
   -0.01784
    0.01953
   -0.00475
   -0.00603
   -0.01694
    0.01677
   -0.00379
   -0.00123
   -0.01379
    0.00996
    0.00361
   -0.01551
   -0.01191
    0.00865
   -0.00336
   -0.01365
   -0.01989
    0.01386
    0.00095
   -0.01117
   -0.02003
    0.01281
   -0.00426
   -0.00515
   -0.03791
    0.01913
   -0.00163
   -0.01988
   -0.00877
    0.00861
    0.00220
   -0.02513
   -0.01209
    0.01648
    0.00565
   -0.01958
   -0.01453
    0.01229
    0.00019
   -0.02187
   -0.03077
    0.02739
    0.00214
   -0.03125
   -0.00328
    0.01327
    0.00079
   -0.00822
   -0.01746
    0.01577
   -0.00640
   -0.00761
   -0.01531
    0.02039
    0.00927
   -0.00619
   -0.02894
    0.01251
    0.01778
   -0.02687
   -0.01176
    0.00954
    0.00646
   -0.01362
   -0.01972
    0.01122
    0.00777
   -0.02809
   -0.00680
    0.01557
   -0.00320
   -0.01729
   -0.00938
    0.01786
    0.00793
   -0.01959
   -0.00724
    0.00734
    0.01046
   -0.02423
   -0.01993
    0.01157
    0.01371
   -0.02923
   -0.01741
    0.01133
    0.00710
   -0.00775
   -0.02260
    0.01015
    0.01863
   -0.03424
   -0.00714
    0.00676
    0.00052
   -0.01475
   -0.02122
    0.01981
   -0.00482
   -0.00137
   -0.03055
    0.02491
   -0.00347
   -0.01796
   -0.02503
    0.02735
    0.00037
   -0.01455
   -0.02118
    0.01679
   -0.00321
   -0.01154
   -0.02518
    0.02818
   -0.00704
   -0.00301
   -0.02527
    0.02151
   -0.00207
   -0.01385
   -0.02646
    0.02792
    0.00442
   -0.01984
   -0.02815
    0.02419
    0.00465
   -0.01520
   -0.01945
    0.01796
    0.00866
   -0.01894
   -0.01697
    0.01691
   -0.00453
   -0.01419
   -0.00426
    0.01559
    0.00097
   -0.00549
   -0.01521
    0.01202
   -0.00045
   -0.01569
   -0.01305
    0.01369
    0.00004
   -0.01746
   -0.01861
    0.01799
   -0.00606
   -0.01728
   -0.02827
    0.02527
    0.00520
   -0.02704
   -0.01578
    0.01233
   -0.00160
   -0.01408
   -0.01086
    0.01188
   -0.00450
   -0.01805
   -0.01827
    0.02049
   -0.00718
   -0.01122
   -0.01297
    0.01848
   -0.00723
   -0.01629
   -0.00704
    0.01138
   -0.00457
   -0.01357
   -0.02040
    0.02218
   -0.00861
   -0.00008
   -0.01611
    0.01586
   -0.00110
   -0.00793
   -0.00915
    0.00964
   -0.00326
   -0.01663
   -0.00920
    0.01390
   -0.00516
   -0.00729
   -0.00896
    0.01591
   -0.00567
   -0.00494
   -0.01644
    0.01726
   -0.00905
   -0.00949
   -0.01072
    0.02050
   -0.00346
   -0.01633
   -0.00330
    0.01045
    0.00246
   -0.02439
   -0.02126
    0.01451
   -0.00794
   -0.01873
   -0.00170
    0.01751
   -0.00052
   -0.00877
   -0.03152
    0.01667
   -0.00088
   -0.02418
   -0.01036
    0.01183
