IntronPotTab 1 1024 -2.02019 0.21803 4.10395 36754 6 16   47.44
    0.00872
    0.05249
   -0.06988
    0.01532
    0.05050
    0.03103
   -0.10423
   -0.00943
   -0.01289
    0.04821
   -0.05673
    0.01253
    0.03120
    0.01450
   -0.05517
    0.01938
   -0.04061
    0.09053
   -0.10097
    0.03979
   -0.00557
    0.06862
   -0.09743
   -0.00222
    0.00101
    0.04530
   -0.10224
    0.02848
    0.04682
   -0.02308
   -0.01225
    0.00589
   -0.05014
    0.03936
   -0.00183
    0.01906
    0.05493
   -0.05061
   -0.11667
    0.06574
    0.00989
    0.02795
    0.00962
   -0.06487
    0.01243
    0.01426
   -0.01359
   -0.01444
   -0.04569
    0.05199
   -0.08137
    0.03726
    0.03582
   -0.01955
   -0.06112
    0.02951
    0.01527
    0.05156
   -0.09283
    0.01293
   -0.00384
   -0.01805
    0.04644
   -0.03663
   -0.01620
    0.03030
   -0.06704
    0.05545
    0.05197
   -0.03293
   -0.06036
    0.02881
   -0.00285
    0.01949
   -0.09865
    0.06003
    0.02323
   -0.06083
    0.01906
    0.03847
   -0.04173
    0.08595
   -0.12888
    0.05424
   -0.03547
    0.07090
   -0.10467
    0.03249
   -0.02608
    0.05453
   -0.11754
    0.04026
    0.02864
   -0.00981
   -0.03258
    0.02537
    0.01201
    0.00753
   -0.07040
    0.05586
    0.05128
   -0.06335
   -0.02084
    0.03265
    0.02995
    0.01654
   -0.07901
    0.01098
   -0.04860
   -0.00770
    0.01663
    0.02499
    0.01683
    0.00024
   -0.05658
    0.03046
    0.01017
    0.02740
   -0.10848
    0.05730
    0.04282
    0.04267
   -0.16564
    0.05107
    0.01377
   -0.01705
   -0.04849
    0.06118
    0.01039
    0.05953
   -0.08129
    0.05967
    0.03949
   -0.01333
   -0.08839
    0.06311
    0.02541
    0.04997
   -0.08641
    0.00349
    0.03141
   -0.02550
   -0.03133
    0.04664
   -0.02878
    0.07617
   -0.09857
    0.07013
   -0.02544
    0.06270
   -0.10156
    0.05215
    0.01458
    0.05616
   -0.12404
    0.02207
    0.07890
   -0.00993
   -0.05359
    0.02104
    0.00853
    0.05732
   -0.06029
    0.01280
    0.04769
   -0.03943
   -0.09227
    0.06806
    0.03440
   -0.02167
    0.01147
   -0.02348
   -0.00281
    0.02313
   -0.06349
    0.04647
   -0.02379
    0.01546
   -0.06227
    0.05704
    0.02553
    0.03876
   -0.12049
    0.05233
   -0.01552
    0.04404
   -0.08066
    0.04556
    0.00241
   -0.02681
   -0.02256
    0.05109
   -0.05083
    0.05758
   -0.02573
    0.01032
    0.03244
    0.00613
   -0.08898
    0.02472
    0.00481
    0.04720
   -0.08143
    0.00063
   -0.02499
    0.00223
    0.00969
    0.00833
   -0.04677
    0.08523
   -0.07028
    0.02565
   -0.03960
    0.09743
   -0.09158
    0.01273
    0.00581
    0.06795
   -0.13236
    0.00079
    0.01597
    0.02179
   -0.03384
   -0.00090
   -0.00992
    0.00704
   -0.03646
    0.03470
    0.06123
   -0.07225
   -0.04892
    0.03688
    0.03125
    0.00773
   -0.04009
   -0.01141
   -0.00467
   -0.00308
   -0.01294
    0.01893
   -0.06281
    0.06720
   -0.09926
    0.04317
    0.00454
    0.02905
   -0.07620
    0.03229
   -0.00787
    0.05693
   -0.10006
    0.02569
   -0.03944
    0.04611
   -0.04731
    0.01704
   -0.03129
    0.07548
   -0.08054
    0.04629
   -0.00744
    0.05076
   -0.10584
    0.06010
   -0.04319
    0.05472
   -0.10120
    0.08866
   -0.00620
    0.00131
   -0.06892
    0.09222
   -0.07725
    0.10933
   -0.09633
    0.04771
   -0.04527
    0.09558
   -0.10252
    0.04256
   -0.01619
    0.05756
   -0.12572
    0.05306
   -0.00262
    0.03148
   -0.04412
    0.01402
   -0.02699
    0.06044
   -0.02991
   -0.00593
   -0.00236
    0.02594
   -0.09271
    0.05305
    0.01075
    0.05311
   -0.04029
   -0.05269
   -0.02256
    0.05194
   -0.04184
   -0.00251
   -0.04712
    0.04308
   -0.09456
    0.04839
   -0.01505
    0.03984
   -0.10064
    0.05883
   -0.03499
    0.07626
   -0.11290
    0.05424
   -0.05612
    0.04299
   -0.05460
    0.04895
    0.00825
   -0.00168
   -0.09163
    0.09961
    0.00788
    0.00483
   -0.07507
    0.05569
   -0.01060
    0.04402
   -0.10301
    0.03925
    0.02636
    0.00525
   -0.05937
    0.04795
   -0.00145
    0.07694
   -0.13135
    0.03657
   -0.09600
    0.11439
   -0.10940
    0.06554
   -0.04553
    0.07286
   -0.13029
    0.03200
   -0.02168
    0.01467
   -0.08321
    0.05990
    0.00086
    0.00417
   -0.02995
    0.03426
    0.01989
   -0.00941
   -0.05064
    0.03508
    0.00178
    0.04563
   -0.06212
   -0.01774
   -0.05344
    0.01286
   -0.03730
    0.05333
   -0.06820
    0.03538
   -0.08570
    0.07103
   -0.02113
    0.03341
   -0.12549
    0.08784
   -0.02085
    0.06349
   -0.14432
    0.06335
    0.00050
    0.01766
   -0.08375
    0.06777
    0.01865
    0.08009
   -0.12820
    0.07140
    0.01619
    0.01143
   -0.10160
    0.08650
    0.00195
    0.06104
   -0.13381
    0.07621
    0.02588
    0.02220
   -0.08399
    0.07983
   -0.02204
    0.08726
   -0.09870
    0.04542
   -0.07262
    0.09561
   -0.09569
    0.07428
   -0.01697
    0.07357
   -0.16593
    0.06169
    0.01934
    0.01684
   -0.04238
    0.02423
    0.01061
    0.06016
   -0.07671
    0.01853
    0.00088
    0.03309
   -0.09701
    0.07653
    0.01062
    0.03637
   -0.07017
    0.00982
   -0.04839
    0.03627
   -0.05022
    0.06465
   -0.07181
    0.06607
   -0.12442
    0.08554
   -0.01172
    0.05051
   -0.12591
    0.08413
   -0.02492
    0.05664
   -0.11628
    0.07463
   -0.00728
    0.04825
   -0.09777
    0.07426
   -0.02151
    0.07778
   -0.07937
    0.00753
    0.00891
    0.02400
   -0.09922
    0.04604
    0.01914
    0.01004
   -0.04452
    0.00851
   -0.00897
    0.00372
   -0.02609
    0.03192
   -0.02236
    0.07701
   -0.08418
    0.01999
   -0.02573
    0.12333
   -0.11688
   -0.01401
    0.02137
    0.04035
   -0.14166
    0.03311
   -0.01885
    0.05868
   -0.05842
   -0.00248
   -0.03908
    0.04793
   -0.03511
    0.02397
    0.04176
    0.02266
   -0.06719
   -0.01074
   -0.00213
    0.03779
   -0.05636
    0.00791
   -0.03742
    0.02023
   -0.03414
    0.03715
   -0.04152
    0.03136
   -0.10836
    0.07227
    0.01018
    0.06861
   -0.12300
    0.01540
   -0.00443
    0.03616
   -0.10763
    0.05907
   -0.04273
    0.07130
   -0.09678
    0.04975
   -0.03697
    0.05312
   -0.04249
    0.03572
    0.02033
    0.03611
   -0.07722
    0.01307
   -0.02650
    0.06843
   -0.04711
    0.00095
   -0.00873
    0.02696
   -0.03854
    0.02721
   -0.06464
    0.08094
   -0.05792
    0.04338
   -0.04131
    0.07807
   -0.07368
    0.03439
   -0.03029
    0.07338
   -0.08834
    0.04057
    0.02489
    0.01912
    0.00704
   -0.04061
   -0.04513
    0.05460
   -0.00969
    0.00646
    0.01342
    0.00752
   -0.08314
    0.04670
   -0.01893
    0.05108
   -0.00685
   -0.02548
   -0.01979
    0.02589
    0.01121
   -0.02425
   -0.06032
    0.04072
   -0.05726
    0.04137
    0.03027
   -0.01301
   -0.05319
    0.02481
   -0.00300
    0.04971
   -0.07299
    0.02129
    0.00629
    0.02809
   -0.04512
    0.02334
   -0.04477
    0.04346
   -0.07610
    0.08532
    0.03453
   -0.02087
   -0.05669
    0.03728
   -0.02084
    0.02830
   -0.09544
    0.07101
    0.01184
   -0.03313
    0.00907
    0.02468
   -0.06339
    0.08773
   -0.06521
    0.03558
   -0.06023
    0.11586
   -0.08001
    0.02574
   -0.05885
    0.05996
   -0.10401
    0.05492
    0.03264
   -0.00093
   -0.01972
    0.00373
   -0.03433
    0.05796
   -0.07254
    0.04934
    0.03603
    0.00623
   -0.07055
    0.01873
    0.01476
    0.01375
   -0.04957
    0.01079
   -0.04734
    0.02599
   -0.01383
    0.01346
    0.04640
    0.00209
   -0.10609
    0.04123
   -0.03531
    0.02606
   -0.08112
    0.07792
    0.00579
    0.04280
   -0.13967
    0.06355
   -0.00800
   -0.01419
   -0.04358
    0.07042
    0.00633
    0.03442
   -0.06004
    0.05511
    0.04510
    0.01508
   -0.11233
    0.05724
    0.02555
    0.05911
   -0.08140
    0.00438
    0.02000
   -0.02052
   -0.04285
    0.06779
   -0.06274
    0.06701
   -0.05110
    0.05712
   -0.03045
    0.06830
   -0.07896
    0.05436
   -0.04621
    0.09341
   -0.08638
    0.03008
    0.06368
   -0.01567
   -0.02114
    0.00334
   -0.00489
    0.01859
   -0.02066
    0.01590
    0.03898
   -0.02355
   -0.10290
    0.08055
   -0.00674
   -0.03579
    0.07789
   -0.04401
   -0.01385
   -0.02942
   -0.02244
    0.05732
   -0.02206
    0.03227
   -0.05271
    0.03413
    0.01453
   -0.00839
   -0.08082
    0.07404
   -0.03350
    0.03799
   -0.05483
    0.05433
   -0.04235
    0.03700
   -0.05335
    0.05086
    0.01845
    0.06961
   -0.15271
    0.06023
    0.02489
    0.04285
   -0.14189
    0.04553
    0.01240
    0.06395
   -0.14277
    0.02985
    0.03539
    0.01710
   -0.06175
    0.01856
   -0.04160
    0.12227
   -0.12467
    0.03087
   -0.03478
    0.08546
   -0.06262
    0.01095
   -0.02848
    0.10444
   -0.11596
   -0.00180
    0.00645
    0.04161
   -0.02899
   -0.01642
    0.02867
    0.04026
   -0.08709
    0.01742
    0.05272
   -0.04422
   -0.09118
    0.05047
    0.00375
    0.02714
   -0.03771
    0.00190
   -0.02003
    0.00479
   -0.00089
    0.01034
   -0.08485
    0.09927
   -0.16327
    0.07371
    0.00388
    0.03787
   -0.10347
    0.04380
   -0.02167
    0.06714
   -0.09575
    0.03459
   -0.01370
    0.03422
   -0.04694
    0.02777
   -0.05211
    0.06389
   -0.03540
    0.02758
   -0.00056
    0.01015
   -0.07436
    0.05892
    0.03409
    0.00952
   -0.05386
    0.00050
    0.01044
    0.02486
   -0.07404
    0.03897
   -0.04716
    0.08214
   -0.10022
    0.05492
   -0.02372
    0.08051
   -0.12603
    0.03308
   -0.02247
    0.08588
   -0.11510
    0.01615
   -0.00105
    0.01048
   -0.03432
    0.02399
   -0.00179
    0.03231
   -0.03663
    0.00942
    0.00547
   -0.01719
   -0.12783
    0.09168
    0.04597
    0.01991
   -0.00849
   -0.06752
    0.00709
    0.02857
   -0.01279
   -0.02723
   -0.05294
    0.05659
   -0.07388
    0.03328
    0.00551
   -0.00091
   -0.11356
    0.07610
    0.00580
    0.03686
   -0.06978
    0.01609
   -0.05271
    0.02450
   -0.03987
    0.05752
   -0.01838
    0.00926
   -0.09250
    0.11251
    0.03271
   -0.03542
   -0.08620
    0.08164
    0.03347
   -0.01561
   -0.09259
    0.07591
    0.07088
   -0.07478
   -0.02131
    0.08830
    0.00535
    0.04342
   -0.13597
    0.07836
   -0.05954
    0.08374
   -0.13772
    0.07043
   -0.00302
    0.02333
   -0.12580
    0.06982
    0.07623
   -0.04245
   -0.01781
    0.03598
    0.02837
   -0.02394
   -0.03644
    0.03913
    0.08424
   -0.07377
   -0.06321
    0.04443
    0.04720
   -0.01197
   -0.05750
    0.01756
   -0.03657
   -0.05051
   -0.00390
    0.09580
   -0.02770
    0.02439
   -0.07425
    0.04586
    0.01826
    0.00354
   -0.17188
    0.11078
    0.02451
    0.02572
   -0.15853
    0.09414
    0.03946
   -0.04080
   -0.07767
    0.11652
    0.01540
    0.04091
   -0.08686
    0.07593
    0.02366
    0.01813
   -0.12785
    0.09199
    0.04859
    0.04164
   -0.12500
    0.03840
    0.01218
    0.01596
   -0.07526
    0.08661
   -0.00469
    0.07299
   -0.12426
    0.07525
   -0.05944
    0.09629
   -0.13840
    0.08674
    0.03622
    0.07288
   -0.14282
   -0.00196
    0.06315
   -0.00177
   -0.05940
    0.04152
    0.00702
    0.05348
   -0.05752
    0.00803
    0.03686
   -0.01711
   -0.09414
    0.06614
    0.01725
    0.01126
   -0.01549
   -0.01794
   -0.03641
    0.03461
   -0.06487
    0.07689
   -0.01340
    0.05154
   -0.12421
    0.06887
    0.01397
   -0.00755
   -0.10468
    0.08849
   -0.03287
    0.04694
   -0.09859
    0.07165
   -0.03050
    0.02570
   -0.09971
    0.11167
    0.03885
    0.00466
   -0.04989
    0.00496
    0.02942
   -0.00962
   -0.12046
    0.06584
    0.02058
   -0.00330
   -0.06294
    0.03777
    0.00195
   -0.00718
   -0.03744
    0.03926
   -0.02226
    0.08045
   -0.10417
    0.03473
   -0.03992
    0.10320
   -0.11821
    0.01867
    0.01698
    0.01847
   -0.09764
    0.03801
    0.06912
    0.00915
   -0.04325
   -0.00575
    0.03026
   -0.00175
   -0.05345
    0.02356
    0.05941
   -0.06983
   -0.07336
    0.05683
    0.05047
   -0.02321
   -0.04011
    0.00791
   -0.03402
    0.00169
   -0.00600
    0.02607
   -0.04656
    0.07242
   -0.12418
    0.04461
   -0.00815
    0.02959
   -0.11653
    0.05932
   -0.00140
    0.03544
   -0.08605
    0.04360
   -0.08394
    0.02556
   -0.09263
    0.10047
