IntronPotTab 1 1024 0.06745
    0.00067
   -0.01551
   -0.01961
    0.01084
    0.00985
   -0.00764
   -0.00518
   -0.00595
    0.00673
   -0.00524
   -0.01131
    0.00078
    0.00111
   -0.00689
   -0.01313
    0.00841
   -0.00280
   -0.00933
   -0.01166
    0.01177
    0.00238
   -0.01185
   -0.01067
    0.00928
    0.01021
   -0.01292
   -0.00664
   -0.00438
    0.01278
   -0.00735
   -0.00712
   -0.00236
   -0.00830
    0.00971
   -0.01397
    0.01173
   -0.00223
    0.00763
   -0.02843
    0.01191
    0.01283
   -0.00086
   -0.02233
   -0.00154
    0.00505
   -0.00596
   -0.01261
    0.00430
    0.00115
   -0.01028
   -0.02570
    0.00890
    0.01201
   -0.01444
   -0.02581
    0.00593
    0.00811
   -0.01697
   -0.01893
    0.00725
    0.00206
   -0.00659
   -0.01672
    0.00693
    0.00426
   -0.01826
   -0.01661
    0.00922
    0.00440
   -0.00741
   -0.02097
    0.01099
    0.01263
   -0.02078
   -0.02286
    0.00856
    0.00657
   -0.01731
   -0.02081
    0.01249
   -0.00356
   -0.01807
   -0.01752
    0.01995
   -0.00805
   -0.00117
   -0.04168
    0.02730
    0.00480
    0.00879
   -0.06336
    0.02084
    0.02240
   -0.01189
   -0.02312
    0.00343
    0.00516
   -0.01671
   -0.02260
    0.01019
    0.00489
   -0.00939
   -0.00458
    0.00354
    0.00720
    0.00977
   -0.02346
   -0.00189
    0.01684
   -0.00515
   -0.02085
    0.00117
    0.00147
   -0.00778
   -0.01193
    0.00640
    0.01356
   -0.04685
   -0.00768
    0.00849
    0.01438
   -0.00281
   -0.03050
    0.00058
    0.02398
   -0.02883
   -0.02237
    0.00738
    0.00492
   -0.00590
   -0.02816
    0.00694
    0.02087
   -0.02467
   -0.02111
   -0.00348
    0.00859
   -0.01122
    0.00202
   -0.00627
    0.01109
   -0.02880
   -0.02115
    0.01265
   -0.00510
   -0.00294
   -0.02048
    0.01577
    0.00030
   -0.00876
   -0.00931
    0.00855
    0.00238
    0.01963
   -0.01115
   -0.00878
    0.03057
   -0.00789
   -0.01372
   -0.01262
    0.00797
   -0.03853
   -0.03541
    0.01857
   -0.00614
   -0.00558
   -0.00674
    0.01375
    0.02054
   -0.01649
   -0.00241
   -0.00977
   -0.00577
   -0.00723
   -0.01642
    0.01431
    0.00384
   -0.02466
   -0.02636
    0.01404
    0.01811
   -0.03210
   -0.01772
    0.00083
    0.00259
   -0.02398
   -0.02631
    0.02242
    0.01590
   -0.02299
   -0.01946
    0.00595
    0.00138
   -0.00991
   -0.02063
    0.00787
    0.00762
   -0.01488
   -0.00752
    0.00173
    0.00049
   -0.01517
   -0.00270
    0.00863
    0.00218
   -0.00572
   -0.02246
    0.00875
   -0.00582
   -0.00868
   -0.00835
    0.01344
   -0.00302
   -0.01005
    0.00181
    0.00831
    0.00239
    0.00003
   -0.01061
    0.00199
    0.01504
    0.00101
   -0.01637
   -0.00355
   -0.00755
   -0.00243
   -0.01010
    0.01270
    0.00301
   -0.01199
    0.00366
    0.00185
    0.00061
   -0.00643
   -0.00566
    0.00579
    0.00500
   -0.00905
   -0.01618
    0.00695
   -0.00017
   -0.01468
   -0.02434
    0.01250
    0.00735
   -0.01637
   -0.01806
    0.00751
    0.00625
   -0.00956
   -0.01978
    0.00619
    0.00807
   -0.01736
   -0.01952
    0.00828
    0.00169
   -0.01792
   -0.01744
    0.01184
    0.00625
   -0.02078
    0.00085
    0.00424
    0.00953
    0.00132
   -0.03550
    0.00695
    0.00892
   -0.01423
   -0.02710
    0.01086
    0.00408
   -0.01663
   -0.01085
    0.00781
    0.00289
   -0.00711
   -0.03091
    0.01552
    0.01676
   -0.02296
   -0.02288
    0.00114
    0.01322
   -0.02381
   -0.00468
    0.00644
    0.00614
   -0.02027
   -0.02458
    0.01125
   -0.00451
   -0.01091
   -0.01338
    0.01842
    0.01139
    0.00083
   -0.00940
   -0.00786
    0.00635
   -0.00130
   -0.02543
    0.00745
   -0.00013
   -0.00896
   -0.01539
    0.00791
    0.01362
   -0.02797
   -0.01940
    0.00813
    0.00271
    0.00752
   -0.03132
    0.01013
    0.00811
   -0.00914
   -0.02046
    0.00582
    0.00738
   -0.01497
   -0.03972
    0.01296
    0.01859
   -0.03028
   -0.03506
    0.01521
    0.02016
   -0.01383
   -0.02236
   -0.00748
    0.01200
   -0.02274
   -0.01449
    0.00907
    0.00411
    0.00452
   -0.03978
    0.01092
    0.00480
   -0.05880
   -0.02180
    0.03874
    0.02143
   -0.06211
   -0.03949
    0.02371
    0.02988
   -0.01246
   -0.01513
   -0.00617
    0.00588
   -0.01183
   -0.02627
    0.00856
    0.01746
   -0.03205
    0.02129
   -0.00735
    0.02595
    0.00614
   -0.05598
   -0.00206
    0.00900
   -0.03611
   -0.02520
    0.02019
    0.00226
   -0.01037
   -0.03210
    0.01392
    0.01820
   -0.02459
   -0.01057
   -0.00273
    0.01876
   -0.03033
   -0.03277
    0.00988
    0.04100
   -0.02527
   -0.03426
    0.00072
    0.00669
   -0.02157
   -0.03658
    0.01387
    0.01600
   -0.03343
   -0.01130
    0.00644
    0.02372
   -0.01859
   -0.03600
    0.00141
    0.00119
   -0.02113
   -0.01350
    0.01499
    0.00950
   -0.03122
   -0.03981
    0.02292
    0.00110
   -0.01774
   -0.03916
    0.02705
   -0.00275
    0.01258
   -0.01939
    0.00352
    0.02391
   -0.01732
   -0.03052
    0.01094
    0.01217
   -0.02606
   -0.03934
    0.01210
   -0.00666
   -0.01843
   -0.02414
    0.03204
    0.00904
   -0.01313
   -0.01962
    0.00699
   -0.00632
   -0.03185
   -0.01202
    0.02283
    0.00037
   -0.01357
   -0.02297
    0.01294
    0.02386
   -0.04776
   -0.02533
    0.00566
    0.00842
   -0.02358
   -0.02774
    0.01750
    0.01265
   -0.02121
   -0.03328
    0.01419
    0.00051
    0.00467
   -0.00567
   -0.00077
    0.00518
   -0.01561
    0.00648
   -0.00039
    0.01083
   -0.01988
   -0.02068
    0.00681
    0.00559
   -0.01238
   -0.01996
    0.00984
    0.00214
   -0.01311
   -0.02511
    0.01412
   -0.00209
    0.01012
   -0.02735
    0.00993
    0.01699
    0.01849
   -0.04839
   -0.00852
    0.02079
   -0.00499
   -0.01196
   -0.00654
   -0.00078
   -0.02556
   -0.01017
    0.01428
   -0.00284
   -0.00837
   -0.00122
    0.00914
   -0.00362
    0.00503
    0.00905
   -0.00336
    0.01488
   -0.01236
   -0.00566
   -0.00324
    0.00544
   -0.02720
   -0.02508
    0.01352
    0.01444
   -0.02371
   -0.01328
    0.00050
    0.01117
   -0.01035
   -0.03371
    0.00806
    0.00890
   -0.01325
   -0.01980
    0.00883
    0.00025
   -0.01647
   -0.00881
    0.00951
    0.01709
   -0.01486
   -0.02302
   -0.00126
    0.00852
   -0.01493
    0.00108
   -0.00419
    0.00633
   -0.01128
   -0.01793
    0.00921
    0.01441
   -0.02457
   -0.02068
    0.00463
   -0.00112
    0.00232
    0.02319
   -0.01297
    0.01359
   -0.00621
   -0.02636
   -0.00393
    0.02139
   -0.01699
   -0.00900
   -0.00163
   -0.00447
   -0.01017
   -0.01425
    0.01559
    0.00041
   -0.01256
   -0.02322
    0.01859
    0.00333
    0.00368
    0.00103
   -0.00624
    0.00468
   -0.01773
   -0.01945
    0.01314
    0.00159
   -0.00855
   -0.01055
    0.00448
    0.01085
   -0.03146
   -0.02389
    0.01641
   -0.00001
   -0.00666
   -0.01891
    0.01363
    0.00808
   -0.01700
   -0.02543
    0.01189
    0.00103
   -0.00978
   -0.02185
    0.01271
    0.01323
   -0.03839
   -0.00261
    0.00625
    0.01253
   -0.01988
   -0.02407
    0.00858
    0.01740
   -0.03383
   -0.00223
    0.00466
    0.00373
   -0.02295
   -0.03096
    0.01897
    0.00290
   -0.02550
   -0.03442
    0.02376
    0.02837
   -0.01610
   -0.07485
    0.00141
    0.02972
   -0.02959
   -0.03925
    0.01473
   -0.00972
    0.00963
   -0.03157
    0.01822
    0.03306
   -0.03177
   -0.02835
   -0.01332
    0.01160
   -0.00794
   -0.04203
    0.01466
    0.01301
   -0.03854
   -0.00222
    0.00889
    0.00714
   -0.01890
   -0.00530
    0.00301
    0.02570
   -0.05088
   -0.01520
    0.00033
    0.01226
   -0.02706
   -0.02525
    0.01210
    0.02143
   -0.03043
   -0.00903
    0.00493
    0.00512
   -0.01650
   -0.02282
    0.01014
    0.01803
   -0.00111
   -0.03517
   -0.00527
    0.01809
   -0.03851
   -0.00764
    0.00181
    0.01485
   -0.01847
   -0.01687
    0.00490
   -0.00275
    0.01054
   -0.02245
    0.00943
   -0.01262
    0.00775
   -0.02219
    0.02406
    0.01533
   -0.03460
    0.00002
    0.00139
    0.03057
    0.00559
   -0.03343
   -0.00526
    0.01335
   -0.01252
   -0.03388
    0.00454
    0.00895
   -0.01415
   -0.02013
    0.01006
   -0.01653
   -0.00368
    0.00322
    0.01386
    0.01405
   -0.04666
   -0.01341
    0.01423
    0.00757
   -0.02443
   -0.02093
    0.00936
    0.02357
   -0.02937
   -0.02306
   -0.00280
    0.01020
   -0.00536
   -0.03601
    0.01292
    0.01735
   -0.01770
   -0.02553
    0.00685
    0.00263
   -0.02716
   -0.02239
    0.01469
    0.02372
   -0.03135
   -0.03459
    0.00187
    0.01639
   -0.02782
   -0.01214
   -0.00179
    0.00554
   -0.01646
   -0.01779
    0.01006
   -0.00560
   -0.00907
    0.00364
    0.00838
    0.02318
   -0.01448
   -0.02267
   -0.01410
   -0.00084
   -0.00176
   -0.01532
    0.00912
    0.01809
    0.00611
   -0.02194
   -0.00526
   -0.00540
    0.00136
   -0.01632
    0.01122
    0.00742
   -0.02454
   -0.00906
    0.01233
    0.00015
   -0.02140
   -0.01615
    0.01936
    0.01013
   -0.00768
   -0.01681
    0.00298
    0.00270
   -0.01211
   -0.01486
    0.00681
    0.01109
   -0.01260
   -0.01529
    0.00048
    0.01116
   -0.01675
   -0.03503
    0.01059
    0.01224
   -0.01734
   -0.01899
    0.00713
   -0.00402
   -0.00554
   -0.01678
    0.01132
    0.00656
   -0.00914
   -0.01313
    0.00352
    0.00609
   -0.00704
   -0.01697
    0.00591
    0.00338
   -0.01067
   -0.02105
    0.01012
    0.00302
    0.00603
   -0.02090
    0.00360
    0.00076
   -0.01324
   -0.01428
    0.01309
    0.01136
   -0.02093
   -0.01064
    0.00060
    0.01005
   -0.00241
   -0.01663
    0.00349
   -0.00061
   -0.00803
   -0.01833
    0.01108
    0.00255
   -0.00801
   -0.00687
    0.00550
    0.00877
    0.00853
   -0.01902
   -0.00409
    0.01686
   -0.00627
   -0.02214
    0.00107
   -0.00669
   -0.00465
   -0.00589
    0.00819
    0.01026
   -0.02966
   -0.01494
    0.00882
    0.00970
   -0.00555
   -0.02131
    0.00236
    0.00378
   -0.00889
   -0.02051
    0.00769
    0.00182
   -0.00904
   -0.02361
    0.01163
    0.01788
   -0.03553
   -0.00096
   -0.00427
    0.01410
   -0.02216
   -0.03053
    0.01048
    0.00884
   -0.02982
   -0.01513
    0.01454
    0.00124
   -0.01502
   -0.03108
    0.01815
    0.00957
   -0.04860
   -0.02233
    0.02168
    0.01604
   -0.02388
   -0.03153
    0.00301
    0.02770
   -0.03254
   -0.02221
    0.01095
    0.00685
   -0.01529
   -0.01523
    0.00482
    0.00400
    0.00055
   -0.00587
   -0.00197
    0.01872
   -0.02048
   -0.02014
    0.00057
    0.00842
   -0.03968
    0.00682
    0.00958
    0.00116
    0.00434
   -0.00476
   -0.00121
    0.01601
   -0.04003
   -0.01499
    0.00624
    0.01050
   -0.01786
   -0.03469
    0.01450
    0.02813
   -0.03094
   -0.02000
    0.00691
   -0.00052
   -0.00660
   -0.02411
    0.01199
    0.01301
   -0.01224
   -0.02338
    0.00241
    0.00596
   -0.00385
   -0.01321
    0.00192
    0.01084
   -0.02055
   -0.02500
    0.01166
    0.01051
   -0.01881
   -0.03201
    0.01230
    0.00796
   -0.01955
    0.00251
   -0.00200
   -0.00399
   -0.00017
   -0.01454
    0.01206
    0.01191
   -0.01409
   -0.00836
    0.00404
    0.00798
   -0.01269
   -0.03141
    0.00834
   -0.00510
   -0.01261
   -0.02093
    0.02390
    0.02046
   -0.02406
   -0.03322
    0.00670
   -0.00028
   -0.01436
   -0.01143
    0.01101
    0.00573
   -0.01079
   -0.03051
    0.00837
    0.01536
   -0.04730
   -0.01471
    0.00934
    0.00735
   -0.00972
   -0.02060
    0.00766
    0.01807
   -0.02869
   -0.02993
    0.01204
   -0.00058
   -0.01020
   -0.01640
    0.01076
    0.00610
   -0.01938
   -0.01382
    0.00943
    0.00588
   -0.00597
   -0.00555
   -0.00182
    0.00548
   -0.01229
   -0.01604
    0.00815
    0.00298
   -0.00676
   -0.02447
    0.00981
   -0.00179
    0.00173
   -0.00254
    0.00274
    0.00318
   -0.01162
   -0.01125
    0.00671
    0.02866
   -0.01139
   -0.01555
   -0.00766
    0.00234
   -0.00575
   -0.02625
    0.00995
   -0.00240
    0.00595
    0.00093
   -0.00131
    0.00013
   -0.00440
   -0.02335
    0.01325
    0.00297
   -0.01420
   -0.00593
    0.00668
   -0.00075
   -0.00875
   -0.02628
    0.01264
    0.01401
   -0.02928
   -0.02092
    0.00698
    0.01174
   -0.02008
   -0.03250
    0.00975
    0.01264
   -0.01864
   -0.01695
    0.00640
