4 20 3 1 47 -2.4274 1.4352 1.8690 10297
 -0.01422   0.06071   0.08469  -0.06235  -0.02369   0.06554   0.10098  -0.04777  -0.02458   0.06279   0.04807  -0.03739  -0.01710   0.02396   0.07052  -0.03556  -0.02725   0.07697   0.06140  -0.05154 
 -0.01740   0.06071   0.07206  -0.05103  -0.03153   0.08878   0.11778  -0.06024  -0.04174   0.03396   0.05713  -0.00153  -0.00944   0.04466   0.06940  -0.05769  -0.03311   0.05287   0.08003  -0.04445 
 -0.02447   0.05860   0.08491  -0.05006  -0.01980   0.07263   0.12634  -0.07026  -0.02117   0.02955   0.03960  -0.01357  -0.01856   0.02509   0.09337  -0.05116  -0.03844   0.05334   0.07709  -0.03906 
 -0.01944   0.04953   0.08867  -0.05255  -0.01917   0.08856   0.09056  -0.05987  -0.05764   0.04901   0.10631  -0.02620  -0.00353   0.06383   0.06314  -0.07430  -0.00834   0.06995   0.04089  -0.05020 
 -0.01536   0.07024   0.07206  -0.05897  -0.03501   0.09717   0.12605  -0.06564   0.01826   0.00454   0.01017  -0.03463  -0.02277   0.06035   0.07288  -0.05255  -0.01551   0.04541   0.03855  -0.02976 
 -0.01106   0.05623   0.06630  -0.05186  -0.02301   0.08169   0.11589  -0.06532  -0.03057   0.03584   0.06923  -0.02496  -0.04702   0.04908   0.08551  -0.02439   0.00013   0.07615   0.04379  -0.06246 
 -0.01829   0.06515   0.07752  -0.05603  -0.00243   0.05516   0.10429  -0.06995  -0.03620   0.06077   0.03438  -0.01175  -0.00808   0.02291   0.07316  -0.04874  -0.03193   0.04322   0.06826  -0.03310 
 -0.01169   0.04639   0.07366  -0.04993  -0.03651   0.07623   0.11578  -0.04668  -0.03626   0.06854   0.04505  -0.02395  -0.04011   0.00113   0.08380  -0.00433  -0.01718   0.06941   0.06489  -0.05692 
 -0.02760   0.05907   0.07999  -0.04405  -0.02566   0.05289   0.13317  -0.05679  -0.02035   0.04331   0.04709  -0.02868  -0.00933   0.02456   0.02884  -0.01833  -0.02254   0.08642   0.04520  -0.05143 
 -0.01625   0.05812   0.06907  -0.04896  -0.00921   0.06915   0.11063  -0.07242  -0.01049   0.05681   0.02089  -0.03479  -0.01850   0.03135   0.05698  -0.02879  -0.03463   0.04500   0.08385  -0.04134 
 -0.01257   0.05194   0.07571  -0.05338  -0.02534   0.10385   0.08765  -0.05965  -0.01515   0.00625   0.05026  -0.01374  -0.04754   0.04762   0.08063  -0.01948  -0.01164   0.05306   0.03443  -0.03456 
 -0.01919   0.05907   0.06187  -0.04215  -0.02189   0.07756   0.11508  -0.06393  -0.03011   0.01025   0.07512  -0.01320  -0.02236   0.04813   0.06778  -0.04152  -0.00706   0.03526   0.06386  -0.04500 
 -0.01574   0.04590   0.08179  -0.05020  -0.02042   0.06627   0.09631  -0.04950  -0.01367   0.01369   0.04689  -0.01815  -0.03964   0.03626   0.08784  -0.02713  -0.01586   0.02069   0.07124  -0.03499 
 -0.01701   0.03582   0.07774  -0.04080  -0.02940   0.08990   0.08892  -0.04782  -0.02432   0.02935   0.06371  -0.02514  -0.01201   0.03630   0.04346  -0.03101  -0.01599   0.03611   0.04684  -0.02902 
 -0.01765   0.05122   0.06164  -0.03919  -0.02413   0.05289   0.11878  -0.05045  -0.00866  -0.00591   0.06535  -0.02523  -0.03145   0.03879   0.04341  -0.00855  -0.04333   0.05936   0.04592  -0.02129 
 -0.02331   0.04224   0.07068  -0.03358  -0.01111   0.05690   0.10466  -0.06023  -0.02937   0.05113   0.03536  -0.01449  -0.02333   0.04067   0.04314  -0.01918  -0.01016   0.04257   0.07170  -0.05122 
 -0.01346   0.04833   0.07046  -0.04718  -0.01098   0.06871   0.08933  -0.05835  -0.02334   0.05150   0.01933  -0.01272  -0.05325   0.08204   0.04212  -0.00879  -0.03587   0.06389   0.04763  -0.02987 
 -0.02292   0.06608   0.05384  -0.03771  -0.00700   0.00691   0.09642  -0.03705  -0.04376   0.01676   0.04790   0.01701  -0.05001   0.07858   0.09455  -0.04642  -0.01000   0.05581   0.03605  -0.03819 
 -0.01919   0.03954   0.06746  -0.03451  -0.02938   0.06334   0.10054  -0.03998  -0.03773   0.07167   0.02955  -0.01443  -0.02140  -0.00006   0.07632  -0.02073   0.00822   0.02541   0.03356  -0.03493 
 -0.01625   0.04126   0.06141  -0.03504  -0.02307   0.04902   0.12328  -0.05226  -0.00837   0.00838   0.03635  -0.01527  -0.02786  -0.02174   0.01890   0.03228  -0.03521   0.03472   0.06207  -0.02285 
 -0.02073   0.02474   0.06838  -0.02570  -0.03217   0.08527   0.12776  -0.06324  -0.02786   0.03765   0.05146  -0.01773  -0.01588  -0.03837   0.08229  -0.01216  -0.02052   0.01140   0.07148  -0.02708 
 -0.02266   0.03082   0.08757  -0.03811  -0.01948   0.06762   0.09378  -0.04997   0.02369   0.03296  -0.01020  -0.04950  -0.01690  -0.04473   0.05506   0.00969  -0.03372   0.04425   0.03997  -0.01686 
 -0.01043   0.03383   0.05144  -0.03160   0.00332   0.04649   0.11452  -0.07867  -0.01150   0.00856   0.03812  -0.01228  -0.04193  -0.05348   0.06485   0.03500  -0.01363   0.03987   0.04995  -0.03446 
 -0.00893   0.02115   0.07000  -0.03704   0.00018   0.02831   0.12468  -0.07123  -0.01034   0.02124   0.06481  -0.03984  -0.03180   0.01780   0.10290  -0.03707   0.01218   0.07214   0.03820  -0.06693 
 -0.00123   0.04028   0.08134  -0.06292   0.00318   0.01635   0.09562  -0.05314  -0.00870   0.01080   0.02881  -0.01164  -0.06344  -0.02147   0.05895   0.04616  -0.00419   0.05234   0.03805  -0.04188 
 -0.00755   0.01935   0.05693  -0.03015  -0.01081   0.00156   0.19959  -0.09289  -0.02818   0.00360   0.06661  -0.00592  -0.08194  -0.01726   0.10721   0.03243   0.03058  -0.00325   0.06504  -0.05700 
 -0.01257  -0.00346   0.11536  -0.04869  -0.02851   0.01373   0.18613  -0.06716  -0.03662   0.03248   0.11355  -0.04779  -0.09401  -0.03619   0.18192  -0.00271   0.03273  -0.00387   0.07439  -0.06437 
 -0.02279   0.00034   0.13854  -0.05547  -0.01935   0.02395   0.11185  -0.03839  -0.02899   0.05501   0.00562   0.00015  -0.18792  -0.13536   0.01554   0.19040   0.02870  -0.01373   0.06565  -0.05056 
 -0.03671  -0.01337   0.06000   0.01181  -0.01619  -0.03848   0.15390  -0.03883  -0.04723   0.02076   0.08957  -0.00827  -0.08272  -0.06555   0.08839   0.06484   0.06876  -0.07679   0.05437  -0.05172 
 -0.00843  -0.04544   0.09739  -0.02220  -0.04411  -0.13405   0.20942  -0.00939  -0.03756  -0.09710   0.15943  -0.00898  -0.10959  -0.15343   0.16608   0.06823  -0.00266  -0.19158   0.15800  -0.01665 
 -0.04276  -0.15235   0.17559   0.00081  -0.01489  -0.01381   0.06143  -0.00335  -0.04271  -0.03994   0.07043   0.03258  -0.09045  -0.10670   0.02050   0.11950   0.04778  -0.14986   0.05063  -0.00455 
 -0.01829  -0.08563   0.05264   0.02695  -0.02420   0.00228   0.04409   0.00736  -0.05076  -0.00428   0.04621   0.03755  -0.04668   0.02798   0.03166   0.02122   0.06535  -0.10212   0.00599  -0.01321 
 -0.00668  -0.03157   0.02930   0.00665  -0.02393   0.03945   0.07540  -0.02224  -0.09908   0.08550   0.09052   0.00697  -0.05355   0.05708   0.06421  -0.00724  -0.01026   0.00656   0.03468  -0.01234 
 -0.03751   0.03806   0.06117  -0.01212  -0.03583   0.05859   0.03782  -0.00202  -0.05194   0.03400   0.05879   0.00950  -0.04189   0.06996   0.05265  -0.02088  -0.05239   0.02603   0.00477   0.02085 
 -0.04330   0.04615   0.03506   0.00252  -0.07491   0.06607   0.06376   0.02071  -0.07857   0.10668   0.01426   0.01711  -0.10009   0.08695   0.04658   0.03274  -0.07700   0.00788   0.02976   0.03190 
 -0.08107   0.05930   0.04223   0.02429  -0.09869   0.03153  -0.00556   0.07798  -0.09173   0.03146  -0.00478   0.08515  -0.07108   0.01306  -0.00858   0.07247  -0.12842  -0.05071   0.00472   0.08921 
 -0.10305   0.00222   0.00409   0.08088  -0.10692  -0.04439   0.03328   0.09570  -0.11610  -0.02775   0.03103   0.11658  -0.07844  -0.03136   0.04711   0.07052  -0.13920  -0.09818   0.04922   0.09070 
 -0.12358  -0.05607   0.05120   0.09550  -0.10069   0.06903   0.05820   0.04301  -0.09402   0.08359   0.00357   0.05374  -0.04028   0.01470   0.02910   0.02266  -0.12131   0.02692   0.00157   0.05885 
 -0.10586   0.05002   0.03005   0.05247  -0.07342   0.13615  -0.02921   0.02061  -0.08244   0.07106  -0.04739   0.07376  -0.02551   0.05489  -0.07112   0.03546  -0.08450   0.11005  -0.11061   0.04205 
 -0.07535   0.10680  -0.06509   0.03978  -0.08122   0.06574  -0.01358   0.05423  -0.08850  -0.05716  -0.02639   0.13064  -0.04125   0.06129  -0.06628   0.04634  -0.04520  -0.01481  -0.07981   0.06546 
 -0.06969   0.01467  -0.04486   0.07089  -0.07505   0.06997  -0.02154   0.05005  -0.11152  -0.02343  -0.06908   0.15081  -0.06891   0.00440  -0.00880   0.07446   0.02751  -0.01495  -0.05389   0.00917 
 -0.05178   0.01467  -0.03509   0.05388   0.09229  -0.03518  -0.09760  -0.07179  -0.00799  -0.01690  -0.08459   0.05901   0.07460  -0.01898  -0.09411  -0.04659   0.12470  -0.14482  -0.01512  -0.04453 
  0.07761  -0.06791  -0.05302  -0.03518   0.03824  -0.02314  -0.13116   0.00749   0.00242  -0.07464   0.02664   0.02087   0.10231   0.02202  -0.06334  -0.14226   0.12055  -0.06024  -0.01263  -0.07539 
  0.06901  -0.04127  -0.05917  -0.03305   0.01066   0.05685  -0.19021   0.02125   0.03172  -0.00528  -0.11821   0.01666   0.08189  -0.01304  -0.11337  -0.05254   0.10310  -0.02196  -0.16640  -0.01110 
  0.05314   0.00730  -0.16482   0.00240  -0.05862   0.05091  -0.15374   0.07916  -0.05515   0.09124  -0.16920   0.08042  -0.00922   0.04018  -0.09220   0.03428  -0.04269   0.00088  -0.12547   0.07228 
 -0.04738   0.03707  -0.14213   0.07545  -0.05467   0.15491  -0.34832   0.06665  -0.07177   0.12473  -0.12718   0.06126  -0.05629   0.19280  -0.11199  -0.00434  -0.10699   0.08308  -0.23149   0.09764 
 -0.08344   0.12863  -0.21631   0.07792  -0.13708   0.26363  -0.35389   0.06963  -0.13033   0.21550  -0.23992   0.08248  -0.19752   0.21777  -0.32176   0.14840  -0.22503   0.24704  -0.25038   0.06083 
 -0.17767   0.24922  -0.27069   0.07720   0.41847  -4.01275  -4.01275  -4.01275   0.41561  -4.01275  -4.01275  -4.01275   0.42684  -4.01275  -4.01275  -4.01275   0.56166  -4.01275  -4.01275  -4.01275 
  0.46351  -4.01275  -4.01275  -4.01275  -3.45387  -4.01275   0.88378  -4.01275  -4.01275  -4.01275  -4.01275  -4.01275  -4.01275  -4.01275  -4.01275  -4.01275  -4.01275  -4.01275  -4.01275  -4.01275 
 -3.42081  -4.01275   0.80636  -4.01275   0.41847  -4.01275  -4.01275  -4.01275  -4.01275  -4.01275  -4.01275  -4.01275   0.00664   0.01774   0.23464  -0.24867  -4.01275  -4.01275  -4.01275  -4.01275 
  0.04337   0.01441   0.26504  -0.30313  -0.03099   0.10706   0.09137  -0.05683  -0.09572   0.14180   0.02808   0.00083  -0.01261   0.08507   0.08573  -0.09458  -0.12654   0.13958   0.08433  -0.03847 
 -0.02551   0.10489   0.07091  -0.06935  -0.00337   0.10732   0.07204  -0.08071  -0.04853   0.08590   0.07270  -0.04001  -0.02486   0.08281   0.10522  -0.09152  -0.05277   0.10177   0.11576  -0.08343 
 -0.02163   0.09697   0.09370  -0.08324  -0.02193   0.13124   0.15706  -0.12392  -0.03999   0.06372   0.11184  -0.06483  -0.00679   0.08957   0.13022  -0.14930  -0.08641   0.14924   0.14579  -0.11631 
 -0.02825   0.11558   0.13894  -0.12306  -0.00616   0.10933   0.09937  -0.09346  -0.05736   0.10532   0.01365  -0.00543   0.01568   0.09089   0.05303  -0.11688  -0.15828   0.16082   0.07682  -0.03064 
 -0.02786   0.11908   0.06491  -0.07282  -0.04283   0.14635   0.08521  -0.06383  -0.05597   0.06859   0.12465  -0.05745  -0.06612   0.10207   0.08691  -0.03780  -0.09816   0.12364   0.13231  -0.07769 
 -0.05539   0.11558   0.10994  -0.07036  -0.04464   0.14738   0.18944  -0.12911  -0.03460   0.06364   0.12139  -0.08083  -0.00509   0.07104   0.11686  -0.12314  -0.05833   0.10546   0.17799  -0.13277 
 -0.02996   0.10340   0.15943  -0.12896   0.00107   0.09527   0.09787  -0.09361  -0.03727   0.11846   0.01953  -0.04504   0.02827   0.09046   0.06928  -0.15288  -0.13315   0.17656   0.05108  -0.04107 
 -0.01245   0.12215   0.06234  -0.09119  -0.01200   0.12274   0.08036  -0.08360  -0.04117   0.09680   0.05208  -0.04374  -0.06283   0.11052   0.09847  -0.05668  -0.07649   0.13291   0.11689  -0.08846 
 -0.03299   0.11764   0.08867  -0.08146  -0.01882   0.13070   0.17456  -0.14091  -0.03900   0.05728   0.10548  -0.05601   0.00586   0.04758   0.14853  -0.15554  -0.09958   0.11523   0.20261  -0.13048 
 -0.02708   0.09589   0.16556  -0.13228  -0.02329   0.14012   0.10687  -0.09556  -0.03644   0.09491   0.04320  -0.04248   0.01410   0.08236   0.06788  -0.11963  -0.14060   0.14126   0.07253  -0.02464 
 -0.02551   0.11723   0.07502  -0.08058  -0.05127   0.15733   0.11151  -0.07581  -0.08500   0.08686   0.08425  -0.00490  -0.04550   0.12506   0.11486  -0.10507  -0.09641   0.13905   0.12573  -0.08520 
 -0.05959   0.13123   0.11120  -0.07807  -0.02027   0.11951   0.17101  -0.12814  -0.04101   0.09352   0.11058  -0.08705   0.00041   0.12777   0.10299  -0.16984  -0.07346   0.13528   0.17627  -0.14234 
 -0.02447   0.12215   0.14863  -0.14152  -0.04546   0.16150   0.13151  -0.09770  -0.05904   0.11211   0.00582  -0.00406   0.01499   0.07186   0.11659  -0.15817  -0.11329   0.17462   0.05170  -0.05196 
 -0.03312   0.13501   0.08089  -0.08893  -0.02969   0.11346   0.11912  -0.07760  -0.04024   0.05683   0.05794  -0.01907  -0.02967   0.11588   0.10058  -0.10714  -0.09964   0.16292   0.10253  -0.08445 
 -0.03818   0.11826   0.09761  -0.08220  -0.02836   0.16670   0.15894  -0.14311  -0.03148   0.06836   0.12929  -0.09671  -0.00134   0.06340   0.12632  -0.13245  -0.06054   0.14131   0.12988  -0.11735 
 -0.02240   0.12011   0.13776  -0.13311  -0.03195   0.13476   0.09511  -0.07451  -0.07311   0.08900   0.03220   0.01344   0.02586   0.06671   0.06747  -0.12685  -0.11850   0.14492   0.05354  -0.02891 
 -0.03048   0.11288   0.06328  -0.06462  -0.02569   0.12534   0.12788  -0.09542  -0.06588   0.13251   0.07790  -0.06030  -0.05945   0.11076   0.10307  -0.06470  -0.07503   0.12875   0.10977  -0.08135 
 -0.04588   0.12621   0.10763  -0.08652  -0.02784   0.09562   0.17648  -0.10609  -0.02193   0.10142   0.08052  -0.09757   0.02681   0.03869   0.11340  -0.14928  -0.07592   0.14055   0.15752  -0.12752 
 -0.01599   0.10170   0.13933  -0.12814  -0.01323   0.12283   0.12958  -0.11132  -0.05407   0.10939   0.02251  -0.01783   0.02479   0.07162   0.04742  -0.11222  -0.09715   0.17896   0.05942  -0.07040 
 -0.01663   0.12480   0.06931  -0.09271  -0.06246   0.12899   0.15068  -0.06819  -0.03801   0.04689   0.09021  -0.03784  -0.04181   0.09529   0.12781  -0.09745  -0.06393   0.12311   0.13404  -0.10380 
 -0.04425   0.10362   0.12761  -0.08652  -0.04301   0.14125   0.19054  -0.12757  -0.02264   0.05596   0.11749  -0.08928   0.00257   0.10222   0.11515  -0.16149  -0.08313   0.14183   0.16755  -0.13175 
 -0.02825   0.11703   0.15416  -0.13730  -0.03456   0.13370   0.13161  -0.09207  -0.05574   0.12653   0.02329  -0.03007   0.02930   0.07669   0.02943  -0.10983  -0.14064   0.14840   0.06940  -0.02754 
 -0.02930   0.12317   0.06861  -0.07646  -0.03166   0.10068   0.14217  -0.08142  -0.05703   0.07176   0.03966   0.00272  -0.04521   0.10542   0.11286  -0.08736  -0.09919   0.14121   0.12977  -0.08790 
 -0.04725   0.10911   0.11245  -0.07617  -0.01113   0.09381   0.18199  -0.13192  -0.03460   0.08272   0.08275  -0.06409  -0.02731   0.09310   0.13124  -0.12017  -0.09217   0.12506   0.16815  -0.11183 
 -0.02996   0.10234   0.14940  -0.11949  -0.00376   0.08049   0.12960  -0.09736  -0.05094   0.09156   0.01422  -0.00326   0.00166   0.09852   0.03735  -0.08850  -0.11414   0.15858   0.07869  -0.05581 
 -0.02227   0.10932   0.07160  -0.07646  -0.05566   0.13532   0.09339  -0.04706  -0.04379   0.07096   0.08362  -0.04283  -0.04276   0.07967   0.11093  -0.06947  -0.10936   0.15891   0.12097  -0.08790 
 -0.05455   0.12031   0.10382  -0.07036  -0.04064   0.13118   0.16959  -0.10799  -0.05842   0.07667   0.15306  -0.08643   0.00499   0.09407   0.10342  -0.14645  -0.06439   0.13883   0.16347  -0.14106 
 -0.03299   0.11661   0.15302  -0.12995  -0.02027   0.12714   0.09444  -0.08365  -0.06397   0.07935   0.05762  -0.00574   0.02087   0.01157   0.10691  -0.11273  -0.13875   0.16171   0.08761  -0.04873 
 -0.02891   0.10340   0.08801  -0.07558  -0.06429   0.12945   0.12102  -0.04915  -0.03666   0.07367   0.09169  -0.06093  -0.03105   0.11646   0.07613  -0.08499  -0.09872   0.14096   0.12827  -0.08691 
 -0.05137   0.11970   0.10910  -0.07690  -0.02007   0.09633   0.17847  -0.11837  -0.02777   0.03426   0.11824  -0.06546  -0.01748   0.09318   0.11865  -0.12322  -0.08685   0.11796   0.16888  -0.11110 
 -0.02825   0.09110   0.15264  -0.11595  -0.00166   0.12454   0.09295  -0.10569  -0.04663   0.10280   0.01899  -0.01980   0.01541   0.10212   0.07797  -0.14785  -0.13726   0.20962   0.04558  -0.06128 
 -0.02111   0.14091   0.06164  -0.09469  -0.03653   0.13003   0.10324  -0.07058  -0.01347   0.02311   0.05419  -0.02930  -0.03755   0.10533   0.08904  -0.07760  -0.05055   0.12509   0.11973  -0.10487 
 -0.02512   0.10148   0.09457  -0.08295  -0.03142   0.10767   0.20617  -0.13185  -0.04512   0.05697   0.14129  -0.07815  -0.02514   0.09550   0.16180  -0.15834  -0.07241   0.12137   0.15691  -0.11457 
 -0.03405   0.09934   0.16887  -0.12913  -0.01308   0.13388   0.11071  -0.10711  -0.03745   0.11668   0.05059  -0.06459   0.01222   0.12214   0.04531  -0.13184  -0.12973   0.17019   0.06776  -0.04810 
 -0.02124   0.13718   0.07114  -0.09790  -0.03202   0.15697   0.12385  -0.10654  -0.04185   0.03450   0.07885  -0.01624  -0.06305   0.11213   0.07495  -0.03988  -0.07976   0.10118   0.13084  -0.07404 
 -0.04100   0.10616   0.10636  -0.07661  -0.00684   0.07047   0.18662  -0.12667  -0.02402   0.07624   0.11796  -0.10473  -0.01067   0.05704   0.14733  -0.13355  -0.06988   0.12999   0.16859  -0.13377 
 -0.01778   0.08934   0.16037  -0.13461  -0.02649   0.14497   0.09207  -0.08621  -0.07239   0.09623   0.04975  -0.00316   0.03568   0.08952   0.02428  -0.12744  -0.10597   0.16232   0.04909  -0.04601 
 -0.02214   0.12641   0.05479  -0.07822  -0.04590   0.13037   0.12327  -0.07128  -0.03334   0.05811   0.08757  -0.05036  -0.05456   0.11218   0.09816  -0.06799  -0.12083   0.13416   0.12590  -0.06552 
 -0.05275   0.11350   0.11161  -0.07282  -0.06000   0.14403   0.18955  -0.10725  -0.04616   0.08040   0.13214  -0.08751  -0.00563   0.09067   0.15710  -0.18266  -0.08254   0.14375   0.17325  -0.13913 
 -0.04262   0.12174   0.16795  -0.13545  -0.02996   0.11098   0.12785  -0.08095  -0.04782   0.10493   0.04910  -0.03943   0.02068   0.06290   0.07757  -0.12362  -0.10747   0.15769   0.05757  -0.04664 
 -0.02292   0.11225   0.08067  -0.08369  -0.04475   0.14746   0.14580  -0.09787  -0.03833   0.03140   0.02927   0.01293  -0.01432   0.07913   0.08458  -0.08658  -0.07681   0.14782   0.09318  -0.08256 
 -0.03591   0.11225   0.09414  -0.07807  -0.02137   0.09815   0.18951  -0.12612  -0.04131   0.07437   0.13435  -0.09160  -0.00722   0.07520   0.13742  -0.14370  -0.09557   0.11914   0.18073  -0.11592 
 -0.03101   0.09611   0.16593  -0.12781  -0.02700   0.13645   0.12084  -0.09678  -0.06715   0.13343   0.02810  -0.02480   0.03651   0.06798   0.03627  -0.12080  -0.14090   0.19752   0.03101  -0.04128 
 -0.02747   0.13856   0.05764  -0.08295  -0.01966   0.12801   0.09216  -0.08370  -0.04041   0.09476   0.04897  -0.04098  -0.02947   0.11170   0.07441  -0.08199  -0.11118   0.14707   0.10264  -0.06484 
 -0.03738   0.12439   0.08291  -0.07763  -0.02284   0.09653   0.20011  -0.13132  -0.01516   0.06013   0.11355  -0.10106   0.01394   0.04042   0.12732  -0.14155  -0.04508   0.13230   0.16676  -0.15579 
 -0.01081   0.09132   0.15831  -0.14357  -0.03560   0.11346   0.16176  -0.09720  -0.02518   0.07710   0.03035  -0.03542   0.04684   0.10414   0.03158  -0.16784  -0.13099   0.16374   0.07977  -0.04992 
 -0.01587   0.11620   0.08313  -0.09652  -0.03558   0.13436   0.12801  -0.08901  -0.05370   0.05980   0.09157  -0.02771  -0.03837   0.07787   0.11705  -0.07922  -0.07912   0.13495   0.10256  -0.07781 
 -0.04019   0.10827   0.10952  -0.08117  -0.03315   0.09701   0.20933  -0.12491  -0.01237   0.05685   0.10468  -0.09484   0.00097   0.06335   0.13965  -0.15019  -0.07163   0.13647   0.16278  -0.13235 
 -0.02150   0.09567   0.16074  -0.13495  -0.01817   0.09363   0.16307  -0.10817  -0.04678   0.11542   0.05188  -0.05150   0.02696   0.05128   0.06702  -0.11641  -0.09411   0.15096   0.05623  -0.04960 
