6 20 3 1 47 -2.5581 1.5774 2.4363 10277
 -0.02859   0.12806   0.06505  -0.07855  -0.05941   0.14589   0.09735  -0.05157  -0.04275   0.04229   0.05812  -0.00628  -0.05259   0.14459   0.08874  -0.08951  -0.09491   0.10777   0.14011  -0.07476 
 -0.05427   0.11289   0.10210  -0.06435  -0.00956   0.09361   0.16361  -0.12037  -0.00777   0.03392   0.09677  -0.07730   0.00755   0.08994   0.10598  -0.14982  -0.06050   0.13305   0.12835  -0.10962 
 -0.01059   0.09565   0.12906  -0.12205  -0.01882   0.10487   0.11627  -0.08417  -0.07181   0.09910   0.06338  -0.01483   0.02993   0.06634   0.04792  -0.11730  -0.12792   0.18452   0.07273  -0.06312 
 -0.02689   0.11869   0.07678  -0.08121  -0.03881   0.08688   0.13842  -0.06266  -0.04452   0.07191   0.07293  -0.03476  -0.04641   0.10734   0.09151  -0.06939  -0.06884   0.12965   0.08948  -0.07256 
 -0.04043   0.10147   0.10039  -0.06995  -0.02490   0.12602   0.17739  -0.13107  -0.03691   0.04070   0.09767  -0.04063  -0.00270   0.10709   0.11168  -0.15312  -0.07010   0.13429   0.15182  -0.12219 
 -0.02597   0.10912   0.14154  -0.12303  -0.01497   0.10567   0.11588  -0.08937  -0.06190   0.11262   0.03082  -0.01597   0.02342   0.06377   0.05846  -0.11276  -0.11360   0.16691   0.04599  -0.04284 
 -0.02272   0.11601   0.06552  -0.07679  -0.04561   0.11484   0.10956  -0.05449  -0.03477   0.05543   0.04997  -0.01984  -0.05587   0.09391   0.14951  -0.09759  -0.07011   0.10465   0.12278  -0.07744 
 -0.04313   0.09565   0.11016  -0.06980  -0.02332   0.08167   0.16827  -0.09767  -0.04030   0.08971   0.11608  -0.08965  -0.02417   0.08857   0.13161  -0.12159  -0.05744   0.11433   0.17992  -0.14235 
 -0.02819   0.09608   0.15614  -0.12270  -0.04545   0.14888   0.11963  -0.08168  -0.07626   0.09866   0.05351  -0.00294   0.01666   0.10525   0.04488  -0.12403  -0.11470   0.17821   0.04059  -0.04744 
 -0.03801   0.13704   0.06668  -0.07576  -0.03411   0.15190   0.08706  -0.07871  -0.03081   0.08081   0.05133  -0.04465  -0.02896   0.11858   0.07910  -0.09208  -0.10308   0.09192   0.13976  -0.05871 
 -0.03962   0.11289   0.09672  -0.07620  -0.01902   0.09728   0.18608  -0.12618  -0.01784   0.06180   0.08838  -0.07643   0.00556   0.06752   0.11534  -0.13655  -0.08152   0.12722   0.15397  -0.10947 
 -0.01950   0.09478   0.14330  -0.12172  -0.03511   0.12787   0.11017  -0.07483  -0.05138   0.15237  -0.01774  -0.03312   0.03769   0.05432   0.05261  -0.12550  -0.11413   0.14823   0.05549  -0.03481 
 -0.02402   0.12300   0.05659  -0.07474  -0.03758   0.08710   0.13555  -0.06252  -0.02009   0.07483   0.06646  -0.06626  -0.04482   0.12753   0.09493  -0.09059  -0.10546   0.12641   0.11435  -0.06193 
 -0.04205   0.10489   0.10678  -0.07488  -0.02553   0.10282   0.17832  -0.11509  -0.02717   0.05776   0.11605  -0.08250  -0.01608   0.06926   0.12086  -0.10826  -0.04639   0.12526   0.12278  -0.11078 
 -0.02143   0.09521   0.13762  -0.11494  -0.03390   0.13873   0.10285  -0.07905  -0.04927   0.10568   0.05437  -0.04179   0.03177   0.05105   0.08425  -0.13998  -0.11100   0.18054   0.04624  -0.05472 
 -0.02519   0.12645   0.07222  -0.08583  -0.05576   0.10931   0.14750  -0.06178  -0.02522   0.06311   0.04524  -0.03483  -0.04728   0.09083   0.09607  -0.05960  -0.12457   0.12510   0.14185  -0.06840 
 -0.05274   0.10126   0.11517  -0.06692  -0.01072   0.10962   0.17149  -0.13522  -0.03730   0.03858   0.13264  -0.06740   0.03161   0.05146   0.09591  -0.15110  -0.05023   0.11536   0.15402  -0.12572 
 -0.00909   0.08732   0.14466  -0.13077  -0.02798   0.12571   0.11697  -0.08611  -0.06348   0.08737   0.04025  -0.00106   0.02912   0.10214   0.05330  -0.15063  -0.11445   0.18050   0.04865  -0.05392 
 -0.02506   0.12726   0.06691  -0.08314  -0.04440   0.16033   0.10413  -0.08166  -0.03848   0.07969   0.05451  -0.03563  -0.03994   0.11835   0.12693  -0.11864  -0.08369   0.14936   0.12082  -0.09859 
 -0.04259   0.13267   0.10381  -0.09232  -0.02915   0.07290   0.21002  -0.11556  -0.05319   0.08615   0.12882  -0.07925   0.00584   0.08711   0.12096  -0.15957  -0.06347   0.11882   0.16176  -0.12405 
 -0.02545   0.09369   0.16084  -0.12845  -0.04288   0.09993   0.13625  -0.06410  -0.04901   0.12219   0.04503  -0.04952   0.02489   0.07392   0.06103  -0.12542  -0.13201   0.17233   0.05309  -0.03979 
 -0.03135   0.11911   0.07723  -0.07679  -0.02766   0.09212   0.13923  -0.07943  -0.03962   0.06095   0.04916  -0.01695  -0.04687   0.07488   0.09759  -0.05012  -0.09534   0.14857   0.09530  -0.07151 
 -0.04137   0.10169   0.09931  -0.06836  -0.04191   0.13349   0.18716  -0.12084  -0.02338   0.08473   0.11824  -0.11368  -0.00568   0.08822   0.15070  -0.17267  -0.01657   0.13458   0.13418  -0.15496 
 -0.01770   0.11622   0.15044  -0.14719  -0.00931   0.10765   0.09834  -0.08767  -0.03908   0.13002  -0.01987  -0.02842   0.04369   0.08635   0.04444  -0.15641  -0.11737   0.14698   0.06165  -0.03553 
 -0.00808   0.11725   0.05109  -0.08568  -0.03928   0.13079   0.12252  -0.07888  -0.04486   0.08970   0.06893  -0.04510  -0.04357   0.14985   0.05099  -0.07649  -0.10204   0.14626   0.12785  -0.08829 
 -0.04627   0.12987   0.09910  -0.08284  -0.01127   0.08071   0.19071  -0.12994  -0.02365   0.02718   0.12512  -0.07231   0.00032   0.07227   0.12180  -0.13795  -0.07552   0.15951   0.14318  -0.13141 
 -0.01732   0.09521   0.14929  -0.12994  -0.03655   0.12915   0.13963  -0.09165  -0.02582   0.09746   0.03109  -0.05104   0.00869   0.08139   0.09616  -0.13493  -0.10361   0.14189   0.03661  -0.02660 
 -0.02402   0.11456   0.07949  -0.08329  -0.04620   0.11829   0.11773  -0.06038  -0.04637   0.09539   0.06942  -0.04802  -0.02106   0.11480   0.08770  -0.10774  -0.07058   0.11924   0.10450  -0.07417 
 -0.03841   0.11310   0.09759  -0.07826  -0.03219   0.09763   0.20391  -0.12227  -0.04732   0.06696   0.14563  -0.08715  -0.00688   0.09221   0.15152  -0.17520  -0.07497   0.14447   0.16188  -0.13547 
 -0.03188   0.10616   0.16898  -0.13729  -0.01584   0.10636   0.09580  -0.07709  -0.05517   0.07283   0.05170  -0.00774   0.02283   0.13691   0.01545  -0.14019  -0.10950   0.15415   0.05433  -0.04103 
 -0.01886   0.11911   0.05611  -0.07752  -0.03758   0.12792   0.10183  -0.06725  -0.03786   0.03795   0.06044  -0.01104  -0.01641   0.13929   0.06958  -0.12110  -0.09594   0.13873   0.10737  -0.07214 
 -0.03841   0.11539   0.08863  -0.07386  -0.02468   0.10912   0.15859  -0.10630  -0.04181   0.06360   0.11852  -0.06783  -0.00862   0.10788   0.10521  -0.13735  -0.07116   0.13192   0.12427  -0.09723 
 -0.02819   0.10764   0.12966  -0.10953  -0.04089   0.15291   0.11117  -0.08486  -0.05665   0.12746  -0.00460  -0.01298   0.03182   0.10510   0.05159  -0.15695  -0.11944   0.16441   0.08327  -0.05966 
 -0.03162   0.14077   0.06738  -0.08613  -0.03936   0.15432   0.09146  -0.07645  -0.04914   0.07511   0.04868  -0.01474  -0.06414   0.15185   0.09650  -0.08714  -0.07677   0.14291   0.11400  -0.09365 
 -0.04627   0.13387   0.09083  -0.08017  -0.04370   0.10080   0.20790  -0.11239  -0.07481   0.08884   0.14921  -0.07058  -0.00366   0.07817   0.10094  -0.11623  -0.04288   0.12340   0.16669  -0.15020 
 -0.03427   0.10233   0.16289  -0.12581  -0.02882   0.10574   0.11957  -0.07425  -0.04822   0.11844   0.02524  -0.03419   0.05465   0.09658   0.07328  -0.21763  -0.15298   0.19760   0.07092  -0.05739 
 -0.02130   0.13327   0.07655  -0.09844  -0.04930   0.14934   0.12771  -0.08229  -0.04163   0.03925   0.05400  -0.00304  -0.03487   0.13309   0.11314  -0.12627  -0.09414   0.15332   0.13157  -0.10230 
 -0.04449   0.12462   0.11016  -0.08868  -0.01562   0.12196   0.18145  -0.14455  -0.04338   0.09322   0.13317  -0.10402   0.03559   0.07396   0.09086  -0.17308  -0.01404   0.10414   0.16998  -0.16532 
 -0.00150   0.10169   0.15063  -0.15784  -0.01435   0.11195   0.08369  -0.07571  -0.03895   0.09614  -0.02747   0.00196   0.03083   0.10304   0.04010  -0.14324  -0.12180   0.16197   0.04302  -0.03280 
 -0.01261   0.11766   0.03864  -0.07313  -0.02131   0.14330   0.10252  -0.09771  -0.03935   0.06453   0.02227  -0.00304  -0.01234   0.12200   0.07354  -0.11519  -0.08847   0.14614   0.11081  -0.08525 
 -0.03096   0.12442   0.08330  -0.08508  -0.03851   0.14347   0.15398  -0.10839  -0.04552   0.09244   0.08315  -0.05708  -0.01364   0.10649   0.11873  -0.14110  -0.07717   0.14755   0.15272  -0.12812 
 -0.03507   0.12746   0.13246  -0.11881  -0.03251   0.13220   0.09491  -0.07210  -0.03582   0.09814   0.00510  -0.02160   0.01740   0.07718   0.08649  -0.13753  -0.12249   0.17432   0.06392  -0.05325 
 -0.02728   0.12625   0.06599  -0.07929  -0.04256   0.12012   0.10478  -0.05840  -0.05326   0.04301   0.05441   0.00815  -0.05634   0.17080   0.07515  -0.09710  -0.08754   0.12708   0.11241  -0.07311 
 -0.04983   0.11663   0.09127  -0.06435  -0.01549   0.12206   0.14127  -0.11545  -0.02786   0.05043   0.12216  -0.08104  -0.02346   0.07177   0.18088  -0.16253  -0.07322   0.09085   0.15375  -0.08942 
 -0.02662   0.08909   0.15196  -0.11591  -0.00004   0.12376   0.09538  -0.10887  -0.02392   0.07356   0.01660  -0.02580   0.06249   0.08785   0.02177  -0.17642  -0.12539   0.15716   0.05132  -0.03194 
 -0.00125   0.11518   0.05036  -0.09201  -0.02371   0.15190   0.11641  -0.10907   0.00356   0.05298   0.03560  -0.06259  -0.00934   0.10175   0.13089  -0.15664  -0.08480   0.15323   0.11922  -0.09962 
 -0.01834   0.12279   0.10232  -0.11223   0.05969   0.17524   0.20085  -0.37305   0.04218   0.12253   0.12750  -0.31571   0.10726   0.10190   0.15222  -0.54146   0.02072   0.23605   0.19585  -0.41639 
  0.06892   0.16900   0.17336  -0.41003   0.14724   0.08611   0.02023  -0.34149   0.14947   0.05948  -0.12718  -0.29414   0.19915   0.11760  -0.06368  -0.70206   0.04175   0.29046   0.02352  -0.31986 
  0.17859   0.11539  -0.04401  -0.40158  -0.03147  -0.07791   0.44001  -0.31359   0.01759  -0.04522   0.23048  -0.21377   0.06068  -0.12373   0.26974  -0.33140  -0.07019   0.03731   0.38278  -0.37579 
  0.01756  -0.07215   0.34273  -0.31657  -4.01191  -4.01191   0.88382  -4.01191  -2.69612  -4.01191   0.79352  -4.01191  -4.01191  -4.01191   0.77596  -4.01191  -4.01191  -4.01191   0.75836  -4.01191 
 -3.41997  -4.01191   0.80636  -4.01191  -4.01191  -4.01191  -4.01191   0.45610  -4.01191  -4.01191  -4.01191  -4.01191  -4.01191  -4.01191  -4.01191   0.51814  -4.01191  -4.01191  -4.01191  -4.01191 
 -4.01191  -4.01191  -4.01191   0.46371  -4.01191  -4.01191  -4.01191  -4.01191  -4.01191  -4.01191  -4.01191  -4.01191  -4.01191  -4.01191  -4.01191  -4.01191   0.29703  -0.15965  -0.20535  -0.21956 
  0.19888  -0.12365  -0.15731  -0.17423   0.03267  -0.06360  -0.04907   0.00364  -0.02163   0.04245  -0.00453   0.00473   0.07691   0.04724  -0.05721  -0.11323  -0.01073   0.02296  -0.06398   0.02367 
  0.03953  -0.02783  -0.07056   0.00043  -0.07625  -0.05286   0.29165  -0.06387  -0.07615  -0.07126   0.20850  -0.01836  -0.07447   0.02323   0.25606  -0.14096  -0.06878  -0.11153   0.20198  -0.02904 
 -0.07377  -0.06738   0.23786  -0.05046  -0.07645   0.08281   0.04079   0.02380  -0.08888   0.06437  -0.01983   0.07152  -0.07737   0.07996  -0.04817   0.06301  -0.07141   0.01477  -0.06528   0.06348 
 -0.07334   0.05802  -0.02154   0.04630  -0.01783   0.05446   0.03525  -0.01794  -0.05607  -0.00182  -0.00863   0.07011  -0.04264   0.09424   0.04086  -0.02818   0.02191  -0.00047  -0.02308  -0.00572 
 -0.02143   0.03342   0.01025   0.00043  -0.03684   0.00163   0.05942   0.01385  -0.03217  -0.01734  -0.02995   0.06275   0.00222   0.05948   0.02722  -0.05401  -0.01740   0.01293  -0.02148   0.01571 
 -0.02363   0.01342   0.01052   0.01182  -0.03575  -0.00464   0.05729   0.01605  -0.02719  -0.02630   0.03747   0.02733  -0.05104   0.01872   0.08253  -0.00050  -0.01504  -0.02081   0.02196   0.00926 
 -0.03215  -0.00920   0.04698   0.01242  -0.03732  -0.00187   0.05435   0.01772  -0.02696   0.01584   0.00424   0.02256  -0.00530   0.00142   0.05510  -0.02748  -0.05829  -0.03038  -0.00139   0.04991 
 -0.03653  -0.00754   0.02837   0.02443  -0.02804  -0.01617   0.08894  -0.00101  -0.01877  -0.00202   0.01101   0.01907  -0.00617   0.00411   0.04466  -0.02098  -0.00866  -0.02682  -0.00931   0.02140 
 -0.01950  -0.01252   0.03441   0.00834  -0.04733   0.03802   0.03176   0.02041  -0.05622   0.05429   0.05587   0.00342  -0.04355   0.04561   0.03862   0.00428  -0.02953  -0.04560   0.01622   0.03107 
 -0.04408   0.01316   0.03266   0.02000  -0.01382   0.02241   0.01814  -0.00118  -0.06491   0.06382   0.00509   0.03608  -0.02089   0.05169  -0.00873   0.00193  -0.03096  -0.01301   0.03416   0.01079 
 -0.03122   0.02405   0.02147   0.00882  -0.02964   0.03234   0.01221   0.01315  -0.04220   0.00279  -0.02058   0.05911  -0.02474   0.06575   0.02914  -0.02384  -0.01475  -0.00541  -0.03135   0.02585 
 -0.02780   0.02071  -0.00426   0.01882  -0.01634  -0.02996   0.00781   0.02520  -0.02869   0.00916  -0.02059   0.04095  -0.00636   0.02691   0.01578  -0.01550   0.00635  -0.00547  -0.01125   0.00287 
 -0.01223  -0.00261  -0.00072   0.01337   0.00662   0.01689   0.01525  -0.02036   0.00806  -0.03245   0.01107   0.00112   0.02429   0.02832   0.03820  -0.07370   0.05254  -0.02459  -0.03221  -0.01562 
  0.02190  -0.00397   0.00171  -0.02200   0.00485   0.01089  -0.00510  -0.00787  -0.00186  -0.03109   0.02864   0.00343   0.00153   0.04039   0.04602  -0.05344   0.04929  -0.02565  -0.04014  -0.00903 
  0.01744  -0.00534  -0.00481  -0.01343  -0.03630   0.04718   0.03496   0.00468  -0.00264   0.00719  -0.00648   0.00291   0.00804  -0.01426   0.00839  -0.00755   0.01958  -0.00003  -0.05445   0.00890 
 -0.00621   0.01342  -0.00949   0.00422  -0.04803   0.03652   0.07737   0.00290   0.00572   0.05260  -0.02698  -0.02639   0.00402   0.05944   0.00985  -0.04527   0.02138  -0.00153  -0.03273  -0.00067 
 -0.00984   0.02965   0.00946  -0.00863  -0.01308   0.05484   0.11181  -0.06071  -0.00648   0.02797  -0.02119   0.00333   0.01752   0.06471   0.01294  -0.07033   0.00406   0.00038  -0.01539   0.00379 
 -0.00088   0.03292   0.02837  -0.02891  -0.03304   0.03036   0.16703  -0.05744   0.00535   0.01177  -0.05881   0.01632   0.02048   0.03837   0.01499  -0.05853  -0.01053   0.02139  -0.05066   0.01915 
 -0.00708   0.02482   0.03266  -0.02045  -0.02337   0.03238   0.11128  -0.03741   0.05584  -0.00873  -0.06340  -0.04364   0.01229   0.03259   0.01362  -0.04227   0.07069   0.01220  -0.02808  -0.05117 
  0.02609   0.01812   0.01811  -0.04606  -0.09104  -0.01013   0.32649  -0.09871  -0.00441   0.00568  -0.04760   0.02690  -0.02799   0.09138   0.08905  -0.08001   0.01872   0.03410  -0.02595  -0.01840 
 -0.03056   0.02328   0.12644  -0.05088  -0.04042   0.06828   0.13179  -0.04707  -0.00617   0.01406  -0.01154   0.00620   0.00083   0.03900   0.09833  -0.09184   0.00100   0.02683   0.03570  -0.03113 
 -0.00984   0.03915   0.07199  -0.04689  -0.00334   0.00108   0.12643  -0.05496   0.00234   0.00409  -0.01768   0.00417   0.00742   0.04290   0.04144  -0.06024   0.00940   0.01041  -0.00244  -0.01054 
  0.00753   0.01211   0.04356  -0.03540  -0.03971   0.01524   0.18050  -0.05124  -0.02660   0.05529  -0.03800   0.02000  -0.01388   0.05354   0.09874  -0.08047  -0.00799   0.03228   0.02530  -0.02166 
 -0.02091   0.03367   0.08016  -0.03700  -0.02145   0.04956   0.11006  -0.04716  -0.02684   0.03923   0.03339  -0.00861   0.01637   0.02111   0.02951  -0.05138   0.00243   0.02948   0.02618  -0.02859 
 -0.00496   0.03567   0.05349  -0.03955  -0.00228  -0.00471   0.13571  -0.05902   0.02154   0.00463  -0.03220  -0.01507   0.03131   0.03516   0.04345  -0.09332  -0.01691   0.02234   0.02511  -0.01022 
  0.00922   0.01290   0.05373  -0.04334  -0.02406   0.07270   0.15241  -0.08101  -0.02885   0.04472   0.01493   0.00137  -0.02067   0.08081   0.07317  -0.06977  -0.00055   0.02839   0.01256  -0.01889 
 -0.01413   0.05326   0.06853  -0.04812  -0.03036   0.04939   0.12201  -0.04339   0.00271   0.01137   0.00062  -0.01079  -0.00072   0.06856   0.03609  -0.06202  -0.01193   0.02484   0.04871  -0.02732 
 -0.00871   0.03766   0.06013  -0.04036  -0.00982   0.02979   0.13875  -0.06766  -0.01987   0.04201   0.04637  -0.02797   0.01076   0.04252   0.03809  -0.06250   0.00238   0.04877   0.02882  -0.04009 
 -0.00064   0.04038   0.06715  -0.05490  -0.03224   0.05438   0.12928  -0.04776  -0.01989   0.03252   0.03525  -0.01443   0.01646   0.07375   0.01131  -0.07403  -0.00514   0.03618   0.05196  -0.04014 
 -0.00821   0.04699   0.06459  -0.04867   0.00292   0.05720   0.09428  -0.07237  -0.02249   0.03803   0.01572  -0.00282  -0.00742   0.06480   0.05255  -0.06161  -0.00524   0.04041   0.00949  -0.01993 
 -0.00113   0.04893   0.04405  -0.04579  -0.01874   0.02474   0.11411  -0.04064  -0.03521   0.12033   0.01086  -0.04386   0.00090   0.03886   0.04506  -0.05093  -0.03534   0.06125   0.04568  -0.02774 
 -0.01757   0.05802   0.05966  -0.04198  -0.04180   0.06418   0.11806  -0.03596   0.00227   0.01214   0.03016  -0.02854   0.00753   0.05254   0.03728  -0.06383  -0.02220   0.05814   0.03189  -0.02812 
 -0.01413   0.05062   0.05848  -0.04077  -0.00811   0.04939   0.10404  -0.05973  -0.04309   0.07130   0.01209   0.00280   0.01241   0.05101   0.04487  -0.07545   0.00279   0.05622   0.01525  -0.03736 
 -0.00385   0.05612   0.04698  -0.04853  -0.02248   0.04319   0.13528  -0.05690  -0.00765   0.05468  -0.02358  -0.01110  -0.00268   0.06925   0.03013  -0.05567  -0.01565   0.07367   0.03116  -0.04133 
 -0.00934   0.05968   0.05373  -0.04839  -0.01699   0.04950   0.13093  -0.06411  -0.02076   0.02931  -0.00878   0.01406   0.00026   0.04893   0.03932  -0.05252  -0.03653   0.04308   0.06147  -0.02590 
 -0.01426   0.04309   0.06622  -0.04090  -0.02597   0.05116   0.10949  -0.04246  -0.02327   0.05113   0.04920  -0.03155  -0.02718   0.09079   0.07841  -0.07219   0.00244   0.05984   0.02718  -0.04541 
 -0.01451   0.06132   0.06552  -0.05060  -0.02361   0.05791   0.16498  -0.08156  -0.03284   0.07263   0.00861  -0.00874  -0.03922   0.10584   0.10496  -0.08903  -0.00230   0.05901  -0.01399  -0.02065 
 -0.01821   0.06993   0.06992  -0.05434  -0.03566   0.06959   0.13910  -0.05732  -0.01894   0.02558   0.00711   0.00539   0.01547   0.04228   0.05577  -0.08227  -0.00467   0.06488   0.01747  -0.03750 
 -0.00909   0.05469   0.06013  -0.04950  -0.02449   0.05649   0.14742  -0.06854  -0.02162   0.05736   0.04030  -0.03230   0.00457   0.06272   0.06797  -0.08934   0.00660   0.06003   0.02547  -0.04796 
 -0.00571   0.05850   0.07336  -0.06350  -0.02960   0.04910   0.12159  -0.04387  -0.04683   0.01577   0.06529   0.01045  -0.01115   0.08728   0.04254  -0.06510  -0.01227   0.06038   0.04539  -0.04416 
 -0.01898   0.05302   0.07061  -0.04402  -0.02338   0.04091   0.12613  -0.04950  -0.03052   0.07496   0.02119  -0.02091   0.01892   0.03888   0.07286  -0.09886  -0.04584   0.06503   0.04531  -0.02232 
 -0.01706   0.05541   0.07084  -0.04757  -0.03864   0.07394   0.09220  -0.03094  -0.01201   0.05414   0.00291  -0.01982   0.00005   0.01063   0.08295  -0.05996  -0.03194   0.06022   0.00762  -0.01022 
 -0.01924   0.05446   0.04722  -0.03128  -0.01747   0.06903   0.11748  -0.06601  -0.02531   0.02924   0.05778  -0.01973   0.00740   0.05681   0.06371  -0.08607  -0.01013   0.03180   0.04980  -0.03281 
 -0.00921   0.04723   0.07405  -0.05337  -0.03600   0.05821   0.15162  -0.05845  -0.00511   0.05216   0.01983  -0.03846  -0.00009   0.01174   0.07404  -0.05369  -0.04992   0.08529   0.05607  -0.03688 
 -0.02066   0.05755   0.08241  -0.05198  -0.03541   0.07282   0.12337  -0.05030  -0.01542   0.03537   0.04682  -0.02983   0.01238   0.06476   0.07590  -0.10970  -0.02485   0.06110   0.06847  -0.04830 
 -0.01388   0.06038   0.08241  -0.06108  -0.02884   0.07696   0.13263  -0.06543  -0.01380   0.02596   0.03865  -0.02048   0.00179   0.02024   0.08916  -0.07327  -0.02167   0.05797   0.06097  -0.04451 
 -0.01198   0.05038   0.08375  -0.05812  -0.03109   0.06415   0.10265  -0.03957  -0.02322   0.02525   0.04866  -0.01392  -0.03169   0.08169   0.09322  -0.07113  -0.04121   0.06296   0.07461  -0.04095 
