21 4 5 1 45 -4.9033 2.9268 5.1956 2906
  0.04041   0.01448  -0.05724   0.01540 
  0.02095   0.05322  -0.04599  -0.04288 
  0.04446   0.00423  -0.02698  -0.01430 
  0.05379   0.01928  -0.05838  -0.00518 
  0.02095   0.02497  -0.02965  -0.01739 
  0.08737   0.00522  -0.05270  -0.03154 
  0.05114  -0.00526  -0.06240   0.03845 
  0.01595   0.03704  -0.00725  -0.06823 
  0.06097  -0.00324  -0.01545  -0.03961 
  0.04715   0.01544  -0.06529   0.01683 
  0.03562   0.03428  -0.02065  -0.06476 
  0.05707   0.00225  -0.05383   0.01107 
  0.05510   0.02544  -0.07349   0.00302 
  0.01451   0.01448  -0.01545  -0.01430 
  0.06613  -0.00475  -0.02592  -0.02756 
  0.05181   0.01060  -0.04710  -0.00443 
  0.01882   0.02544  -0.01493  -0.03799 
  0.08676  -0.01444  -0.03233  -0.02915 
  0.04915   0.01784  -0.04878  -0.01048 
  0.00577   0.01012  -0.01493   0.00080 
  0.06804  -0.00576  -0.02965  -0.02284 
  0.04446   0.02872  -0.05667  -0.01200 
  0.01739   0.02118   0.00030  -0.05369 
  0.06485  -0.00375  -0.04544   0.00006 
  0.04782   0.01689  -0.05440   0.00006 
  0.01307   0.02965  -0.02381  -0.02519 
  0.05707  -0.00425  -0.02381  -0.02049 
  0.06420  -0.01392  -0.04157   0.01034 
  0.00282   0.01206   0.00674  -0.03234 
  0.07563  -0.04266  -0.02751   0.01754 
  0.04176   0.02023  -0.04102  -0.01661 
  0.04446   0.00324  -0.00928  -0.03961 
  0.05510  -0.00677  -0.03233  -0.00218 
  0.05641   0.00522  -0.05270   0.00596 
  0.02024  -0.00931   0.00279  -0.01124 
  0.05114  -0.02120  -0.01030  -0.00820 
  0.09642  -0.03019  -0.04710   0.00228 
  0.04041   0.01206  -0.03233  -0.01430 
  0.08308  -0.00124  -0.05610  -0.01124 
  0.04176   0.00126  -0.08185   0.06099 
  0.02870  -0.01754  -0.01804   0.02181 
  0.08615  -0.03126  -0.03611   0.00154 
  0.06227   0.00620  -0.13434   0.08671 
  0.02449   0.01158  -0.07349   0.05449 
  0.06677  -0.00627  -0.06413   0.02533 
  0.13959  -0.06583  -0.10666   0.06293 
  0.16070   0.00718  -0.13775  -0.02995 
  0.26057  -0.07700  -0.14887  -0.06823 
  0.27347  -0.17179  -0.15811   0.02812 
 -0.11473  -0.19538   0.21332  -0.08238 
 -3.46345  -3.46345   0.52398  -3.46345 
 -3.46345  -1.97145  -3.46345   0.69547 
  0.52306  -1.07481  -0.01856  -1.00157 
  0.56135  -0.29028  -0.72373  -0.52297 
 -0.97144  -1.17424   0.49796  -1.07453 
 -0.82471  -0.41707  -1.01354   0.61411 
  0.11455  -0.11105  -0.16903   0.18054 
 -0.36694  -0.03665  -0.07054   0.28163 
 -0.06522   0.11367  -0.22478   0.11213 
 -0.03027   0.09081  -0.12826   0.04184 
 -0.01380   0.07725  -0.14817   0.06868 
 -0.06091   0.08838  -0.15311   0.09215 
 -0.05749   0.08182  -0.18098   0.12123 
 -0.03671   0.12653  -0.17571   0.03021 
 -0.01303   0.09724  -0.14887   0.03641 
  0.01307   0.08182  -0.16756   0.05580 
 -0.00844   0.06454  -0.15098   0.08549 
  0.00797   0.05145  -0.12759   0.06931 
 -0.00240   0.05761  -0.12028   0.06229 
  0.02166   0.06196  -0.14536   0.05840 
  0.00133   0.02166  -0.08488   0.07373 
  0.01451   0.01832  -0.09970   0.08181 
  0.05181   0.01975  -0.10539   0.05119 
  0.04109   0.02825  -0.11245   0.05710 
  0.05510   0.01351  -0.11569   0.06677 
  0.04581   0.01255  -0.10033   0.06164 
  0.00943  -0.01085  -0.09408   0.11557 
  0.02800  -0.00074  -0.07825   0.07247 
  0.04244  -0.00627  -0.06937   0.05645 
  0.04581  -0.05044  -0.09657   0.13013 
  0.03356  -0.04432  -0.03993   0.07748 
  0.03905  -0.02120  -0.06996   0.07872 
  0.06932  -0.02067  -0.06820   0.04654 
  0.05837  -0.02806  -0.05952   0.05710 
  0.07312  -0.02541  -0.05102   0.02812 
  0.06097  -0.02067  -0.06182   0.04788 
  0.05510  -0.01651  -0.03829   0.01968 
  0.05445  -0.01547  -0.06703   0.05383 
  0.05837  -0.04487  -0.05667   0.07373 
  0.05707  -0.01963  -0.06010   0.04854 
  0.11627  -0.04377  -0.06762   0.02181 
  0.08185  -0.04432  -0.07349   0.06804 
  0.06420  -0.02120  -0.06355   0.04721 
  0.09583  -0.04157  -0.08548   0.06293 
  0.07813  -0.03341  -0.08185   0.06804 
  0.06356  -0.00526  -0.11310   0.07996 
  0.08920  -0.02859  -0.09844   0.06804 
  0.07563  -0.00728  -0.10348   0.06099 
  0.07248  -0.00024  -0.13028   0.08119 
