24 4 24 1 26 -2.7027 2.4334 5.6023 2907
  0.07234  -0.03141  -0.11584   0.10445 
  0.06083  -0.00089  -0.09797   0.06214 
  0.03616   0.00556  -0.07482   0.05302 
  0.08539  -0.04336  -0.09176   0.08227 
  0.07485  -0.02030  -0.10618   0.08043 
  0.05298  -0.01666  -0.10174   0.09261 
  0.08416  -0.00289  -0.11650   0.05955 
  0.09087  -0.01100  -0.12841   0.07421 
  0.06147  -0.00541  -0.10048   0.06980 
  0.08905  -0.00794  -0.13110   0.07483 
  0.06083  -0.00946  -0.11324   0.08777 
  0.05953  -0.02661  -0.11195   0.10736 
  0.05364   0.00801  -0.11846   0.07795 
  0.06917  -0.00642  -0.14902   0.10794 
  0.03133  -0.00642  -0.12774   0.12276 
  0.05953   0.02387  -0.15970   0.08899 
  0.02009   0.00457  -0.16918   0.15148 
  0.04229   0.02482  -0.17962   0.11882 
  0.01147   0.03321  -0.19577   0.14461 
  0.02434   0.00997  -0.18647   0.15462 
  0.01147   0.02103  -0.18570   0.15148 
 -0.03444   0.03321  -0.19813   0.17694 
 -0.03282   0.06051  -0.21173   0.15357 
 -0.02250   0.04461  -0.20688   0.16236 
 -0.04423   0.03321  -0.23769   0.20564 
 -0.06450   0.04819  -0.26530   0.21571 
 -0.08850   0.06181  -0.24905   0.20564 
 -0.05934   0.02763  -0.29282   0.24542 
 -0.10718   0.05086  -0.25261   0.22775 
 -0.12969   0.06867  -0.25350   0.22021 
 -0.17744   0.06739  -0.26438   0.24627 
 -0.21982   0.07835  -0.27085   0.25338 
 -0.22230   0.04864  -0.25440   0.27482 
 -0.22106   0.05175  -0.22999   0.26037 
 -0.25725   0.04325  -0.20050   0.26484 
 -0.26268   0.03275  -0.24640   0.29676 
 -0.27095   0.02008  -0.23339   0.30346 
 -0.27655  -0.00997  -0.23683   0.32824 
 -0.24660   0.03043  -0.15113   0.24585 
 -0.16419   0.06051  -0.14761   0.18186 
 -0.07060   0.06611  -0.13178   0.11198 
 -0.09495   0.07291  -0.15043   0.13328 
 -0.07236   0.07037  -0.16405   0.13328 
  0.00709   0.05527  -0.18723   0.11485 
 -0.01626   0.16076  -0.28217   0.03351 
  0.15693   0.01674  -0.26899   0.07733 
  0.46384  -0.41333  -0.11977  -0.43180 
 -0.68910   0.45776  -1.28342  -0.37891 
  0.69810  -3.46359  -3.46359  -3.46359 
 -3.46359  -3.46359   0.52398  -3.46359 
  0.13890  -0.02874  -0.06025  -0.03976 
  0.01001   0.03872  -0.19187   0.13655 
  0.04094   0.06007  -0.13997   0.03762 
 -0.00031   0.04997  -0.11780   0.06916 
  0.05166   0.02529  -0.07482   0.00874 
  0.03133   0.00507  -0.01148  -0.02377 
  0.06917   0.00160  -0.04725  -0.01063 
  0.09627   0.01240  -0.07128  -0.02930 
  0.04834   0.04640  -0.03735  -0.07717 
  0.07422  -0.00642  -0.04670  -0.00533 
  0.07611   0.02198  -0.08020  -0.00759 
  0.08661   0.00752  -0.02343  -0.07984 
  0.05364   0.00408  -0.05117   0.00874 
  0.07922   0.01769  -0.07542  -0.01063 
  0.05823   0.03780  -0.07246  -0.02220 
  0.07170   0.02340  -0.06952  -0.01831 
  0.06980   0.03321  -0.10554   0.01237 
  0.02151   0.03229  -0.01405  -0.05468 
  0.06018   0.03413  -0.06835  -0.02377 
  0.05099   0.03643  -0.07128  -0.01292 
  0.07107   0.04908  -0.04503  -0.10182 
  0.08416   0.02008  -0.07069  -0.02692 
  0.07485   0.03321  -0.06025  -0.05216 
  0.03203   0.04864  -0.02713  -0.07717 
  0.07673  -0.00239  -0.04503  -0.01676 
  0.06917   0.03643  -0.05910  -0.05216 
  0.03410   0.04997  -0.04337  -0.05637 
  0.05561   0.03321  -0.04337  -0.05216 
  0.07170   0.02857  -0.06893  -0.02771 
  0.01074   0.05086  -0.01663  -0.07275 
  0.05888   0.00654  -0.05342   0.00213 
  0.07735   0.03043  -0.06718  -0.04058 
  0.00118   0.05702  -0.03844  -0.03895 
  0.06470   0.02623  -0.05853  -0.02930 
  0.05692   0.04864  -0.06952  -0.04385 
  0.01938   0.03963  -0.04725  -0.01522 
  0.05232   0.00948  -0.03087  -0.02613 
  0.04967   0.04819  -0.07187  -0.03089 
  0.01001   0.03505  -0.03953  -0.00835 
  0.05888   0.04416  -0.06082  -0.05048 
  0.03548   0.05042  -0.06255  -0.03089 
  0.01867   0.05263  -0.02028  -0.07984 
  0.05692   0.02857  -0.03844  -0.05299 
  0.04967   0.05175  -0.09485  -0.00759 
  0.03958   0.03780  -0.03248  -0.05721 
  0.03064   0.01626  -0.02926  -0.01445 
  0.04633   0.04550  -0.06428  -0.03249 
  0.02009   0.05571  -0.04337  -0.05048 
  0.03958   0.03229  -0.03572  -0.04221 
