IntronPotTab 1 1024 -33.87479 1.08865 9.85238 85224 6 16  137.29
    0.02826
   -0.09866
   -0.14257
    0.02533
    0.05370
   -0.13527
   -0.16120
   -0.00634
    0.02274
    0.01515
   -0.09264
   -0.00786
    0.01049
   -0.12728
   -0.11775
    0.04298
    0.04591
   -0.12615
   -0.21585
    0.02969
    0.05806
   -0.12096
   -0.17322
   -0.01270
    0.04847
    0.00573
   -0.21220
   -0.03790
    0.01589
   -0.09384
   -0.16154
    0.05198
    0.01763
   -0.13413
   -0.10172
    0.04295
    0.05543
   -0.13322
   -0.12076
   -0.01845
    0.03275
   -0.00878
    0.01448
   -0.05433
    0.00125
   -0.13107
   -0.08767
    0.05151
    0.03356
   -0.12417
   -0.13030
    0.01599
    0.06934
   -0.15267
   -0.13331
   -0.02613
    0.06659
   -0.06168
   -0.15298
   -0.02000
   -0.00031
   -0.12125
   -0.11271
    0.04472
    0.06428
   -0.19630
   -0.19834
    0.00348
    0.07724
   -0.18556
   -0.11846
   -0.01185
    0.06108
   -0.02112
   -0.17064
   -0.00999
    0.02402
   -0.22306
   -0.18094
    0.06606
    0.06726
   -0.11157
   -0.22615
    0.01195
    0.05488
   -0.10548
   -0.13681
   -0.00372
    0.07597
   -0.07484
   -0.15116
   -0.02685
    0.01773
   -0.04659
   -0.20971
    0.04772
    0.04881
   -0.20409
   -0.10494
    0.00841
    0.07121
   -0.09304
   -0.03350
   -0.04147
    0.01010
    0.04081
   -0.05506
   -0.01354
   -0.04117
   -0.15372
   -0.09149
    0.08455
    0.06495
   -0.19881
   -0.14818
   -0.00891
    0.09934
   -0.21373
   -0.15448
   -0.02350
    0.12527
   -0.14630
   -0.15460
   -0.05296
    0.04203
   -0.19596
   -0.19223
    0.05439
    0.05857
   -0.17026
   -0.22972
    0.04061
    0.06078
   -0.17089
   -0.24380
    0.01328
    0.04782
   -0.06725
   -0.08475
    0.00707
    0.03217
   -0.16530
   -0.21426
    0.05770
    0.05948
   -0.13193
   -0.20736
    0.02756
    0.06820
   -0.07085
   -0.12504
   -0.05146
    0.08108
   -0.02746
   -0.19343
   -0.07929
    0.01265
   -0.12596
   -0.16446
    0.06533
    0.05855
   -0.16090
   -0.13433
    0.02566
    0.07549
   -0.03777
   -0.09573
   -0.04863
    0.06369
   -0.10666
    0.05049
   -0.06804
   -0.00099
   -0.14584
   -0.10543
    0.06504
    0.03111
   -0.19625
   -0.08846
    0.03169
    0.06029
   -0.21822
   -0.14232
    0.00383
    0.07846
   -0.11264
   -0.09338
   -0.01413
   -0.00049
   -0.16769
   -0.17330
    0.07207
    0.03838
   -0.14118
   -0.15910
    0.00746
    0.04830
   -0.13560
   -0.18336
    0.00774
    0.04991
   -0.01870
   -0.10563
   -0.02531
   -0.00211
   -0.13847
   -0.14985
    0.05275
    0.06261
   -0.14769
   -0.17245
   -0.00245
    0.03278
   -0.01473
   -0.15479
   -0.01719
    0.09797
   -0.07194
   -0.15765
   -0.07905
    0.04010
   -0.09752
   -0.15856
    0.02571
    0.03736
   -0.17022
   -0.08424
    0.00815
    0.03342
   -0.08971
   -0.07560
   -0.00312
    0.03476
   -0.01562
   -0.07030
   -0.01714
   -0.00778
   -0.15103
   -0.07802
    0.05799
    0.05067
   -0.14830
   -0.14921
    0.00027
    0.08686
   -0.17340
   -0.13876
   -0.04196
    0.08804
   -0.09726
   -0.14630
   -0.04201
    0.01818
   -0.12032
   -0.12342
    0.03443
    0.03747
   -0.03965
   -0.18756
    0.01729
    0.04782
   -0.12068
   -0.21224
    0.01156
    0.01137
    0.07340
   -0.14542
   -0.02415
   -0.01632
   -0.05599
   -0.19614
    0.05889
    0.01769
   -0.00996
   -0.21995
    0.04507
    0.00793
    0.09117
   -0.30793
   -0.01332
    0.00481
    0.11316
   -0.28241
   -0.01065
   -0.01939
   -0.01874
   -0.20114
    0.05759
    0.01931
   -0.09052
   -0.13437
    0.04388
    0.03086
   -0.03654
   -0.13538
   -0.00523
    0.03007
    0.02377
    0.00184
   -0.05690
    0.01006
   -0.07413
   -0.12662
    0.04272
    0.04398
   -0.08020
   -0.18611
    0.02165
    0.05525
   -0.01695
   -0.23655
   -0.03418
    0.08258
   -0.01016
   -0.20035
   -0.03679
   -0.03069
   -0.05886
   -0.20865
    0.05347
    0.07338
   -0.19740
   -0.24983
    0.03591
    0.07361
   -0.09115
   -0.11743
   -0.01313
   -0.00670
    0.03654
   -0.19493
    0.04189
    0.01013
   -0.14931
   -0.21421
    0.08033
   -0.00782
    0.10297
   -0.14985
    0.01345
   -0.21456
    0.32859
   -0.13105
    0.06033
    0.02879
    0.13338
   -0.12136
   -0.09913
   -0.01641
    0.03483
   -0.24564
    0.04369
    0.03660
   -0.08932
   -0.06762
   -0.00510
    0.04712
    0.03377
   -0.00683
   -0.04547
   -0.04305
    0.15792
    0.12899
   -0.10307
   -0.02572
   -0.12237
   -0.16102
    0.07864
    0.03269
   -0.08661
   -0.14175
    0.01951
    0.11344
   -0.18234
   -0.17659
   -0.00270
    0.06040
   -0.01855
   -0.15677
   -0.02573
    0.02520
   -0.16003
   -0.20283
    0.07628
    0.05134
   -0.06185
   -0.33193
    0.07400
    0.05443
   -0.03505
   -0.29819
    0.00692
    0.06528
   -0.03572
   -0.12494
    0.00154
    0.00518
   -0.09414
   -0.27499
    0.08954
    0.02926
    0.02621
   -0.22242
    0.02972
    0.04172
   -0.02198
   -0.31850
   -0.00936
    0.03059
    0.00370
   -0.08614
   -0.01763
   -0.05032
   -0.04049
   -0.13815
    0.07416
    0.03277
   -0.12799
   -0.20964
    0.08567
    0.01383
   -0.21106
   -0.20927
    0.06459
    0.16192
   -0.05746
   -0.08605
   -0.16944
    0.01098
   -0.16006
   -0.25131
    0.12137
    0.02759
   -0.10834
   -0.13796
    0.04323
    0.03260
   -0.10143
   -0.13909
    0.01306
   -0.00494
   -0.05630
   -0.05814
    0.06083
   -0.03125
   -0.09692
   -0.27119
    0.08595
    0.04343
   -0.05226
   -0.22140
    0.02051
    0.00220
   -0.01541
   -0.24700
    0.01948
    0.03905
    0.01605
   -0.11778
   -0.02152
   -0.01835
   -0.06830
   -0.19543
    0.05920
    0.03390
   -0.07059
   -0.17160
    0.02287
   -0.02184
    0.18345
   -0.26605
   -0.01751
    0.10645
    0.04479
   -0.16605
   -0.13175
    0.01919
   -0.03603
   -0.14723
    0.02879
    0.02939
   -0.04509
   -0.12983
    0.01400
    0.03486
   -0.02564
   -0.08033
   -0.01266
    0.03142
    0.05650
   -0.08058
   -0.03745
    0.02314
   -0.06904
   -0.10734
    0.02421
    0.02980
   -0.02583
   -0.19129
    0.03368
    0.07051
   -0.10662
   -0.21204
   -0.01725
    0.07513
   -0.04994
   -0.17139
   -0.01129
    0.01555
   -0.09330
   -0.12739
    0.04143
    0.02750
   -0.14120
   -0.12094
    0.03565
    0.06223
   -0.19432
   -0.07899
    0.01222
   -0.01075
    0.04588
   -0.09727
    0.04387
   -0.00149
   -0.18846
   -0.06567
    0.05907
    0.05981
   -0.16662
   -0.11852
    0.02322
    0.03465
   -0.14784
   -0.04857
    0.01400
    0.00799
    0.06760
   -0.12982
   -0.00094
   -0.01101
   -0.13162
   -0.07502
    0.07069
    0.03540
   -0.15945
   -0.07615
    0.02750
    0.04555
   -0.13702
   -0.03167
   -0.00863
    0.01311
   -0.06739
    0.08776
   -0.04306
    0.01865
   -0.23794
   -0.03021
    0.03890
    0.03858
   -0.17249
   -0.07999
    0.01711
    0.10311
   -0.28047
   -0.07813
   -0.02332
    0.04214
   -0.05835
   -0.11869
    0.01722
   -0.00975
   -0.18802
   -0.03760
    0.05460
    0.06749
   -0.20104
   -0.15685
    0.01677
    0.10561
   -0.28958
   -0.12513
    0.00903
    0.04900
   -0.03120
   -0.13293
    0.01100
    0.03629
   -0.20351
   -0.14469
    0.06171
    0.05323
   -0.14248
   -0.11075
    0.00735
   -0.01622
    0.03512
   -0.00104
    0.00403
    0.06861
   -0.01373
   -0.30058
   -0.03129
    0.02512
   -0.14273
   -0.19819
    0.06325
    0.04864
   -0.22120
   -0.02345
   -0.01138
    0.06855
   -0.13933
    0.13009
   -0.03863
    0.09917
   -0.08718
    0.03085
   -0.11855
   -0.00149
   -0.18812
   -0.05379
    0.05380
    0.05428
   -0.20843
   -0.05209
   -0.00554
    0.11009
   -0.24967
   -0.09279
   -0.02474
    0.09689
   -0.12792
   -0.09623
   -0.01655
    0.02367
   -0.20834
   -0.10374
    0.05785
    0.06111
   -0.23667
   -0.19053
    0.04784
    0.04456
   -0.18059
   -0.25915
    0.04164
    0.05154
   -0.03857
   -0.11070
    0.01088
    0.02743
   -0.28747
   -0.12624
    0.06914
    0.06759
   -0.12633
   -0.14897
    0.00850
    0.00389
   -0.10642
   -0.11813
    0.03354
    0.02043
    0.04692
   -0.17558
    0.00676
    0.01070
   -0.13541
   -0.09775
    0.05308
    0.03843
   -0.21593
   -0.04802
    0.01703
    0.02551
   -0.17265
   -0.03597
    0.01275
    0.09559
   -0.02809
    0.24601
   -0.23569
    0.07098
   -0.17330
   -0.06575
   -0.00269
   -0.00156
   -0.20817
   -0.03608
    0.06112
    0.09492
   -0.29940
   -0.15878
    0.00881
    0.03899
   -0.10628
   -0.09908
    0.06269
   -0.01397
   -0.25279
   -0.15159
    0.10350
    0.05220
   -0.15929
   -0.15931
    0.00656
    0.04706
   -0.14885
   -0.13054
    0.01913
    0.07240
   -0.05426
   -0.09673
   -0.04019
   -0.00089
   -0.15990
   -0.13301
    0.06049
    0.05492
   -0.14784
   -0.08167
   -0.00628
    0.00608
   -0.00528
   -0.08476
    0.00237
    0.08001
   -0.08007
   -0.15797
   -0.03029
    0.02417
   -0.09647
   -0.07228
    0.02454
    0.06285
   -0.20344
   -0.04479
   -0.01908
   -0.01227
   -0.08934
    0.09358
    0.01802
    0.05042
   -0.04085
    0.02171
   -0.05270
    0.01302
   -0.23380
   -0.02486
    0.04610
    0.06285
   -0.17467
   -0.10401
   -0.00867
    0.11796
   -0.27493
   -0.06264
   -0.03666
    0.10006
   -0.11245
   -0.16922
   -0.01185
    0.01947
   -0.16822
   -0.08248
    0.04329
    0.02467
   -0.10193
   -0.17201
    0.02661
    0.02864
   -0.15425
   -0.20435
    0.02489
    0.01670
    0.00844
   -0.12032
    0.01614
   -0.01632
   -0.14650
   -0.14834
    0.05753
    0.03863
   -0.09947
   -0.19193
    0.03117
    0.02508
   -0.02659
   -0.20265
   -0.00193
    0.02454
    0.02630
   -0.14584
   -0.01216
   -0.03387
   -0.11153
   -0.16385
    0.07715
    0.02780
   -0.14685
   -0.12039
    0.03220
    0.03179
   -0.10128
   -0.12779
    0.00398
    0.04180
   -0.02279
   -0.02940
   -0.03816
   -0.01203
   -0.16312
   -0.08256
    0.05535
    0.03736
   -0.12698
   -0.15658
    0.01599
    0.05926
   -0.16896
   -0.17769
   -0.00265
    0.06040
   -0.04846
   -0.13896
   -0.01079
   -0.02664
   -0.12886
   -0.16081
    0.05756
    0.03346
   -0.15078
   -0.20292
    0.04496
    0.05796
   -0.21620
   -0.21644
    0.03448
    0.03502
   -0.01702
   -0.22626
    0.04390
    0.00418
   -0.26210
   -0.15729
    0.09236
    0.06539
   -0.10756
   -0.20495
    0.00611
   -0.04000
    0.13260
   -0.15210
   -0.00583
    0.06209
    0.05789
   -0.16750
   -0.08052
    0.01100
   -0.07132
   -0.26087
    0.06408
    0.00336
   -0.15981
   -0.10924
    0.05277
    0.09295
   -0.19222
    0.08357
   -0.02601
    0.04295
   -0.02422
   -0.07325
   -0.01758
   -0.01053
   -0.29044
   -0.11776
    0.08954
    0.03954
   -0.10386
   -0.17088
    0.01783
    0.12066
   -0.21836
   -0.14629
   -0.02263
    0.08431
   -0.08550
   -0.20916
   -0.00018
    0.04173
   -0.23995
   -0.18170
    0.07591
    0.05373
   -0.15238
   -0.26367
    0.04887
    0.03719
   -0.13911
   -0.20337
    0.02416
    0.04711
   -0.03912
   -0.09264
    0.00159
    0.01370
   -0.14152
   -0.23493
    0.07433
    0.06375
   -0.18820
   -0.21904
    0.03602
    0.03162
   -0.13063
   -0.21583
    0.01722
    0.02192
    0.03851
   -0.11502
   -0.02075
   -0.03227
   -0.11181
   -0.20640
    0.08608
    0.04652
   -0.15289
   -0.15164
    0.04145
    0.04934
   -0.18340
   -0.10647
    0.00617
    0.08044
   -0.04693
   -0.16551
    0.00806
   -0.01318
   -0.16063
   -0.18254
    0.09638
    0.04384
   -0.19305
   -0.16611
    0.02958
    0.03545
   -0.18765
   -0.16307
    0.02549
    0.04740
   -0.07926
   -0.10965
    0.01959
   -0.01951
   -0.15928
   -0.20428
    0.07713
    0.02835
   -0.08912
   -0.17772
    0.02632
    0.04495
   -0.17153
   -0.23411
    0.01838
    0.03028
   -0.00623
   -0.12738
    0.00960
   -0.01690
   -0.13280
   -0.15255
    0.05261
    0.04570
   -0.11318
   -0.19130
    0.01786
    0.00957
   -0.00359
   -0.19767
    0.00385
    0.06628
    0.00959
   -0.14948
   -0.05744
    0.03324
   -0.06799
   -0.16848
    0.02293
    0.02729
   -0.16722
   -0.12591
    0.03204
    0.03981
   -0.09373
   -0.07421
   -0.00751
    0.04172
    0.00032
   -0.14483
    0.00270
   -0.01043
   -0.14508
   -0.10810
    0.05017
    0.03059
   -0.11370
   -0.14293
    0.02650
    0.07435
   -0.14006
   -0.15364
   -0.02276
    0.05229
   -0.06709
   -0.11095
   -0.00277
    0.01824
   -0.13163
   -0.09235
    0.03448
