32 4 15 1 35 -1.5777 1.4034 3.7820 1504
  0.00329  -0.02784   0.00828   0.00776 
 -0.01734   0.01293   0.03191  -0.01071 
  0.00603   0.00690   0.00371  -0.01260 
  0.00965  -0.04975  -0.05887   0.04830 
 -0.01734  -0.00698   0.05020  -0.01071 
 -0.00317   0.02328   0.00676  -0.01545 
  0.00965   0.03624  -0.08629   0.01404 
  0.00875   0.03906  -0.00560  -0.03099 
 -0.01542   0.02909   0.03191  -0.02315 
  0.01592   0.02619  -0.04493  -0.00695 
  0.02385   0.02182   0.00524  -0.04302 
  0.00784   0.01293   0.03620  -0.03998 
  0.01592  -0.00076  -0.07328   0.02374 
  0.00784   0.00385  -0.00874  -0.00509 
 -0.00317   0.01887   0.01878  -0.02025 
 -0.01447   0.01442  -0.04151   0.02807 
  0.02733  -0.03950   0.03191  -0.02607 
  0.00875   0.02619   0.01580  -0.03596 
  0.02472   0.00079  -0.04321  -0.00138 
  0.01414  -0.02293   0.02612  -0.01737 
  0.04349  -0.01970   0.01580  -0.04608 
  0.03250   0.01887  -0.04151  -0.02218 
  0.04432  -0.00230  -0.00874  -0.04200 
  0.02122   0.04327   0.04744  -0.08682 
  0.03845   0.00841  -0.03812  -0.02412 
  0.07098  -0.01809   0.05020  -0.11110 
  0.01414   0.04744  -0.00403  -0.04403 
  0.04847   0.03482  -0.08253  -0.02902 
  0.03591  -0.02620   0.05431  -0.06065 
  0.04265   0.00232  -0.08440  -0.00045 
  0.06227  -0.00386  -0.08440  -0.01929 
  0.03506  -0.00386  -0.04665  -0.00789 
  0.06307  -0.02131  -0.04837  -0.02902 
  0.05987   0.01442  -0.08818  -0.02607 
  0.04432   0.04047  -0.07511  -0.03198 
  0.03250   0.10557  -0.07695  -0.06812 
  0.08863   0.01143  -0.11555  -0.04710 
  0.07488   0.04744  -0.03812  -0.10053 
  0.08105   0.05701  -0.06601  -0.09937 
  0.09461   0.05836  -0.15129  -0.07245 
  0.06147   0.02619  -0.02482  -0.07354 
  0.04181   0.05836  -0.12576  -0.01641 
  0.04265   0.02182  -0.10755  -0.00138 
  0.03760   0.01143   0.01431  -0.05854 
  0.02820   0.04187  -0.01670  -0.04813 
  0.02298  -0.01970  -0.15792   0.06209 
  0.03506   0.11514  -0.01350  -0.12315 
  0.03506   0.08704  -0.14911  -0.01929 
  0.50456  -3.17754  -3.17754  -3.17754 
 -2.55459  -0.49945   0.70214  -3.17754 
  0.09163  -0.12508   0.07821  -0.09821 
  0.08257  -0.03446  -0.12783  -0.00509 
  0.12332  -0.10499  -0.02646  -0.07792 
  0.15025  -0.03114  -0.02976  -0.17502 
  0.17127  -0.13130  -0.11354  -0.09134 
  0.12747  -0.06740  -0.00092  -0.12683 
  0.14301  -0.02620  -0.06422  -0.13807 
  0.15929  -0.05672  -0.11555  -0.11348 
  0.14367  -0.03446  -0.03812  -0.15222 
  0.15673  -0.09146  -0.07881  -0.10873 
  0.12609  -0.08391  -0.06782  -0.06812 
  0.09830  -0.03950   0.04882  -0.13807 
  0.10488  -0.03782  -0.03981  -0.08124 
  0.11561  -0.06025  -0.09390  -0.05123 
  0.06307  -0.01329  -0.02155  -0.05019 
  0.06862  -0.00541  -0.04837  -0.04608 
  0.08637  -0.02620  -0.11758  -0.01929 
  0.03760  -0.01170   0.01580  -0.04403 
  0.05906   0.00992  -0.05010  -0.04302 
  0.04847  -0.00076  -0.06601  -0.01450 
  0.06387  -0.04119  -0.00403  -0.04505 
  0.06147  -0.01809  -0.01670  -0.04813 
  0.07176  -0.04803  -0.07328  -0.01071 
  0.04681  -0.01809   0.01281  -0.04916 
  0.05745  -0.03446   0.01878  -0.05643 
  0.07488   0.01887  -0.12165  -0.03099 
  0.06227  -0.03446   0.03903  -0.07792 
  0.05257   0.00079   0.03762  -0.08795 
  0.03078   0.01442  -0.05710  -0.00883 
  0.05826   0.01442  -0.00247  -0.07573 
  0.07797  -0.01970  -0.01032  -0.07354 
  0.05011  -0.00230  -0.05534  -0.02121 
  0.02992   0.00385   0.00980  -0.04099 
  0.04265   0.03906  -0.03142  -0.05434 
  0.04681   0.04327  -0.13622  -0.00695 
  0.03760  -0.00076  -0.01510  -0.03099 
  0.04265   0.01293  -0.02155  -0.04200 
  0.04349  -0.01648  -0.09390   0.01404 
  0.00784  -0.00230   0.04882  -0.03897 
  0.04432  -0.00386  -0.00716  -0.04200 
  0.04349   0.02328  -0.09970  -0.00695 
  0.03335   0.00079   0.03334  -0.05959 
  0.00965   0.01442  -0.01191  -0.01165 
  0.04181   0.04047  -0.10558  -0.01355 
  0.02992  -0.02456   0.02320  -0.03198 
  0.06704   0.01143  -0.02482  -0.07028 
  0.03421  -0.00230  -0.05710  -0.00230 
  0.01770   0.00992   0.02320  -0.03998 
  0.03845  -0.00230   0.00371  -0.04302 
