IntronPotTab 1 1024 -10.08693 0.66278 6.58975 84503 6 16  258.12
   -0.01939
   -0.01841
   -0.07068
    0.04297
   -0.02745
   -0.04243
   -0.02803
    0.04825
   -0.01989
   -0.02180
   -0.08811
    0.06204
    0.00097
   -0.04054
   -0.01692
    0.02273
   -0.02455
    0.00991
   -0.04471
    0.04461
   -0.01095
   -0.00729
   -0.04193
    0.03304
   -0.01073
   -0.01300
   -0.06949
    0.04990
    0.00467
   -0.03071
   -0.02780
    0.02342
   -0.03317
   -0.00492
   -0.03155
    0.04797
   -0.01048
   -0.04921
   -0.03053
    0.04201
    0.02161
    0.01911
   -0.00073
   -0.03850
    0.00783
   -0.05163
   -0.01048
    0.01744
   -0.02137
    0.00587
   -0.01503
    0.02553
    0.00038
   -0.05012
   -0.02343
    0.03381
    0.00469
    0.00489
   -0.08072
    0.03558
    0.00794
   -0.03797
   -0.01906
    0.01611
   -0.00983
   -0.01885
   -0.06468
    0.04442
   -0.00059
   -0.04317
    0.00054
    0.01795
   -0.00836
   -0.00639
   -0.10746
    0.02622
    0.01494
   -0.04648
   -0.01066
    0.01474
   -0.01418
   -0.02849
   -0.06443
    0.05202
   -0.01674
   -0.06292
   -0.05326
    0.05249
   -0.02063
   -0.02930
   -0.09314
    0.05561
    0.04087
   -0.07830
   -0.06921
    0.02663
   -0.02664
   -0.04038
   -0.00806
    0.03592
   -0.00458
   -0.07748
    0.03129
    0.02378
   -0.00984
   -0.03450
   -0.06272
    0.03618
    0.04029
   -0.09511
   -0.03631
    0.00775
    0.01885
   -0.02965
   -0.04013
    0.01984
    0.00177
   -0.07687
   -0.00609
    0.03121
    0.02922
    0.01333
   -0.10543
    0.00441
    0.02879
   -0.05000
   -0.02391
    0.01098
   -0.01412
   -0.00595
   -0.08879
    0.05575
   -0.00883
   -0.04861
   -0.02677
    0.03618
   -0.00129
   -0.03135
   -0.08511
    0.05217
    0.02457
   -0.04930
   -0.04594
    0.01873
   -0.01927
   -0.00356
   -0.04776
    0.04999
   -0.02133
   -0.03149
   -0.05446
    0.05974
   -0.00556
   -0.00780
   -0.09662
    0.04933
    0.02388
   -0.04332
   -0.06357
    0.02688
   -0.03291
   -0.00860
   -0.05971
    0.05716
   -0.00447
   -0.05278
   -0.05795
    0.04687
    0.00408
   -0.02636
   -0.04122
    0.02514
   -0.04871
    0.00443
   -0.00930
    0.06270
    0.00358
   -0.06482
    0.00152
    0.03631
    0.01006
   -0.05314
   -0.03677
    0.02863
    0.00293
    0.00860
   -0.07637
    0.02749
    0.01888
   -0.04668
   -0.03689
    0.02149
   -0.02178
    0.00392
   -0.05325
    0.03583
   -0.01386
   -0.04620
    0.00505
    0.02819
   -0.00251
   -0.00925
   -0.08413
    0.03913
    0.00777
   -0.02852
   -0.02123
    0.01586
   -0.01390
   -0.00566
   -0.05149
    0.03527
   -0.01702
   -0.02058
   -0.04848
    0.04328
   -0.00106
   -0.02302
   -0.07600
    0.04048
    0.00823
   -0.02627
   -0.03289
    0.01734
   -0.02017
   -0.00405
   -0.04925
    0.03116
   -0.00028
   -0.04904
   -0.01751
    0.02576
    0.01728
   -0.02776
   -0.04487
    0.01458
    0.02030
   -0.05120
   -0.01904
    0.00897
    0.00540
   -0.01138
   -0.04290
    0.01812
    0.00024
   -0.04672
   -0.01890
    0.02651
    0.01402
    0.00113
   -0.10756
    0.03230
    0.00877
   -0.02507
   -0.02974
    0.01703
   -0.01845
   -0.00093
   -0.05410
    0.04038
   -0.02232
   -0.03327
   -0.02467
    0.04752
   -0.01404
   -0.01826
   -0.07121
    0.05508
    0.00502
   -0.03069
   -0.00452
    0.01296
   -0.01813
    0.00388
   -0.03821
    0.04260
   -0.02853
   -0.00847
   -0.02918
    0.05168
   -0.02080
    0.00408
   -0.06349
    0.04982
    0.01125
   -0.01711
   -0.06067
    0.03540
   -0.02049
   -0.01518
   -0.05089
    0.04693
   -0.01166
   -0.03201
   -0.03002
    0.03686
    0.04395
    0.04345
   -0.01994
   -0.07329
   -0.00116
   -0.02386
   -0.02876
    0.02977
   -0.00762
    0.00222
   -0.02333
    0.01911
    0.01228
   -0.04067
   -0.03281
    0.02219
   -0.00145
    0.02503
   -0.09722
    0.04111
    0.00296
   -0.01592
   -0.02175
    0.01502
   -0.01539
   -0.01764
   -0.06819
    0.04799
    0.00354
   -0.09212
   -0.03558
    0.05308
   -0.01788
   -0.03728
   -0.12436
    0.06967
    0.01852
   -0.04574
   -0.00995
    0.01496
   -0.01064
   -0.00092
   -0.07455
    0.03919
   -0.05073
    0.02515
   -0.04420
    0.04823
   -0.04754
   -0.01444
   -0.09783
    0.07910
    0.01525
   -0.04535
   -0.04500
    0.02313
   -0.02379
   -0.02399
   -0.06392
    0.04327
    0.01496
   -0.07071
   -0.05693
    0.03366
   -0.01233
   -0.00753
   -0.03863
    0.02326
    0.04521
   -0.09641
   -0.03721
    0.00087
   -0.00175
   -0.00545
   -0.03303
    0.01850
    0.03193
   -0.07471
   -0.05184
    0.02924
   -0.00739
    0.00092
   -0.12665
    0.05440
    0.05186
   -0.05617
   -0.03825
    0.00649
    0.00316
   -0.03222
   -0.10488
    0.05351
   -0.00180
   -0.05021
   -0.05682
    0.04870
   -0.02249
   -0.02790
   -0.12551
    0.07637
    0.03359
   -0.03520
   -0.04684
    0.00579
   -0.01738
    0.02130
   -0.06983
    0.04433
   -0.01971
    0.00023
   -0.06857
    0.05334
   -0.08311
   -0.01644
   -0.13120
    0.09611
    0.02939
   -0.03028
   -0.06874
    0.01631
   -0.00591
   -0.03464
   -0.06326
    0.04302
   -0.00010
   -0.05403
   -0.07508
    0.05000
   -0.02683
    0.00490
   -0.04537
    0.03515
    0.02283
   -0.04875
   -0.05007
    0.01126
   -0.01369
   -0.01708
   -0.02958
    0.03682
    0.01678
   -0.05850
   -0.05819
    0.03611
   -0.01583
    0.02522
   -0.12594
    0.05858
    0.02654
   -0.04171
   -0.04185
    0.01712
   -0.01306
   -0.00132
   -0.05956
    0.03301
   -0.00804
   -0.04280
   -0.01372
    0.02947
   -0.01233
   -0.00442
   -0.09053
    0.04437
    0.01331
   -0.03710
   -0.01895
    0.01627
   -0.01406
    0.00652
   -0.06589
    0.03755
   -0.01555
   -0.02057
   -0.04178
    0.03921
   -0.02500
   -0.02424
   -0.09395
    0.05964
    0.01567
   -0.04067
   -0.02756
    0.01376
   -0.02249
   -0.01132
   -0.07406
    0.04368
    0.00771
   -0.04692
   -0.04385
    0.02124
    0.01490
   -0.00633
   -0.05050
    0.00256
   -0.00148
   -0.04126
   -0.01199
    0.02916
    0.00734
   -0.03153
   -0.04293
    0.03007
    0.02034
   -0.05621
   -0.02640
    0.01412
    0.01075
    0.01057
   -0.13801
    0.04115
    0.02423
   -0.03519
   -0.03168
    0.01256
   -0.02982
   -0.00622
   -0.05166
    0.04843
   -0.02308
   -0.04827
   -0.01110
    0.04224
   -0.03746
    0.00415
   -0.05562
    0.06817
    0.01204
   -0.04866
   -0.00509
    0.01086
   -0.01681
    0.00049
   -0.03677
    0.03942
   -0.02851
   -0.02650
   -0.02269
    0.05598
   -0.01959
   -0.00016
   -0.06247
    0.05432
    0.01060
   -0.03125
   -0.02914
    0.02003
   -0.03622
   -0.01456
   -0.03067
    0.05565
   -0.01082
   -0.06167
   -0.03073
    0.04335
    0.01518
    0.00898
   -0.01002
   -0.01950
    0.01951
   -0.05375
   -0.03951
    0.01676
   -0.01564
    0.00447
   -0.01187
    0.01848
    0.00693
   -0.06450
   -0.02451
    0.03492
   -0.01652
    0.02270
   -0.07957
    0.05647
    0.02397
   -0.03991
   -0.02359
    0.00828
   -0.02029
   -0.02735
   -0.08144
    0.05644
   -0.00109
   -0.07731
   -0.02362
    0.03961
   -0.02375
   -0.05649
   -0.12364
    0.07956
    0.02930
   -0.07389
   -0.01853
    0.01716
   -0.01404
   -0.02411
   -0.05635
    0.04066
   -0.03464
   -0.01610
   -0.05827
    0.06039
   -0.03196
   -0.03560
   -0.10370
    0.07756
    0.02728
   -0.06804
   -0.04646
    0.01854
   -0.02787
   -0.04001
   -0.04985
    0.04441
   -0.01953
   -0.04742
   -0.03501
    0.04494
   -0.01744
   -0.03318
   -0.07005
    0.04818
    0.05117
   -0.09491
   -0.04278
   -0.00971
    0.00821
   -0.02761
   -0.03543
    0.02198
    0.02431
   -0.09507
   -0.04064
    0.03117
   -0.00989
   -0.02058
   -0.11455
    0.06079
    0.05389
   -0.08492
   -0.03472
    0.00865
   -0.00486
   -0.02800
   -0.07558
    0.05102
   -0.01333
   -0.06294
   -0.02373
    0.04302
   -0.00305
   -0.02778
   -0.09171
    0.06527
    0.03941
   -0.06312
   -0.03313
   -0.00157
   -0.02051
   -0.00382
   -0.04164
    0.04561
   -0.00562
   -0.03268
   -0.07073
    0.04959
   -0.01550
   -0.01252
   -0.09052
    0.05879
    0.03184
   -0.06468
   -0.04480
    0.01012
   -0.02378
   -0.01863
   -0.04216
    0.04516
   -0.00343
   -0.06971
   -0.05185
    0.04606
   -0.01942
   -0.03000
    0.04540
    0.00140
    0.01505
   -0.05770
   -0.04280
    0.02487
   -0.06314
   -0.00554
    0.02909
    0.04683
    0.01114
   -0.09701
   -0.04656
    0.04746
   -0.02211
    0.02838
   -0.12433
    0.06809
    0.03249
   -0.06225
   -0.03407
    0.01087
   -0.00707
    0.00854
   -0.15122
    0.05657
   -0.02476
   -0.00992
    0.00533
    0.02727
   -0.01109
   -0.00749
   -0.10459
    0.04810
    0.01529
   -0.03467
   -0.04215
    0.02031
   -0.00693
   -0.02627
   -0.07057
    0.04288
   -0.01994
   -0.03016
   -0.07445
    0.06433
   -0.02217
   -0.02554
   -0.06409
    0.05756
    0.00805
   -0.03679
   -0.05800
    0.03207
   -0.01526
   -0.02798
   -0.10898
    0.04963
   -0.00571
   -0.04909
   -0.02753
    0.03224
    0.00803
   -0.00606
   -0.05649
    0.01292
    0.01322
   -0.05130
   -0.02271
    0.01515
   -0.00190
   -0.00422
   -0.06252
    0.02920
    0.01746
   -0.08337
   -0.03920
    0.03099
    0.01209
    0.00328
   -0.13534
    0.04305
    0.02085
   -0.03656
   -0.04340
    0.01850
   -0.00863
   -0.00159
   -0.06371
    0.03499
   -0.02341
   -0.01768
   -0.01802
    0.03667
    0.00670
    0.01219
   -0.07891
    0.02113
   -0.00468
   -0.01607
   -0.01565
    0.01769
    0.00862
    0.00209
   -0.07080
    0.05952
   -0.01284
    0.01450
   -0.03187
    0.02805
   -0.00675
    0.01319
   -0.05559
    0.02828
    0.01962
    0.00477
   -0.05837
    0.03254
   -0.01807
    0.00528
   -0.05191
    0.03968
   -0.01166
   -0.03432
   -0.02620
    0.03596
    0.02332
    0.01559
   -0.03866
   -0.02347
    0.00808
   -0.03217
   -0.02860
    0.02014
   -0.00886
    0.00922
   -0.03635
    0.02236
   -0.00044
   -0.03354
   -0.02377
    0.03193
   -0.00747
    0.02238
   -0.08501
    0.03848
    0.00250
   -0.01265
   -0.01858
    0.01304
   -0.01049
   -0.02015
   -0.08038
    0.04769
    0.00262
   -0.05897
   -0.04304
    0.03833
   -0.01228
   -0.02698
   -0.13164
    0.06454
    0.03066
   -0.06869
   -0.00078
    0.01299
   -0.00299
   -0.03554
   -0.08614
    0.04685
   -0.02773
   -0.01539
   -0.05863
    0.04705
   -0.01079
   -0.01386
   -0.12812
    0.05883
    0.03578
   -0.07179
   -0.05554
    0.02024
   -0.01258
   -0.02795
   -0.06291
    0.03505
    0.01548
   -0.07544
   -0.05410
    0.03398
   -0.00882
   -0.02512
   -0.06637
    0.03861
    0.04699
   -0.08948
   -0.04506
    0.00868
    0.01365
   -0.01406
   -0.04473
    0.01643
    0.03642
   -0.06856
   -0.03924
    0.01560
    0.01468
   -0.01726
   -0.11903
    0.03999
    0.06392
   -0.08813
   -0.02448
    0.00489
    0.00334
   -0.01336
   -0.08819
    0.04334
    0.00123
   -0.02672
   -0.05455
    0.03344
    0.01697
   -0.01827
   -0.09998
    0.03629
    0.02937
   -0.03960
   -0.04666
    0.01499
   -0.00416
   -0.00616
   -0.05576
    0.04038
   -0.01403
   -0.01722
   -0.05470
    0.04605
   -0.00664
   -0.03005
   -0.08174
    0.05756
    0.02862
   -0.04587
   -0.05760
    0.02149
   -0.02188
   -0.00699
   -0.06858
    0.04869
    0.00005
   -0.03579
   -0.06572
    0.04039
   -0.00812
   -0.02121
   -0.05005
    0.04202
    0.02791
   -0.04558
   -0.05504
    0.01705
    0.01695
   -0.07472
   -0.01008
    0.04493
    0.01074
   -0.05593
   -0.03170
    0.03053
   -0.00323
    0.01119
   -0.10441
    0.04456
    0.03030
   -0.03679
   -0.04119
    0.01250
   -0.00472
   -0.00689
   -0.05058
    0.02381
   -0.00626
   -0.06125
   -0.01269
    0.03439
   -0.00171
   -0.00839
   -0.09175
    0.04176
    0.01507
   -0.03610
   -0.00696
    0.00677
   -0.00975
    0.00198
   -0.06521
    0.03468
   -0.01598
   -0.00098
   -0.05578
    0.03611
   -0.01310
   -0.01240
   -0.07417
    0.04473
    0.01900
   -0.03212
   -0.01749
    0.00228
   -0.01294
   -0.00681
   -0.05946
    0.02954
   -0.00253
   -0.05151
   -0.02565
    0.03027
    0.00833
   -0.02361
   -0.03764
    0.02092
    0.02197
   -0.04486
   -0.02901
    0.00631
    0.00410
   -0.01114
   -0.05651
    0.02481
    0.01065
   -0.04962
   -0.02236
    0.01928
    0.00900
   -0.00125
   -0.10499
    0.03938
    0.02494
   -0.04937
   -0.02589
    0.01238
