IntronPotTab 1 1024 0.49704
   -0.00202
   -0.04206
    0.03541
   -0.00663
    0.03926
   -0.05922
    0.04102
   -0.04596
    0.01075
    0.00446
    0.03976
   -0.05356
    0.01174
   -0.05835
    0.01645
    0.00891
   -0.00317
   -0.03376
    0.02621
    0.00411
    0.05241
   -0.04015
    0.01836
   -0.06864
    0.02575
    0.01827
    0.00440
   -0.05671
    0.06051
   -0.02089
   -0.07062
    0.01876
    0.01459
   -0.06122
    0.01935
   -0.00919
    0.06401
   -0.09975
    0.03681
   -0.05606
    0.01639
   -0.00234
   -0.00969
   -0.01796
   -0.01412
   -0.01923
    0.06770
   -0.02808
   -0.01737
    0.05108
    0.01572
   -0.01892
    0.04851
   -0.03777
   -0.00132
   -0.03288
    0.04231
    0.02445
    0.00220
   -0.08599
    0.02121
    0.00237
   -0.06349
    0.02249
   -0.00005
    0.01683
   -0.00873
   -0.00566
    0.03399
   -0.02799
   -0.06347
    0.01510
   -0.01541
    0.01173
    0.01189
    0.00161
    0.01022
   -0.02441
    0.02911
   -0.00600
   -0.00475
   -0.00520
    0.02464
   -0.01080
    0.01483
   -0.00803
   -0.00222
   -0.01210
    0.05216
   -0.07505
    0.04948
   -0.07174
    0.05898
   -0.00655
   -0.07705
    0.02169
   -0.00099
   -0.06955
    0.00858
    0.03012
    0.00952
   -0.01703
    0.07103
   -0.04854
    0.01724
   -0.02060
    0.06399
   -0.05648
   -0.02444
   -0.03764
   -0.01915
    0.05052
    0.18348
   -0.11646
   -0.05745
   -0.12472
    0.01451
   -0.04082
    0.00819
    0.01164
    0.06900
   -0.01769
   -0.02578
   -0.03810
    0.02557
    0.00074
   -0.05799
    0.02123
    0.01541
   -0.04462
    0.02231
   -0.02430
    0.02861
   -0.06927
    0.02239
   -0.00787
    0.01164
   -0.05274
    0.02772
   -0.00104
    0.03796
   -0.06756
    0.03536
   -0.03023
    0.02206
   -0.04387
    0.04418
   -0.04491
    0.00681
   -0.07846
    0.06511
   -0.01615
    0.00633
   -0.05866
    0.03015
   -0.00194
    0.06290
   -0.02426
    0.00893
   -0.02176
   -0.00981
   -0.00093
    0.01323
    0.00197
    0.02713
   -0.07009
    0.05326
   -0.01985
    0.00726
    0.05797
    0.00320
   -0.06965
    0.00521
   -0.07111
    0.04671
   -0.01696
   -0.02095
    0.04750
   -0.05326
    0.01157
    0.00223
   -0.05443
    0.05111
    0.00104
    0.05430
   -0.03323
   -0.01261
   -0.03282
    0.09126
   -0.04059
   -0.04958
    0.00766
   -0.00322
    0.00503
   -0.01553
    0.01011
   -0.01061
   -0.10663
   -0.04087
    0.08311
    0.01730
   -0.01507
   -0.03425
    0.00774
   -0.01872
   -0.01645
    0.02275
    0.01210
    0.00228
   -0.02043
    0.04737
   -0.02108
    0.01555
    0.01673
    0.03055
   -0.05140
    0.03134
    0.00367
    0.02022
   -0.06332
    0.02716
   -0.02003
   -0.02066
    0.01090
   -0.00322
   -0.05294
   -0.00957
    0.03057
    0.04093
   -0.06462
    0.02492
   -0.01665
    0.02581
   -0.03691
    0.02886
   -0.02596
    0.00125
   -0.06401
    0.01791
    0.02088
   -0.01027
    0.03011
    0.01095
   -0.01230
    0.05825
   -0.07811
    0.02418
   -0.02527
    0.03621
   -0.03438
    0.00940
   -0.02435
    0.02694
   -0.05069
   -0.00981
    0.02042
   -0.00276
   -0.01145
   -0.00731
    0.01607
    0.04259
   -0.03316
   -0.02486
   -0.02548
   -0.00110
    0.02669
   -0.00635
   -0.01721
   -0.01837
   -0.00541
   -0.01196
    0.02525
    0.01336
   -0.02543
    0.03694
   -0.02799
    0.01732
   -0.06404
    0.04302
   -0.01667
   -0.01716
    0.04715
    0.02487
   -0.03516
    0.00149
   -0.04446
    0.01620
    0.01313
    0.00550
   -0.00377
    0.01741
   -0.01704
    0.07318
   -0.08173
   -0.00445
   -0.06419
    0.01916
    0.00266
    0.00053
   -0.03155
   -0.04053
    0.00506
    0.01650
    0.01635
   -0.02599
    0.05641
   -0.04921
    0.00389
    0.01135
   -0.01236
    0.05848
   -0.03723
    0.03978
   -0.02554
    0.01142
   -0.03455
    0.00679
   -0.03596
   -0.05972
    0.04457
    0.01060
   -0.02543
   -0.03348
    0.02858
    0.05557
   -0.02534
   -0.02623
   -0.03605
   -0.00806
    0.03028
   -0.00426
   -0.01595
   -0.03198
   -0.00147
   -0.03435
    0.03814
   -0.03543
    0.04132
    0.05324
   -0.03391
   -0.03643
    0.05733
    0.02949
   -0.01916
   -0.02341
   -0.01458
    0.03295
   -0.00092
    0.02741
    0.01995
   -0.07420
    0.01655
    0.00562
    0.00562
    0.00933
   -0.01692
    0.06420
   -0.03809
   -0.00963
   -0.04263
   -0.02153
   -0.04163
    0.10651
   -0.02315
   -0.04238
   -0.01439
    0.04120
    0.00965
   -0.04525
    0.11396
   -0.05245
   -0.01276
    0.05474
   -0.04917
    0.01226
   -0.02656
    0.05946
    0.01263
   -0.02333
   -0.06554
   -0.03043
    0.00815
   -0.02724
    0.02558
    0.02049
   -0.04188
   -0.00290
   -0.00118
   -0.02822
   -0.07947
    0.09877
    0.00438
    0.02264
   -0.06504
    0.00866
    0.00990
    0.00678
   -0.04816
    0.02632
    0.00408
    0.03264
   -0.07685
    0.06233
   -0.04236
   -0.03330
    0.05926
    0.06537
   -0.06781
   -0.00865
   -0.04646
    0.06056
   -0.01934
   -0.00432
   -0.04632
    0.01973
    0.01443
   -0.01261
   -0.03108
    0.05055
   -0.00678
    0.00672
   -0.04975
    0.04488
   -0.00221
   -0.04904
    0.05479
    0.07154
   -0.05479
   -0.01961
   -0.00947
   -0.02628
    0.04781
   -0.05977
    0.02055
   -0.07141
    0.06308
   -0.00785
   -0.07491
    0.07121
    0.00269
   -0.04292
   -0.01604
    0.09431
   -0.02774
   -0.00914
   -0.03226
   -0.01175
    0.02948
   -0.12642
    0.28723
   -0.09529
   -0.05235
    0.04490
   -0.08106
    0.01887
   -0.01155
    0.03174
   -0.10819
    0.01971
    0.01913
   -0.02861
    0.00382
    0.01931
    0.00646
    0.02458
   -0.00294
    0.01863
   -0.04154
    0.05349
    0.02420
   -0.01435
   -0.06890
   -0.03886
   -0.01938
    0.04784
    0.01437
    0.03457
   -0.02904
   -0.00623
    0.00349
   -0.00304
   -0.05681
    0.00595
    0.02348
    0.03310
   -0.01398
    0.00442
   -0.02592
    0.01486
   -0.04306
   -0.01964
    0.02082
   -0.03210
   -0.02890
   -0.02655
    0.05040
   -0.01133
    0.01054
   -0.08008
    0.03582
    0.02781
   -0.00010
    0.01094
   -0.03039
    0.01937
   -0.00270
    0.00460
   -0.02631
    0.01702
   -0.05798
    0.00030
    0.02477
    0.02270
   -0.02505
   -0.00071
   -0.01869
    0.04498
   -0.10469
    0.05616
   -0.02555
    0.03674
   -0.05652
    0.05521
   -0.07407
   -0.03044
   -0.03964
    0.04563
    0.01640
   -0.00589
   -0.00651
    0.06296
   -0.03782
   -0.00503
   -0.00385
    0.03866
   -0.01846
    0.02880
   -0.00271
   -0.00376
   -0.04813
    0.10004
   -0.04106
   -0.00903
   -0.02762
   -0.00231
   -0.04023
    0.03132
   -0.00028
    0.04762
   -0.03945
   -0.00773
   -0.03820
    0.05262
   -0.01839
   -0.01300
   -0.08547
   -0.03319
   -0.00074
    0.07712
   -0.03170
    0.02083
    0.02648
   -0.02701
   -0.02406
    0.05482
   -0.05522
    0.03589
   -0.04618
    0.06350
   -0.05144
    0.01420
   -0.08670
    0.06174
   -0.01632
   -0.02120
   -0.01564
   -0.01788
    0.02696
   -0.00065
    0.00428
    0.08277
   -0.07391
    0.00424
   -0.05655
   -0.01701
    0.04236
    0.03342
   -0.05621
    0.01369
   -0.05381
    0.03014
    0.01272
   -0.02311
    0.06033
    0.03386
   -0.04290
   -0.03985
    0.05392
    0.04261
   -0.02879
    0.03822
    0.02989
   -0.00955
   -0.07445
    0.00860
    0.03031
   -0.00456
   -0.02412
    0.04921
   -0.06964
   -0.04720
    0.01338
    0.03210
   -0.09081
    0.01944
    0.01658
   -0.01339
   -0.01980
    0.02509
    0.01787
    0.00413
    0.00184
   -0.02360
    0.01245
    0.04333
    0.01943
   -0.00304
   -0.05412
    0.01114
    0.01849
    0.02363
   -0.03964
    0.03586
   -0.01646
    0.03326
   -0.05862
    0.03352
   -0.01658
   -0.09347
    0.03989
    0.04495
   -0.06930
    0.01445
   -0.05402
    0.03712
   -0.09169
    0.02484
   -0.00464
    0.01527
    0.00776
    0.03662
   -0.08472
    0.03624
   -0.05600
    0.02833
   -0.02422
   -0.01264
   -0.00463
    0.06338
   -0.04205
    0.03964
   -0.08876
    0.08780
   -0.09249
   -0.03746
    0.01326
    0.07252
   -0.06760
    0.03441
    0.00345
   -0.02041
   -0.00291
    0.01241
   -0.09997
    0.05135
   -0.01814
    0.05047
   -0.09634
    0.04364
   -0.02487
    0.02862
    0.00067
    0.10167
   -0.16291
   -0.01294
   -0.05487
    0.03252
    0.01472
    0.00167
   -0.01463
    0.05250
   -0.02318
    0.01448
   -0.03629
    0.09455
   -0.05648
    0.01925
    0.06751
    0.00110
   -0.09985
    0.04847
   -0.00582
   -0.11932
    0.05901
   -0.00702
   -0.01094
   -0.01216
    0.02090
   -0.00550
   -0.09569
    0.02446
    0.03999
    0.04171
   -0.05967
    0.00189
   -0.01106
    0.02577
   -0.05850
    0.02534
   -0.00184
    0.00970
   -0.03605
    0.08680
   -0.04936
    0.02431
   -0.02082
   -0.00710
   -0.01681
   -0.02285
    0.04133
    0.02243
   -0.01625
    0.02968
   -0.02598
    0.01381
   -0.00943
    0.04888
   -0.09386
    0.02526
   -0.03791
    0.03484
   -0.08588
    0.03240
   -0.00199
   -0.01564
   -0.00248
    0.03556
    0.00013
   -0.04278
   -0.02757
    0.00704
    0.03905
   -0.01365
    0.09829
   -0.05220
   -0.02136
    0.01482
   -0.01283
   -0.01187
   -0.00056
    0.00635
    0.02570
    0.02175
   -0.04987
    0.01386
   -0.03260
   -0.00041
    0.01468
   -0.01409
   -0.00854
    0.05897
   -0.02771
    0.09413
   -0.11883
   -0.04223
   -0.04406
   -0.01680
   -0.04225
    0.06467
   -0.00196
    0.00154
   -0.05595
    0.04257
   -0.00412
   -0.00897
   -0.01040
    0.03467
   -0.00834
   -0.00163
   -0.01945
    0.03560
   -0.01177
    0.01502
   -0.02613
    0.00819
   -0.00910
    0.21756
   -0.17447
   -0.05231
   -0.06286
   -0.00818
   -0.02924
    0.04754
   -0.00986
    0.04821
   -0.05333
    0.02594
   -0.05552
    0.00602
   -0.06428
    0.02635
    0.02039
   -0.02524
   -0.10202
    0.05063
    0.02882
   -0.02479
    0.03914
    0.01244
   -0.00541
    0.05077
   -0.11070
    0.04681
   -0.01764
    0.05365
   -0.03451
    0.00712
   -0.04396
   -0.02800
   -0.05184
    0.04412
    0.01755
   -0.00703
    0.02150
    0.00276
   -0.01114
    0.05770
   -0.08089
    0.02472
   -0.01330
   -0.00416
   -0.02529
    0.01080
    0.02238
    0.01623
   -0.04752
    0.01126
    0.02796
   -0.02824
   -0.01450
    0.06482
   -0.01076
   -0.02101
    0.05722
    0.02588
   -0.04027
    0.00185
    0.04234
   -0.02236
   -0.01375
    0.06810
    0.01798
   -0.03355
   -0.02294
    0.01956
    0.00008
   -0.01328
   -0.01249
   -0.00865
   -0.00861
    0.07287
   -0.02174
    0.02188
   -0.04683
    0.06888
   -0.02988
   -0.09641
   -0.00761
    0.04485
    0.03703
    0.00124
    0.02710
    0.05022
   -0.04593
    0.04054
   -0.04004
    0.01274
   -0.01089
    0.02883
    0.01314
    0.01859
   -0.06526
    0.02017
    0.00324
   -0.04996
    0.01578
    0.02695
   -0.04427
   -0.00095
   -0.01071
    0.03750
   -0.10519
    0.01682
    0.00455
    0.00097
   -0.01841
    0.01795
   -0.00379
    0.02719
   -0.14319
    0.03584
    0.02285
   -0.00891
   -0.01442
    0.03614
   -0.01052
   -0.00050
    0.05406
    0.02238
   -0.05463
   -0.02290
   -0.07122
    0.01539
    0.05219
    0.05353
   -0.08813
   -0.01633
    0.02784
    0.02549
   -0.08603
    0.00360
    0.00257
    0.03790
   -0.07845
    0.06775
   -0.03004
   -0.02102
    0.03770
    0.02965
   -0.03188
   -0.03896
   -0.07294
    0.05140
    0.01727
   -0.01699
    0.01856
   -0.01616
    0.01082
    0.04746
   -0.06720
   -0.00845
   -0.00357
    0.02228
   -0.03094
   -0.03823
    0.03210
    0.03145
   -0.06345
   -0.02395
    0.03836
   -0.01694
   -0.00396
    0.01513
    0.01167
    0.01230
   -0.06191
   -0.10749
    0.06708
   -0.03229
   -0.02149
    0.07492
    0.00348
    0.04941
   -0.07261
    0.01468
    0.00155
   -0.01286
   -0.03056
    0.03772
    0.00843
   -0.03572
    0.01782
    0.04092
    0.00511
   -0.00781
    0.02087
    0.01702
   -0.01981
    0.06812
   -0.05054
    0.01476
   -0.01124
    0.01003
   -0.02300
   -0.00184
    0.00003
    0.00626
   -0.00149
    0.03388
   -0.01917
   -0.01375
   -0.04072
    0.06067
    0.01256
   -0.06605
   -0.02927
   -0.00417
    0.05507
   -0.00274
    0.01833
   -0.04381
    0.01056
    0.02465
   -0.02457
    0.05331
   -0.02999
    0.00743
   -0.01431
    0.02179
   -0.01608
    0.02171
   -0.07912
   -0.03034
    0.04404
