10 4 3 1 47 -1.3280 1.3314 2.5865 1798
  0.02412  -0.02770   0.01100  -0.01460 
  0.02563  -0.03676   0.05815  -0.04664 
  0.05270  -0.01883   0.05064  -0.08809 
  0.08482  -0.07216   0.00019  -0.05297 
  0.02488  -0.06373   0.06027  -0.02989 
  0.00238   0.00437   0.04078  -0.03511 
  0.04627  -0.02261   0.03296  -0.06126 
  0.03608  -0.04735   0.08397  -0.07543 
  0.01879  -0.02261   0.09093  -0.07832 
  0.01338   0.00792   0.04078  -0.05024 
  0.01571  -0.01633   0.08994  -0.07832 
  0.03312   0.00674   0.03521  -0.06876 
  0.03238   0.01145  -0.01844  -0.03075 
  0.00555  -0.06234   0.07587  -0.02218 
  0.00158  -0.00769   0.08497  -0.06312 
  0.03901  -0.03415   0.01571  -0.03075 
  0.01571  -0.01137   0.07791  -0.07065 
  0.03975  -0.01384   0.05921  -0.08220 
  0.02412  -0.05274   0.05280  -0.02989 
 -0.01138  -0.04468   0.12415  -0.05940 
  0.04555  -0.00041   0.05495  -0.09708 
  0.00792   0.00792   0.02038  -0.02816 
  0.02639  -0.04070   0.09486  -0.07832 
  0.04338   0.00079   0.04738  -0.08809 
  0.04120  -0.02261  -0.01214  -0.02133 
 -0.00974  -0.02643   0.08796  -0.03951 
 -0.01303  -0.01633   0.09093  -0.04574 
  0.01416  -0.03027   0.02270  -0.01044 
 -0.01801  -0.00769   0.06762  -0.02644 
  0.05553  -0.00404   0.05495  -0.10833 
  0.01648  -0.01883   0.06970  -0.05848 
  0.00792  -0.04601   0.11305  -0.06970 
  0.03312  -0.02643   0.07382  -0.07735 
  0.04411  -0.04601   0.03745  -0.04574 
  0.03608  -0.04735   0.06553  -0.05848 
  0.03755  -0.04869   0.10165  -0.09406 
  0.02939   0.00437   0.05921  -0.08318 
  0.05128  -0.10914   0.07485  -0.04664 
  0.04048  -0.02135   0.05921  -0.07735 
  0.02714   0.02299   0.00623  -0.05115 
  0.01261  -0.02643   0.08296  -0.06033 
  0.04193   0.00674   0.05709  -0.10012 
  0.02108   0.01841   0.02385  -0.05388 
  0.01183  -0.04735   0.06762  -0.03162 
  0.04555  -0.00769   0.04409  -0.08123 
  0.04771   0.01610  -0.01844  -0.05297 
  0.05553  -0.05410   0.05387  -0.06876 
  0.10603  -0.02643   0.07280  -0.19392 
  0.11962  -0.04202   0.00382  -0.13283 
  0.00158  -0.14119   0.27088  -0.21591 
 -1.03268  -3.25503   0.68987  -3.25503 
 -3.25503  -1.09276  -3.25503   0.51695 
  0.12745  -0.16511   0.09681  -0.15302 
  0.15521  -0.04070  -0.05968  -0.14731 
 -0.06188  -0.17399   0.33893  -0.24329 
 -0.09447  -0.10914  -0.03395   0.14496 
  0.11657  -0.10607   0.03745  -0.11040 
  0.00713  -0.00769  -0.03002   0.01679 
  0.04193  -0.08804   0.06239  -0.03686 
  0.03681  -0.04735   0.08296  -0.07543 
  0.02108  -0.00891   0.05280  -0.05663 
  0.01802  -0.02388   0.05921  -0.04753 
  0.03608  -0.06234   0.07177  -0.05388 
  0.07212  -0.05274   0.01218  -0.05755 
  0.01261  -0.03546   0.08196  -0.05297 
  0.07212  -0.06373   0.02957  -0.06405 
  0.04986  -0.07643  -0.03132   0.01368 
  0.03163  -0.11069   0.07791  -0.02473 
 -0.00002  -0.04070   0.09486  -0.04664 
  0.03608  -0.02388  -0.01089  -0.01543 
 -0.01551  -0.05003   0.09486  -0.02388 
  0.03460  -0.01633   0.05921  -0.07351 
  0.03901  -0.01633   0.00019  -0.03162 
  0.03681  -0.09248   0.08296  -0.04574 
  0.03386  -0.01883   0.06658  -0.07735 
  0.03386  -0.03156  -0.00103  -0.01460 
  0.03534  -0.09847   0.06133  -0.02218 
  0.05199  -0.02770   0.04519  -0.07543 
  0.04193  -0.05003  -0.00225  -0.01127 
  0.01571  -0.06652   0.06970  -0.02559 
  0.05834  -0.05683   0.03070  -0.05115 
  0.04843  -0.04601   0.04189  -0.05480 
  0.02789  -0.04070   0.06658  -0.05388 
  0.05553  -0.07931   0.06133  -0.05848 
  0.03828  -0.01633   0.02038  -0.04574 
  0.01955  -0.03807   0.05602  -0.03686 
  0.05412  -0.04202   0.08095  -0.10114 
  0.03534   0.00318  -0.01089  -0.03336 
  0.03089  -0.02770   0.09191  -0.09107 
  0.04411  -0.01758   0.06133  -0.08710 
  0.06113  -0.05546   0.00261  -0.03423 
  0.02260  -0.07500   0.06658  -0.02559 
  0.02563  -0.01883   0.05602  -0.05755 
  0.06803  -0.02643  -0.02484  -0.04306 
  0.02412  -0.03938   0.06553  -0.04934 
  0.04193   0.00079   0.05280  -0.09107 
  0.05270   0.00199  -0.05414  -0.02473 
  0.03534  -0.07500   0.06344  -0.03774 
  0.03460   0.00318   0.05172  -0.08220 
