IntronPotTab 1 1024 -9.03067 2.51867 7.60112 4250 6 16  104.94
    0.04367
   -0.05076
   -0.31720
   -0.01700
    0.09275
   -0.16788
   -0.25489
   -0.00585
    0.02186
   -0.10193
   -0.13324
    0.04835
    0.10218
   -0.16037
   -0.43460
   -0.00094
    0.01818
    0.01694
   -0.19876
    0.02094
   -0.01324
    0.06413
   -0.18900
    0.02431
    0.10228
   -0.14633
   -0.15179
   -0.13783
    0.15681
   -0.17000
   -0.48860
    0.01789
    0.06182
   -0.25241
   -0.19298
    0.03278
    0.12292
   -0.13982
   -0.05271
   -0.11571
    0.07156
   -0.07161
    0.06017
   -0.06820
    0.06542
   -0.21023
   -0.17464
    0.04161
    0.02875
   -0.14743
   -0.17734
    0.03308
    0.12199
   -0.30320
   -0.21256
   -0.07878
    0.02376
   -0.12732
   -0.12905
    0.09337
    0.06589
   -0.24053
   -0.41076
    0.07225
    0.04175
   -0.14594
   -0.42820
    0.09863
    0.15421
   -0.20476
   -0.48537
   -0.05393
    0.00880
   -0.03572
   -0.02268
    0.02138
    0.21428
   -0.25837
   -0.37454
   -0.02312
   -0.00784
    0.08595
   -0.47603
    0.07041
   -0.01867
    0.11278
   -0.20334
   -0.03326
    0.04599
   -0.04076
   -0.04744
   -0.03624
    0.10698
   -0.10476
   -0.33601
    0.07824
    0.05947
   -0.07722
   -0.26217
    0.01493
    0.13127
   -0.03530
    0.11945
   -0.15789
    0.01022
    0.02774
    0.05716
   -0.03138
    0.02604
    0.00890
   -0.16826
    0.04654
    0.29352
   -0.39426
   -0.48227
   -0.18017
    0.12519
   -0.14325
   -0.28046
   -0.02106
   -0.00358
    0.04778
   -0.24426
    0.10636
    0.09604
   -0.31926
   -0.49860
    0.12010
    0.11205
   -0.24655
   -0.37583
   -0.01879
    0.16068
   -0.17321
   -0.30382
   -0.03012
    0.04901
   -0.06025
   -0.03228
   -0.01806
    0.16112
   -0.21761
   -0.42279
    0.02210
    0.03495
    0.02589
   -0.21518
    0.04346
    0.09018
   -0.10080
   -0.39193
   -0.07469
    0.03661
    0.22570
   -0.08560
   -0.20261
    0.15028
   -0.12141
   -0.27182
    0.02911
    0.01595
   -0.09467
   -0.20557
    0.06992
   -0.01415
   -0.46118
    0.31757
   -0.00810
    0.10155
   -0.18755
   -0.10646
    0.00868
   -0.01430
   -0.28682
   -0.21688
    0.14797
    0.04222
   -0.23779
   -0.13673
    0.05638
    0.06999
   -0.26555
   -0.37060
    0.08778
   -0.08914
   -0.17894
   -0.02512
    0.13705
    0.07743
   -0.40465
   -0.35224
    0.11429
   -0.04905
   -0.06077
   -0.49028
    0.08646
    0.02070
   -0.35116
   -0.42820
    0.16581
   -0.00429
   -0.06011
   -0.09157
    0.03909
    0.06940
   -0.20201
   -0.39296
    0.04321
    0.01452
   -0.09266
   -0.39253
    0.08857
   -0.01236
    0.02355
   -0.00770
    0.01547
    0.03923
   -0.08698
   -0.09655
    0.00479
    0.13478
   -0.01771
   -0.55125
    0.00623
   -0.04956
   -0.00018
   -0.33661
    0.08965
    0.13292
   -0.15725
   -0.01601
   -0.12613
   -0.03054
   -0.11861
   -0.06230
    0.06347
    0.06439
   -0.26094
   -0.05629
    0.01689
    0.11951
   -0.22812
   -0.38708
   -0.02998
    0.08526
   -0.21330
   -0.22609
   -0.00112
   -0.13466
   -0.07272
   -0.13986
    0.17701
    0.03985
   -0.22876
   -0.48327
    0.08679
    0.07094
   -0.10530
   -0.44055
    0.04237
    0.07173
   -0.06285
   -0.27686
   -0.07522
    0.03145
   -0.03992
   -0.07492
   -0.00231
    0.15428
   -0.08021
   -0.39908
   -0.04631
   -0.14708
    0.26238
   -0.17510
   -0.00760
   -0.04641
    0.26214
   -0.41371
   -0.03365
    0.01286
    0.39984
   -0.17724
   -0.18647
    0.04444
    0.10919
   -0.45462
    0.00545
    0.07109
   -0.04528
   -0.20545
    0.01425
    0.13455
   -0.22360
   -0.21319
   -0.17779
    0.15196
   -0.24474
    0.16526
   -0.09269
    0.07552
   -0.01016
   -0.22313
   -0.00187
    0.04918
   -0.09798
   -0.24048
    0.03808
    0.07960
   -0.08111
   -0.22321
   -0.08850
    0.04087
    0.02783
   -0.25330
    0.08484
    0.06465
   -0.08664
   -0.34885
    0.05781
    0.06978
   -0.02214
   -0.38289
    0.00187
    0.15117
   -0.12835
   -0.34444
   -0.05679
    0.00223
   -0.17223
   -0.11377
    0.11195
    0.17191
   -0.17208
   -0.29974
    0.00980
   -0.06986
    0.32586
   -0.43057
   -0.06238
   -0.07388
    0.16593
   -0.31645
   -0.01496
   -0.04684
   -0.13245
    0.09023
    0.03587
    0.05781
    0.05700
   -0.49757
    0.01435
   -0.01826
    0.17746
   -0.35179
    0.02723
    0.07190
    0.01075
    0.54857
   -0.13139
    0.21921
    0.03977
    0.10922
   -0.26096
    0.07600
   -0.14581
   -0.11753
    0.03800
   -0.02600
   -0.23377
   -0.31025
    0.11137
    0.07154
    0.06587
   -0.13180
   -0.08705
   -0.11474
   -0.04882
   -0.06554
    0.13575
    0.05213
   -0.23089
   -0.56130
    0.12380
    0.11515
   -0.19937
   -0.48294
    0.02760
    0.09577
   -0.12454
    0.08095
   -0.10084
    0.17473
   -0.31386
    0.03275
   -0.08715
    0.09713
    0.03601
   -0.41644
    0.03503
   -0.00931
    0.06257
   -0.13243
    0.03683
    0.08564
    0.07393
   -5.00000
   -0.14632
    0.11847
    0.23004
   -5.00000
   -0.12067
   -0.02586
    0.18241
   -0.18726
    0.02396
    0.00629
   -0.35937
   -0.05588
    0.06906
    0.04712
    0.02713
   -0.35354
   -0.00972
    0.26173
   -0.39790
    0.00264
   -0.12214
    0.04348
   -0.26317
   -0.12486
    0.08604
    0.01628
   -0.35842
   -0.23687
    0.12218
    0.05301
   -0.15265
   -0.07612
    0.01027
   -0.05923
   -0.17665
   -0.19788
    0.21142
   -0.03407
   -0.25617
   -0.36558
    0.17714
   -0.34371
    0.26259
   -0.61746
    0.22146
   -0.00506
   -0.05929
   -0.03026
    0.04673
   -0.12399
    0.00794
    0.04694
    0.08928
    0.09800
   -0.11632
   -0.26862
    0.00240
   -0.11166
    0.18508
   -0.33248
    0.08618
   -0.09884
    0.14682
   -0.28378
    0.14380
    0.01192
    0.35160
   -0.38834
   -0.10128
    0.03134
    0.19940
   -0.42782
    0.00808
    0.01877
    0.22958
   -0.41287
   -0.01906
    0.05939
    0.15994
   -0.62375
   -0.10428
   -0.03918
    0.13317
   -0.02868
   -0.00002
   -0.03746
    0.05669
   -0.13374
    0.04765
   -0.06726
   -0.08718
   -0.43573
    0.15545
    0.05869
   -0.00428
   -0.06749
   -0.06810
   -0.13890
   -0.02233
   -0.09881
    0.18150
   -0.03652
   -0.18216
   -0.39904
    0.12580
    0.07126
   -0.14846
   -0.37306
    0.03522
    0.16953
   -0.19456
   -0.11091
   -0.12526
   -0.01985
   -0.00053
   -0.00234
    0.04590
    0.17285
   -0.13724
   -0.21872
   -0.04180
    0.08403
    0.03517
   -0.23047
   -0.07636
   -0.00690
    0.03061
   -0.14437
    0.02687
    0.08640
    0.11554
   -0.25812
   -0.30595
    0.21523
   -0.13124
   -0.39447
   -0.05019
    0.06529
   -0.23384
    0.01634
   -0.03241
    0.16235
    0.04295
   -5.00000
   -0.19678
    0.12861
   -0.40688
    0.10426
   -0.12719
    0.06119
   -0.43804
    0.07266
    0.00741
    0.02186
   -0.17499
   -0.05922
    0.04374
    0.17642
   -0.30308
   -0.10143
   -0.14340
    0.02147
   -0.06014
   -0.06971
    0.04735
    0.18942
   -0.26894
   -0.26191
    0.01780
    0.01510
   -0.17036
   -0.34890
    0.11831
    0.20479
   -0.21687
   -0.15655
   -0.10633
   -0.06011
    0.02628
   -0.00083
    0.03257
    0.27015
   -0.22132
   -0.19608
   -0.06987
    0.03135
    0.09518
   -0.91936
    0.02242
    0.00398
    0.10171
   -5.00000
   -0.01029
   -0.01899
    0.10595
   -0.32385
    0.10784
   -0.00962
    0.03495
   -0.29241
    0.07230
    0.00961
   -0.09362
    0.07145
   -0.00487
   -0.02854
   -0.30122
    0.13791
    0.14293
   -0.01911
   -0.45598
    0.06657
    0.11591
    0.03626
   -0.78828
    0.21892
   -0.02274
    0.12185
   -0.27737
   -0.26634
   -0.00289
    0.17256
   -0.08951
   -0.19296
   -0.11944
   -0.04211
   -0.02703
   -0.24787
    0.16203
    0.16892
   -0.24082
   -0.30372
    0.08965
    0.13409
   -0.23407
   -0.29952
   -0.02482
    0.21960
   -0.20075
   -0.49873
   -0.06263
    0.06969
   -0.11134
   -0.03859
    0.00541
    0.14074
   -0.29418
   -0.28294
    0.08609
    0.05454
    0.03664
   -0.24748
    0.00963
    0.01432
    0.04529
   -0.36098
    0.02088
   -0.11318
   -0.35160
   -0.05108
    0.33148
    0.18109
    0.06759
   -0.27056
   -0.09411
    0.01854
   -0.10440
   -0.16042
    0.04655
    0.04953
   -0.30948
   -0.52339
    0.12006
    0.01387
    0.02641
   -0.05072
    0.01230
   -0.01222
   -0.34391
   -0.02444
    0.08916
   -0.04716
   -0.14901
   -0.12141
    0.12496
    0.06474
   -0.03464
   -0.30992
    0.00349
   -0.09829
   -0.11167
   -0.06005
    0.17200
    0.14011
   -0.25434
   -0.36757
    0.09442
    0.00958
   -0.17947
   -0.42068
    0.08084
    0.05446
   -0.29955
   -0.44877
    0.15585
   -0.07568
   -0.11936
   -0.25493
    0.12068
    0.16188
   -0.36185
   -0.28765
    0.02709
   -0.02242
   -0.02302
   -0.12219
    0.05815
   -0.10259
    0.25249
   -0.31986
    0.06466
   -0.10460
   -0.08422
   -0.06812
    0.14794
   -0.00339
    0.01535
   -0.21767
    0.04680
   -0.06581
   -0.14633
   -0.23073
    0.11229
    0.06411
   -0.08637
    0.38289
   -0.14208
    0.02084
   -0.05887
    0.09122
   -0.02675
   -0.01778
   -0.19832
    0.13311
   -0.04229
   -0.04508
   -0.18633
   -0.22572
    0.10333
    0.09337
   -0.29198
   -0.13188
   -0.00754
   -0.12453
   -0.19032
   -0.04243
    0.12830
    0.02685
   -0.33456
   -0.30034
    0.11276
    0.03723
   -0.07613
   -0.36024
    0.03288
    0.06147
   -0.04771
   -0.34021
   -0.01468
    0.04071
    0.04506
   -0.07773
   -0.03537
    0.08912
   -0.08072
   -0.49097
   -0.00002
   -0.02305
    0.06833
   -0.21461
    0.06914
    0.00857
    0.11259
   -0.36147
   -0.01966
    0.06475
    0.04475
    0.04280
   -0.19699
    0.26636
   -0.25863
   -0.59719
   -0.18852
   -0.03868
   -0.18691
   -0.25434
    0.14260
    0.07548
   -0.14980
   -0.04304
   -0.05486
    0.16323
   -0.24215
   -0.00366
   -0.07081
    0.06259
   -0.24286
   -0.26171
    0.05243
   -0.00886
   -0.00486
   -0.13236
    0.03853
    0.06358
   -0.07629
   -0.30959
    0.00379
   -0.03727
   -0.01377
   -0.11545
    0.10728
    0.06517
   -0.23053
   -0.34433
    0.03591
    0.06260
   -0.16663
   -0.49494
    0.08246
    0.17437
   -0.17857
   -0.35335
   -0.01302
   -0.04511
   -0.13044
   -0.12207
    0.13188
    0.17479
   -0.24630
   -0.28994
    0.03431
   -0.00706
    0.04133
   -0.23229
    0.04733
   -0.09777
    0.12246
   -0.03352
    0.10172
    0.05865
   -0.15079
   -0.35636
    0.08388
    0.11235
   -0.05183
   -0.61601
    0.07107
    0.01999
   -0.29207
   -0.22960
    0.08455
    0.15929
   -0.24888
    0.47241
   -0.09708
    0.20350
   -0.13934
   -0.06856
   -0.07305
    0.05597
   -0.11272
   -0.35259
    0.09069
    0.04414
   -0.35126
   -0.38160
    0.07826
    0.09800
   -0.11688
   -0.16424
   -0.00992
   -0.05331
   -0.05567
   -0.25009
    0.19903
    0.13354
   -0.38180
   -0.41656
    0.11425
    0.08700
   -0.13942
   -0.35588
    0.03956
    0.13330
   -0.03685
   -0.15174
   -0.11566
    0.04226
   -0.10551
   -0.03960
    0.03054
    0.11078
   -0.02603
   -0.31472
    0.05110
   -0.01215
    0.06117
   -0.12658
    0.04071
   -0.03346
    0.01394
    0.10481
    0.00315
   -0.02494
    0.17671
   -0.24573
    0.03764
    0.14079
   -0.12474
   -0.32043
    0.07580
   -0.05111
   -0.30473
   -0.22541
    0.16171
    0.08262
   -0.07475
    0.09980
   -0.12893
   -0.04959
   -0.26083
    0.11126
    0.02179
   -0.04660
   -0.23007
   -0.13338
    0.14436
   -0.04997
   -0.13793
   -0.22126
    0.12644
    0.09326
   -0.30709
   -0.07529
   -0.00476
   -0.31499
   -0.01021
   -0.10817
    0.20526
    0.02629
   -0.23443
   -0.34742
    0.16269
   -0.05453
   -0.00198
   -0.49730
    0.09862
   -0.01329
   -0.24688
   -0.33051
    0.16263
   -0.06487
   -0.05708
    0.01125
    0.08805
    0.08471
   -0.26142
   -0.35456
    0.01864
   -0.00840
    0.00029
   -0.33875
    0.07582
   -0.06177
   -0.00784
   -0.16136
    0.11893
   -0.05384
   -0.04296
   -0.20905
    0.13760
    0.08640
    0.03664
   -0.52651
    0.01445
   -0.01829
   -0.01525
   -0.34053
    0.06924
    0.05132
   -0.09093
    0.08794
   -0.03236
    0.11646
   -0.12732
   -0.10776
   -0.02590
   -0.03532
   -0.26545
   -0.09229
    0.06610
   -0.01522
   -0.17161
   -0.34673
    0.08600
    0.03915
   -0.11724
   -0.21384
    0.02726
   -0.21841
   -0.05405
   -0.16538
    0.23515
   -0.02159
   -0.23859
   -0.43032
    0.06876
