20 20 20 1 30 -5.5627 2.7776 4.8714 4172
  0.08001  -0.24289  -0.44713   0.05863   0.05261  -0.21863  -0.29545   0.04280   0.09976  -0.23114  -0.15542  -0.02259   0.06324  -0.00493  -0.34118   0.05255   0.13282  -0.32819  -0.47285   0.04481 
  0.08480  -0.26579  -0.38090   0.04987   0.04737  -0.18680  -0.32320   0.04752   0.07083  -0.20824  -0.40540   0.04807   0.03525  -0.13482  -0.10651   0.05053   0.10305  -0.36080  -0.48501   0.07223 
  0.06770  -0.26736  -0.38296   0.06816   0.05335  -0.21687  -0.34046   0.04723   0.04723  -0.08529  -0.35271   0.03116  -0.02443  -0.03134  -0.03753   0.05258   0.12448  -0.25061  -0.58564   0.05159 
  0.07262  -0.21974  -0.41496   0.05911   0.06814  -0.24368  -0.42965   0.04170   0.07113  -0.14364  -0.17858  -0.00254   0.07452  -0.26550  -0.18780   0.06233   0.11721  -0.35116  -0.47333   0.05970 
  0.08457  -0.28830  -0.42166   0.05815   0.06110  -0.24454  -0.33736   0.04124   0.06492  -0.05388  -0.08198  -0.05432   0.03201  -0.09406  -0.09570   0.03948   0.12792  -0.32334  -0.47237   0.04822 
  0.08298  -0.26111  -0.36879   0.04962   0.05192  -0.22509  -0.38751   0.05575   0.06920  -0.24187  -0.27184   0.04789  -0.00385  -0.24956  -0.16437   0.12653   0.09542  -0.28545  -0.44389   0.06587 
  0.06534  -0.26893  -0.39336   0.07192   0.05572  -0.26742  -0.28078   0.04468   0.05842  -0.16500  -0.02674  -0.00162   0.00946  -0.02093  -0.22870   0.08418   0.11894  -0.32008  -0.46618   0.05438 
  0.07355  -0.27690  -0.35123   0.05983   0.05402  -0.20872  -0.41836   0.05345   0.07268  -0.10874  -0.34317   0.00120   0.04072  -0.01194  -0.27084   0.06223   0.11278  -0.33380  -0.47405   0.06133 
  0.07355  -0.24738  -0.43305   0.06461   0.07520  -0.25216  -0.41237   0.03149   0.07910  -0.18655  -0.21306   0.00643  -0.01210  -0.15727  -0.04011   0.07467   0.11722  -0.28843  -0.42602   0.04802 
  0.08502  -0.27051  -0.37886   0.05011   0.05664  -0.25608  -0.38955   0.05487   0.05361  -0.04172  -0.26244  -0.01038  -0.01663  -0.21147  -0.35513   0.17068   0.12125  -0.31531  -0.49611   0.05479 
  0.07564  -0.26579  -0.43769   0.06580   0.05147  -0.14983  -0.36932   0.04052   0.05843  -0.04645  -0.13252  -0.03655   0.03631  -0.35666  -0.11184   0.09074   0.10681  -0.27411  -0.48002   0.05957 
  0.06912  -0.21136  -0.39126   0.05863   0.04818  -0.16794  -0.38478   0.05008   0.07361  -0.27691  -0.32159   0.05667  -0.01013  -0.08101  -0.23080   0.11683   0.11892  -0.33704  -0.42917   0.05256 
  0.07169  -0.25343  -0.39760   0.06366   0.04890  -0.14289  -0.36005   0.04141   0.04920  -0.28058  -0.36663   0.09482   0.03596  -0.11812  -0.39071   0.11837   0.14126  -0.34657  -0.57471   0.04849 
  0.08024  -0.24888  -0.46664   0.06127   0.04641  -0.16350  -0.38477   0.05149  -0.01199   0.00769  -0.21155   0.04889  -0.00564  -0.18165  -0.08288   0.09055   0.13196  -0.24014  -0.53563   0.04021 
  0.07052  -0.18847  -0.42391   0.05670   0.05890  -0.18221  -0.38058   0.03826   0.06651  -0.18590  -0.54064   0.05663  -0.02787  -0.02815  -0.10923   0.08256   0.13057  -0.32625  -0.47092   0.04625 
  0.08093  -0.24141  -0.41275   0.05378   0.02921  -0.13465  -0.45697   0.07372   0.00476  -0.24686  -0.15690   0.11694  -0.01944  -0.00153  -0.07465   0.05437   0.16699  -0.35992  -0.55851   0.02604 
  0.07657  -0.23552  -0.44952   0.06127   0.05331  -0.09729  -0.43984   0.03407   0.03440  -0.16170  -0.22491   0.06490   0.01734  -0.08966  -0.10001   0.05494   0.14018  -0.33083  -0.48063   0.03972 
  0.08093  -0.20586  -0.42391   0.04888   0.00243  -0.14622  -0.45697   0.10494  -0.02744  -0.21548  -0.11329   0.13617   0.01654  -0.16641  -0.04925   0.05379   0.16177  -0.42192  -0.59308   0.03963 
  0.06082  -0.26579  -0.45434   0.08208   0.01792  -0.14408  -0.41785   0.08481  -0.07282  -0.09758  -0.35428   0.16615   0.09273  -0.10965  -0.33397   0.04700   0.18003  -0.37412  -0.54486   0.01396 
  0.07657  -0.24141  -0.47673   0.06485   0.01541  -0.04733  -0.47932   0.07247  -0.03027  -0.17994  -1.33091   0.18127   0.06331  -0.03897  -0.34152   0.06287   0.16364  -0.29663  -0.60904   0.02569 
  0.06958  -0.16923  -0.55789   0.06627   0.00133  -0.05475  -0.49352   0.09061  -0.01666  -0.34898  -0.62676   0.19189   0.03365  -0.15727  -0.17605   0.08042   0.15283  -0.38205  -0.63163   0.04636 
  0.05818  -0.22115  -0.55178   0.08594  -0.03213  -0.03369  -0.57894   0.12404  -0.12606  -0.31285  -0.35318   0.25155  -0.07933  -0.06651  -0.18216   0.15093   0.16125  -0.38732  -0.68121   0.04267 
  0.03696  -0.20860  -0.58981   0.10563  -0.03987   0.01749  -0.74741   0.12708  -0.13429  -0.13359  -0.41145   0.22340  -0.02154  -0.09058  -0.17043   0.11237   0.16894  -0.38403  -0.68566   0.03571 
  0.03923  -0.16798  -0.65012   0.10063  -0.02562   0.01744  -0.69704   0.11206  -0.13003  -0.33500  -0.80388   0.27326  -0.10921   0.11106  -0.31412   0.14924   0.14970  -0.39731  -0.75380   0.05742 
  0.03340  -0.18196  -0.71572   0.11143  -0.05938   0.04697  -0.61212   0.13009  -0.12387  -0.21526  -0.91464   0.25142  -0.04355   0.09756  -0.40330   0.12599   0.13786  -0.39887  -0.72245   0.06560 
  0.01597  -0.15930  -0.68168   0.12009  -0.02454   0.05593  -0.72645   0.10201  -0.13485  -0.34367  -0.71577   0.27521  -0.18480   0.00136  -0.32827   0.21929   0.12131  -0.32460  -0.70765   0.07035 
  0.01809  -0.15201  -0.69837   0.11799  -0.07261   0.03857  -1.04324   0.15674  -0.15382  -0.11449  -0.94454   0.24641  -0.10366  -0.14160  -0.48756   0.22857   0.10555  -0.41936  -0.81782   0.09544 
 -0.00944  -0.16798  -0.87420   0.14804  -0.03126   0.00939  -1.07776   0.13045  -0.17924  -0.24114  -0.70710   0.28178  -0.15950  -0.14160  -0.48756   0.25401   0.06148  -0.35253  -0.85778   0.11923 
 -0.01710  -0.19110  -0.89376   0.15735  -0.06798   0.00424  -1.00813   0.16045  -0.08795  -0.23025  -0.60490   0.22405  -0.25637   0.00290  -0.29199   0.24061   0.05501  -0.38910  -0.75254   0.12215 
 -0.02989  -0.20586  -0.78777   0.16439  -0.01974  -0.05338  -0.94113   0.13116  -0.12432  -0.34452  -0.22240   0.24637  -0.19775  -0.30728  -0.22209   0.25363  -0.02871  -0.36140  -0.82642   0.16436 
 -0.05478  -0.24588  -0.76240   0.18379  -0.09087  -0.01347  -0.89152   0.17820  -0.08015  -0.30451  -0.32845   0.21904  -0.15950  -0.33267  -0.20175   0.23683  -0.00439  -0.31229  -0.84579   0.14989 
 -0.07133  -0.20998  -0.77237   0.18899  -0.04744  -0.13481  -0.98391   0.17008  -0.07279  -0.09272  -0.66513   0.18021  -0.19090   0.05739  -0.58946   0.23821  -0.03607  -0.45413  -0.88871   0.17577 
 -0.07166  -0.28501  -0.88062   0.20131  -0.04467  -0.12644  -0.92572   0.16529  -0.14309  -0.21797  -0.81172   0.26109  -0.20741  -0.31119  -0.30514   0.27091  -0.04904  -0.46213  -0.78877   0.17846 
 -0.08351  -0.32263  -0.79303   0.20871  -0.04849  -0.14769  -1.16310   0.17586  -0.08006  -0.26250  -0.55254   0.22301  -0.03993  -0.15595  -0.21683   0.15101  -0.09097  -0.39471  -0.87980   0.19252 
 -0.10156  -0.30685  -0.86163   0.21815  -0.08686  -0.18945  -0.98585   0.20599  -0.08609  -0.12708  -0.78991   0.20376  -0.17209   0.02186  -0.50014   0.23070  -0.10467  -0.43409  -0.93798   0.20116 
 -0.12921  -0.32263  -0.91424   0.23357  -0.06595  -0.28669  -0.95825   0.20248  -0.04683  -0.34164  -0.47342   0.20900  -0.30838  -0.27752  -0.35062   0.30459  -0.13381  -0.45732  -0.89549   0.21077 
 -0.13934  -0.40716  -0.84942   0.24312  -0.07266  -0.25102  -0.98283   0.20376  -0.20753  -0.03970  -3.62045   0.26029  -0.23865  -0.16641  -0.81306   0.30660  -0.10205  -0.44382  -0.96290   0.20143 
 -0.13745  -0.35604  -0.95835   0.24091  -0.04906  -0.26550  -1.28474   0.19284  -0.03209  -0.24756  -0.61597   0.18545  -0.19168  -0.35821  -0.40330   0.28185  -0.07078  -0.38553  -0.90282   0.18520 
 -0.09914  -0.35411  -0.91424   0.22264  -0.00521  -0.30380  -1.14752   0.16010  -0.03882  -0.23101  -0.37504   0.17534  -0.07111  -0.57835  -0.14659   0.19987  -0.06262  -0.35751  -0.79511   0.17686 
 -0.07101  -0.34839  -0.78777   0.20442   0.00075  -0.31319  -1.64957   0.16012  -0.04454  -0.25521  -0.32280   0.18184  -0.07861  -0.22813  -0.39810   0.21742  -0.02259  -0.47392  -0.73492   0.16619 
 -0.04398  -0.40934  -0.79303   0.19484  -0.01834  -0.25199  -1.45644   0.16860   0.01157  -0.30067  -0.68750   0.15879   0.02006  -0.30202  -0.32593   0.15101  -0.02347  -0.45998  -0.81386   0.16858 
 -0.04429  -0.38599  -0.87420   0.19555   0.02354  -0.26692  -1.84964   0.13405   0.01195  -0.32402  -0.23407   0.13543  -0.06776  -0.44248  -0.39071   0.23230   0.02300  -0.33366  -0.91542   0.14042 
 -0.00468  -0.32984  -0.94315   0.16741   0.03130  -0.30137  -1.41683   0.12810   0.03571  -0.38017  -0.64215   0.14689   0.02150  -0.37344  -0.32167   0.15748   0.08654  -0.41138  -1.07876   0.11469 
  0.03847  -0.38392  -1.08298   0.14449  -0.02366  -0.08651  -3.62045   0.15154  -0.06560   0.00959  -0.41214   0.12350   0.04970   0.19252  -0.87989   0.05464   0.06673  -0.25440  -0.80655   0.10428 
  0.00222  -0.17175  -0.96616   0.14291  -0.07321  -0.48172  -1.89533   0.23039  -0.17983  -0.23737  -0.80011   0.28343  -0.25637  -0.52637  -0.69625   0.33543  -0.11663  -0.58186  -1.22983   0.21728 
 -0.11715  -0.49862  -1.29048   0.24689   0.18702  -0.42803  -1.30495  -0.10587   0.14272  -0.29051  -0.59825  -0.03846   0.14145  -0.02513   0.02666  -0.24214   0.22608  -0.58765  -0.70385  -0.00446 
  0.16952  -0.52913  -0.74787   0.00701  -0.44552   0.11072  -2.34810   0.30629  -0.35541   0.05518  -1.04410   0.28351  -0.47493   0.43073  -3.62045   0.21367  -0.95373  -0.22691  -2.03839   0.30454 
 -0.53104  -0.00938  -2.09236   0.30853   0.35222  -3.62045  -3.62045  -3.62045   0.36098  -3.62045  -3.62045  -3.62045   0.44245  -3.62045  -3.62045  -3.62045   0.52521  -3.62045  -3.62045  -3.62045 
  0.42247  -3.62045  -3.62045  -3.62045  -3.62045  -1.40032   0.99355  -3.62045  -3.62045  -3.62045  -3.62045  -3.62045  -3.62045  -3.62045  -3.62045  -3.62045  -3.62045  -3.62045  -3.62045  -3.62045 
 -3.62045  -1.45024   0.91099  -3.62045  -3.62045  -3.62045  -3.62045  -3.62045   0.10575   0.18647  -3.62045  -0.26977   0.05295  -0.09082   0.11718  -0.11771  -3.62045  -3.62045  -3.62045  -3.62045 
  0.03366  -0.08819   0.28556  -0.16890  -0.10173   0.03610  -0.01584   0.09749  -0.07156   0.02576   0.00506   0.06998  -0.05492  -0.02719  -0.02501   0.07184  -0.09631   0.04977   0.06315   0.02209 
 -0.07688   0.01999   0.02339   0.05281   0.00075   0.02316  -0.41765   0.06487  -0.00938   0.01445   0.11302  -0.02693  -0.11215   0.04525   0.09823   0.02855  -0.03179  -0.00636   0.13988  -0.03088 
 -0.03374   0.01592   0.04695   0.01106  -0.07060   0.10778  -0.02865   0.05026   0.00598   0.07542   0.21569  -0.14406  -0.05414   0.09285   0.10557  -0.05010  -0.07328   0.01811   0.18665  -0.03449 
 -0.06012   0.07050   0.12574  -0.01612  -0.01014  -0.00518   0.03682   0.00327   0.06072   0.09102   0.00817  -0.18774  -0.00862   0.07519  -0.00769  -0.01694  -0.05146   0.08927   0.06145  -0.01457 
 -0.01028   0.06906   0.04234  -0.02949  -0.02838   0.01774   0.04603   0.01514   0.11251   0.01070  -0.15219  -0.19353  -0.06666  -0.03083   0.15427  -0.02309   0.02325   0.06086   0.05301  -0.05426 
  0.01063   0.03042   0.05752  -0.04298  -0.04057   0.01860   0.24340  -0.05495   0.07709   0.02521   0.14321  -0.22182   0.02976   0.01703   0.03082  -0.06067   0.04325   0.05644   0.10397  -0.09266 
  0.01544   0.03436   0.14323  -0.09124  -0.02718   0.04122   0.12663  -0.02338   0.06701   0.02538   0.06319  -0.15884   0.05125   0.00656   0.02236  -0.08017  -0.01002   0.09779  -0.01452  -0.01809 
  0.01251   0.05281   0.05303  -0.05221   0.00588   0.00233   0.06622  -0.03030   0.12359  -0.00553  -0.18013  -0.20361   0.02054  -0.04151   0.05042  -0.03865   0.01688   0.04699   0.07573  -0.05393 
  0.03670   0.01345   0.04772  -0.06356  -0.00891  -0.00984   0.16921  -0.04872   0.06410   0.00327   0.05546  -0.13070  -0.02034   0.06608   0.04446  -0.03090  -0.00946   0.06308   0.14459  -0.07124 
  0.00794   0.02724   0.12510  -0.06934  -0.01023   0.02832   0.18067  -0.06661   0.05518  -0.04829  -0.01070  -0.05703   0.01993   0.01973  -0.01795  -0.02026  -0.04979   0.08280   0.05185  -0.00992 
  0.00085   0.03358   0.08147  -0.04329  -0.01323  -0.00598   0.08910  -0.01042   0.10480  -0.00349  -0.13095  -0.16542   0.00966  -0.15184   0.07763  -0.00974   0.02852   0.00072   0.08146  -0.05113 
  0.02438  -0.01904   0.07075  -0.04634  -0.05300   0.01187   0.23267  -0.03070   0.09001  -0.05439   0.05729  -0.14755  -0.03678   0.00380   0.10122  -0.02561  -0.00638   0.07330   0.14965  -0.08007 
 -0.01226   0.01999   0.16532  -0.06420  -0.03460   0.07770   0.16405  -0.04459   0.06883   0.07890  -0.27221  -0.12312   0.02461   0.02675   0.00027  -0.03911  -0.01766   0.02936   0.04670  -0.01210 
 -0.00025   0.05730   0.06639  -0.04512  -0.01726   0.02712   0.12016  -0.02847   0.07248   0.02246  -0.16939  -0.10202  -0.04571   0.01974   0.02579   0.02428   0.01179   0.04934   0.04764  -0.03939 
  0.00658   0.03671   0.05227  -0.03874  -0.05622   0.02967   0.24440  -0.03958   0.06774   0.05080  -0.00918  -0.15756  -0.02935   0.09751   0.03990  -0.03302   0.02205   0.07663   0.12140  -0.09017 
 -0.00635   0.06175   0.14077  -0.07520  -0.03913   0.01874   0.13648  -0.00484   0.09876   0.04087  -0.10478  -0.19731   0.04456  -0.02165  -0.03363  -0.02609  -0.05877   0.05789   0.04525   0.00552 
  0.00085   0.03436   0.05076  -0.03097  -0.02880  -0.01112   0.15667  -0.01616   0.10965  -0.07048  -0.05258  -0.14803   0.01273  -0.10504   0.04141  -0.00334   0.02379   0.01365   0.11687  -0.06732 
  0.01756  -0.02261   0.10417  -0.05190  -0.01861  -0.00763   0.22101  -0.06276   0.07668   0.04383   0.11082  -0.22314   0.04086   0.01496   0.06780  -0.10223   0.01657   0.07441   0.13457  -0.09144 
  0.01730   0.03121   0.15352  -0.09810  -0.01525   0.03714   0.17483  -0.05986   0.09274  -0.04251  -0.10056  -0.11398   0.05868  -0.03972   0.03095  -0.07750  -0.00083   0.06070   0.05747  -0.03755 
  0.02594   0.01999   0.08639  -0.06966  -0.02082  -0.01111   0.16967  -0.03226   0.08292  -0.03614  -0.02631  -0.11623  -0.03951  -0.01184  -0.03827   0.06019   0.04130   0.06444   0.06826  -0.07715 
  0.01597   0.01014   0.07793  -0.05004  -0.00417  -0.00114   0.22260  -0.08761   0.11964  -0.00721  -0.07950  -0.21892  -0.00436   0.08162   0.09086  -0.09141   0.01771   0.08577   0.10240  -0.08055 
  0.02594   0.04060   0.13332  -0.10226  -0.03705   0.03732   0.14648  -0.01795   0.08188   0.04306  -0.09659  -0.15784   0.04110  -0.00373  -0.01170  -0.04060  -0.03550   0.07503   0.04175  -0.01268 
  0.00495   0.04598   0.05901  -0.04329  -0.00725  -0.05868   0.14491  -0.02441   0.11317  -0.08724   0.00273  -0.16323  -0.00375   0.03279   0.00157  -0.00932   0.03985   0.00845   0.08505  -0.06444 
  0.03084  -0.02440   0.08218  -0.05722  -0.03376  -0.02091   0.22319  -0.03878   0.07153  -0.02205   0.01808  -0.11493   0.00704  -0.00763   0.12333  -0.09046   0.03667   0.00942   0.13001  -0.08354 
  0.01117  -0.01112   0.15709  -0.07520  -0.02418   0.00852   0.14635  -0.02401   0.08375  -0.00018  -0.07202  -0.13200   0.02048   0.01669   0.03349  -0.05027  -0.02489   0.09771   0.05360  -0.03173 
  0.00441   0.03749   0.08006  -0.04819  -0.02321  -0.03858   0.10291   0.00671   0.09517  -0.00741   0.04118  -0.19218  -0.03319   0.02288  -0.00339   0.02676   0.03054   0.06165   0.08456  -0.07410 
  0.01411   0.01345   0.07003  -0.04573  -0.01953   0.02676   0.23226  -0.08107   0.07058   0.02531   0.11957  -0.19227   0.05246  -0.05851   0.07244  -0.09143   0.01340   0.04289   0.11013  -0.06519 
  0.01756   0.02161   0.14750  -0.09090  -0.00335   0.00930   0.07460  -0.02307   0.10234   0.03402  -0.18112  -0.18024   0.02376   0.04457  -0.00843  -0.04067  -0.03807   0.08806   0.02811  -0.01052 
  0.01756   0.04598   0.02581  -0.04451  -0.04486  -0.02015   0.19675  -0.01192   0.11182  -0.03840  -0.11534  -0.15965  -0.04026  -0.04961   0.01379   0.04807   0.06020   0.03449   0.03312  -0.06883 
  0.01783  -0.00592   0.07721  -0.04604  -0.01888   0.03662   0.23923  -0.09040   0.13425  -0.02010  -0.07722  -0.25454   0.02524   0.02572   0.06863  -0.08550   0.02743   0.02379   0.11549  -0.07297 
  0.02775   0.02081   0.14200  -0.10087  -0.00288   0.04628   0.11432  -0.05308   0.08211   0.05895  -0.03902  -0.19143   0.00471  -0.03906   0.06350  -0.02927   0.00426   0.05570   0.02657  -0.02804 
  0.02177   0.03982   0.06419  -0.06260  -0.00458  -0.00208   0.15611  -0.05134   0.05217  -0.00538   0.07582  -0.10633  -0.00893   0.01036  -0.04213   0.02647   0.01712   0.02003   0.07860  -0.04672 
  0.01597   0.00848   0.08147  -0.05097  -0.03607   0.02719   0.23040  -0.05678   0.02980   0.05534   0.14936  -0.14032   0.00966   0.04291   0.05416  -0.06222   0.02260   0.05285   0.12377  -0.08298 
  0.00058   0.04368   0.15112  -0.08115  -0.04059  -0.00316   0.16259  -0.00690   0.09042   0.07710  -0.14106  -0.20230   0.00722   0.09556  -0.02595  -0.03450   0.00263   0.05391  -0.01715  -0.01173 
  0.00604   0.05206   0.04157  -0.03995  -0.01778  -0.00609   0.12810  -0.01970   0.10302  -0.07807  -0.09509  -0.11538   0.00318   0.03881  -0.04249   0.00358   0.03837   0.00766   0.05784  -0.05140 
  0.02542  -0.00506   0.05076  -0.04420  -0.02030   0.04218   0.20200  -0.06886   0.06428  -0.00624   0.09328  -0.13806   0.01273   0.01788   0.02194  -0.03394   0.01780   0.07993   0.11197  -0.08305 
  0.01144   0.04291   0.12637  -0.08081  -0.02318   0.02944   0.15360  -0.03592   0.08541   0.00856  -0.08595  -0.13915   0.02202   0.01845   0.02283  -0.04612  -0.01928   0.07797   0.05714  -0.03011 
  0.00983   0.04214   0.07507  -0.05408  -0.00840   0.00986   0.11008  -0.03011   0.07886  -0.03456  -0.02561  -0.10865   0.00443  -0.03723   0.05361  -0.02312   0.03354   0.04406   0.09046  -0.07316 
  0.02386   0.00931   0.08006  -0.06006   0.00334  -0.04195   0.15763  -0.05003   0.06166   0.03373   0.03940  -0.14488   0.03706   0.04433   0.02709  -0.08066   0.00209   0.06194   0.14435  -0.07985 
  0.02230   0.01999   0.11866  -0.08081  -0.01779   0.03437   0.15013  -0.04342   0.08599   0.01009  -0.08935  -0.14084   0.02297   0.05042   0.00296  -0.04908  -0.01006   0.10998   0.05086  -0.04560 
  0.01384   0.05805   0.06857  -0.06260  -0.01180  -0.02670   0.13986  -0.02586   0.10381  -0.04587  -0.03051  -0.15771  -0.01124   0.03983   0.02360  -0.01663   0.05164   0.02776   0.05921  -0.06967 
  0.03136   0.00092   0.07075  -0.06196  -0.03803   0.02752   0.25485  -0.06867   0.05143   0.05056   0.11473  -0.16751   0.03171   0.05884   0.06142  -0.10568  -0.02213   0.03472   0.15745  -0.05868 
 -0.00440   0.03827   0.17168  -0.08448   0.00149  -0.00073   0.09213  -0.03291   0.08126   0.07534  -0.13564  -0.17759   0.00275   0.03362   0.01586  -0.02509  -0.02265   0.09103   0.03952  -0.02564 
  0.01464   0.05281   0.04542  -0.05159  -0.00224  -0.01977   0.16685  -0.05370   0.10770  -0.06411  -0.08325  -0.13890  -0.04078   0.03496  -0.01014   0.03272  -0.00113   0.02183   0.07697  -0.03291 
  0.01836  -0.00335   0.07864  -0.04819  -0.02190   0.00851   0.17899  -0.04199   0.07597   0.01093   0.00860  -0.14746   0.06639   0.01317   0.02108  -0.10540   0.02277   0.03817   0.10055  -0.06676 
  0.02177   0.01918   0.10817  -0.07455  -0.02096   0.05438   0.16151  -0.05220   0.08373  -0.03048  -0.03740  -0.11885   0.05343  -0.03952  -0.03947  -0.02792  -0.00508   0.11028   0.03176  -0.04202 
  0.01756   0.04598   0.06124  -0.05879  -0.01986  -0.01761   0.13614  -0.01667   0.07354  -0.01590   0.04223  -0.13208   0.00021  -0.04299   0.04221  -0.00929   0.02746   0.05595   0.06521  -0.06103 
  0.01677   0.00681   0.08077  -0.05097  -0.00136   0.04210   0.21865  -0.10762   0.07561   0.02327   0.06210  -0.17744   0.00845   0.06902   0.04440  -0.06639   0.03620   0.04336   0.09630  -0.07794 
  0.02620   0.04368   0.12891  -0.10157  -0.02354  -0.00172   0.13320  -0.01587   0.07880   0.08416  -0.17101  -0.17183   0.03269   0.04487  -0.04832  -0.03009  -0.03493   0.07683  -0.00924   0.00328 
