9 20 1 1 49 -4.6824 2.7338 4.2562 4173
  0.01080   0.04817   0.00093  -0.02871  -0.00885   0.02302   0.02485  -0.00369   0.06076   0.02359  -0.17560  -0.07806  -0.00109   0.10737  -0.12062   0.01333   0.03164   0.05334  -0.00772  -0.03601 
  0.01878   0.04741  -0.03170  -0.02636  -0.01931   0.08794   0.15537  -0.06586   0.06303  -0.10455   0.07691  -0.06572  -0.03186   0.00037   0.10430  -0.03172   0.02375   0.06415   0.05349  -0.05599 
  0.00972   0.03972   0.09321  -0.06111  -0.03844   0.05125   0.08890   0.00129   0.05844   0.03204  -0.00157  -0.12259   0.03095   0.05151  -0.04520  -0.03246  -0.02873   0.02872   0.03525  -0.00074 
 -0.00423   0.04358   0.03444  -0.02286  -0.02781   0.01158   0.11144  -0.00626   0.07584  -0.04075  -0.12682  -0.07348  -0.00939  -0.06577   0.01776   0.02188   0.04728   0.01274   0.03685  -0.05206 
  0.01587  -0.00431   0.04608  -0.03167  -0.03933   0.03399   0.19332  -0.03543   0.06512   0.03429  -0.06515  -0.12028  -0.06308   0.05675   0.07186  -0.00104   0.01102   0.02395   0.03015  -0.02450 
 -0.00898   0.03347   0.09252  -0.03734  -0.01122   0.05884   0.07842  -0.03193   0.03239   0.01370  -0.00605  -0.05754   0.05240   0.07172  -0.00045  -0.09833  -0.02498   0.06197   0.03779  -0.01391 
  0.00403   0.05645   0.04224  -0.03975  -0.00893  -0.00672   0.10742  -0.02276   0.04171  -0.00508  -0.13969  -0.03132  -0.02846   0.08724   0.02232  -0.01827   0.02774   0.04619   0.02215  -0.04111 
  0.01133   0.02873   0.03758  -0.03524  -0.02573   0.02249   0.17540  -0.04016   0.05035   0.01421  -0.03515  -0.08275   0.01965   0.11701   0.01043  -0.08375  -0.02602   0.03701   0.09612  -0.02804 
 -0.00395   0.04127   0.09799  -0.04829   0.00342   0.06928   0.05197  -0.04669   0.06154  -0.03843  -0.05959  -0.06245  -0.00315   0.02629   0.03753  -0.02851  -0.05074   0.08392   0.04480  -0.00717 
  0.00212   0.05195   0.03991  -0.03494  -0.03349   0.07394   0.11561  -0.02335   0.05086  -0.03988  -0.17938  -0.01913  -0.01043   0.05739  -0.05533   0.01640   0.02388   0.03199  -0.05130  -0.01007 
  0.00321   0.04050  -0.00248  -0.01651  -0.00874  -0.00845   0.18353  -0.05655   0.00828   0.10104   0.02831  -0.09452   0.03635   0.07102  -0.03805  -0.05223  -0.00901   0.06286   0.08418  -0.04320 
  0.00157   0.05195   0.09252  -0.05638   0.00467   0.02281   0.08828  -0.04423   0.07917  -0.00058  -0.12141  -0.10909   0.02449   0.05716  -0.00045  -0.05207   0.00041   0.09417  -0.03956  -0.01633 
  0.02376   0.05120   0.00768  -0.04706  -0.01448  -0.01393   0.10626  -0.01275   0.08849  -0.03458  -0.17863  -0.09299  -0.03210   0.00373  -0.09741   0.07247   0.02544   0.03934  -0.00683  -0.02712 
  0.01799   0.00503   0.00263  -0.02141  -0.04604   0.02048   0.15616  -0.00543   0.04721   0.01159   0.06378  -0.10480   0.02905   0.06591  -0.00366  -0.06023   0.00269   0.05703   0.07540  -0.04620 
 -0.00590   0.03739   0.08768  -0.04005  -0.02415   0.02307   0.11524  -0.01616   0.04331   0.00555  -0.08052  -0.05286   0.03114   0.09979   0.00818  -0.08838  -0.00965   0.16733   0.00575  -0.05216 
  0.00157   0.08671   0.03914  -0.04860  -0.03294   0.02756   0.12439  -0.01043   0.05860  -0.03533  -0.08155  -0.05389   0.01602   0.02940  -0.04491  -0.00568   0.03754   0.03118   0.03711  -0.04979 
  0.01427   0.02232   0.03836  -0.03644  -0.02739   0.07224   0.12770  -0.03550   0.05349   0.04544   0.01583  -0.12904   0.01472   0.01812   0.00542  -0.02655  -0.00607   0.06989   0.05985  -0.03775 
  0.00047   0.06091   0.06847  -0.04829  -0.02655   0.11213   0.08268  -0.03529   0.07737  -0.00126  -0.07922  -0.11493   0.02256   0.01180  -0.03766  -0.00993  -0.02048   0.08174   0.01823  -0.01643 
  0.00458   0.07184   0.02005  -0.03824  -0.01642   0.05198   0.02602  -0.00458   0.06501   0.01171  -0.14130  -0.08448   0.02032   0.04250   0.01513  -0.04962   0.00180   0.08033   0.00607  -0.02720 
  0.01187   0.05720  -0.00163  -0.03256  -0.02755   0.04690   0.14554  -0.03310   0.06371  -0.00167   0.10053  -0.14340  -0.05115   0.07016   0.06210  -0.01197  -0.02236   0.06382   0.13420  -0.05660 
 -0.00842   0.04968   0.11726  -0.05575  -0.03443   0.07592   0.08476  -0.01114   0.03585   0.07454  -0.10578  -0.08549  -0.01305   0.02746   0.01132  -0.00269  -0.03070   0.12880  -0.03774  -0.00825 
 -0.01464   0.09017   0.01267  -0.02286  -0.04069   0.07561   0.11108  -0.01333   0.05234   0.03406  -0.06274  -0.09444  -0.00349   0.05587  -0.06366   0.01369   0.02487  -0.01722   0.02917  -0.02284 
  0.00239   0.04127   0.02890  -0.02695  -0.02454   0.04971   0.13958  -0.03549   0.05690  -0.03843   0.07427  -0.09220   0.01998  -0.10764   0.09968  -0.05041  -0.00549   0.04935   0.10460  -0.05019 
  0.00267   0.01826   0.11071  -0.05263  -0.01770   0.01692   0.06677  -0.00426   0.04424   0.08052  -0.17787  -0.09131  -0.00280   0.04387  -0.02633  -0.00005  -0.00545   0.09257   0.04515  -0.04035 
  0.00102   0.06017   0.02650  -0.03196  -0.02644   0.05775   0.14095  -0.03671   0.06660  -0.03905  -0.04373  -0.07564  -0.00818   0.01757   0.01727  -0.00736  -0.01055   0.01942   0.05351  -0.01650 
 -0.00008   0.02553   0.06628  -0.03285  -0.02077   0.00991   0.21095  -0.06053   0.06636   0.02164   0.04327  -0.14649   0.02475   0.06834  -0.06261  -0.02353   0.01798   0.03930   0.12506  -0.07498 
  0.01267   0.03269   0.11791  -0.07367  -0.00279   0.06338   0.05908  -0.03810   0.03485   0.07719  -0.11593  -0.08362   0.03038   0.08728  -0.07413  -0.03357  -0.03357   0.02839   0.05402  -0.00421 
  0.00702   0.06238   0.01842  -0.03644  -0.02142   0.03144   0.13100  -0.02909   0.07872  -0.13038  -0.03495  -0.05036  -0.03297   0.08988   0.02536  -0.01659   0.00500   0.04520   0.09216  -0.05120 
  0.00648   0.01989   0.07924  -0.04339  -0.02798   0.01790   0.14521  -0.02189   0.02713   0.01009   0.09565  -0.07703   0.02124   0.03445   0.00124  -0.03880  -0.02755   0.02841   0.14191  -0.04501 
 -0.00870   0.02393   0.11400  -0.04369  -0.01215   0.05404   0.11592  -0.04374   0.06160  -0.01186  -0.04225  -0.08420  -0.00242   0.03568   0.07343  -0.05768  -0.04163   0.09635   0.01152  -0.00547 
 -0.00395   0.05645   0.06113  -0.03854  -0.02147  -0.00128   0.08484  -0.00005   0.05700   0.03858  -0.13969  -0.08929  -0.07569  -0.01706   0.04591   0.05149   0.02175   0.05870   0.02705  -0.04232 
  0.00075   0.02952   0.03758  -0.02402  -0.04223   0.07531   0.17884  -0.04078   0.07020  -0.06066   0.02931  -0.08979   0.01758  -0.01944   0.00192  -0.01361   0.02603   0.05087   0.09169  -0.06973 
  0.00566   0.03347   0.10070  -0.05732  -0.02586   0.06183   0.11414  -0.02773   0.00292   0.08364  -0.07661  -0.04331   0.04591   0.03392  -0.05269  -0.03995   0.01786   0.04478  -0.01942  -0.01907 
  0.00566   0.05943   0.01842  -0.03375  -0.01370  -0.02915   0.11207  -0.01128   0.06000   0.05768  -0.20264  -0.09821   0.00440   0.07328  -0.02419  -0.02167   0.01888   0.05390   0.07719  -0.05847 
  0.01401   0.03504   0.04914  -0.04522  -0.03162   0.09073   0.18496  -0.06465   0.03416   0.04068   0.03377  -0.09218   0.00809  -0.05151   0.09996  -0.05495  -0.01391   0.05857   0.14375  -0.06580 
 -0.00646   0.05571   0.13944  -0.07172  -0.03163   0.00377   0.14250  -0.01144   0.04090   0.09256  -0.13894  -0.10357   0.04886   0.01515   0.01629  -0.07648  -0.01361   0.05674   0.03099  -0.01744 
  0.00349   0.04588   0.05742  -0.04096  -0.03154   0.05085   0.08191  -0.00429   0.05693  -0.00722   0.03269  -0.09990  -0.00226   0.02285  -0.05375   0.02061  -0.00053   0.09983   0.06809  -0.05588 
 -0.00063   0.05645   0.04608  -0.03614  -0.03208   0.03211   0.19614  -0.04556   0.03859   0.04976  -0.02902  -0.08929   0.00907   0.09362  -0.02413  -0.03675  -0.01150  -0.01177   0.16639  -0.05684 
 -0.00562   0.03504   0.12817  -0.05827  -0.00116   0.03710   0.08651  -0.04057   0.03250   0.02868  -0.01861  -0.06494   0.01336   0.12233   0.00735  -0.07633  -0.00942   0.08290   0.02397  -0.02634 
  0.00810   0.06823   0.04146  -0.04891  -0.04081   0.00172   0.11376   0.01137   0.04673  -0.02105  -0.09878  -0.03795   0.00104   0.00261  -0.02401   0.01038  -0.01341   0.05068   0.07232  -0.03120 
 -0.00758   0.01826   0.05217  -0.01680  -0.01785   0.05064   0.10836  -0.03158   0.03225   0.01608   0.06985  -0.08170  -0.04530   0.08245   0.04369  -0.01172  -0.03187   0.10163   0.12309  -0.05812 
 -0.01663   0.06895   0.10137  -0.04737  -0.05083   0.05740   0.09526   0.01102   0.04149   0.07258  -0.24558  -0.06772   0.01744   0.04831   0.04099  -0.06557  -0.05167   0.10002   0.02772  -0.00598 
 -0.02095   0.07898   0.03680  -0.02054  -0.05161   0.06855   0.08805   0.01046   0.02382  -0.04032  -0.04084  -0.00271  -0.07904   0.12264   0.01121   0.01952  -0.00695   0.01521   0.08483  -0.03001 
 -0.02676   0.04358   0.06039  -0.00997  -0.00863   0.03412   0.12321  -0.04404   0.02894  -0.00064   0.09776  -0.07348   0.02679   0.09904   0.01616  -0.08726   0.00550   0.05206   0.10693  -0.06054 
  0.00594   0.04741   0.09663  -0.06143  -0.00585   0.02319   0.09485  -0.03221   0.05847   0.06610  -0.14488  -0.11402   0.07133   0.10856  -0.07917  -0.09988  -0.01719   0.05131   0.00976  -0.00618 
  0.01904   0.05794   0.01101  -0.04553   0.06473  -0.01920  -0.01461  -0.08797   0.13991  -0.09930  -0.08849  -0.20116   0.11138   0.08629  -0.10074  -0.14430   0.08455   0.01313  -0.01964  -0.06470 
  0.09410  -0.00517  -0.04378  -0.10097   0.11022   0.01458   0.04787  -0.23385   0.14202  -0.04139   0.05378  -0.31983   0.21334   0.14109  -0.11482  -0.51758   0.09650   0.14944   0.01951  -0.14851 
  0.13732   0.06091   0.00008  -0.23762   0.10015  -0.18264   0.08838  -0.14943   0.18932  -0.12890  -0.23753  -0.31649   0.14485  -0.00246  -0.06179  -0.18841   0.02515   0.04783   0.04909  -0.04984 
  0.13490  -0.09039   0.00516  -0.15974  -0.07529  -0.44101   0.54909  -0.17843  -0.03951  -0.23171   0.15920   0.09973  -0.02958  -0.36843   0.32443  -0.16693  -0.28674  -0.28597   0.48230  -0.09195 
 -0.08029  -0.36197   0.46123  -0.13085  -1.61499  -3.62055   0.99076  -3.62055  -1.13888  -3.62055   1.11982  -3.62055  -1.72088  -3.62055   0.73934  -2.64639  -1.93014  -3.62055   0.85170  -3.62055 
 -1.64928  -3.62055   0.90910  -3.05827  -3.62055  -3.62055  -3.62055   0.46144  -3.62055  -3.62055  -3.62055  -3.62055  -3.62055  -1.74402  -3.62055   0.47277  -3.62055  -3.62055  -3.62055   0.35210 
 -3.62055  -1.74845  -3.62055   0.42223  -3.62055  -3.62055  -3.62055  -3.62055   0.36098  -3.62055  -3.62055  -3.62055  -3.62055  -3.62055  -3.62055  -3.62055   0.50667  -1.68276  -1.05758  -1.21267 
  0.40398  -1.70328  -0.99898  -1.14279   0.20085  -1.01550  -0.28619  -0.17378   0.26408  -3.62055  -3.62055  -0.19062   0.03596  -0.49360  -0.06179   0.08842  -0.08062  -0.51896  -0.05366   0.12513 
  0.26113  -1.02621  -0.34375  -0.19026  -0.26913  -0.53283   0.74236  -0.30639  -0.20619  -0.33625   0.86747  -0.47378  -0.87902  -0.97290   0.68647  -0.74323  -0.58922  -1.76801   0.77264  -0.69054 
 -0.30018  -0.70371   0.72056  -0.41745  -0.60055  -0.67973  -0.22080   0.36728  -0.60158  -0.41625  -0.86982   0.41772  -0.68419  -0.57561  -0.92127   0.41387  -0.09292  -1.06851  -0.34641   0.18848 
 -0.55026  -0.63623  -0.54586   0.34256  -0.08556  -0.40624  -0.37297   0.20148   0.20293  -0.72656  -0.63667  -0.08645  -0.06563  -0.40339  -0.41853   0.23145   0.36069  -0.78141  -0.49881  -0.24707 
  0.22726  -0.72124  -0.44014  -0.10763  -0.27626  -0.38728  -0.25352   0.28349   0.07322  -0.24388  -0.15393   0.02666  -0.11706  -0.12397  -0.22340   0.19335   0.06103  -0.27683  -0.57323   0.09828 
 -0.13755  -0.36197  -0.36296   0.21453  -0.06358  -0.12493  -0.64947   0.17053   0.11503  -0.14111  -0.73494  -0.03188  -0.00425  -0.20116  -0.45540   0.17468   0.07490  -0.03281  -0.89504   0.06746 
 -0.00451  -0.08519  -0.75761   0.12560   0.05429  -0.08814  -0.12966  -0.01672   0.16589  -0.38893  -0.25888  -0.09790   0.11635   0.10944  -0.20665  -0.11385   0.13691  -0.06672  -0.60002   0.01069 
  0.09344  -0.11183  -0.36889   0.00799   0.02517  -0.18296  -0.32725   0.07430   0.14281  -0.16354  -0.42120  -0.10601   0.04853  -0.22155  -0.16437   0.07483   0.11385  -0.16613  -0.45411   0.03625 
  0.07391  -0.18596  -0.38512   0.04829   0.03080  -0.17284  -0.43105   0.07671   0.10339  -0.27439  -0.54326   0.02723   0.05980  -0.13071  -0.40330   0.10093   0.09133  -0.30499  -0.64369   0.08618 
  0.05999  -0.24598  -0.53697   0.08697   0.01500  -0.15892  -0.44930   0.09343   0.11081  -0.20101  -0.62926  -0.00472   0.03567  -0.05341  -0.22340   0.06694   0.14792  -0.36103  -0.60454   0.04658 
  0.07182  -0.25506  -0.52256   0.07577  -0.00844  -0.23190  -0.36028   0.12065   0.05693  -0.17898  -0.84175   0.08026  -0.00182  -0.09585  -0.18669   0.10199   0.16765  -0.40151  -0.75647   0.04247 
  0.06453  -0.30181  -0.53405   0.09034   0.00099  -0.20325  -0.34253   0.10537   0.06508  -0.23229  -0.42744   0.06552  -0.01467  -0.05633  -0.22632   0.11349   0.16556  -0.45794  -0.63461   0.04230 
  0.06760  -0.31565  -0.47683   0.08448   0.00688  -0.19603  -0.29218   0.09249   0.09218  -0.32755  -0.41360   0.05008   0.00445  -0.11358  -0.25724   0.11837   0.14933  -0.44123  -0.66463   0.05676 
  0.06500  -0.31741  -0.45932   0.08561   0.00581  -0.22874  -0.36418   0.10651   0.10680  -0.17095  -0.47874  -0.01932   0.00072  -0.15912  -0.32909   0.14486   0.13473  -0.32538  -0.55401   0.04999 
  0.05890  -0.27851  -0.46168   0.08640  -0.00243  -0.18385  -0.26548   0.09687   0.05185  -0.15542  -0.45063   0.06079  -0.07059   0.00963  -0.01148   0.06711   0.16497  -0.43246  -0.56074   0.03524 
  0.06273  -0.28013  -0.38296   0.07495   0.02420  -0.16794  -0.32539   0.07252   0.08518  -0.20814  -0.25283   0.00957  -0.04291  -0.01362  -0.30275   0.14070   0.16433  -0.36240  -0.58599   0.03093 
  0.07680  -0.25343  -0.44003   0.06295   0.01518  -0.24785  -0.31995   0.09482   0.07350  -0.23484  -0.36663   0.04907  -0.02531  -0.31295  -0.01934   0.10422   0.15448  -0.35964  -0.58043   0.03902 
  0.06958  -0.31031  -0.40837   0.07518   0.02088  -0.21875  -0.30799   0.08283   0.08366  -0.14994  -0.15012  -0.02632  -0.00508  -0.06390  -0.17592   0.09399   0.15331  -0.47105  -0.51570   0.04505 
  0.07192  -0.31205  -0.38709   0.07075   0.02652  -0.14016  -0.28736   0.05981   0.05825  -0.25537  -0.56312   0.08979   0.04663  -0.04569  -0.23498   0.05672   0.13475  -0.31476  -0.49530   0.04379 
  0.06723  -0.23116  -0.39126   0.06390   0.03563  -0.19556  -0.32003   0.06332   0.09874  -0.22909  -0.26402  -0.00504   0.00160  -0.14794  -0.06813   0.07161   0.12696  -0.31207  -0.48845   0.04921 
  0.07076  -0.25802  -0.37279   0.06247   0.03745  -0.17919  -0.34351   0.06098   0.11489  -0.24496  -0.36204  -0.01768   0.00568  -0.04151  -0.16037   0.07381   0.11875  -0.27847  -0.51958   0.05445 
  0.06958  -0.23261  -0.41056   0.06390   0.05053  -0.19453  -0.36327   0.04961   0.10283  -0.25566  -0.43857   0.01489  -0.04123  -0.04151  -0.10681   0.09618   0.13111  -0.29168  -0.55622   0.04921 
  0.07864  -0.24588  -0.43305   0.05911   0.03913  -0.19360  -0.28521   0.05427   0.05699  -0.16324  -0.15243   0.02361  -0.00557   0.00029  -0.02633   0.01917   0.13412  -0.32430  -0.49425   0.04530 
  0.07239  -0.24438  -0.35123   0.05597   0.05932  -0.18736  -0.35548   0.03577   0.10664  -0.21587  -0.21605  -0.03132   0.03096  -0.14224  -0.15091   0.07199   0.12949  -0.24202  -0.45514   0.03507 
  0.08525  -0.22541  -0.37886   0.04243   0.05775  -0.23799  -0.29182   0.03877   0.09034  -0.10657  -0.20285  -0.05029  -0.05335   0.01570  -0.22391   0.12310   0.09595  -0.29903  -0.44160   0.06684 
  0.06958  -0.24141  -0.35700   0.05911   0.07564  -0.22593  -0.33727   0.01757   0.11163  -0.07083  -0.29154  -0.10122   0.02676  -0.11528  -0.16037   0.07291   0.11598  -0.28293  -0.41157   0.04677 
  0.08841  -0.23699  -0.35895   0.03841   0.05415  -0.19684  -0.29938   0.03740   0.09655  -0.16023  -0.25820  -0.02850   0.00269  -0.11333  -0.22535   0.11223   0.13606  -0.33511  -0.53074   0.04808 
  0.08480  -0.25343  -0.39548   0.04962   0.07310  -0.18680  -0.36269   0.01710   0.11300  -0.15569  -0.04225  -0.10768   0.01724   0.01594  -0.17109   0.04851   0.11987  -0.31050  -0.40653   0.04642 
  0.08998  -0.23261  -0.35507   0.03537   0.05922  -0.25361  -0.34277   0.04586   0.07848  -0.06075  -0.38745  -0.02786   0.00414   0.06567  -0.22923   0.06111   0.11625  -0.30493  -0.43951   0.05214 
  0.07910  -0.23699  -0.38709   0.05208   0.08009  -0.26539  -0.28131   0.01001   0.07442  -0.05637  -0.16132  -0.05450   0.04663  -0.12864  -0.29862   0.09314   0.12301  -0.22040  -0.47663   0.03947 
  0.09243  -0.22684  -0.37079   0.03359   0.06374  -0.24877  -0.31236   0.03516   0.08909  -0.15880  -0.20142  -0.02376   0.00914   0.00762  -0.19579   0.06673   0.12770  -0.26538  -0.38164   0.03154 
  0.08706  -0.24141  -0.33805   0.03790   0.07170  -0.22567  -0.22859   0.00722   0.04950  -0.13296  -0.10256   0.01455   0.01281  -0.15542  -0.14938   0.09132   0.14271  -0.25780  -0.50645   0.03095 
  0.09265  -0.23846  -0.33252   0.03025   0.04179  -0.21424  -0.26549   0.05183   0.05852   0.01335  -0.22198  -0.05843  -0.00282  -0.01487  -0.15491   0.07215   0.11874  -0.27843  -0.42453   0.04542 
  0.06912  -0.20723  -0.32887   0.05011   0.06805  -0.21828  -0.32682   0.02580   0.11764  -0.06804  -0.36709  -0.10625   0.03723  -0.06772  -0.09163   0.02480   0.13895  -0.26611  -0.46948   0.03177 
  0.09487  -0.21974  -0.37079   0.02948   0.06130  -0.20008  -0.36255   0.03627   0.09258  -0.18938  -0.20853  -0.01647  -0.03661  -0.06200  -0.08861   0.09155   0.11820  -0.28609  -0.39090   0.04306 
  0.08139  -0.23699  -0.34932   0.04492   0.03210  -0.21655  -0.24222   0.06081   0.10721  -0.14866  -0.29597  -0.04918   0.00885  -0.14414  -0.03547   0.05034   0.14594  -0.31889  -0.40633   0.02551 
  0.07818  -0.25802  -0.30074   0.04517   0.04382  -0.18661  -0.28475   0.04703   0.05379  -0.10535  -0.20241   0.01228  -0.05020  -0.03141  -0.08406   0.09253   0.15160  -0.27296  -0.45432   0.01995 
  0.07818  -0.21413  -0.33435   0.04243   0.00672  -0.10423  -0.34586   0.08202   0.06553  -0.25990  -0.01790   0.01845  -0.03276  -0.15912   0.03251   0.05990   0.16018  -0.32085  -0.45158   0.01786 
  0.06652  -0.21693  -0.32706   0.05427   0.03487  -0.20515  -0.34962   0.06931  -0.01973  -0.06729  -0.21134   0.09245   0.01169  -0.14523  -0.13235   0.08478   0.17803  -0.27809  -0.51139   0.00113 
  0.08207  -0.22541  -0.39336   0.04765   0.00384  -0.07461  -0.33486   0.07757   0.05134  -0.19594  -0.23502   0.05479  -0.01402  -0.17065  -0.06603   0.08932   0.18789  -0.42069  -0.56514   0.01264 
  0.07703  -0.22398  -0.40403   0.05403   0.03215  -0.03846  -0.44030   0.04699  -0.00599  -0.25005  -0.23645   0.13790   0.05838  -0.15998  -0.11333   0.03390   0.17773  -0.35542  -0.55251   0.01482 
  0.08457  -0.19242  -0.45192   0.04542   0.00286  -0.02791  -0.37292   0.07175  -0.04423  -0.21669  -0.47874   0.18271  -0.04932   0.03765  -0.08121   0.06976   0.19065  -0.28125  -0.55015  -0.00785 
  0.07005  -0.14841  -0.43769   0.05085   0.02492  -0.06508  -0.43333   0.06168  -0.04963  -0.22596  -0.34677   0.18134   0.02425  -0.15263  -0.11184   0.06758   0.19267  -0.36178  -0.49139  -0.00539 
  0.08253  -0.20450  -0.43536   0.04814  -0.01214  -0.02586  -0.44580   0.09389  -0.00603  -0.32950  -0.52462   0.17473  -0.05117   0.03881  -0.13119   0.08842   0.16873  -0.30902  -0.56563   0.01911 
  0.05625  -0.16548  -0.48186   0.07239  -0.02962   0.07363  -0.47301   0.08652  -0.04823  -0.28141  -0.45456   0.19842  -0.06678  -0.19859  -0.25211   0.18294   0.18053  -0.39802  -0.54092   0.01563 
  0.05114  -0.14602  -0.49765   0.07495  -0.01700  -0.02665  -0.46790   0.10072  -0.09742  -0.08707  -0.64995   0.19638  -0.01881   0.06492  -0.38751   0.11550   0.16220  -0.39562  -0.55520   0.03384 
  0.04572  -0.16798  -0.52530   0.08640  -0.01968   0.02188  -0.53176   0.09590  -0.03006  -0.22925  -0.70710   0.18277  -0.04912  -0.18988  -0.13810   0.14317   0.12083  -0.30239  -0.60386   0.06206 
