IntronPotTab 1 1024 2.41315
    0.04650
   -0.03117
   -0.16293
    0.04591
   -0.03996
   -0.02922
   -0.13817
    0.13297
    0.00383
   -0.00486
   -0.09591
    0.06158
    0.01525
   -0.09421
   -0.09902
    0.09595
   -0.00998
    0.01915
   -0.16889
    0.09156
   -0.04945
    0.03096
   -0.09751
    0.08449
   -0.05834
   -0.02543
   -0.07487
    0.13368
    0.07172
   -0.07685
   -0.07134
    0.03081
    0.03394
   -0.02809
   -0.07631
    0.02036
   -0.03119
   -0.02989
   -0.13997
    0.10201
    0.02098
   -0.01667
   -0.02950
   -0.00274
   -0.00401
   -0.07153
   -0.06466
    0.08077
    0.01357
   -0.06334
   -0.20039
    0.08644
   -0.03186
   -0.05814
   -0.09670
    0.10850
    0.00919
   -0.01343
   -0.16765
    0.08885
    0.01723
   -0.08901
   -0.12633
    0.08428
    0.03041
   -0.04237
   -0.15144
    0.08953
    0.00571
   -0.12438
   -0.06860
    0.11083
   -0.00254
   -0.01171
   -0.11704
    0.08723
    0.00756
   -0.08920
   -0.03265
    0.06550
    0.02268
   -0.01480
   -0.18041
    0.09078
   -0.08822
    0.09640
   -0.08063
    0.05701
   -0.04324
    0.01338
   -0.13925
    0.10226
    0.07761
   -0.07151
   -0.10818
    0.05905
    0.02973
   -0.08881
   -0.08931
    0.09090
   -0.05341
   -0.07669
   -0.06026
    0.11423
   -0.00294
   -0.02222
   -0.06415
    0.05957
   -0.01613
   -0.06403
   -0.02303
    0.07283
    0.21132
   -0.15985
   -0.24664
   -0.01334
    0.11577
   -0.11917
   -0.21171
    0.05394
    0.18773
   -0.12350
   -0.26290
    0.01477
    0.16079
   -0.09612
   -0.16506
    0.05020
    0.03688
   -0.01376
   -0.10890
    0.05645
    0.01531
   -0.11013
   -0.16446
    0.14168
    0.05233
   -0.05424
   -0.11151
    0.03851
    0.03750
   -0.07607
   -0.11170
    0.09332
   -0.00480
    0.02427
   -0.12275
    0.08661
   -0.03304
   -0.01863
   -0.09379
    0.09758
    0.01063
   -0.01264
   -0.15221
    0.08790
    0.11112
   -0.03833
   -0.09652
    0.01794
    0.02338
   -0.02160
   -0.03377
    0.01187
   -0.00599
   -0.06285
   -0.09172
    0.08774
   -0.00188
   -0.02355
    0.02026
    0.00363
   -0.00844
   -0.02339
   -0.10743
    0.10362
    0.02071
   -0.03609
   -0.16740
    0.08810
   -0.00981
   -0.06913
   -0.14653
    0.11199
   -0.01751
    0.00050
   -0.12527
    0.09602
    0.04046
   -0.10368
   -0.13217
    0.09232
   -0.03130
    0.01436
   -0.14935
    0.08216
   -0.05120
   -0.10714
   -0.11606
    0.15207
   -0.03992
    0.03361
   -0.12230
    0.07480
    0.03561
   -0.09890
   -0.10339
    0.06658
   -0.04409
    0.00898
   -0.18289
    0.11113
   -0.04624
   -0.00492
   -0.11274
    0.09199
   -0.05134
    0.03359
   -0.11980
    0.08255
    0.07035
   -0.02078
   -0.12821
    0.03284
    0.01595
   -0.00276
   -0.13049
    0.04725
   -0.06638
   -0.07804
   -0.14445
    0.12766
   -0.02139
    0.01631
   -0.09278
    0.06328
   -0.02668
   -0.05875
   -0.01882
    0.05913
    0.04420
   -0.08087
   -0.26872
    0.07028
   -0.02005
   -0.08831
   -0.17473
    0.11349
    0.04645
   -0.03824
   -0.19949
    0.06725
    0.05689
   -0.08970
   -0.16583
    0.07509
    0.01931
    0.00544
   -0.14718
    0.06710
   -0.08122
   -0.00787
   -0.12266
    0.16320
   -0.03839
    0.01406
   -0.08924
    0.09445
    0.01025
   -0.07714
   -0.10946
    0.10446
   -0.05665
    0.09381
   -0.19112
    0.09765
   -0.09819
    0.11740
   -0.08543
    0.09540
   -0.07933
    0.02541
   -0.12410
    0.12966
    0.01957
   -0.00678
   -0.08677
    0.04406
    0.04130
   -0.03397
   -0.08653
    0.03427
   -0.08291
   -0.00853
   -0.10331
    0.14426
   -0.00283
    0.02636
   -0.02351
   -0.00152
   -0.01723
   -0.03961
   -0.03957
    0.07253
   -0.00964
   -0.05426
   -0.22798
    0.10188
   -0.06799
    0.00547
   -0.13473
    0.12079
   -0.03675
    0.03657
   -0.20979
    0.11558
   -0.01868
   -0.03020
   -0.13760
    0.08600
   -0.01766
    0.00789
   -0.14898
    0.11922
    0.00610
   -0.13575
   -0.11150
    0.14748
   -0.00457
   -0.01560
   -0.08438
    0.07075
    0.03613
   -0.10558
   -0.08544
    0.09869
   -0.03500
    0.11470
   -0.23562
    0.07142
   -0.16550
    0.17658
   -0.15957
    0.06319
   -0.12847
    0.06542
   -0.05117
    0.07025
   -0.03091
   -0.01198
   -0.16063
    0.09145
    0.00288
    0.00020
   -0.11521
    0.07126
   -0.07212
   -0.05887
   -0.01471
    0.11005
   -0.06159
   -0.03926
    0.06357
    0.05207
   -0.02901
   -0.04775
   -0.02291
    0.07946
    0.11058
   -0.10797
   -0.23497
    0.06572
   -0.04747
   -0.05210
   -0.20691
    0.14365
   -0.00475
    0.00551
   -0.19996
    0.10217
    0.05721
   -0.05489
   -0.18022
    0.10226
    0.02979
   -0.01794
   -0.14091
    0.08535
   -0.01273
   -0.05050
   -0.18275
    0.16817
    0.01491
   -0.02244
   -0.14116
    0.09658
    0.02094
   -0.06965
   -0.11286
    0.10739
   -0.02625
    0.05894
   -0.15554
    0.09447
   -0.06857
    0.09392
   -0.14425
    0.10386
   -0.06958
    0.01475
   -0.09538
    0.11777
    0.06653
    0.00347
   -0.10812
    0.03573
    0.03539
   -0.02528
   -0.09933
    0.05014
   -0.06184
   -0.07715
   -0.08864
    0.15889
   -0.05466
    0.00670
   -0.03799
    0.08446
   -0.02897
    0.02423
   -0.10568
    0.10906
   -0.00517
   -0.02071
   -0.20373
    0.09689
   -0.04440
   -0.04332
   -0.15086
    0.13490
   -0.08477
    0.04493
   -0.13224
    0.11439
    0.04564
   -0.06105
   -0.14448
    0.08254
   -0.06097
    0.05701
   -0.21937
    0.09670
   -0.05552
   -0.02317
   -0.12456
    0.10013
   -0.04394
    0.03830
   -0.13927
    0.07817
    0.00158
   -0.06142
   -0.09696
    0.07754
   -0.12099
    0.09994
   -0.28217
    0.14622
   -0.14679
    0.10035
   -0.13553
    0.09729
   -0.10916
    0.04767
   -0.08501
    0.08775
   -0.01987
    0.07209
   -0.16513
    0.02731
   -0.08736
    0.17318
   -0.23117
    0.07058
   -0.08680
    0.00923
   -0.11066
    0.09212
   -0.05383
    0.04161
   -0.05515
    0.05864
   -0.03750
    0.00366
   -0.02850
    0.03966
   -0.03916
   -0.02008
   -0.25661
    0.09778
   -0.12352
   -0.02598
   -0.19627
    0.13380
   -0.09563
    0.03692
   -0.18211
    0.12707
   -0.03285
   -0.01095
   -0.18422
    0.09444
    0.01150
   -0.01763
   -0.10072
    0.06561
   -0.04182
   -0.01873
   -0.12653
    0.13771
   -0.02599
   -0.02254
   -0.09047
    0.13405
    0.02409
   -0.13294
   -0.06905
    0.09548
   -0.02499
    0.01881
   -0.11549
    0.08620
   -0.05879
    0.01242
   -0.08334
    0.10568
   -0.07371
    0.05398
   -0.12330
    0.16230
    0.06603
   -0.07138
   -0.08290
    0.04855
   -0.00051
   -0.04311
    0.00569
    0.02362
   -0.03711
   -0.08525
   -0.05228
    0.10413
    0.00199
    0.03121
   -0.01498
   -0.01597
    0.02035
   -0.07406
   -0.03455
    0.05028
    0.00021
   -0.02916
   -0.15898
    0.07655
    0.00825
   -0.09116
   -0.11102
    0.10738
   -0.02011
   -0.01233
   -0.12196
    0.11845
    0.03900
   -0.13227
   -0.10543
    0.09274
    0.02425
   -0.06881
   -0.09618
    0.08738
    0.01393
   -0.09084
   -0.07686
    0.09611
    0.00782
   -0.06138
   -0.06101
    0.09675
    0.04679
   -0.13827
   -0.02582
    0.06966
   -0.00578
    0.06998
   -0.13882
    0.04255
   -0.10764
    0.09656
   -0.15968
    0.10921
   -0.04982
   -0.03916
   -0.04938
    0.10387
    0.04865
   -0.09344
   -0.08137
    0.08208
    0.00498
   -0.01606
   -0.07158
    0.06279
   -0.04604
   -0.08118
   -0.07209
    0.11581
   -0.04463
   -0.01371
   -0.01530
    0.06745
    0.00632
   -0.09157
    0.01373
    0.05076
    0.22056
   -0.15206
   -0.25227
   -0.01572
    0.11431
   -0.07489
   -0.23501
    0.04408
    0.15826
   -0.08474
   -0.23123
    0.03848
    0.23973
   -0.14920
   -0.15614
    0.04482
    0.03121
    0.02041
   -0.11424
    0.04923
   -0.00707
   -0.04981
   -0.12666
    0.13570
    0.02231
   -0.04431
   -0.06630
    0.07190
    0.05698
   -0.11723
   -0.07110
    0.07989
   -0.01067
    0.01826
   -0.09376
    0.07064
   -0.05039
    0.03543
   -0.06036
    0.07552
   -0.06984
    0.01857
   -0.04284
    0.11044
    0.06570
   -0.03584
   -0.05957
    0.03337
    0.04340
   -0.03169
   -0.08112
    0.03122
   -0.05642
   -0.04519
   -0.08906
    0.13794
   -0.05051
   -0.06434
    0.08788
    0.02184
   -0.04958
   -0.04712
   -0.06211
    0.11196
   -0.01881
   -0.00004
   -0.15436
    0.08302
   -0.03262
   -0.00916
   -0.12885
    0.10000
   -0.04842
    0.01527
   -0.12052
    0.12643
   -0.01766
   -0.07636
   -0.11809
    0.10977
   -0.00881
    0.07076
   -0.27726
    0.09582
   -0.05124
   -0.06574
   -0.21809
    0.17231
   -0.04721
    0.03064
   -0.17052
    0.10254
    0.02207
   -0.08797
   -0.13731
    0.10321
   -0.04261
    0.02099
   -0.19252
    0.10828
   -0.09338
    0.02668
   -0.11339
    0.11206
   -0.04701
    0.02294
   -0.11684
    0.08261
    0.03278
   -0.00368
   -0.11635
    0.04861
    0.01682
    0.05640
   -0.18653
    0.04639
   -0.07318
   -0.06520
   -0.19221
    0.14438
   -0.01193
    0.00076
   -0.05197
    0.04034
   -0.05488
   -0.06528
    0.03048
    0.05012
    0.01183
   -0.04199
   -0.25560
    0.08456
   -0.07116
   -0.06376
   -0.19268
    0.14056
   -0.00964
   -0.02495
   -0.16276
    0.09780
    0.01205
   -0.04588
   -0.16490
    0.09245
   -0.01413
    0.02136
   -0.16133
    0.08601
   -0.07131
   -0.02126
   -0.12136
    0.14518
   -0.00815
    0.04117
   -0.14855
    0.05505
   -0.01306
   -0.04108
   -0.11968
    0.09765
   -0.03339
   -0.00042
   -0.17007
    0.11281
   -0.05604
    0.03973
   -0.15164
    0.10098
   -0.06458
    0.01623
   -0.13510
    0.12205
    0.02793
   -0.03465
   -0.08040
    0.04478
    0.01013
   -0.02189
   -0.09782
    0.06048
   -0.07619
   -0.07544
   -0.14419
    0.15152
    0.01696
    0.00149
   -0.08105
    0.02508
    0.00854
   -0.01305
   -0.11071
    0.06332
   -0.05847
   -0.07715
   -0.28544
    0.11360
   -0.07153
   -0.04646
   -0.13700
    0.13975
   -0.03036
    0.01879
   -0.17935
    0.09331
   -0.00127
   -0.04712
   -0.13565
    0.07535
   -0.01672
   -0.02092
   -0.19060
    0.14271
   -0.00938
   -0.11424
   -0.13850
    0.13591
   -0.02210
   -0.03051
   -0.11741
    0.11635
    0.03126
   -0.15731
   -0.05863
    0.11286
   -0.04670
    0.01450
   -0.19870
    0.12836
   -0.15350
    0.07880
   -0.17776
    0.13054
   -0.07592
   -0.03609
   -0.09172
    0.12567
    0.03431
   -0.07548
   -0.13185
    0.09636
    0.01668
   -0.03352
   -0.12051
    0.08040
   -0.06726
   -0.04131
   -0.15682
    0.11828
   -0.02407
   -0.01274
   -0.07155
    0.06529
    0.02155
   -0.11712
   -0.03161
    0.10125
    0.13757
   -0.13671
   -0.31388
    0.07600
   -0.02107
   -0.09208
   -0.25511
    0.14043
    0.06655
   -0.08156
   -0.26844
    0.12095
    0.12950
   -0.10669
   -0.17254
    0.10071
    0.02288
    0.03170
   -0.17328
    0.09164
   -0.02743
   -0.03050
   -0.17555
    0.14973
    0.03811
   -0.00565
   -0.17570
    0.06840
    0.02889
   -0.06748
   -0.14003
    0.11435
   -0.02739
    0.02083
   -0.18764
    0.12749
   -0.06101
    0.00459
   -0.13524
    0.12545
   -0.08773
    0.02295
   -0.10858
    0.12393
    0.06291
    0.00250
   -0.14760
    0.07719
    0.01569
   -0.02741
   -0.12436
    0.08127
   -0.03787
   -0.05491
   -0.17624
    0.14013
   -0.04190
   -0.01548
    0.00281
    0.05682
   -0.01400
   -0.03090
   -0.13711
    0.14384
   -0.03807
    0.00281
   -0.26457
    0.12375
   -0.07112
   -0.05928
   -0.19156
    0.15771
   -0.07649
   -0.00059
   -0.22665
    0.14883
   -0.01754
   -0.03723
   -0.18651
    0.12710
   -0.03794
    0.01900
   -0.17379
    0.08739
   -0.06285
   -0.08874
   -0.13322
    0.13855
   -0.03697
   -0.00811
   -0.14276
    0.10327
   -0.04817
   -0.07596
   -0.09729
    0.09380
   -0.04261
    0.01055
   -0.23582
    0.12392
   -0.13676
    0.04375
   -0.16618
    0.12402
   -0.08645
    0.01225
   -0.13110
    0.10937
    0.02375
   -0.01316
   -0.14097
    0.04829
   -0.01084
    0.05233
   -0.17867
    0.06155
   -0.09976
   -0.05357
   -0.13562
    0.12902
   -0.04044
    0.01410
   -0.07007
    0.06839
   -0.07250
   -0.04108
   -0.05997
    0.08050
   -0.00208
   -0.03989
   -0.26383
    0.08503
   -0.10566
   -0.05946
   -0.19152
    0.13068
   -0.06878
   -0.00610
   -0.18298
    0.12634
   -0.01878
   -0.06840
   -0.16340
    0.09708
