IntronPotTab 1 1024 3.29769
    0.03319
    0.20358
   -0.02586
   -0.17763
    0.03435
    0.05089
   -0.03337
   -0.07348
   -0.02172
    0.17241
   -0.09321
   -0.08355
   -0.28867
    0.27395
    0.30200
   -0.07712
   -0.01963
    0.10551
   -0.11068
    0.01279
   -0.01325
    0.10577
   -0.03436
   -0.09053
   -0.03436
    0.08063
   -0.08186
    0.02948
   -0.13223
    0.09314
    0.13195
   -0.10051
   -0.04572
    0.16322
   -0.01178
   -0.10093
   -0.00327
    0.04644
   -0.05601
   -0.01336
   -0.02426
    0.11971
   -0.02947
   -0.10828
   -0.23698
    0.15342
    0.14522
   -0.08259
   -0.21685
    0.39563
    0.07287
   -0.06028
    0.01798
    0.08114
    0.01631
   -0.10139
   -0.01794
    0.07781
   -0.07428
    0.00260
   -0.46628
    0.29034
    0.35914
    0.00489
   -0.01789
    0.04853
   -0.03828
    0.01101
    0.07963
   -0.02209
   -0.08696
   -0.01407
    0.00363
    0.01461
   -0.07037
    0.05692
   -0.06451
    0.01487
    0.04215
   -0.02211
   -0.04471
    0.09153
   -0.10182
    0.04012
   -0.01731
    0.10387
   -0.03617
   -0.06780
   -0.05321
    0.05215
   -0.07335
    0.05555
   -0.10230
    0.06275
    0.04962
   -0.05615
    0.00414
    0.01137
   -0.03025
    0.02553
    0.02223
   -0.03584
    0.00240
    0.02658
    0.00882
    0.00386
    0.00137
   -0.01880
   -0.09884
   -0.00847
    0.04113
    0.03294
    0.05518
    0.07981
   -0.04822
   -0.10592
   -0.00193
    0.05783
   -0.04755
   -0.01338
    0.20567
   -0.00990
   -0.20176
   -0.03452
   -0.30407
    0.10705
    0.12052
   -0.02774
    0.03046
    0.13228
   -0.07956
   -0.05671
    0.05335
    0.00423
   -0.09409
    0.01945
    0.05365
    0.08150
   -0.10847
   -0.06018
   -0.14272
    0.11321
    0.07530
   -0.06426
   -0.01227
    0.08936
   -0.09778
    0.04119
   -0.01523
    0.09421
   -0.07838
   -0.02590
   -0.00613
    0.05590
   -0.07190
    0.01722
   -0.04310
    0.01794
    0.09227
   -0.09583
   -0.00735
    0.09469
   -0.03089
   -0.05372
    0.01896
    0.00702
   -0.08287
    0.03601
   -0.01081
    0.05115
    0.02201
   -0.08872
   -0.16993
    0.10170
    0.04835
   -0.02868
   -0.11837
    0.18572
   -0.00520
   -0.05630
    0.01181
    0.05561
   -0.09874
    0.01413
   -0.01391
    0.08166
   -0.07620
    0.00654
   -0.23968
    0.13429
    0.06748
   -0.03229
   -0.12315
    0.43795
    0.03895
   -0.12060
    0.05482
    0.01686
    0.04444
   -0.08262
   -0.07517
    0.13656
   -0.08218
   -0.00915
   -0.30064
    0.36170
    0.40080
   -0.13023
   -0.05438
    0.11306
   -0.10428
    0.02950
   -0.02725
    0.14454
   -0.07310
   -0.07588
   -0.07759
    0.11614
   -0.08284
    0.01276
   -0.13246
    0.10694
    0.05938
   -0.07148
    0.01261
    0.02590
   -0.02392
   -0.01341
   -0.02451
   -0.01143
   -0.06096
    0.07061
   -0.01623
    0.05313
   -0.02535
   -0.03413
   -0.11067
    0.05883
    0.01145
   -0.00138
   -0.28758
    0.50901
    0.07342
   -0.06879
    0.01467
    0.06711
   -0.00039
   -0.07031
   -0.02551
    0.10308
   -0.08264
   -0.01477
   -0.45294
    0.29687
    0.28095
   -0.03834
    0.00639
    0.11283
   -0.09785
   -0.02181
   -0.01550
    0.08300
   -0.12645
    0.01898
   -0.02639
    0.08705
   -0.11924
    0.05641
   -0.11453
    0.09059
   -0.02373
    0.03196
   -0.05621
    0.13031
   -0.13712
    0.02824
   -0.03393
    0.12309
   -0.11806
   -0.00434
   -0.02952
    0.09770
   -0.08769
    0.00334
   -0.08899
    0.05250
    0.00076
   -0.00283
   -0.01215
    0.08547
   -0.02578
   -0.06094
   -0.03385
    0.08000
   -0.12224
    0.01803
   -0.00517
    0.08323
   -0.07245
   -0.04743
   -0.11918
    0.07697
   -0.04035
    0.02912
   -0.06863
    0.09646
   -0.12620
    0.03012
   -0.02833
    0.07745
   -0.12655
    0.04409
   -0.03983
    0.08108
   -0.08132
    0.03437
   -0.15686
    0.07824
   -0.03702
    0.04654
    0.01339
    0.03826
   -0.08493
    0.05465
    0.00871
    0.05355
   -0.11095
    0.00522
    0.00343
    0.05812
   -0.12995
    0.05418
   -0.03980
    0.02719
   -0.01701
    0.00936
    0.01312
    0.06218
   -0.12035
    0.05739
   -0.08756
    0.15259
   -0.11951
   -0.03114
   -0.05873
    0.04777
   -0.05731
    0.05812
   -0.17454
    0.08881
   -0.02566
   -0.00285
    0.00485
    0.01705
   -0.04479
    0.04512
   -0.00607
    0.00432
   -0.07215
    0.06565
    0.00479
    0.02139
   -0.03715
    0.00470
   -0.09938
    0.04581
   -0.02424
    0.01421
   -0.20106
    0.17482
    0.00291
   -0.02464
   -0.01932
    0.07312
   -0.10590
    0.03415
   -0.04410
    0.07057
   -0.11446
    0.07382
   -0.30713
    0.09834
    0.04300
    0.00602
    0.01009
    0.07875
   -0.12065
    0.06220
   -0.00531
    0.05955
   -0.13301
    0.08534
    0.03075
    0.05849
   -0.11792
    0.05570
   -0.03408
    0.06832
   -0.08670
    0.08711
   -0.00742
    0.08811
   -0.14613
    0.08224
   -0.05466
    0.14578
   -0.15003
    0.03509
   -0.00550
    0.08852
   -0.13379
    0.04041
    0.02224
    0.00094
   -0.01037
    0.00175
    0.02100
    0.04977
   -0.08975
    0.02506
   -0.02170
    0.06758
   -0.16831
    0.10402
    0.00890
    0.02148
   -0.01507
   -0.02709
   -0.07844
    0.04696
   -0.05749
    0.08200
   -0.06755
    0.05960
   -0.13003
    0.08222
   -0.03169
    0.07119
   -0.15928
    0.10368
   -0.05765
    0.07883
   -0.10532
    0.07806
   -0.02007
    0.04295
   -0.09540
    0.08966
   -0.27670
    0.48146
   -0.19418
   -0.15384
    0.01796
    0.06052
   -0.07212
   -0.04004
    0.01449
    0.05296
   -0.06987
   -0.00667
   -0.27893
    0.20296
    0.17487
   -0.05018
   -0.05582
    0.12033
   -0.10193
    0.02388
   -0.06412
    0.15795
   -0.10998
   -0.04380
   -0.05734
    0.07853
   -0.07240
    0.04265
   -0.12213
    0.11518
   -0.00759
   -0.05742
   -0.17319
    0.27223
   -0.21029
   -0.07542
   -0.05319
    0.06626
   -0.07548
    0.02082
   -0.03879
    0.07979
   -0.04194
   -0.02666
   -0.14461
    0.06541
   -0.02274
    0.02938
   -0.25464
    0.33466
    0.05913
   -0.07391
   -0.02933
    0.10718
   -0.09821
   -0.02649
   -0.05640
    0.08079
   -0.06220
    0.03441
   -0.42456
    0.18941
    0.12541
   -0.01075
   -0.03977
    0.13564
   -0.02910
   -0.05535
    0.00274
    0.05887
   -0.05616
   -0.02768
   -0.01354
    0.11251
   -0.10940
   -0.01508
   -0.10673
    0.11031
    0.07403
   -0.07111
   -0.04061
    0.07932
   -0.07644
    0.04692
   -0.01218
    0.08013
   -0.03309
   -0.03913
   -0.03936
    0.08096
   -0.04340
    0.01833
   -0.01868
    0.00530
    0.04134
   -0.04279
   -0.03893
    0.09436
   -0.01131
   -0.04781
   -0.00946
    0.05313
   -0.10713
    0.02143
   -0.02590
    0.09376
   -0.02819
   -0.07070
   -0.12489
    0.09413
    0.04680
   -0.06174
   -0.13428
    0.16458
   -0.03096
   -0.00800
   -0.00357
    0.06749
   -0.07110
   -0.01372
   -0.02454
    0.10132
   -0.06824
   -0.01514
   -0.22838
    0.12140
    0.05381
    0.00155
   -0.01926
    0.05187
   -0.06014
    0.03673
    0.03621
    0.03348
   -0.10993
    0.00989
    0.01246
    0.03721
   -0.08779
    0.03307
   -0.04094
    0.00749
   -0.00350
    0.02366
   -0.05406
    0.06775
   -0.07709
    0.06187
   -0.03706
    0.10931
   -0.08040
   -0.00609
   -0.08292
    0.06021
   -0.06321
    0.06045
   -0.09508
    0.04995
    0.00215
   -0.01780
   -0.01145
    0.03624
   -0.05527
    0.04108
    0.03009
   -0.00620
   -0.06180
    0.03241
   -0.03413
    0.02069
   -0.00205
    0.00019
   -0.07533
    0.01462
    0.00513
    0.02006
    0.20699
    0.02307
   -0.15556
   -0.17083
   -0.00758
    0.05398
   -0.10210
    0.04208
    0.21908
   -0.02317
   -0.21649
   -0.01792
   -0.22163
    0.04500
    0.05069
    0.01276
    0.01628
    0.06775
   -0.08782
    0.02719
    0.00229
    0.05021
   -0.12289
    0.06388
    0.01278
    0.07193
   -0.07395
   -0.00253
   -0.06342
    0.03600
    0.00136
    0.01989
   -0.00885
    0.07844
   -0.09394
    0.04392
   -0.02735
    0.10739
   -0.11194
    0.01687
    0.00437
    0.07185
   -0.07778
    0.01141
    0.02733
    0.00250
    0.01600
   -0.04323
    0.00741
    0.06277
   -0.03796
   -0.02695
    0.02372
    0.02525
   -0.09749
    0.03229
    0.00256
    0.02386
    0.03970
   -0.09438
   -0.08770
    0.05743
   -0.00199
    0.00419
   -0.10794
    0.15067
   -0.06709
   -0.01295
   -0.04548
    0.08193
   -0.08783
    0.03681
   -0.06666
    0.09213
   -0.06795
    0.04551
   -0.18813
    0.08497
   -0.01269
    0.03597
   -0.02034
    0.26949
   -0.19282
   -0.05525
    0.00840
    0.07570
   -0.18643
    0.02789
   -0.03455
    0.16452
   -0.15939
   -0.03203
   -0.15532
    0.16208
    0.04252
   -0.04040
   -0.04653
    0.11392
   -0.15656
    0.06697
   -0.04882
    0.13328
   -0.11621
   -0.00883
   -0.07562
    0.12291
   -0.07786
    0.01129
   -0.05468
    0.06406
   -0.03852
   -0.00315
    0.00945
    0.06880
   -0.09940
    0.01315
   -0.03445
    0.01473
   -0.09129
    0.06784
   -0.03608
    0.08905
   -0.05167
   -0.02954
   -0.10876
    0.03562
    0.02073
    0.00771
   -0.17750
    0.28027
   -0.10998
   -0.02702
   -0.03186
    0.08825
   -0.13689
    0.02093
   -0.04600
    0.09467
   -0.10048
    0.04190
   -0.24547
    0.11368
    0.04435
   -0.01083
   -0.06902
    0.40978
   -0.01196
   -0.13587
    0.13161
    0.04062
    0.06025
   -0.19465
   -0.02106
    0.18626
   -0.11358
   -0.07890
   -0.32067
    0.40033
    0.53447
   -0.10669
   -0.06023
    0.11876
   -0.09581
    0.02556
    0.00799
    0.10690
   -0.04546
   -0.07557
   -0.03917
    0.05453
   -0.03591
    0.02414
   -0.14168
    0.09596
    0.21968
   -0.15925
   -0.07952
    0.19572
    0.01368
   -0.09583
    0.08089
    0.01605
   -0.06486
   -0.05087
    0.03689
    0.10837
   -0.07668
   -0.08945
   -0.24597
    0.21315
    0.07505
   -0.03119
   -0.32816
    0.49163
    0.03809
   -0.00961
    0.04975
    0.05768
    0.00381
   -0.09081
   -0.02750
    0.08204
   -0.04724
   -0.01705
   -0.46662
    0.40547
    0.41059
   -0.02971
    0.01107
    0.02545
   -0.06875
    0.04675
    0.00165
    0.01068
   -0.10478
    0.06416
    0.00703
    0.01018
   -0.06784
    0.05848
   -0.04099
   -0.00325
    0.00525
    0.02786
   -0.00365
    0.07220
   -0.12308
    0.05859
   -0.04012
    0.11072
   -0.07487
   -0.02358
   -0.03322
    0.00979
   -0.05758
    0.08053
   -0.06717
    0.01667
    0.05237
   -0.03734
    0.03828
   -0.00156
   -0.02432
   -0.00127
    0.04017
   -0.03945
   -0.07512
    0.07401
    0.00655
   -0.01578
    0.00754
    0.01037
   -0.10347
   -0.00497
    0.04228
    0.02284
   -0.14295
    0.15777
    0.03645
   -0.04424
    0.00434
    0.03682
   -0.11092
    0.04762
    0.01473
    0.04944
   -0.12576
    0.06249
   -0.31877
    0.07472
    0.08403
   -0.00175
    0.04844
    0.07212
   -0.12532
    0.02744
    0.01448
    0.03971
   -0.15942
    0.08429
    0.06678
    0.05194
   -0.12961
   -0.00295
   -0.03381
    0.04647
   -0.04057
    0.03753
   -0.01083
    0.09723
   -0.14838
    0.08125
   -0.06184
    0.11860
   -0.15637
    0.05372
    0.00771
    0.07338
   -0.12252
    0.02814
    0.10201
   -0.02574
   -0.00540
   -0.03447
    0.00778
    0.04460
   -0.05505
    0.00403
   -0.02593
    0.04087
   -0.14020
    0.08092
    0.03655
    0.02250
   -0.02539
   -0.04889
   -0.10861
    0.05252
   -0.04015
    0.06330
   -0.09780
    0.11379
   -0.12449
    0.03890
   -0.03564
    0.07640
   -0.17004
    0.08766
   -0.05728
    0.08327
   -0.10825
    0.05964
   -0.12055
    0.06117
   -0.06233
    0.06945
   -0.15572
    0.58127
    0.04382
   -0.17262
    0.03562
    0.05531
   -0.05698
   -0.04843
   -0.08399
    0.16216
   -0.02101
   -0.07182
   -0.36672
    0.39796
    0.52685
   -0.08776
   -0.04078
    0.10376
   -0.11618
    0.04625
   -0.04646
    0.12287
   -0.07783
   -0.03358
   -0.05085
    0.08081
   -0.07192
    0.03446
   -0.12080
    0.08205
    0.04012
   -0.03364
    0.01891
    0.06041
   -0.06534
   -0.01824
   -0.03800
   -0.01177
   -0.06600
    0.07802
   -0.02160
    0.02822
    0.01365
   -0.02833
   -0.16697
    0.04865
    0.01703
    0.02889
   -0.29828
    0.53979
    0.08127
   -0.06841
   -0.00665
    0.05877
   -0.06999
   -0.01372
   -0.03390
    0.09419
   -0.08595
    0.01390
   -0.47361
    0.22180
    0.20207
    0.04412
