IntronPotTab 1 1024 -24.65277 2.44636 32.08329 43472 6 16  436.45
   -0.01408
   -0.02932
    0.02820
    0.01696
   -0.02376
   -0.04816
   -0.11753
    0.08131
   -0.02685
   -0.03327
   -0.00685
    0.05699
   -0.05307
   -0.04108
    0.05292
    0.03358
   -0.03832
   -0.03981
    0.01767
    0.05949
    0.00272
   -0.06086
   -0.11719
    0.07180
   -0.01245
   -0.06399
   -0.02840
    0.06665
   -0.02846
   -0.10271
    0.07183
    0.03772
   -0.01211
   -0.05571
   -0.01623
    0.05540
   -0.02030
   -0.06385
   -0.12036
    0.07465
    0.00338
   -0.05170
    0.02200
    0.00878
   -0.01686
   -0.08833
   -0.01869
    0.05602
   -0.05886
   -0.00860
    0.06495
    0.03590
   -0.04019
   -0.04382
   -0.11857
    0.09535
   -0.03226
   -0.00960
   -0.02561
    0.05900
   -0.07185
   -0.02465
    0.04958
    0.03377
   -0.01539
   -0.05618
   -0.00495
    0.05835
   -0.01190
   -0.05593
   -0.08912
    0.07720
   -0.01108
   -0.07833
   -0.05527
    0.08724
   -0.04027
   -0.06862
    0.01588
    0.05662
   -0.01782
   -0.07018
   -0.03168
    0.07351
   -0.00843
   -0.03046
   -0.17947
    0.07526
    0.00400
   -0.08215
   -0.05239
    0.07672
   -0.03502
   -0.07329
    0.01422
    0.05615
   -0.01494
   -0.09315
   -0.00311
    0.07843
    0.00833
   -0.08156
   -0.11498
    0.10105
    0.04618
   -0.13231
   -0.02582
    0.04535
   -0.02553
   -0.09468
   -0.01343
    0.07910
   -0.01484
   -0.06143
    0.01848
    0.03747
   -0.02884
   -0.05197
   -0.13126
    0.09441
   -0.00687
   -0.06329
   -0.04407
    0.07301
   -0.03887
   -0.03689
    0.00806
    0.03701
   -0.00922
   -0.01732
   -0.04418
    0.06080
    0.00143
   -0.04035
   -0.14767
    0.06629
   -0.03117
   -0.02456
   -0.00873
    0.07082
   -0.02001
   -0.05948
   -0.00851
    0.04750
   -0.03899
   -0.03479
   -0.03411
    0.07831
   -0.00352
   -0.05719
   -0.18939
    0.08803
   -0.01475
   -0.06939
   -0.03380
    0.08371
   -0.01191
   -0.10366
    0.02431
    0.04607
    0.00552
   -0.05968
   -0.04096
    0.05365
   -0.00757
   -0.05670
   -0.15889
    0.08332
    0.00158
   -0.06302
    0.02119
    0.01282
   -0.06789
   -0.05664
   -0.00606
    0.06996
   -0.03075
   -0.04993
    0.02960
    0.03680
   -0.00900
   -0.05607
   -0.13155
    0.07846
   -0.02753
   -0.02158
   -0.02417
    0.05752
   -0.02475
   -0.04386
   -0.01364
    0.04038
   -0.04504
    0.00869
    0.03650
    0.03104
   -0.02442
   -0.06616
   -0.09865
    0.08717
   -0.02794
   -0.02488
   -0.00691
    0.04728
   -0.05561
   -0.00252
    0.05754
    0.02513
   -0.04652
   -0.03175
    0.01869
    0.05586
   -0.03600
   -0.02072
   -0.12002
    0.08139
   -0.03555
   -0.04350
   -0.04771
    0.09710
   -0.03678
   -0.07654
    0.07755
    0.02716
   -0.01316
   -0.04308
   -0.03102
    0.04967
   -0.04653
   -0.05431
   -0.12337
    0.10418
   -0.00809
   -0.07451
   -0.01734
    0.05710
   -0.03702
   -0.06205
    0.00122
    0.04895
   -0.06447
   -0.00010
    0.05899
    0.03213
   -0.04696
   -0.03589
   -0.11156
    0.08687
   -0.02745
   -0.00817
   -0.03002
    0.05143
   -0.05517
    0.00366
    0.04703
    0.00741
   -0.02041
   -0.02287
   -0.02545
    0.05104
   -0.04682
   -0.03365
   -0.15277
    0.10426
   -0.03249
   -0.05653
   -0.02666
    0.08122
   -0.04036
   -0.05623
    0.01077
    0.04833
   -0.04444
   -0.00176
   -0.01282
    0.05406
   -0.04100
    0.02335
   -0.15432
    0.08296
   -0.01498
   -0.04902
   -0.02274
    0.05156
   -0.04633
   -0.07547
    0.05688
    0.04001
   -0.00036
   -0.05336
   -0.04311
    0.05520
   -0.03165
   -0.04974
   -0.16737
    0.09645
    0.02634
   -0.03118
    0.01764
   -0.02301
   -0.03724
   -0.07830
   -0.01967
    0.06638
   -0.04556
   -0.05380
    0.02493
    0.05064
   -0.05480
   -0.03303
   -0.13072
    0.10826
   -0.04196
   -0.03092
   -0.02372
    0.06950
   -0.05391
   -0.05485
    0.00119
    0.05063
    0.00878
   -0.04625
   -0.04248
    0.04695
    0.00104
   -0.05191
   -0.16445
    0.08889
   -0.02550
   -0.07224
   -0.06802
    0.11764
   -0.02399
   -0.06961
   -0.00340
    0.05645
   -0.01668
   -0.02676
   -0.04211
    0.05477
   -0.06488
    0.08023
   -0.27399
    0.06885
   -0.01618
   -0.02002
   -0.08125
    0.08037
   -0.07945
   -0.04257
   -0.00007
    0.07234
   -0.00903
   -0.07509
   -0.02315
    0.07457
    0.03766
   -0.10645
   -0.16505
    0.13278
   -0.00510
   -0.11378
   -0.01544
    0.08527
   -0.02679
   -0.09310
   -0.00255
    0.07391
   -0.02914
   -0.03359
   -0.02521
    0.06823
   -0.02295
   -0.04301
   -0.18478
    0.09457
   -0.02266
   -0.05702
   -0.07118
    0.10749
   -0.03951
   -0.07576
   -0.02840
    0.07769
   -0.00150
   -0.06772
   -0.04300
    0.07478
    0.03486
   -0.06373
   -0.21879
    0.12268
   -0.01742
   -0.09632
   -0.03062
    0.09738
   -0.00924
   -0.07990
   -0.05700
    0.08387
   -0.03119
   -0.02639
   -0.05815
    0.07673
    0.00101
   -0.00953
   -0.20084
    0.12722
    0.03201
   -0.05620
   -0.11725
    0.09596
   -0.00142
   -0.07386
   -0.04206
    0.06771
    0.03042
   -0.09917
   -0.06403
    0.06643
    0.06907
   -0.05831
   -0.18376
    0.09424
    0.02863
   -0.10678
   -0.00767
    0.03440
   -0.03001
   -0.09842
   -0.03399
    0.08418
   -0.03415
   -0.08774
    0.02246
    0.06799
    0.01375
   -0.05578
   -0.22023
    0.13236
   -0.02599
   -0.03888
   -0.07185
    0.09479
   -0.02318
   -0.08222
   -0.04603
    0.07190
   -0.03582
   -0.00283
   -0.04038
    0.06183
   -0.03812
   -0.03515
   -0.14701
    0.08801
   -0.02360
   -0.05711
   -0.04064
    0.08187
   -0.04323
   -0.04119
    0.01086
    0.04401
   -0.02911
   -0.03913
   -0.02757
    0.06283
   -0.04195
    0.02717
   -0.17019
    0.06710
   -0.02273
   -0.07791
   -0.07530
    0.11015
   -0.04843
   -0.02176
    0.03759
    0.02661
   -0.01607
   -0.04311
   -0.08132
    0.07806
   -0.02726
   -0.06469
   -0.14462
    0.08914
   -0.01232
   -0.05623
   -0.01876
    0.05161
   -0.03186
   -0.08391
   -0.02509
    0.06669
   -0.03106
   -0.02998
   -0.00964
    0.04853
   -0.03478
   -0.02621
   -0.14542
    0.07053
   -0.03681
   -0.02359
   -0.05085
    0.07910
   -0.03994
   -0.03523
   -0.01724
    0.04494
   -0.03014
   -0.01362
   -0.02160
    0.06057
   -0.03084
   -0.07084
   -0.15910
    0.10774
   -0.06365
   -0.04168
   -0.01855
    0.12593
   -0.03494
   -0.04466
   -0.00004
    0.04500
   -0.03927
   -0.02174
   -0.01169
    0.05909
   -0.00662
   -0.04156
   -0.18587
    0.09081
   -0.02656
   -0.05638
   -0.03625
    0.09153
   -0.00533
   -0.10130
    0.06263
    0.02283
    0.00461
   -0.04030
   -0.05894
    0.06400
   -0.01251
   -0.06880
   -0.13654
    0.07356
   -0.01840
   -0.04869
    0.03040
    0.03073
   -0.01474
   -0.07747
   -0.01111
    0.04490
   -0.03448
   -0.03510
    0.00982
    0.04160
   -0.03284
   -0.05156
   -0.15672
    0.11042
   -0.05328
   -0.00154
   -0.01263
    0.07616
   -0.03684
   -0.03943
    0.01255
    0.03051
   -0.01701
   -0.05723
   -0.03952
    0.08260
   -0.01180
   -0.04638
   -0.12976
    0.09109
   -0.01524
   -0.09586
   -0.07133
    0.13426
   -0.01421
   -0.06683
   -0.01358
    0.05806
   -0.01016
   -0.06393
   -0.03395
    0.06394
   -0.03918
   -0.00530
   -0.20398
    0.10882
   -0.00021
   -0.09516
   -0.05705
    0.11658
   -0.01853
   -0.09770
    0.02898
    0.05408
    0.02606
   -0.10053
   -0.06245
    0.08589
    0.02131
   -0.10715
   -0.10560
    0.11998
    0.01989
   -0.12984
    0.01576
    0.07545
    0.00198
   -0.12869
   -0.00901
    0.07615
   -0.01029
   -0.06932
   -0.03130
    0.07006
   -0.01575
   -0.06232
   -0.19005
    0.11279
   -0.00219
   -0.09052
   -0.06829
    0.12572
    0.00771
   -0.08230
   -0.02625
    0.06081
    0.00251
   -0.04573
   -0.03754
    0.05299
    0.01469
   -0.05908
   -0.19216
    0.08557
   -0.01772
   -0.05206
   -0.01811
    0.07286
    0.00067
   -0.08623
   -0.02093
    0.05403
   -0.03003
   -0.05139
   -0.02457
    0.06929
   -0.00167
   -0.04678
   -0.23759
    0.11694
    0.00848
   -0.07251
   -0.05219
    0.08729
   -0.00522
   -0.10576
   -0.00019
    0.05384
    0.00651
   -0.07865
   -0.01842
    0.04504
    0.00676
   -0.06271
   -0.19416
    0.08703
    0.01676
   -0.08986
    0.03992
   -0.00673
   -0.03583
   -0.09690
    0.00740
    0.05224
   -0.03690
   -0.06498
    0.05396
    0.03249
   -0.00509
   -0.06099
   -0.19726
    0.11285
   -0.03806
   -0.00856
   -0.03349
    0.07541
   -0.02311
   -0.07099
   -0.01913
    0.05282
   -0.03104
    0.00312
   -0.05026
    0.05905
   -0.01529
   -0.07881
   -0.19423
    0.10888
   -0.02444
   -0.04229
   -0.02995
    0.06561
   -0.03045
   -0.02838
   -0.00428
    0.03836
   -0.03020
   -0.04447
   -0.00118
    0.05311
   -0.03606
   -0.02312
   -0.16781
    0.09593
   -0.01344
   -0.04365
   -0.03026
    0.05677
   -0.02744
   -0.06358
    0.04516
    0.02965
    0.00182
   -0.06379
   -0.06842
    0.06551
   -0.02906
   -0.07430
   -0.13683
    0.10046
   -0.01049
   -0.07085
    0.00696
    0.04553
   -0.02301
   -0.06586
   -0.01176
    0.04809
   -0.03773
   -0.01268
    0.00589
    0.03715
   -0.03258
   -0.05278
   -0.17965
    0.10121
   -0.01957
   -0.00995
   -0.02370
    0.04006
   -0.03347
   -0.00227
    0.00627
    0.01542
   -0.03819
    0.00608
    0.02497
    0.03268
   -0.03584
   -0.04691
   -0.10635
    0.08264
   -0.02134
    0.00386
   -0.03810
    0.04420
   -0.06467
    0.00304
    0.05195
    0.02086
   -0.04614
   -0.03298
    0.00238
    0.06195
   -0.02065
   -0.03856
   -0.11883
    0.07240
   -0.01240
   -0.02554
   -0.05308
    0.05333
   -0.05270
   -0.07883
    0.06915
    0.03907
   -0.00904
   -0.04420
   -0.03497
    0.05359
   -0.02563
   -0.07999
   -0.10233
    0.08066
    0.02939
   -0.03950
   -0.03746
    0.01531
   -0.04257
   -0.05938
   -0.02520
    0.06093
   -0.04441
   -0.00260
    0.05465
    0.01326
   -0.04786
   -0.03005
   -0.11793
    0.08656
   -0.03975
    0.00954
   -0.01731
    0.04135
   -0.06410
    0.00666
    0.05278
    0.01313
   -0.01658
   -0.05888
   -0.03054
    0.07053
   -0.02790
   -0.06986
   -0.11805
    0.09985
   -0.02682
   -0.07507
   -0.09941
    0.12510
   -0.02791
   -0.09602
    0.01236
    0.06475
   -0.03739
   -0.06201
   -0.02095
    0.07959
   -0.04833
    0.01720
   -0.17461
    0.07321
   -0.02834
   -0.05597
   -0.09922
    0.12913
   -0.02563
   -0.10315
    0.04558
    0.05564
    0.00564
   -0.09765
   -0.04514
    0.07045
   -0.01074
   -0.09664
   -0.09485
    0.11245
    0.02015
   -0.13207
   -0.07431
    0.09795
   -0.00725
   -0.12973
   -0.01235
    0.08439
   -0.02937
   -0.05056
   -0.01000
    0.05838
   -0.03974
   -0.07362
   -0.13787
    0.08531
   -0.03529
   -0.06603
   -0.06050
    0.10766
   -0.00950
   -0.08422
   -0.00107
    0.05326
   -0.01519
   -0.01698
   -0.04665
    0.05956
   -0.01197
   -0.05222
   -0.16117
    0.08715
   -0.00978
   -0.02689
   -0.03853
    0.05250
   -0.01991
   -0.05964
   -0.04090
    0.06558
   -0.02899
   -0.03759
   -0.06874
    0.07387
   -0.02202
   -0.04816
   -0.17638
    0.09151
   -0.02765
   -0.06221
   -0.04572
    0.08777
   -0.01623
   -0.09602
   -0.00618
    0.05540
    0.01941
   -0.08888
   -0.05068
    0.05344
   -0.00507
   -0.08008
   -0.19287
    0.10005
    0.00342
   -0.11068
   -0.00712
    0.05569
   -0.03747
   -0.07885
   -0.05151
    0.08448
   -0.03909
   -0.03673
    0.01037
    0.04529
   -0.02223
   -0.05364
   -0.16589
    0.09448
   -0.03389
   -0.01933
   -0.02032
    0.05009
   -0.02465
   -0.03415
   -0.03691
    0.04615
   -0.04520
    0.01892
    0.02964
    0.02699
   -0.03867
   -0.05381
   -0.12773
    0.09346
   -0.03188
   -0.01382
   -0.03186
    0.05719
   -0.05885
    0.00366
    0.05091
    0.01198
   -0.04578
   -0.03413
    0.00370
    0.05941
   -0.04832
   -0.01160
   -0.12647
    0.07336
   -0.02655
   -0.04116
   -0.07271
    0.08783
   -0.04311
   -0.06521
    0.08361
    0.01900
   -0.01884
   -0.03715
   -0.03124
    0.05173
   -0.03978
   -0.06674
   -0.12394
    0.08904
   -0.02315
   -0.05358
   -0.02153
    0.06059
   -0.04872
   -0.06239
    0.00246
    0.04813
   -0.05927
    0.00475
    0.04586
    0.02860
   -0.05600
   -0.00933
   -0.11666
    0.06762
   -0.03699
   -0.01466
   -0.01738
    0.05226
   -0.07002
    0.00746
    0.04592
    0.01336
