IntronPotTab 1 1024 1.09473
    0.03675
   -0.06520
   -0.09257
   -0.02707
    0.05314
   -0.10146
    0.03386
   -0.04324
    0.05692
   -0.06166
   -0.04674
   -0.04407
    0.06152
   -0.17081
   -0.03582
   -0.06157
    0.05804
   -0.07793
   -0.08751
   -0.04553
    0.03055
   -0.11150
   -0.00668
    0.00631
    0.03068
   -0.02581
   -0.01216
   -0.05831
    0.03519
   -0.07059
   -0.03353
   -0.01055
    0.01708
   -0.03982
   -0.06050
   -0.00679
    0.03798
   -0.07881
    0.04446
   -0.02165
    0.04078
   -0.00490
    0.01632
   -0.09128
    0.02469
   -0.11344
    0.03857
   -0.01328
    0.01611
   -0.10214
   -0.10619
    0.00873
    0.04508
   -0.03367
    0.01435
   -0.03974
    0.02774
   -0.01311
   -0.04040
   -0.01676
    0.03041
   -0.10261
   -0.01504
   -0.01144
    0.04091
   -0.09669
   -0.07388
   -0.02928
    0.06712
   -0.12490
   -0.03077
   -0.03423
    0.06078
   -0.08907
   -0.03944
   -0.02989
    0.11660
   -0.24107
   -0.06965
   -0.08437
    0.07274
   -0.09436
   -0.05607
   -0.05330
   -0.01730
   -0.11518
    0.07366
    0.05083
    0.07716
   -0.12009
   -0.00842
   -0.09984
    0.04000
   -0.16595
   -0.01625
    0.00632
    0.04532
   -0.17387
   -0.05210
   -0.03796
    0.03352
   -0.02012
    0.06970
   -0.05493
    0.04956
   -0.09383
    0.07860
   -0.11788
    0.06196
   -0.13634
   -0.00092
   -0.03016
    0.04991
   -0.13580
   -0.01763
   -0.03652
    0.06734
   -0.02978
    0.05386
   -0.05813
    0.07647
   -0.13744
   -0.04578
   -0.02787
    0.05571
   -0.14112
   -0.02847
   -0.00892
    0.02588
   -0.10344
    0.01264
   -0.02931
    0.00866
   -0.10420
    0.15022
   -0.02203
    0.05562
   -0.08038
    0.02971
   -0.06313
    0.04793
   -0.13413
    0.03962
   -0.04485
    0.05700
   -0.04675
   -0.03078
   -0.05124
    0.00200
    0.00122
    0.01078
   -0.00421
    0.06763
   -0.07730
   -0.02128
   -0.10961
    0.02374
   -0.09695
   -0.02097
    0.00510
    0.04726
   -0.16083
   -0.06395
   -0.00929
    0.00537
   -0.00084
    0.01740
   -0.00852
    0.07871
   -0.11150
    0.00514
   -0.08574
   -0.02075
   -0.13530
   -0.04816
    0.05012
    0.03072
   -0.13400
    0.04048
   -0.02714
    0.03136
   -0.03187
    0.03345
   -0.01885
    0.06180
   -0.05877
    0.01997
   -0.06789
    0.02978
   -0.12066
    0.05508
   -0.01086
    0.02844
   -0.09263
   -0.09838
   -0.01187
    0.08469
   -0.15034
   -0.04158
   -0.06979
    0.04539
   -0.07928
   -0.05461
   -0.02075
    0.12014
   -0.34761
   -0.18456
   -0.16216
    0.06556
   -0.16065
   -0.07103
   -0.02993
   -0.00257
   -0.06499
    0.02700
    0.01354
    0.09372
   -0.11768
   -0.05183
   -0.11217
    0.05627
   -0.09577
   -0.02834
   -0.02581
    0.02358
   -0.09111
   -0.10105
   -0.00003
    0.03425
   -0.05956
    0.07355
   -0.03154
    0.03634
   -0.07986
    0.01890
   -0.05350
    0.05946
   -0.12078
   -0.02049
   -0.03805
    0.03277
   -0.12143
   -0.06037
   -0.01184
    0.04903
   -0.07555
   -0.00268
   -0.02097
    0.03975
   -0.06238
   -0.00670
   -0.02214
    0.05772
   -0.17853
   -0.07467
   -0.01764
    0.03637
   -0.06151
   -0.10301
   -0.01914
    0.07526
   -0.20335
    0.01624
   -0.02475
    0.08773
   -0.04354
   -0.12493
   -0.07537
    0.05079
   -0.13765
   -0.00778
   -0.03373
    0.02216
    0.01010
   -0.00451
   -0.02296
    0.01528
   -0.07080
    0.01493
    0.00241
    0.08887
   -0.08809
   -0.27819
   -0.03478
   -0.01845
   -0.00689
    0.02774
    0.01003
    0.01464
   -0.04205
   -0.03881
   -0.00692
    0.04762
   -0.23728
   -0.12353
    0.02490
    0.05376
   -0.09189
    0.04999
   -0.08057
    0.01209
   -0.08025
    0.04695
   -0.00330
   -0.01257
   -0.10847
   -0.12944
    0.04053
    0.02138
    0.07310
   -0.01628
   -0.04525
    0.00726
   -0.05087
    0.00978
    0.00739
    0.02457
   -0.10389
   -0.00931
   -0.00006
    0.04454
   -0.14520
   -0.08405
   -0.01909
   -0.03185
    0.00245
    0.03809
    0.02798
    0.14364
   -0.29569
   -0.06843
   -0.08883
    0.08900
   -0.18398
   -0.03906
   -0.03104
    0.07418
    0.00533
    0.11432
   -0.14381
   -0.10809
    0.16779
   -0.09935
    0.03652
    0.12814
   -0.21393
   -0.02974
   -0.21137
    0.03867
   -0.12953
   -0.01544
    0.00014
    0.01152
   -0.03101
   -0.04194
   -0.00717
   -0.00045
    0.10268
    0.07245
   -0.09337
    0.06610
   -0.13895
   -0.00009
   -0.05555
    0.05962
   -0.19122
   -0.17209
    0.03336
    0.01920
   -0.04868
    0.03009
   -0.01831
    0.10078
   -0.03904
    0.02549
   -0.05773
    0.09582
   -0.06998
   -0.14311
   -0.04839
    0.03225
   -0.13035
   -0.04047
    0.01546
    0.01052
   -0.03813
    0.05483
   -0.03103
   -0.00084
   -0.15529
    0.01115
    0.03259
    0.08717
   -0.16346
   -0.01793
   -0.06723
    0.02828
   -0.09904
    0.11059
   -0.03938
    0.06468
   -0.09473
    0.03510
   -0.05735
   -0.04050
   -0.42273
   -0.01098
    0.07356
    0.07150
   -0.07925
   -0.12139
   -0.02740
   -0.04668
   -0.22380
    0.14615
    0.02661
    0.01134
   -0.11622
   -0.04257
    0.02217
    0.07088
   -0.24265
    0.07668
   -0.02403
   -0.01994
   -0.04508
   -0.09246
    0.06343
    0.02825
   -0.32103
    0.05569
    0.01406
    0.02084
   -0.08233
   -0.03899
   -0.00203
    0.02938
    0.04254
    0.11602
   -0.05387
   -0.00054
   -0.09609
    0.09572
   -0.00105
    0.03841
   -0.01341
    0.02203
   -0.01877
    0.01257
   -0.10899
    0.01011
   -0.00330
    0.04102
   -0.07978
    0.01834
   -0.02449
    0.03728
   -0.06232
   -0.03055
   -0.01751
    0.06950
   -0.16280
   -0.02347
   -0.03382
    0.06860
   -0.13707
   -0.02880
   -0.03765
   -0.08295
    0.01067
   -0.08201
    0.06376
    0.11031
   -0.12619
   -0.03213
   -0.13378
    0.00412
   -0.00261
   -0.02743
    0.00103
    0.00674
   -0.05474
   -0.11430
    0.01605
    0.03887
   -0.03071
   -0.05153
   -0.01895
    0.07092
   -0.08691
   -0.01445
   -0.10005
    0.01086
   -0.18776
    0.15989
   -0.01393
    0.04085
   -0.12265
   -0.00713
   -0.03203
    0.01872
   -0.00756
   -0.00282
   -0.01013
    0.00843
   -0.09940
   -0.01475
    0.03253
    0.01987
   -0.14805
    0.00971
    0.00897
    0.02722
   -0.06844
   -0.00861
   -0.02915
    0.02326
   -0.08990
   -0.01383
    0.00760
    0.06563
   -0.10375
   -0.10009
   -0.07661
    0.05775
   -0.12822
   -0.01041
   -0.04207
    0.04585
   -0.05915
    0.01221
   -0.03896
    0.00999
   -0.00531
    0.11470
   -0.02873
    0.10095
   -0.18877
   -0.16263
   -0.16458
    0.00739
   -0.06872
    0.00189
    0.00756
    0.02717
   -0.07079
   -0.01903
   -0.02787
    0.01702
   -0.02898
    0.04127
   -0.01385
    0.08223
   -0.15953
   -0.06155
   -0.11688
    0.00962
   -0.09428
    0.05034
   -0.00022
    0.02174
   -0.05045
   -0.02603
   -0.01346
    0.03626
    0.05286
   -0.06649
   -0.04944
    0.05562
   -0.10392
   -0.05550
   -0.04437
    0.02663
   -0.06614
    0.01969
   -0.01222
    0.03635
   -0.09665
   -0.08283
   -0.00698
    0.04729
   -0.16131
    0.04929
    0.00387
    0.08146
   -0.08422
   -0.04012
   -0.04517
    0.07123
   -0.23214
    0.01165
   -0.01623
    0.04627
   -0.00742
    0.02765
   -0.06119
    0.02180
   -0.10811
    0.04503
    0.00863
    0.08089
   -0.14208
    0.01542
   -0.11174
    0.03541
   -0.14353
   -0.01616
    0.00538
    0.03066
   -0.19293
   -0.03324
   -0.00917
    0.05932
   -0.13873
   -0.06805
    0.00897
    0.10815
   -0.11155
   -0.07977
   -0.12239
   -0.03006
   -0.38453
    0.16168
    0.04918
    0.04758
   -0.08735
    0.01108
   -0.04636
    0.13166
   -0.09643
   -0.00007
   -0.05632
    0.06480
   -0.10138
    0.01712
   -0.04548
    0.05157
   -0.22654
    0.01965
    0.00410
    0.04250
   -0.10245
   -0.00026
   -0.04554
   -0.02630
   -0.00101
    0.06438
    0.01382
    0.06165
   -0.08002
   -0.03641
   -0.04272
    0.05595
   -0.28103
   -0.03053
    0.00112
    0.03540
    0.02473
   -0.03120
   -0.03403
   -0.01534
   -0.00916
    0.00627
    0.01336
    0.07185
   -0.20215
   -0.01014
   -0.07705
    0.00953
   -0.14041
   -0.01040
    0.01649
    0.04605
   -0.06550
   -0.02618
   -0.04990
   -0.00499
   -0.03280
    0.00880
    0.01095
    0.14393
   -0.12949
   -0.01928
   -0.21427
   -0.00103
   -0.20143
    0.01804
    0.03255
   -0.02294
    0.04683
    0.04015
    0.00333
    0.02264
   -0.12541
    0.06585
    0.01965
    0.06452
   -0.14598
   -0.04258
   -0.00206
   -0.00937
   -0.02203
   -0.06072
    0.02096
    0.02202
   -0.03964
   -0.03326
   -0.01962
    0.00088
   -0.05157
    0.03193
    0.00986
    0.03878
   -0.12397
    0.04622
   -0.03627
    0.09548
   -0.21606
   -0.02715
   -0.05631
    0.05384
   -0.13589
    0.03378
   -0.04566
   -0.03446
   -0.16074
    0.04073
    0.05247
    0.11958
   -0.10591
   -0.10095
   -0.14488
    0.03329
   -0.00919
    0.00759
   -0.02431
    0.02833
   -0.15354
   -0.09731
    0.00213
    0.00139
   -0.02048
    0.04601
   -0.00327
    0.02995
   -0.17899
    0.17449
   -0.10515
    0.06061
   -0.17443
    0.01464
   -0.03327
    0.03983
   -0.15153
   -0.01869
   -0.02412
    0.04996
   -0.07299
    0.01676
   -0.01629
    0.04302
   -0.03362
   -0.03059
   -0.02430
    0.03972
   -0.15832
   -0.00728
   -0.00338
    0.01478
   -0.09073
   -0.10551
    0.01265
    0.05150
   -0.07832
    0.05200
   -0.03918
    0.05545
   -0.05968
   -0.06114
   -0.04218
    0.06440
   -0.17275
   -0.03915
   -0.04487
   -0.01408
   -0.11901
   -0.05664
    0.03977
    0.00247
   -0.10307
    0.06415
    0.01598
    0.08155
   -0.17592
   -0.08644
   -0.04662
    0.01103
   -0.07230
   -0.01234
    0.00627
    0.01611
   -0.09554
   -0.04902
    0.00573
    0.04333
   -0.10043
    0.08185
   -0.02404
    0.04252
   -0.02967
   -0.04555
   -0.04497
    0.02898
   -0.08702
    0.05028
   -0.01856
   -0.14847
   -0.19777
   -0.29411
    0.09999
    0.02846
   -0.07661
   -0.06503
    0.00517
   -0.00041
   -0.06486
   -0.07312
    0.03870
   -0.01778
   -0.20280
   -0.10052
    0.04272
    0.02514
   -0.08210
   -0.01396
   -0.01538
    0.02690
   -0.01413
    0.06469
   -0.03017
    0.10141
   -0.10467
   -0.11693
   -0.04284
    0.10225
   -0.25275
    0.03794
   -0.03217
    0.08225
   -0.10589
    0.03719
   -0.07977
   -0.06233
   -0.04731
    0.09294
    0.06201
    0.08536
   -0.23105
    0.08197
   -0.12205
    0.00427
   -0.12923
    0.02536
    0.02069
    0.03808
   -0.14157
   -0.03112
   -0.03328
   -0.00649
    0.05562
    0.04608
   -0.03217
    0.10310
   -0.11378
   -0.07337
   -0.11805
    0.07577
   -0.19132
    0.02110
   -0.00447
    0.01873
   -0.08755
   -0.01864
   -0.00221
    0.13304
   -0.07911
   -0.00964
   -0.06013
    0.05402
   -0.12565
   -0.10082
    0.02119
    0.03706
   -0.21419
   -0.05698
    0.04107
    0.02085
   -0.11128
   -0.00212
   -0.01095
   -0.00109
   -0.18466
    0.18099
   -0.00945
    0.01999
   -0.13402
   -0.00054
    0.01446
    0.03126
   -0.15509
    0.04269
   -0.02374
    0.02724
   -0.01134
   -0.05824
   -0.00869
   -0.04618
   -0.06274
    0.09346
    0.03217
    0.07835
   -0.12461
    0.00464
   -0.09751
    0.01308
   -0.05044
   -0.04679
    0.00906
    0.02906
   -0.15814
   -0.04988
    0.00940
    0.05828
   -0.06776
    0.06570
   -0.04493
    0.02611
   -0.04486
   -0.01680
   -0.01145
    0.02699
   -0.06858
   -0.03319
    0.00200
   -0.02053
   -0.02969
   -0.04902
    0.03246
    0.03541
    0.00265
   -0.00203
   -0.02767
    0.03023
   -0.09704
    0.01575
   -0.00808
    0.02221
   -0.11555
   -0.02660
    0.00647
    0.02520
   -0.08490
   -0.07518
   -0.00539
    0.03649
   -0.04878
    0.01771
   -0.02524
    0.05473
   -0.07220
   -0.04197
   -0.03607
    0.08351
   -0.22468
   -0.07828
   -0.03554
    0.05731
   -0.10434
   -0.05737
   -0.02311
   -0.02690
   -0.03425
    0.03003
    0.02478
    0.05119
   -0.04386
   -0.04517
   -0.04631
    0.03403
   -0.09465
    0.03456
   -0.01326
    0.01702
   -0.10758
   -0.04971
    0.00412
    0.02478
   -0.00511
    0.10161
   -0.03715
    0.03901
   -0.06027
    0.00556
   -0.04877
    0.00037
   -0.10900
    0.02315
    0.01018
   -0.01152
   -0.13494
   -0.10647
    0.03902
    0.02803
   -0.08044
    0.01329
   -0.00119
    0.00716
   -0.05932
   -0.02958
    0.02124
    0.00134
   -0.23396
   -0.06770
    0.03524
