IntronPotTab 1 1024 -26.71292 1.72603 16.36585 58155 6 16  157.79
    0.06026
   -0.16405
   -0.17345
   -0.04813
    0.04327
   -0.12071
   -0.01526
   -0.04273
    0.03256
   -0.03211
   -0.05413
   -0.00809
    0.08919
   -0.25311
   -0.06585
   -0.08960
   -0.04422
    0.00642
   -0.23222
    0.08676
    0.01446
   -0.09586
    0.04119
    0.02745
   -0.03715
    0.01588
   -0.13898
    0.10360
    0.05532
   -0.11475
   -0.05295
   -0.00301
    0.03607
   -0.03083
   -0.04727
   -0.05006
    0.04076
   -0.06367
   -0.00400
   -0.05040
    0.07731
   -0.04210
   -0.00722
   -0.16006
   -0.00649
   -0.07015
    0.06039
   -0.00864
   -0.02102
   -0.05592
   -0.18454
    0.05240
    0.03311
   -0.06221
    0.00263
   -0.02519
   -0.03808
    0.03530
   -0.14097
    0.08093
    0.01650
   -0.12386
   -0.04555
    0.02574
    0.00808
   -0.01676
   -0.15205
    0.03145
    0.06792
   -0.14272
   -0.09182
   -0.09131
   -0.03849
   -0.03242
   -0.14179
    0.10747
    0.09981
   -0.31946
   -0.02399
   -0.08332
   -0.02398
   -0.02789
   -0.27219
    0.07385
    0.06627
    0.00294
   -0.09214
   -0.07044
   -0.11846
    0.00236
   -0.24622
    0.15740
    0.06986
   -0.14829
   -0.09917
    0.01765
    0.01395
   -0.04419
   -0.04899
    0.00504
    0.04532
   -0.13168
   -0.00451
   -0.01576
    0.02548
    0.04625
   -0.07063
   -0.02073
    0.01819
   -0.12269
    0.02359
    0.00318
   -0.02629
   -0.02405
   -0.16860
    0.04976
    0.05414
   -0.06921
   -0.05383
   -0.01732
   -0.06173
    0.04187
   -0.17525
    0.08333
    0.04575
   -0.08454
   -0.08473
    0.01525
    0.07475
   -0.08441
   -0.21994
   -0.03028
    0.07151
   -0.12725
   -0.13430
   -0.06799
    0.06263
   -0.07903
   -0.13706
    0.01243
    0.10010
   -0.18508
   -0.12031
   -0.05474
   -0.03902
    0.02637
   -0.22833
    0.06893
    0.06617
   -0.06930
   -0.09641
   -0.07691
   -0.00177
    0.00574
   -0.16736
    0.06824
    0.10633
   -0.13295
   -0.12518
   -0.05023
    0.08377
   -0.09882
   -0.14581
   -0.08190
    0.07195
   -0.11696
   -0.01765
   -0.09227
    0.04982
    0.02732
   -0.01139
   -0.07992
   -0.04075
   -0.00702
    0.02008
    0.03751
   -0.06483
    0.00258
   -0.11892
    0.08378
    0.05236
   -0.08064
   -0.09303
   -0.00871
   -0.10173
    0.02202
   -0.08316
    0.11598
    0.01500
   -0.09567
   -0.02594
    0.02604
    0.05577
   -0.07635
   -0.10271
   -0.03643
    0.08127
   -0.13702
   -0.07827
   -0.12238
    0.02412
   -0.00156
   -0.11049
    0.01211
    0.10596
   -0.32308
   -0.07693
   -0.16929
   -0.03194
    0.04374
   -0.23871
    0.04190
    0.02558
    0.03889
   -0.14137
   -0.02575
   -0.04866
    0.07364
   -0.17240
    0.07215
    0.06057
    0.00927
   -0.11882
   -0.01667
    0.01915
    0.03911
   -0.02131
   -0.02920
    0.05938
   -0.07900
   -0.01312
   -0.07886
    0.01123
    0.06837
   -0.04386
   -0.02268
    0.04932
   -0.13423
    0.06570
   -0.07365
   -0.02011
    0.00654
   -0.21801
    0.03235
    0.04425
   -0.01498
   -0.01142
   -0.04971
   -0.05419
    0.04118
   -0.15643
    0.06115
    0.05980
   -0.08647
   -0.10411
   -0.00085
   -0.00653
    0.04945
   -0.17036
    0.02819
   -0.00402
    0.02343
   -0.05410
    0.01091
   -0.05459
    0.08822
   -0.12059
    0.05817
    0.03412
   -0.11869
   -0.04075
    0.00001
   -0.18329
    0.15225
   -0.29166
    0.07727
   -0.08029
    0.08978
    0.03075
    0.05178
   -0.13498
    0.11117
   -0.27669
    0.11090
   -0.05105
   -0.01385
   -0.07228
    0.05716
    0.01031
    0.11275
   -0.04396
   -0.03841
   -0.00815
    0.03705
   -0.02446
    0.00213
   -0.02168
    0.14518
   -0.00076
   -0.02714
   -0.06883
   -0.03605
    0.08067
    0.02850
   -0.12562
    0.09739
   -0.23512
    0.06244
   -0.05005
    0.09594
    0.03601
    0.01029
   -0.10528
    0.10026
   -0.24109
    0.07404
   -0.05505
   -0.04066
   -0.08028
    0.04844
    0.00505
   -0.00948
   -0.18718
    0.03942
    0.04706
   -0.12418
    0.04745
   -0.01147
   -0.07581
    0.02352
   -0.09784
    0.10529
    0.04785
   -0.25127
    0.00558
    0.01756
   -0.09413
    0.05463
   -0.34745
    0.08884
   -0.04984
    0.02913
   -0.08682
    0.04330
   -0.09029
    0.05579
   -0.43426
    0.12076
    0.01765
   -0.06010
   -0.24333
    0.05003
   -0.05914
    0.02772
   -0.09950
    0.07805
   -0.00831
   -0.02010
   -0.02205
    0.02081
   -0.04290
    0.04134
   -0.17127
    0.09043
    0.00206
   -0.15338
    0.03503
    0.02311
   -0.15886
    0.09050
   -0.25802
    0.09869
    0.05122
   -0.09596
   -0.00002
    0.00111
   -0.05189
    0.05497
   -0.36727
    0.12154
    0.02660
   -0.16225
   -0.11048
    0.04431
    0.01029
    0.04270
   -0.17570
    0.02699
    0.06178
   -0.05390
   -0.12877
   -0.02449
   -0.02426
    0.03812
   -0.10705
    0.06103
    0.04027
   -0.14121
   -0.05818
    0.01576
   -0.14328
    0.10498
   -0.27132
    0.07754
   -0.02363
    0.01998
   -0.12212
    0.04737
   -0.12986
    0.07265
   -0.27676
    0.11587
   -0.04542
   -0.00937
   -0.14300
    0.06351
    0.01488
   -0.12158
   -0.06641
    0.02421
    0.03089
   -0.06172
   -0.00787
   -0.02012
   -0.04022
    0.14615
    0.02062
   -0.03398
   -0.16527
    0.05173
   -0.02389
    0.10341
   -0.16319
    0.08463
   -0.16215
    0.08625
   -0.02252
    0.10020
   -0.09865
    0.00886
   -0.04710
    0.07167
   -0.20350
    0.06209
   -0.02593
   -0.01490
   -0.06005
    0.03166
   -0.04224
   -0.00138
   -0.07640
    0.05803
    0.08891
   -0.04355
   -0.03924
   -0.11980
   -0.16059
    0.19861
   -0.29539
    0.00950
    0.04903
   -0.15642
    0.02466
   -0.02453
   -0.09255
    0.08863
   -0.34653
    0.07587
   -0.00790
    0.13865
   -0.05042
   -0.04255
   -0.08439
    0.18867
   -0.22616
    0.05800
    0.04767
    0.09256
   -0.13223
   -0.03466
   -0.02288
    0.17035
   -0.04798
   -0.01027
    0.06033
    0.02723
    0.06390
   -0.09874
    0.00034
    0.18959
   -0.17473
   -0.01360
   -0.03611
   -0.01341
    0.09311
   -0.00088
   -0.09005
   -0.00750
   -0.24062
    0.07998
    0.02158
    0.02200
   -0.04706
   -0.02138
   -0.10401
    0.10968
   -0.20417
    0.07900
    0.02246
   -0.04665
   -0.05419
    0.00868
    0.01379
   -0.05024
   -0.12306
    0.02390
    0.06321
   -0.20218
    0.01823
   -0.06625
   -0.02912
    0.02647
   -0.03647
    0.07574
    0.08756
   -0.25627
    0.01148
   -0.07457
   -0.05572
    0.03785
   -0.19247
    0.08054
   -0.00656
   -0.01064
    0.03112
    0.00928
   -0.07808
    0.05607
   -0.06940
    0.14317
    0.05882
   -0.09830
   -0.04996
   -0.00646
    0.01241
   -0.01505
    0.06159
   -0.05321
    0.05320
   -0.08627
    0.04845
   -0.08902
    0.00862
    0.09062
    0.09689
   -0.15179
    0.01253
   -0.13700
    0.09113
   -0.02266
   -0.06011
    0.03801
   -0.12809
    0.06488
    0.04230
   -0.10734
    0.02836
   -0.02406
   -0.07529
    0.07770
   -0.10558
    0.12744
    0.07225
   -0.16703
   -0.01201
   -0.00586
    0.01844
   -0.03169
   -0.15905
    0.02450
    0.07612
   -0.15734
   -0.02649
   -0.11894
    0.00491
   -0.03634
   -0.16074
    0.08369
    0.08006
   -0.25949
    0.05061
   -0.08030
   -0.02554
    0.05411
   -0.28006
    0.04105
    0.05343
   -0.04033
   -0.03328
   -0.05459
   -0.03062
    0.02414
   -0.29756
    0.08902
    0.08793
   -0.15908
    0.05405
   -0.03558
    0.00882
   -0.10877
   -0.07495
    0.03377
    0.07254
   -0.17243
    0.07644
   -0.09696
    0.02223
   -0.00469
   -0.11903
    0.03403
    0.02414
   -0.14434
    0.08506
   -0.02666
   -0.07954
   -0.01774
    0.05278
    0.04183
    0.09374
   -0.14663
   -0.02506
   -0.06052
   -0.04084
   -0.02365
   -0.18198
    0.10780
    0.09271
   -0.12308
    0.00960
   -0.03396
    0.03754
   -0.11095
   -0.19683
    0.03241
    0.09475
   -0.16416
   -0.08351
   -0.11236
    0.05054
   -0.00417
   -0.11184
   -0.00934
    0.10539
   -0.28278
   -0.03761
   -0.06833
   -0.07563
    0.03099
   -0.11019
    0.06443
    0.02467
   -0.01017
   -0.03750
   -0.01915
   -0.05696
    0.06649
   -0.09270
    0.07064
    0.11995
   -0.18699
   -0.07737
   -0.04890
    0.02163
   -0.04375
   -0.04776
   -0.01167
    0.03370
   -0.06752
    0.01530
   -0.03623
    0.01998
   -0.07076
    0.03912
   -0.04245
    0.01888
   -0.06467
    0.09314
   -0.04676
   -0.07377
    0.02874
   -0.05460
    0.05741
    0.04009
   -0.06686
   -0.08982
    0.00995
   -0.07188
    0.00015
   -0.17296
    0.12522
    0.04647
   -0.09273
    0.00814
   -0.00641
    0.02680
    0.00326
   -0.21112
    0.00628
    0.10661
   -0.19228
   -0.00843
   -0.16398
    0.00235
    0.04049
   -0.18756
    0.03599
    0.07951
   -0.24149
    0.06747
   -0.10067
   -0.02318
    0.03362
   -0.25492
    0.04404
    0.03028
   -0.01854
   -0.09756
   -0.01266
   -0.00405
    0.03053
   -0.17006
    0.03215
    0.09724
   -0.10064
   -0.07817
   -0.03512
    0.03074
   -0.02932
   -0.09395
   -0.01071
    0.09096
   -0.13028
    0.03867
   -0.15345
    0.01975
    0.05203
   -0.02507
   -0.03194
    0.01237
   -0.18771
    0.16004
   -0.11399
   -0.01730
    0.00601
   -0.27326
    0.04695
    0.08746
   -0.11078
   -0.04518
   -0.07497
   -0.06275
    0.07390
   -0.19156
    0.06493
    0.05688
   -0.05823
   -0.02872
   -0.01318
   -0.01961
   -0.02962
   -0.22428
    0.06918
    0.02152
   -0.01567
   -0.06005
   -0.01620
    0.00380
    0.02944
   -0.07177
    0.01570
    0.02125
   -0.11586
   -0.08888
    0.01961
   -0.20777
    0.06065
   -0.39599
    0.13007
   -0.05358
    0.07579
   -0.11674
    0.04252
   -0.10872
    0.12621
   -0.25302
    0.09401
   -0.02670
    0.01337
   -0.13381
    0.04967
    0.00538
    0.07196
   -0.04763
   -0.01713
   -0.05476
    0.04618
   -0.08420
    0.05770
    0.02366
    0.17543
   -0.03229
   -0.10219
   -0.04492
    0.03696
   -0.01410
    0.04787
   -0.23785
   -0.09389
   -0.34773
    0.10066
   -0.03377
    0.05272
   -0.05195
    0.03171
   -0.14913
    0.02879
   -0.25197
    0.12631
   -0.07776
   -0.04850
   -0.11275
    0.07296
   -0.02207
    0.00473
   -0.18005
    0.07484
    0.06840
   -0.10121
   -0.00711
   -0.05271
   -0.06500
    0.01490
   -0.14873
    0.13342
    0.07293
   -0.32992
    0.04392
    0.01891
   -0.09363
    0.04069
   -0.38358
    0.08657
   -0.02218
    0.04451
   -0.18588
    0.01800
   -0.12878
    0.13602
   -0.28216
    0.09779
    0.07323
   -0.11347
   -0.19798
    0.02948
   -0.00696
    0.02095
   -0.08524
    0.02427
    0.01653
   -0.01164
    0.05853
   -0.01977
    0.02260
    0.07456
   -0.07216
   -0.03139
    0.04746
   -0.17688
    0.07852
    0.00504
   -0.15046
    0.03351
   -0.25575
    0.09954
    0.07862
   -0.12348
   -0.12896
    0.01249
   -0.09472
    0.08040
   -0.26732
    0.10463
    0.13410
   -0.21796
   -0.12454
    0.02974
    0.00136
    0.05317
   -0.25512
    0.06083
    0.01649
    0.02465
   -0.13727
    0.01879
    0.02374
    0.01496
   -0.13667
    0.03633
    0.03774
   -0.12106
   -0.10348
    0.04144
   -0.13734
    0.07102
   -0.35975
    0.08753
   -0.02722
    0.03518
   -0.11129
    0.03279
   -0.08281
    0.06521
   -0.26390
    0.08028
   -0.01590
   -0.03095
   -0.21002
    0.07093
   -0.00158
    0.04962
   -0.16117
    0.03771
   -0.00013
   -0.11130
   -0.11183
    0.05701
   -0.02276
    0.08423
   -0.04544
    0.01547
   -0.04810
   -0.05102
   -0.01182
    0.06361
   -0.17248
    0.04591
   -0.25010
    0.10769
   -0.04525
   -0.01902
   -0.15231
    0.07315
   -0.14503
    0.03550
   -0.24321
    0.10429
   -0.01817
   -0.03620
   -0.13345
    0.05538
   -0.03259
    0.00702
   -0.11076
    0.05320
    0.06209
   -0.09823
   -0.01926
   -0.05960
   -0.07228
    0.06045
   -0.17548
    0.09422
    0.03139
   -0.21873
   -0.01367
    0.01481
   -0.11998
    0.08175
   -0.31778
    0.07723
   -0.03989
    0.06223
   -0.08649
    0.02070
   -0.08219
    0.14721
   -0.24380
    0.06036
    0.01901
    0.02443
   -0.14724
    0.01095
   -0.00572
    0.03000
   -0.03811
    0.00888
    0.04049
   -0.00904
   -0.01053
   -0.04694
   -0.02372
    0.13110
   -0.04648
   -0.01156
    0.00160
   -0.06915
    0.06032
   -0.00726
   -0.15878
   -0.02220
   -0.31114
    0.10472
    0.02331
    0.01194
   -0.03801
   -0.01944
   -0.11617
    0.06656
   -0.17309
    0.08445
   -0.04403
   -0.14807
   -0.15209
    0.06245
