IntronPotTab 1 1024 0.89042
    0.02108
   -0.01915
   -0.06451
    0.04042
   -0.00819
    0.01722
   -0.03691
    0.01952
    0.02935
    0.01713
   -0.00018
   -0.05552
    0.01464
   -0.06221
   -0.02211
    0.05297
   -0.03345
   -0.04856
    0.07503
    0.01982
    0.01300
    0.00062
   -0.09109
    0.04779
   -0.01296
    0.00922
    0.00813
   -0.00463
    0.11417
    0.00906
   -0.04327
   -0.05239
   -0.00996
    0.00432
   -0.02941
    0.03436
   -0.02017
    0.02883
   -0.10225
    0.05703
    0.00086
    0.01008
    0.02822
   -0.03392
    0.04315
   -0.07663
    0.07074
   -0.03019
   -0.04139
   -0.01189
    0.00603
    0.03617
   -0.02389
    0.03114
   -0.04550
    0.02414
    0.07512
   -0.01710
   -0.01763
   -0.05379
    0.04374
   -0.04565
   -0.02364
    0.01781
    0.08790
   -0.08712
   -0.11113
    0.09151
    0.01430
   -0.01646
   -0.03420
    0.04084
    0.02332
    0.01662
   -0.04954
   -0.00654
    0.10220
   -0.07922
   -0.08179
    0.05376
   -0.00384
   -0.06835
    0.01399
    0.05937
   -0.05111
    0.04610
   -0.07821
    0.06480
    0.05516
   -0.05376
   -0.06591
    0.05246
    0.11348
   -0.04013
    0.05011
   -0.05779
    0.13390
   -0.05013
   -0.09873
   -0.00934
    0.09041
   -0.02625
   -0.13878
    0.05481
    0.04561
   -0.00234
   -0.07186
    0.00901
    0.04446
   -0.05933
   -0.01146
    0.02600
    0.03980
   -0.10258
    0.06077
    0.01610
    0.01073
    0.00671
   -0.09563
    0.05335
    0.13411
   -0.01583
   -0.14123
    0.03027
    0.14192
    0.01414
   -0.15772
    0.05645
    0.04470
   -0.01765
   -0.10689
    0.08005
    0.01475
    0.00227
   -0.10086
    0.06914
    0.03045
    0.00255
   -0.09710
    0.05007
    0.11259
   -0.17563
   -0.04557
    0.06240
   -0.01321
   -0.03505
   -0.07253
    0.11825
    0.04059
    0.01428
   -0.13707
    0.04424
    0.08836
   -0.04540
   -0.04888
   -0.00477
    0.09874
   -0.10724
   -0.00961
    0.03015
    0.03664
   -0.04738
   -0.04492
    0.04201
    0.02876
   -0.05366
   -0.05462
    0.06400
    0.06731
   -0.03402
   -0.02076
   -0.02047
   -0.02311
   -0.04698
   -0.02153
    0.06730
    0.01464
   -0.06798
   -0.07870
    0.09674
    0.06576
   -0.02802
   -0.14470
    0.05611
    0.09545
   -0.01773
   -0.08153
    0.00435
    0.08609
   -0.06654
   -0.13126
    0.09983
   -0.01827
    0.02812
   -0.02010
    0.01333
    0.03274
   -0.01934
   -0.06072
    0.02515
    0.01108
    0.01078
   -0.02719
   -0.00442
   -0.00803
   -0.02264
   -0.00843
    0.03272
   -0.03258
   -0.01610
    0.05500
    0.01323
   -0.01918
    0.06906
   -0.05650
   -0.00178
   -0.02782
    0.02496
   -0.02027
    0.02428
    0.11993
   -0.01158
    0.01333
   -0.09735
    0.02744
   -0.00748
   -0.04181
    0.00976
    0.01976
   -0.01337
   -0.11057
    0.06671
    0.04016
    0.00780
   -0.03835
   -0.02713
    0.00545
   -0.03412
   -0.00536
    0.02817
   -0.04804
    0.04282
   -0.00405
    0.01023
    0.02904
    0.00427
   -0.05651
   -0.00000
    0.07206
   -0.02881
   -0.01479
   -0.05086
    0.05130
   -0.02745
   -0.02176
   -0.00073
    0.03738
   -0.04268
   -0.06590
    0.06835
   -0.03254
    0.10620
   -0.08215
   -0.01191
    0.02951
    0.06272
   -0.05708
   -0.04624
    0.06109
    0.01530
   -0.11428
    0.02930
   -0.04765
    0.02376
    0.00582
    0.02900
    0.00093
    0.09146
   -0.12203
    0.02754
    0.01624
    0.00426
   -0.04021
    0.01694
    0.04789
   -0.00881
   -0.02388
   -0.00800
   -0.00561
   -0.02628
    0.00588
    0.02264
   -0.01063
   -0.00596
   -0.07222
    0.06863
    0.03929
   -0.05377
   -0.00258
    0.00509
    0.03185
    0.00754
   -0.04369
    0.00477
   -0.00068
    0.01222
   -0.05191
    0.02136
   -0.03985
    0.08460
   -0.05541
   -0.00193
   -0.00931
    0.10312
   -0.09190
   -0.00290
    0.04619
    0.03122
   -0.08470
    0.01567
    0.06249
   -0.07230
   -0.08076
    0.10287
   -0.00246
   -0.02494
   -0.06726
    0.09303
   -0.01466
    0.05067
   -0.04861
    0.00829
    0.05053
   -0.01897
   -0.09116
    0.05345
    0.01364
   -0.02262
   -0.03745
    0.05077
   -0.07285
    0.13281
   -0.12978
    0.04864
    0.05077
    0.00809
   -0.04617
   -0.01767
    0.08473
   -0.03442
   -0.03675
    0.01121
    0.03237
   -0.11222
   -0.03110
    0.07559
    0.04104
    0.02138
   -0.11030
    0.02554
   -0.00724
    0.01119
    0.02291
   -0.02177
    0.04122
   -0.08461
   -0.05697
    0.07613
    0.00990
   -0.03725
   -0.03028
    0.04666
    0.01419
   -0.00636
   -0.15391
    0.09676
    0.12263
   -0.00973
   -0.09956
    0.00549
    0.09434
   -0.03182
   -0.13275
    0.10084
    0.03072
   -0.03328
   -0.05580
    0.04969
   -0.00304
    0.05175
   -0.07591
    0.03656
    0.03050
   -0.00771
   -0.00405
   -0.02648
    0.05460
   -0.04360
   -0.09232
    0.07868
   -0.10964
    0.00743
    0.02471
    0.08635
    0.00640
    0.06178
   -0.05631
    0.00162
    0.01048
   -0.02877
   -0.03881
    0.05860
    0.12514
   -0.04160
   -0.04606
   -0.00876
    0.00173
   -0.06221
   -0.02844
    0.06989
    0.04398
    0.00831
   -0.08774
    0.02797
    0.04369
   -0.04762
    0.01586
   -0.02467
    0.03678
   -0.02662
   -0.10411
    0.10303
    0.02372
   -0.04143
   -0.11966
    0.10696
   -0.00338
    0.00862
   -0.06271
    0.05132
    0.06778
    0.01422
   -0.10990
    0.03118
    0.09120
   -0.05851
   -0.08682
    0.06966
    0.04151
   -0.01938
   -0.09068
    0.03343
   -0.02604
    0.02742
   -0.08279
    0.06586
   -0.01638
   -0.03564
    0.01695
    0.04264
   -0.01474
    0.00854
   -0.04749
    0.04038
   -0.02897
    0.00191
    0.02037
    0.01757
   -0.03027
    0.11996
    0.00375
   -0.06113
    0.01331
   -0.04346
   -0.00719
    0.03120
    0.07781
    0.03610
   -0.03774
   -0.05586
    0.01119
   -0.01682
   -0.09039
    0.07809
    0.00505
    0.02070
   -0.12808
    0.05865
    0.02718
    0.02212
   -0.06965
    0.00721
    0.00079
    0.00581
   -0.09250
    0.06468
   -0.00103
    0.01283
   -0.07581
    0.03691
   -0.00444
    0.07711
   -0.04277
   -0.04706
    0.01917
    0.04306
   -0.07522
    0.02526
    0.08990
    0.01535
   -0.12316
    0.02626
   -0.00451
   -0.03344
   -0.00382
    0.03945
   -0.02112
    0.09121
   -0.06586
   -0.02263
   -0.01566
    0.00343
    0.02362
   -0.00948
    0.06770
   -0.06284
   -0.06441
    0.03738
   -0.02633
   -0.00135
    0.00580
    0.02857
    0.00816
    0.02650
   -0.07189
    0.02624
    0.02087
    0.02456
   -0.08545
    0.02976
    0.09272
    0.02551
    0.00479
   -0.08687
   -0.01219
    0.03143
   -0.02698
    0.01235
   -0.02138
    0.05005
   -0.07937
    0.03001
   -0.05958
    0.04119
    0.07336
   -0.02955
   -0.01155
   -0.02020
    0.05036
   -0.01377
   -0.04112
    0.01516
   -0.00870
    0.02644
    0.02641
    0.01816
   -0.07252
    0.00670
    0.02855
    0.02009
   -0.04106
   -0.01087
    0.10057
   -0.06366
   -0.04770
    0.01122
    0.05129
   -0.02105
   -0.07473
    0.03630
    0.00054
    0.02429
   -0.05241
    0.02152
    0.02742
   -0.03946
    0.01138
   -0.00206
    0.05023
   -0.06515
   -0.05954
    0.06935
   -0.05103
   -0.03012
    0.03081
    0.06146
   -0.03378
    0.06871
   -0.04722
    0.01089
    0.05129
   -0.04253
   -0.03374
    0.01837
    0.11227
   -0.02384
   -0.00816
   -0.03298
    0.11568
   -0.14419
   -0.07390
    0.06557
   -0.06316
    0.08425
   -0.07915
    0.05331
    0.03038
    0.01598
   -0.00622
   -0.04467
   -0.00243
    0.03446
   -0.07389
    0.03575
   -0.01209
   -0.03596
    0.00592
    0.03734
    0.04641
    0.01180
   -0.12660
    0.03459
    0.08218
    0.00987
   -0.08216
   -0.00823
    0.10176
   -0.06370
   -0.09138
    0.07799
    0.03312
   -0.04390
   -0.05959
    0.05438
    0.01782
    0.05794
   -0.08588
    0.00483
    0.05057
   -0.04600
   -0.02193
   -0.00178
    0.06967
   -0.03166
   -0.11590
    0.06174
   -0.02370
    0.00717
   -0.00133
    0.02510
   -0.03254
    0.06660
   -0.03627
    0.02138
    0.05491
   -0.03837
   -0.04434
    0.01582
    0.12103
   -0.07281
   -0.07198
    0.02138
    0.00378
    0.07361
   -0.07264
    0.00799
    0.01202
   -0.02684
   -0.09087
    0.06977
   -0.00278
   -0.00098
   -0.00673
    0.00787
    0.06237
   -0.04547
   -0.06641
    0.03191
   -0.01983
   -0.06374
   -0.03204
    0.08204
   -0.01417
    0.10681
   -0.09959
   -0.00620
    0.00777
    0.06605
   -0.09392
    0.03563
    0.09136
   -0.02918
   -0.07848
    0.02529
    0.04442
   -0.00503
   -0.11620
    0.03905
    0.01978
    0.06521
   -0.10338
   -0.00519
   -0.02266
    0.09016
   -0.03078
   -0.04369
    0.03055
   -0.01004
   -0.07476
    0.03341
   -0.09122
   -0.00049
    0.07456
    0.04932
   -0.02849
    0.11543
   -0.07467
   -0.00825
    0.05815
    0.02553
   -0.03442
   -0.05961
    0.09968
   -0.00028
   -0.04708
   -0.02790
    0.04244
   -0.02374
   -0.06147
    0.02272
    0.02404
    0.04000
   -0.06086
   -0.01338
   -0.00723
    0.03347
   -0.01776
   -0.00953
    0.08725
    0.02101
   -0.10266
   -0.01927
   -0.03179
    0.03501
   -0.06421
    0.03797
   -0.03265
    0.04072
   -0.01450
    0.00349
    0.02444
    0.02634
   -0.06418
    0.01527
    0.05548
    0.00652
   -0.07492
    0.01970
    0.02200
   -0.00099
   -0.03105
    0.00158
   -0.00907
    0.04677
   -0.05167
   -0.00195
    0.03455
    0.00050
   -0.01333
   -0.02905
    0.00946
   -0.02113
   -0.00317
    0.00973
   -0.02231
   -0.00997
    0.04072
    0.00260
    0.01191
    0.03915
   -0.08455
    0.02159
   -0.01954
    0.01585
    0.01773
   -0.01291
    0.07910
   -0.02406
    0.04136
   -0.07764
    0.04116
   -0.02853
   -0.06684
    0.03668
    0.02939
    0.00073
   -0.10134
    0.03393
    0.01340
   -0.00955
    0.01963
   -0.02225
    0.04356
   -0.05060
   -0.04320
    0.02983
    0.00533
   -0.00794
   -0.03154
    0.01547
    0.00300
    0.04991
   -0.06666
   -0.00432
    0.06096
    0.00775
   -0.03502
   -0.03935
    0.03106
   -0.03246
   -0.05654
    0.03460
    0.07082
   -0.06168
   -0.11251
    0.10458
    0.05173
   -0.07418
   -0.07754
    0.11156
    0.00240
   -0.04199
   -0.00303
    0.04513
    0.08374
   -0.14660
   -0.03756
    0.10480
   -0.01695
   -0.03253
   -0.00371
    0.05929
   -0.05459
    0.04468
   -0.08361
    0.08660
    0.10429
   -0.08761
   -0.05030
    0.02290
    0.11366
   -0.06815
    0.00983
    0.00390
    0.09447
   -0.08151
   -0.05263
    0.01963
    0.05608
    0.01378
   -0.15942
    0.05172
    0.08293
   -0.06069
   -0.01767
   -0.01367
    0.08152
   -0.13692
   -0.00318
    0.05448
    0.02762
   -0.10526
    0.01638
    0.05599
    0.01370
   -0.01907
   -0.10676
    0.07274
    0.11299
   -0.05071
   -0.09539
    0.03486
    0.11923
   -0.08355
   -0.12280
    0.11418
    0.08912
   -0.06905
   -0.12037
    0.06798
    0.04811
   -0.02193
   -0.09839
    0.05943
    0.04238
   -0.03123
   -0.05460
    0.03926
    0.08514
   -0.08487
   -0.08934
    0.06886
   -0.02175
   -0.03361
   -0.02918
    0.07166
    0.04731
   -0.04274
   -0.10622
    0.05907
    0.09239
   -0.06835
   -0.04950
    0.02943
    0.08944
   -0.07606
   -0.06366
    0.05154
    0.05035
   -0.04603
   -0.12370
    0.09054
    0.02311
   -0.02713
   -0.12741
    0.09850
    0.08291
   -0.06438
   -0.00070
   -0.03777
    0.06293
   -0.07059
   -0.10928
    0.09359
   -0.00059
   -0.02576
   -0.09180
    0.07926
    0.06189
   -0.03465
   -0.08397
    0.02329
    0.09155
    0.00308
   -0.07265
   -0.01355
    0.09761
   -0.04755
   -0.14100
    0.08415
    0.01604
    0.00362
   -0.02563
   -0.00392
    0.02958
   -0.02280
   -0.02014
    0.00808
    0.01581
    0.00882
   -0.04368
    0.00420
   -0.02356
    0.00315
    0.02671
    0.00037
   -0.04364
    0.00810
    0.01401
    0.04106
   -0.01215
    0.01148
   -0.04476
    0.04162
   -0.01897
    0.02852
   -0.00124
   -0.00716
    0.09450
    0.03328
   -0.05007
   -0.05140
    0.04911
   -0.09449
   -0.02421
    0.03135
    0.07230
   -0.00648
   -0.13748
    0.02821
   -0.00858
   -0.02451
    0.00100
    0.03069
   -0.01065
   -0.02708
    0.02540
    0.00872
   -0.02384
    0.04237
   -0.02641
    0.00314
    0.03785
    0.01107
   -0.08312
    0.00289
    0.05657
    0.02843
   -0.11505
    0.02130
    0.06651
   -0.05710
   -0.07867
    0.05073
