14 4 14 1 36 -3.3942 1.6448 3.2104 1572
  0.05339  -0.03845  -0.04913   0.01990 
  0.01511  -0.02608   0.01740  -0.00852 
 -0.00591  -0.04097   0.01960   0.02294 
  0.00891   0.00223  -0.02906   0.01477 
 -0.02237  -0.03971   0.00962   0.04561 
 -0.04534  -0.05377   0.02179   0.06440 
  0.00683  -0.02487  -0.05430   0.05885 
  0.01306  -0.01763  -0.07018   0.05885 
  0.02123  -0.00584  -0.04150   0.01990 
 -0.00269   0.02232  -0.08666   0.05133 
 -0.03716   0.02666  -0.02176   0.02897 
 -0.00915   0.01462  -0.06482   0.04848 
  0.02626   0.06289  -0.14023   0.02091 
 -0.02461   0.07850  -0.09088   0.01990 
  0.00578   0.04256  -0.09944   0.03393 
  0.01306   0.05990  -0.14023   0.03688 
 -0.03832   0.08704  -0.09229   0.02395 
 -0.01242   0.05081  -0.09229   0.03786 
 -0.05367   0.10000  -0.11262   0.03688 
 -0.04534   0.06979  -0.11113   0.05978 
 -0.02014   0.04978  -0.08248   0.03884 
 -0.03027   0.06685  -0.12467   0.05885 
 -0.04416   0.06783  -0.09229   0.04848 
 -0.05608   0.08610  -0.10818   0.05039 
 -0.02800   0.09541  -0.17827   0.05978 
 -0.04299   0.07754  -0.08526   0.03294 
 -0.02913   0.06783  -0.07288   0.02193 
  0.03123   0.06685  -0.11860  -0.00312 
 -0.00915   0.07077  -0.06749  -0.00419 
  0.04101  -0.01288  -0.03648   0.00116 
  0.05620  -0.00934  -0.05430  -0.00419 
  0.04772   0.04978  -0.09088  -0.02402 
  0.02526   0.07946  -0.09514  -0.02856 
  0.06361   0.02881  -0.11262  -0.00419 
  0.07269   0.02013  -0.09657  -0.01842 
  0.03810   0.00564  -0.17311   0.07976 
  0.11788  -0.00584  -0.37358   0.09201 
  0.12908   0.06881  -0.32979  -0.00527 
  0.06998   0.10091  -0.37088   0.04753 
  0.14686   0.00223  -0.49114   0.08681 
  0.25079  -0.06164  -0.28336  -0.10563 
  0.19486   0.13249  -0.34222  -0.21662 
  0.05527   0.20482  -0.30364  -0.11249 
 -0.02687   0.19320  -0.20869  -0.04837 
 -0.09660   0.14910  -0.12315   0.02091 
 -0.18782   0.07077  -0.29226   0.21582 
 -0.02125   0.18278  -0.28557   0.00434 
 -0.30131   0.20980  -0.54800   0.20197 
  0.58476  -2.48423  -3.19673  -3.19673 
 -3.19673  -1.61213   0.61567  -3.19673 
  0.07089   0.00223  -0.01578  -0.07038 
 -0.06959   0.08892  -0.11411   0.06164 
 -0.03485   0.08704  -0.06883   0.00328 
 -0.02237   0.05386  -0.03898   0.00328 
  0.01409   0.04978  -0.09657   0.01683 
  0.00157   0.04876  -0.03898  -0.01510 
 -0.00483  -0.00006   0.02505  -0.01954 
  0.00368   0.06090  -0.08248   0.00539 
  0.02224   0.03415  -0.03399  -0.02628 
 -0.00807  -0.00468   0.01960  -0.00635 
  0.03024   0.05284  -0.05042  -0.04127 
  0.00683   0.03942   0.02396  -0.07416 
 -0.00699   0.03732   0.00625  -0.03660 
  0.01511   0.05386  -0.04403  -0.03084 
  0.01409   0.04567  -0.00753  -0.05558 
  0.01920   0.05183  -0.01936  -0.05679 
  0.02224   0.04360  -0.04913  -0.02290 
 -0.02687   0.06586  -0.00059  -0.04127 
 -0.00699   0.03732  -0.01105  -0.01954 
  0.04677  -0.00236  -0.05042  -0.00312 
 -0.00591   0.06090   0.01409  -0.07416 
  0.01920   0.00790   0.01850  -0.04718 
  0.04485   0.04670  -0.09229  -0.01620 
 -0.00483   0.03309  -0.00059  -0.02742 
 -0.00162   0.03732  -0.01223  -0.02402 
 -0.00056   0.04773  -0.03152  -0.01842 
 -0.02574   0.08232  -0.00059  -0.06291 
 -0.00056   0.04360  -0.01816  -0.02628 
  0.04293   0.02774  -0.04657  -0.03199 
 -0.05488   0.06487   0.01960  -0.03314 
  0.01614   0.02558   0.01520  -0.05923 
  0.00683   0.05790  -0.03648  -0.03314 
 -0.02574   0.07077   0.00284  -0.05196 
 -0.00483   0.02666   0.00056  -0.02178 
 -0.00162   0.03415  -0.03275  -0.00204 
 -0.03256   0.03942   0.02505  -0.03199 
  0.00995   0.01683   0.01186  -0.03893 
  0.02123   0.04773  -0.02540  -0.04837 
 -0.03485   0.08798  -0.01341  -0.04718 
  0.01614   0.02449   0.00170  -0.04362 
  0.01409   0.03521  -0.04530  -0.00852 
 -0.01571   0.05790  -0.00059  -0.04362 
  0.01511   0.03942   0.00962  -0.06787 
  0.04485   0.05689  -0.06749  -0.04837 
 -0.06217   0.08516   0.00511  -0.03545 
  0.02626   0.00678   0.01186  -0.04718 
 -0.03256   0.06783  -0.02906  -0.01070 
 -0.04065   0.05081   0.03043  -0.04245 
  0.02325   0.00109   0.01520  -0.04127 
