IntronPotTab 1 1024 -24.10740 2.58164 16.77033 11011 6 16  178.55
    0.05223
   -0.06867
   -0.12449
    0.03454
    0.02526
   -0.01231
   -0.04807
   -0.01691
    0.04132
   -0.03188
   -0.01594
   -0.04025
    0.05087
   -0.13333
   -0.04162
    0.03681
    0.04349
   -0.03295
   -0.14417
   -0.00144
   -0.03137
    0.09976
    0.09825
   -0.01930
   -0.00257
    0.08538
   -0.01959
   -0.01829
    0.10003
   -0.03619
   -0.04088
   -0.01947
    0.00999
   -0.02055
   -0.05218
    0.02773
   -0.00934
   -0.02115
    0.09509
    0.00505
    0.01705
   -0.01299
   -0.01742
   -0.01626
    0.00101
   -0.03144
   -0.02859
    0.02531
    0.03175
   -0.13012
   -0.17875
    0.07045
    0.06566
   -0.11802
   -0.01954
   -0.03105
    0.03302
   -0.07342
   -0.07284
    0.03566
    0.09261
   -0.13502
   -0.09911
    0.05672
   -0.00345
    0.03520
   -0.14529
    0.05441
    0.07405
   -0.10032
   -0.08389
   -0.00988
    0.01863
   -0.06581
   -0.02576
    0.02923
    0.01556
   -0.06449
   -0.03085
    0.03579
    0.01323
    0.01885
   -0.14948
    0.03210
    0.02829
   -0.05958
   -0.04162
   -0.03020
    0.02330
   -0.04778
   -0.08047
    0.00323
    0.08104
   -0.02899
   -0.08973
    0.01630
    0.01400
   -0.03095
   -0.09196
    0.04249
   -0.04912
   -0.06180
    0.12687
    0.05065
    0.04769
   -0.09738
    0.03966
   -0.04813
   -0.00614
   -0.06572
   -0.02437
    0.03501
    0.04274
   -0.03774
   -0.14693
    0.03667
    0.04899
   -0.07389
   -0.05637
    0.00203
   -0.00002
   -0.00797
   -0.06715
    0.04560
    0.06838
   -0.09364
   -0.07029
    0.07159
    0.03365
   -0.02465
   -0.03142
   -0.00939
   -0.00036
   -0.02724
    0.00462
    0.01571
    0.02994
   -0.02315
   -0.03277
   -0.00972
    0.02772
   -0.01625
   -0.04789
    0.01785
    0.04015
    0.01448
   -0.03671
   -0.05594
   -0.04878
    0.05035
    0.16972
    0.02453
   -0.00188
    0.00997
    0.03247
   -0.01924
    0.04296
   -0.00170
   -0.02487
   -0.00864
    0.02046
   -0.02912
   -0.05970
    0.01635
   -0.07019
   -0.04434
    0.08691
    0.08396
    0.00097
   -0.11102
   -0.01772
    0.04450
    0.01496
   -0.04302
   -0.02510
    0.02054
    0.00795
   -0.03734
   -0.04481
    0.03246
    0.03810
   -0.04423
    0.08060
   -0.06434
   -0.00962
   -0.01395
   -0.02080
    0.03809
    0.05720
   -0.05865
   -0.04910
    0.02910
   -0.22626
   -0.00594
   -0.25724
    0.14185
    0.01840
   -0.07501
   -0.05318
    0.02767
   -0.00866
   -0.07391
   -0.09960
    0.07280
    0.10729
   -0.21216
   -0.10808
    0.04571
   -0.00849
   -0.03561
   -0.21071
    0.08454
   -0.02455
    0.02881
    0.09450
    0.01111
   -0.02606
   -0.07347
    0.09094
   -0.00928
    0.10856
   -0.02821
   -0.08330
   -0.01500
   -0.03124
   -0.07429
   -0.19874
    0.10054
    0.00934
   -0.06775
    0.09922
    0.00946
    0.03466
   -0.09923
   -0.02451
   -0.00286
    0.02281
   -0.11016
    0.03979
    0.00475
    0.02749
   -0.12443
   -0.20411
    0.07343
    0.04421
   -0.08689
    0.03099
   -0.01683
    0.02726
   -0.08189
   -0.07026
    0.04085
    0.16742
   -0.12686
   -0.13919
    0.02000
    0.02348
   -0.00917
   -0.09859
    0.02408
    0.04044
   -0.03843
   -0.02837
   -0.05540
    0.01789
   -0.00891
   -0.00893
   -0.01464
    0.02774
   -0.07845
   -0.03813
    0.02701
   -0.00647
    0.08154
   -0.12353
    0.01123
    0.00890
   -0.02857
    0.03032
   -0.01348
   -0.02028
    0.14617
   -0.02382
   -0.01735
    0.00165
   -0.04093
   -0.00507
    0.02572
   -0.01058
    0.04548
   -0.05341
    0.03366
   -0.04129
    0.02774
    0.04740
    0.04029
    0.01555
    0.04175
   -0.07378
   -0.01352
    0.00985
   -0.06230
   -0.06395
    0.04248
   -0.00023
   -0.03495
   -0.15943
    0.06702
    0.07919
   -0.15370
   -0.10669
   -0.06431
    0.01765
   -0.00279
   -0.12078
    0.03490
    0.06090
   -0.05215
   -0.06195
    0.02540
    0.01410
    0.02526
   -0.05248
   -0.00872
    0.02327
   -0.04441
   -0.09655
    0.01762
   -0.01038
   -0.06372
    0.01108
    0.04246
   -0.03402
    0.00053
   -0.00140
    0.01596
    0.03616
   -0.04168
   -0.07692
   -0.03224
   -0.02718
   -0.07778
   -0.08711
    0.07614
   -0.06614
    0.21956
   -0.22346
   -0.01984
    0.00476
    0.01807
    0.00665
   -0.01523
   -0.02976
    0.01523
   -0.09408
    0.06259
   -0.09722
   -0.00777
    0.26627
    0.01838
    0.02794
   -0.19979
    0.07834
    0.02493
   -0.01578
   -0.03793
   -0.05055
    0.04928
   -0.00587
   -0.02806
   -0.13674
    0.05467
    0.04938
   -0.09898
    0.01933
    0.01045
   -0.02018
   -0.01264
   -0.06344
    0.05184
    0.08053
   -0.06578
   -0.04664
    0.02285
   -0.01354
    0.00981
   -0.16361
    0.05605
    0.01088
   -0.00527
    0.06288
   -0.04270
    0.01890
   -0.02662
   -0.03059
    0.00488
   -0.02112
   -0.01560
   -0.01869
    0.03164
   -0.00578
    0.08990
   -0.06884
   -0.01608
    0.02958
    0.02481
   -0.17527
   -0.04608
    0.03915
    0.03666
    0.05884
   -0.12997
   -0.01805
   -0.03696
   -0.02061
    0.04375
    0.05763
    0.00320
   -0.17100
   -0.00859
   -0.05611
    0.01174
    0.18845
    0.01202
    0.03978
   -0.07608
    0.05073
   -0.05678
   -0.03019
    0.06983
   -0.02184
    0.00605
    0.00276
   -0.03750
   -0.04619
    0.03092
    0.01697
   -0.05464
    0.03992
   -0.00084
    0.00885
   -0.04401
   -0.04398
    0.03267
    0.06975
   -0.07557
   -0.06229
    0.03358
   -0.06938
    0.00844
   -0.14241
    0.07714
   -0.01868
   -0.07415
   -0.01924
    0.05267
    0.00050
   -0.06127
   -0.07295
    0.04601
   -0.00221
   -0.09449
   -0.05081
    0.04753
   -0.00286
    0.03448
   -0.04460
    0.00245
   -0.00581
    0.05757
   -0.00967
   -0.01138
    0.00210
    0.07747
   -0.04415
   -0.01162
    0.07794
    0.03208
   -0.04523
   -0.04863
   -0.03525
   -0.01236
   -0.11294
    0.07398
   -0.08072
    0.01496
    0.04745
    0.04962
    0.00020
   -0.05008
   -0.10744
    0.03422
   -0.02943
   -0.03475
    0.00597
    0.02668
    0.03973
   -0.06289
   -0.10071
    0.02478
    0.03227
   -0.01156
    0.00706
   -0.02804
   -0.01968
    0.01406
   -0.04012
    0.03149
    0.10619
   -0.04808
   -0.05034
    0.00435
    0.02888
   -0.06164
   -0.09640
    0.04629
    0.01864
   -0.07926
   -0.02044
    0.02185
    0.01495
   -0.02816
   -0.00602
   -0.01327
    0.04778
   -0.08078
   -0.04135
    0.01917
    0.03228
    0.00653
   -0.06983
   -0.01719
    0.01127
   -0.00234
   -0.01425
   -0.01676
    0.00432
    0.08053
   -0.08100
   -0.00331
    0.04366
   -0.04207
    0.01675
   -0.01296
    0.02235
   -0.01318
   -0.06054
    0.01936
   -0.02119
   -0.03393
    0.05841
    0.02528
    0.02965
   -0.05228
   -0.03316
   -0.02571
    0.01998
   -0.06009
   -0.01604
    0.01394
    0.03053
   -0.06428
   -0.10888
    0.03729
    0.07567
   -0.15248
    0.05279
   -0.04180
    0.06632
   -0.10824
   -0.06636
   -0.05714
    0.08511
   -0.06454
   -0.03697
    0.00580
    0.01588
    0.00217
   -0.03636
    0.00270
    0.02450
   -0.05660
   -0.04248
    0.01973
    0.01723
   -0.03172
    0.02260
   -0.00806
   -0.03456
   -0.05104
    0.04021
    0.02194
    0.01403
    0.01827
   -0.06640
   -0.00699
   -0.00806
    0.05919
   -0.02816
   -0.00499
   -0.04842
    0.04646
    0.03691
    0.04436
    0.13185
   -0.01422
    0.03259
   -0.05290
   -0.02504
    0.02426
   -0.08610
    0.07386
    0.05977
    0.02301
    0.07656
   -0.12890
    0.10157
   -0.13221
   -0.08740
   -0.05459
    0.02065
   -0.00683
    0.01907
   -0.01953
    0.01770
   -0.01108
   -0.03123
    0.00318
    0.04256
   -0.01817
   -0.01176
   -0.03020
    0.05495
   -0.05050
   -0.03870
   -0.00957
    0.11067
   -0.06684
   -0.02599
    0.01408
    0.03309
   -0.05514
   -0.09954
    0.04413
    0.00582
   -0.01562
   -0.03288
    0.01386
    0.01638
    0.00095
   -0.01850
   -0.00935
    0.04503
   -0.06316
   -0.02348
    0.01229
    0.03588
    0.06402
   -0.01545
   -0.08505
   -0.03555
    0.06927
    0.15825
   -0.00850
    0.02139
   -0.04780
    0.03331
   -0.02104
    0.06848
   -0.00735
   -0.03934
   -0.01345
   -0.02487
    0.00553
   -0.02326
    0.05270
   -0.00698
   -0.07101
    0.04999
    0.02033
   -0.04525
    0.01941
   -0.04808
    0.06263
    0.05495
   -0.02757
    0.00840
   -0.02813
    0.00641
    0.02551
   -0.03718
   -0.00117
    0.05252
   -0.00834
    0.01250
   -0.08729
   -0.01017
    0.02246
   -0.01461
    0.01614
    0.08387
    0.00452
   -0.04904
   -0.00518
   -0.01264
   -0.06268
   -0.06814
    0.05495
   -0.00829
   -0.03019
   -0.04447
    0.03255
   -0.01343
   -0.05967
   -0.01950
    0.04497
    0.02722
   -0.12296
   -0.02335
    0.03893
    0.00635
    0.00482
   -0.06783
    0.01561
   -0.02475
   -0.03538
    0.13358
    0.02773
   -0.02299
   -0.03661
    0.04746
    0.01734
    0.08860
    0.02181
   -0.08645
   -0.02598
   -0.00368
   -0.08644
   -0.18601
    0.09057
   -0.02493
   -0.04878
    0.14462
    0.02125
    0.03401
   -0.10185
   -0.01712
   -0.00722
   -0.05570
   -0.11963
    0.14126
   -0.01584
    0.01940
   -0.02539
   -0.18344
    0.05289
    0.03285
   -0.07352
    0.04203
   -0.00539
    0.01826
   -0.02278
   -0.04495
    0.01746
    0.12634
   -0.07812
   -0.08689
    0.03570
    0.02274
   -0.05388
   -0.16940
    0.05046
    0.05001
   -0.08014
   -0.02856
   -0.04773
   -0.02142
   -0.08613
   -0.00183
    0.08111
    0.08348
   -0.16993
   -0.09846
    0.01730
    0.03013
   -0.00203
   -0.12198
    0.00877
   -0.00745
    0.00054
    0.05181
    0.00315
    0.01711
   -0.00036
    0.01289
   -0.03960
    0.08229
   -0.06533
   -0.02461
   -0.02202
    0.03143
   -0.01672
   -0.07504
    0.01015
   -0.02073
    0.01546
   -0.04544
    0.02613
    0.01965
   -0.10366
   -0.04151
    0.02276
    0.03533
   -0.07802
   -0.06291
    0.02704
   -0.02255
   -0.10610
   -0.23531
    0.11525
    0.04798
   -0.11587
   -0.03825
   -0.00750
    0.03514
   -0.03850
   -0.08339
    0.03486
    0.07235
   -0.13302
   -0.09267
    0.05979
    0.00927
   -0.01398
   -0.08802
    0.03317
    0.06247
   -0.06102
   -0.05923
   -0.02357
    0.03146
   -0.06760
   -0.03287
    0.01294
   -0.00809
    0.01949
    0.02558
   -0.02408
    0.01108
   -0.01592
   -0.03231
    0.00430
   -0.02521
    0.00928
    0.07594
    0.01343
    0.03639
   -0.01492
   -0.12800
   -0.04290
    0.15203
   -0.04344
   -0.04136
   -0.01747
    0.06057
   -0.02614
   -0.12675
   -0.02539
    0.03481
   -0.07727
    0.00696
    0.01235
    0.08611
   -0.13401
   -0.11195
   -0.09116
    0.03324
   -0.07151
    0.06839
   -0.01712
    0.07394
   -0.07082
   -0.15941
    0.00644
    0.06634
   -0.07439
   -0.02084
   -0.01786
    0.02981
   -0.01598
   -0.07178
    0.01614
    0.12586
   -0.06229
   -0.05721
    0.03109
    0.03401
   -0.03359
   -0.16015
    0.04810
    0.02558
   -0.04088
    0.04779
   -0.03245
    0.01800
   -0.03434
   -0.01964
    0.00785
   -0.00658
   -0.03923
    0.02497
   -0.00343
    0.01646
   -0.02174
   -0.07334
    0.02338
   -0.00849
    0.05108
    0.02129
   -0.00728
    0.00040
   -0.07570
    0.12305
   -0.03249
    0.07371
   -0.02763
   -0.01180
   -0.02291
    0.03582
   -0.01813
   -0.09846
    0.01029
   -0.02234
    0.02151
    0.14183
   -0.02434
    0.03536
   -0.01596
    0.04490
   -0.05446
    0.01632
   -0.03906
    0.00221
   -0.00050
    0.01842
   -0.06580
   -0.13762
    0.06595
    0.06344
   -0.09224
   -0.02752
   -0.04567
    0.01786
   -0.08240
   -0.07550
    0.06613
    0.11546
   -0.08705
   -0.06272
    0.02395
   -0.05287
   -0.06664
   -0.24132
    0.10757
    0.03002
   -0.09491
   -0.05852
    0.01892
    0.02619
   -0.09462
   -0.06657
    0.03095
    0.06444
   -0.17675
   -0.12233
    0.05741
    0.00765
    0.00948
   -0.13099
    0.03147
   -0.01070
    0.01233
    0.16793
   -0.02718
    0.03895
    0.02326
    0.00726
   -0.07242
    0.14211
   -0.03211
   -0.05452
   -0.04277
    0.02750
   -0.05241
   -0.17977
    0.05412
   -0.00153
   -0.02784
    0.12789
   -0.00219
    0.06216
   -0.08759
   -0.05761
   -0.04170
    0.04259
   -0.10927
    0.00595
    0.00214
    0.04989
   -0.12473
   -0.25913
    0.09302
    0.06131
   -0.11913
    0.06212
   -0.03121
    0.02437
   -0.04999
   -0.06751
    0.04076
    0.17532
   -0.12749
   -0.08385
    0.00272
