5 20 5 1 45 -2.3105 1.5357 2.1946 10636
  0.01767  -0.14720   0.02373   0.03069  -0.01058  -0.11050   0.03540   0.03639   0.04158  -0.15426   0.08418  -0.00687  -0.10876  -0.17026   0.07227   0.12801   0.13261  -0.16676   0.00263  -0.01804 
  0.00975  -0.14893   0.04556   0.02794  -0.01561  -0.10785   0.03093   0.04296   0.05339  -0.12054   0.09395  -0.04293  -0.10707  -0.24935   0.09574   0.13060   0.11817  -0.15058   0.00112  -0.01183 
  0.00531  -0.14824   0.04976   0.02978  -0.00758  -0.11960   0.04639   0.03054   0.04769  -0.12381   0.12029  -0.04005  -0.13027  -0.29000   0.06366   0.17148   0.14052  -0.19587  -0.01099  -0.00620 
  0.00999  -0.17615   0.04467   0.03680  -0.02213  -0.11881   0.06426   0.03626   0.03406  -0.10111   0.17010  -0.04541  -0.17587  -0.34974   0.09962   0.19159   0.14454  -0.23025  -0.00401  -0.00226 
 -0.00456  -0.19311   0.06550   0.04449  -0.01498  -0.16349   0.09529   0.02506   0.03978  -0.12241   0.15378  -0.03883  -0.20092  -0.27812   0.07077   0.20892   0.15382  -0.23793  -0.02461   0.00396 
 -0.00394  -0.20756   0.06231   0.04964   0.00070  -0.17545   0.07495   0.02299   0.05667  -0.22159   0.13219  -0.01915  -0.17865  -0.36738   0.04681   0.21926   0.17768  -0.25394  -0.02219  -0.01270 
  0.01508  -0.24185   0.05107   0.04713  -0.01734  -0.14390   0.10628   0.01512   0.07027  -0.16558   0.19478  -0.08829  -0.24837  -0.43678   0.02329   0.26869   0.16715  -0.25142  -0.01593  -0.00780 
 -0.00308  -0.22998   0.06508   0.05345   0.00471  -0.21086   0.07669   0.02720   0.06008  -0.17746   0.14190  -0.04465  -0.22492  -0.44201  -0.05339   0.28338   0.19532  -0.23918  -0.06061  -0.01264 
  0.01579  -0.25010   0.01881   0.06381   0.00293  -0.18758   0.04133   0.04162   0.04867  -0.20584   0.13083  -0.01169  -0.27130  -0.44149  -0.00578   0.28776   0.19198  -0.27111  -0.10231   0.01906 
  0.00951  -0.25583  -0.00123   0.07927   0.00075  -0.22345   0.05692   0.04522   0.06251  -0.14460   0.06653  -0.03955  -0.22331  -0.54959  -0.07006   0.29548   0.15709  -0.25647  -0.06489   0.02666 
  0.00326  -0.25985   0.00685   0.08212  -0.01574  -0.15423   0.02824   0.05813   0.07184  -0.22045   0.18864  -0.06539  -0.21404  -0.43929  -0.13752   0.29972   0.15820  -0.26214  -0.11134   0.04716 
 -0.00100  -0.23971  -0.02718   0.09449  -0.00618  -0.19665  -0.03694   0.08683   0.06386  -0.16072   0.03941  -0.02774  -0.14172  -0.42033  -0.16362   0.26980   0.15266  -0.26425  -0.14955   0.06580 
  0.00999  -0.24315  -0.07951   0.10470  -0.01914  -0.16941  -0.06412   0.10193   0.04534  -0.19729   0.10014  -0.00075  -0.11196  -0.37834  -0.15656   0.24711   0.14148  -0.24852  -0.13332   0.06384 
  0.00302  -0.22375  -0.07539   0.10451  -0.00822  -0.19934  -0.08680   0.10654   0.06387  -0.17322  -0.04256  -0.00426  -0.07294  -0.28037  -0.22209   0.22473   0.13383  -0.20615  -0.17745   0.07278 
  0.01248  -0.20125  -0.12108   0.10576  -0.00254  -0.15988  -0.16460   0.11476   0.05917  -0.18889  -0.02782   0.00579  -0.04875  -0.32644  -0.29949   0.22945   0.12594  -0.22674  -0.16933   0.08074 
  0.01544  -0.20243  -0.15036   0.11195   0.00761  -0.14539  -0.21707   0.11493   0.05876  -0.16459   0.03431  -0.01658  -0.00502  -0.24886  -0.14712   0.14447   0.09777  -0.20733  -0.15547   0.08832 
  0.01449  -0.17800  -0.13733   0.10297  -0.01481  -0.12988  -0.25303   0.13841   0.05755  -0.17947  -0.02230   0.00373   0.00106  -0.20621  -0.13350   0.12537   0.11374  -0.20382  -0.16456   0.08077 
  0.01426  -0.16991  -0.15562   0.10614  -0.00590  -0.14535  -0.30643   0.14477   0.03098  -0.16908   0.04130   0.02452   0.04653  -0.22133  -0.12568   0.07381   0.10639  -0.19383  -0.13171   0.07137 
  0.01708  -0.16955  -0.14551   0.10094  -0.00714  -0.13801  -0.31379   0.14536   0.07472  -0.20070  -0.01976  -0.01637   0.05287  -0.23580  -0.13052   0.07081   0.10737  -0.19015  -0.12590   0.06761 
  0.02556  -0.17100  -0.14967   0.09538   0.02199  -0.13113  -0.35049   0.12439   0.06611  -0.15316   0.06537  -0.04168   0.06540  -0.21869  -0.12117   0.04580   0.10974  -0.17851  -0.13263   0.06514 
  0.03825  -0.15664  -0.15632   0.08212   0.00755  -0.17279  -0.34884   0.14666   0.04514  -0.20083   0.06855   0.00909   0.06978  -0.22063  -0.17546   0.06099   0.12015  -0.21142  -0.12754   0.06608 
  0.03534  -0.19234  -0.16416   0.09655   0.01969  -0.12608  -0.37510   0.12920   0.05576  -0.15580   0.06373  -0.02287   0.07305  -0.22602  -0.14446   0.04605   0.11246  -0.21919  -0.13693   0.07639 
  0.03669  -0.17430  -0.16813   0.09173   0.00589  -0.12329  -0.39354   0.14348   0.06795  -0.21583   0.04094  -0.01398   0.10376  -0.21759  -0.17266   0.00674   0.11623  -0.18556  -0.12649   0.06084 
  0.04004  -0.16412  -0.17287   0.08725   0.01098  -0.09482  -0.39169   0.13149   0.07212  -0.21265  -0.03065  -0.00558   0.09830  -0.18289  -0.15300  -0.00227   0.11787  -0.22933  -0.12078   0.06988 
  0.04303  -0.16991  -0.17361   0.08635  -0.00756  -0.09590  -0.38447   0.14659   0.08422  -0.28210  -0.03039  -0.00322   0.08707  -0.16993  -0.16719   0.01832   0.13962  -0.18878  -0.09878   0.03487 
  0.04303  -0.15841  -0.16094   0.07958   0.01229  -0.15185  -0.33520   0.13562   0.06358  -0.16286  -0.03636  -0.00903   0.06983  -0.17859  -0.12302   0.02926   0.09418  -0.18837  -0.13789   0.07937 
  0.03229  -0.16664  -0.16886   0.09370  -0.00223  -0.12096  -0.39974   0.15063   0.07039  -0.26624  -0.05069   0.01802   0.06532  -0.14365  -0.12045   0.02435   0.11106  -0.20652  -0.12661   0.07018 
  0.03002  -0.17137  -0.17324   0.09812   0.00813  -0.13884  -0.32069   0.13373   0.06865  -0.24319   0.03321  -0.00405   0.08213  -0.28988  -0.08486   0.02158   0.12239  -0.21337  -0.10761   0.05765 
  0.03892  -0.19042  -0.13363   0.08414   0.01896  -0.14021  -0.36385   0.13157   0.05619  -0.19633  -0.00434   0.00803   0.07212  -0.17145  -0.07472   0.00079   0.12098  -0.18030  -0.12829   0.05683 
  0.04137  -0.16269  -0.15738   0.08130  -0.01191  -0.13316  -0.44806   0.16751   0.04971  -0.18545  -0.05465   0.02370   0.05542  -0.21525  -0.11865   0.05780   0.11916  -0.26799  -0.11918   0.07809 
  0.02602  -0.20047  -0.18214   0.11119   0.01420  -0.17341  -0.48679   0.15964   0.00624  -0.15387  -0.01686   0.06254   0.07781  -0.26538  -0.14373   0.04816   0.11478  -0.22239  -0.12954   0.07319 
  0.02671  -0.19349  -0.18666   0.11005   0.00032  -0.10412  -0.51022   0.15796   0.01247  -0.12777   0.05533   0.03056   0.09171  -0.21716  -0.11914   0.00383   0.15327  -0.16966  -0.16706   0.04503 
  0.03781  -0.13864  -0.20601   0.09064   0.00828  -0.12751  -0.54285   0.16035   0.01517  -0.19140  -0.12124   0.08059   0.07983  -0.26244  -0.16626   0.05315   0.14240  -0.19149  -0.17523   0.06216 
  0.03803  -0.16773  -0.24491   0.10767  -0.00137  -0.08521  -0.61783   0.16468  -0.00642  -0.23619   0.00983   0.09629   0.07601  -0.11085  -0.18302   0.02289   0.15845  -0.20383  -0.19506   0.06087 
  0.03342  -0.14998  -0.25810   0.10967  -0.00518  -0.00159  -0.69647   0.15000  -0.00662  -0.16840  -0.10357   0.09543   0.06856  -0.25551  -0.12743   0.05273   0.16744  -0.16572  -0.16733   0.03317 
  0.03421  -0.10349  -0.25234   0.09410   0.00571  -0.00791  -0.77852   0.14821   0.02196  -0.22067  -0.04939   0.07021   0.09874  -0.15148  -0.21035   0.01005   0.18602  -0.16092  -0.23263   0.03855 
  0.05491  -0.10443  -0.31729   0.08934   0.02048  -0.04896  -0.69059   0.14204  -0.02133  -0.14989   0.02486   0.08424   0.10101  -0.26028  -0.09246  -0.01345   0.15587  -0.18628  -0.17673   0.05162 
  0.04248  -0.12694  -0.25632   0.09489   0.03536   0.06419  -0.82223   0.09710   0.05224  -0.16091   0.05156  -0.01205   0.11921  -0.22852  -0.15702  -0.02470   0.15485  -0.15737  -0.10790   0.01687 
  0.06184  -0.07011  -0.22255   0.04910   0.06561  -0.00041  -0.80190   0.08892   0.08465  -0.12191   0.01512  -0.07636   0.14724  -0.28515  -0.14647  -0.07162   0.16968  -0.13679  -0.13789   0.01000 
  0.09493  -0.08874  -0.26168   0.03000   0.07682   0.01503  -0.76149   0.06726   0.08753  -0.20179  -0.07938  -0.02554   0.10720  -0.39094  -0.12050   0.01791   0.17689  -0.12307  -0.13378  -0.00305 
  0.09815  -0.08844  -0.27586   0.02966  -0.03212   0.04282  -0.82573   0.16428   0.05821  -0.08465  -0.06946  -0.02785   0.03216  -0.18726  -0.04418   0.04815   0.03211  -0.10309  -0.06629   0.05962 
 -0.00185  -0.04426  -0.22918   0.09900   0.01558  -0.03694  -0.79680   0.14964   0.04017  -0.13714  -0.02696   0.01429   0.07823  -0.32166  -0.05211   0.01833   0.04630  -0.13157  -0.18220   0.10291 
  0.01591  -0.10318  -0.25234   0.10939   0.07527  -0.14700  -0.91747   0.12834   0.00118  -0.22391  -0.09712   0.10191   0.05894  -0.32524  -0.09766   0.06822   0.06780  -0.09547  -0.20524   0.08676 
  0.03354  -0.12892  -0.29293   0.11081   0.01892  -0.03771  -0.74114   0.14360   0.02402  -0.18946   0.23516  -0.01647   0.10147  -0.35158  -0.06332  -0.00798   0.11311  -0.11920  -0.10991   0.03460 
  0.03207  -0.10100  -0.17878   0.07692   0.14273  -0.32794  -0.78065   0.07779   0.12914  -0.30998  -0.21323  -0.04439   0.12718  -0.40574  -0.20007   0.01862   0.25428  -0.28421  -0.30804   0.03584 
  0.15327  -0.30366  -0.37813   0.04691   0.25071  -0.31513  -0.73303  -0.14306   0.18473  -0.21139  -0.15523  -0.24666   0.18475  -0.21345  -0.12233  -0.21703   0.25483  -0.24329  -0.20474  -0.00758 
  0.22281  -0.26662  -0.33291  -0.08544  -0.22932   0.16074  -1.04103   0.23854  -0.01873   0.04110  -0.54690   0.06387  -0.08522   0.21363  -0.35698   0.11090  -0.32152   0.09450  -1.03122   0.22734 
 -0.19370   0.11965  -0.88994   0.21378   0.42435  -4.02682  -4.02682  -4.02682   0.36530  -4.02682  -4.02682  -4.02682   0.40152  -4.02682  -4.02682  -4.02682   0.66898  -4.02682  -4.02682  -4.02682 
  0.47528  -4.02682  -4.02682  -4.02682  -4.02682  -1.95212   0.79763  -4.02682  -4.02682  -4.02682  -4.02682  -4.02682  -4.02682  -4.02682  -4.02682  -4.02682  -4.02682  -4.02682  -4.02682  -4.02682 
 -4.02682  -2.01158   0.77980  -4.02682  -4.02682  -4.02682  -4.02682  -4.02682   0.08911   0.12042  -0.07665  -0.25887  -0.01007  -0.06271   0.08552  -0.01744  -4.02682  -4.02682  -4.02682  -4.02682 
  0.06395  -0.15067   0.11547  -0.07820  -0.04522  -0.05303   0.02927   0.05440  -0.09976   0.11418  -0.31844   0.08731  -0.02067  -0.06111  -0.10379   0.09857   0.01389  -0.15928   0.06104   0.02359 
 -0.02616  -0.07330   0.00806   0.05171   0.05984  -0.06562  -0.31697   0.05956  -0.00892   0.00080   0.11761  -0.01856  -0.02864  -0.06699   0.18328  -0.07975   0.01888  -0.15336   0.13745  -0.03717 
  0.00951  -0.08753   0.06656  -0.00604  -0.05202   0.05702  -0.02543   0.04049  -0.04206  -0.04812   0.15045   0.03818  -0.06307  -0.00899   0.18466  -0.06058  -0.03257  -0.10436   0.11455  -0.00839 
 -0.04904  -0.03109   0.10069   0.00510  -0.02612   0.03188  -0.06657   0.04333  -0.08040   0.04558   0.05925   0.05455  -0.08625  -0.04312   0.11409   0.04381  -0.08286  -0.08522   0.07487   0.03541 
 -0.06376  -0.02349   0.05326   0.04072  -0.00871   0.02773  -0.04490   0.01805  -0.03785  -0.02674   0.11858   0.03212  -0.00587  -0.09179   0.15642  -0.07491   0.00696  -0.07061   0.13834  -0.06779 
 -0.01706  -0.03642   0.10593  -0.02622   0.01643   0.02050   0.03036  -0.04724   0.01287  -0.01536   0.10236  -0.03593  -0.00963  -0.00437   0.16726  -0.12669   0.03093  -0.03843   0.11421  -0.08050 
  0.01673  -0.01627   0.10516  -0.07426   0.01784  -0.02433   0.01691  -0.01975   0.02131  -0.04021  -0.01924  -0.00393   0.04839  -0.12421   0.00826  -0.02547  -0.02162  -0.02581   0.05531  -0.00857 
  0.03127  -0.05252   0.02326  -0.02029   0.02176  -0.00977   0.00940  -0.02744   0.02290  -0.00239   0.07069  -0.04992  -0.00584  -0.11922   0.10894  -0.01980   0.00535  -0.07278   0.12025  -0.04973 
  0.01520  -0.05030   0.08253  -0.03875   0.00228  -0.01260   0.04859  -0.02323   0.02251  -0.00148   0.10710  -0.06099  -0.01609  -0.02978   0.14391  -0.07572   0.00262  -0.05664   0.06351  -0.01292 
  0.00760  -0.03562   0.08192  -0.03701  -0.01709  -0.03364   0.03863   0.01399   0.01507  -0.10765   0.01139   0.02891  -0.01441  -0.06272   0.08559  -0.01152  -0.04143  -0.04386   0.08183  -0.00702 
 -0.00889  -0.05953   0.06550   0.00134  -0.00159  -0.02166   0.04253  -0.01094  -0.02201   0.03048   0.08105  -0.00831  -0.03573  -0.10603   0.14160  -0.01202   0.01506  -0.13571   0.11946  -0.02702 
 -0.01026  -0.06982   0.10593  -0.01773  -0.01439   0.01034   0.09851  -0.04529   0.01696   0.01804  -0.03582  -0.02682  -0.00764   0.01812   0.05780  -0.03769   0.01273  -0.03690   0.05052  -0.01986 
  0.00095  -0.00967   0.06909  -0.03475  -0.00419  -0.02431   0.04181  -0.00628   0.01188  -0.02984  -0.10047   0.01906  -0.02059  -0.01312   0.06516  -0.00964   0.01685  -0.06141   0.03508  -0.00071 
  0.00555  -0.04127   0.03433  -0.00381  -0.00071  -0.00128   0.05491  -0.02859   0.03545  -0.07771   0.10114  -0.03657  -0.03084  -0.08910   0.12462  -0.01032   0.01746  -0.08007   0.11098  -0.04639 
  0.00423  -0.05812   0.09951  -0.03409  -0.02615   0.00504   0.09878  -0.02847  -0.00322   0.00477   0.01103  -0.00082  -0.02514   0.04331   0.09891  -0.05974   0.00839  -0.02767   0.06047  -0.02872 
 -0.00977  -0.00616   0.08233  -0.03356  -0.01833  -0.00564   0.05805  -0.00729   0.00893  -0.01994  -0.02556   0.00411  -0.01164   0.01634   0.00920   0.00227  -0.00755  -0.04060   0.05941  -0.01191 
 -0.00296  -0.02141   0.04178  -0.00853  -0.00919   0.00134   0.07331  -0.03065   0.00385  -0.05437   0.12764  -0.00938  -0.00510  -0.07832   0.07483  -0.00981   0.03364  -0.08069   0.09884  -0.04719 
  0.00483  -0.05252   0.09001  -0.03106   0.00384  -0.03267   0.08341  -0.03762   0.01674   0.00074   0.03929  -0.03368  -0.01147   0.03267   0.09595  -0.07165  -0.01068   0.01042   0.09307  -0.06295 
  0.00435  -0.00541   0.09041  -0.05496   0.01063  -0.07079   0.03702  -0.00241   0.01662   0.01180   0.05911  -0.04567   0.00887  -0.04580   0.04688  -0.02290  -0.00018  -0.02516   0.03481  -0.00785 
  0.01860  -0.04127   0.03660  -0.01888   0.00105  -0.01517   0.07275  -0.03526   0.03254  -0.03123  -0.00193  -0.02927   0.01632  -0.07117   0.07681  -0.04595   0.03363  -0.08198   0.09838  -0.04619 
  0.01954  -0.05419   0.08213  -0.04157   0.00810   0.00357   0.07615  -0.05604   0.01903   0.02662   0.05168  -0.05710   0.00053  -0.00276   0.11277  -0.08630   0.00482  -0.03038   0.03556  -0.00864 
  0.01367  -0.01245   0.06951  -0.04780   0.01305  -0.04151   0.04546  -0.02209   0.02143  -0.02404  -0.09769   0.00260   0.02679  -0.01194   0.00252  -0.03519  -0.02117  -0.03307   0.06107  -0.00903 
  0.01942  -0.03642   0.03205  -0.01952   0.02110  -0.04636   0.04171  -0.02823   0.02477  -0.06302   0.04091  -0.01121   0.00234  -0.06860   0.08561  -0.03281  -0.00618  -0.06060   0.09997  -0.03215 
  0.01497  -0.06123   0.07638  -0.02935   0.01358   0.01687   0.05539  -0.05689   0.02482  -0.00480   0.03700  -0.04219   0.00525  -0.00623   0.10595  -0.08573   0.00365  -0.04113   0.05250  -0.01360 
  0.01567  -0.01704   0.06783  -0.04657  -0.02153  -0.01560   0.08974  -0.01831   0.00656  -0.03787  -0.02616   0.01653  -0.00085  -0.00235  -0.01012   0.00831  -0.01576  -0.02391   0.04918  -0.00878 
 -0.00259  -0.02610   0.04512  -0.00853   0.00033  -0.01020   0.07684  -0.03933   0.01268  -0.02569   0.08596  -0.02498   0.00504  -0.07186   0.07148  -0.02433   0.02548  -0.10673   0.09088  -0.02377 
  0.01035  -0.05981   0.08457  -0.03014  -0.01457   0.01912   0.05740  -0.02306   0.02588   0.00647  -0.05487  -0.02921   0.00167  -0.00218   0.10409  -0.08026  -0.00474  -0.01678   0.07133  -0.03418 
  0.00302  -0.00541   0.07098  -0.04049   0.00629  -0.01581   0.05477  -0.03050   0.00875  -0.03108  -0.02255   0.00950  -0.01751   0.03489   0.04137  -0.02050  -0.02383  -0.02128   0.04649  -0.00390 
  0.00265  -0.01678   0.04133  -0.01633   0.01295  -0.00343   0.04837  -0.04123   0.01956  -0.02122   0.03157  -0.02320   0.00494  -0.03993   0.05909  -0.02871   0.00843  -0.04043   0.07034  -0.02914 
  0.01426  -0.02846   0.05910  -0.03356   0.01277  -0.01758   0.06768  -0.04622   0.03010   0.02799   0.06314  -0.07987  -0.00126   0.00323   0.07311  -0.05145   0.01922  -0.05260   0.05995  -0.02253 
  0.01954  -0.02349   0.06550  -0.04617  -0.01118  -0.01778   0.06240  -0.01269   0.02399  -0.01150  -0.10043  -0.00731   0.02680  -0.03088  -0.00658  -0.02034   0.00064  -0.05785   0.04649  -0.00003 
  0.01402  -0.03884   0.03159  -0.01229  -0.00917  -0.01564   0.07296  -0.02244   0.01829  -0.08563   0.11077  -0.00965   0.00793  -0.03937   0.05087  -0.02729   0.03793  -0.02706   0.04720  -0.03901 
  0.01118  -0.03722   0.06338  -0.02844   0.00848  -0.00357   0.07266  -0.05059   0.01428  -0.01925   0.00551  -0.01041   0.00413   0.05098   0.07992  -0.09404   0.00935  -0.02267   0.06493  -0.03513 
  0.01296  -0.00866   0.06846  -0.04835   0.01831  -0.03543   0.02772  -0.02138   0.00342  -0.04468   0.01661   0.01503   0.01111   0.00014   0.03196  -0.03728   0.00345  -0.04782   0.03826  -0.00112 
  0.01872  -0.04127   0.02906  -0.01481   0.01913   0.01154   0.05033  -0.05855  -0.00265  -0.02798   0.04227   0.00882   0.00704  -0.01161   0.05225  -0.04015   0.02457  -0.07364   0.07083  -0.02349 
  0.01520  -0.03269   0.06124  -0.03383   0.01091   0.00469   0.06355  -0.05212   0.02045  -0.00081  -0.03034  -0.02187  -0.00286  -0.00688   0.08602  -0.05443   0.01114  -0.00826   0.03870  -0.02598 
  0.01485  -0.00791   0.05347  -0.04143  -0.01289  -0.01141   0.03754   0.00054   0.03818  -0.00804  -0.06747  -0.03716  -0.01395   0.00089  -0.01183   0.02479   0.01024  -0.04702   0.04118  -0.00731 
  0.00903  -0.02636   0.02022  -0.00679   0.00814   0.01005   0.05210  -0.04388   0.02629  -0.01164   0.00949  -0.03346   0.01187  -0.04311   0.03627  -0.02099   0.02374  -0.06443   0.10034  -0.04968 
  0.01649  -0.03083   0.06972  -0.04157   0.00962  -0.00393   0.05646  -0.04154   0.01742  -0.00868   0.08142  -0.04061   0.00830  -0.01858   0.07159  -0.05381   0.01888  -0.06643   0.04813  -0.00791 
  0.01895  -0.03482   0.05781  -0.03489   0.00989  -0.06992   0.05465  -0.01174   0.02551   0.01310  -0.10334  -0.02324  -0.01042  -0.01485   0.02350   0.00605   0.00553  -0.02904   0.04089  -0.01313 
  0.01284  -0.03669   0.03456  -0.01367   0.00682  -0.01192   0.06591  -0.03991  -0.00283  -0.01199  -0.01830   0.01407   0.01616  -0.01016   0.08626  -0.08382   0.02287  -0.03814   0.07618  -0.04390 
  0.01189  -0.02453   0.07160  -0.04076  -0.00833   0.00557   0.05912  -0.02500   0.00637  -0.00304   0.08744  -0.02915   0.00641   0.03994   0.07468  -0.08618  -0.01309   0.00209   0.03764  -0.01645 
  0.00350   0.00299   0.05543  -0.03582   0.00326  -0.01804   0.01863  -0.00537   0.03205  -0.02617  -0.08256  -0.01441   0.01736  -0.04504   0.03498  -0.02743  -0.01482  -0.04656   0.02573   0.01596 
  0.01544  -0.03803   0.01549  -0.00555   0.01037  -0.01033   0.06331  -0.04373   0.01508  -0.00148   0.02116  -0.02533  -0.01078  -0.00688   0.07153  -0.03095   0.02687  -0.05193   0.05498  -0.02431 
  0.01070  -0.02610   0.06167  -0.03238   0.02177   0.00432   0.04507  -0.05515   0.00375   0.03113  -0.04101  -0.01472  -0.00113   0.00537   0.08658  -0.06414   0.01089   0.01694   0.03781  -0.03956 
  0.01602   0.00907   0.04601  -0.04753   0.00487  -0.02881   0.04042  -0.01446   0.03173  -0.05313  -0.01512  -0.01344   0.00194   0.00350  -0.01714   0.00598   0.00200  -0.03184   0.00965   0.00922 
  0.01755  -0.03402   0.00854  -0.00604   0.00427  -0.01077   0.04888  -0.02675   0.03050  -0.08679   0.09693  -0.02316   0.02065  -0.06956   0.04059  -0.02576   0.01187  -0.05143   0.08123  -0.03369 
  0.01461  -0.04837   0.06698  -0.02909   0.01876   0.00041   0.06542  -0.06202   0.02361  -0.01445   0.00904  -0.02763   0.01670  -0.00465   0.07232  -0.07546  -0.00271  -0.01300   0.03566  -0.01314 
  0.01907  -0.01296   0.05413  -0.04400  -0.00849  -0.02324   0.04405  -0.00295   0.01969  -0.01905  -0.03413  -0.00966   0.01338  -0.06006   0.03515  -0.01513  -0.00856  -0.03314   0.01721   0.01134 
