10 20 1 1 49 -3.7106 2.7600 4.4298 10485
 -0.00008  -0.04409   0.05640  -0.00911   0.00533  -0.02882   0.05663  -0.02445   0.00953  -0.08724   0.02607   0.02443   0.00873  -0.03450   0.05893  -0.03675   0.04043  -0.08870   0.09051  -0.04151 
  0.01536  -0.06448   0.07361  -0.02656   0.02959  -0.03251   0.03082  -0.03948   0.02803  -0.03224   0.00358  -0.02308   0.00276  -0.00193   0.07390  -0.05561   0.02892  -0.03992   0.05265  -0.03004 
  0.02645  -0.03560   0.05133  -0.03914  -0.00307  -0.04093   0.02736   0.00712   0.01766  -0.03727  -0.02529   0.00099   0.02026  -0.02072   0.01380  -0.02840   0.01478  -0.05946   0.03876  -0.00266 
  0.01524  -0.04938   0.02596  -0.00570   0.00186  -0.02009   0.04674  -0.01823   0.00337  -0.04559   0.11850  -0.01045  -0.00232  -0.01293   0.06614  -0.03609   0.02278  -0.08581   0.08662  -0.02818 
  0.00570  -0.05022   0.07614  -0.02419  -0.01431  -0.03736   0.08875  -0.01654   0.00742   0.00152   0.05392  -0.02418   0.00129  -0.02697   0.08902  -0.05320   0.00952  -0.04155   0.05192  -0.01652 
  0.00165  -0.03560   0.07530  -0.02630   0.00066  -0.03331   0.03176  -0.00270   0.00974  -0.05074  -0.01317   0.01594   0.02472  -0.06587   0.02132  -0.02013  -0.00424  -0.09262   0.03568   0.02409 
  0.01116  -0.06768   0.03017   0.00424   0.00468  -0.02653   0.03502  -0.01221   0.00055  -0.01526  -0.05003   0.01759  -0.00357  -0.02805   0.08300  -0.04030   0.04708  -0.08572   0.04833  -0.01720 
  0.00971  -0.04966   0.05222  -0.01434   0.01491  -0.00768   0.04478  -0.03959   0.02379   0.00096   0.06726  -0.05245  -0.01507  -0.00471   0.06096  -0.01800   0.01496  -0.04338   0.03103  -0.00549 
  0.01176  -0.02277   0.04754  -0.02669  -0.02138  -0.01834   0.04683   0.00799   0.01261  -0.03865   0.00475   0.00229  -0.01505   0.00980   0.03304  -0.00544  -0.02615  -0.07670   0.05278   0.01881 
 -0.00984  -0.04216   0.04394   0.00669  -0.00180  -0.01632   0.04181  -0.01265   0.00191  -0.04761   0.02414   0.01675   0.00742  -0.02203   0.06269  -0.04362   0.02624  -0.08665   0.09215  -0.03419 
  0.00546  -0.05050   0.07235  -0.02145  -0.00412   0.01577   0.05178  -0.03080   0.01782  -0.01092   0.11658  -0.05063  -0.01212   0.03973   0.07014  -0.05269   0.01094  -0.06080   0.04753  -0.00535 
  0.00423  -0.01650   0.06164  -0.03014  -0.00454  -0.02228   0.04055  -0.00606   0.01862  -0.05307  -0.05686   0.01365   0.01579  -0.01746   0.01893  -0.02663  -0.00602  -0.05594   0.02215   0.01752 
  0.00947  -0.04326   0.02218  -0.00045   0.01484  -0.04951   0.05183  -0.02469  -0.01318  -0.03127   0.10627   0.00781   0.00679  -0.02375   0.08225  -0.05770   0.02689  -0.08873   0.05966  -0.01047 
  0.00971  -0.05929   0.06852  -0.01963   0.00006  -0.02955   0.01790   0.00372   0.01585  -0.01858   0.08367  -0.03306  -0.00231  -0.02434   0.10237  -0.06054   0.02083  -0.05204   0.05222  -0.01856 
  0.00911  -0.03996   0.05859  -0.02197  -0.00224  -0.03984   0.02789   0.00544   0.02383  -0.10096  -0.07310   0.03079  -0.00057  -0.02114   0.00895   0.00484  -0.02374  -0.08871   0.02564   0.03829 
  0.00214  -0.06856   0.01956   0.01898  -0.00509  -0.07033   0.07767  -0.00708   0.02767  -0.07043   0.05054  -0.01425   0.00705  -0.02485   0.08707  -0.06166   0.04301  -0.14208   0.09574  -0.02418 
  0.01007  -0.09169   0.09401  -0.02184   0.00608  -0.00804   0.04784  -0.02972  -0.01065   0.00706   0.04688  -0.00066  -0.02510   0.00795   0.09816  -0.03959   0.00776  -0.07835   0.07338  -0.01275 
 -0.00156  -0.03425   0.07635  -0.02419  -0.02554  -0.03102   0.03999   0.02132  -0.00855   0.00246  -0.05195   0.02026   0.00108  -0.04060   0.00423   0.01376  -0.00821  -0.04450   0.02671   0.01089 
 -0.00870  -0.03614   0.02360   0.01360  -0.00260  -0.02204   0.05278  -0.01542   0.00221  -0.02206   0.00684   0.00741   0.01929  -0.01964   0.08849  -0.08609   0.02466  -0.11459   0.10510  -0.03067 
  0.00619  -0.05701   0.08547  -0.02749  -0.01682   0.02152   0.04278  -0.01309   0.02681  -0.02763  -0.02487  -0.01739  -0.00752   0.03927   0.09013  -0.07664   0.00189  -0.04718   0.05575  -0.01178 
  0.00128  -0.01314   0.05838  -0.02669   0.00817  -0.01754   0.02706  -0.01611  -0.01089   0.00196   0.03414   0.00555  -0.01095  -0.01419   0.06549  -0.02257  -0.01645  -0.08726   0.05659   0.01577 
 -0.00032  -0.04189   0.04709  -0.00457   0.01170  -0.01151   0.02721  -0.02339   0.01725  -0.02604   0.04204  -0.01974  -0.01577  -0.04130   0.10143  -0.03157   0.00693  -0.08616   0.11436  -0.03942 
  0.00607  -0.04882   0.08527  -0.03107  -0.00769  -0.00148   0.05388  -0.01929   0.02049  -0.02905   0.09294  -0.03683  -0.00521  -0.01515   0.13572  -0.09276  -0.01464  -0.02665   0.04721  -0.00675 
  0.00153  -0.02304   0.07530  -0.03240   0.00663  -0.03689   0.02608  -0.00530  -0.00099  -0.04489  -0.04613   0.03334   0.00476  -0.08247   0.03787   0.00419  -0.02570  -0.07018   0.06446   0.00841 
  0.00374  -0.06245   0.04008   0.00424  -0.02356  -0.04945   0.05891   0.01638   0.02093  -0.06510   0.04071  -0.00460   0.00791  -0.09489   0.09628  -0.03891   0.02165  -0.09342   0.08384  -0.02199 
 -0.00008  -0.07772   0.08238  -0.00974  -0.00820   0.00636   0.04063  -0.01475   0.01597   0.00319   0.03684  -0.03336  -0.01779  -0.04493   0.13350  -0.05539  -0.00195  -0.05160   0.07498  -0.02058 
 -0.00418  -0.02861   0.08259  -0.02815  -0.02679  -0.00414   0.02220   0.02060   0.00335  -0.03769  -0.01620   0.01863   0.01087  -0.02041   0.03916  -0.03199  -0.01244  -0.04427   0.06556  -0.01148 
 -0.00431  -0.03182   0.04258  -0.00269  -0.02036  -0.01553   0.07694  -0.01172   0.01024  -0.05623   0.04598   0.00475  -0.00834  -0.06701   0.12258  -0.04920  -0.00603  -0.08108   0.11068  -0.03083 
 -0.00845  -0.05672   0.10198  -0.02288   0.01142  -0.00781   0.03166  -0.02726  -0.00973  -0.04352   0.04970   0.02380   0.00251  -0.05282   0.09557  -0.04833  -0.02735  -0.06941   0.06506   0.00856 
  0.00104  -0.04910   0.06552  -0.01331  -0.00431   0.01774   0.02144  -0.01426  -0.00471  -0.00591   0.00032   0.00939  -0.01866   0.00143   0.03557   0.00161  -0.01290  -0.05538   0.04912   0.00475 
 -0.00782  -0.01936   0.03871  -0.00294   0.00619  -0.04365   0.06163  -0.02206  -0.00100  -0.02466   0.03007   0.00779  -0.00042  -0.02929   0.10377  -0.06226  -0.01054  -0.10045   0.10040  -0.01172 
  0.00017  -0.06073   0.08691  -0.02028   0.00928   0.00948   0.03180  -0.03295  -0.02295   0.01980   0.06442   0.00358  -0.03948   0.01065   0.15791  -0.07639   0.00500  -0.04180   0.06455  -0.02226 
 -0.00606  -0.01237   0.08135  -0.03361  -0.01239  -0.03023   0.03658   0.00848  -0.01166  -0.01492  -0.05265   0.03320  -0.00025  -0.01439   0.03291  -0.01422  -0.00825  -0.10837   0.07049   0.01101 
 -0.00281  -0.05644   0.04349   0.00633  -0.00346  -0.03535   0.06546  -0.01603   0.00719  -0.03680   0.05659  -0.00339   0.01011  -0.04321   0.09185  -0.06162   0.03878  -0.11375   0.11017  -0.04451 
  0.00899  -0.06826   0.09602  -0.03227   0.00335   0.01631   0.03860  -0.03270   0.02992   0.01957   0.01145  -0.05925  -0.00510  -0.03224   0.13334  -0.08132  -0.01537  -0.02545   0.08123  -0.03039 
  0.00704  -0.01288   0.08052  -0.04723  -0.00702   0.00843   0.02203  -0.00693   0.00272  -0.02345  -0.03990   0.01704  -0.00257  -0.00883   0.04756  -0.02383  -0.02092  -0.07755   0.04335   0.02219 
  0.00116  -0.03533   0.02994   0.00029  -0.03002  -0.00774   0.07082  -0.00066   0.00700  -0.04254  -0.02968   0.01892   0.00255  -0.03337   0.09813  -0.05989   0.03903  -0.06677   0.07237  -0.03739 
 -0.00094  -0.04134   0.07467  -0.02041  -0.00399  -0.00217   0.03866  -0.01468  -0.00083   0.04291  -0.01548  -0.02119  -0.01885   0.01242   0.07385  -0.03101   0.02276  -0.04607   0.06310  -0.03022 
  0.00178  -0.01211   0.05597  -0.02630  -0.01409   0.02027   0.01624  -0.00128   0.01365  -0.07766  -0.01340   0.02317  -0.00516  -0.01514   0.04065  -0.01231  -0.02329  -0.06056   0.01831   0.03068 
 -0.00368  -0.03452   0.01956   0.01010  -0.02835  -0.00290   0.03925   0.01297  -0.01343  -0.04168   0.03822   0.03009  -0.00925  -0.05589   0.05868  -0.00155  -0.01413  -0.05012   0.06646  -0.00834 
 -0.02060  -0.03560   0.05925   0.00559  -0.02436   0.05864   0.05832  -0.03266   0.01947  -0.00842   0.03218  -0.03054  -0.07427   0.04125   0.15664  -0.04456  -0.01314  -0.00397   0.02538  -0.00548 
 -0.02464   0.01960   0.07001  -0.02432  -0.02472   0.02923  -0.02941   0.02784   0.00005  -0.03948  -0.12352   0.04236  -0.01753   0.00635   0.00939   0.01446  -0.01058  -0.03848   0.01396   0.01677 
 -0.00959  -0.01417  -0.01189   0.02170  -0.03611  -0.02764   0.07892   0.00970  -0.02102  -0.10042   0.12661   0.04311  -0.03141   0.02671   0.11075  -0.05159   0.00255  -0.06381   0.10401  -0.03911 
 -0.02714  -0.04437   0.10258  -0.01025  -0.06233   0.02918   0.05839   0.02298  -0.02480  -0.00120   0.09804   0.00891  -0.04125   0.01377   0.13090  -0.04892  -0.01350  -0.02769   0.07298  -0.02434 
 -0.03767  -0.00346   0.08874  -0.01114  -0.01022  -0.06821   0.03349   0.02245   0.02641  -0.05797  -0.05336   0.00452   0.01575  -0.06159   0.06670  -0.04122   0.02599  -0.08430   0.05489  -0.00868 
  0.01417  -0.07356   0.04552  -0.00470   0.02841  -0.02600   0.08773  -0.07804   0.10252  -0.08315   0.05554  -0.14955   0.05848  -0.05458   0.03854  -0.09624   0.06215  -0.09391   0.11628  -0.07628 
  0.05571  -0.06797   0.09561  -0.09024   0.07162   0.07147  -0.05832  -0.11292   0.10285   0.05101  -0.20529  -0.18482   0.09485   0.13455  -0.02448  -0.27482   0.10284   0.03107  -0.02135  -0.07771 
  0.10055   0.05557  -0.04607  -0.14209   0.11939  -0.20424  -0.04059  -0.07492   0.15396  -0.32660  -0.14613  -0.10565   0.12350  -0.15443  -0.08026  -0.10059   0.07394  -0.16813  -0.00463   0.02847 
  0.14235  -0.21919  -0.06249  -0.05830  -0.21711  -0.37569   0.50464  -0.19911  -0.00417  -0.31288   0.21936   0.06247  -0.03014  -0.28294   0.28936  -0.13396  -0.22562  -0.46016   0.38730  -0.12348 
 -0.14609  -0.39422   0.43360  -0.13577  -2.26810  -4.02061   0.79746  -4.02061  -1.47919  -4.02061   1.14751  -4.02061  -2.48129  -4.02061   0.74949  -4.02061  -2.42703  -4.02061   0.66937  -4.02061 
 -2.17730  -4.02061   0.77954  -4.02061  -4.02061  -4.02061  -4.02061   0.49458  -4.02061  -4.02061  -4.02061  -4.02061  -4.02061  -2.29702  -4.02061   0.53674  -4.02061  -4.02061  -4.02061  -4.02061 
 -4.02061  -2.38478  -4.02061   0.47623  -4.02061  -4.02061  -4.02061  -4.02061  -0.47969  -0.09627  -4.02061   0.34827  -4.02061  -4.02061  -4.02061  -4.02061   0.57101  -0.93779  -0.51729  -0.51652 
  0.37708  -0.86316  -0.40682  -0.46368   0.20863  -0.53023  -0.19867  -0.11052   0.11259  -0.19638   0.00766  -0.09682   0.20084  -0.28262  -0.08306  -0.27902   0.13896  -0.25886  -0.27061   0.10836 
  0.23331  -0.49095  -0.19981  -0.09361  -0.73493  -0.99812   0.73599  -0.80663  -0.20464  -0.39803   0.83130  -0.24167  -0.43177  -0.63934   0.62734  -0.62795  -0.62897  -0.81333   0.58405  -0.58103 
 -0.60562  -0.84881   0.69509  -0.66535  -0.00326  -0.06955  -0.00128   0.03221  -0.00442  -0.00865   0.06388  -0.00442  -1.07077  -0.97919  -1.09470   0.50918   0.05293  -0.30182   0.08347   0.02813 
 -0.58945  -0.70075  -0.56141   0.39841   0.02620  -0.06978   0.00103  -0.00320   0.04109  -0.07425  -0.18115   0.01225   0.01749  -0.03841   0.02580  -0.02419   0.20424  -0.73516  -0.30747   0.13750 
  0.02598  -0.50912  -0.17072   0.15908  -0.13107  -0.20044   0.02507   0.15938   0.00376  -0.05768  -0.21524   0.05810  -0.09720  -0.20439  -0.10173   0.19772  -0.14311  -0.55154  -0.12595   0.22505 
 -0.16125  -0.33686  -0.02945   0.20724  -0.09450  -0.26008  -0.22012   0.21234  -0.03397  -0.20486  -0.15822   0.13909  -0.05240  -0.32845  -0.35325   0.24133  -0.05288  -0.14347  -0.38251   0.18913 
 -0.11501  -0.16846  -0.28624   0.21290  -0.02449  -0.02736  -0.13771   0.08885   0.01644  -0.26197   0.07350   0.06438   0.06267  -0.11602  -0.08973   0.00490   0.03690  -0.14370  -0.26499   0.13245 
 -0.03592  -0.10074  -0.15939   0.12547  -0.00759  -0.18160  -0.11437   0.11042   0.06239  -0.26007  -0.12212   0.04001   0.05890  -0.18197  -0.17217   0.06495   0.08621  -0.18827  -0.17431   0.09575 
  0.01691  -0.18193  -0.13247   0.10060   0.02715  -0.17135  -0.16391   0.08897   0.05623  -0.19862  -0.09807   0.02632   0.04986  -0.21708  -0.18719   0.09037   0.08657  -0.16049  -0.15205   0.08051 
  0.02842  -0.16553  -0.13451   0.08701  -0.01545  -0.14426  -0.14285   0.11654   0.06319  -0.18574  -0.05733   0.00430   0.04499  -0.18316  -0.10745   0.05891   0.08679  -0.22116  -0.12686   0.08863 
  0.01500  -0.18193  -0.10585   0.09416  -0.03897  -0.14796  -0.14489   0.13736   0.05932  -0.13024  -0.11185  -0.00133   0.03600  -0.12819  -0.20223   0.08951   0.08772  -0.15989  -0.17047   0.08565 
  0.00399  -0.14272  -0.14103   0.10296  -0.02278  -0.18490  -0.19942   0.14592   0.02622  -0.20854  -0.04037   0.05992   0.05074  -0.20853  -0.16420   0.07954   0.07084  -0.16357  -0.10683   0.07444 
  0.00091  -0.17031  -0.11585   0.10559  -0.00023  -0.16524  -0.16573   0.11426   0.01332  -0.19698   0.06184   0.05211   0.05333  -0.20958  -0.13354   0.06512   0.08007  -0.17133  -0.13851   0.08286 
  0.01007  -0.16773  -0.11130   0.09615  -0.01735  -0.15364  -0.19705   0.13405   0.03970  -0.16505   0.02602   0.01435   0.05097  -0.27267  -0.07114   0.05669   0.05902  -0.18069  -0.14176   0.09804 
  0.00239  -0.17179  -0.11683   0.10511  -0.03584  -0.11823  -0.20644   0.14257   0.04221  -0.18902   0.07682   0.00716   0.05066  -0.16757  -0.17171   0.07187   0.05609  -0.17752  -0.12629   0.09350 
 -0.00643  -0.15149  -0.11978   0.10744  -0.00318  -0.09401  -0.19022   0.10468   0.04250  -0.15214   0.01954   0.00690   0.04622  -0.13371  -0.07350   0.02747   0.06752  -0.13112  -0.14539   0.07994 
  0.00850  -0.11385  -0.11650   0.08333  -0.02048  -0.11220  -0.24617   0.13729   0.04537  -0.13675  -0.00855   0.00277   0.07319  -0.17871  -0.16392   0.04090   0.07667  -0.14541  -0.15757   0.08339 
  0.01500  -0.13040  -0.15795   0.09516  -0.00878  -0.10795  -0.21165   0.11874   0.07725  -0.18465   0.00325  -0.03196   0.06998  -0.21716  -0.13332   0.04382   0.06203  -0.16608  -0.11817   0.08421 
  0.01620  -0.14621  -0.12143   0.08812  -0.00354  -0.10914  -0.17649   0.10574   0.08778  -0.24112   0.00941  -0.03115   0.06182  -0.10946  -0.08071  -0.00061   0.08100  -0.15755  -0.12355   0.07295 
  0.02563  -0.13996  -0.10680   0.07339  -0.00979  -0.20137  -0.21862   0.14302   0.07820  -0.22408   0.01280  -0.02127   0.05293  -0.21862  -0.11831   0.06185   0.05072  -0.16961  -0.11579   0.09040 
  0.01429  -0.18574  -0.12209   0.10070  -0.01889  -0.16265  -0.17571   0.13233   0.05303  -0.20502   0.06804  -0.00110   0.02554  -0.18421  -0.09139   0.07713   0.10597  -0.19378  -0.13112   0.07139 
  0.01321  -0.17702  -0.10489   0.09406  -0.00601  -0.16520  -0.20138   0.12814   0.02003  -0.14387   0.10366   0.01466   0.02456  -0.13876  -0.05464   0.04930   0.10426  -0.18014  -0.12885   0.06769 
  0.01369  -0.16007  -0.10330   0.08853  -0.02029  -0.18432  -0.23552   0.15155   0.02578  -0.24470   0.01340   0.06091   0.04006  -0.22605  -0.11017   0.07703   0.09676  -0.22268  -0.16483   0.09584 
  0.01056  -0.20735  -0.14695   0.11607  -0.01450  -0.15412  -0.22087   0.13716  -0.01312  -0.14707   0.05566   0.06818   0.03028  -0.25066  -0.08772   0.08545   0.10684  -0.19526  -0.17014   0.08441 
  0.00374  -0.17291  -0.13588   0.10985   0.01839  -0.11072  -0.28078   0.10965  -0.02050  -0.22132  -0.05594   0.11754   0.05021  -0.20145  -0.04231   0.02620   0.16217  -0.21404  -0.16130   0.04984 
  0.03895  -0.17216  -0.14765   0.08333   0.02485  -0.08276  -0.32492   0.10406  -0.04352  -0.14289   0.04021   0.10146   0.07184  -0.21026  -0.18694   0.05958   0.15757  -0.21491  -0.22359   0.07315 
  0.04256  -0.15433  -0.21307   0.09266   0.03245  -0.07699  -0.37947   0.10433   0.03402  -0.20970  -0.07452   0.05615   0.08301  -0.25457  -0.10367   0.02066   0.19666  -0.23815  -0.20574   0.04475 
  0.06847  -0.17068  -0.21676   0.07381   0.04541  -0.02419  -0.37599   0.07287   0.04110  -0.14728  -0.03469   0.01841   0.12335  -0.26187  -0.11480  -0.04371   0.20436  -0.21842  -0.20850   0.03371 
  0.08333  -0.13277  -0.22131   0.04804   0.00449  -0.01716  -0.33326   0.10430   0.04769  -0.19700  -0.12090   0.04138   0.13024  -0.22001  -0.18224  -0.03759   0.19882  -0.23333  -0.22769   0.04851 
  0.06921  -0.13686  -0.24044   0.06897   0.03131  -0.03353  -0.36274   0.08883   0.03745  -0.13418  -0.02505   0.01661   0.10954  -0.22180  -0.14567  -0.01380   0.18181  -0.22160  -0.17756   0.04266 
  0.06826  -0.13277  -0.20739   0.06020   0.01198  -0.02244  -0.36640   0.10483   0.07035  -0.11287  -0.05579  -0.03760   0.09808  -0.13805  -0.13951  -0.02280   0.18435  -0.18751  -0.18472   0.03290 
  0.06656  -0.10741  -0.21429   0.05542   0.00539  -0.01461  -0.35252   0.10600   0.04765  -0.10729  -0.06497  -0.00167   0.06779  -0.21196  -0.17871   0.06279   0.14510  -0.18785  -0.19970   0.06706 
  0.04513  -0.10837  -0.22591   0.07963   0.01267  -0.01823  -0.40281   0.10859   0.07693  -0.16268  -0.06401  -0.02547   0.06138  -0.28149  -0.09966   0.05698   0.11204  -0.16494  -0.15250   0.06660 
  0.03952  -0.11223  -0.19626   0.07849   0.01626  -0.04177  -0.29643   0.09422   0.07641  -0.14339   0.00376  -0.04787   0.05501  -0.16165  -0.05064   0.01182   0.12926  -0.16845  -0.17029   0.06251 
  0.04580  -0.11385  -0.16630   0.06482  -0.00204  -0.08023  -0.24367   0.11224   0.06656  -0.17590  -0.00855  -0.01471   0.06101  -0.20012  -0.16829   0.06539   0.13240  -0.16104  -0.18321   0.06236 
  0.04076  -0.13345  -0.17593   0.07849   0.00419  -0.13477  -0.25234   0.12315   0.05813  -0.16180  -0.03366  -0.00145   0.05844  -0.19918  -0.09651   0.04000   0.11503  -0.15166  -0.19008   0.07289 
  0.03360  -0.14516  -0.17183   0.08731   0.02391  -0.18197  -0.14401   0.08921   0.07053  -0.17280  -0.03254  -0.01720   0.07371  -0.21664  -0.11944   0.03235   0.12791  -0.14000  -0.18054   0.05774 
  0.04802  -0.15612  -0.13417   0.06620   0.00660  -0.13256  -0.11914   0.08629   0.08080  -0.14470  -0.00579  -0.05288   0.04310  -0.25430  -0.04614   0.05134   0.17337  -0.16322  -0.23717   0.05050 
  0.05560  -0.15469  -0.13724   0.05933  -0.02206  -0.15281  -0.08985   0.10884   0.06890  -0.21260  -0.05068   0.00352   0.03276  -0.16532  -0.09742   0.06572   0.16669  -0.20043  -0.16422   0.04352 
  0.03975  -0.17890  -0.10649   0.07171  -0.01264  -0.17387   0.00853   0.06916   0.06542  -0.19166   0.01179  -0.01156   0.02842  -0.10291  -0.03516   0.02261   0.16586  -0.16322  -0.20324   0.04575 
  0.04076  -0.15899  -0.06889   0.05169  -0.02208  -0.17488   0.02122   0.07293   0.04701  -0.10428  -0.09468   0.00338   0.01715  -0.10048  -0.13325   0.08024   0.15535  -0.14477  -0.16704   0.03524 
  0.03200  -0.14168  -0.06977   0.05509  -0.01458  -0.16964   0.01698   0.06625   0.04734  -0.09905  -0.10565   0.00250  -0.00008  -0.05549  -0.01195   0.03050   0.16817  -0.16089  -0.14832   0.02392 
  0.03669  -0.13927  -0.04858   0.04155  -0.03601  -0.11093   0.04377   0.05785   0.03027  -0.13440   0.04430   0.01175   0.01012  -0.09174   0.02400   0.00931   0.15897  -0.20788  -0.06212   0.00960 
  0.02610  -0.15007   0.00941   0.03024  -0.02345  -0.11904  -0.00584   0.07061   0.01261  -0.05553   0.03236   0.00440   0.01720  -0.04574  -0.01936   0.00777   0.11260  -0.14337  -0.10724   0.04239 
  0.01703  -0.11062  -0.03402   0.04492  -0.03616  -0.10053  -0.00126   0.07501   0.02270  -0.11337   0.00214   0.02306   0.00777  -0.05573   0.03261  -0.00714   0.13198  -0.18427  -0.02822   0.00594 
  0.01727  -0.12872   0.00548   0.03358  -0.01463  -0.08545  -0.02223   0.05853   0.00993  -0.06798   0.01101   0.01864   0.00912  -0.06876   0.02439   0.00166   0.11915  -0.17468  -0.03863   0.01757 
  0.02035  -0.11646  -0.00552   0.03139  -0.03640  -0.07181  -0.03971   0.08158   0.03067  -0.09367  -0.04545   0.01336   0.02315  -0.07970   0.04447  -0.02814   0.12011  -0.14125  -0.06181   0.01652 
