IntronPotTab 1 1024 -21.16393 1.65916 46.95169 63192 6 16  297.82
   -0.02045
   -0.00330
   -0.00210
    0.04095
   -0.15885
    0.16911
   -0.19723
   -0.08966
   -0.03164
   -0.00273
    0.01227
    0.05319
   -0.00910
   -0.04554
   -0.00964
    0.05725
   -0.03109
    0.02000
    0.00146
    0.05188
   -0.24824
    0.11713
   -0.24212
   -0.17994
   -0.00547
   -0.01852
    0.00949
    0.02538
    0.00855
   -0.04144
   -0.00283
    0.03593
   -0.02059
   -0.01898
    0.01795
    0.04325
   -0.02324
    0.01513
   -0.02437
    0.04371
   -0.04763
   -0.04249
    0.08419
    0.01235
   -0.01273
   -0.08054
    0.01702
    0.04254
   -0.01906
   -0.03399
    0.02506
    0.03953
   -0.02086
    0.00603
   -0.05529
    0.04901
   -0.01834
   -0.00431
   -0.03119
    0.05170
   -0.00196
   -0.05222
   -0.02479
    0.04708
   -0.00337
   -0.01244
   -0.00874
    0.03765
   -0.01310
   -0.00107
   -0.03942
    0.04803
    0.01565
   -0.02670
   -0.01348
    0.06792
    0.01376
   -0.08632
    0.01784
    0.03225
   -0.03780
   -0.00176
   -0.00319
    0.05883
   -0.25487
   -0.17053
   -0.21454
    0.11761
   -0.03890
   -0.00707
   -0.03389
    0.06685
    0.02855
   -0.03002
   -0.01831
    0.03480
   -0.01588
   -0.05591
    0.02344
    0.05020
   -0.01406
   -0.03325
   -0.01897
    0.06275
   -0.03956
   -0.03236
    0.01758
    0.07575
    0.02294
   -0.10558
    0.00947
    0.04232
   -0.03311
   -0.02941
    0.03844
    0.03316
   -0.02698
   -0.03012
   -0.03965
    0.07103
   -0.08047
    0.01424
   -0.06012
    0.06598
    0.01631
   -0.05613
   -0.00283
    0.04214
    0.00425
   -0.01217
   -0.03267
    0.06853
    0.01102
    0.00196
   -0.06757
    0.03610
   -0.01046
   -0.02620
   -0.01632
    0.09189
    0.00867
   -0.06160
   -0.02096
    0.05502
   -0.02682
   -0.00240
    0.00096
    0.06260
    0.00506
    0.01193
   -0.04207
    0.01811
   -0.02044
   -0.03124
   -0.01440
    0.08209
    0.12173
   -0.11069
   -0.03779
   -0.02011
   -0.02119
   -0.02512
   -0.02006
    0.10963
   -0.01232
   -0.02959
   -0.03230
    0.06859
   -0.34683
   -0.28376
   -0.28847
    0.22532
   -0.04949
   -0.09153
   -0.01618
    0.11182
   -0.05465
   -0.05941
    0.03989
    0.04336
   -0.04856
   -0.02172
   -0.03694
    0.07234
   -0.09532
   -0.01705
   -0.03200
    0.09894
   -0.02375
   -0.06632
   -0.00102
    0.04945
   -0.01240
   -0.04478
   -0.01585
    0.04783
    0.00799
   -0.04543
   -0.02752
    0.03172
   -0.01492
   -0.02710
    0.02139
    0.03809
   -0.00110
   -0.06216
    0.03115
    0.01129
   -0.02135
   -0.01944
   -0.01795
    0.05663
   -0.04158
    0.00728
   -0.05448
    0.05906
   -0.02080
   -0.03724
   -0.02418
    0.07339
   -0.01364
   -0.02783
    0.01249
    0.01956
   -0.00075
   -0.07709
    0.00057
    0.04675
    0.01651
   -0.10171
   -0.03217
    0.04327
   -0.02897
   -0.03682
    0.00543
    0.06833
    0.01084
   -0.09041
    0.00340
    0.03088
   -0.02349
   -0.06283
    0.04583
    0.02288
   -0.00657
   -0.03347
   -0.04882
    0.05381
   -0.05495
    0.00248
   -0.04557
    0.06098
    0.01607
   -0.05432
    0.00040
    0.00486
   -0.03573
    0.03649
   -0.03518
    0.03422
   -0.01507
   -0.00346
   -0.04177
    0.06711
   -0.04222
   -0.00833
    0.01151
    0.05416
   -0.01129
   -0.06047
   -0.04289
    0.07984
   -0.04399
    0.00805
   -0.00696
    0.06270
   -0.07207
    0.02520
   -0.01501
    0.07046
   -0.03400
   -0.00875
   -0.00874
    0.05628
   -0.02887
   -0.05382
   -0.01505
    0.06979
   -0.02522
    0.00894
   -0.00086
    0.03396
   -0.01689
   -0.00201
   -0.01097
    0.09131
   -0.06232
   -0.01473
    0.07541
    0.00435
   -0.02539
   -0.06155
   -0.00739
    0.05808
   -0.06679
   -0.02226
   -0.01166
    0.06450
   -0.06689
   -0.02415
   -0.04760
    0.09636
   -0.11890
    0.04929
   -0.10133
    0.03753
   -0.04828
   -0.07684
   -0.03175
    0.07706
    0.02173
   -0.04304
   -0.01332
    0.03439
   -0.01203
   -0.03504
   -0.03195
    0.07040
   -0.04410
   -0.01279
   -0.00156
    0.07248
   -0.03188
   -0.06554
   -0.02164
    0.09301
    0.00079
   -0.02917
   -0.00001
    0.03499
   -0.03134
   -0.00851
   -0.02648
    0.05198
   -0.03679
   -0.00963
   -0.03367
    0.06568
    0.11190
   -0.12142
   -0.13127
   -0.02827
   -0.01115
   -0.05798
    0.01633
    0.05205
   -0.07184
   -0.04782
   -0.02388
    0.10376
   -0.06275
   -0.02076
    0.02429
    0.05827
   -0.02563
   -0.08048
   -0.00445
    0.07752
    0.06561
   -0.19449
    0.01198
   -0.11513
   -0.02537
   -0.04478
   -0.01730
    0.06622
   -0.09036
   -0.00257
   -0.07320
    0.10712
   -0.03576
   -0.09142
   -0.05871
    0.11089
   -0.00338
   -0.01731
   -0.03013
    0.06318
   -0.02002
   -0.02970
   -0.03160
    0.07644
   -0.06349
   -0.03469
    0.04183
    0.05530
   -0.02106
   -0.05020
   -0.02681
    0.08127
   -0.04996
   -0.02892
   -0.01654
    0.08721
   -0.07012
   -0.00755
    0.00063
    0.05878
   -0.07369
    0.00152
   -0.01068
    0.06279
   -0.05834
   -0.08217
    0.02258
    0.04009
   -0.02930
   -0.01606
   -0.00476
    0.05768
   -0.06307
   -0.03434
   -0.01672
    0.09474
   -0.07815
   -0.02467
    0.00969
    0.08437
   -0.10145
   -0.07353
   -0.01380
    0.10811
   -0.05137
   -0.05826
    0.00590
    0.08014
   -0.07554
   -0.05145
   -0.05106
    0.09383
   -0.12685
    0.01173
   -0.06114
    0.10256
   -0.06852
   -0.08681
   -0.00279
    0.06631
    0.06447
   -0.14984
   -0.14141
   -0.02546
   -0.07917
   -0.04252
   -0.08337
    0.12455
   -0.10461
    0.01790
    0.07239
   -0.04202
   -0.04142
   -0.04233
   -0.03162
    0.07855
   -0.04106
   -0.02592
   -0.01920
    0.08875
   -0.13771
   -0.04664
   -0.09632
    0.09933
   -0.07204
   -0.02148
   -0.02920
    0.09160
   -0.07169
   -0.00334
   -0.00645
    0.04255
   -0.04416
   -0.04723
   -0.01638
    0.10348
   -0.18941
   -0.11106
   -0.13930
    0.06692
   -0.09698
   -0.00598
   -0.01654
    0.09073
   -0.13318
    0.01258
   -0.06762
    0.06531
   -0.04739
   -0.07524
    0.03725
    0.05840
   -0.05674
   -0.03976
   -0.05101
    0.06491
   -0.09319
    0.01118
   -0.07715
    0.08735
   -0.05436
   -0.04300
   -0.04478
    0.07151
   -0.03544
    0.00866
   -0.00207
    0.04571
   -0.02215
   -0.00541
   -0.03359
    0.06034
   -0.05042
    0.00760
    0.01067
    0.06304
   -0.01772
   -0.07572
   -0.01673
    0.07152
   -0.06063
    0.00618
    0.02800
    0.01458
   -0.05510
    0.04263
   -0.05085
    0.02868
   -0.03793
   -0.00501
    0.01329
    0.03947
    0.00281
   -0.05935
   -0.00006
    0.04504
   -0.04342
    0.00459
    0.01951
    0.02703
   -0.04245
   -0.00874
   -0.00950
    0.06577
   -0.10264
   -0.04332
    0.11460
    0.01218
   -0.03864
   -0.07741
    0.00346
    0.05943
   -0.04854
   -0.03807
    0.04592
    0.02377
   -0.02577
   -0.03687
   -0.03146
    0.06878
   -0.06247
    0.01373
   -0.01393
    0.05348
    0.00473
   -0.07633
   -0.01799
    0.05368
   -0.00623
   -0.01961
    0.00484
    0.05403
   -0.00806
   -0.03715
   -0.02462
    0.06296
   -0.00594
   -0.01186
   -0.01308
    0.12226
   -0.04227
   -0.11388
    0.06199
    0.02711
   -0.05629
   -0.01250
    0.02939
    0.03713
   -0.05089
   -0.01982
   -0.00921
    0.06830
   -0.07467
    0.00390
   -0.05118
    0.07525
    0.01222
   -0.03879
   -0.01403
    0.04567
   -0.01632
   -0.03722
    0.02097
    0.03448
   -0.03885
   -0.03302
    0.00000
    0.06360
   -0.06915
   -0.01453
    0.01976
    0.06911
   -0.03630
   -0.08710
    0.02830
    0.05419
   -0.11368
   -0.04076
    0.07396
   -0.02862
   -0.04652
   -0.02273
   -0.03310
    0.06810
   -0.16532
    0.01049
   -0.10738
    0.04975
    0.01351
   -0.04157
   -0.01102
    0.04790
   -0.01048
   -0.02089
   -0.01940
    0.06487
   -0.01483
   -0.03643
   -0.04040
    0.07764
   -0.01069
   -0.02957
   -0.01203
    0.08740
   -0.02294
   -0.08910
   -0.03142
    0.10140
   -0.05183
   -0.00901
   -0.00080
    0.06464
   -0.05744
   -0.00437
   -0.00105
    0.04453
   -0.07492
   -0.00775
   -0.01519
    0.08568
    0.02178
   -0.08620
   -0.01815
    0.06604
   -0.04302
   -0.02078
   -0.00666
    0.08487
   -0.07119
   -0.05173
   -0.00343
    0.11879
   -0.07166
   -0.05286
   -0.02419
    0.16888
   -0.36712
   -0.31012
   -0.28083
    0.13427
   -0.11851
   -0.05702
    0.06372
    0.05723
   -0.10263
   -0.06981
   -0.05136
    0.11229
   -0.16021
    0.00370
   -0.01598
    0.07325
   -0.23127
   -0.30677
   -0.24266
    0.11099
    0.04428
   -0.02674
   -0.11871
    0.05359
    0.02148
   -0.05229
   -0.06982
    0.05396
   -0.02491
   -0.00076
   -0.01029
    0.03831
   -0.00386
   -0.05869
   -0.00680
    0.03920
   -0.05255
    0.00070
   -0.00935
    0.06680
   -0.06192
    0.02274
   -0.04465
    0.04773
   -0.05818
    0.00431
   -0.04797
    0.07271
   -0.03723
    0.06481
   -0.05655
   -0.03678
    0.00127
   -0.01927
   -0.06810
    0.09290
   -0.05817
   -0.06836
   -0.09179
    0.10328
   -0.07104
   -0.02548
   -0.02356
    0.10222
   -0.04097
   -0.03430
    0.01710
    0.04133
   -0.05125
   -0.04897
    0.03325
    0.04271
   -0.00786
   -0.04435
   -0.03450
    0.05550
   -0.12830
    0.04233
   -0.08921
    0.03148
    0.14285
   -0.15870
   -0.08025
   -0.09357
   -0.12801
    0.14672
   -0.10215
   -0.05299
   -0.04384
    0.01429
   -0.04440
    0.06550
   -0.06316
   -0.01252
    0.04901
    0.02450
   -0.05937
   -0.03166
   -0.02494
    0.06691
   -0.06339
    0.01052
   -0.02865
    0.07546
   -0.06379
    0.00699
   -0.00820
    0.04421
   -0.04565
   -0.04646
    0.03681
    0.04674
   -0.03683
   -0.07081
    0.04647
    0.00958
   -0.04240
    0.01175
    0.01735
    0.01540
   -0.10624
   -0.04342
   -0.07057
    0.08962
   -0.31656
   -0.34428
    0.13792
   -0.28691
   -0.04678
   -0.06209
    0.02575
    0.03992
   -0.07226
   -0.03267
   -0.02376
    0.02955
   -0.07597
   -0.04355
   -0.08166
    0.06874
   -0.06757
   -0.01423
   -0.04295
    0.06827
   -0.06615
   -0.05499
   -0.00768
    0.03888
   -0.00839
   -0.04696
    0.00500
    0.05682
   -0.03733
   -0.03861
   -0.02207
    0.08265
   -0.03460
   -0.04653
    0.02552
    0.08568
   -0.04353
   -0.09501
    0.00450
    0.09082
   -0.05455
   -0.02363
   -0.02650
    0.09608
   -0.09657
   -0.01678
   -0.03255
    0.08102
   -0.06361
   -0.04954
   -0.02833
    0.10030
   -0.04045
   -0.09713
   -0.03576
    0.10289
   -0.01849
   -0.05540
    0.01247
    0.05287
   -0.06916
   -0.04355
   -0.01183
    0.08512
   -0.06727
   -0.05481
    0.04605
    0.07048
   -0.05652
   -0.10304
    0.02809
    0.07515
   -0.06843
   -0.06647
    0.08379
    0.02395
   -0.14285
    0.00335
   -0.10985
    0.06077
   -0.14677
   -0.03912
   -0.11146
    0.11889
   -0.03966
   -0.09701
   -0.01829
    0.08719
   -0.02875
   -0.01604
   -0.05227
    0.09711
   -0.02589
   -0.04133
   -0.03915
    0.08825
   -0.06416
   -0.04347
    0.03580
    0.05095
   -0.05603
   -0.09848
    0.01673
    0.06217
   -0.07219
    0.00416
   -0.07156
    0.14678
   -0.08339
   -0.04403
    0.02230
    0.05649
   -0.09607
   -0.03504
   -0.00175
    0.08452
   -0.04504
   -0.12733
    0.01406
   -0.01508
   -0.04687
   -0.02708
   -0.00980
    0.08332
   -0.07203
   -0.06601
   -0.02700
    0.09782
   -0.08004
   -0.06674
    0.04572
    0.03457
   -0.11481
   -0.11880
    0.02853
    0.06112
   -0.09590
   -0.04891
   -0.02396
    0.07373
   -0.19122
   -0.12293
   -0.14047
    0.08950
   -0.13523
   -0.03081
   -0.05507
    0.10285
   -0.07900
   -0.10686
    0.01946
    0.03278
   -0.03760
   -0.05591
   -0.00586
    0.04810
   -0.05802
   -0.06838
    0.01022
    0.07325
   -0.26510
   -0.26968
    0.15317
   -0.19520
   -0.09776
   -0.05136
    0.00166
    0.04173
   -0.05064
   -0.02678
   -0.02743
    0.08676
   -0.07499
   -0.00297
   -0.02731
    0.05321
   -0.06320
   -0.03798
   -0.00802
    0.07546
   -0.05992
   -0.03618
    0.02423
    0.01995
   -0.01615
   -0.06178
    0.00482
    0.05245
   -0.11663
   -0.09566
   -0.08965
    0.07718
   -0.07935
   -0.06522
    0.06945
    0.03771
   -0.10221
    0.00071
   -0.02134
    0.04253
   -0.15060
   -0.15623
    0.19510
   -0.07070
   -0.06723
   -0.03100
   -0.04903
    0.05586
   -0.10822
   -0.02235
   -0.02226
    0.06310
   -0.02835
   -0.04015
    0.01130
    0.02522
