24 20 24 1 26 -8.2199 2.3198 4.5614 12004
  0.02614  -0.01338  -0.02821   0.02460  -0.01395   0.04930  -0.04894   0.03100   0.00323  -0.03263  -0.04629   0.05835   0.04277   0.00781  -0.12177   0.05984   0.07740  -0.03508   0.01451  -0.01548 
  0.01825  -0.00423  -0.04244   0.03724  -0.00448   0.06007  -0.06502   0.03166   0.01123  -0.03001  -0.03654   0.04325   0.05972  -0.00190  -0.08491   0.01223   0.09272  -0.04820   0.02452  -0.02258 
  0.02894  -0.00748  -0.03345   0.02067  -0.00733   0.03890  -0.05174   0.04160   0.03294  -0.03854  -0.04390   0.03610   0.06188   0.02137  -0.12607   0.01490   0.10016  -0.05772   0.00543   0.01772 
  0.03862  -0.01062  -0.04628   0.02881   0.00347   0.03508  -0.05404   0.03950   0.02918  -0.05875  -0.07838   0.07579   0.06039   0.03052  -0.11250  -0.01136   0.09101  -0.06081   0.01923   0.00735 
  0.03557  -0.01431  -0.04557   0.03542   0.01605   0.04619  -0.05837   0.02013   0.01307  -0.04674  -0.06178   0.07052   0.05922   0.02935  -0.10806  -0.01208   0.05355  -0.05848   0.02045   0.02759 
  0.02692  -0.00839  -0.04159   0.03282  -0.01078   0.08247  -0.08755   0.03873   0.01691  -0.06641  -0.05322   0.07557   0.07001   0.02352  -0.14002   0.01138   0.05395  -0.04330   0.02123   0.00334 
  0.02739  -0.00204  -0.05481   0.03891  -0.03970   0.10291  -0.07944   0.02543   0.02603  -0.07276  -0.06874   0.08186   0.06664   0.00502  -0.12915   0.03482   0.04563  -0.03809   0.01513   0.01051 
  0.02063  -0.00229  -0.05495   0.04582  -0.01727   0.10298  -0.11037   0.04572  -0.00207  -0.03528  -0.10142   0.09667   0.08862   0.00815  -0.14337   0.00665   0.05618  -0.02857   0.00546   0.00360 
  0.02504   0.00953  -0.07589   0.04864  -0.04583   0.11535  -0.11710   0.06052  -0.00253  -0.04432  -0.10337   0.10401   0.07894   0.02809  -0.13983  -0.01189   0.02917  -0.03050   0.00264   0.02822 
  0.00957   0.01426  -0.07757   0.05888  -0.04340   0.15459  -0.16011   0.05042   0.03217  -0.05463  -0.14596   0.10606   0.10158   0.03422  -0.17058  -0.03537   0.03557  -0.03541   0.02783  -0.00801 
  0.02972   0.02164  -0.09371   0.04656  -0.06978   0.14929  -0.14265   0.05985  -0.03233  -0.03906  -0.12110   0.12917   0.08971   0.03739  -0.19049  -0.00001   0.03686  -0.02798   0.01968  -0.00743 
 -0.00128   0.02613  -0.09084   0.06662  -0.09408   0.17616  -0.17252   0.06834  -0.03364  -0.03251  -0.16087   0.14345   0.08112   0.05721  -0.21673   0.00307   0.02565  -0.01953   0.02222  -0.01865 
 -0.01071   0.04084  -0.10897   0.07282  -0.07163   0.17675  -0.20203   0.07986  -0.03588  -0.05035  -0.13959   0.14643   0.11760   0.04241  -0.25302  -0.01027   0.03131  -0.01827   0.01262  -0.00841 
  0.00385   0.03224  -0.11918   0.07935  -0.09820   0.22100  -0.24109   0.06250  -0.03192  -0.02938  -0.15490   0.13798   0.11708   0.06438  -0.27218  -0.03498  -0.00609  -0.03562   0.02200   0.02715 
 -0.00816   0.05030  -0.12772   0.07478  -0.10273   0.22848  -0.25075   0.06098  -0.03723  -0.03100  -0.21353   0.16466   0.13171   0.05752  -0.32036  -0.01768   0.01198  -0.02894   0.02451   0.00208 
 -0.00245   0.04996  -0.14985   0.08768  -0.11588   0.22152  -0.25052   0.08125  -0.05747  -0.02290  -0.19087   0.16300   0.12943   0.06692  -0.28966  -0.05312  -0.00650  -0.03027   0.02020   0.02199 
 -0.02000   0.05189  -0.13873   0.09092  -0.08358   0.23489  -0.32672   0.09400  -0.04033  -0.01675  -0.22089   0.16049   0.14179   0.05094  -0.29376  -0.04594   0.02165  -0.01045   0.00045   0.00397 
  0.00187   0.05822  -0.16992   0.08890  -0.11594   0.25234  -0.31343   0.07625  -0.10543   0.03220  -0.22390   0.16438   0.13192   0.06548  -0.29733  -0.04986  -0.03791  -0.00650   0.00749   0.02078 
 -0.04302   0.07986  -0.16482   0.09333  -0.15384   0.24034  -0.32956   0.12859  -0.06779  -0.00251  -0.24145   0.17357   0.12114   0.07865  -0.32407  -0.03378  -0.01214  -0.00519  -0.00238   0.01950 
 -0.03324   0.06665  -0.18032   0.11278  -0.15347   0.27893  -0.36923   0.08749  -0.09633   0.01496  -0.21540   0.16838   0.10709   0.05975  -0.27504  -0.00436  -0.04412   0.00759  -0.00734   0.02266 
 -0.05851   0.08326  -0.17126   0.10453  -0.14744   0.27130  -0.37861   0.10329  -0.09821   0.04415  -0.21723   0.15013   0.13017   0.05940  -0.34714  -0.00095  -0.09122   0.02006  -0.02858   0.05354 
 -0.05341   0.08956  -0.19457   0.10868  -0.09488   0.26408  -0.44004   0.11695  -0.11647   0.05687  -0.21821   0.15035   0.11687   0.07868  -0.34289  -0.01282  -0.07362   0.03506  -0.05372   0.05278 
 -0.05832   0.09935  -0.21350   0.11163  -0.13344   0.26215  -0.39188   0.11831  -0.12626   0.09210  -0.22725   0.13074   0.08268   0.09294  -0.32043   0.00943  -0.06915   0.03411  -0.06592   0.06688 
 -0.08152   0.11062  -0.21057   0.11074  -0.07841   0.25085  -0.45507   0.13506  -0.12290   0.08671  -0.28967   0.15415   0.07528   0.09929  -0.33585   0.01953  -0.06703   0.04845  -0.11083   0.09088 
 -0.07221   0.11042  -0.25984   0.13299  -0.11575   0.26025  -0.47422   0.15033  -0.14232   0.10347  -0.22643   0.12867   0.03196   0.12069  -0.35503   0.05687  -0.13845   0.06390  -0.11428   0.09685 
 -0.11916   0.12680  -0.24241   0.13091  -0.11666   0.26893  -0.42727   0.11564  -0.14122   0.08771  -0.22064   0.13924   0.00571   0.12185  -0.29153   0.05457  -0.09213   0.08537  -0.16001   0.08579 
 -0.11503   0.12852  -0.24648   0.12858  -0.17938   0.26577  -0.42157   0.15088  -0.16434   0.10161  -0.26943   0.15492  -0.05852   0.16140  -0.38567   0.10587  -0.12995   0.07855  -0.17121   0.12048 
 -0.15750   0.13646  -0.27751   0.15659  -0.11648   0.24550  -0.51495   0.18729  -0.17623   0.11050  -0.25986   0.14966  -0.05186   0.13959  -0.30670   0.09912  -0.14989   0.08311  -0.18347   0.12937 
 -0.16062   0.13289  -0.27702   0.16221  -0.16203   0.25863  -0.50524   0.18734  -0.16200   0.12691  -0.29611   0.14070  -0.09224   0.13480  -0.26760   0.12483  -0.13091   0.08362  -0.16701   0.10919 
 -0.16789   0.14028  -0.27362   0.15497  -0.17406   0.25306  -0.61495   0.23214  -0.21184   0.12677  -0.29459   0.16107  -0.09673   0.15071  -0.35414   0.14523  -0.15906   0.06750  -0.18406   0.15595 
 -0.19616   0.13552  -0.30439   0.18691  -0.12137   0.24350  -0.57263   0.21040  -0.24469   0.14001  -0.28984   0.16041  -0.16039   0.14584  -0.27588   0.16569  -0.11479   0.09834  -0.21433   0.11599 
 -0.21236   0.14946  -0.29643   0.17368  -0.17894   0.24590  -0.64171   0.24897  -0.22163   0.14955  -0.26326   0.13472  -0.17248   0.16818  -0.29373   0.14814  -0.16565   0.08518  -0.19235   0.13764 
 -0.22250   0.15036  -0.28736   0.17268  -0.18104   0.27108  -0.70871   0.23277  -0.24384   0.16105  -0.28434   0.13913  -0.16526   0.18010  -0.33606   0.14294  -0.16332   0.08489  -0.21245   0.15156 
 -0.23005   0.15969  -0.31356   0.17546  -0.11732   0.25391  -0.73458   0.23308  -0.21920   0.14972  -0.30060   0.14538  -0.24064   0.17687  -0.30130   0.18052  -0.17818   0.09630  -0.23861   0.15567 
 -0.22808   0.15604  -0.32783   0.18497  -0.17340   0.27542  -0.69517   0.22125  -0.20383   0.13572  -0.30716   0.15388  -0.22638   0.18562  -0.31099   0.16274  -0.19179   0.09883  -0.24453   0.15925 
 -0.23117   0.15675  -0.33002   0.18615  -0.14240   0.24781  -0.80913   0.26325  -0.24512   0.12922  -0.30629   0.17442  -0.17341   0.15315  -0.33652   0.19038  -0.26129   0.08485  -0.25964   0.20415 
 -0.25054   0.14074  -0.34656   0.21756  -0.15925   0.22981  -0.70125   0.27185  -0.27177   0.10390  -0.28398   0.19671  -0.18470   0.15750  -0.27903   0.16609  -0.22991   0.05742  -0.26594   0.23498 
 -0.26803   0.12131  -0.32239   0.23486  -0.17669   0.25090  -0.80445   0.27188  -0.23856   0.10001  -0.23952   0.17557  -0.17806   0.15017  -0.29460   0.17988  -0.22949   0.06511  -0.21367   0.19680 
 -0.25679   0.12671  -0.28562   0.21160  -0.12654   0.29097  -0.79398   0.19799  -0.21699   0.16270  -0.21295   0.10118  -0.17371   0.16153  -0.32294   0.17269  -0.21432   0.08837  -0.17390   0.13262 
 -0.22976   0.16278  -0.26454   0.14902  -0.13806   0.28628  -0.82633   0.21540  -0.18042   0.15899  -0.18542   0.07631  -0.16982   0.16629  -0.24546   0.12394  -0.16138   0.09601  -0.17041   0.10141 
 -0.19097   0.16173  -0.25611   0.12883  -0.14386   0.29984  -0.86510   0.20443  -0.22842   0.16945  -0.18912   0.08882  -0.17444   0.17480  -0.25389   0.11741  -0.15104   0.11701  -0.17897   0.06661 
 -0.20993   0.17606  -0.27002   0.12462  -0.14292   0.29285  -0.97639   0.22812  -0.18041   0.16339  -0.26920   0.10519  -0.17208   0.18978  -0.39652   0.15619  -0.13698   0.13269  -0.25312   0.09010 
 -0.18407   0.17895  -0.35580   0.14785  -0.15253   0.28318  -0.82627   0.22590  -0.21533   0.17044  -0.35293   0.13891  -0.14465   0.16467  -0.33277   0.15174  -0.16722   0.13667  -0.30075   0.12355 
 -0.20940   0.17878  -0.39199   0.17279  -0.19208   0.25982  -0.81071   0.26797  -0.31829   0.11714  -0.25890   0.19320  -0.15553   0.12976  -0.25132   0.17336  -0.24313   0.08837  -0.21542   0.16921 
 -0.28594   0.13477  -0.30284   0.21936  -0.05781   0.23685  -0.87926   0.24815  -0.10639   0.06932  -0.26951   0.15328  -0.04287   0.13588  -0.40365   0.13977  -0.15650   0.11278  -0.24789   0.12889 
 -0.13337   0.13175  -0.33002   0.17346   0.23300   0.10092  -0.60343   0.10788   0.20246  -0.25196   0.00109  -0.06337   0.15091  -0.01334  -0.11805  -0.12121   0.26743  -0.12846   0.00113  -0.03093 
  0.18195  -0.09771  -0.08596  -0.01210  -0.61540   0.51449  -1.54348  -0.12410  -0.49119   0.42338  -1.03439  -0.06694  -0.62939   0.39586  -1.02747   0.01310  -0.92594   0.36746  -1.32968  -0.15525 
 -0.62021   0.42605  -1.22684  -0.08880   0.69176  -4.07936  -4.07936  -4.07936   0.60658  -4.07936  -4.07936  -4.07936   0.56253  -4.07936  -4.07936  -4.07936   0.91227  -4.07936  -4.07936  -4.07936 
  0.66171  -4.07936  -4.07936  -4.07936  -4.07936  -1.91434   0.45149  -4.07936  -4.07936  -4.07936  -4.07936  -4.07936  -4.07936  -4.07936  -4.07936  -4.07936  -4.07936  -4.07936  -4.07936  -4.07936 
 -4.07936  -1.98253   0.54959  -4.07936  -4.07936  -4.07936  -4.07936  -4.07936   0.01678   0.13604   0.00073  -0.20329  -0.01499  -0.01012   0.02489   0.00279  -4.07936  -4.07936  -4.07936  -4.07936 
  0.08415   0.00079  -0.02615  -0.06566  -0.08979   0.14275  -0.30307   0.20334  -0.11264   0.00762  -0.11827   0.14268  -0.07999   0.08633  -0.25021   0.17399   0.14007   0.08157  -0.09847  -0.13785 
 -0.06003   0.07395  -0.19257   0.13030   0.07380   0.16187  -0.41899   0.13127  -0.01467  -0.00875  -0.02881   0.04210  -0.03850   0.01901  -0.06852   0.09714   0.05159   0.08428  -0.12936  -0.02063 
 -0.01259   0.06841  -0.13661   0.06277   0.02318   0.16283  -0.34580   0.13296  -0.00868  -0.03991   0.02461   0.02105  -0.02649   0.02014  -0.02143   0.03252   0.03923   0.07082  -0.10084  -0.01846 
 -0.01139   0.05121  -0.09467   0.04775   0.10050   0.08914  -0.33116   0.14459  -0.02526  -0.00812  -0.02048   0.04392   0.04047   0.00084  -0.06784   0.02018   0.05103   0.05644  -0.10792   0.01172 
  0.02363   0.03390  -0.12053   0.06119   0.00338   0.13387  -0.14707   0.02628   0.00927   0.00965  -0.01056  -0.00879  -0.00524   0.02615  -0.01657  -0.01253  -0.02989   0.07953  -0.07500  -0.02804 
 -0.01464   0.06323  -0.06068  -0.00068   0.05152   0.11319  -0.21215   0.07605   0.02277  -0.01691   0.02706  -0.03024   0.01125  -0.01319   0.01251  -0.01381   0.02179   0.07017  -0.08340  -0.02849 
  0.02379   0.03271  -0.05950   0.00328   0.10713   0.06195  -0.19409   0.06579  -0.01020   0.00852   0.00682  -0.00453   0.06256   0.04050  -0.11359  -0.03166   0.00475   0.06422  -0.08736   0.00023 
  0.03877   0.04119  -0.09291   0.01126   0.07111   0.10162  -0.16914   0.02898  -0.00702   0.02533  -0.01203  -0.00777   0.00670   0.09477  -0.12961  -0.02452  -0.06141   0.09911  -0.09850  -0.02253 
  0.00335   0.07675  -0.09707   0.00015   0.07018   0.05616  -0.10961   0.02027   0.02510  -0.00327  -0.01620  -0.00718  -0.01511   0.04927  -0.02005  -0.03412   0.00921   0.07447  -0.08046  -0.03369 
  0.01889   0.03944  -0.05847  -0.00217   0.05257   0.04422  -0.14045   0.08764  -0.00146  -0.00194  -0.04129   0.03451   0.04586   0.00918  -0.08717   0.02006   0.03723   0.05877  -0.11258   0.02153 
  0.02770   0.02492  -0.09499   0.04567   0.02392   0.07739  -0.10264   0.03229   0.00781   0.01398  -0.04052   0.01195  -0.00225   0.01634  -0.03651   0.02376   0.02759   0.04963  -0.06925  -0.00877 
  0.00104   0.03908  -0.06039   0.01830   0.03957   0.07555  -0.10371   0.02026   0.01382   0.00261  -0.03145   0.01008   0.02443   0.01010  -0.03379  -0.00922   0.03148   0.07287  -0.09426  -0.02624 
  0.02047   0.03897  -0.06649   0.00574   0.04118   0.07587  -0.15085   0.07307   0.00654  -0.01191  -0.06398   0.05125   0.00369   0.04188  -0.07915   0.02278   0.02807   0.06415  -0.10587   0.00892 
  0.01232   0.03920  -0.10014   0.04701  -0.00815   0.11026  -0.10613   0.02201   0.00209   0.03943  -0.05190   0.00110  -0.01941   0.02837  -0.02652   0.01656   0.03193   0.08417  -0.09079  -0.05744 
 -0.01173   0.06577  -0.06890   0.00180   0.05234   0.05721  -0.10797   0.03613   0.01252   0.02256  -0.02419  -0.01327   0.00173   0.04382  -0.05570  -0.00396   0.00755   0.05521  -0.07407  -0.00072 
  0.01506   0.04119  -0.06709   0.00883   0.04518   0.06613  -0.11594   0.04208   0.02571   0.01242  -0.07705   0.02277   0.02341   0.02619  -0.05956  -0.00252   0.06671   0.08871  -0.13110  -0.03975 
  0.03065   0.04709  -0.09627   0.01495   0.01733   0.07281  -0.09454   0.03430   0.02816   0.03324  -0.05462  -0.01541   0.00603   0.03074  -0.05809   0.01436   0.00097   0.09033  -0.08599  -0.05738 
  0.00973   0.05540  -0.07238  -0.00035   0.02034   0.06163  -0.07691   0.02233   0.02932   0.01635  -0.02310  -0.02459   0.02557   0.04494  -0.05635  -0.04326   0.02403   0.06545  -0.06764  -0.04208 
  0.02300   0.04340  -0.05627  -0.01484   0.06544   0.07390  -0.10699  -0.00170   0.00211   0.02180  -0.03411   0.00493   0.03288   0.02502  -0.06970  -0.00374  -0.00032   0.09219  -0.12570  -0.00829 
  0.02473   0.04950  -0.08330   0.00443   0.00838   0.07492  -0.05403  -0.01767   0.00660   0.06079  -0.05989  -0.01956   0.02910   0.05491  -0.07995  -0.03867   0.01668   0.08937  -0.07792  -0.07848 
  0.01070   0.06764  -0.06559  -0.02788   0.04811   0.06647  -0.08285  -0.00526   0.02175   0.01776  -0.02759  -0.01473   0.00980   0.01680  -0.04024   0.01030   0.04510   0.06224  -0.06576  -0.05299 
  0.02739   0.03449  -0.05642  -0.00652   0.06039   0.05948  -0.12061   0.04037   0.01565   0.01411  -0.04431   0.00751   0.02804   0.03649  -0.06341  -0.02301   0.04158   0.08349  -0.11231  -0.03322 
  0.03049   0.04582  -0.08486   0.00525   0.00488   0.07836  -0.06080  -0.00842   0.00891   0.06605  -0.06143  -0.02650  -0.02248   0.07868  -0.07466  -0.00971   0.03106   0.10186  -0.08431  -0.11342 
 -0.00279   0.07900  -0.06784  -0.02929   0.03362   0.04327  -0.04399  -0.01668   0.01207  -0.00337  -0.02683   0.01349  -0.01438   0.02498  -0.01561   0.00146   0.01414   0.07303  -0.06888  -0.05059 
  0.01054   0.02853  -0.04215   0.00295   0.06711   0.05612  -0.10552   0.01847   0.00178   0.02190  -0.06623   0.02809   0.03530   0.02269  -0.07903   0.00674   0.04198   0.07362  -0.10702  -0.01842 
  0.02972   0.04224  -0.08958   0.01591  -0.00967   0.09078  -0.04125  -0.04409   0.01250   0.03211  -0.04016  -0.01012  -0.01061   0.06919  -0.06259  -0.02337   0.02411   0.06648  -0.07608  -0.03222 
 -0.00362   0.06090  -0.05161  -0.01862   0.00045   0.06254  -0.04525  -0.00571   0.04585  -0.00549  -0.03543  -0.01048   0.00112   0.04678  -0.04129  -0.02616   0.02930   0.07888  -0.10502  -0.02380 
  0.02206   0.04095  -0.05788  -0.00837   0.05148   0.06027  -0.09588   0.01753   0.00502   0.01625  -0.03888   0.01113   0.01731   0.03702  -0.06740  -0.00213   0.02430   0.07747  -0.08720  -0.04129 
  0.01968   0.04455  -0.07222   0.00492   0.00963   0.08703  -0.06961  -0.01262   0.03243   0.01400  -0.02174  -0.02657  -0.00943   0.05831  -0.04693  -0.02407   0.04122   0.06891  -0.08212  -0.04111 
  0.01264   0.05303  -0.05437  -0.02035   0.03607   0.04325  -0.05008  -0.00962   0.02956   0.00193  -0.01400  -0.01831   0.02949   0.03258  -0.02846  -0.06487  -0.00760   0.05126  -0.05376  -0.01144 
  0.02692   0.02757  -0.03778  -0.01828   0.06944   0.04092  -0.09190   0.01712   0.00032   0.02058  -0.04376   0.01485   0.03331  -0.00656  -0.04505   0.01634   0.02763   0.07118  -0.10330  -0.00829 
  0.02972   0.02877  -0.07071   0.01463   0.00940   0.06052  -0.04028  -0.02025  -0.01071   0.05368  -0.01294  -0.03338  -0.01608   0.02686  -0.01337  -0.00215   0.00389   0.06892  -0.05899  -0.04906 
 -0.01139   0.05155  -0.02972  -0.02314   0.02753   0.06057  -0.07032   0.00704   0.03232   0.01672  -0.03356  -0.01943  -0.02661   0.03642  -0.00823  -0.01020   0.01216   0.06518  -0.06031  -0.04421 
  0.01280   0.04037  -0.04643  -0.01108   0.04026   0.03822  -0.06379   0.01314   0.00607   0.03783  -0.06479   0.00838  -0.00091   0.03753  -0.03890  -0.00965  -0.00267   0.09655  -0.10031  -0.04967 
  0.00957   0.05178  -0.06724  -0.00051   0.02278   0.05886  -0.06750   0.01017   0.00158   0.03025  -0.04470   0.00526  -0.03118   0.04404  -0.03597   0.01816   0.03055   0.06642  -0.07483  -0.03834 
 -0.00228   0.04686  -0.05686   0.00688   0.03236   0.05636  -0.06052  -0.00705   0.04421  -0.00009  -0.02405  -0.02308   0.01057   0.04202  -0.04376  -0.02924   0.03560   0.07164  -0.09159  -0.03000 
  0.02785   0.04060  -0.05554  -0.01690   0.04083   0.06517  -0.09448   0.02059  -0.00788   0.04522  -0.04699   0.00055   0.00452   0.04935  -0.06633  -0.00527   0.02360   0.07999  -0.11230  -0.01315 
  0.00973   0.05619  -0.07942   0.00607   0.01343   0.05158  -0.04512  -0.00428   0.02554   0.04163  -0.05133  -0.02407  -0.01547   0.04674  -0.04040  -0.00249   0.01633   0.08207  -0.08451  -0.05029 
  0.00631   0.05405  -0.05554  -0.01381   0.05321   0.04959  -0.06478  -0.01480   0.01284   0.00271  -0.02071   0.00258   0.02967   0.01658  -0.04249  -0.01732   0.05011   0.04989  -0.07662  -0.01449 
  0.03080   0.02516  -0.05219  -0.00201   0.02658   0.06222  -0.08392   0.02490   0.02774   0.02069  -0.09593   0.02567   0.00433   0.03827  -0.04648  -0.00941   0.00871   0.08633  -0.10537  -0.02629 
  0.01506   0.05007  -0.08143   0.01158  -0.02153   0.07963  -0.04637  -0.00639   0.00694   0.04816  -0.07628   0.00532  -0.00478   0.05115  -0.04729  -0.01744   0.00304   0.08109  -0.07897  -0.04689 
 -0.00766   0.06256  -0.06157  -0.00551   0.03390   0.03863  -0.05897   0.01230   0.01702   0.03033  -0.02098  -0.02828  -0.00177   0.05674  -0.04755  -0.03215   0.04182   0.05009  -0.04463  -0.05617 
  0.01698   0.04142  -0.04500  -0.01879   0.06272   0.06019  -0.07062  -0.03219   0.01011   0.02466  -0.06525   0.01766   0.00442   0.03016  -0.06479   0.02501   0.02947   0.07539  -0.11321  -0.00605 
  0.02237   0.04374  -0.07819   0.00964   0.00156   0.05767  -0.03876  -0.01051  -0.00577   0.05367  -0.05993  -0.00047  -0.01788   0.02989  -0.01408  -0.00372   0.01018   0.08153  -0.09058  -0.03621 
 -0.01037   0.05484  -0.04987  -0.00468   0.03507   0.03487  -0.04756  -0.00147   0.02258   0.01734  -0.03256  -0.01114  -0.00220   0.04007  -0.03358  -0.01893   0.02450   0.06575  -0.05728  -0.05889 
  0.01714   0.03791  -0.04514  -0.01364   0.04664   0.05656  -0.08048   0.00649   0.02854   0.01570  -0.05643   0.00281   0.05099   0.01865  -0.07131  -0.02125  -0.01000   0.07146  -0.09977   0.00982 
  0.03481   0.03721  -0.07696   0.00443   0.00357   0.04581  -0.03535  -0.00199   0.02657   0.02799  -0.04302  -0.01743  -0.02028   0.05703  -0.03481  -0.02105   0.01797   0.07835  -0.07242  -0.06053 
  0.00220   0.05053  -0.04386  -0.01810   0.05015   0.02165  -0.03810  -0.01657   0.04055   0.01379  -0.02032  -0.03615   0.00482   0.03131  -0.01537  -0.03889   0.02213   0.06519  -0.05601  -0.05789 
  0.03003   0.03093  -0.03429  -0.03107   0.05708   0.03009  -0.05832  -0.00332   0.02244   0.01355  -0.03278  -0.00715   0.03077   0.01343  -0.04176  -0.01479   0.01870   0.07099  -0.08777  -0.02226 
