18 20 5 1 45 -3.4513 2.9943 5.1683 11976
  0.06271  -0.05715   0.00071   0.00100   0.00489  -0.00398   0.01291  -0.02360   0.04695  -0.01300  -0.00604  -0.02903   0.03397  -0.04552   0.05224  -0.06369  -0.00407  -0.04574   0.04712   0.00028 
  0.02338  -0.02949   0.03438  -0.03452   0.02194  -0.05261   0.02481  -0.00813   0.08478  -0.07578  -0.00172  -0.01996   0.03576  -0.05330   0.05108  -0.05264   0.01332  -0.02765   0.04316  -0.03372 
  0.04999  -0.05307   0.03163  -0.03166   0.04869  -0.02643  -0.01249   0.00020   0.04868  -0.05285  -0.00624   0.00415   0.04210  -0.04043   0.00788  -0.01596   0.06648  -0.03867   0.00468   0.01382 
  0.05088  -0.04133   0.00187  -0.00534  -0.00851  -0.04263   0.04375  -0.02392   0.07651  -0.02225  -0.03576  -0.02802   0.02757  -0.05768   0.04696  -0.02520   0.02875  -0.01037   0.01296  -0.02108 
  0.03321  -0.03391   0.02669  -0.02863   0.02232  -0.04294   0.01414   0.00063   0.08322  -0.06040  -0.01081  -0.02296   0.04585  -0.06658   0.07497  -0.09448   0.06719  -0.05001   0.01583   0.01334 
  0.05763  -0.05745   0.02851  -0.03094   0.05579  -0.02694  -0.01368  -0.00526   0.07103  -0.04069  -0.03678  -0.00480   0.07738  -0.07629   0.02853  -0.05918   0.04395  -0.06891  -0.00160   0.07847 
  0.06900  -0.05730   0.00071  -0.00618  -0.03412  -0.03701   0.04747  -0.01228   0.09771  -0.06190  -0.00851  -0.04106   0.02386  -0.04305   0.05041  -0.04647   0.02050  -0.02032   0.03477  -0.03613 
  0.03058  -0.04048   0.04135  -0.03922   0.04051  -0.02233  -0.00626  -0.00594   0.09349  -0.05895  -0.00174  -0.04455   0.05219  -0.06968   0.06275  -0.07875   0.04426  -0.05019   0.03909  -0.00943 
  0.06601  -0.05409   0.02621  -0.04213   0.04235  -0.01031  -0.01528  -0.00643   0.07268  -0.05380  -0.01766  -0.01088   0.04474  -0.05169   0.03443  -0.04374   0.03217  -0.05246  -0.00525   0.06869 
  0.05368  -0.04573   0.00469  -0.00702  -0.02951  -0.04205   0.03096   0.01995   0.06482  -0.07280   0.00966  -0.01007   0.03604  -0.04850   0.05595  -0.06926   0.01474  -0.04188   0.04715  -0.01767 
  0.02653  -0.05148   0.04217  -0.02212   0.02027  -0.06697   0.03865  -0.01765   0.09893  -0.10063   0.00300  -0.02118   0.04870  -0.08060   0.05867  -0.04836   0.05820  -0.06901   0.04284   0.00344 
  0.06184  -0.07940   0.04042  -0.02792   0.03944  -0.02603  -0.00321  -0.00585   0.06223  -0.04387  -0.03122   0.00284   0.03451  -0.02705   0.02953  -0.05652   0.05771  -0.03424  -0.00406   0.02594 
  0.04776  -0.03321   0.00609  -0.01726   0.00197  -0.01195   0.01985  -0.02389   0.08299  -0.06686   0.01862  -0.04391   0.01266  -0.05386   0.08106  -0.06429   0.03550  -0.04222   0.06538  -0.06752 
  0.03521  -0.04616   0.05040  -0.05175   0.01379  -0.02831   0.01510  -0.00825   0.06673  -0.09945   0.03793  -0.01717   0.02492  -0.05829   0.07852  -0.07446   0.07387  -0.06918   0.05783  -0.03502 
  0.04657  -0.06574   0.04891  -0.03849   0.02452  -0.03899  -0.01429   0.04135   0.07680  -0.04611  -0.03768  -0.00582   0.05846  -0.06922   0.03993  -0.05160   0.05413  -0.05669   0.00874   0.04221 
  0.05996  -0.05598   0.00558  -0.00350   0.00129  -0.04232   0.03391  -0.01491   0.08828  -0.04994   0.00053  -0.04831   0.03729  -0.06444   0.04555  -0.02963   0.05549  -0.05014   0.04457  -0.02728 
  0.04447  -0.05307   0.03912  -0.03632   0.04896  -0.08340   0.02996  -0.01597   0.07710  -0.10196  -0.00111   0.00781   0.02861  -0.07127   0.08441  -0.07202   0.05716  -0.06061   0.04852  -0.01876 
  0.05412  -0.07924   0.04671  -0.02828   0.04194  -0.06597   0.00779   0.01464   0.08367  -0.08094  -0.03870   0.01482   0.05584  -0.06609   0.02847  -0.03304   0.04391  -0.06982   0.00352   0.07287 
  0.06155  -0.07085   0.00900   0.00675   0.01092  -0.03344   0.02696  -0.02170   0.08342  -0.06625  -0.00962  -0.01936   0.01601  -0.04452   0.07688  -0.07760   0.00362  -0.04380   0.05150  -0.01534 
  0.02949  -0.04602   0.04660  -0.03904   0.03176  -0.06842   0.01574   0.01408   0.08973  -0.09319   0.02320  -0.03448   0.05447  -0.08260   0.06274  -0.06341   0.06373  -0.08436   0.05224   0.00563 
  0.06615  -0.08389   0.04042  -0.02810   0.04916  -0.03161  -0.02220   0.02110   0.07316  -0.04623  -0.04376   0.00283   0.05008  -0.06119   0.02512  -0.02474   0.03979  -0.04831   0.02537   0.01365 
  0.05661  -0.04931   0.00430  -0.00568  -0.00398  -0.04364   0.04479  -0.02966   0.07579  -0.06787  -0.00423  -0.01402   0.00348  -0.04911   0.06870  -0.03424  -0.00847  -0.01295   0.03621  -0.03305 
  0.02070  -0.04260   0.04497  -0.03076   0.04830  -0.05737   0.00894  -0.00308   0.08396  -0.09661   0.00715  -0.01054   0.04437  -0.05926   0.05382  -0.06395   0.07180  -0.05749   0.03940  -0.01788 
  0.06443  -0.06738   0.02947  -0.02881   0.04264  -0.01732  -0.00787  -0.01133   0.06612  -0.06761  -0.03675   0.02160   0.05872  -0.07576   0.04916  -0.05793   0.00761  -0.05264   0.02080   0.04606 
  0.05295  -0.05642   0.01465  -0.00702   0.01605  -0.04267   0.03748  -0.03769   0.04834  -0.04044   0.00097  -0.01183   0.04125  -0.05945   0.06097  -0.07049   0.00531  -0.02598   0.02774  -0.00407 
  0.03228  -0.04289   0.03959  -0.03542   0.03950  -0.04770   0.01886  -0.02180   0.08045  -0.10922   0.04374  -0.03089   0.04822  -0.07753   0.06693  -0.06658   0.10045  -0.05398   0.04711  -0.06142 
  0.06615  -0.07358   0.04567  -0.04840   0.01727  -0.03674  -0.00382   0.02973   0.08210  -0.06918  -0.00351  -0.02069   0.05278  -0.06412   0.03511  -0.04079   0.07181  -0.06458   0.01585   0.03141 
  0.05923  -0.06157   0.01626  -0.01058  -0.00805  -0.03306   0.03804  -0.02389   0.08264  -0.07203   0.01373  -0.03445   0.01361  -0.07513   0.07675  -0.02667   0.04790  -0.04252   0.04833  -0.04173 
  0.03244  -0.05701   0.05189  -0.03704   0.04486  -0.06761   0.01703  -0.00317   0.08103  -0.10318   0.01042  -0.00524   0.04656  -0.06525   0.05261  -0.05668   0.07061  -0.07958   0.04721   0.00275 
  0.06357  -0.07847   0.03486  -0.02282   0.05237  -0.06077   0.00323   0.00590   0.07303  -0.05234  -0.04842   0.01132   0.05754  -0.08714   0.04377  -0.03066   0.03583  -0.05081  -0.00194   0.05999 
  0.05909  -0.06529   0.01001   0.00215  -0.01303  -0.02011   0.02165  -0.00238   0.08088  -0.05257  -0.00779  -0.02956   0.03029  -0.05580   0.05331  -0.04291   0.02254  -0.06057   0.05336  -0.00414 
  0.03182  -0.04845   0.03877  -0.02669   0.03014  -0.04367   0.01596  -0.01028   0.09497  -0.09217   0.01422  -0.03318   0.03417  -0.08655   0.08515  -0.06064   0.00974  -0.06966   0.06252   0.00113 
  0.05206  -0.07525   0.04856  -0.03327   0.06073  -0.05757  -0.00726   0.01107   0.08276  -0.08493  -0.00929  -0.00411   0.06283  -0.03476   0.01118  -0.06754   0.06051  -0.08397   0.02738   0.04737 
  0.07084  -0.06320   0.00976  -0.01365   0.00164  -0.04467   0.03429  -0.01341   0.08870  -0.05803   0.00518  -0.04589   0.02666  -0.07895   0.08657  -0.06092   0.03834  -0.05558   0.06084  -0.03683 
  0.03918  -0.06172   0.05565  -0.04525   0.04626  -0.07510   0.02233  -0.00686   0.09786  -0.07188   0.00177  -0.04197   0.04504  -0.08972   0.07404  -0.05557   0.08505  -0.06773   0.04721  -0.02586 
  0.07041  -0.07878   0.04147  -0.04104   0.06871  -0.04948  -0.02011   0.01482   0.07856  -0.08289  -0.01896   0.00667   0.06294  -0.10495   0.04862  -0.02447   0.09901  -0.07134   0.01351   0.02574 
  0.07562  -0.08125   0.01277  -0.00333   0.00645  -0.04880   0.02653   0.00077   0.07843  -0.06293   0.00551  -0.02965   0.04888  -0.08301   0.06024  -0.04792   0.05292  -0.03678   0.04251  -0.04441 
  0.04492  -0.05862   0.04334  -0.03650   0.02617  -0.04280   0.01082   0.00235   0.10514  -0.08413  -0.00981  -0.03043   0.05773  -0.09512   0.08018  -0.08376   0.06120  -0.06630   0.04361  -0.00401 
  0.06900  -0.07556   0.03759  -0.03704   0.06834  -0.04740  -0.03584   0.03726   0.08306  -0.08611  -0.02218   0.00676   0.07562  -0.06877   0.00568  -0.03134   0.05398  -0.06222   0.00785   0.05115 
  0.07604  -0.06783  -0.00629   0.00626   0.00738  -0.04341   0.01131   0.02115   0.08841  -0.04868  -0.01671  -0.03408   0.05171  -0.10225   0.06693  -0.03793   0.03230  -0.08100   0.05290   0.02029 
  0.04492  -0.07145   0.03900  -0.01485   0.02825  -0.05043  -0.00612   0.03626   0.11704  -0.10075  -0.00162  -0.03945   0.03553  -0.06025   0.06143  -0.05943   0.08105  -0.06156   0.01212   0.02658 
  0.06414  -0.06678   0.02267  -0.01934   0.07140  -0.02516  -0.08345   0.07604   0.05552  -0.03914  -0.07157   0.03435   0.07125  -0.03742  -0.03243  -0.01643   0.06037  -0.03907  -0.03684   0.07483 
  0.06586  -0.03669  -0.05059   0.03460   0.02426  -0.00654  -0.02405   0.02272   0.11944  -0.07515  -0.04717  -0.02448   0.05513  -0.04388  -0.00820  -0.01078   0.09133  -0.03884   0.00601  -0.00575 
  0.06414  -0.04034  -0.00878  -0.00804   0.00555  -0.04386  -0.00387   0.04785   0.11046  -0.09746  -0.00562  -0.03011   0.07125  -0.05988   0.02062  -0.05900   0.07424  -0.07454   0.03270   0.01737 
  0.06686  -0.07009   0.01664  -0.01041   0.09652  -0.04527  -0.07738   0.06129   0.13354  -0.04709  -0.08483  -0.03779   0.12160  -0.07499  -0.08078  -0.00030   0.15907  -0.05718  -0.04994   0.04907 
  0.12249  -0.05833  -0.06638   0.00855   0.09916   0.02387  -0.04332  -0.07522   0.20998  -0.07457  -0.10717  -0.11640   0.12762  -0.01987  -0.08991  -0.08676   0.14870   0.01638  -0.06178  -0.04817 
  0.13875  -0.01197  -0.05657  -0.08778   0.18952  -0.03863  -0.06632  -0.09740   0.26533  -0.17025  -0.09359  -0.15648   0.19309  -0.06122  -0.05685  -0.26196   0.18216  -0.00798  -0.06782  -0.02462 
  0.21587  -0.07602  -0.06145  -0.13358   0.33600  -0.25934  -0.20838   0.01114   0.24630  -0.22571  -0.25137   0.02022   0.29356  -0.22060  -0.26431  -0.09071   0.15956  -0.08209  -0.08097   0.11405 
  0.28609  -0.21367  -0.18381   0.00708  -0.20470  -0.43532   0.27732  -0.23955   0.05693  -0.29772   0.18248  -0.04944   0.01343  -0.29172   0.25639  -0.19809  -0.13782  -0.32817   0.27192  -0.13893 
 -0.09788  -0.35961   0.29648  -0.17499  -2.61184  -4.07835   0.45255  -4.07835  -1.56148  -4.07835   0.63873  -4.07835  -2.40696  -4.07835   0.60127  -4.07835  -1.21599  -4.07835   0.49325  -4.07835 
 -1.92221  -4.07835   0.54973  -4.07835  -4.07835  -4.07835  -4.07835   0.69223  -4.07835  -4.07835  -4.07835  -4.07835  -4.07835  -1.52035  -4.07835   0.72503  -4.07835  -4.07835  -4.07835  -4.07835 
 -4.07835  -1.51086  -4.07835   0.65669  -4.07835  -4.07835  -4.07835  -4.07835   0.14587  -0.37465   0.25813  -0.30826  -4.07835  -4.07835  -4.07835  -4.07835   0.09472  -0.90234   0.39091  -1.02661 
 -0.15104  -0.79726   0.44350  -1.03543   0.53884  -0.24269  -0.62793  -0.42708   0.40520  -0.29177  -0.24475  -0.38360   0.53164  -1.01534  -0.91258  -1.26374   0.46978  -0.09387  -0.09311  -0.32871 
  0.60180  -0.71397  -0.77062  -0.91375  -1.30888  -1.79614   0.44491  -1.69094  -0.36940  -0.40774   0.49609  -0.52794  -0.21179  -0.40503   0.41446  -0.43665  -0.44530  -0.43119   0.34488  -0.23244 
 -0.96449  -1.20421   0.52597  -1.17924  -0.04399  -0.04848  -0.06958   0.16988   0.06765  -0.07988  -0.01047   0.00918  -0.82321  -0.44877  -0.93289   0.64621   0.03598  -0.08118  -0.00117   0.09694 
 -0.63758  -0.40841  -0.81374   0.56163   0.05904   0.04321  -0.03605  -0.06131   0.28259  -0.21212  -0.17565  -0.09556   0.15225  -0.01349  -0.12946  -0.10956   0.51601  -0.21062  -0.11095  -0.18546 
  0.26438  -0.11489  -0.07304  -0.17798  -0.17692   0.01145   0.04435   0.04791   0.11829  -0.18787   0.03981  -0.01838   0.03707  -0.14784   0.03778   0.07724  -0.11530  -0.10208   0.13292  -0.02451 
 -0.01794  -0.10041   0.08013   0.01963   0.06694  -0.03715  -0.00883  -0.01529   0.15934  -0.11502   0.02466  -0.11704   0.05981   0.02694  -0.05985  -0.06713   0.14137  -0.02012  -0.03030  -0.02080 
  0.10048  -0.01769  -0.02092  -0.06929   0.01982  -0.02635   0.03228  -0.05101   0.13308  -0.10354   0.01572  -0.07600   0.08705   0.05579  -0.05227  -0.21178   0.09654  -0.04067   0.01252  -0.01747 
  0.08938  -0.02866   0.01177  -0.08657   0.04316  -0.04851   0.03813  -0.06474   0.06955  -0.06310   0.07330  -0.08957   0.03745   0.02678  -0.02311  -0.07634   0.02823  -0.05006   0.04610  -0.01129 
  0.05353  -0.03474   0.03723  -0.06891   0.02988  -0.06539   0.03227  -0.01743   0.07088  -0.08446   0.04778  -0.04350   0.05782  -0.00402  -0.05016  -0.02156   0.11485  -0.06390   0.03692  -0.03721 
  0.06857  -0.05293   0.01775  -0.03434   0.04611  -0.11898   0.05894  -0.03626   0.07300  -0.14761   0.12320  -0.08355   0.07236  -0.04607   0.00839  -0.06351   0.12433  -0.11264   0.07447  -0.04258 
  0.07422  -0.10252   0.06927  -0.06388   0.01323  -0.08183   0.06235  -0.04343   0.07717  -0.11460   0.10112  -0.08719   0.04212   0.01233  -0.03831  -0.03662   0.08471  -0.08771   0.09002  -0.08144 
  0.05559  -0.05715   0.05463  -0.07027   0.02033  -0.04262   0.04544  -0.05975   0.04695  -0.07714   0.07938  -0.05618   0.04494  -0.00243  -0.01700  -0.04567   0.11377  -0.08331   0.07635  -0.08427 
  0.05515  -0.04874   0.04520  -0.06503   0.00468  -0.04420   0.05732  -0.06598   0.08773  -0.07385   0.05015  -0.07632   0.03249  -0.01655   0.00957  -0.03896   0.09986  -0.07095   0.05437  -0.04632 
  0.05676  -0.05119   0.04497  -0.06349   0.03601  -0.08820   0.05095  -0.03835   0.10419  -0.09371   0.03133  -0.06032   0.04705  -0.02390   0.00889  -0.05186   0.10699  -0.07377   0.05123  -0.04158 
  0.07422  -0.06768   0.03853  -0.05494   0.00102  -0.10418   0.07525  -0.03511   0.09023  -0.09473   0.03406  -0.04443   0.01487  -0.01830   0.03273  -0.04192   0.11410  -0.08233   0.05999  -0.05118 
  0.04910  -0.07130   0.05791  -0.04932   0.03025  -0.05252   0.03671  -0.04102   0.11266  -0.06791   0.01585  -0.07887   0.02017  -0.00100   0.00183  -0.03236   0.09527  -0.07408   0.06404  -0.05679 
  0.06299  -0.04473   0.03247  -0.06005   0.03438  -0.07343   0.03125  -0.01207   0.09728  -0.08608   0.03420  -0.06075   0.05418  -0.02214   0.00326  -0.05946   0.15877  -0.08237   0.03639  -0.04606 
  0.07979  -0.06529   0.02899  -0.05044   0.04422  -0.06951   0.03305  -0.03106   0.08038  -0.11074   0.05591  -0.04199   0.04514  -0.03733   0.00722  -0.02479   0.13711  -0.09328   0.05032  -0.03533 
  0.06871  -0.07678   0.04053  -0.03976   0.02866  -0.06523   0.04157  -0.03488   0.09338  -0.08266   0.02831  -0.05268   0.04651  -0.02673   0.00320  -0.03770   0.12309  -0.09368   0.04584  -0.01439 
  0.06743  -0.06499   0.03533  -0.04433   0.00157  -0.04649   0.04431  -0.03133   0.09097  -0.05964   0.01903  -0.06070   0.03999  -0.02110   0.00277  -0.03457   0.10703  -0.08594   0.05297  -0.02582 
  0.05720  -0.05307   0.03545  -0.04636   0.00759  -0.05234   0.04121  -0.02488   0.07414  -0.09542   0.03085  -0.02182   0.04810  -0.02730   0.00967  -0.04941   0.11023  -0.07704   0.04779  -0.03251 
  0.05807  -0.06202   0.03593  -0.03704   0.00104  -0.07206   0.05586  -0.02652   0.09286  -0.10564   0.02656  -0.03167   0.02817  -0.00561   0.00217  -0.03862   0.13899  -0.08760   0.05527  -0.05574 
  0.05763  -0.06246   0.04042  -0.04287   0.02035  -0.05966   0.03241  -0.01332   0.06689  -0.06422   0.02883  -0.03708   0.04275   0.00219  -0.02708  -0.03553   0.10790  -0.09057   0.05859  -0.03018 
  0.05603  -0.04931   0.02645  -0.03596   0.00165  -0.06224   0.03402   0.00569   0.08209  -0.09202   0.02472  -0.02781   0.02820  -0.01655  -0.00666  -0.00879   0.09155  -0.04945   0.03895  -0.04585 
  0.04850  -0.05293   0.02681  -0.02300   0.01487  -0.03957   0.01464   0.00387   0.08570  -0.07307   0.00883  -0.03268   0.00656   0.01418  -0.01699  -0.00981   0.09727  -0.05452   0.02908  -0.02383 
  0.04462  -0.03418   0.01277  -0.02160   0.00218  -0.04182   0.02097   0.00776   0.07649  -0.05821  -0.00557  -0.02162   0.00688   0.00060  -0.01160   0.00423   0.12568  -0.06953   0.02870  -0.02251 
  0.04357  -0.04091   0.01252  -0.01177   0.02543  -0.04490   0.00758   0.01099   0.05095  -0.07628   0.02105  -0.00279   0.02906  -0.00306  -0.02918  -0.00154   0.08490  -0.07024   0.03199   0.00484 
  0.04160  -0.04616   0.01127  -0.00166   0.00076  -0.03539   0.01247   0.01726   0.06275  -0.06173   0.01070  -0.01772   0.04213  -0.00355  -0.05728   0.01232   0.10574  -0.08148   0.02485   0.01734 
  0.04642  -0.04345   0.00290   0.00083   0.01554  -0.03613  -0.00589   0.03408   0.06699  -0.06116  -0.00565  -0.00863   0.03525  -0.00358  -0.02712  -0.01330   0.10432  -0.06516   0.00216   0.03030 
  0.04731  -0.03978  -0.00420   0.00462   0.02378  -0.05775   0.01049   0.02076   0.02904  -0.04383   0.00310   0.00835   0.04149   0.03035  -0.06474  -0.03319   0.06736  -0.03813   0.02639  -0.02331 
  0.03428  -0.02267   0.00084  -0.00821   0.02196  -0.00942  -0.00641  -0.00045   0.05641  -0.05847  -0.00015  -0.00424   0.03123  -0.00242  -0.02452  -0.01196   0.09264  -0.06876   0.01016   0.03168 
  0.04432  -0.03502  -0.00252   0.00017   0.00174  -0.04152   0.01431   0.01953   0.04810  -0.06570  -0.01032   0.01798   0.02126   0.00715  -0.04464   0.01350   0.07296  -0.05117   0.02005   0.00435 
  0.02965  -0.03530   0.00123   0.01147  -0.01171  -0.01937  -0.00667   0.04330   0.05932  -0.06607   0.01010  -0.00996   0.00331   0.02154  -0.03038   0.00023   0.05123  -0.04648   0.01614   0.01815 
  0.02101  -0.02389   0.00084   0.00741   0.03017  -0.02097  -0.00617   0.00363   0.04693  -0.04387  -0.03285   0.01935   0.01337   0.00070  -0.03165   0.01947   0.08478  -0.05631   0.00731   0.02373 
  0.03490  -0.02894  -0.01195   0.01485   0.02278  -0.01265  -0.01282   0.01310   0.03337  -0.04912  -0.00408   0.01433   0.00945   0.01082  -0.05040   0.03160   0.09664  -0.05037  -0.00417   0.02381 
  0.02778  -0.02402  -0.01315   0.01788   0.00634   0.00804  -0.01431   0.00832   0.03101  -0.06965   0.01522   0.01663   0.00969   0.02261  -0.02211  -0.02200   0.08620  -0.04488   0.01362  -0.00457 
  0.02212  -0.01903   0.00136  -0.00033  -0.03426  -0.00184   0.00664   0.02293   0.02653  -0.06708  -0.02382   0.04867   0.02098   0.01717  -0.04167  -0.00544   0.09251  -0.04029   0.01856  -0.02522 
  0.02022  -0.02145  -0.00629   0.01420  -0.00386   0.03059  -0.03707   0.02704   0.02537  -0.08709  -0.00434   0.04933   0.03705   0.04116  -0.08687  -0.01849   0.07023  -0.06102   0.03947  -0.01130 
  0.02653  -0.01609  -0.01742   0.01485  -0.02134   0.04174  -0.02700   0.01407   0.02205  -0.11961  -0.06506   0.11035   0.05557   0.02601  -0.10004  -0.00883   0.06959  -0.05804   0.03699  -0.01113 
  0.02762  -0.02497  -0.03022   0.03871  -0.01205   0.07631  -0.06765   0.02111   0.01210  -0.13299  -0.05346   0.11810   0.06447   0.03176  -0.08724  -0.04984   0.04684  -0.06720   0.06978  -0.04152 
  0.02275  -0.01889  -0.02269   0.02811  -0.03742   0.08819  -0.05815   0.01410   0.02075  -0.13834  -0.06909   0.12323   0.10586   0.02423  -0.14030  -0.05738   0.08442  -0.09679   0.08361  -0.05194 
  0.04357  -0.02743  -0.03105   0.02640  -0.00718   0.10672  -0.09513   0.01171   0.02251  -0.12687  -0.06540   0.11407   0.10439   0.01769  -0.10786  -0.07998   0.02800  -0.08003   0.07432  -0.01706 
  0.03963  -0.01715  -0.03551   0.02358  -0.04426   0.12930  -0.10251   0.02137   0.01485  -0.11644  -0.09711   0.13062   0.10445   0.04497  -0.12375  -0.11665   0.06861  -0.08628   0.07879  -0.04568 
  0.03582  -0.00373  -0.04613   0.02326  -0.04880   0.14099  -0.12570   0.03643   0.02132  -0.11682  -0.09826   0.12685   0.12969   0.01685  -0.14956  -0.08685   0.06562  -0.05526   0.07497  -0.08865 
  0.04537  -0.00244  -0.05893   0.02562  -0.07118   0.16969  -0.13816   0.02410   0.02891  -0.12219  -0.10528   0.12767   0.14054   0.02002  -0.17125  -0.09519   0.03825  -0.06932   0.08449  -0.06256 
  0.04175   0.00244  -0.06264   0.02733  -0.03819   0.17330  -0.15550   0.01062   0.00862  -0.08668  -0.13009   0.13458   0.15198  -0.00136  -0.18816  -0.06475   0.04119  -0.08097   0.06673  -0.01009 
  0.04597   0.00155  -0.08151   0.04309  -0.05726   0.17784  -0.17153   0.03724   0.00698  -0.08454  -0.14223   0.13990   0.13408   0.00334  -0.15751  -0.06288   0.00285  -0.05832   0.07660  -0.03938 
