IntronPotTab 1 1024 0.13710
    0.00796
   -0.03326
   -0.01642
    0.01694
   -0.00339
    0.00472
   -0.03952
    0.02076
    0.00071
   -0.02865
   -0.00902
    0.02263
   -0.00298
   -0.01815
    0.00024
    0.01279
   -0.00468
   -0.02305
   -0.02520
    0.03655
   -0.00355
   -0.00093
   -0.03258
    0.01872
   -0.00069
   -0.01917
    0.00034
    0.01284
    0.00706
   -0.02389
   -0.01802
    0.01878
   -0.00054
   -0.02556
   -0.00832
    0.02511
    0.00721
    0.00016
   -0.03463
    0.00843
   -0.00539
   -0.02248
    0.00688
    0.01539
    0.01258
   -0.02749
   -0.00896
    0.00925
   -0.01103
   -0.01334
   -0.00755
    0.02344
    0.00914
   -0.01867
   -0.02403
    0.01238
    0.00729
   -0.02207
   -0.03031
    0.02233
    0.00304
   -0.02562
    0.00111
    0.00854
    0.01052
   -0.03654
   -0.03251
    0.03075
    0.00609
   -0.01100
   -0.04344
    0.02096
    0.00492
   -0.04772
   -0.01376
    0.03559
    0.00321
   -0.05330
    0.01418
    0.01428
    0.00600
   -0.01736
   -0.03126
    0.02767
    0.00321
    0.00052
   -0.02679
    0.00845
    0.00576
   -0.03707
    0.01122
    0.01353
    0.03700
   -0.02947
   -0.03277
    0.00587
    0.00860
   -0.03155
   -0.02479
    0.03264
    0.00886
   -0.00802
   -0.02651
    0.01472
   -0.00548
   -0.02510
   -0.00105
    0.02654
    0.02798
   -0.02709
   -0.02033
    0.01025
   -0.00262
   -0.00655
   -0.01795
    0.01882
    0.00608
   -0.01910
   -0.04129
    0.02706
    0.00717
   -0.01134
   -0.03614
    0.02151
    0.01262
   -0.03898
   -0.01528
    0.01979
    0.00475
   -0.02746
   -0.02209
    0.03026
    0.00071
    0.01715
   -0.05333
    0.01659
    0.01953
   -0.02818
   -0.01927
    0.00183
    0.01187
   -0.03804
   -0.02065
    0.02371
   -0.00727
   -0.02703
   -0.01460
    0.03942
    0.00446
    0.00367
   -0.04247
    0.01453
   -0.00709
    0.01391
   -0.02531
    0.01468
    0.02800
   -0.01401
   -0.02575
    0.00597
    0.00428
   -0.02988
   -0.01660
    0.03004
    0.01315
    0.00933
   -0.04739
    0.00377
    0.00610
   -0.00892
   -0.00951
    0.00811
    0.00465
   -0.00528
   -0.02214
    0.01470
   -0.01047
   -0.03211
    0.02015
    0.01931
    0.01270
   -0.00894
   -0.04397
    0.01250
    0.00672
   -0.02052
   -0.01284
    0.01531
    0.01386
   -0.03268
   -0.01101
    0.01275
   -0.00649
   -0.02393
   -0.02217
    0.02868
    0.01375
   -0.01351
   -0.04001
    0.00751
    0.00552
   -0.03350
   -0.00406
    0.02009
    0.00302
   -0.02682
   -0.00490
    0.01261
   -0.00391
   -0.03078
   -0.02002
    0.03277
    0.00131
   -0.00175
   -0.04500
    0.01928
    0.00950
   -0.02142
   -0.00955
    0.01075
    0.01255
   -0.01337
   -0.01497
    0.00851
    0.00456
   -0.04582
   -0.02264
    0.03438
    0.01937
   -0.01330
   -0.05229
    0.00718
    0.00326
   -0.04000
    0.00933
    0.01964
    0.02725
   -0.04522
   -0.01160
    0.00460
   -0.00719
   -0.02603
   -0.01476
    0.02378
    0.01772
   -0.01799
   -0.05731
    0.01417
    0.01475
   -0.02382
   -0.02441
    0.01284
    0.01410
   -0.02767
   -0.00013
    0.00501
   -0.00331
   -0.02255
   -0.02003
    0.03197
   -0.00938
    0.00869
   -0.04271
    0.02619
   -0.00481
   -0.02758
   -0.00905
    0.02919
   -0.00396
   -0.01411
   -0.01027
    0.01975
   -0.00208
   -0.00768
   -0.03972
    0.03777
   -0.00356
    0.00816
   -0.04368
    0.01850
    0.00837
   -0.01781
   -0.02096
    0.01947
    0.01474
   -0.00920
   -0.01066
    0.00362
    0.00277
   -0.01772
   -0.01655
    0.02367
   -0.00576
    0.01662
   -0.04911
    0.01794
   -0.00565
   -0.01554
   -0.00040
    0.01570
    0.00890
   -0.01705
   -0.00084
    0.00379
   -0.00057
   -0.01966
   -0.02084
    0.02587
    0.01134
   -0.01586
   -0.04911
    0.01780
    0.00076
   -0.02059
   -0.05445
    0.04015
    0.00768
   -0.02457
   -0.01111
    0.01188
    0.00681
   -0.02621
   -0.03793
    0.03820
   -0.00261
   -0.00759
   -0.06627
    0.03904
    0.00852
   -0.02633
   -0.02265
    0.03069
    0.01285
   -0.03896
   -0.01782
    0.02678
    0.01089
   -0.02611
   -0.04502
    0.04054
   -0.02210
    0.03734
   -0.07061
   -0.00378
    0.00458
   -0.02179
    0.01200
    0.00463
    0.00181
    0.01458
   -0.04707
    0.01989
    0.01113
   -0.01856
   -0.03189
    0.02964
   -0.00081
    0.00005
   -0.00981
    0.00873
   -0.02261
   -0.03077
    0.01375
    0.03262
    0.01331
   -0.01642
   -0.02856
    0.02346
    0.00522
   -0.01274
   -0.01894
    0.01698
    0.00365
   -0.01446
   -0.07573
    0.03865
   -0.00070
   -0.01698
   -0.03391
    0.03291
    0.00097
   -0.02339
   -0.03020
    0.03083
    0.00797
   -0.01104
   -0.03800
    0.02712
   -0.00459
    0.01417
   -0.04044
    0.02197
    0.00356
   -0.01366
   -0.01821
    0.02101
   -0.00031
   -0.01344
   -0.03271
    0.03114
    0.00134
   -0.01408
   -0.03559
    0.03927
   -0.01107
    0.02479
   -0.03243
    0.01735
    0.01693
   -0.02521
   -0.00515
    0.01530
    0.02547
   -0.00554
   -0.03664
    0.01262
    0.01052
   -0.01708
   -0.01753
    0.01447
   -0.00590
    0.01641
   -0.03530
    0.02006
    0.00500
   -0.01805
   -0.00593
    0.01436
    0.02479
   -0.00751
   -0.03345
    0.00952
    0.00406
   -0.03314
   -0.00827
    0.02681
    0.00435
    0.00213
   -0.03334
    0.01326
    0.00356
   -0.02273
   -0.02767
    0.02915
    0.00726
   -0.01616
   -0.02612
    0.01760
   -0.00146
   -0.01435
   -0.03528
    0.03230
   -0.00729
   -0.00505
   -0.05355
    0.03454
    0.00318
   -0.02089
   -0.00448
    0.01510
    0.00036
   -0.01890
   -0.02069
    0.02249
    0.00053
   -0.02642
   -0.03410
    0.04074
   -0.01633
    0.02949
   -0.06086
    0.01423
    0.00418
   -0.02237
   -0.00103
    0.01312
   -0.02774
    0.05693
   -0.05568
   -0.01175
    0.00167
   -0.02328
   -0.03077
    0.03391
    0.00665
    0.00742
   -0.05548
    0.01168
   -0.01115
    0.00103
   -0.00584
    0.01473
    0.01359
   -0.00701
   -0.02229
    0.00830
    0.00587
   -0.03620
   -0.01881
    0.02918
    0.00174
   -0.00922
   -0.06884
    0.02760
    0.01077
   -0.01815
   -0.03793
    0.02354
    0.01965
   -0.01025
   -0.02459
    0.00786
   -0.00927
   -0.02116
   -0.00389
    0.02724
   -0.00357
    0.01271
   -0.03467
    0.01375
    0.00004
   -0.02782
   -0.00718
    0.02416
    0.00690
   -0.02815
   -0.00434
    0.01119
   -0.00746
   -0.02058
   -0.01148
    0.03073
    0.00831
   -0.00987
   -0.02083
    0.00742
   -0.00838
   -0.01284
   -0.00273
    0.01836
    0.02192
   -0.03364
   -0.01086
    0.01079
   -0.01765
   -0.03812
    0.02628
    0.01257
    0.01160
   -0.01551
   -0.03375
    0.01604
   -0.01712
   -0.01818
    0.01813
    0.01513
    0.01517
   -0.04181
    0.00697
    0.00422
   -0.00244
   -0.03377
   -0.00146
    0.02136
    0.01831
   -0.02931
   -0.01864
    0.00665
    0.01860
   -0.02790
   -0.02907
    0.01428
    0.01820
   -0.04079
   -0.00146
    0.00733
   -0.00366
   -0.03118
   -0.01776
    0.03784
    0.01046
   -0.01475
   -0.05322
    0.02583
    0.00411
   -0.04120
   -0.01754
    0.03810
    0.00964
   -0.05104
    0.00588
    0.01516
    0.01094
   -0.02210
   -0.01860
    0.01605
   -0.00614
    0.01027
   -0.04281
    0.02054
    0.01178
   -0.02750
   -0.00221
    0.01459
    0.05087
   -0.03081
   -0.03521
    0.00739
   -0.00014
   -0.01920
   -0.02668
    0.03691
    0.00014
   -0.00635
   -0.04629
    0.04247
   -0.00500
   -0.02336
    0.00990
    0.01789
    0.01797
   -0.02047
   -0.01436
    0.01225
    0.00381
   -0.01799
   -0.00806
    0.01448
    0.01536
   -0.02362
   -0.05811
    0.02957
    0.00893
   -0.02329
   -0.01696
    0.01967
    0.01914
   -0.04048
   -0.01610
    0.02022
    0.00536
   -0.03103
   -0.02267
    0.03104
   -0.00071
    0.00312
   -0.04353
    0.02581
    0.00617
   -0.01660
   -0.01076
    0.01672
    0.01562
   -0.05050
   -0.01472
    0.02311
   -0.00541
   -0.02074
   -0.01627
    0.03479
   -0.00695
    0.00693
   -0.03832
    0.02640
   -0.00481
   -0.00458
   -0.00150
    0.01041
    0.01434
   -0.01657
   -0.01174
    0.00925
    0.00511
   -0.01695
   -0.01041
    0.01636
    0.00360
    0.00233
   -0.03482
    0.01800
   -0.03278
   -0.04344
    0.04822
   -0.01729
   -0.00005
   -0.00945
   -0.01713
    0.01971
   -0.00471
   -0.01823
    0.00129
    0.01775
    0.01779
   -0.02288
   -0.04858
    0.01940
   -0.00022
   -0.01840
   -0.00955
    0.01915
    0.00712
   -0.02352
   -0.01746
    0.01776
    0.00240
   -0.02174
   -0.04652
    0.03943
    0.02158
   -0.01175
   -0.05555
    0.00498
   -0.00144
   -0.02896
   -0.00274
    0.02277
    0.01068
   -0.03425
   -0.00669
    0.01194
   -0.00443
   -0.01795
   -0.02085
    0.03087
    0.00597
    0.00367
   -0.03501
    0.00790
    0.01235
   -0.02187
    0.00154
    0.00237
    0.02706
   -0.02325
   -0.01325
    0.00514
    0.00912
   -0.02761
   -0.02494
    0.02710
    0.02318
   -0.00968
   -0.04453
    0.00280
   -0.00248
   -0.03030
   -0.00632
    0.02559
    0.02316
   -0.03560
    0.00082
   -0.00017
    0.00595
   -0.02991
   -0.01997
    0.02343
    0.02438
   -0.02223
   -0.03735
    0.00557
    0.00988
   -0.01944
   -0.02192
    0.01498
    0.01846
   -0.02118
   -0.01000
    0.00523
   -0.00988
   -0.01587
    0.00033
    0.02128
    0.00126
    0.00217
   -0.04753
    0.01742
   -0.00042
   -0.01554
   -0.02283
    0.02302
   -0.00568
   -0.01140
    0.00147
    0.00952
   -0.01188
   -0.02196
   -0.03427
    0.04245
   -0.00204
   -0.00704
   -0.02935
    0.01478
   -0.00246
   -0.02612
   -0.02251
    0.03049
    0.02008
   -0.02900
   -0.02280
    0.01367
   -0.00957
   -0.01088
   -0.01931
    0.03099
    0.00725
   -0.00935
   -0.04333
    0.01864
    0.00083
    0.00493
   -0.02865
    0.01245
    0.01221
   -0.01196
   -0.00369
   -0.00206
   -0.00660
   -0.01371
   -0.01727
    0.02145
    0.00685
   -0.01376
   -0.04715
    0.01841
    0.00628
   -0.01275
   -0.03919
    0.02066
    0.01062
   -0.01603
   -0.01167
    0.00472
    0.00443
   -0.03131
   -0.02577
    0.03112
    0.01837
   -0.03021
   -0.05496
    0.02596
    0.00908
   -0.04219
   -0.02777
    0.03739
    0.00417
   -0.04194
    0.00613
    0.01859
    0.01234
   -0.02461
   -0.04931
    0.03651
   -0.00574
    0.00378
   -0.04401
    0.02193
    0.00788
   -0.02518
   -0.02061
    0.02354
    0.03243
   -0.02529
   -0.03214
    0.01779
   -0.00040
   -0.01561
   -0.03428
    0.03391
    0.02016
   -0.01678
   -0.01838
    0.00575
   -0.00056
   -0.03080
   -0.00629
    0.02868
    0.02492
   -0.04205
   -0.00946
    0.01656
   -0.00299
   -0.03176
   -0.01095
    0.02934
   -0.01435
   -0.05333
   -0.10064
    0.06016
    0.01115
   -0.03707
   -0.04661
    0.03527
    0.00792
   -0.02939
   -0.02339
    0.02672
    0.00663
   -0.02710
   -0.03619
    0.03237
    0.00781
   -0.00508
   -0.05755
    0.02710
    0.01535
   -0.02706
   -0.02063
    0.01606
    0.00978
   -0.03818
   -0.01448
    0.02126
   -0.00679
   -0.02193
   -0.03665
    0.04699
    0.00397
    0.00310
   -0.07139
    0.02683
    0.02006
   -0.03372
   -0.02732
    0.02477
    0.01970
   -0.00825
   -0.03765
    0.01909
    0.00758
   -0.02361
   -0.02707
    0.02761
    0.01909
   -0.01122
   -0.05401
    0.01824
    0.00158
   -0.02808
    0.00774
    0.00905
    0.01358
   -0.00721
   -0.02648
    0.01379
   -0.00923
   -0.01998
   -0.01199
    0.02920
    0.00812
   -0.01817
   -0.05728
    0.02630
    0.01220
   -0.02406
   -0.04044
    0.02273
    0.01172
   -0.03014
   -0.02542
    0.02014
    0.00303
   -0.02096
   -0.03047
    0.02384
    0.00981
   -0.01590
   -0.04236
    0.01664
    0.00322
   -0.03330
   -0.00005
    0.01833
   -0.00203
   -0.02226
    0.00065
    0.01030
   -0.00542
   -0.02636
   -0.03494
    0.04128
    0.00214
    0.00621
   -0.05415
    0.01346
    0.00362
   -0.03434
   -0.00258
    0.02074
    0.00932
   -0.01201
   -0.01862
    0.01108
    0.00397
   -0.03867
   -0.02318
    0.03236
    0.01555
   -0.00784
   -0.05291
    0.00912
    0.00180
   -0.03130
    0.00232
    0.01661
    0.01899
   -0.03813
   -0.00044
    0.00450
    0.00853
   -0.02782
   -0.02072
    0.01702
    0.01182
   -0.01713
   -0.05098
    0.01671
    0.01001
   -0.04229
   -0.02595
    0.02656
    0.00836
   -0.02802
   -0.00840
    0.01269
