IntronPotTab 1 1024 0.83627
    0.06279
   -0.06651
   -0.04124
   -0.05107
    0.01894
   -0.06252
    0.06029
    0.00168
    0.00365
   -0.01638
   -0.02724
    0.02174
    0.05263
   -0.02931
    0.04324
   -0.04967
    0.05962
   -0.06420
    0.02501
   -0.11052
   -0.03604
    0.00202
    0.00060
    0.06034
    0.03532
    0.08221
    0.02167
   -0.11057
    0.08199
    0.02093
    0.03491
   -0.09450
    0.00597
    0.02358
    0.00370
   -0.02248
   -0.05333
    0.00218
   -0.05342
    0.05802
    0.05520
    0.02117
    0.03679
   -0.10683
   -0.00055
   -0.03244
    0.06654
   -0.01478
   -0.00173
    0.01305
    0.04620
   -0.02894
    0.02254
    0.01319
    0.05180
   -0.07287
    0.06117
   -0.09411
   -0.04073
   -0.02211
   -0.03277
    0.04651
   -0.01531
    0.00618
    0.00859
    0.07096
   -0.03505
   -0.04106
   -0.10467
    0.05334
    0.00710
    0.00827
   -0.02277
    0.02254
    0.10315
   -0.05629
   -0.04283
    0.07944
    0.00998
   -0.03249
    0.04504
    0.02588
    0.01303
   -0.11954
   -0.03233
    0.02175
   -0.02902
    0.05002
   -0.04616
    0.07805
   -0.04531
    0.05144
    0.02673
    0.08758
    0.00272
   -0.07075
    0.01837
   -0.07024
    0.07983
   -0.03735
   -0.05712
    0.02366
    0.25315
   -0.09393
    0.05119
   -0.04295
    0.03064
   -0.04230
   -0.07111
   -0.00287
    0.07705
    0.00875
    0.02190
    0.01813
    0.06678
   -0.09302
   -0.03655
    0.10551
    0.02586
   -0.06770
    0.06149
   -0.02574
   -0.07429
    0.00270
    0.00036
    0.01871
   -0.07906
    0.03440
    0.02709
   -0.07054
    0.02236
   -0.02867
    0.02491
   -0.00076
    0.06282
   -0.06310
    0.02590
    0.01153
   -0.01379
   -0.03357
    0.02006
    0.03814
    0.03924
   -0.06657
    0.03275
   -0.07291
    0.00137
   -0.00600
   -0.03856
    0.04016
    0.02537
    0.02721
    0.00381
    0.16637
   -0.00860
   -0.08456
    0.03817
    0.03531
   -0.00032
   -0.04135
    0.07035
   -0.07284
   -0.09311
    0.00210
    0.00435
   -0.02727
   -0.05088
    0.02475
    0.00443
    0.08077
   -0.01284
   -0.04185
    0.02024
    0.07824
   -0.07433
   -0.00967
    0.02533
   -0.00148
    0.00911
   -0.03040
   -0.05506
    0.08507
   -0.00521
    0.01552
    0.02828
    0.00730
   -0.07335
    0.02035
    0.00187
    0.05735
   -0.00500
   -0.02658
   -0.01677
    0.04053
   -0.04650
    0.01980
   -0.00519
   -0.06866
    0.05385
    0.02831
    0.05899
   -0.03118
   -0.12562
   -0.01119
    0.10009
   -0.06627
   -0.02221
   -0.05558
    0.05224
   -0.01608
   -0.01964
   -0.06680
   -0.05046
    0.08399
   -0.00431
    0.01632
    0.00855
    0.15064
   -0.02443
   -0.06381
    0.07904
    0.04917
    0.03273
   -0.08109
    0.00656
    0.01335
   -0.02975
   -0.00155
   -0.03191
   -0.01985
    0.09066
    0.01657
    0.05266
   -0.03054
    0.00226
   -0.03949
   -0.04395
    0.02007
    0.13207
   -0.03126
   -0.00662
    0.07273
   -0.03537
   -0.01417
    0.02171
   -0.00237
   -0.01522
   -0.02180
    0.06048
   -0.02442
   -0.05709
   -0.04978
    0.04515
   -0.05808
   -0.09000
    0.04371
    0.02488
   -0.02249
   -0.01550
   -0.01021
    0.02529
    0.05590
   -0.05370
   -0.05759
   -0.02483
    0.09397
    0.02060
   -0.04373
   -0.02096
    0.02748
    0.00657
   -0.00258
   -0.01773
    0.05345
    0.03335
   -0.02762
   -0.01775
    0.07299
   -0.07626
    0.03097
   -0.04607
    0.14703
    0.02847
   -0.04191
   -0.05449
    0.01804
    0.00951
    0.02518
   -0.03772
    0.10986
   -0.06031
    0.02963
   -0.12596
    0.13486
    0.02394
    0.04916
    0.00631
    0.08368
   -0.00714
   -0.04881
   -0.02912
    0.08622
   -0.00337
   -0.01483
   -0.05015
    0.11617
   -0.02407
   -0.00792
    0.02495
   -0.03102
    0.00297
   -0.02238
   -0.05459
    0.15060
   -0.03936
    0.01370
   -0.02055
    0.10492
   -0.06071
   -0.00819
   -0.02955
    0.03465
    0.02698
   -0.00310
    0.05354
   -0.02610
    0.01211
   -0.01691
   -0.00915
    0.02551
    0.06108
   -0.04592
    0.00592
    0.04370
    0.04443
   -0.04881
   -0.04560
    0.06913
    0.06559
   -0.01681
   -0.01281
   -0.08357
    0.00798
    0.08350
   -0.05135
    0.04744
   -0.10124
    0.09905
    0.01399
    0.03057
   -0.01357
   -0.01461
    0.01610
    0.01741
   -0.03892
   -0.00772
   -0.10281
    0.11037
   -0.00371
   -0.00886
    0.03053
   -0.02440
    0.06989
   -0.04931
   -0.06695
    0.01757
    0.10360
   -0.01668
   -0.06933
    0.02479
   -0.08292
    0.10631
    0.00889
    0.04639
    0.00549
   -0.05609
   -0.01763
   -0.02250
   -0.05568
    0.10376
   -0.00090
   -0.08331
   -0.01539
    0.05949
    0.00544
   -0.05548
   -0.01601
    0.03001
   -0.03143
    0.05395
    0.00898
   -0.01272
    0.05261
   -0.16751
   -0.00070
    0.01924
    0.01226
    0.02273
   -0.01796
   -0.00930
    0.00605
    0.04285
   -0.19905
    0.09532
   -0.03685
    0.08764
   -0.12188
    0.07081
    0.03434
    0.12654
   -0.15458
   -0.02548
   -0.07278
    0.19216
   -0.10604
   -0.00802
    0.00698
   -0.07908
    0.08131
   -0.04042
   -0.07148
   -0.17264
    0.11821
    0.09247
   -0.05432
    0.07485
    0.00449
    0.00980
   -0.12286
    0.07619
    0.08683
   -0.01024
   -0.05769
    0.11175
   -0.01989
   -0.00516
   -0.06222
    0.04468
    0.01433
    0.03678
    0.01940
    0.00082
   -0.16900
    0.10263
   -0.01815
    0.01863
   -0.04607
    0.03281
   -0.07170
    0.04436
   -0.04165
    0.05972
    0.00617
   -0.09360
   -0.01091
    0.04490
    0.02230
   -0.02337
   -0.04832
    0.00705
   -0.02714
   -0.06633
   -0.00073
    0.04532
   -0.00654
    0.03744
    0.09820
   -0.05744
   -0.08778
    0.02305
   -0.03182
    0.09317
   -0.01738
    0.15077
   -0.03208
   -0.02967
    0.03303
    0.04633
    0.05510
   -0.06003
   -0.03547
    0.08126
    0.00386
    0.00447
    0.06180
    0.00624
   -0.06192
   -0.03589
   -0.01521
    0.07421
   -0.06388
    0.00795
   -0.03334
   -0.05420
    0.09143
    0.00385
   -0.01419
   -0.00169
   -0.01929
    0.01765
   -0.06440
   -0.06887
   -0.00240
    0.07630
    0.05225
    0.04187
   -0.10762
   -0.01949
   -0.04753
   -0.01442
   -0.03428
    0.05544
    0.04151
   -0.09153
    0.01818
   -0.02923
    0.00654
   -0.06742
    0.10771
   -0.00688
    0.03374
   -0.05161
   -0.07250
    0.01500
    0.04538
    0.01635
    0.10675
   -0.11264
    0.05856
    0.01463
   -0.00408
   -0.09321
   -0.01567
    0.09180
   -0.19295
    0.02758
    0.05116
   -0.13647
    0.04854
   -0.08674
   -0.04535
    0.07845
    0.05014
   -0.04959
    0.03501
   -0.07517
    0.01034
   -0.02607
    0.00771
   -0.00436
    0.06038
   -0.02308
    0.03621
   -0.03477
   -0.06372
   -0.00753
   -0.00915
   -0.02026
    0.10318
   -0.03519
    0.00564
    0.07906
   -0.03163
   -0.04226
    0.00902
    0.02579
   -0.01910
   -0.02353
    0.05646
   -0.10676
   -0.06218
   -0.00564
   -0.04884
    0.10888
   -0.02405
   -0.02875
   -0.00885
    0.02595
    0.05418
   -0.04212
   -0.01492
    0.00437
    0.10444
   -0.05069
   -0.01260
    0.01850
    0.01633
   -0.01534
   -0.07548
    0.01352
    0.01769
    0.01937
    0.01168
    0.06186
    0.12979
   -0.16495
   -0.04319
    0.02141
    0.03388
    0.02680
   -0.00752
    0.03145
    0.04955
   -0.06850
   -0.04259
    0.12711
   -0.01241
   -0.05108
   -0.00242
    0.09599
   -0.02598
   -0.03295
    0.01163
    0.05416
   -0.00885
   -0.05173
    0.09739
   -0.18067
    0.14803
   -0.08323
   -0.07510
    0.04336
    0.17110
   -0.07941
   -0.02509
    0.08599
   -0.01138
   -0.02106
    0.05862
    0.00405
    0.06291
   -0.10238
    0.01911
   -0.06762
    0.04515
   -0.00975
   -0.00631
   -0.06430
   -0.04769
    0.06673
    0.03055
   -0.09152
    0.07918
   -0.06110
   -0.01017
    0.01046
    0.06148
   -0.03018
    0.00372
   -0.06509
    0.04940
   -0.00944
    0.01165
   -0.00520
    0.08868
   -0.06388
    0.02592
    0.02768
   -0.01061
   -0.04506
   -0.00846
    0.02097
    0.05985
   -0.05100
    0.00521
    0.12251
    0.00812
   -0.08942
    0.08411
    0.05518
   -0.06364
   -0.05515
    0.00818
    0.02792
    0.06412
   -0.06457
   -0.07601
    0.01666
    0.04420
    0.03434
    0.05246
   -0.05351
   -0.03494
   -0.00811
   -0.01367
   -0.00312
    0.08641
   -0.04189
   -0.08799
    0.10962
    0.04673
    0.01315
    0.01539
    0.03594
   -0.05134
   -0.01987
   -0.06963
    0.09930
    0.02122
   -0.01297
    0.04914
    0.05242
   -0.02335
   -0.04510
   -0.01558
   -0.01871
   -0.04152
    0.04261
    0.00635
   -0.11327
    0.04712
    0.04968
   -0.01704
   -0.06267
    0.06319
    0.02025
    0.06177
   -0.06507
    0.01555
   -0.02249
    0.02143
   -0.04254
    0.05403
   -0.04269
   -0.05557
    0.02810
   -0.11286
    0.08830
    0.03945
    0.02974
   -0.04639
   -0.03562
    0.07937
    0.05778
    0.05459
   -0.09176
   -0.02727
   -0.01867
    0.12775
   -0.01267
   -0.03334
    0.02119
    0.08965
   -0.00639
    0.02215
   -0.05956
    0.10112
   -0.04743
    0.00652
   -0.15943
    0.15610
   -0.01545
    0.00085
    0.06674
   -0.08180
    0.00022
   -0.02220
    0.02432
    0.12112
   -0.04052
    0.06546
   -0.02941
   -0.12017
    0.01095
   -0.04537
   -0.04489
    0.02134
    0.03595
    0.00012
    0.03885
   -0.04022
    0.00508
    0.04509
   -0.06091
   -0.02730
    0.00773
   -0.03162
    0.03056
   -0.00883
    0.02276
    0.02956
   -0.04625
    0.05838
   -0.04177
   -0.00445
    0.05227
    0.04693
   -0.04572
   -0.09724
    0.14219
   -0.02611
    0.05194
   -0.09415
    0.07487
    0.00285
    0.07016
    0.02746
    0.01820
    0.01016
   -0.03418
   -0.00336
   -0.00624
   -0.04843
    0.03054
   -0.07970
    0.02178
    0.04380
    0.05236
   -0.01530
   -0.02338
    0.03199
    0.00668
   -0.01766
    0.04148
    0.05724
   -0.03830
   -0.04991
    0.01970
    0.02775
    0.02524
   -0.04048
    0.03071
    0.03175
    0.01948
   -0.00020
   -0.10501
   -0.04640
    0.08616
   -0.01797
    0.03441
   -0.05576
    0.02724
    0.03333
    0.00195
   -0.03288
   -0.02049
    0.06470
   -0.00624
    0.03656
   -0.05015
   -0.00856
    0.02637
    0.01296
   -0.01852
    0.02514
   -0.02649
   -0.01063
    0.00954
   -0.02825
    0.00555
    0.08038
   -0.01644
   -0.05306
    0.08476
   -0.05525
    0.03457
    0.03899
    0.01946
   -0.03726
   -0.02667
    0.08255
    0.01883
    0.02616
   -0.06434
   -0.00219
    0.01166
    0.05547
   -0.02940
    0.08388
    0.00532
    0.04609
   -0.07403
    0.10794
   -0.17835
    0.04032
   -0.05078
   -0.02487
   -0.04494
   -0.04523
    0.05891
   -0.05331
    0.13449
   -0.02144
   -0.02213
    0.02837
    0.01964
    0.01825
   -0.04549
    0.02326
    0.03091
   -0.08070
    0.02827
   -0.00524
    0.01798
   -0.09124
    0.03113
   -0.02097
   -0.01473
    0.00566
    0.02614
    0.04502
   -0.04837
   -0.01384
   -0.00251
   -0.03496
   -0.03581
   -0.02040
    0.05948
   -0.02018
    0.00493
    0.03262
   -0.00948
   -0.00427
    0.11176
   -0.06033
   -0.00953
   -0.05306
    0.14277
   -0.06629
    0.01011
   -0.01506
    0.02241
   -0.04378
    0.03829
    0.01504
    0.02701
    0.01743
   -0.03876
    0.03628
    0.01400
   -0.04817
   -0.01794
    0.02607
   -0.04542
    0.13966
   -0.04895
    0.03545
    0.01093
    0.01980
   -0.05744
   -0.06067
    0.06473
    0.07413
   -0.04344
   -0.10425
    0.07245
    0.01428
    0.05194
   -0.00067
   -0.07652
    0.00819
    0.02937
    0.00743
    0.03966
   -0.10866
    0.06430
   -0.02797
   -0.00599
   -0.03619
    0.04270
   -0.01063
   -0.00148
   -0.01889
    0.01853
    0.02932
   -0.11704
   -0.05854
    0.07789
    0.00604
   -0.01750
   -0.04765
    0.02630
    0.01970
   -0.06541
    0.03547
    0.00789
    0.03040
   -0.03116
    0.04061
   -0.05813
   -0.09442
   -0.02779
    0.11608
    0.07877
    0.00428
    0.14907
   -0.11349
   -0.00425
    0.01267
    0.05035
   -0.00084
   -0.02470
   -0.01326
    0.01945
    0.00878
    0.00472
   -0.00709
   -0.02598
    0.01580
    0.01622
   -0.01395
    0.05052
    0.06470
   -0.04798
   -0.01321
    0.05928
   -0.01842
   -0.00936
   -0.04857
    0.05066
   -0.05673
    0.04171
   -0.06345
    0.06127
    0.01548
    0.03016
    0.00136
    0.08402
   -0.12985
    0.05750
   -0.10630
   -0.08186
   -0.08094
    0.09927
