30 4 17 1 33 -1.5062 1.4345 2.6035 1207
  0.00540  -0.00426  -0.03466   0.01455 
  0.04696  -0.07637   0.06967  -0.05628 
  0.01829  -0.03435   0.01965  -0.01196 
 -0.00453  -0.02992  -0.07668   0.05445 
  0.02040  -0.05719   0.03697  -0.01310 
  0.02355   0.05213   0.00161  -0.05881 
  0.04397  -0.06908  -0.00875  -0.00742 
  0.04397  -0.05021   0.06084  -0.06008 
  0.04696   0.02193   0.02550  -0.08361 
 -0.00789  -0.05954  -0.03913   0.05445 
  0.02040  -0.00426   0.04999  -0.05002 
  0.03693   0.04105   0.00365  -0.06908 
  0.01617  -0.07392  -0.03913   0.03852 
  0.02564  -0.00843   0.01173  -0.02939 
  0.00974   0.00802  -0.00250  -0.01310 
  0.00757  -0.04107  -0.01936   0.02304 
  0.00102  -0.00219   0.05544  -0.03296 
  0.01617  -0.00634   0.02161  -0.02584 
  0.02771  -0.00013  -0.08911   0.01455 
 -0.00564  -0.03882   0.08005  -0.02233 
  0.01617   0.04477   0.00568  -0.04754 
  0.04197  -0.03882  -0.05985   0.00589 
  0.04795  -0.05252   0.05544  -0.06008 
  0.03693   0.06999  -0.01296  -0.07960 
  0.03693  -0.02772  -0.07914   0.01455 
  0.02459  -0.03658   0.07662  -0.05502 
  0.05286   0.00397  -0.03689  -0.04141 
  0.02250  -0.06428  -0.01721   0.01775 
  0.04992  -0.02772   0.04446  -0.06908 
  0.07011  -0.00219  -0.00666  -0.07827 
  0.04298  -0.05485  -0.09675   0.02826 
  0.03490  -0.05021  -0.00666  -0.00742 
  0.06633   0.05936  -0.11243  -0.05628 
  0.06157  -0.01904  -0.24527   0.04256 
  0.04097   0.04477  -0.10191  -0.02000 
  0.06539   0.13489  -0.21728  -0.06908 
  0.08306   0.04846  -0.29096  -0.00518 
  0.06157   0.12111  -0.12595  -0.09175 
  0.09741   0.10688  -0.25625  -0.07695 
  0.09298   0.02775  -0.23105  -0.02350 
  0.09119   0.04105  -0.03244  -0.12442 
  0.03490   0.08546  -0.17226  -0.01082 
 -0.02508  -0.00219  -0.12049   0.07544 
  0.01296   0.00802  -0.01508  -0.00968 
  0.03896   0.05576  -0.13707  -0.00968 
 -0.02392  -0.06667  -0.28696   0.14340 
  0.00974   0.12728  -0.06460  -0.06136 
 -0.04544   0.11955  -0.38469   0.09546 
  0.48698  -3.08207  -3.08207  -3.08207 
 -3.08207  -1.61087   0.75488  -3.08207 
  0.05384  -0.01690   0.04073  -0.07827 
 -0.01127  -0.00426  -0.08660   0.05249 
  0.00757   0.01204   0.03318  -0.03415 
  0.02564   0.08882  -0.03466  -0.06649 
  0.04298   0.00600  -0.06699  -0.01539 
 -0.01127   0.01004   0.09185  -0.05252 
  0.03183   0.08546  -0.00875  -0.08766 
  0.04893  -0.02120  -0.07424  -0.00406 
  0.01189  -0.01904   0.08683  -0.05755 
  0.03286   0.06115  -0.04365  -0.05002 
  0.04497  -0.00634  -0.06939  -0.00968 
  0.00757   0.04846   0.09018  -0.10004 
  0.05481   0.08546  -0.04139  -0.09865 
  0.06633  -0.02772  -0.10191  -0.00855 
 -0.02861   0.02193   0.08345  -0.03535 
  0.01403   0.03159   0.01571  -0.04263 
 -0.00453   0.04662  -0.04593   0.00150 
  0.01829  -0.01690   0.05544  -0.04385 
  0.03795   0.03350   0.01571  -0.07300 
  0.00102  -0.02336  -0.02367   0.02304 
  0.01189   0.02388   0.06439  -0.06779 
  0.06061   0.05756  -0.00875  -0.10565 
  0.00974  -0.00843  -0.01936   0.00480 
 -0.01127   0.01204   0.08175  -0.04631 
  0.02667   0.04662   0.01768  -0.06908 
  0.02040   0.04105  -0.07181  -0.00855 
  0.01082  -0.00219   0.05181  -0.04141 
  0.00866   0.03540   0.04073  -0.05502 
  0.00866   0.01602  -0.00666  -0.01424 
 -0.02626   0.03917   0.06262  -0.03415 
  0.01189   0.04477   0.01571  -0.04878 
  0.03183  -0.01477  -0.05052   0.00039 
  0.01296  -0.00219   0.05725  -0.04754 
  0.00757   0.06999   0.04631  -0.08227 
  0.01189   0.01204  -0.05750   0.01024 
  0.01189   0.00192   0.04815  -0.04263 
  0.03693   0.02775   0.00972  -0.06392 
  0.00431   0.00802  -0.02803   0.00589 
  0.01617  -0.00013   0.05544  -0.05127 
  0.05090   0.02388   0.01571  -0.08361 
  0.00540   0.00397  -0.03244   0.00916 
 -0.00564   0.00802   0.07316  -0.04385 
  0.00866   0.04105   0.00365  -0.03535 
  0.03081  -0.04791  -0.00250  -0.00630 
 -0.02159  -0.04791   0.11767  -0.02820 
 -0.00009   0.00397   0.04446  -0.02820 
 -0.00009   0.02775  -0.02803  -0.00071 
 -0.03935   0.05756   0.05725  -0.02939 
 -0.00341   0.09050   0.03508  -0.07695 
