31 4 24 1 26 -1.7774 1.5390 3.0591 1208
  0.02423   0.00968  -0.04858  -0.00554 
  0.02839  -0.00049   0.00735  -0.03451 
  0.02214   0.01764   0.01336  -0.04176 
  0.02214  -0.01940  -0.00911  -0.00778 
  0.04061  -0.00049   0.01535  -0.05413 
  0.03454   0.02157   0.04595  -0.08129 
  0.01687   0.00564  -0.00911  -0.01575 
  0.01793   0.02352   0.03472  -0.05413 
  0.02319   0.05720  -0.01544  -0.05163 
 -0.00155   0.03881  -0.05088   0.00553 
 -0.00155   0.03123   0.04037  -0.04055 
 -0.00266   0.07485   0.02514  -0.05917 
 -0.00045   0.01566  -0.06975   0.02582 
  0.04162  -0.01300   0.04410  -0.06685 
  0.00830   0.02739   0.05689  -0.06044 
  0.01687  -0.00670  -0.06021   0.01633 
  0.02423  -0.01726   0.09149  -0.07731 
  0.03352   0.01764  -0.00701  -0.04299 
  0.00176   0.01168  -0.01757   0.00114 
  0.04857  -0.00049   0.01535  -0.06428 
  0.03759   0.01168   0.03282  -0.06944 
  0.03454  -0.03249  -0.00080  -0.01920 
  0.03045  -0.02156   0.05869  -0.05791 
  0.01046   0.04441   0.01137  -0.04421 
  0.00504   0.03881  -0.06021   0.00334 
  0.02004   0.04069   0.04595  -0.07599 
  0.06787   0.06611  -0.00080  -0.12923 
 -0.00155   0.01368  -0.00701  -0.00218 
  0.00504   0.01368   0.04410  -0.03933 
  0.02942   0.09512   0.01137  -0.10601 
  0.03352  -0.05057  -0.05552   0.01846 
  0.02319  -0.00879   0.06756  -0.06300 
  0.04262   0.00968   0.03092  -0.07336 
  0.01581  -0.02808  -0.01757   0.00772 
  0.01687  -0.01726   0.05145  -0.03933 
  0.02319   0.02352   0.02320  -0.05288 
  0.03148  -0.02589  -0.01544  -0.01118 
  0.00285  -0.02589   0.05869  -0.02386 
  0.02423   0.06788   0.04037  -0.09762 
  0.02735   0.03504  -0.02839  -0.03451 
 -0.00825   0.04994   0.07969  -0.07336 
  0.02319   0.08846   0.00735  -0.08938 
  0.03454   0.00361  -0.03059  -0.02269 
  0.01581  -0.05288   0.10620  -0.05791 
  0.04162   0.09014   0.01336  -0.12038 
  0.02839   0.00564  -0.07217   0.00334 
  0.08362   0.00361  -0.00493  -0.10320 
  0.05348   0.10972   0.00735  -0.15219 
  0.07628  -0.00462  -0.07217  -0.04790 
  0.04262  -0.15730   0.33178  -0.35475 
 -1.73035  -3.08243   0.75416  -3.08243 
 -3.08243  -1.20538  -3.08243   0.48388 
  0.21120  -0.10196  -0.08696  -0.23506 
 -0.01964  -0.00049  -0.18501   0.09063 
 -0.10478  -0.23815   0.40950  -0.22379 
 -0.14909  -0.25260  -0.07460   0.20802 
  0.10751  -0.02808  -0.05088  -0.09074 
 -0.04335  -0.00049  -0.10488   0.08338 
  0.03454  -0.03918   0.01137  -0.02269 
  0.03352   0.05359  -0.02403  -0.05664 
  0.02319  -0.04370  -0.03502   0.01633 
 -0.03610  -0.00879   0.06580   0.00114 
  0.01899   0.07311  -0.00493  -0.06428 
  0.03961  -0.02808  -0.04858  -0.00218 
  0.01687  -0.01513   0.04963  -0.03933 
 -0.00825   0.06079   0.03092  -0.04667 
  0.01153  -0.06226  -0.03059   0.03409 
 -0.05197  -0.03471   0.10941   0.00003 
  0.02839   0.04994   0.01732  -0.07336 
  0.03556  -0.07673  -0.06021   0.02997 
  0.02735  -0.02156   0.04037  -0.04176 
 -0.00489   0.05900   0.04410  -0.05791 
 -0.01163  -0.01300   0.00125   0.01739 
  0.02423  -0.02156   0.03472  -0.03451 
  0.03454   0.01566  -0.01121  -0.04055 
 -0.01504   0.01168  -0.02839   0.02268 
  0.01367  -0.03918   0.08139  -0.04421 
  0.02004   0.03504   0.03472  -0.06428 
  0.03556  -0.03028  -0.05320   0.00553 
  0.02109  -0.02808   0.09149  -0.06685 
  0.02632   0.01961   0.01929  -0.05163 
  0.02004  -0.03249  -0.04401   0.01846 
  0.01153  -0.02589   0.04410  -0.02386 
  0.03148   0.06788   0.00936  -0.08532 
  0.03148  -0.03694  -0.06495   0.01846 
  0.02632  -0.01726   0.05145  -0.05038 
  0.05152   0.05359  -0.03949  -0.07074 
  0.06692  -0.02808  -0.12085  -0.00107 
  0.02839   0.00156   0.02514  -0.04667 
  0.04956   0.03504  -0.01972  -0.06685 
  0.04660  -0.03694  -0.08947   0.01312 
  0.05250   0.00968   0.01137  -0.07336 
  0.05250   0.11290  -0.08197  -0.09485 
  0.06121  -0.02589  -0.08197  -0.01232 
  0.00938   0.01566   0.04779  -0.04790 
  0.03759   0.06788  -0.04858  -0.05791 
  0.03556  -0.02808  -0.12357   0.03409 
  0.00613  -0.02372   0.08982  -0.05038 
  0.05250   0.04994  -0.02187  -0.07996 
