IntronPotTab 1 1024 2.24316
    0.06385
   -0.10834
   -0.11394
   -0.17220
    0.00533
   -0.02433
   -0.03635
    0.05718
    0.07191
   -0.01290
   -0.01475
   -0.11725
    0.06671
   -0.05824
    0.03359
   -0.08761
    0.01778
    0.02739
   -0.05813
   -0.00202
   -0.04036
    0.03156
   -0.04413
    0.05417
    0.02083
    0.04832
   -0.05122
   -0.03644
   -0.03914
    0.16146
   -0.05876
   -0.07412
    0.03547
   -0.05573
    0.06443
   -0.11747
    0.02784
   -0.10717
    0.00456
    0.05207
    0.11160
   -0.06403
    0.07520
   -0.21121
    0.00209
   -0.04680
    0.07093
   -0.04957
   -0.01511
   -0.07782
    0.12624
   -0.04176
    0.00191
   -0.03648
   -0.05377
    0.08237
    0.06905
   -0.00194
   -0.03842
   -0.06619
    0.06255
   -0.07467
   -0.05025
    0.05984
    0.08807
   -0.01005
   -0.07825
   -0.05631
    0.00597
   -0.11479
    0.01187
    0.11024
    0.08384
   -0.03430
   -0.00350
   -0.04878
    0.00455
   -0.04137
   -0.00332
    0.04011
    0.00207
    0.00617
   -0.05608
    0.03483
   -0.09491
    0.09154
   -0.10770
    0.07315
   -0.01492
    0.02545
   -0.04636
    0.02464
   -0.02205
    0.07119
   -0.09576
    0.01749
    0.04878
   -0.07043
    0.01962
   -0.00010
   -0.04578
   -0.06387
   -0.03239
    0.10967
    0.07172
   -0.02457
    0.03634
   -0.07100
   -0.07502
   -0.05282
    0.04619
    0.03971
    0.31713
   -0.23260
   -0.08897
   -0.11470
    0.28431
   -0.18795
   -0.31818
   -0.10680
    0.31403
   -0.14618
   -0.22487
   -0.13446
    0.18128
   -0.13378
   -0.18782
    0.11849
    0.09123
   -0.04839
   -0.09751
   -0.08497
    0.00428
   -0.06332
   -0.06318
    0.12202
    0.11366
   -0.07560
   -0.06536
   -0.06169
    0.05341
   -0.05680
    0.02987
   -0.02325
    0.01924
   -0.02190
   -0.04581
    0.03061
   -0.03787
    0.02406
   -0.02353
    0.05236
    0.03659
    0.00657
   -0.05664
   -0.00738
    0.00902
    0.13944
   -0.06580
   -0.05650
    0.05790
   -0.04697
    0.02534
   -0.07865
    0.02877
   -0.18152
   -0.02508
    0.07399
    0.08245
   -0.06120
    0.09313
   -0.16286
   -0.08943
   -0.00813
   -0.00506
    0.08352
    0.01163
   -0.06124
    0.02616
    0.00570
   -0.00506
   -0.02946
   -0.09778
    0.11402
    0.06375
   -0.02340
   -0.03066
   -0.03720
    0.12355
   -0.07386
   -0.07106
    0.05708
   -0.05309
    0.14900
   -0.00209
    0.00858
   -0.01521
   -0.09080
   -0.08056
    0.17121
    0.08187
   -0.01641
    0.00351
   -0.14056
    0.06263
   -0.10364
   -0.03602
    0.06851
   -0.04325
    0.08024
   -0.08753
    0.04110
   -0.08129
    0.07541
   -0.10922
    0.09271
    0.00162
    0.05266
   -0.05065
   -0.01166
   -0.04322
    0.15553
   -0.09281
   -0.05302
    0.04162
    0.03472
   -0.06286
   -0.04778
    0.02433
   -0.08236
   -0.09836
    0.08781
    0.08223
   -0.00410
    0.01358
   -0.12358
   -0.02518
   -0.03965
    0.01586
    0.04040
    0.05646
   -0.15259
   -0.05881
    0.07762
    0.03666
   -0.07815
   -0.14822
    0.08465
    0.12253
   -0.02493
   -0.10415
   -0.02726
    0.04981
   -0.12441
   -0.20526
    0.11173
    0.09423
   -0.00829
   -0.09502
   -0.09045
   -0.06826
    0.04571
   -0.04099
    0.09358
    0.03567
    0.04440
   -0.05090
   -0.04414
    0.00539
   -0.01214
    0.02146
   -0.03084
   -0.04078
    0.12715
   -0.10347
    0.01499
   -0.17452
    0.13194
   -0.13022
    0.13763
   -0.03450
    0.06944
   -0.15041
    0.07089
   -0.17756
    0.21036
   -0.12762
   -0.02714
    0.08274
    0.00990
   -0.01527
   -0.10451
   -0.05786
    0.02971
   -0.06045
    0.07411
    0.10373
    0.01179
   -0.00806
   -0.13888
   -0.00472
    0.02365
   -0.00677
   -0.00980
    0.04437
    0.00650
   -0.06770
    0.01207
   -0.10910
    0.04718
   -0.09647
    0.14772
    0.03005
    0.07086
   -0.08274
   -0.00663
   -0.04434
    0.03558
   -0.10717
    0.07834
    0.04784
    0.08495
   -0.12688
   -0.01618
   -0.06535
   -0.05653
   -0.05904
    0.17064
    0.06097
   -0.00662
   -0.00174
   -0.05607
   -0.04733
   -0.00619
   -0.04959
    0.07177
   -0.04244
    0.07107
   -0.12237
    0.06899
   -0.25692
    0.18506
   -0.20281
    0.03006
   -0.05834
    0.07299
   -0.08838
    0.02530
   -0.08752
    0.07421
   -0.15392
    0.05636
    0.00073
    0.03696
   -0.04190
    0.00044
   -0.11856
   -0.03504
   -0.04431
    0.13638
    0.06730
   -0.00744
    0.01563
   -0.04955
   -0.05887
   -0.02383
   -0.05983
    0.09609
    0.16315
   -0.09677
   -0.06672
    0.01218
    0.07131
   -0.04140
   -0.19611
    0.10271
    0.13567
   -0.02117
   -0.13291
   -0.00234
    0.06642
   -0.06196
   -0.19691
    0.14175
    0.10672
    0.03700
   -0.12724
   -0.07312
   -0.03322
    0.00164
   -0.10018
    0.15063
    0.13016
   -0.03110
   -0.05446
   -0.08062
    0.00145
    0.00661
   -0.00820
    0.00292
   -0.04599
    0.00791
   -0.00063
    0.04286
   -0.07577
    0.09205
   -0.10742
    0.08533
   -0.05869
    0.04160
   -0.08461
    0.06840
   -0.08999
    0.14867
   -0.11454
    0.00514
    0.03130
    0.03631
   -0.02767
   -0.03508
   -0.02422
   -0.03572
   -0.09261
    0.11872
    0.10213
   -0.04857
    0.01281
   -0.07108
   -0.08501
   -0.00803
   -0.08995
    0.16053
   -0.01959
   -0.03114
   -0.01404
    0.05627
   -0.04706
    0.01700
   -0.13130
    0.15327
    0.02286
    0.00932
   -0.06111
    0.02868
    0.02189
   -0.03723
   -0.13050
    0.10629
   -0.15941
    0.28892
   -0.24001
    0.00975
   -0.07064
    0.00564
   -0.05845
    0.10360
    0.00615
    0.02468
    0.01447
   -0.06445
   -0.04857
   -0.05684
   -0.16578
    0.15791
   -0.30542
    0.25524
   -0.42253
    0.09517
   -0.16100
    0.13821
   -0.15088
    0.07201
    0.00522
    0.04914
   -0.09699
    0.03046
   -0.10765
    0.11971
   -0.18520
    0.01645
   -0.20784
    0.25498
   -0.31156
   -0.02524
   -0.04699
    0.02040
   -0.02890
    0.02936
    0.02433
    0.00583
   -0.01172
   -0.02374
   -0.06392
    0.01221
   -0.05420
    0.06388
   -0.00371
   -0.03847
   -0.21903
    0.11404
   -0.07290
    0.01414
   -0.19118
    0.12975
    0.01071
    0.04900
   -0.10605
    0.04961
   -0.06040
   -0.04471
   -0.25831
    0.12031
    0.04615
   -0.01036
   -0.00005
   -0.12440
   -0.04391
    0.04364
   -0.02299
    0.05036
    0.03817
    0.00934
   -0.01731
   -0.08987
   -0.00554
   -0.00715
    0.07644
   -0.10724
   -0.01079
    0.06801
   -0.05479
    0.00372
   -0.08418
    0.08791
   -0.08038
    0.08845
   -0.08178
    0.11978
   -0.05391
    0.05044
   -0.07170
    0.18335
   -0.00086
   -0.10880
    0.03247
   -0.00873
    0.04412
   -0.11060
   -0.04480
   -0.01140
    0.02843
    0.04326
    0.01386
    0.02032
    0.06250
   -0.12086
   -0.03235
   -0.02279
    0.06554
   -0.04249
    0.06794
   -0.04929
    0.02672
   -0.05271
   -0.04100
    0.01349
   -0.08900
    0.10416
    0.02654
    0.01625
   -0.01492
   -0.04152
    0.00240
   -0.01520
   -0.01119
    0.01551
    0.06356
    0.03701
   -0.07022
   -0.06119
    0.00775
   -0.07420
   -0.03443
    0.10145
    0.07953
   -0.02261
   -0.03410
   -0.01657
    0.01661
   -0.06180
    0.03396
    0.01102
   -0.00827
    0.01426
   -0.06075
    0.04003
   -0.04312
    0.06491
   -0.12017
    0.06838
   -0.00761
    0.04487
   -0.05105
   -0.00100
    0.00629
    0.07008
   -0.02647
   -0.03482
    0.04792
   -0.01516
   -0.02602
   -0.00930
   -0.03678
   -0.04506
    0.04325
    0.05090
    0.05736
   -0.02662
    0.05596
   -0.07194
    0.00276
   -0.06343
    0.05191
    0.00099
    0.25897
   -0.19986
   -0.04307
   -0.09322
    0.28921
   -0.26367
   -0.31231
   -0.13303
    0.27672
   -0.12490
   -0.17339
   -0.12041
    0.25375
   -0.10331
   -0.11748
    0.05181
    0.11590
   -0.01513
   -0.10638
   -0.11203
   -0.01408
    0.00377
   -0.05346
    0.08906
    0.11964
   -0.07994
   -0.04898
   -0.05326
    0.00723
   -0.01021
    0.04373
   -0.07408
    0.02239
    0.01886
   -0.06621
    0.01327
   -0.02564
    0.07346
   -0.05466
    0.04881
    0.00278
    0.07063
   -0.08179
    0.01730
    0.00734
    0.15881
   -0.04421
   -0.08629
    0.07442
   -0.02871
   -0.01232
   -0.08195
   -0.00527
   -0.05520
   -0.04917
    0.07781
    0.00647
   -0.07383
    0.13071
   -0.17424
   -0.04457
   -0.01981
   -0.00423
    0.05562
   -0.04085
    0.04120
    0.02015
    0.00215
   -0.02290
    0.04948
   -0.12791
    0.11122
    0.01658
    0.01929
   -0.05614
    0.03713
    0.01921
   -0.03680
   -0.05496
    0.05937
    0.02539
    0.20101
   -0.19528
   -0.04352
   -0.05043
   -0.03535
   -0.10352
    0.15902
    0.08796
    0.01639
   -0.08635
   -0.05807
    0.04783
   -0.05723
   -0.05214
    0.05500
   -0.04619
    0.09876
   -0.10553
    0.04006
   -0.09893
    0.10085
   -0.08894
    0.08868
   -0.02266
    0.09724
   -0.08451
    0.00109
   -0.00697
    0.15989
   -0.04529
   -0.08122
    0.04851
    0.06994
   -0.11735
   -0.03818
    0.02176
   -0.06120
   -0.09454
    0.07337
    0.03321
    0.02510
    0.05095
   -0.11372
   -0.03750
   -0.05331
    0.07044
    0.00168
    0.07499
   -0.04666
   -0.11922
    0.05190
   -0.00367
   -0.04930
   -0.14101
    0.10718
    0.04390
    0.03250
   -0.08492
    0.01223
    0.04803
   -0.10093
   -0.14122
    0.11235
    0.04371
    0.03899
   -0.11543
   -0.05546
   -0.07423
    0.06946
   -0.09825
    0.08908
    0.09426
   -0.01175
   -0.04608
   -0.09846
   -0.01502
    0.00953
   -0.04228
    0.04826
   -0.01897
    0.06084
   -0.07069
    0.03315
   -0.08942
    0.14256
   -0.10680
    0.03641
   -0.00873
    0.08506
   -0.09935
   -0.00541
   -0.02439
    0.16217
   -0.06731
   -0.05288
    0.05379
   -0.01288
    0.01488
   -0.07713
   -0.02353
    0.00497
   -0.11545
    0.07889
    0.12123
   -0.02804
   -0.02733
   -0.11329
   -0.01039
    0.00212
   -0.00601
    0.01092
   -0.01982
   -0.05974
   -0.09887
    0.10040
   -0.03097
   -0.02671
   -0.13425
    0.14408
    0.01262
    0.06221
   -0.10140
    0.01580
    0.01531
   -0.08517
   -0.15334
    0.09276
    0.02248
    0.09156
   -0.13962
    0.01712
   -0.06813
   -0.01028
   -0.10349
    0.12105
    0.05085
    0.00771
   -0.03682
   -0.02781
   -0.06770
   -0.01287
   -0.08048
    0.09445
   -0.06077
    0.03681
   -0.12165
    0.10266
   -0.11819
    0.10315
   -0.13155
    0.06313
   -0.06154
    0.04654
   -0.07211
    0.04066
    0.05472
    0.01298
   -0.09482
    0.02109
    0.04217
   -0.00350
   -0.05291
    0.00438
   -0.06925
   -0.08179
   -0.06015
    0.13128
    0.04837
    0.00269
    0.00056
   -0.03811
   -0.03950
   -0.08770
    0.01835
    0.08876
    0.20942
   -0.13749
   -0.15075
    0.00986
    0.17145
   -0.10963
   -0.28004
    0.04557
    0.20168
   -0.05227
   -0.17010
   -0.02822
    0.15354
   -0.12639
   -0.20480
    0.13986
    0.08463
    0.05176
   -0.14525
   -0.04419
   -0.05400
    0.02778
   -0.11077
    0.14087
    0.12458
   -0.01870
   -0.09458
   -0.06086
   -0.00279
    0.01025
   -0.07960
    0.07839
   -0.01564
    0.00319
   -0.08411
    0.07521
   -0.02663
    0.03811
   -0.13492
    0.07656
    0.02860
   -0.01662
   -0.03373
    0.01425
    0.03952
    0.13953
   -0.13262
    0.00241
    0.03738
   -0.00998
   -0.05797
    0.00673
   -0.00266
   -0.05200
   -0.11885
    0.11110
    0.08754
   -0.01674
   -0.00610
   -0.07003
   -0.04774
   -0.01014
   -0.09072
    0.13828
    0.02212
   -0.05645
   -0.06872
    0.07519
   -0.02062
   -0.03108
   -0.15805
    0.16383
    0.05483
   -0.01553
   -0.11423
    0.06182
    0.06256
   -0.06481
   -0.13629
    0.12011
   -0.04372
    0.18279
   -0.15868
    0.00453
   -0.07460
   -0.07374
   -0.07606
    0.17314
    0.02509
   -0.01738
    0.00146
   -0.01277
   -0.09138
   -0.09665
   -0.12610
    0.10405
   -0.09645
    0.08226
   -0.18063
    0.10673
   -0.14317
    0.11006
   -0.11436
    0.08585
   -0.01345
    0.06972
   -0.10414
    0.01530
   -0.03852
    0.10961
   -0.09385
   -0.01660
   -0.03682
    0.13305
   -0.19595
   -0.01191
   -0.04082
   -0.02836
   -0.12226
    0.08933
    0.04226
    0.01294
    0.00889
   -0.06865
   -0.05350
   -0.04958
   -0.03277
    0.07319
    0.00671
   -0.10206
   -0.20871
    0.10788
   -0.11232
   -0.03413
   -0.14972
    0.13498
   -0.01004
    0.00875
   -0.10236
    0.08925
   -0.07487
   -0.20604
   -0.26590
    0.08461
