IntronPotTab 1 1024 0.27196
    0.00748
   -0.01606
   -0.07466
    0.03388
    0.01302
   -0.04094
   -0.07970
    0.02658
   -0.00021
   -0.01404
   -0.06153
    0.03717
    0.02223
   -0.04182
   -0.05550
    0.01870
    0.01568
   -0.02423
   -0.06474
    0.02021
   -0.02015
   -0.00476
   -0.03502
    0.04443
    0.00258
   -0.00127
   -0.03688
    0.01547
   -0.00770
   -0.00968
   -0.06282
    0.03562
    0.00038
   -0.02038
   -0.03603
    0.03023
    0.00052
   -0.01505
   -0.06721
    0.02979
   -0.02852
    0.01900
    0.03390
    0.01615
   -0.00977
   -0.02255
   -0.02046
    0.02707
    0.00175
   -0.05121
   -0.06393
    0.03502
   -0.00691
   -0.02858
   -0.02615
    0.03146
   -0.00462
   -0.02602
   -0.07058
    0.04704
    0.00522
   -0.02699
   -0.03144
    0.01651
    0.02717
   -0.07995
   -0.07831
    0.04287
    0.02640
   -0.04372
   -0.05708
    0.01502
    0.00268
   -0.02333
   -0.03423
    0.02946
    0.01651
   -0.08325
   -0.06470
    0.05237
   -0.00393
    0.00705
   -0.05046
    0.02968
   -0.00572
   -0.00643
   -0.05450
    0.02897
   -0.03486
    0.00192
    0.03425
    0.02221
   -0.01081
   -0.01369
   -0.03153
    0.02961
    0.00577
   -0.02826
   -0.02225
    0.01999
   -0.01596
   -0.03330
   -0.02336
    0.03397
   -0.02814
    0.00574
    0.06061
    0.00828
   -0.01750
   -0.02379
   -0.02559
    0.05099
    0.03465
   -0.04155
   -0.04343
    0.00335
   -0.00044
   -0.02082
   -0.01171
    0.01877
    0.01597
   -0.03264
   -0.03071
    0.01887
    0.00987
   -0.03407
   -0.04628
    0.02918
    0.01986
   -0.03108
   -0.06383
    0.03083
    0.01617
   -0.02295
   -0.06149
    0.01634
    0.00725
    0.00514
   -0.06548
    0.02880
    0.00795
   -0.06686
   -0.06374
    0.06139
   -0.00162
    0.02202
   -0.02546
    0.00945
   -0.02911
    0.03743
   -0.03081
    0.02681
    0.00697
    0.01512
   -0.03742
    0.00184
   -0.02976
    0.01626
   -0.02916
    0.02999
   -0.00023
   -0.01662
   -0.03128
    0.02821
   -0.02572
    0.00544
   -0.01006
    0.02924
   -0.01782
    0.00756
   -0.01667
    0.03095
   -0.01097
   -0.00252
   -0.04296
    0.03827
    0.00287
   -0.02136
   -0.01598
    0.01417
   -0.01433
    0.00337
   -0.02712
    0.02243
   -0.00240
    0.01073
   -0.05902
    0.03207
   -0.01419
   -0.01074
   -0.03122
    0.02793
    0.01778
   -0.03673
   -0.07427
    0.02402
    0.01888
   -0.05188
   -0.04680
    0.01766
   -0.00125
   -0.01295
   -0.04214
    0.03131
    0.01465
   -0.05511
   -0.07671
    0.03783
    0.00756
   -0.01694
   -0.05467
    0.03110
   -0.01815
    0.00755
   -0.03082
    0.02802
    0.00208
   -0.00425
   -0.01785
    0.00932
   -0.01880
    0.01486
   -0.05148
    0.03043
    0.00888
   -0.01099
   -0.05137
    0.01927
    0.00349
   -0.01511
   -0.03701
    0.01466
   -0.02002
    0.00591
   -0.02104
    0.04172
   -0.01472
   -0.00656
   -0.03905
    0.02963
    0.02702
   -0.04015
   -0.04496
    0.01602
    0.00584
   -0.02380
   -0.03202
    0.01845
    0.00932
   -0.01727
   -0.06108
    0.03026
    0.00998
   -0.01654
   -0.03841
    0.01738
    0.00767
   -0.01151
   -0.05184
    0.02451
    0.00024
   -0.01036
   -0.06392
    0.02912
   -0.01946
    0.00752
   -0.00795
    0.02582
    0.00460
   -0.01800
   -0.06293
    0.03490
   -0.00410
   -0.01595
   -0.03805
    0.03292
   -0.02738
    0.01848
   -0.01254
    0.02677
    0.00167
    0.01404
   -0.04530
    0.01606
   -0.00360
   -0.01223
   -0.05523
    0.03591
    0.00107
    0.01716
   -0.03265
    0.00748
   -0.01845
    0.01401
   -0.01999
    0.01663
   -0.01568
   -0.00188
    0.00469
    0.02215
   -0.00205
   -0.00662
   -0.01916
    0.01518
    0.00761
   -0.02546
   -0.04254
    0.02245
   -0.02549
   -0.00661
   -0.04875
    0.05033
    0.02121
   -0.03569
   -0.04712
    0.02344
   -0.01115
   -0.01541
   -0.03527
    0.02750
    0.01093
   -0.02931
   -0.03612
    0.02595
    0.00955
   -0.02845
   -0.03665
    0.02213
   -0.01678
    0.01020
   -0.00892
    0.02114
    0.00460
   -0.03147
   -0.02153
    0.03046
   -0.00873
    0.00516
   -0.02397
    0.01784
   -0.16253
    0.25039
   -0.15891
   -0.10086
   -0.02526
    0.00752
   -0.00656
    0.02777
   -0.00556
    0.01847
   -0.02293
    0.00523
   -0.02751
    0.01828
    0.00496
    0.02086
   -0.02415
   -0.02230
    0.03203
    0.02415
   -0.02471
   -0.05206
    0.00452
    0.04971
   -0.02741
   -0.00225
   -0.00873
    0.02941
    0.02192
   -0.02602
   -0.01519
    0.00078
   -0.01747
    0.00217
   -0.03091
    0.02618
    0.01196
   -0.01990
   -0.03548
    0.02517
    0.01502
   -0.03234
   -0.02985
    0.02404
    0.00364
   -0.01061
   -0.05499
    0.04629
   -0.00306
   -0.02989
   -0.01865
    0.03125
   -0.01995
   -0.00273
   -0.01877
    0.04904
    0.00705
   -0.03780
   -0.02787
    0.03275
    0.01420
    0.01870
   -0.05538
    0.01062
   -0.00057
    0.00990
   -0.02642
    0.00979
    0.01866
    0.00785
   -0.06858
    0.02120
    0.01075
    0.00783
   -0.03316
    0.00779
    0.00220
    0.00417
   -0.01100
    0.00146
    0.00402
   -0.01012
   -0.03242
    0.01559
   -0.01728
    0.02438
    0.00214
    0.00544
    0.00958
   -0.02071
   -0.00988
    0.00976
   -0.01242
    0.01116
    0.01013
    0.01342
   -0.02526
    0.01490
   -0.02468
    0.02995
   -0.01100
   -0.05341
   -0.03200
    0.05377
   -0.01913
   -0.00672
   -0.02711
    0.03075
    0.01809
   -0.00690
   -0.09028
    0.02967
    0.00032
   -0.00063
   -0.05933
    0.02365
    0.01323
   -0.01916
   -0.00458
   -0.00321
    0.02313
   -0.04477
   -0.04902
    0.02803
   -0.00285
    0.00133
   -0.04245
    0.02686
   -0.00483
    0.01580
   -0.06962
    0.01954
   -0.01406
    0.01137
   -0.02655
    0.02626
    0.00047
    0.00974
   -0.03862
    0.01457
   -0.01337
   -0.00128
   -0.03845
    0.03399
    0.00129
   -0.02205
    0.00165
    0.00935
   -0.03875
    0.04822
   -0.01287
    0.03915
   -0.00375
    0.00198
   -0.02665
    0.01388
    0.01506
   -0.02658
   -0.02740
    0.01386
   -0.02103
    0.01447
   -0.04460
    0.02745
    0.01061
   -0.02114
   -0.04746
    0.02828
    0.01131
   -0.00680
   -0.02541
    0.01018
    0.01217
   -0.05094
   -0.05363
    0.03407
   -0.00818
    0.00289
   -0.05342
    0.02507
   -0.00418
   -0.02778
   -0.01098
    0.02811
    0.00196
   -0.02732
   -0.04007
    0.03066
   -0.00331
   -0.01866
   -0.01642
    0.02009
   -0.03417
    0.00489
   -0.02903
    0.05097
   -0.01569
    0.00324
   -0.01342
    0.02472
   -0.01130
    0.00651
   -0.02620
    0.01735
    0.01596
   -0.02588
   -0.03894
    0.01698
   -0.00451
   -0.01525
   -0.02459
    0.01890
   -0.01849
   -0.00215
    0.04765
   -0.00069
    0.00276
   -0.00655
   -0.01475
    0.00867
    0.01098
   -0.02901
   -0.04035
    0.02052
   -0.02996
   -0.00982
   -0.01594
    0.03694
   -0.00245
   -0.02902
   -0.03616
    0.04196
   -0.00092
   -0.02546
   -0.04142
    0.02597
    0.00386
   -0.03345
   -0.04234
    0.03600
    0.00514
   -0.01051
   -0.02755
    0.01055
   -0.02070
   -0.03226
   -0.01383
    0.05947
   -0.01254
   -0.06245
    0.01317
    0.03990
   -0.00828
   -0.02573
   -0.05097
    0.04830
    0.00223
   -0.01845
   -0.03351
    0.01799
   -0.02287
   -0.01877
   -0.00090
    0.04457
   -0.03405
    0.00045
   -0.04181
    0.04392
   -0.00479
   -0.02124
    0.01346
    0.01394
   -0.00122
    0.00606
   -0.04501
    0.01034
   -0.02112
   -0.01650
    0.00609
    0.03268
   -0.00967
   -0.02711
   -0.02477
    0.03308
    0.01055
   -0.01911
   -0.02273
    0.01070
   -0.02035
    0.01993
   -0.04097
    0.01609
    0.01895
   -0.02892
   -0.03992
    0.02534
    0.00026
   -0.02347
   -0.04867
    0.03435
    0.01676
   -0.02149
   -0.04184
    0.01808
    0.00277
   -0.02441
   -0.05845
    0.03672
   -0.00926
   -0.01367
   -0.03057
    0.03806
   -0.01545
   -0.02333
   -0.02394
    0.04239
   -0.00340
   -0.00140
   -0.01298
    0.01393
   -0.02906
   -0.02998
    0.00827
    0.04704
   -0.00852
    0.01199
   -0.02470
    0.02417
   -0.04191
   -0.00109
   -0.03163
    0.04066
    0.00540
   -0.00410
   -0.01880
    0.00706
   -0.00276
   -0.05316
   -0.00537
    0.02708
   -0.17373
   -0.15578
    0.17469
   -0.09930
   -0.01353
   -0.03813
   -0.01846
    0.03792
    0.02037
   -0.03582
   -0.02669
    0.00971
   -0.01051
   -0.01442
   -0.04814
    0.03650
   -0.01686
    0.00825
   -0.03179
    0.03825
   -0.00795
   -0.01435
   -0.02381
    0.02304
    0.01649
   -0.03220
   -0.06504
    0.01789
   -0.00585
   -0.00508
   -0.01306
    0.01530
    0.00355
   -0.01812
   -0.01732
    0.01608
    0.01330
   -0.02382
   -0.05770
    0.02773
   -0.00183
    0.01714
   -0.03314
    0.01012
   -0.00381
   -0.03453
   -0.00090
    0.01949
   -0.02296
    0.00410
    0.01467
    0.01684
   -0.01522
    0.00135
   -0.01302
    0.01672
    0.00141
   -0.00877
   -0.01605
    0.01244
   -0.00406
    0.00631
    0.00822
   -0.00288
   -0.02135
   -0.00321
   -0.00328
    0.02936
   -0.02112
   -0.01601
   -0.01945
    0.03230
    0.01527
   -0.02475
   -0.03073
    0.01213
    0.00587
   -0.02785
    0.00043
    0.01076
   -0.00040
   -0.00548
   -0.02806
    0.01946
    0.01200
   -0.02137
   -0.03151
    0.01799
    0.01743
   -0.02994
   -0.05827
    0.01282
    0.00599
   -0.02344
   -0.06297
    0.02097
    0.02080
   -0.01831
   -0.04649
    0.00746
    0.01292
   -0.03785
   -0.04822
    0.01698
    0.01165
   -0.02911
   -0.05119
    0.02118
   -0.02675
    0.02335
    0.01077
    0.01762
    0.00807
    0.01529
   -0.03555
    0.00075
    0.02177
   -0.00626
   -0.05535
    0.00928
    0.01843
   -0.04842
   -0.05413
    0.02356
    0.01225
   -0.01511
   -0.05390
    0.00954
   -0.02210
    0.00240
    0.02896
    0.01104
    0.00951
   -0.02701
   -0.03241
    0.01599
    0.02012
   -0.04876
   -0.06019
    0.02218
   -0.00682
   -0.01433
   -0.03849
    0.03019
    0.01412
   -0.04360
   -0.04850
    0.02990
    0.00313
   -0.03211
   -0.05264
    0.02687
    0.01698
   -0.06735
   -0.05253
    0.04044
    0.02389
   -0.05073
   -0.02047
    0.00883
   -0.01922
   -0.00044
   -0.02861
    0.03881
    0.02454
   -0.05803
   -0.05059
    0.03673
    0.00358
   -0.02259
   -0.03524
    0.02576
   -0.00401
   -0.01222
   -0.04703
    0.02293
   -0.03298
    0.00614
    0.00099
    0.02950
    0.01615
   -0.00740
   -0.04454
    0.01440
    0.00069
   -0.04338
   -0.02597
    0.03401
    0.01747
   -0.05172
   -0.01532
    0.01460
   -0.02957
   -0.00168
   -0.02296
    0.04525
   -0.00162
   -0.04237
   -0.02039
    0.03522
    0.03142
   -0.07168
   -0.02624
    0.01617
    0.00070
   -0.02204
   -0.01745
    0.01814
    0.01049
   -0.02334
   -0.03065
    0.02097
    0.02113
   -0.03352
   -0.02286
    0.01962
    0.01896
   -0.03654
   -0.06463
    0.03526
    0.00782
   -0.01059
   -0.04319
    0.01515
   -0.00332
   -0.00667
   -0.02997
    0.02814
    0.00444
   -0.02942
   -0.04251
    0.03979
   -0.00422
    0.00579
   -0.03885
    0.02735
   -0.00543
    0.00490
   -0.00937
    0.00737
    0.01223
   -0.02530
   -0.03996
    0.02362
   -0.00281
   -0.00333
   -0.04941
    0.03079
    0.01990
   -0.02549
   -0.04398
    0.00990
   -0.00320
   -0.02034
   -0.00934
    0.01755
    0.01754
   -0.03883
   -0.02135
    0.01412
    0.00140
   -0.03167
   -0.02292
    0.02717
    0.00152
   -0.01206
   -0.03417
    0.02110
   -0.01538
    0.01142
   -0.03132
    0.02251
    0.00328
   -0.03375
   -0.04403
    0.04141
   -0.00891
   -0.02670
   -0.04176
    0.03980
    0.02513
   -0.05578
   -0.05873
    0.01855
    0.01184
   -0.00082
   -0.07815
    0.03032
    0.01631
   -0.03297
   -0.04015
    0.01807
    0.02640
   -0.03437
   -0.06462
    0.01866
    0.01672
   -0.02298
   -0.06663
    0.02271
   -0.00542
   -0.00443
   -0.06269
    0.02906
   -0.00033
   -0.00367
   -0.03804
    0.02264
    0.02114
   -0.01767
   -0.05814
    0.01867
    0.01856
   -0.02947
   -0.03871
    0.00780
   -0.00347
   -0.02312
   -0.02312
    0.02064
   -0.00959
   -0.00245
   -0.01222
    0.01985
    0.00383
   -0.02450
   -0.02344
    0.01688
    0.02544
   -0.05168
   -0.04521
    0.02206
   -0.00135
   -0.00734
   -0.03643
    0.01859
    0.00183
   -0.01883
   -0.05148
    0.03348
    0.02816
   -0.02571
   -0.02681
    0.00766
