8 20 2 1 48 -3.1774 1.9201 3.5810 10916
  0.01956   0.02899   0.02411  -0.05086  -0.01086   0.01729   0.04315  -0.02156   0.03535   0.04756  -0.01620  -0.06496   0.02934   0.02221   0.06258  -0.09986  -0.07574   0.01853   0.10480  -0.01867 
 -0.00271   0.02278   0.05772  -0.04283   0.00341   0.01720   0.07992  -0.06623   0.03125   0.04935   0.02883  -0.08171   0.02192   0.00476   0.05786  -0.07209  -0.06593   0.05142   0.11048  -0.04772 
  0.00127   0.03141   0.07765  -0.06613  -0.02004   0.05337   0.02695  -0.02048   0.00487   0.06132  -0.00131  -0.04192   0.01398   0.01996   0.05265  -0.06660  -0.06352   0.03806   0.09313  -0.02963 
 -0.01113   0.04223   0.04814  -0.03939  -0.00361  -0.02457   0.04985  -0.01343   0.01064  -0.01820   0.03141  -0.01447  -0.02256   0.01798   0.11915  -0.07243  -0.03897   0.01766   0.11374  -0.04916 
 -0.00928  -0.00158   0.08138  -0.03729  -0.01050  -0.00711   0.07931  -0.03343   0.03726   0.01174   0.05319  -0.07647   0.02764  -0.01164   0.10072  -0.10818  -0.05600   0.00424   0.12581  -0.03836 
 -0.00005  -0.00182   0.09652  -0.05795  -0.00673   0.02587   0.01338  -0.01308   0.02894   0.07395  -0.05825  -0.05793   0.05431   0.04084  -0.00033  -0.10358  -0.06926   0.05733   0.08184  -0.02981 
  0.00615   0.04606   0.02456  -0.04629  -0.01359   0.01442   0.06568  -0.03154   0.02891   0.02607   0.02140  -0.05875   0.02180  -0.01246   0.07682  -0.07648  -0.08275   0.00819   0.12340  -0.02134 
 -0.00843   0.00916   0.07844  -0.04230  -0.00934   0.01831   0.07724  -0.04742   0.04079   0.02710   0.03100  -0.08047   0.04580  -0.02458   0.09062  -0.11979  -0.06762   0.01986   0.13615  -0.04665 
  0.00365   0.01123   0.09388  -0.06809   0.00187   0.03320   0.02322  -0.03404   0.03164   0.05079  -0.03718  -0.05341   0.01255   0.03520   0.02470  -0.05374  -0.09261   0.05053   0.08383  -0.01259 
 -0.00331   0.04030   0.03467  -0.03834  -0.00347   0.03062   0.04268  -0.03811   0.03907   0.00432   0.00151  -0.04935   0.02923   0.02537   0.04774  -0.08928  -0.06635   0.05018   0.11929  -0.05300 
  0.00139   0.03053   0.06264  -0.05534   0.00637   0.03328   0.06256  -0.06712   0.02175   0.06326   0.00126  -0.06573   0.00976   0.00949   0.10642  -0.10053  -0.10799   0.04803   0.12412  -0.02847 
 -0.00867   0.03815   0.08255  -0.06250  -0.00943   0.00839   0.06892  -0.03577   0.02789   0.04386  -0.03608  -0.04431   0.03262   0.00019   0.06387  -0.09041  -0.08525   0.07110   0.09685  -0.03772 
 -0.00271   0.03294   0.06121  -0.05127  -0.00342   0.03297   0.03817  -0.03657   0.03366  -0.00398  -0.05314  -0.01597   0.04417   0.01802   0.04530  -0.10606  -0.06751   0.05986   0.09463  -0.04087 
  0.00508   0.03097   0.04518  -0.04843   0.00235   0.05025   0.05702  -0.06810   0.01604   0.04668   0.07233  -0.08185   0.05811  -0.03172   0.07239  -0.11905  -0.07574   0.04782   0.11214  -0.04012 
  0.00449   0.03338   0.07844  -0.07176   0.00988   0.00694   0.02769  -0.03278   0.02698   0.03875   0.00346  -0.05643   0.02695   0.06706   0.04013  -0.11203  -0.09756   0.04228   0.09876  -0.01441 
  0.00186   0.03468   0.04772  -0.04870   0.00013   0.00023   0.08591  -0.05638   0.01702  -0.01066   0.05106  -0.03512   0.03413   0.01719   0.05055  -0.09345  -0.08897   0.03252   0.14467  -0.04625 
 -0.00404   0.01077   0.09217  -0.05767  -0.00209  -0.01400   0.06920  -0.03353   0.02672   0.03621   0.07647  -0.09138   0.02907   0.01874   0.10176  -0.13439  -0.07381   0.03454   0.13534  -0.05036 
  0.00031   0.01625   0.09821  -0.07049  -0.01438   0.00958   0.05747  -0.02239   0.02603  -0.00354  -0.01599  -0.02098   0.02503   0.04018   0.02135  -0.07275  -0.08890   0.05292   0.06942  -0.00748 
 -0.00647   0.02545   0.04263  -0.03092  -0.01434   0.00619   0.09134  -0.04452   0.03832   0.03199  -0.01978  -0.05682   0.04250  -0.00012   0.07495  -0.11650  -0.08193   0.02495   0.12424  -0.03145 
 -0.00416   0.01580   0.08449  -0.05507  -0.00493   0.02923   0.05378  -0.04289   0.02826   0.05074   0.01430  -0.07149   0.02505   0.04038   0.07385  -0.11722  -0.06670   0.06820   0.10493  -0.05380 
 -0.00029   0.04669   0.06891  -0.06809  -0.00029   0.04790   0.00669  -0.02967   0.03919   0.02654  -0.05376  -0.04078   0.05132  -0.01755   0.05557  -0.10165  -0.07208   0.02709   0.10847  -0.02807 
  0.01051   0.02367   0.04028  -0.04709   0.00573  -0.00763   0.06072  -0.04132   0.02803   0.00773   0.00131  -0.03710   0.02533   0.00983   0.06928  -0.09042  -0.07528   0.06215   0.12476  -0.05846 
  0.00091   0.02031   0.07489  -0.05685  -0.01265   0.04812   0.07392  -0.05854   0.05410   0.04170   0.03771  -0.11482   0.04079   0.01017   0.06591  -0.11278  -0.05836   0.06021   0.10788  -0.05662 
  0.00780   0.04202   0.07706  -0.08050  -0.00101   0.04333   0.02240  -0.03568   0.02402   0.06015  -0.01361  -0.05986   0.04014   0.04034   0.03852  -0.11065  -0.07433   0.02389   0.08337  -0.00884 
  0.00556   0.03858   0.03727  -0.04870  -0.00582   0.01652   0.06204  -0.04016   0.03859   0.02344  -0.00342  -0.05865   0.03401  -0.00249   0.08130  -0.10647  -0.06592   0.04475   0.09680  -0.03433 
  0.00282   0.02256   0.06629  -0.05452   0.00078   0.06823   0.04806  -0.07130   0.03321   0.00885   0.07351  -0.07987   0.02373   0.02680   0.09114  -0.12090  -0.09643   0.06377   0.14519  -0.06105 
 -0.00331   0.04669   0.09160  -0.08108  -0.00909   0.05864   0.02818  -0.03811   0.02993   0.04710   0.00168  -0.06528   0.03612   0.03433   0.04064  -0.10108  -0.08624   0.02220   0.09427  -0.00747 
  0.00103   0.03923   0.04518  -0.04897  -0.00683   0.02998   0.05984  -0.04504   0.00602   0.02731   0.03442  -0.03683   0.03501   0.00992   0.07040  -0.10703  -0.08006   0.02091   0.12443  -0.03055 
 -0.00696   0.02189   0.07785  -0.05100   0.00116   0.03426   0.07517  -0.06983   0.03040   0.03210   0.04245  -0.07516   0.04238   0.00605   0.06763  -0.11401  -0.06659   0.05171   0.12034  -0.05456 
  0.00591   0.03294   0.08293  -0.07647   0.00025   0.01541   0.02163  -0.02106   0.03253   0.04798  -0.08474  -0.03480   0.04577   0.03124   0.06626  -0.13844  -0.08489   0.03546   0.09030  -0.01288 
  0.00674   0.02921   0.03835  -0.04495  -0.02755   0.05067   0.06268  -0.03296   0.02540  -0.00519   0.03825  -0.04264   0.03908   0.00160   0.09485  -0.13139  -0.08838   0.02461   0.15898  -0.05323 
 -0.01199   0.02189   0.09727  -0.05918   0.01334   0.04593   0.04483  -0.07233   0.03272   0.01437   0.01327  -0.05249   0.04119  -0.01221   0.10245  -0.13258  -0.07974   0.06973   0.09656  -0.04022 
  0.00922   0.03512   0.06971  -0.07233  -0.00981   0.02763   0.03531  -0.02356   0.01366   0.05656  -0.02056  -0.04128   0.05899   0.03571   0.04085  -0.14264  -0.08056   0.04568   0.10729  -0.03240 
  0.00234   0.03858   0.05003  -0.05316  -0.01675   0.02792   0.06282  -0.03315   0.02178  -0.00962   0.06757  -0.04981   0.03071   0.03503   0.07834  -0.12673  -0.08576   0.03282   0.10711  -0.02171 
 -0.00879   0.02256   0.07864  -0.04991   0.00691   0.03758   0.06470  -0.07222   0.03895   0.04846   0.01260  -0.08394   0.05692  -0.01372   0.06027  -0.11825  -0.06767   0.01972   0.14482  -0.05317 
  0.01285   0.02323   0.08332  -0.07891  -0.00005   0.06021   0.01470  -0.04240   0.00080   0.05001  -0.00691  -0.02723   0.05514   0.01877   0.04213  -0.12294  -0.08508   0.03791   0.09465  -0.01684 
  0.00282   0.04116   0.04135  -0.04978  -0.01224   0.00938   0.09129  -0.04900   0.06729   0.00464  -0.01106  -0.08413   0.04324   0.01746   0.04853  -0.10686  -0.07987   0.03634   0.14732  -0.05660 
  0.00639   0.01761   0.08661  -0.06992  -0.00633   0.03838   0.04260  -0.03887   0.04673   0.02937   0.05450  -0.10338   0.01301  -0.00387   0.09463  -0.08492  -0.08232   0.02081   0.15033  -0.04819 
 -0.00090   0.02099   0.08949  -0.06557  -0.00556   0.05692   0.01765  -0.03497   0.03246  -0.00321  -0.04119  -0.01930   0.03375   0.00700   0.08483  -0.11630  -0.07901   0.05486   0.10953  -0.04040 
  0.00139   0.03381   0.05462  -0.05208  -0.01446   0.03109   0.03146  -0.01734   0.01614  -0.00979   0.01780  -0.01958   0.04341   0.02461   0.08144  -0.14376  -0.10275   0.05346   0.15794  -0.06055 
 -0.00965   0.02833   0.08177  -0.05466  -0.00509   0.01331   0.05546  -0.03479   0.02454   0.02217   0.03601  -0.05741   0.04247   0.01921   0.04758  -0.10605  -0.04202   0.02872   0.11207  -0.05213 
  0.00804   0.02009   0.06831  -0.06043   0.00976   0.01329  -0.03432  -0.00071   0.03103   0.02335  -0.07189  -0.02195   0.06335  -0.00097   0.01410  -0.09934  -0.09182   0.05379   0.03705   0.01167 
  0.01051   0.02367  -0.00679  -0.02008  -0.00371  -0.01556   0.06611  -0.02850   0.02098  -0.01997   0.02632  -0.02340   0.02670   0.02297   0.06253  -0.09617  -0.06651   0.02672   0.12954  -0.04642 
 -0.00586   0.00406   0.08157  -0.04429  -0.01056  -0.00971   0.06673  -0.02327   0.04001   0.03099  -0.02616  -0.05573   0.04416   0.00465   0.05734  -0.10670  -0.07211   0.01764   0.08646  -0.00883 
  0.00198   0.00847   0.05978  -0.04097   0.02866   0.00324  -0.02376  -0.02572   0.05075   0.00552  -0.03635  -0.04987   0.06793  -0.00592   0.01171  -0.10200  -0.09236  -0.01639   0.01060   0.05766 
  0.01956  -0.00562  -0.00726  -0.01371   0.03340  -0.04508   0.03384  -0.04247   0.09042  -0.01199  -0.05864  -0.08889   0.09566  -0.02838   0.01200  -0.13889  -0.02969  -0.00733   0.10650  -0.03723 
  0.04282  -0.02439   0.04624  -0.06209   0.05576   0.06490  -0.00280  -0.12054   0.09603   0.07019  -0.01529  -0.18573   0.10270   0.07331  -0.02013  -0.21631  -0.01303   0.09475   0.06299  -0.08366 
  0.06437   0.07336   0.01375  -0.13682   0.14505  -0.16672  -0.11627  -0.09309   0.20758  -0.16202  -0.20350  -0.18496   0.16959  -0.08773  -0.12670  -0.16213   0.05573  -0.02164   0.03371  -0.05272 
  0.16045  -0.11400  -0.09062  -0.11528  -0.11908  -0.31255   0.46004  -0.29661  -0.06794  -0.17301   0.38713  -0.11135  -0.02704  -0.27445   0.37322  -0.29276  -0.20002  -0.24841   0.43267  -0.19801 
 -0.09955  -0.27710   0.43393  -0.24493  -2.06956  -4.03810   0.76995  -4.03810  -1.76289  -4.03810   0.88484  -4.03810  -2.53688  -4.03810   0.74278  -4.03810  -2.42427  -4.03810   0.73736  -4.03810 
 -2.20917  -4.03810   0.77101  -4.03810  -4.03810  -4.03810  -4.03810   0.51227  -4.03810  -4.03810  -4.03810  -4.03810  -4.03810  -2.75944  -4.03810   0.52654  -4.03810  -4.03810  -4.03810  -4.03810 
 -4.03810  -2.76482  -4.03810   0.48014  -4.03810  -4.03810  -4.03810  -4.03810  -0.03187  -4.03810   0.41041   0.00209  -4.03810  -4.03810  -4.03810  -4.03810   0.35327  -0.65014   0.04367  -0.36665 
  0.25639  -0.62014   0.07785  -0.31644   0.28701  -0.57454  -0.43558  -0.23729   0.15392  -0.08022  -0.20154  -0.10930   0.33244  -0.61246  -0.36015  -0.40062   0.11874  -0.19583  -0.07372   0.01237 
  0.29981  -0.47252  -0.31965  -0.21493  -0.28668  -0.58625   0.55531  -0.28221  -0.05118  -0.16661   0.30127  -0.04436  -0.11586  -0.36304   0.42414  -0.22662  -0.12746  -0.37263   0.37316  -0.10170 
 -0.20449  -0.49255   0.50615  -0.22612  -0.07469  -0.13049  -0.22805   0.18854   0.00260  -0.08291  -0.19528   0.08996  -0.25858  -0.42105  -0.55621   0.36617  -0.05320  -0.28185  -0.28842   0.19127 
 -0.14641  -0.30186  -0.37735   0.26451  -0.00524  -0.05686  -0.08760   0.07008   0.04016  -0.13534  -0.09850   0.04944   0.02253  -0.02877  -0.13688   0.05624   0.12948  -0.25007  -0.18028   0.05397 
  0.04064  -0.16461  -0.13387   0.07861  -0.03864  -0.12919  -0.15894   0.14558  -0.03153  -0.03734  -0.06737   0.07099   0.00475  -0.01464  -0.01243   0.01037  -0.07455  -0.15140  -0.11824   0.13760 
 -0.04991  -0.11095  -0.10566   0.12517   0.02364  -0.05646  -0.16389   0.06637   0.06430  -0.08273  -0.16679   0.01996   0.07523  -0.11846  -0.06696  -0.00133  -0.03569  -0.17131  -0.12558   0.12654 
  0.00354  -0.11523  -0.12499   0.09291   0.03547  -0.09795  -0.13604   0.05860   0.02719  -0.06040  -0.05338   0.01984   0.02939  -0.05432  -0.03240   0.01189  -0.04122  -0.14876  -0.17171   0.13552 
 -0.00029  -0.10671  -0.12124   0.09214   0.01529  -0.04758  -0.10879   0.05284   0.00478  -0.06113  -0.14754   0.06920   0.04426  -0.02925  -0.06119  -0.00436  -0.03763  -0.13387  -0.06948   0.10062 
 -0.00830  -0.08127  -0.08315   0.07740   0.03440  -0.09105  -0.08203   0.03664   0.04115  -0.10631  -0.07674   0.03120   0.06117  -0.11354  -0.04006   0.00171   0.00576  -0.15652  -0.06294   0.08057 
  0.02288  -0.12173  -0.06283   0.05669   0.03294  -0.11828  -0.09357   0.05259   0.05487  -0.05785  -0.13581   0.01195   0.06064  -0.12945  -0.07266   0.02581   0.02684  -0.17324  -0.10286   0.08569 
  0.03358  -0.13278  -0.09295   0.06163   0.02451  -0.08411  -0.10011   0.05293   0.02918  -0.12479  -0.09612   0.05642   0.04730  -0.05556  -0.01496  -0.02119   0.01928  -0.16618  -0.12266   0.09454 
  0.02151  -0.11800  -0.09004   0.06681   0.01512  -0.07831  -0.13242   0.07293  -0.01224  -0.04984  -0.12977   0.07582   0.02479  -0.09787  -0.04723   0.04431   0.01971  -0.12493  -0.14560   0.08935 
  0.00804  -0.09571  -0.11907   0.08091   0.02049  -0.08701  -0.13481   0.07103   0.01167  -0.03338  -0.20684   0.06435   0.03570  -0.07984  -0.06336   0.03187   0.01771  -0.16969  -0.11982   0.09556 
  0.01250  -0.10974  -0.12031   0.08220   0.02025  -0.07565  -0.15082   0.07272   0.01765  -0.04668  -0.14780   0.05080   0.06497  -0.05900  -0.10153   0.00308   0.01022  -0.17838  -0.16337   0.11428 
  0.01518  -0.10913  -0.14391   0.08705  -0.00647  -0.08944  -0.09858   0.08674  -0.00544  -0.05106  -0.12285   0.06851   0.04996  -0.08021  -0.08892   0.02668   0.01624  -0.16777  -0.13762   0.10112 
  0.00055  -0.11370  -0.11140   0.09058   0.01445  -0.06553  -0.11514   0.06294   0.01093  -0.01717  -0.10007   0.03137   0.01331  -0.08088  -0.04041   0.04681   0.02471  -0.12006  -0.12307   0.07806 
  0.00804  -0.08184  -0.10059   0.06989   0.02829  -0.07578  -0.18406   0.07460   0.02558  -0.07457  -0.17899   0.06178   0.01883   0.00257  -0.11693   0.03692   0.00571  -0.10151  -0.14010   0.08897 
  0.01273  -0.07395  -0.15118   0.07931   0.03389  -0.08887  -0.12090   0.05177   0.00170  -0.03278  -0.03233   0.02705   0.03785  -0.07769  -0.06849   0.03083   0.03143  -0.11958  -0.11535   0.07117 
  0.02105  -0.09017  -0.09793   0.06037   0.03391  -0.05675  -0.12290   0.04040   0.02788  -0.04247  -0.14806   0.03849   0.00808  -0.02181  -0.09656   0.05220   0.04861  -0.16324  -0.10947   0.07092 
  0.02843  -0.08959  -0.11231   0.05838   0.03584  -0.07631  -0.10163   0.03741   0.03926  -0.08801  -0.13016   0.04110   0.03692  -0.04622  -0.06814   0.01730   0.04491  -0.11955  -0.13325   0.06785 
  0.03413  -0.09133  -0.10867   0.05235   0.05795  -0.12561  -0.14413   0.04396   0.04541   0.00266  -0.20041   0.00987   0.03642  -0.08580  -0.07975   0.04132   0.02893  -0.09481  -0.11187   0.06360 
  0.03998  -0.08814  -0.12343   0.05064   0.04922  -0.10680  -0.14633   0.04908   0.03113  -0.02027  -0.09964   0.01094   0.04960  -0.07326  -0.04342   0.00098   0.07155  -0.14765  -0.12395   0.05477 
  0.04930  -0.10491  -0.11415   0.04428   0.04095  -0.11612  -0.13702   0.05876   0.03188  -0.06681  -0.09423   0.03025   0.04346  -0.08254  -0.06237   0.02306   0.04704  -0.15137  -0.09338   0.06316 
  0.03844  -0.11924  -0.10089   0.05532   0.04251  -0.08368  -0.13939   0.04646   0.04544  -0.09115  -0.13502   0.03692   0.03794  -0.09359  -0.05650   0.03168   0.04797  -0.17535  -0.09352   0.06946 
  0.03921  -0.12204  -0.10327   0.05638   0.04681  -0.08445  -0.14016   0.04181   0.07612  -0.10351  -0.17688   0.01681   0.06348  -0.09342  -0.09738   0.01896   0.04368  -0.12216  -0.12969   0.06840 
  0.04769  -0.10431  -0.12846   0.05064   0.03487  -0.12572  -0.10929   0.05884   0.06130  -0.09556  -0.10354   0.01157   0.06474  -0.08633  -0.06400  -0.00246   0.03662  -0.15350  -0.13419   0.08375 
  0.03943  -0.12832  -0.10837   0.06006   0.03775  -0.06495  -0.13504   0.04354   0.02722  -0.04928  -0.09143   0.02670   0.04235  -0.07308  -0.04344   0.01040   0.04323  -0.14966  -0.11211   0.07147 
  0.03346  -0.09748  -0.10297   0.05320   0.05335  -0.09936  -0.14805   0.04201   0.05807  -0.09826  -0.09595   0.01430   0.02121  -0.08712  -0.06007   0.05015   0.04578  -0.13312  -0.12033   0.06743 
  0.04271  -0.11156  -0.11445   0.05331   0.03690  -0.13712  -0.09621   0.05517   0.04008  -0.07602  -0.11427   0.03095   0.05457  -0.08223  -0.04107  -0.00278   0.04386  -0.11524  -0.08157   0.04981 
  0.03756  -0.11339  -0.08003   0.04645   0.02559  -0.05313  -0.13228   0.05213   0.05563  -0.07419  -0.10939   0.01087   0.01861  -0.09505  -0.03462   0.04386   0.04119  -0.12398  -0.14540   0.07541 
  0.02978  -0.09017  -0.11476   0.05817   0.05091  -0.09568  -0.18299   0.05544   0.03391  -0.07192  -0.10610   0.03367   0.04719  -0.10234  -0.10926   0.04833   0.06913  -0.11705  -0.10800   0.04136 
  0.04844  -0.10192  -0.12941   0.04935   0.05678  -0.09898  -0.14671   0.03710   0.01388  -0.08365  -0.11783   0.06208   0.02965  -0.10426  -0.05104   0.04317   0.09455  -0.13490  -0.12501   0.03311 
  0.05516  -0.11278  -0.11784   0.04243   0.05661  -0.11739  -0.15521   0.04676  -0.00265  -0.05122  -0.12861   0.06746   0.01135  -0.10159  -0.00192   0.03735   0.05727  -0.12475  -0.11419   0.05477 
  0.03965  -0.11034  -0.10898   0.05394   0.05191  -0.09107  -0.16358   0.04621   0.05557  -0.03861  -0.17786   0.01318   0.04680   0.00919  -0.11723  -0.00106   0.07200  -0.11818  -0.15788   0.05576 
  0.05336  -0.08042  -0.15185   0.04385   0.05515  -0.06811  -0.17073   0.03602   0.04102  -0.07977  -0.14847   0.04058   0.03245  -0.09904  -0.03457   0.02940   0.09678  -0.13427  -0.13220   0.03350 
  0.05979  -0.10014  -0.13131   0.03772   0.06333  -0.08531  -0.20699   0.04398   0.02866  -0.07353  -0.12264   0.04445   0.02567  -0.05878  -0.04521   0.02533   0.06700  -0.11525  -0.10870   0.04260 
  0.05208  -0.09366  -0.13195   0.04352   0.08282  -0.12447  -0.21345   0.03442   0.07804  -0.10829  -0.12609   0.00267   0.02206  -0.04736  -0.04262   0.02293   0.06967  -0.11868  -0.12867   0.04848 
  0.06726  -0.11125  -0.14162   0.03739   0.05562  -0.07633  -0.12886   0.02338   0.02562  -0.04328  -0.17343   0.04742   0.05503  -0.06857  -0.05903  -0.00013   0.05687  -0.10317  -0.11618   0.04855 
  0.04941  -0.08327  -0.11507   0.03639   0.05910  -0.06090  -0.15485   0.02244   0.00946  -0.06569  -0.12753   0.06171   0.01864  -0.06425  -0.01512   0.02006   0.04564  -0.08699  -0.11598   0.05087 
  0.03987  -0.07367  -0.11262   0.04145   0.06307  -0.07814  -0.22232   0.04631   0.03713  -0.08462  -0.10305   0.03461  -0.00504  -0.02998  -0.07379   0.05980   0.05644  -0.11503  -0.11789   0.05342 
  0.04488  -0.08757  -0.14162   0.05171   0.04510  -0.09898  -0.12146   0.04226   0.01687  -0.04864  -0.10303   0.04067   0.03002  -0.05506  -0.03883   0.01496   0.03070  -0.11288  -0.10081   0.06473 
  0.03045  -0.09220  -0.09675   0.05192   0.04781  -0.09177  -0.17864   0.05637   0.01684  -0.01959  -0.11859   0.03164  -0.00720  -0.04002  -0.03343   0.04749   0.00498  -0.08140  -0.11982   0.07673 
  0.01830  -0.07006  -0.12187   0.06371   0.04819  -0.08975  -0.15858   0.04855   0.03990  -0.06795  -0.12908   0.03177   0.02044  -0.02269  -0.08925   0.03563   0.01795  -0.11580  -0.12023   0.08008 
  0.02798  -0.08728  -0.12656   0.06277   0.02784  -0.11946  -0.09700   0.06012   0.01348  -0.01279  -0.10051   0.02672   0.00277  -0.01603  -0.01792   0.01653  -0.00707  -0.11262  -0.12761   0.09609 
  0.00603  -0.08584  -0.09441   0.07091   0.03297  -0.06918  -0.12996   0.04893   0.02280  -0.03107  -0.11618   0.03015   0.01264  -0.02533  -0.05190   0.02797  -0.00068  -0.07486  -0.16250   0.09041 
  0.01110  -0.05886  -0.12531   0.06702   0.01834  -0.08348  -0.12109   0.06733   0.04459  -0.07915  -0.17003   0.04176  -0.00203  -0.08260   0.01236   0.03616  -0.00655  -0.10948  -0.15457   0.10250 
  0.00603  -0.09249  -0.11599   0.08051   0.01363  -0.09169  -0.00740   0.02704   0.02487  -0.05462  -0.11830   0.03922   0.00780  -0.06546   0.02286   0.01102  -0.02801  -0.07518  -0.11584   0.09228 
