IntronPotTab 1 1024 -19.72228 1.16030 35.28866 58386 6 16  112.35
    0.13530
   -0.01453
   -0.09888
   -0.16481
    0.11803
   -0.07731
   -0.07934
   -0.05395
    0.02464
   -0.00841
    0.01654
   -0.04543
   -0.04229
   -0.02567
    0.09086
   -0.02191
    0.07120
    0.11754
   -0.19028
   -0.09545
    0.05975
    0.02717
   -0.11918
   -0.03224
   -0.01697
    0.06819
   -0.12323
    0.04473
    0.00037
    0.02204
    0.04760
   -0.06014
    0.03611
   -0.02181
    0.04494
   -0.09250
    0.10030
   -0.11071
   -0.00155
   -0.04069
    0.05507
   -0.05423
    0.06847
   -0.10777
   -0.06955
   -0.08124
    0.12579
    0.00212
   -0.04891
    0.10436
   -0.06668
    0.01050
    0.04416
   -0.02575
   -0.03364
   -0.00472
   -0.03224
    0.04173
   -0.08423
    0.06898
   -0.10201
   -0.00894
    0.08941
    0.00527
   -0.00494
    0.19261
   -0.21092
   -0.07630
    0.27904
   -0.44255
   -0.24815
   -0.29920
    0.03211
    0.02554
   -0.08936
    0.00488
    0.07740
   -0.11231
    0.07345
   -0.04518
   -0.09478
    0.21295
   -0.27834
    0.01392
   -0.01066
    0.06378
   -0.16443
    0.05133
   -0.06188
    0.09636
   -0.20466
    0.07889
   -0.12242
    0.02783
   -0.01177
    0.03921
    0.01614
    0.05769
   -0.11363
    0.03317
    0.20929
   -0.20336
   -0.06576
   -0.06185
    0.01754
   -0.02278
   -0.01804
    0.02601
   -0.10673
   -0.14028
    0.16997
    0.00930
    0.16708
    0.00093
   -0.22146
   -0.05199
    0.22719
   -0.16659
   -0.19886
   -0.01318
    0.10444
    0.02248
   -0.23178
    0.04799
   -0.08018
   -0.08268
    0.02566
    0.07382
    0.07814
    0.00834
   -0.07512
   -0.02657
    0.16205
   -0.13558
   -0.12592
   -0.01022
    0.13938
   -0.10541
   -0.09818
   -0.03200
    0.00389
   -0.05597
    0.02241
    0.01831
    0.00680
    0.07636
   -0.07393
    0.00311
    0.02041
    0.00989
   -0.08894
    0.03560
    0.00509
    0.01883
   -0.12321
    0.08218
    0.01724
   -0.03406
    0.03440
   -0.01486
    0.03908
   -0.02759
   -0.01435
   -0.01066
    0.07813
   -0.11384
   -0.02454
    0.01747
    0.02253
   -0.09035
    0.09105
   -0.04997
   -0.13965
   -0.05534
    0.07804
    0.06155
   -0.03505
    0.02412
   -0.04234
    0.04203
    0.04437
   -0.04016
   -0.06507
    0.04163
   -0.03529
   -0.02941
   -0.12132
    0.15990
   -0.09897
   -0.07967
    0.06005
    0.04993
   -0.06649
    0.15940
   -0.05834
   -0.00399
    0.16162
   -0.13905
   -0.09090
   -0.04908
   -0.00822
    0.04584
   -0.07089
    0.01337
   -0.09308
   -0.00420
    0.12922
   -0.00487
   -0.08996
    0.13677
   -0.18870
    0.07938
   -0.00158
    0.06578
   -0.13957
    0.02604
   -0.05724
    0.07427
   -0.14753
    0.07948
   -0.05902
    0.03879
    0.01370
   -0.01192
   -0.01014
    0.02140
   -0.08340
    0.05019
    0.08811
   -0.14771
    0.01542
   -0.00888
   -0.00544
   -0.02201
   -0.02719
    0.04919
   -0.12665
   -0.18749
    0.25993
   -0.08912
   -0.08390
    0.10611
   -0.13264
    0.05621
    0.06902
   -0.05081
   -0.09530
    0.02567
   -0.05188
    0.04985
   -0.13273
    0.10169
   -0.13828
   -0.01531
    0.01305
    0.07953
    0.01665
    0.14650
   -0.15232
   -0.04195
    0.10974
   -0.00896
   -0.18476
   -0.03810
   -0.04743
    0.05673
   -0.06767
    0.05355
   -0.08702
   -0.00188
    0.01136
    0.05758
   -0.40865
    0.36010
   -0.59744
   -0.21409
    0.05133
    0.07503
   -0.21103
   -0.00915
   -0.22805
    0.23664
   -0.33756
    0.05843
   -0.21008
    0.18814
   -0.10153
   -0.05206
   -0.04160
    0.10570
   -0.01149
   -0.05483
    0.03940
   -0.01761
   -0.06921
    0.01474
    0.06428
   -0.00827
   -0.01194
   -0.06992
   -0.11040
   -0.03840
    0.06336
    0.05221
   -0.14502
    0.18426
   -0.26448
    0.02329
    0.05799
    0.00637
   -0.13246
    0.01884
   -0.18720
    0.12640
   -0.22041
    0.15864
   -0.13960
    0.04569
   -0.02853
    0.05320
   -0.04072
    0.14510
   -0.17727
    0.03196
    0.01857
    0.06814
   -0.16650
   -0.00809
   -0.06455
    0.06235
   -0.07845
    0.04817
   -0.12770
    0.03302
   -0.00037
    0.03307
   -0.08473
    0.19375
   -0.28356
    0.05065
   -0.18271
    0.21817
   -0.30051
    0.03936
   -0.11343
    0.09578
   -0.19238
    0.10087
   -0.24069
    0.08439
   -0.10727
    0.05219
   -0.05106
    0.07129
   -0.09729
    0.06838
   -0.01128
    0.00342
   -0.09307
    0.07120
   -0.04093
    0.01453
   -0.02150
    0.04056
   -0.19323
   -0.03790
    0.07172
    0.07939
   -0.01474
    0.08194
   -0.22589
    0.04963
   -0.02568
    0.04036
   -0.16946
    0.10807
   -0.08166
    0.05694
   -0.25962
    0.16940
   -0.19949
    0.02960
   -0.06836
    0.10116
    0.02581
    0.09039
   -0.16146
    0.04813
    0.05735
    0.01215
   -0.14316
    0.07921
   -0.01643
    0.04428
   -0.10757
    0.08342
   -0.05780
   -0.01196
   -0.02534
    0.09015
   -0.18522
    0.27485
   -0.31617
    0.04052
   -0.00016
    0.08906
   -0.21117
    0.10266
   -0.21339
    0.13578
   -0.30670
    0.18054
   -0.13549
    0.04398
   -0.04479
    0.05437
   -0.01598
    0.04898
   -0.07350
    0.04169
    0.00151
   -0.01596
   -0.09237
    0.11880
   -0.00297
   -0.04053
    0.00133
    0.04538
   -0.18980
   -0.03474
    0.02637
    0.12529
   -0.13458
    0.08726
   -0.23492
    0.13077
   -0.01743
    0.02762
   -0.12050
    0.11546
   -0.34093
    0.02593
   -0.34393
    0.31409
   -0.16322
   -0.03751
   -0.02250
    0.12058
   -0.13487
    0.26440
   -0.30136
    0.01410
    0.01038
   -0.00635
   -0.11749
    0.05881
   -0.01967
    0.04678
   -0.10499
    0.04757
   -0.17043
    0.03631
    0.02641
    0.07261
   -0.25519
    0.33657
   -0.38289
   -0.01992
   -0.14600
    0.16787
   -0.24278
    0.06313
   -0.13585
    0.12627
   -0.22346
    0.11431
   -0.31923
    0.22780
   -0.16263
   -0.08597
   -0.14155
    0.24053
   -0.22678
   -0.00279
   -0.04470
   -0.00501
   -0.07251
    0.07998
   -0.05050
    0.05286
   -0.08116
    0.05676
   -0.29722
    0.00980
    0.16467
   -0.03459
   -0.12825
    0.13373
   -0.21636
    0.06037
   -0.06252
    0.06822
   -0.17576
    0.07365
   -0.17743
    0.10341
   -0.20221
    0.16922
   -0.19668
    0.02721
   -0.04576
    0.09985
    0.05122
    0.01355
   -0.03751
   -0.04154
    0.06445
   -0.04656
   -0.04879
   -0.00206
   -0.01564
   -0.00290
    0.02711
   -0.00559
   -0.05600
   -0.06469
    0.08600
   -0.00020
   -0.04610
    0.13144
   -0.06674
   -0.01113
    0.00266
    0.06328
   -0.11977
    0.03152
   -0.04967
    0.06075
   -0.08843
    0.09279
   -0.04077
    0.01468
    0.04215
   -0.03164
   -0.08142
   -0.05569
    0.16384
   -0.11506
    0.03278
   -0.05374
    0.01576
   -0.01269
   -0.00875
   -0.04660
    0.09070
   -0.05568
   -0.13703
   -0.16237
    0.21019
   -0.06526
   -0.01533
    0.03019
   -0.10185
    0.04726
    0.03753
   -0.06136
   -0.02569
    0.02986
   -0.03065
   -0.00291
   -0.05102
    0.09342
   -0.07473
   -0.05932
    0.06165
    0.02191
   -0.01822
    0.08090
   -0.09945
    0.03928
    0.15435
   -0.19383
   -0.01183
   -0.04154
   -0.05457
    0.01987
   -0.04794
    0.07926
   -0.08420
   -0.16271
    0.18108
   -0.01980
   -0.06841
    0.14183
   -0.15814
    0.05208
   -0.06021
    0.08067
   -0.12978
    0.08550
   -0.11162
    0.05679
   -0.14252
    0.12977
   -0.17229
   -0.01957
    0.06799
    0.02270
   -0.00157
    0.00444
   -0.04725
    0.05368
    0.01785
   -0.16486
    0.11420
   -0.00917
   -0.03814
   -0.06087
    0.02221
    0.08714
   -0.24934
   -0.32902
    0.31427
   -0.11728
    0.12942
   -0.01702
   -0.18892
    0.00442
    0.12861
   -0.09698
   -0.14182
    0.05869
   -0.04628
    0.01507
   -0.17805
    0.15710
   -0.11139
   -0.12362
    0.08769
    0.05464
    0.03711
   -0.00181
   -0.04586
    0.01257
    0.08956
   -0.08126
   -0.08820
    0.04816
    0.01754
   -0.06016
   -0.00426
    0.04391
   -0.04435
   -0.09602
    0.06356
    0.02954
   -0.03606
    0.07228
   -0.07937
    0.05533
   -0.00241
    0.03716
   -0.09197
    0.06055
   -0.06341
    0.01851
   -0.07111
    0.12773
   -0.06408
   -0.06140
    0.06806
    0.00295
    0.00188
   -0.05507
    0.02072
    0.01177
    0.01852
   -0.08747
   -0.01760
    0.05974
   -0.10716
   -0.17443
    0.20836
   -0.05123
   -0.19878
   -0.16527
    0.14586
    0.04151
   -0.07354
    0.01876
   -0.04125
    0.06748
   -0.00698
   -0.03175
   -0.02666
    0.06036
   -0.17233
   -0.06039
   -0.00241
    0.17935
   -0.17920
   -0.13023
    0.06863
    0.08085
   -0.00527
    0.11809
   -0.15926
    0.03448
    0.06629
   -0.09536
   -0.03310
    0.02346
   -0.02843
    0.05295
   -0.11047
    0.05821
   -0.21267
   -0.14143
    0.24989
   -0.05820
   -0.09513
    0.13416
   -0.14513
    0.08178
   -0.04824
    0.04854
   -0.11250
    0.07792
   -0.13039
    0.05193
   -0.15127
    0.15811
   -0.22271
   -0.06275
    0.21603
   -0.11234
   -0.03086
   -0.03701
    0.00360
    0.04941
   -0.02636
   -0.24137
    0.20130
   -0.05246
   -0.13767
   -0.05463
    0.00131
    0.13953
   -0.44577
   -0.46856
    0.32990
   -0.39661
   -0.07531
    0.08671
   -0.16507
    0.07811
    0.02794
   -0.05657
   -0.07105
    0.06305
   -0.21812
   -0.01981
   -0.18392
    0.25340
   -0.19055
   -0.12202
    0.13287
    0.02682
   -0.00599
    0.13200
   -0.09429
   -0.01896
    0.05322
    0.01669
   -0.05359
   -0.03957
    0.00750
    0.05485
   -0.06946
   -0.00631
   -0.14122
    0.06925
    0.08749
    0.03730
   -0.14084
    0.21553
   -0.24647
    0.06755
   -0.01617
    0.06164
   -0.14801
    0.04938
   -0.13107
    0.09713
   -0.21055
    0.15803
   -0.09467
    0.05104
    0.00027
    0.02676
    0.00860
    0.03777
   -0.02180
   -0.01796
    0.03016
   -0.04816
   -0.04489
    0.02838
    0.03375
   -0.02272
    0.00632
   -0.02312
   -0.13973
   -0.00438
    0.09863
    0.04356
   -0.13796
    0.11741
   -0.14769
    0.08486
   -0.00176
   -0.03203
   -0.09997
    0.08049
   -0.16854
    0.00347
   -0.25057
    0.23438
   -0.18299
    0.02111
    0.04152
    0.08507
   -0.02524
    0.09764
   -0.18207
    0.07648
    0.06101
   -0.08319
   -0.14203
    0.10160
   -0.03478
    0.01114
   -0.07829
    0.08595
   -0.09455
   -0.01541
    0.00534
    0.06775
   -0.07125
    0.12570
   -0.24387
    0.10192
   -0.15241
    0.09051
   -0.24189
    0.15176
   -0.09746
    0.05351
   -0.22100
    0.15487
   -0.14672
    0.03261
   -0.09978
    0.07420
   -0.03494
    0.03606
   -0.08729
    0.07704
    0.00096
   -0.05280
   -0.08226
    0.10457
   -0.03103
   -0.02717
   -0.02892
    0.08426
   -0.20234
   -0.08693
    0.10522
    0.10936
    0.04369
    0.00285
   -0.24146
    0.07937
   -0.07489
   -0.11984
   -0.24964
    0.23150
   -0.16944
   -0.05348
   -0.32340
    0.30820
   -0.12413
   -0.05061
   -0.04289
    0.12102
    0.00184
    0.06817
   -0.15264
    0.08701
    0.02421
   -0.00503
   -0.13889
    0.09538
   -0.02429
   -0.02456
   -0.13147
    0.16347
   -0.09577
   -0.06662
    0.04482
    0.06785
   -0.14294
    0.15753
   -0.25869
    0.15465
   -0.05304
    0.02024
   -0.18335
    0.16123
   -0.28216
   -0.05069
   -0.38033
    0.35984
   -0.12057
   -0.03401
   -0.01456
    0.09631
   -0.04298
    0.02350
   -0.06071
    0.07425
   -0.01282
   -0.10500
   -0.05278
    0.12574
   -0.08896
   -0.06761
    0.01273
    0.12259
   -0.25546
   -0.13622
    0.09155
    0.11774
   -0.21168
    0.03024
   -0.31915
    0.21408
   -0.12528
   -0.11968
   -0.19504
    0.26787
   -0.58277
   -0.19576
   -0.59744
    0.35800
   -0.25718
   -0.12447
    0.03024
    0.13182
   -0.07036
    0.16570
   -0.08659
    0.00707
    0.02750
   -0.05748
   -0.10870
    0.06752
   -0.02152
    0.04177
   -0.10135
    0.04762
   -0.19873
    0.02029
    0.08202
    0.07530
   -0.09593
    0.15791
   -0.19707
    0.07566
   -0.11533
    0.10134
   -0.19444
    0.09666
   -0.11823
    0.07606
   -0.19677
    0.14926
   -0.11231
    0.04114
   -0.06839
    0.04963
   -0.02384
    0.06208
   -0.10048
    0.04361
   -0.01385
   -0.09128
   -0.05544
    0.10025
   -0.06790
   -0.02140
   -0.04239
    0.10777
   -0.28129
   -0.16426
    0.12477
    0.11382
   -0.14709
    0.10937
   -0.17655
    0.09358
   -0.05354
   -0.03038
   -0.10691
    0.10591
   -0.19143
    0.02554
   -0.19567
    0.22227
   -0.26918
   -0.07718
   -0.06759
    0.16294
