IntronPotTab 1 1024 0.60435
    0.00679
   -0.00455
   -0.03768
    0.01361
    0.00653
   -0.03191
    0.05127
   -0.00650
    0.00869
    0.04671
   -0.04489
   -0.02106
    0.02206
   -0.00109
    0.03175
   -0.03560
    0.03288
   -0.02104
   -0.04241
   -0.02305
    0.00474
   -0.00105
    0.07363
   -0.04059
    0.02754
    0.06362
    0.00466
   -0.08545
    0.06126
    0.03390
    0.00079
   -0.07346
    0.00730
    0.05165
   -0.04634
   -0.00491
    0.01953
   -0.01625
    0.10897
   -0.05167
    0.01063
    0.08230
   -0.00685
   -0.05696
    0.00172
    0.05639
    0.05505
   -0.05513
    0.06553
    0.00817
   -0.08553
   -0.06757
    0.04529
   -0.01618
    0.02406
   -0.07624
    0.04777
    0.03154
   -0.05666
   -0.06333
    0.02792
    0.03622
   -0.01509
   -0.03088
   -0.05474
    0.08900
   -0.12250
    0.03963
    0.01336
   -0.04769
    0.01251
    0.02204
   -0.04272
    0.09174
   -0.08318
   -0.00103
    0.00380
    0.01904
   -0.01717
   -0.00853
    0.02023
    0.05864
   -0.07936
   -0.02337
   -0.03779
    0.08957
    0.02793
   -0.02128
   -0.00760
    0.12043
   -0.07728
   -0.01961
    0.01236
    0.06786
   -0.04392
   -0.02903
    0.00041
    0.04532
   -0.07642
    0.01125
    0.03240
    0.00492
   -0.02957
   -0.02333
    0.02792
    0.09501
   -0.03830
   -0.07682
   -0.00972
    0.05972
    0.00195
   -0.02651
    0.13723
   -0.00103
   -0.14197
   -0.11804
    0.02608
    0.04320
    0.00586
   -0.06581
    0.02559
    0.07678
   -0.11590
   -0.01155
    0.05072
    0.04593
   -0.06863
   -0.01315
    0.01796
    0.03805
   -0.04419
   -0.00954
   -0.00536
   -0.00175
    0.05239
   -0.01713
   -0.00498
    0.06371
   -0.03996
   -0.01291
    0.00556
    0.04843
    0.03466
   -0.05860
    0.04877
   -0.00919
   -0.02750
   -0.04698
   -0.00837
    0.02341
    0.10747
   -0.06734
   -0.02495
    0.05390
    0.10003
   -0.09167
   -0.01991
    0.07181
    0.02595
   -0.05498
    0.01940
    0.05405
   -0.03709
   -0.02101
   -0.02720
    0.04802
    0.04579
   -0.01155
   -0.01984
    0.06040
    0.04924
   -0.04642
   -0.05576
    0.09740
    0.00206
   -0.00242
    0.04581
    0.05995
   -0.05188
   -0.05093
    0.01013
    0.03584
    0.03170
   -0.04765
    0.01181
    0.05973
   -0.03134
   -0.02768
    0.02500
    0.08033
   -0.06010
   -0.01123
   -0.09910
    0.05595
   -0.15020
    0.09356
   -0.03263
   -0.07466
   -0.02975
    0.07743
   -0.01990
    0.06130
   -0.07635
    0.00917
   -0.00644
    0.01727
   -0.04889
    0.01477
    0.01721
    0.04622
   -0.03534
   -0.02942
   -0.01721
    0.02942
    0.09972
   -0.02811
    0.00596
    0.06162
    0.02568
   -0.05377
    0.03610
    0.05700
    0.00501
   -0.05732
   -0.00916
    0.06910
   -0.06320
    0.00783
   -0.00060
   -0.00903
    0.07248
   -0.01217
    0.00316
    0.05886
   -0.01728
   -0.02548
   -0.02136
    0.03130
    0.01790
   -0.00817
    0.01822
    0.07574
   -0.06824
   -0.02219
    0.01100
    0.01563
    0.03810
   -0.03826
    0.01548
    0.09269
   -0.04440
   -0.04764
   -0.00395
    0.02818
   -0.04745
    0.01544
    0.01955
    0.03544
   -0.06678
   -0.00911
    0.05193
   -0.03588
    0.01537
   -0.06982
   -0.01546
    0.08892
   -0.02651
   -0.02372
    0.03318
    0.03405
   -0.01419
   -0.03788
    0.00212
    0.01363
    0.00213
   -0.01376
   -0.00776
    0.02870
    0.10559
   -0.04812
    0.01705
    0.04501
    0.04333
   -0.06979
    0.02886
    0.01123
   -0.01543
   -0.01930
   -0.02125
    0.06103
   -0.05022
    0.02324
    0.01804
   -0.00376
    0.08460
   -0.05460
   -0.02480
    0.14904
    0.00152
   -0.06412
   -0.05207
    0.07482
    0.02689
   -0.01394
   -0.01454
    0.06805
   -0.07257
    0.00509
   -0.00494
    0.04084
    0.03796
   -0.02915
    0.03586
    0.07741
   -0.04980
   -0.06335
   -0.04972
    0.06434
   -0.01729
    0.01313
   -0.01617
    0.02213
   -0.06531
    0.03139
    0.02781
   -0.04811
    0.00504
    0.01487
   -0.06506
    0.05960
   -0.04339
    0.03135
   -0.00112
    0.03723
   -0.01988
   -0.01749
    0.00188
    0.08155
   -0.01929
   -0.04416
   -0.05430
    0.05607
    0.03163
    0.03596
   -0.04448
    0.10933
   -0.01266
   -0.02667
    0.05297
    0.00572
   -0.03108
   -0.01541
   -0.03543
    0.08710
   -0.15035
    0.05595
    0.00285
   -0.00550
   -0.06139
    0.01871
    0.02914
    0.03087
   -0.02818
   -0.03363
   -0.06632
   -0.00920
    0.10484
   -0.00789
   -0.07669
    0.08479
   -0.02917
    0.03776
    0.04315
   -0.00074
   -0.03473
   -0.03263
   -0.07703
    0.09468
   -0.08754
    0.05668
    0.01180
    0.02206
   -0.04529
    0.00162
    0.01013
    0.05133
   -0.04482
   -0.01013
    0.01119
   -0.00397
   -0.00628
   -0.00659
   -0.00421
    0.09899
   -0.10160
   -0.01173
   -0.02282
    0.06302
    0.00421
   -0.01916
    0.02800
   -0.01639
   -0.01427
   -0.01835
   -0.04666
    0.02360
    0.13809
   -0.05416
    0.01291
    0.02331
    0.03207
   -0.04623
   -0.00773
    0.04563
    0.01467
   -0.03671
    0.00419
   -0.01459
   -0.03994
    0.02147
   -0.03444
    0.07702
    0.00957
   -0.00787
    0.00283
    0.03236
   -0.00338
   -0.02190
   -0.10710
    0.11746
    0.02086
    0.00731
   -0.02139
    0.10358
   -0.00769
   -0.03311
    0.00689
    0.02747
    0.00425
   -0.02625
    0.00220
    0.06779
   -0.02591
   -0.04018
   -0.04747
    0.08011
   -0.00105
   -0.01032
   -0.12529
    0.27959
   -0.14087
   -0.01998
    0.00247
   -0.08443
    0.03416
    0.03274
   -0.01893
    0.01896
   -0.01520
    0.01476
    0.00186
   -0.02931
    0.00365
    0.01336
   -0.00690
    0.03637
    0.02572
   -0.02152
   -0.03781
    0.02515
    0.12071
    0.00590
    0.00845
   -0.00305
    0.03035
   -0.02422
   -0.02445
    0.06450
    0.03139
   -0.03515
   -0.02552
    0.10587
   -0.05496
    0.00932
   -0.03034
    0.05463
    0.08874
   -0.01863
   -0.03773
    0.11000
   -0.06638
    0.00600
   -0.07893
    0.04870
    0.05148
   -0.00516
   -0.00607
    0.06249
   -0.06206
   -0.00455
   -0.00808
    0.02582
    0.04569
   -0.01444
   -0.01520
    0.13109
   -0.06714
   -0.01709
   -0.02568
   -0.00478
   -0.01821
    0.02785
    0.01211
   -0.01094
   -0.02672
    0.00473
    0.00879
   -0.05227
    0.08737
   -0.01272
    0.00917
    0.05660
   -0.05810
   -0.02804
    0.01526
    0.02537
    0.04446
   -0.04869
    0.01927
    0.04693
   -0.01193
   -0.04908
   -0.02595
    0.03348
    0.09671
   -0.02247
    0.01488
    0.05156
    0.03588
   -0.08987
    0.04272
    0.01066
    0.00858
   -0.04184
    0.00674
    0.07729
   -0.01817
   -0.03266
    0.00222
   -0.02291
    0.13032
   -0.03304
    0.00352
    0.10109
   -0.00011
   -0.06379
    0.01008
    0.04474
    0.05281
   -0.05433
    0.00252
    0.05270
   -0.03483
   -0.01018
    0.03277
   -0.04739
    0.06071
   -0.03957
    0.04797
    0.01624
   -0.06926
   -0.05895
   -0.00240
    0.03473
   -0.00756
   -0.01261
   -0.00983
    0.05624
   -0.07719
    0.00759
    0.04729
   -0.07292
    0.00884
    0.01124
   -0.02120
    0.07415
   -0.09845
   -0.01764
   -0.00785
    0.02038
    0.01676
   -0.01730
    0.01993
    0.06586
   -0.01482
   -0.05810
   -0.02320
    0.09591
    0.06770
   -0.06907
   -0.06612
    0.10802
   -0.04845
    0.01193
    0.02972
    0.01357
    0.00482
   -0.02640
    0.01153
    0.02606
   -0.03809
   -0.00170
    0.01154
    0.00007
   -0.01415
   -0.00457
    0.00071
    0.08003
   -0.03413
   -0.05563
   -0.04585
    0.06443
   -0.02593
   -0.00536
   -0.02903
    0.11855
   -0.04625
   -0.02540
    0.02967
    0.00807
   -0.01861
   -0.03065
   -0.00750
    0.09182
   -0.05993
   -0.04795
    0.03276
    0.02485
   -0.05292
   -0.00366
    0.02196
    0.01925
   -0.03451
   -0.01625
    0.01029
   -0.04066
    0.03357
   -0.00159
    0.00407
    0.10258
   -0.04014
   -0.06202
   -0.02483
    0.02199
    0.02361
   -0.01008
    0.03944
    0.00212
   -0.01091
   -0.05737
   -0.03150
    0.00534
    0.17541
   -0.06794
   -0.07654
    0.09371
    0.08937
   -0.04662
    0.01403
    0.00858
    0.03367
   -0.04466
   -0.00866
    0.11518
   -0.02752
   -0.02102
   -0.03035
    0.01294
   -0.00224
    0.02303
   -0.04417
    0.10389
    0.02138
   -0.02707
   -0.10682
    0.06405
    0.02357
    0.01970
   -0.01281
    0.01386
    0.02609
   -0.00721
    0.01163
   -0.03043
    0.10336
   -0.04190
    0.02163
    0.07288
   -0.03948
   -0.04388
    0.01313
    0.02707
   -0.02939
   -0.00130
   -0.04194
    0.02510
   -0.05843
    0.04896
    0.01079
   -0.06203
    0.03067
    0.01556
   -0.02149
    0.06371
   -0.01327
   -0.01480
    0.01434
    0.01553
   -0.02736
   -0.00701
   -0.00779
    0.06842
    0.01705
   -0.03437
   -0.04525
    0.04539
    0.13420
   -0.01563
   -0.04594
    0.09732
    0.08377
   -0.04264
   -0.01553
    0.03354
    0.05618
   -0.04082
   -0.01934
    0.08731
    0.01043
   -0.01835
   -0.03228
    0.02436
    0.08882
   -0.00977
    0.00594
    0.13778
   -0.01985
   -0.05920
   -0.06222
    0.04639
    0.05897
   -0.01599
    0.01088
    0.08610
    0.02155
   -0.05933
    0.01476
   -0.00096
    0.07917
   -0.04599
   -0.00398
    0.14523
   -0.00348
   -0.08355
   -0.01150
    0.02409
   -0.01773
    0.00397
    0.01547
    0.02920
   -0.06028
    0.00025
    0.07470
   -0.08196
   -0.02521
   -0.05950
   -0.02927
    0.08130
    0.00358
   -0.01174
    0.11798
   -0.05465
   -0.03054
   -0.10171
    0.00726
    0.03365
   -0.04063
   -0.00671
   -0.02396
    0.04690
    0.08016
   -0.01894
   -0.00973
    0.07231
   -0.01510
   -0.01674
    0.15318
   -0.08203
   -0.05182
   -0.09576
    0.03578
    0.02790
   -0.05869
   -0.01935
    0.02017
    0.02395
    0.06209
   -0.05375
   -0.00028
    0.07648
    0.04991
   -0.05535
    0.02012
    0.00601
    0.04814
   -0.04511
    0.00050
    0.04383
   -0.06960
    0.00592
    0.01207
   -0.02800
   -0.00047
   -0.00428
    0.02715
    0.04599
   -0.07257
   -0.01160
   -0.04483
    0.03455
   -0.02231
    0.03095
    0.01581
    0.01122
   -0.05208
   -0.00189
    0.07145
   -0.08276
    0.03412
   -0.01627
   -0.01256
    0.05752
   -0.06011
   -0.00610
    0.03880
   -0.03802
   -0.00104
    0.00735
   -0.02606
    0.06766
   -0.01637
    0.00956
   -0.03839
    0.04000
   -0.02293
    0.03872
   -0.04184
    0.13427
   -0.11991
    0.03033
    0.02882
    0.00990
   -0.03397
   -0.00371
    0.01504
    0.02666
   -0.06458
    0.00091
    0.07882
   -0.04349
    0.07973
   -0.06006
   -0.02263
    0.04443
   -0.01173
   -0.00278
   -0.01429
   -0.01488
    0.03855
    0.00189
   -0.00686
    0.09092
   -0.10024
   -0.00003
    0.03293
   -0.00768
    0.01515
   -0.03321
   -0.01474
    0.08861
   -0.12099
    0.02435
    0.03981
   -0.01079
   -0.06510
    0.02109
    0.01286
    0.01645
   -0.04362
    0.00499
    0.03886
   -0.06632
    0.04569
   -0.03628
    0.00586
    0.04197
   -0.02570
   -0.01910
    0.00370
    0.01913
    0.01473
   -0.02241
    0.01331
    0.01774
   -0.00115
   -0.03021
   -0.01764
   -0.01684
    0.14652
   -0.04996
   -0.02913
    0.05361
    0.05002
   -0.04385
   -0.00896
    0.03435
    0.00059
   -0.01308
   -0.01101
    0.05504
   -0.04573
    0.02062
   -0.02634
   -0.00736
    0.07611
    0.00102
   -0.03638
    0.10407
    0.02545
   -0.03481
   -0.04389
    0.06672
    0.00593
   -0.00021
   -0.04922
    0.10431
   -0.04384
    0.02374
    0.02213
    0.01096
    0.02832
   -0.04217
    0.00416
    0.07720
   -0.05062
   -0.01391
   -0.01734
    0.04566
   -0.07086
    0.04270
   -0.02408
    0.01726
   -0.02098
    0.02441
    0.01034
   -0.13274
   -0.03595
    0.06983
    0.00085
    0.00024
   -0.01398
    0.00489
    0.00344
   -0.01649
    0.01236
    0.00236
    0.00326
    0.04737
   -0.04102
   -0.00545
   -0.01769
   -0.00659
    0.10685
   -0.00573
   -0.02235
    0.09124
    0.02613
   -0.03406
    0.03740
    0.03499
    0.00083
   -0.03599
    0.00630
    0.07243
   -0.07451
   -0.00083
   -0.00713
    0.00784
    0.11259
   -0.02290
   -0.02927
    0.10683
   -0.02369
   -0.00960
   -0.06084
    0.07558
    0.03842
   -0.01211
   -0.00659
    0.09009
   -0.10715
    0.00836
    0.00698
    0.00435
    0.01252
   -0.01421
   -0.02211
    0.10949
   -0.06177
    0.01141
    0.00060
   -0.02242
   -0.06300
    0.04026
