10 20 4 1 46 -1.7898 1.6789 3.3721 4314
  0.01303   0.03125  -0.04678  -0.00724   0.00959   0.02224  -0.00101  -0.02197   0.02848  -0.04695  -0.03359  -0.00110   0.05176  -0.01148   0.01774  -0.08328   0.06749  -0.01807   0.06086  -0.07974 
  0.03627  -0.01058   0.02072  -0.04572   0.02759   0.03405  -0.02068  -0.04131   0.00989   0.02506  -0.03372  -0.01627   0.06687  -0.04767  -0.01861  -0.05957  -0.03834   0.10692  -0.04329  -0.01605 
  0.02495   0.04218  -0.03178  -0.03404  -0.00699   0.01032  -0.01835   0.01255   0.01359   0.00655  -0.09925   0.00816   0.03515   0.04449  -0.07572  -0.03297   0.01891   0.04793  -0.04397  -0.01565 
  0.01567   0.02623  -0.05146  -0.00508   0.02362   0.04206   0.02414  -0.06678  -0.01211  -0.00214   0.07286  -0.01009   0.01981  -0.01500   0.01151  -0.02559   0.04941   0.04030   0.04788  -0.09097 
  0.02294   0.02455   0.03470  -0.05876   0.03740  -0.01136  -0.01092  -0.03680   0.04298   0.01204  -0.08815  -0.03785   0.05156   0.00474   0.02371  -0.09944  -0.02530   0.08498  -0.00501  -0.03021 
  0.03711   0.02623  -0.01480  -0.04775  -0.00988   0.03321  -0.03233   0.01169   0.01060  -0.02158  -0.04016   0.01075   0.07934  -0.03942  -0.05960  -0.05976   0.03527   0.03091  -0.05063  -0.01401 
  0.02752   0.00792  -0.04945  -0.00879  -0.00878  -0.01190   0.02880   0.00017  -0.00862  -0.00327   0.00101   0.01176   0.04474   0.02998   0.05488  -0.13458   0.06115   0.00677   0.07557  -0.10072 
  0.01889   0.00145   0.04717  -0.04809   0.01817   0.05321  -0.03084  -0.03374   0.01268   0.02894   0.03446  -0.04635   0.07709  -0.02089   0.03130  -0.13687   0.00978   0.07278  -0.00702  -0.04491 
  0.03431   0.04002  -0.00504  -0.05841  -0.00101   0.00096  -0.00471   0.00318   0.01443   0.03487  -0.12381  -0.00303   0.01635   0.05409  -0.06146  -0.02031   0.01304   0.04491  -0.02690  -0.01869 
  0.01626   0.02791  -0.04150  -0.01128   0.00170   0.06457  -0.02070  -0.02422   0.01305   0.02972   0.01834  -0.04122   0.04488  -0.00082   0.01957  -0.08018   0.06929   0.02673   0.01543  -0.07669 
  0.02980   0.03401   0.00154  -0.05288   0.02411   0.06799  -0.05523  -0.03776   0.01778   0.02655   0.00191  -0.03976   0.05881  -0.02101   0.00056  -0.07610  -0.04703   0.08512   0.01129  -0.02618 
  0.02294   0.04915  -0.01976  -0.04235   0.00429   0.02371  -0.05428   0.01013   0.03357  -0.01565  -0.11274  -0.00210   0.05256  -0.01867  -0.02019  -0.05233   0.03250   0.08641  -0.06368  -0.03966 
  0.03178   0.03014  -0.06440  -0.01884   0.01634   0.02778   0.00125  -0.03487   0.03221  -0.02549  -0.09373   0.00001   0.05476   0.04493   0.02445  -0.13922   0.05263  -0.02037   0.04631  -0.05535 
  0.03739   0.00204   0.00920  -0.04741   0.02224   0.00361  -0.01649  -0.02064   0.03202  -0.02123  -0.01596  -0.02497   0.06634   0.02699  -0.04548  -0.09126   0.02289   0.05660   0.01242  -0.05583 
  0.03906   0.01832  -0.01418  -0.04572  -0.00425   0.06039  -0.02525  -0.01226   0.04663  -0.01036  -0.13059  -0.01849   0.08836   0.01288  -0.02946  -0.13608   0.02659   0.03718  -0.04701  -0.01323 
  0.03683   0.02902  -0.04878  -0.03142   0.02983   0.04915   0.00634  -0.06892   0.04743  -0.06245   0.02230  -0.03854   0.01365   0.03667   0.01973  -0.05662   0.03955   0.01957   0.07559  -0.08981 
  0.03767   0.01488   0.03249  -0.06970   0.04002  -0.00048  -0.04962  -0.02556   0.05904  -0.04831  -0.02880  -0.04567   0.05903   0.05302  -0.03039  -0.10953   0.01860   0.02873  -0.01561  -0.01927 
  0.05245   0.00675  -0.03694  -0.04336  -0.00725   0.07117  -0.08978   0.01482   0.00298   0.00448  -0.05739   0.01116   0.05605   0.05649  -0.07924  -0.07382  -0.00919   0.03972   0.00010  -0.01559 
  0.01155   0.04272  -0.05415  -0.00879   0.00874   0.01204   0.04639  -0.04364   0.04862  -0.03477   0.01363  -0.05224   0.05431  -0.02489   0.03573  -0.09317   0.06680   0.00515   0.05568  -0.08931 
  0.04100  -0.00513   0.04071  -0.06721   0.02776   0.01856  -0.01486  -0.03642   0.05423   0.01636  -0.04551  -0.07163   0.06623   0.00516  -0.01583  -0.09586  -0.01067   0.08110  -0.03308  -0.02177 
  0.04210   0.03235  -0.02794  -0.05048   0.00236   0.01927  -0.03188   0.00411   0.02077  -0.07677  -0.08942   0.03730   0.05167  -0.00280  -0.02698  -0.05665   0.00225   0.02688   0.00722  -0.01985 
  0.02207  -0.00213  -0.02858  -0.00755   0.00745  -0.01049   0.00407  -0.00625   0.03479  -0.06515   0.04324  -0.02669   0.06733   0.02371  -0.01506  -0.11290   0.07882  -0.01267   0.04760  -0.08344 
  0.04210  -0.01610   0.02185  -0.05048   0.03965   0.02107  -0.00907  -0.05795   0.02877   0.00386  -0.00373  -0.03916   0.04823   0.07231  -0.03332  -0.10391  -0.03358   0.06281   0.03157  -0.03252 
  0.03121   0.03784  -0.00024  -0.05598   0.00058   0.01168  -0.06855   0.02608   0.00992  -0.00125  -0.06973   0.00920   0.05351   0.02317  -0.07019  -0.05019   0.01345   0.02204   0.03391  -0.04109 
  0.02294   0.01142  -0.03629  -0.01190   0.02591  -0.01136  -0.00204  -0.02603   0.01563  -0.06332   0.00305   0.01179   0.04603   0.02418   0.03504  -0.11397   0.05855   0.02891   0.05471  -0.09655 
  0.03683  -0.00093   0.02524  -0.05460   0.05820  -0.02728   0.01787  -0.07727  -0.00279  -0.00788   0.04204  -0.00670   0.06366  -0.00569   0.01213  -0.10479  -0.03102   0.10874   0.02125  -0.05913 
  0.03739   0.02511   0.01729  -0.06614  -0.00333   0.02758  -0.04369   0.01226  -0.00953   0.03544  -0.07575   0.01357   0.05279  -0.01153  -0.02533  -0.05386  -0.00716   0.09084  -0.01006  -0.04336 
  0.01450   0.04002  -0.03759  -0.01821  -0.01083   0.06805   0.03199  -0.04043   0.03895  -0.05572   0.01633  -0.02745   0.04890  -0.00084  -0.04893  -0.03946   0.02634   0.04744   0.05964  -0.08504 
  0.02236   0.02735   0.02468  -0.05357   0.05804  -0.05115  -0.00147  -0.05341   0.01361  -0.01287  -0.03545   0.00107   0.06946   0.00493   0.01269  -0.12478  -0.00043   0.09763   0.00188  -0.06016 
  0.04676   0.01660  -0.00625  -0.05876   0.01850   0.03059  -0.05120  -0.01192  -0.00248   0.03214  -0.13630   0.02208   0.04054   0.04243   0.01825  -0.10451   0.02324   0.08040  -0.03210  -0.04552 
  0.02695   0.04541  -0.04480  -0.03174   0.03971  -0.02356   0.00092  -0.04082   0.00637  -0.02132  -0.00430   0.00494   0.06699  -0.00542  -0.02171  -0.08526   0.04737  -0.00220   0.08936  -0.09382 
  0.04375  -0.01487   0.02636  -0.05598   0.04800   0.00848  -0.03897  -0.04685   0.05032  -0.02955  -0.02943  -0.04249   0.11104  -0.01711  -0.02761  -0.16496  -0.03593   0.09121   0.04335  -0.05775 
  0.05299   0.02286  -0.00806  -0.06970   0.02128   0.02436  -0.05004  -0.01286   0.03026   0.02588   0.01825  -0.06368   0.08361  -0.01889  -0.02098  -0.10812   0.00986   0.05453   0.04122  -0.06357 
  0.04183   0.02286  -0.01050  -0.05391   0.02204   0.01773   0.04120  -0.06168   0.05862   0.01985  -0.07993  -0.06981   0.02495   0.01975   0.01593  -0.05912   0.02530   0.04537   0.08280  -0.10099 
  0.03822   0.02399   0.03525  -0.07800   0.05022   0.01585   0.03557  -0.10026   0.00164   0.04236   0.02226  -0.03539   0.08291   0.02630  -0.00097  -0.15970  -0.02515   0.10421   0.03139  -0.06652 
  0.04348   0.04755   0.01958  -0.09056   0.02666   0.03735  -0.08688  -0.00952   0.03517   0.00417  -0.05564  -0.03141   0.05732   0.01333  -0.02421  -0.07950  -0.03255   0.08367   0.03028  -0.04605 
  0.03571   0.03675  -0.03889  -0.03968   0.04334  -0.02211   0.02061  -0.05859   0.03078  -0.01904   0.04386  -0.04626   0.05020  -0.02756   0.02047  -0.07187   0.05157  -0.01571   0.07558  -0.07832 
  0.04921  -0.02295   0.03853  -0.06614   0.04320   0.01576   0.00223  -0.06706   0.03268   0.05334  -0.08203  -0.05161   0.06841  -0.01225   0.05373  -0.14660  -0.04854   0.10434   0.00759  -0.03607 
  0.03767   0.04272   0.00450  -0.07006  -0.00211   0.01271  -0.04025   0.01625   0.01831   0.05682  -0.03379  -0.04848   0.02979   0.06619  -0.02643  -0.07168  -0.00782   0.06966  -0.00615  -0.03112 
  0.01655   0.04541  -0.03242  -0.02621   0.01600   0.04482   0.02494  -0.05804   0.04348  -0.04409  -0.06524  -0.01354   0.00766   0.01295   0.04443  -0.04965   0.05762   0.01767   0.07582  -0.10484 
  0.03431   0.01257   0.03359  -0.06473   0.05876   0.06014  -0.02771  -0.10081   0.02564   0.02402  -0.02650  -0.03942   0.05134   0.05770   0.00989  -0.13107  -0.03036   0.06271   0.02645  -0.03132 
  0.04210   0.05021  -0.00564  -0.07473   0.01396  -0.00875  -0.05978   0.01603   0.00689   0.03581  -0.01430  -0.02526   0.03392   0.05785  -0.01983  -0.07642   0.00295   0.09943  -0.05510  -0.03163 
  0.02380   0.04326  -0.05347  -0.02267  -0.00041   0.06897   0.03252  -0.05485   0.03946  -0.02555   0.01309  -0.04344   0.03551  -0.02984   0.09696  -0.11181   0.03332   0.02709   0.07763  -0.09106 
  0.02581   0.02116   0.05354  -0.07257   0.04915   0.01896   0.00893  -0.08235   0.04378   0.02457   0.00416  -0.07852   0.07314   0.06017  -0.03828  -0.13813   0.02862   0.05067  -0.01458  -0.04010 
  0.05834   0.03456  -0.01418  -0.08092   0.03539  -0.01734  -0.08968   0.00647   0.04190  -0.00730  -0.07261  -0.02922   0.05733   0.03373  -0.10640  -0.04335  -0.02878   0.06908   0.00651  -0.02440 
  0.03961   0.01603  -0.06371  -0.02011   0.08082  -0.01405  -0.01872  -0.09944   0.06545  -0.01806   0.00929  -0.08840   0.09800  -0.06013  -0.03108  -0.10158   0.07248   0.03244   0.07508  -0.12899 
  0.08160  -0.00633   0.01729  -0.10816   0.11449  -0.00077  -0.01566  -0.17820   0.08405  -0.01992   0.00399  -0.11937   0.13287  -0.02940   0.07224  -0.33479   0.09037   0.07072  -0.01359  -0.10806 
  0.12081   0.00558  -0.00144  -0.17152   0.03457  -0.02635  -0.09466   0.01340   0.05676   0.03101  -0.17269  -0.04843   0.06737   0.06910  -0.04594  -0.12862   0.00737   0.04461   0.01218  -0.03671 
  0.05993   0.00851  -0.07207  -0.03635   0.04224  -0.23257   0.26019  -0.19148   0.06921  -0.18658   0.07210  -0.03535   0.05242  -0.14047   0.15612  -0.13828  -0.00477  -0.26017   0.33698  -0.22071 
  0.04485  -0.22251   0.25651  -0.16436  -1.86160  -3.63498   0.78109  -3.63498  -1.45657  -3.63498   0.97381  -3.63498  -1.77709  -3.63498   0.74780  -3.63498  -1.66177  -3.63498   0.69374  -3.63498 
 -1.71861  -3.63498   0.76970  -3.63498  -3.63498  -3.63498  -3.63498   0.49976  -3.63498  -3.63498  -3.63498  -3.63498  -3.63498  -1.53188  -3.63498   0.54255  -3.63498  -3.63498  -3.63498  -3.63498 
 -3.63498  -1.53746  -3.63498   0.47840  -3.63498  -3.63498  -3.63498  -3.63498  -0.01615  -0.09463  -0.04127   0.07267  -3.63498  -3.63498  -3.63498  -3.63498   0.33363  -0.22102  -0.11516  -0.22799 
  0.18820  -0.17282  -0.03954  -0.17470   0.04463  -0.21034  -0.55118   0.15334   0.05123  -0.06467  -0.02904  -0.02519   0.13627  -0.06582  -0.01921  -0.19882   0.02527  -0.01987   0.02825  -0.02310 
  0.07679  -0.12983  -0.19207   0.04954  -0.19214  -0.27170   0.46355  -0.19177  -0.08469  -0.07964   0.40801  -0.09523   0.06355   0.01828   0.06704  -0.17605  -0.26952  -0.23908   0.45875  -0.30511 
 -0.15993  -0.19183   0.43532  -0.21421   0.04245   0.00251  -0.02430  -0.04357   0.05401  -0.10779  -0.01002  -0.01500  -0.50873  -0.39579  -0.55134   0.43020   0.08252  -0.06664   0.11774  -0.11324 
 -0.11612  -0.17727  -0.13724   0.18888   0.09231  -0.00128  -0.00767  -0.13603   0.03109   0.01894  -0.09303  -0.02366   0.09683   0.09099   0.00316  -0.27176   0.15932  -0.15513  -0.08963  -0.01294 
  0.07806  -0.05014  -0.03370  -0.04741  -0.07439   0.01639  -0.15098   0.12086   0.00336   0.02389  -0.06214   0.00112   0.05281   0.00675  -0.16960   0.01056   0.02694  -0.05027  -0.09904   0.05110 
 -0.00873  -0.01119  -0.12674   0.06527  -0.00657  -0.02679  -0.06638   0.04886   0.02092  -0.04834   0.02566  -0.00980   0.08098  -0.01640  -0.05563  -0.08023   0.06111   0.03858  -0.06112  -0.03261 
  0.02236   0.00322  -0.04811  -0.00140   0.03370   0.02801  -0.05769  -0.02740   0.01236   0.12717  -0.06682  -0.08441   0.08980  -0.00211   0.03319  -0.18308   0.02194   0.06259  -0.02387  -0.03744 
  0.03711   0.05495  -0.03050  -0.05737  -0.01295   0.06399  -0.12785   0.03912  -0.00184   0.03106  -0.18220   0.03166   0.01755   0.09204  -0.12226  -0.01759   0.01906   0.05373  -0.08277  -0.00064 
  0.00948   0.05548  -0.12435   0.01508   0.00219   0.06962  -0.05698  -0.00968  -0.00369  -0.03138  -0.08130   0.04308   0.01493   0.02795   0.01254  -0.04709   0.05944  -0.03869  -0.03875  -0.00179 
  0.01626   0.00617  -0.04612   0.00256   0.01173   0.05050  -0.07417  -0.00322  -0.02534   0.05729  -0.04422   0.00997   0.04950  -0.02033  -0.02431  -0.04359  -0.00332   0.04873  -0.05595   0.00435 
  0.00739   0.04056  -0.05618  -0.00231  -0.01352   0.03550  -0.17232   0.06722  -0.02208   0.05363  -0.18331   0.04150   0.01220   0.06889  -0.13133   0.01042   0.01545   0.06908  -0.09607  -0.00136 
 -0.00319   0.05653  -0.13888   0.03181  -0.01296   0.02081  -0.02421   0.01716   0.00582   0.04035   0.03802  -0.04575   0.04577   0.00550   0.03990  -0.10312   0.02733  -0.02899   0.00963  -0.00911 
  0.00680   0.00617   0.00391  -0.01222   0.04640   0.01482  -0.00752  -0.06553  -0.00989  -0.06187  -0.02600   0.04909   0.06479   0.05143  -0.05504  -0.10139  -0.00425   0.07060  -0.10357   0.01346 
  0.02952   0.02902  -0.05415  -0.02043  -0.00612   0.07488  -0.15086   0.03446  -0.00482   0.03153  -0.21316   0.04062   0.01726   0.10320  -0.08453  -0.04596  -0.05287   0.04816  -0.06857   0.03846 
 -0.00873   0.06017  -0.11727   0.02726   0.01562   0.05725  -0.08429  -0.00712   0.03723  -0.06219  -0.02952  -0.00654   0.04753   0.01641  -0.10802  -0.01562   0.00296  -0.02284   0.02234  -0.00301 
  0.01947   0.00085  -0.03564  -0.00293   0.06296   0.03091  -0.07319  -0.06414  -0.00004   0.03574  -0.02068  -0.01416   0.06844   0.04140   0.01017  -0.15159  -0.02296   0.10931  -0.08608  -0.00655 
  0.03319   0.06275  -0.05822  -0.04336  -0.00367  -0.01356  -0.09961   0.05339  -0.00963   0.01774  -0.11982   0.03433  -0.00587   0.08115  -0.08046   0.00069  -0.02093   0.03482  -0.13380   0.05347 
 -0.00258   0.02173  -0.11883   0.04215   0.02904  -0.00450  -0.00561  -0.03158  -0.03003  -0.01050  -0.01279   0.04318   0.05847   0.09564  -0.11789  -0.08814   0.04724   0.05273  -0.04251  -0.04009 
  0.02092   0.03401  -0.03564  -0.02267   0.04083   0.03131  -0.05624  -0.03977  -0.01266   0.01772  -0.03635   0.01634   0.05475   0.08469  -0.02697  -0.13271  -0.01424   0.07252  -0.06819   0.00306 
  0.02380   0.05074  -0.05754  -0.02524  -0.00506   0.02657  -0.13075   0.04919   0.01679  -0.04941  -0.08263   0.02825   0.04625   0.08382  -0.20297  -0.01702  -0.02442   0.02806  -0.06007   0.02974 
  0.00859   0.02059  -0.11261   0.03010   0.01249   0.04732  -0.04793  -0.01459   0.03650  -0.05766   0.02052  -0.02448   0.05225   0.05435  -0.03071  -0.09774   0.02791  -0.00390   0.00440  -0.01919 
  0.02380   0.01142  -0.01541  -0.02331   0.03511   0.07730  -0.02638  -0.07490   0.00561   0.03732  -0.02534  -0.02093   0.06293   0.10958  -0.07522  -0.13781  -0.02064   0.04952  -0.06016   0.01633 
  0.02581   0.06429  -0.04945  -0.04001   0.00295   0.01708  -0.10978   0.03734  -0.01653   0.02719  -0.19153   0.05158   0.04637   0.04458  -0.12785  -0.02264  -0.00822   0.05390  -0.06028   0.00650 
  0.00978   0.03401  -0.11029   0.02121  -0.00129  -0.00023   0.00582  -0.00142   0.05120  -0.03941  -0.09760  -0.01786  -0.00330   0.11606  -0.01474  -0.07055   0.01020   0.01401  -0.01407  -0.00633 
  0.01096   0.01603  -0.01789  -0.01065   0.05779   0.03941  -0.09943  -0.04825   0.04238  -0.02144  -0.01270  -0.04091   0.05958   0.03060  -0.06051  -0.07181  -0.01252   0.07045  -0.06555   0.00201 
  0.04127   0.03839  -0.07137  -0.03142   0.00539   0.01828  -0.14120   0.04530   0.00937   0.03367  -0.18114   0.01687  -0.00218   0.07713  -0.02761  -0.03138  -0.02404   0.04842  -0.06697   0.02194 
  0.00349   0.03784  -0.10343   0.02266  -0.01127   0.03370  -0.00980   0.00203   0.01528   0.00182  -0.02338  -0.01289   0.01629   0.03283   0.03693  -0.07112   0.07295  -0.01190   0.01045  -0.05353 
  0.01859   0.01142   0.00214  -0.02686   0.05293   0.03363  -0.08288  -0.04554   0.02955   0.01268  -0.10922  -0.01344   0.05256   0.03077   0.00329  -0.10488  -0.01709   0.06652  -0.06775   0.00810 
  0.03711   0.03947  -0.06578  -0.02978  -0.00155   0.07217  -0.13936   0.02686   0.00828   0.03822  -0.15175   0.00923   0.01822   0.08871  -0.06376  -0.04768  -0.01845   0.03260  -0.02533   0.00760 
  0.00470   0.05232  -0.08856   0.00767   0.03534   0.01691   0.02317  -0.06896   0.04266  -0.02823  -0.03240  -0.03088   0.02820   0.02623  -0.09895   0.00142   0.02612   0.02157   0.01980  -0.04118 
  0.03347   0.01200  -0.00444  -0.04068   0.02116   0.07581  -0.07080  -0.03080   0.01787   0.04856  -0.02592  -0.04478   0.07037   0.08702  -0.03185  -0.16391   0.00236   0.07292  -0.01961  -0.03254 
  0.03150   0.06889  -0.04348  -0.05288   0.00928   0.02987  -0.14081   0.03578   0.01755  -0.03539  -0.18116   0.04272   0.01872   0.03500  -0.06834  -0.00695  -0.00403   0.06677  -0.09357   0.01135 
  0.01772   0.02791  -0.12435   0.02179   0.01104   0.04001  -0.00391  -0.03159   0.05976  -0.05062  -0.11170  -0.02076   0.01285   0.10489  -0.04296  -0.06611   0.06655  -0.00946   0.00426  -0.04570 
  0.03403   0.01488  -0.01789  -0.03569   0.04093   0.06872  -0.08984  -0.04493  -0.00662   0.03684  -0.05293   0.00304   0.07542   0.10631  -0.04861  -0.18239   0.01522   0.04487  -0.07228   0.00218 
  0.03739   0.05861  -0.07560  -0.03735  -0.00183   0.02758  -0.11470   0.03964   0.02783  -0.04090  -0.14240   0.02497   0.04047   0.00500  -0.06308  -0.02188   0.01955   0.03533  -0.02468  -0.01881 
  0.02207   0.01142  -0.08203   0.00946   0.01198   0.03383   0.01096  -0.03792   0.05093  -0.05214  -0.10216  -0.00975   0.06742  -0.00128  -0.11068  -0.03415   0.04631  -0.00986   0.00505  -0.02993 
  0.03655  -0.00272  -0.01976  -0.02783   0.06239   0.04772  -0.09236  -0.06350   0.02551   0.03932  -0.05434  -0.04013   0.09258   0.03247  -0.02019  -0.17070   0.04221   0.08903  -0.11862  -0.02278 
  0.06019   0.05600  -0.08638  -0.05911   0.00717   0.06656  -0.09551   0.00296   0.06821   0.00455  -0.13979  -0.05803   0.08654   0.04012  -0.18029  -0.06094   0.05188  -0.03256  -0.04692   0.00482 
  0.05138   0.01545  -0.10268  -0.01631  -0.00252   0.08461  -0.00323  -0.04020   0.03499  -0.02427  -0.03529  -0.02121   0.02913   0.06036  -0.03600  -0.05956   0.07207  -0.05210   0.00054  -0.02612 
  0.03037   0.01373  -0.01295  -0.03339   0.04254   0.06743  -0.05776  -0.06245  -0.00547   0.02593   0.00620  -0.01023   0.04724   0.10712   0.00148  -0.16474   0.04026   0.05502  -0.08439  -0.01539 
  0.03795   0.06017  -0.05213  -0.05048   0.00872   0.10559  -0.15685   0.00306   0.01121  -0.00845  -0.06251   0.00948   0.04742   0.00587  -0.12015  -0.00302   0.03931  -0.01982  -0.10669   0.03342 
  0.02952   0.02623  -0.12834   0.01213   0.00829   0.04609  -0.00512  -0.03068   0.00222  -0.02491  -0.01730   0.01581   0.02511   0.04930  -0.01034  -0.06212   0.07934  -0.01740   0.01106  -0.05636 
  0.02667   0.00967  -0.00263  -0.03240   0.02291   0.13877  -0.09309  -0.06395   0.02159   0.00481  -0.04772  -0.01543   0.09416   0.04207  -0.06387  -0.14762   0.05901   0.05403  -0.01086  -0.06878 
  0.04894   0.06940  -0.05415  -0.06970   0.02534   0.07154  -0.18015   0.01003   0.04452  -0.07821  -0.13299   0.01873   0.05269   0.04204  -0.07089  -0.06204   0.07784   0.01614  -0.12367  -0.00448 
  0.05460   0.01717  -0.14549  -0.00415   0.01761   0.09341  -0.02673  -0.05963   0.00987  -0.02258  -0.06781   0.01981   0.05439   0.05350  -0.09705  -0.05812   0.10488  -0.09152  -0.00538  -0.03201 
  0.04403   0.00381  -0.03370  -0.03306   0.02264   0.11712  -0.07142  -0.05888  -0.02614   0.05964  -0.01774   0.00152   0.07832   0.06661  -0.09133  -0.11655   0.05846   0.06229  -0.08870  -0.03155 
  0.03599   0.07744  -0.07774  -0.04707   0.01503   0.10755  -0.13130  -0.01556   0.03183  -0.04084  -0.06297   0.00001   0.03909   0.01948  -0.01705  -0.05800   0.08323   0.02517  -0.15344  -0.00170 
