12 20 11 1 39 -1.9222 1.3735 2.2509 4312
  0.01851   0.03255  -0.15371   0.02888   0.02173   0.02835  -0.08045  -0.00155   0.00861  -0.06218   0.08010  -0.00740   0.02102   0.06192  -0.08281  -0.02064   0.04259  -0.04553  -0.01564   0.00170 
  0.02083  -0.01099  -0.03350   0.00063   0.05707   0.06536  -0.10460  -0.06001   0.03111   0.02242  -0.13157  -0.01566   0.06949   0.02160  -0.02504  -0.10778  -0.00120   0.06495  -0.06421  -0.00246 
  0.04092   0.05041  -0.07682  -0.03582   0.00521   0.02604  -0.11364   0.03227  -0.02175  -0.00448  -0.06413   0.04539   0.00156   0.05756  -0.16552   0.04498   0.02089   0.04520  -0.13662   0.02487 
  0.00759   0.02867  -0.12974   0.03314   0.01213   0.08706  -0.07598  -0.02325   0.02863  -0.05118  -0.00315  -0.00878   0.04673  -0.03859  -0.02282  -0.02927   0.04267  -0.00219  -0.03786  -0.00792 
  0.02458   0.01451  -0.04459  -0.01139   0.04299   0.06332  -0.08653  -0.04624   0.00990   0.10605   0.01102  -0.09106   0.04657   0.03993   0.01214  -0.10843   0.02473   0.05272  -0.08114  -0.00462 
  0.03451   0.06295  -0.05802  -0.04518   0.00720   0.02886  -0.11383   0.02883  -0.00434   0.07987  -0.08857  -0.01736  -0.00775   0.02747  -0.17275   0.07506   0.03290   0.01664  -0.02903  -0.01544 
  0.01441   0.03311  -0.09425   0.01085   0.03682   0.05965  -0.07212  -0.04218  -0.02170   0.00060  -0.01298   0.02881  -0.02548   0.07126   0.01605  -0.02448   0.06496   0.00635   0.00240  -0.05217 
  0.02199   0.03089  -0.02332  -0.02828   0.04766   0.04676  -0.03374  -0.07073   0.02508  -0.05694  -0.00537  -0.00054   0.06374  -0.01491  -0.03909  -0.06108   0.01468   0.09247  -0.06801  -0.02860 
  0.04285   0.03476  -0.04791  -0.04249   0.02051   0.00212  -0.16644   0.04392   0.00366  -0.00417  -0.09815   0.02555  -0.01040   0.05036  -0.13426   0.05065  -0.01423   0.05187  -0.11449   0.03404 
  0.01057   0.02249  -0.13950   0.03679   0.03921   0.06524  -0.10798  -0.03224   0.03083   0.00180  -0.07293  -0.01879   0.02401   0.01587  -0.01786  -0.03174   0.06107  -0.04023  -0.00488  -0.02013 
  0.03647   0.00871  -0.04592  -0.02087   0.00819   0.08262  -0.04071  -0.03265   0.01427   0.01241  -0.02834  -0.01614   0.10082  -0.01622  -0.04866  -0.12532   0.00461   0.04576  -0.06240   0.00401 
  0.02858   0.04076  -0.05125  -0.02763   0.03689   0.04723  -0.14487  -0.00430   0.03463  -0.06327  -0.13836   0.02593  -0.01077   0.01303  -0.17383   0.08602   0.00736   0.05857  -0.05748  -0.00745 
  0.02658   0.02475  -0.11863   0.01233   0.01955   0.05097  -0.05971  -0.01991   0.04810  -0.13282  -0.05037   0.01582   0.04144   0.06058  -0.07914  -0.05261   0.04137  -0.03744   0.02655  -0.02496 
  0.03311  -0.01099  -0.02584  -0.01642   0.02530   0.10460  -0.08454  -0.04776   0.00289   0.03529  -0.19067   0.02555   0.08074  -0.00091  -0.03657  -0.10402   0.05864   0.03517  -0.08176  -0.01866 
  0.04120   0.05041  -0.08545  -0.03220  -0.00694   0.09346  -0.15749   0.02792   0.00689  -0.01055  -0.09451   0.02413   0.03988  -0.01521  -0.15689   0.03522   0.04554   0.00538  -0.08142   0.00676 
  0.02025   0.02699  -0.12654   0.02054   0.01326   0.10826  -0.14629  -0.00794   0.04458  -0.08249  -0.00686  -0.01422   0.03363   0.03474  -0.00734  -0.06697   0.06696  -0.02724  -0.00583  -0.03065 
  0.03451   0.01680  -0.05058  -0.02087   0.01527   0.14237  -0.07366  -0.06536   0.01606  -0.02885  -0.10734   0.02544   0.06524   0.04949  -0.01965  -0.12690   0.04039   0.00756  -0.06424   0.00146 
  0.03283   0.05200  -0.06767  -0.03154   0.00368   0.09877  -0.15887   0.01359   0.00924  -0.07805  -0.11539   0.05694   0.00936   0.00142  -0.11451   0.04693   0.04114  -0.00395  -0.07045   0.00956 
  0.01909   0.01623  -0.11863   0.02430   0.02263   0.09683  -0.07470  -0.04379   0.04107  -0.07941  -0.02995  -0.00346   0.05287   0.03980  -0.01985  -0.09492   0.10325  -0.04263  -0.00234  -0.05585 
  0.04941   0.00871  -0.03157  -0.04349   0.02300   0.09880  -0.09466  -0.03617   0.02136  -0.03476  -0.10631   0.02164   0.08647  -0.00665  -0.02315  -0.12144   0.08103   0.01667  -0.12447  -0.00691 
  0.05265   0.02923  -0.09722  -0.02796  -0.02522   0.17522  -0.14319  -0.00710   0.04617  -0.05173  -0.17974   0.01469   0.01028   0.05900  -0.20142   0.04700   0.11230  -0.05367  -0.12901   0.00425 
  0.03311   0.04561  -0.15456   0.00727   0.04137   0.11213  -0.11688  -0.06088   0.00100  -0.06460  -0.00950   0.03358   0.03055   0.00164  -0.02253  -0.02927   0.08854  -0.05519   0.01180  -0.04501 
  0.04313   0.00754  -0.04065  -0.03056   0.03544   0.14606  -0.12690  -0.07192  -0.01258  -0.04077  -0.02717   0.04301   0.09412   0.03598  -0.08869  -0.12443   0.08766   0.00374  -0.13077  -0.00275 
  0.05292   0.04882  -0.11318  -0.03318   0.00832   0.07867  -0.17163   0.02351   0.03410  -0.10814  -0.21572   0.06012   0.07474   0.02138  -0.15329  -0.03984   0.09028  -0.00056  -0.11947  -0.00724 
  0.04778   0.00812  -0.16056   0.01352   0.02738   0.16757  -0.15217  -0.06543   0.02891  -0.09521  -0.14286   0.04733   0.07950  -0.03475  -0.08769  -0.04621   0.11403  -0.07983  -0.02131  -0.03636 
  0.05587   0.01623  -0.08690  -0.02893   0.03674   0.17200  -0.19953  -0.06363  -0.00336  -0.00808  -0.09299   0.03432   0.06576   0.07134  -0.08517  -0.10013   0.09161  -0.01719  -0.11944   0.00001 
  0.05023   0.06347  -0.14280  -0.02698   0.00747   0.14165  -0.22586   0.00558  -0.01282  -0.08952  -0.21398   0.10201   0.06174  -0.01012  -0.07669  -0.03784   0.08967  -0.01557  -0.13216   0.00586 
  0.03451   0.02699  -0.17370   0.02228   0.02673   0.18964  -0.19654  -0.06433   0.01280  -0.09407  -0.05868   0.04599   0.06032   0.02079  -0.02940  -0.08673   0.11659  -0.07564   0.00254  -0.05471 
  0.04995   0.03145  -0.07116  -0.03781   0.00344   0.15642  -0.17847  -0.01491   0.01651  -0.04006  -0.08188   0.02401   0.07474  -0.05722  -0.05817  -0.04210   0.10271  -0.01921  -0.11916  -0.00803 
  0.04615   0.03421  -0.13055  -0.00952   0.01581   0.13212  -0.23016   0.00285  -0.00696  -0.13376  -0.13181   0.09715   0.03160  -0.00748  -0.09454   0.01456   0.09597  -0.07996  -0.11203   0.02143 
  0.03508  -0.00252  -0.15541   0.03031   0.04077   0.13481  -0.19710  -0.04283   0.01246  -0.05680  -0.04791   0.02767   0.07823  -0.00772  -0.02676  -0.10124   0.09049  -0.03050  -0.06346  -0.01760 
  0.04968   0.02587  -0.09797  -0.02215   0.00227   0.18553  -0.21171  -0.02268  -0.02939   0.02006  -0.15292   0.06095   0.07171   0.10743  -0.09454  -0.14020   0.06437  -0.01159  -0.14138   0.02603 
  0.02486   0.07963  -0.16402  -0.00058  -0.00127   0.13792  -0.25337   0.02585   0.02395  -0.13894  -0.24652   0.08712   0.02914   0.01111  -0.12799   0.02274   0.08281  -0.02282  -0.13314   0.01487 
  0.03113   0.01623  -0.19187   0.03679   0.03152   0.11708  -0.20128  -0.01696  -0.05450   0.00807  -0.15096   0.08983   0.07849  -0.00344  -0.05047  -0.08804   0.04437  -0.02270  -0.03695   0.00060 
  0.01967   0.03255  -0.10172   0.00877   0.00929   0.18411  -0.20651  -0.03234  -0.02855   0.04814  -0.22525   0.05878   0.05256   0.01861  -0.00989  -0.08531   0.00208   0.05958  -0.15501   0.03532 
  0.00580   0.09377  -0.15712   0.00787  -0.00843   0.14389  -0.25021   0.02925   0.02151  -0.06006  -0.13161   0.03895   0.04791  -0.00601  -0.13490   0.01001   0.04242  -0.03641  -0.13344   0.04859 
  0.01967   0.02362  -0.17638   0.03958   0.02866   0.10572  -0.12878  -0.03333  -0.00784  -0.00894  -0.04325   0.02693   0.05452  -0.01893  -0.06596  -0.02703   0.02532  -0.03496  -0.03224   0.01688 
  0.01851   0.01909  -0.06836   0.00336   0.02763   0.14997  -0.24390  -0.01947  -0.01063   0.01150  -0.05078   0.02148   0.07831   0.04161  -0.03465  -0.13505   0.04807   0.03944  -0.14750   0.01408 
  0.03339   0.07061  -0.14696  -0.01045   0.00685   0.09200  -0.26189   0.04465   0.02579  -0.07922  -0.21316   0.05801   0.03147  -0.02663  -0.23217   0.07755  -0.01796   0.01347  -0.11110   0.05380 
  0.01176   0.01680  -0.19466   0.05568   0.03438   0.04618  -0.18464   0.01343   0.00043  -0.09578   0.05447   0.02712  -0.00168  -0.06665   0.06984  -0.00875  -0.03493   0.01679  -0.06347   0.04249 
 -0.00299   0.00106  -0.06489   0.03201  -0.01380   0.05356  -0.25458   0.08183   0.00146  -0.03428  -0.05149   0.03101   0.05546   0.04562  -0.13289  -0.03502  -0.07012   0.05785  -0.12081   0.06224 
 -0.01635   0.04130  -0.15117   0.05541   0.00461   0.00947  -0.34229   0.10076  -0.02263   0.04492  -0.15337   0.04095   0.01185  -0.03315  -0.09118   0.05127  -0.01203   0.01431  -0.18707   0.07541 
 -0.01226   0.01738  -0.21083   0.08041   0.05546  -0.00751  -0.16616   0.00548  -0.00159  -0.00922   0.00275   0.00603   0.02205  -0.03146  -0.03741   0.01075   0.10857  -0.03615  -0.08513  -0.01966 
  0.04505  -0.01838  -0.08909   0.00276   0.02667   0.08808  -0.27044   0.02652  -0.02319   0.09347  -0.19242   0.02025   0.09427   0.05473  -0.08800  -0.14190  -0.01636   0.06421  -0.14479   0.03985 
  0.01851   0.07364  -0.18088   0.01528   0.00199  -0.08914  -0.36059   0.13790  -0.00591  -0.09614  -0.23226   0.10059   0.05256   0.00196  -0.14534   0.00340   0.01633  -0.05077  -0.29139   0.11250 
  0.00938  -0.06420  -0.29037   0.11305   0.12101   0.06291  -0.24736  -0.11061   0.06370  -0.01882  -0.10272  -0.04675   0.08636   0.08380   0.01133  -0.24155   0.17957   0.02045  -0.12238  -0.10674 
  0.10983   0.03750  -0.13216  -0.09716  -0.08239   0.22566  -0.36074   0.07321  -0.01309   0.13561  -0.26716  -0.00715   0.07570   0.19083  -0.15985  -0.20743  -0.20692   0.22229  -0.28888   0.06650 
 -0.04877   0.19515  -0.30456   0.03087   0.42800  -3.63478  -3.63478  -3.63478   0.40292  -3.63478  -3.63478  -3.63478   0.43272  -3.63478  -3.63478  -3.63478   0.62454  -3.63478  -3.63478  -3.63478 
  0.47964  -3.63478  -3.63478  -3.63478  -3.63478  -1.61815   0.78147  -2.61429  -3.63478  -3.63478  -3.63478  -3.63478  -3.63478  -3.63478  -3.63478  -3.63478  -3.63478  -3.63478  -3.63478  -3.63478 
 -3.63478  -1.68200   0.77061  -2.63166  -3.63478  -3.63478  -3.63478  -3.63478   0.12995  -0.12458  -3.63478   0.01469   0.03316   0.02266   0.02722  -0.08333   0.62454  -3.63478  -3.63478  -3.63478 
  0.08105   0.01909   0.04737  -0.14716   0.00627  -0.02862  -0.09470   0.04697  -0.00769  -0.00441  -0.08911   0.03637  -0.05516   0.05827  -0.15466   0.09907  -0.10579   0.05966  -0.00981   0.03151 
 -0.00853   0.00929  -0.08836   0.04235   0.07400   0.02031  -0.17549  -0.03065  -0.01739  -0.07248   0.12891   0.00883  -0.00056   0.02623   0.05952  -0.05875   0.02913   0.01199   0.03867  -0.04996 
  0.02715   0.00460  -0.00123  -0.03089   0.01678   0.04514  -0.06028  -0.01298  -0.04124   0.07048   0.04185  -0.00829   0.06319   0.00368   0.02947  -0.12581  -0.00166   0.06928  -0.02402  -0.02506 
  0.01500   0.04935  -0.02081  -0.03286   0.02450   0.05018  -0.11241  -0.00269  -0.03502   0.06866  -0.05149   0.01576   0.03232   0.04056  -0.13655   0.00443   0.03357   0.02286   0.01257  -0.04307 
  0.02025   0.04184  -0.06420  -0.01296   0.04731   0.05556  -0.07586  -0.05317  -0.00481   0.01304   0.18910  -0.08654   0.00031   0.03744   0.07966  -0.08586  -0.01409  -0.00875   0.11120  -0.05910 
  0.01734   0.02136   0.05742  -0.06488   0.02141   0.07731  -0.00512  -0.06716   0.01705   0.02758   0.03519  -0.05195   0.08950  -0.04796  -0.01985  -0.10066   0.00670   0.07426   0.02182  -0.06158 
  0.04120   0.04238   0.00115  -0.07237   0.05988  -0.03968  -0.08440  -0.01874   0.03553  -0.01179  -0.00627  -0.03868   0.04657  -0.03938  -0.00899  -0.03752   0.00680   0.01535  -0.02204  -0.00065 
  0.05158  -0.02025  -0.04658  -0.02279   0.08302  -0.01038  -0.07877  -0.07123   0.00285   0.05395   0.04577  -0.05411   0.06123  -0.10132   0.04215  -0.06398   0.02606   0.02581   0.07528  -0.08233 
  0.05534  -0.00133   0.01520  -0.07201   0.06220   0.00077  -0.03777  -0.06505   0.00831   0.07922   0.09148  -0.10252   0.08942   0.00793   0.00988  -0.16821  -0.02608   0.06367   0.01881  -0.03000 
  0.05023   0.03200   0.00115  -0.07743   0.03842   0.02030  -0.03801  -0.03979   0.02924  -0.02057  -0.05762  -0.00860   0.05089  -0.02790  -0.00899  -0.05138   0.04489   0.05911   0.00143  -0.06803 
  0.04995   0.01277  -0.02838  -0.04823   0.05498   0.00980  -0.03416  -0.06065   0.04846  -0.03528  -0.02067  -0.03942   0.06733   0.00163  -0.08323  -0.05097   0.00306   0.01796   0.08987  -0.07064 
  0.05185  -0.00073   0.00412  -0.06101   0.05309   0.05926  -0.02725  -0.09103   0.00771   0.05265  -0.04337  -0.02788   0.01981   0.01901   0.02412  -0.05670   0.01298   0.05594  -0.01862  -0.02977 
  0.03787   0.04561  -0.02018  -0.05787   0.02479   0.01640  -0.04397  -0.01632   0.02724   0.02093  -0.18034   0.00163   0.00241   0.03309  -0.03075  -0.00497   0.01412   0.07970  -0.05773  -0.02493 
  0.02715   0.03804  -0.06767  -0.01674   0.04801   0.04690  -0.09124  -0.04181  -0.00239   0.04542  -0.04594  -0.00942   0.03796  -0.06072   0.04594  -0.05106  -0.00759   0.01654   0.10274  -0.07203 
  0.02630   0.02023   0.01347  -0.04721   0.02203   0.06499  -0.01588  -0.05407   0.01957   0.12018  -0.20416  -0.05082   0.05406  -0.00401  -0.05321  -0.04307   0.00910   0.09870  -0.02879  -0.04966 
  0.03142   0.07364  -0.04925  -0.05302   0.03265  -0.00566  -0.05082  -0.01262   0.02155   0.05696  -0.07010  -0.04156   0.03981   0.01488  -0.02895  -0.04804   0.00927   0.03972  -0.04139  -0.00573 
  0.03423   0.02362  -0.05530  -0.02215   0.07070  -0.00651  -0.02022  -0.08513  -0.00207   0.01624   0.08017  -0.03673   0.04255  -0.02782  -0.02694  -0.02656   0.01118  -0.00125   0.09429  -0.06863 
  0.04175  -0.00553   0.03324  -0.06312   0.02091   0.07893  -0.00681  -0.06646   0.02708  -0.00998  -0.01410  -0.02506   0.05454  -0.06379   0.05100  -0.08113   0.03057   0.09105  -0.01833  -0.06664 
  0.03870   0.04076  -0.00303  -0.06559   0.04123   0.03004  -0.05811  -0.03871   0.02308   0.02290   0.01077  -0.04819   0.04050   0.02951  -0.09155  -0.02212   0.02888   0.00856   0.00376  -0.02620 
  0.04340   0.01795  -0.03999  -0.03715   0.05703  -0.00220  -0.03298  -0.05806   0.00788  -0.06590   0.06287   0.00194   0.04517  -0.06971   0.01826  -0.03685   0.04169  -0.02918   0.08152  -0.06693 
  0.04696  -0.03613   0.02656  -0.04857   0.02751   0.02000   0.00956  -0.05083   0.03413   0.06043   0.00444  -0.08937   0.05053   0.00982  -0.03783  -0.05617   0.00906   0.05637   0.00718  -0.04221 
  0.03536   0.03311  -0.00123  -0.05752   0.04186   0.00584  -0.07652  -0.01840   0.03204   0.01283   0.00301  -0.05196   0.06179   0.02098  -0.06900  -0.06331   0.02081   0.05571  -0.00431  -0.04346 
  0.04696   0.02306  -0.04526  -0.04181   0.01710   0.02000   0.02703  -0.04697   0.00419  -0.00194  -0.00293  -0.00317  -0.00211   0.00703   0.01281  -0.00969   0.02288   0.04162   0.08482  -0.09797 
  0.01821   0.01795   0.03873  -0.05165   0.03518   0.04336  -0.02432  -0.05530   0.03670   0.06274   0.01290  -0.09893   0.04773   0.04698   0.01693  -0.12059  -0.02450   0.11584   0.01522  -0.06508 
  0.03311   0.07010  -0.00183  -0.07926   0.02814   0.00428  -0.05639  -0.00883  -0.03724   0.06542  -0.13350   0.04027   0.02880   0.00780  -0.01638  -0.03454   0.02546   0.05586  -0.02851  -0.03321 
  0.02400   0.03089  -0.05802  -0.01358   0.02359   0.06559  -0.03387  -0.04668  -0.00791   0.01202  -0.04461   0.01635  -0.01917  -0.00412   0.03629   0.00307   0.01558  -0.01324   0.11182  -0.07922 
  0.01057   0.01680   0.03380  -0.03914   0.04066   0.06524  -0.03973  -0.06800   0.01044   0.06942   0.02451  -0.06769   0.05531  -0.00731   0.03064  -0.10322   0.01481   0.07008   0.05385  -0.08732 
  0.03731   0.05358   0.01347  -0.08256   0.01895  -0.01155  -0.03969   0.00214   0.03429   0.00717  -0.03891  -0.03724   0.05955   0.01302  -0.04592  -0.06841  -0.00130   0.03644  -0.01185  -0.01227 
  0.03731   0.00754  -0.03999  -0.02408   0.03025   0.01512   0.03199  -0.06610  -0.00954   0.04438  -0.04539  -0.00019   0.00155   0.02073   0.05220  -0.05209   0.01442   0.05652   0.06157  -0.08313 
  0.01734   0.03366   0.03655  -0.05891   0.03678   0.00645   0.01073  -0.05757   0.02889   0.03860  -0.03012  -0.05251   0.06807  -0.01342   0.04492  -0.13645  -0.03598   0.07301   0.04648  -0.04725 
  0.03564   0.02923   0.02035  -0.06843   0.04429   0.01494  -0.04550  -0.04144   0.01331   0.04586  -0.13400  -0.00582   0.00965   0.02572  -0.04208  -0.00331  -0.01699   0.06337   0.02202  -0.03773 
  0.02830   0.03476  -0.03544  -0.03154   0.04824  -0.01449  -0.04005  -0.03507   0.01320  -0.01046   0.05075  -0.02922  -0.00301   0.03789   0.05413  -0.05923   0.04488   0.01153   0.08404  -0.09601 
  0.03620   0.00165   0.03047  -0.05856   0.00478   0.02538   0.00550  -0.02109   0.04361   0.02265   0.01302  -0.08042   0.03288   0.06389   0.00090  -0.09501   0.00910   0.04024   0.02541  -0.04345 
  0.02658   0.03311   0.00882  -0.05268   0.04028   0.00696  -0.07388  -0.01803   0.00393  -0.00881  -0.03525   0.01081   0.04179   0.04984  -0.02008  -0.08317  -0.00257   0.01367  -0.01265   0.00135 
  0.03142   0.01104  -0.04262  -0.01800   0.05054   0.00213   0.00182  -0.07060   0.02322  -0.00618  -0.01893  -0.02035   0.02820   0.00049  -0.03962  -0.01471   0.01227   0.04289   0.03708  -0.05501 
  0.03536   0.01335   0.00471  -0.04891   0.01660   0.10387  -0.04334  -0.05601   0.02918  -0.03234   0.02796  -0.03028   0.05019   0.01504   0.03593  -0.11526   0.02323   0.02037   0.02704  -0.04288 
  0.03339   0.03531   0.00115  -0.05787   0.03556   0.01158  -0.04705  -0.02672   0.03627   0.00149  -0.14738  -0.00668   0.04220   0.03849  -0.04832  -0.05610   0.01127   0.03954  -0.04604  -0.00464 
  0.03981   0.02023  -0.06350  -0.02279   0.03944   0.01812  -0.01521  -0.05249   0.00702  -0.01537  -0.00010  -0.00034   0.01794   0.05523   0.03106  -0.08655   0.01965   0.04920   0.03457  -0.06298 
  0.02830   0.02643   0.00940  -0.05096   0.03717   0.04576   0.00150  -0.07490   0.00081   0.05979   0.01488  -0.04336   0.04264   0.05235   0.01568  -0.11460  -0.00575   0.06192  -0.00739  -0.02692 
  0.02886   0.05200  -0.00243  -0.06101   0.03520  -0.06418   0.00947  -0.02125   0.03092  -0.01521  -0.04846  -0.01651   0.02482   0.04207  -0.07980  -0.01395   0.01155   0.05920  -0.03718  -0.02080 
  0.03592   0.00342  -0.03609  -0.02215   0.02107   0.02926  -0.01658  -0.03209   0.04990  -0.04395   0.00011  -0.04404   0.03321  -0.05135   0.01081  -0.02363   0.01381   0.05609   0.07598  -0.09351 
  0.03057   0.01277   0.02431  -0.05440   0.04185   0.00491  -0.02195  -0.04522   0.01305   0.05948   0.04874  -0.07417   0.05949   0.01207  -0.03904  -0.07220  -0.03415   0.10589   0.00291  -0.04349 
  0.03198   0.04828  -0.01213  -0.05682   0.05334  -0.01017  -0.01976  -0.05567   0.04448   0.02397  -0.19083  -0.02139   0.03758   0.05821  -0.05027  -0.06222   0.00736   0.03000  -0.02645  -0.00663 
  0.04724   0.01852  -0.05193  -0.03615  -0.01373   0.07815   0.03447  -0.04437  -0.00858   0.01827   0.04790  -0.01665   0.02394  -0.01848  -0.03439  -0.00066  -0.00618   0.01445   0.06524  -0.04369 
  0.00037   0.02867   0.03324  -0.03450   0.02935   0.04461   0.00279  -0.06332   0.00698   0.01727  -0.00315  -0.01770   0.06239   0.00962   0.00740  -0.11009  -0.03557   0.06844   0.00943  -0.02145 
  0.02314   0.04076   0.00175  -0.04925   0.03098  -0.00331  -0.05033  -0.01177   0.01122   0.02865  -0.09119  -0.00357   0.02370   0.01460  -0.01647  -0.03135   0.03829   0.04255  -0.01961  -0.03952 
  0.03367   0.01909  -0.04328  -0.02472   0.01392   0.01505   0.02447  -0.03850   0.03156  -0.01756  -0.00442  -0.03029   0.03053  -0.01074  -0.01527  -0.02615   0.00039  -0.04728   0.08121  -0.02661 
  0.02112  -0.01838   0.03435  -0.03187   0.02502   0.04226  -0.00178  -0.05300  -0.00693   0.08493   0.02191  -0.05379   0.03179   0.05715   0.00934  -0.09406   0.00482   0.04596   0.01944  -0.04018 
  0.01996   0.05147   0.00998  -0.05717   0.01430   0.02502  -0.00417  -0.02771   0.03021   0.05620  -0.05936  -0.05702   0.04633   0.02313  -0.02820  -0.06493   0.03958   0.02690  -0.06239  -0.00913 
