IntronPotTab 1 1024 -3.78918 2.79151 13.26636 2435 6 16   55.02
    0.06958
   -0.23359
   -0.07467
    0.03562
    0.09937
   -0.16932
   -0.36719
    0.07430
    0.15957
   -0.55396
   -0.28670
    0.04695
    0.09481
   -0.29509
   -0.16778
    0.05642
    0.17574
   -0.35030
   -0.42563
    0.04727
    0.17604
   -0.21811
   -0.50576
    0.09781
    0.18437
   -0.41419
   -0.37102
    0.23643
    0.19948
   -0.24584
   -0.31573
    0.12102
    0.14066
   -0.26985
   -0.28094
   -0.02263
    0.16144
   -0.18038
   -0.43722
    0.14231
    0.23393
   -0.59273
   -0.16935
   -0.00804
    0.18418
   -0.20026
   -0.28656
    0.08584
    0.11459
   -0.24642
   -0.15079
   -0.06115
    0.13145
   -0.29847
   -0.57483
    0.10249
    0.17335
   -0.63898
   -0.20465
    0.01704
    0.11106
   -0.15290
   -0.23536
    0.04550
    0.13454
   -0.31429
   -0.27660
    0.15295
    0.17386
   -0.37235
   -0.29301
    0.04455
    0.25855
   -0.48126
   -0.13621
    0.09276
    0.20444
   -0.36040
   -0.28612
    0.15260
    0.22521
   -0.37214
   -0.42090
    0.20137
   -0.04393
    0.05193
   -0.11959
    0.07428
    0.02497
   -0.10216
   -0.23143
    0.21649
    0.35188
   -0.20787
   -0.24251
    0.13042
    0.15209
   -0.14507
   -0.12883
    0.08546
   -0.01512
   -0.03321
   -0.03215
    0.09585
    0.06175
   -0.13452
    0.04024
    0.08408
    0.01036
   -0.27119
   -0.10345
    0.26922
    0.15673
   -0.45299
   -0.16089
    0.11922
    0.16526
   -0.24838
   -0.43198
    0.19032
    0.24361
   -0.31827
   -0.14868
    0.11810
    0.25382
   -0.16051
   -0.40061
    0.11948
    0.11182
   -0.28280
   -0.20997
    0.12112
    0.18699
   -0.43849
   -0.46264
    0.25062
    0.13626
   -0.39799
   -0.16674
    0.18806
    0.19799
   -0.43417
   -0.29711
    0.18770
    0.17758
   -0.08219
   -0.22490
    0.13872
    0.19350
    0.06170
   -0.20516
   -0.12503
    0.10262
   -0.09395
   -0.00430
   -0.00131
    0.30980
   -0.17171
   -0.24763
    0.21356
    0.11105
   -0.26085
   -0.09708
    0.11841
    0.05178
   -0.30821
    0.08419
   -0.08108
    0.13092
   -0.26415
   -0.14365
    0.17635
    0.19643
   -0.27602
   -0.29454
    0.28808
    0.20854
   -0.42956
   -0.28297
    0.08319
    0.18220
   -0.42395
   -0.35732
    0.23259
    0.20922
   -0.34991
   -0.15873
    0.12147
    0.31389
   -0.38287
   -0.34975
    0.08213
    0.07529
   -0.17583
   -0.08402
   -0.01694
    0.09154
   -0.16498
   -0.62445
    0.14378
    0.09793
   -0.55316
   -0.16643
    0.12267
    0.02007
   -0.23917
   -0.17404
    0.10621
    0.16349
   -0.33633
   -0.30756
    0.06468
    0.15594
   -0.06096
   -0.80142
    0.07925
    0.13573
   -0.11018
   -0.33978
    0.12777
    0.16481
   -0.17359
   -0.39076
    0.13129
    0.12508
   -0.26402
   -0.22124
    0.01833
    0.16430
   -0.26245
   -0.11528
    0.03087
    0.18815
   -0.35705
   -0.25987
    0.08559
    0.14754
   -0.20623
   -0.28331
    0.13181
    0.09167
   -0.20991
   -0.15971
    0.00119
    0.08432
   -0.38747
   -0.44133
    0.12772
    0.11667
   -0.42542
   -0.20449
    0.09369
    0.14308
   -0.26475
   -0.22123
    0.07312
    0.13192
   -0.29714
   -0.27252
    0.10955
    0.16698
   -0.27061
   -0.38319
    0.09604
    0.15986
   -0.33188
   -0.30708
    0.19188
    0.12907
   -0.22348
   -0.30904
    0.11614
    0.12978
    0.02114
   -0.27646
   -0.01642
    0.05217
   -0.03609
   -0.34283
    0.19440
   -0.11050
    0.05051
   -0.17468
    0.12942
    0.13715
   -0.18565
   -0.29014
    0.20862
    0.28250
   -0.39404
   -0.29201
   -0.02769
    0.02016
   -0.20262
    0.05947
    0.01326
    0.26304
   -0.11618
   -0.25519
   -0.15053
    0.07364
    0.00428
   -0.27552
    0.17064
    0.21010
   -0.33120
   -0.11585
   -0.02221
    0.13124
   -0.27880
   -0.39473
    0.17428
   -0.03066
   -0.03072
   -0.21896
    0.16625
    0.11102
   -0.30221
   -0.22517
    0.12268
    0.19640
   -0.26151
   -0.26131
    0.10602
    0.13247
   -0.07925
   -0.12173
    0.03211
    0.38716
   -0.22325
   -0.17084
   -0.20560
    0.06753
   -0.19068
   -0.27384
    0.23856
    0.20799
   -0.07864
   -0.15464
   -0.00950
   -0.17973
    0.00610
   -0.09557
    0.13399
   -0.10057
    0.05274
    0.06325
   -0.08133
    0.03724
    0.06439
   -0.19325
   -0.00782
   -0.02647
   -0.15608
    0.12336
    0.02807
    0.11701
    0.10743
   -0.17744
   -0.17147
    0.16340
   -0.12178
    0.07174
   -0.03863
   -0.30598
   -0.03168
    0.11888
   -0.00969
    0.18095
   -0.20465
   -0.72239
    0.15225
   -0.13263
   -0.05602
   -0.11920
    0.18465
    0.08128
   -0.04622
   -0.23541
    0.11636
    0.27693
   -0.19010
   -0.40922
    0.19462
    0.11254
   -0.10770
   -0.13076
    0.12605
    0.08892
   -0.17828
   -0.23332
    0.26126
    0.19803
   -0.38121
   -0.00818
    0.06870
    0.08859
   -0.15810
   -0.11065
    0.23276
   -0.02498
    0.04648
   -0.25973
    0.19398
   -0.18828
    0.15703
   -0.14709
    0.17208
   -0.18389
    0.04898
   -0.10750
    0.12927
   -0.16048
    0.02041
   -0.00748
    0.05017
    0.18148
   -0.09789
   -0.22394
    0.13949
    0.07226
    0.05202
   -0.12639
    0.04427
    0.06036
    0.00464
   -0.22638
    0.12423
    0.02531
   -0.14518
   -0.08770
    0.24070
    0.11116
   -0.28302
   -0.38556
    0.30419
   -0.05261
   -0.06852
   -0.18076
    0.23223
   -0.26202
    0.08296
   -0.09084
    0.08520
    0.34755
   -0.24503
   -0.40503
    0.19385
    0.05845
   -0.18800
   -0.27255
    0.09747
    0.17386
   -0.15704
   -0.40417
    0.10031
    0.15697
   -0.51849
   -0.26709
    0.20628
    0.14602
   -0.24917
   -0.41117
    0.13009
    0.17583
   -0.26887
   -0.32708
    0.16179
    0.00147
    0.02398
   -0.36030
    0.12229
   -0.09764
    0.05097
   -0.03862
    0.02720
    0.11890
   -0.02748
   -0.34491
    0.12556
    0.11266
   -0.17528
   -0.28195
    0.13955
    0.03391
   -0.03417
   -0.06935
    0.05043
    0.12179
   -0.32472
   -0.16404
    0.17763
    0.12474
   -0.19543
   -0.13913
    0.15079
    0.11245
   -0.39435
   -0.20137
    0.10872
    0.13885
   -0.31360
   -0.54948
    0.15895
    0.11006
   -0.23422
   -0.16957
    0.13462
    0.20471
   -0.22978
   -0.40083
    0.11116
    0.08366
   -0.35733
   -0.15262
    0.12939
    0.15318
   -0.27303
   -0.24675
    0.07287
    0.22158
   -0.61611
   -0.21180
    0.03788
    0.12131
   -0.31206
   -0.28014
    0.13242
    0.15490
   -0.18426
   -0.27056
    0.14884
   -0.03592
   -0.00894
   -0.06029
    0.09882
    0.17020
   -0.06988
   -0.18685
    0.01629
    0.19088
   -0.15031
   -0.35308
    0.17969
    0.15576
   -0.29643
   -0.18493
    0.13817
    0.07454
   -0.32085
    0.01219
    0.05069
    0.11571
   -0.19310
   -0.01453
    0.00542
    0.15369
   -0.17658
   -0.27285
    0.18701
    0.13180
   -0.35771
   -0.17705
    0.04889
    0.18437
   -0.03143
   -0.45629
    0.05690
    0.15800
   -0.34000
   -0.15147
    0.13442
    0.23510
   -0.29652
   -0.19947
    0.03329
    0.15706
   -0.24773
   -0.10321
    0.13904
    0.18734
   -0.14928
   -0.07409
   -0.12087
   -0.11619
   -0.11889
    0.11303
    0.18654
    0.13370
   -0.11697
   -0.06072
    0.09844
    0.08239
   -0.10099
    0.11071
   -0.07538
    0.05289
   -0.10967
    0.10550
   -0.05690
   -0.00549
   -0.04869
   -0.02206
    0.09254
    0.32020
   -0.14919
    0.03319
   -0.00492
    0.05887
   -0.13562
    0.05820
   -0.00153
    0.13532
   -0.12482
    0.00102
   -0.07561
    0.06956
   -0.17269
    0.15566
    0.02843
   -0.01028
   -0.30986
    0.11878
    0.05439
    0.22527
   -0.48855
   -0.35746
    0.24506
   -0.04782
   -0.01442
   -0.12949
    0.13570
    0.14082
   -0.07023
   -0.07706
    0.04876
    0.25189
   -0.21715
   -0.07632
    0.14442
    0.05948
   -0.29741
   -0.20129
    0.27054
    0.09220
   -0.32548
   -0.19343
    0.25015
    0.27648
   -0.27735
   -0.24920
    0.02307
    0.24012
   -0.42952
   -0.25575
    0.21685
   -0.03836
   -0.05995
   -0.09294
    0.21479
    0.23695
   -0.07287
   -0.26957
   -0.00308
    0.03451
    0.00586
   -0.04333
    0.01162
    0.23138
   -0.22633
   -0.12639
    0.18136
    0.09390
   -0.01196
   -0.04642
   -0.08227
   -0.02016
   -0.05730
    0.09154
   -0.10257
   -0.04934
   -0.21733
    0.10098
    0.05277
   -0.06904
   -0.22383
   -0.01319
    0.18648
    0.14931
   -0.31812
   -0.24351
    0.18297
    0.24114
   -0.12092
   -0.41313
    0.09701
    0.20311
   -0.40676
    0.02073
    0.06442
    0.25411
   -0.26429
   -0.37865
    0.18501
    0.07404
   -0.34256
   -0.26542
    0.13821
    0.12056
   -0.34332
   -0.26805
    0.19215
    0.15206
   -0.49891
   -0.22020
    0.18685
    0.18978
   -0.40483
   -0.38652
    0.14734
    0.14797
   -0.42413
   -0.25490
    0.20592
    0.16764
   -0.15311
   -0.30453
    0.06708
   -0.11845
   -0.11338
   -0.03921
    0.19658
    0.20994
   -0.07502
   -0.31028
    0.12586
    0.16097
   -0.51229
   -0.18710
    0.15660
    0.06040
   -0.26140
    0.01387
    0.08374
    0.07823
   -0.26236
    0.11174
    0.02179
    0.07081
   -0.29820
   -0.08138
    0.21283
    0.14593
   -0.52116
   -0.28927
    0.10312
    0.20362
   -0.28879
   -0.42325
    0.08492
    0.15224
   -0.38877
   -0.08075
    0.11697
    0.23707
   -0.42644
   -0.25292
    0.12491
    0.07114
   -0.26340
   -0.11377
    0.03797
    0.08625
   -0.23977
   -0.37578
    0.09897
    0.17873
   -0.80755
   -0.39112
    0.09373
    0.07895
   -0.23945
   -0.25330
    0.07365
    0.15302
   -0.24169
   -0.33905
    0.09193
    0.24242
   -0.40431
   -0.41216
    0.04482
    0.22906
   -0.19971
   -0.61772
    0.15894
    0.17242
   -0.18040
   -0.36042
    0.11304
    0.12413
   -0.24890
   -0.27770
    0.05787
    0.08862
   -0.05170
   -0.22444
    0.10980
    0.13972
   -0.29576
   -0.36799
    0.19636
    0.13930
   -0.33457
   -0.44295
    0.16869
    0.17990
   -0.18724
   -0.13413
   -0.09349
    0.08433
   -0.20448
   -0.74641
    0.13999
    0.18515
   -0.46892
   -0.27945
    0.07150
    0.07114
   -0.16952
   -0.24816
    0.07188
    0.14464
   -0.23746
   -0.28931
    0.09120
    0.04518
   -0.23038
   -0.11389
    0.20230
    0.24499
   -0.41297
   -0.35691
    0.23705
    0.09529
   -0.42416
   -0.43960
    0.21074
    0.24381
   -0.14317
   -0.24045
    0.00569
    0.07382
    0.06295
   -0.10584
   -0.07184
    0.12230
   -0.21392
    0.00125
    0.13532
    0.17820
   -0.18807
   -0.14500
    0.15810
    0.19123
   -0.08051
   -0.33722
    0.13128
   -0.06611
   -0.07273
   -0.08460
    0.16255
    0.13604
   -0.09373
   -0.03990
    0.04806
    0.02941
   -0.26189
   -0.17109
    0.26371
    0.12364
   -0.28671
   -0.41511
    0.11922
    0.17442
   -0.18039
   -0.42568
    0.12441
    0.09843
   -0.13520
   -0.20667
    0.14425
    0.25741
   -0.29700
   -0.36299
    0.15357
    0.11067
   -0.24586
   -0.24141
    0.13639
    0.14079
   -0.21147
   -0.46288
    0.25301
    0.23521
   -0.43002
   -0.23051
    0.16974
    0.16592
   -0.43373
   -0.23290
    0.15806
    0.05246
    0.00517
   -0.13883
    0.09232
    0.06010
   -0.14179
   -0.03347
    0.08376
   -0.07379
   -0.00358
   -0.27545
    0.19684
    0.19372
   -0.09938
   -0.14380
    0.13713
    0.09660
   -0.29386
   -0.15336
    0.17706
    0.04165
   -0.19184
   -0.01869
    0.11468
    0.16601
   -0.48121
   -0.00362
    0.10397
    0.26878
   -0.41491
   -0.28660
    0.20594
    0.17082
   -0.42884
   -0.15567
    0.09580
    0.18211
   -0.23429
   -0.66226
    0.21600
    0.09359
   -0.16621
   -0.13504
    0.10054
    0.23783
   -0.20231
   -0.32853
    0.09676
    0.06332
   -0.19999
   -0.12665
    0.01747
    0.13295
   -0.32480
   -0.69103
    0.12366
    0.15440
   -0.78126
   -0.24893
    0.10820
    0.07452
   -0.26570
   -0.27725
    0.07090
    0.14070
   -0.40087
   -0.32939
    0.09973
    0.04998
   -0.18340
   -0.37305
    0.15008
    0.12147
   -0.33071
   -0.37566
    0.22645
    0.14599
   -0.37509
   -0.39427
    0.13874
    0.10116
   -0.25820
   -0.16332
    0.04406
    0.18329
   -0.15496
   -0.41247
    0.09323
    0.09425
   -0.53917
   -0.27225
    0.21372
    0.03526
   -0.26003
   -0.25408
    0.14932
    0.10512
   -0.37933
   -0.20314
    0.03883
    0.13479
   -0.53351
   -0.44288
    0.12032
    0.16814
   -0.58775
   -0.23358
    0.10555
    0.18482
   -0.33240
   -0.19832
    0.05886
