7 4 0 1 50 -5.8339 3.0318 3.8191 2316
  0.17658  -0.31495  -0.23658   0.12903 
  0.16299  -0.35404  -0.21398   0.14662 
  0.15403  -0.22171  -0.15814   0.08399 
  0.15903  -0.26294  -0.21658   0.12211 
  0.16838  -0.36484  -0.17914   0.12956 
  0.16984  -0.28817  -0.16503   0.09612 
  0.13971  -0.28512  -0.18759   0.13792 
  0.17226  -0.29588  -0.21658   0.11942 
  0.16838  -0.30850  -0.09564   0.06727 
  0.18133  -0.24459  -0.29181   0.11888 
  0.17032  -0.35761  -0.18516   0.12797 
  0.16398  -0.31658  -0.11070   0.08458 
  0.15754  -0.24184  -0.27063   0.13636 
  0.18085  -0.32983  -0.22847   0.12585 
  0.17801  -0.29278  -0.11584   0.06114 
  0.16348  -0.25156  -0.24207   0.12318 
  0.17896  -0.34350  -0.21658   0.12744 
  0.16102  -0.24737  -0.11895   0.06544 
  0.17418  -0.26439  -0.19373   0.09555 
  0.17801  -0.33152  -0.25898   0.14101 
  0.15604  -0.28512  -0.12524   0.09039 
  0.17129  -0.23502  -0.22847   0.10234 
  0.16102  -0.30057  -0.22847   0.13792 
  0.15100  -0.23367  -0.11584   0.06970 
  0.16935  -0.27315  -0.21398   0.11343 
  0.15804  -0.35941  -0.17557   0.13740 
  0.17370  -0.28361  -0.15023   0.08223 
  0.17370  -0.21650  -0.28109   0.11234 
  0.15953  -0.31986  -0.19126   0.13061 
  0.17370  -0.24737  -0.17438   0.07987 
  0.17274  -0.25016  -0.24624   0.11398 
  0.18368  -0.34004  -0.21269   0.11942 
  0.14075  -0.19256  -0.17676   0.09498 
  0.18462  -0.23774  -0.26187   0.10122 
  0.18836  -0.29124  -0.21140   0.09669 
  0.17418  -0.26007  -0.14689   0.07030 
  0.19252  -0.19873  -0.29492   0.08691 
  0.16002  -0.24321  -0.23932   0.12264 
  0.16250  -0.24876  -0.15928   0.08633 
  0.15953  -0.19256  -0.27508   0.11562 
  0.14897  -0.28512  -0.24069   0.14966 
  0.14744  -0.22171  -0.12630   0.07451 
  0.15201  -0.24737  -0.21269   0.12211 
  0.15604  -0.29743  -0.21011   0.13480 
  0.13919  -0.24598  -0.13055   0.09669 
  0.17177  -0.29588  -0.23251   0.12638 
  0.19801  -0.35941  -0.25612   0.12585 
  0.23670  -0.31333  -0.19373   0.02911 
  0.19710  -0.25438  -0.29026   0.10347 
  0.15503  -0.36484  -0.18274   0.14510 
 -1.92110  -3.36493   0.62414  -3.36493 
 -3.36493  -3.36493  -3.36493   0.57880 
 -0.78098  -1.27590  -1.13471   0.54590 
 -0.72421  -1.13721  -1.03831   0.53877 
 -0.74365  -1.27590   0.57269  -0.68128 
 -0.47193  -1.06756  -0.66658   0.50344 
 -0.23156  -0.66544  -0.74266   0.45538 
  0.12812  -0.55648  -0.46463   0.27932 
  0.06624  -0.54806  -0.56255   0.32972 
  0.07898  -0.64760  -0.61798   0.33926 
  0.09713  -0.50572  -0.55681   0.30578 
  0.05690  -0.49085  -0.54002   0.32470 
  0.05438  -0.51593  -0.54834   0.33038 
  0.10565  -0.45352  -0.55397   0.29221 
  0.11235  -0.50071  -0.46004   0.28156 
  0.12220  -0.49085  -0.49819   0.27932 
  0.13237  -0.43814  -0.50573   0.26450 
  0.13919  -0.53980  -0.44877   0.26643 
  0.15151  -0.47884  -0.44877   0.24755 
  0.15554  -0.56219  -0.47395   0.26139 
  0.18696  -0.46484  -0.48108   0.22060 
  0.21232  -0.51335  -0.43779   0.19641 
  0.20298  -0.46484  -0.43347   0.19595 
  0.20163  -0.46255  -0.41047   0.19186 
  0.23461  -0.52112  -0.38094   0.16011 
  0.23586  -0.49085  -0.42920   0.16451 
  0.24819  -0.46028  -0.44655   0.14713 
  0.25101  -0.49822  -0.41662   0.14459 
  0.23918  -0.47884  -0.37905   0.14561 
  0.25701  -0.47178  -0.37905   0.12103 
  0.25740  -0.48600  -0.35869   0.11779 
  0.25938  -0.45352  -0.42920   0.12691 
  0.23711  -0.48600  -0.38477   0.15117 
  0.24575  -0.42329  -0.46927   0.14662 
  0.23877  -0.49085  -0.39056   0.15167 
  0.27068  -0.45801  -0.44434   0.11616 
  0.23877  -0.44466  -0.45324   0.15665 
  0.26448  -0.44686  -0.46463   0.12691 
  0.23545  -0.46028  -0.40641   0.15317 
  0.24616  -0.44030  -0.48349   0.15317 
  0.23336  -0.39896  -0.47395   0.15665 
  0.25542  -0.44248  -0.46463   0.13792 
  0.24371  -0.43385  -0.38669   0.13166 
  0.22361  -0.44248  -0.33580   0.14408 
  0.21232  -0.43385  -0.40440   0.17318 
  0.22275  -0.49085  -0.35689   0.16158 
  0.20208  -0.44248  -0.31406   0.16207 
  0.20478  -0.46946  -0.32731   0.16887 
  0.20567  -0.42538  -0.27360   0.14101 
