3 4 3 1 47 -1.7817 1.5118 1.6986 2310
  0.02265  -0.48730  -0.19137   0.27329 
  0.03143  -0.62933  -0.16739   0.27970 
  0.02875  -0.60325  -0.20642   0.29006 
  0.00948  -0.60963  -0.21156   0.30231 
  0.02401  -0.59386  -0.24791   0.30266 
  0.01784  -0.55253  -0.24932   0.30124 
  0.03543  -0.55536  -0.27099   0.29766 
  0.07469  -0.56106  -0.34509   0.29261 
  0.07348  -0.50208  -0.35756   0.28786 
  0.11898  -0.53868  -0.39729   0.27139 
  0.11788  -0.50460  -0.38364   0.26446 
  0.13244  -0.54417  -0.41138   0.26524 
  0.15566  -0.56685  -0.45437   0.25861 
  0.15111  -0.49217  -0.39335   0.23933 
  0.17913  -0.47771  -0.41138   0.21656 
  0.16016  -0.56106  -0.44102   0.25188 
  0.18902  -0.48488  -0.46350   0.21915 
  0.17290  -0.48009  -0.44987   0.23019 
  0.19868  -0.48972  -0.45437   0.20914 
  0.22602  -0.53326  -0.46350   0.19070 
  0.20680  -0.51480  -0.47996   0.21046 
  0.24114  -0.53596  -0.43883   0.16903 
  0.25615  -0.52790  -0.43020   0.14724 
  0.26326  -0.49958  -0.38557   0.12054 
  0.27640  -0.50713  -0.35938   0.09554 
  0.27181  -0.49958  -0.37982   0.10683 
  0.30547  -0.59697  -0.34334   0.06226 
  0.29575  -0.48972  -0.39928   0.07324 
  0.30760  -0.51999  -0.35039   0.04397 
  0.30404  -0.52790  -0.37982   0.06226 
  0.28878  -0.51999  -0.35756   0.07862 
  0.29865  -0.54141  -0.35756   0.06717 
  0.30225  -0.49958  -0.37792   0.05792 
  0.29648  -0.54141  -0.39531   0.08277 
  0.26949  -0.54973  -0.35756   0.11401 
  0.26794  -0.48488  -0.36302   0.10403 
  0.22815  -0.39391  -0.51228   0.16903 
  0.21476  -0.36554  -0.77330   0.21133 
  0.13137  -0.25043  -0.72437   0.24907 
  0.11623  -0.29787  -0.95119   0.28822 
  0.24072  -0.38808  -0.81789   0.19344 
  0.30368  -0.37667  -0.66179   0.08745 
  0.17675  -0.37855  -0.65817   0.23768 
  0.12871  -0.28248  -0.44102   0.22087 
  0.20411  -0.49463  -0.41757   0.19708 
  0.22172  -0.50713  -0.51487   0.20024 
  0.25214  -0.69058  -0.29223   0.13956 
 -0.34282  -0.67913  -1.22985   0.49144 
  0.58267  -3.36380  -3.36380  -3.36380 
 -3.36380  -2.02154   0.62451  -3.36380 
  0.24320  -0.35114  -0.14245   0.00350 
  0.17483  -0.26038  -0.18525   0.08920 
  0.22216  -0.35469  -0.20642   0.07263 
  0.18103  -0.27055  -0.09948   0.03748 
  0.15314  -0.36371  -0.22868   0.16466 
  0.16362  -0.29475  -0.21545   0.12804 
  0.16264  -0.22454  -0.12517   0.05667 
  0.18995  -0.26616  -0.19883   0.07922 
  0.17290  -0.33720  -0.16159   0.10794 
  0.16999  -0.28248  -0.15361   0.08804 
  0.16165  -0.24903  -0.17444   0.09496 
  0.17290  -0.37667  -0.17921   0.12804 
  0.16461  -0.25751  -0.11678   0.06411 
  0.16362  -0.26762  -0.22334   0.12162 
  0.16658  -0.33378  -0.19883   0.13068 
  0.13875  -0.28704  -0.09353   0.09267 
  0.18481  -0.28857  -0.26219   0.12054 
  0.18668  -0.37293  -0.20515   0.12270 
  0.15162  -0.28704  -0.10551   0.08512 
  0.18481  -0.29631  -0.21415   0.10403 
  0.17627  -0.32871  -0.19883   0.11838 
  0.15162  -0.23120  -0.10248   0.05978 
  0.19226  -0.27351  -0.23682   0.09611 
  0.19823  -0.36554  -0.26219   0.12963 
  0.14136  -0.25609  -0.10148   0.08218 
  0.17096  -0.29475  -0.20388   0.11511 
  0.18781  -0.38406  -0.16603   0.10702 
  0.18027  -0.23779  -0.13897   0.04801 
  0.16134  -0.24466  -0.22315   0.11530 
  0.18075  -0.35272  -0.20751   0.12449 
  0.16578  -0.22967  -0.12287   0.05372 
  0.16381  -0.25306  -0.26200   0.13087 
  0.15904  -0.34723  -0.23645   0.15716 
  0.15301  -0.23760  -0.13012   0.07721 
  0.18330  -0.31183  -0.23645   0.12038 
  0.17279  -0.35611  -0.19471   0.12894 
  0.16695  -0.25287  -0.14650   0.07601 
  0.16793  -0.23760  -0.21638   0.10216 
  0.16939  -0.37069  -0.17764   0.12947 
  0.15754  -0.26579  -0.13012   0.08373 
  0.17472  -0.22549  -0.23508   0.09705 
  0.16548  -0.27165  -0.21900   0.11929 
  0.16370  -0.24568  -0.14188   0.07440 
  0.14913  -0.22002  -0.23082   0.12165 
  0.18302  -0.32814  -0.18105   0.10235 
  0.16122  -0.24707  -0.14743   0.08097 
  0.16419  -0.24707  -0.23353   0.11731 
  0.17539  -0.30045  -0.19328   0.10739 
  0.16733  -0.22911  -0.18571   0.08528 
