IntronPotTab 1 1024 -8.25219 0.52026 17.54596 63161 6 16   82.93
    0.08763
   -0.03826
   -0.09480
   -0.02134
   -0.00151
    0.00142
   -0.10935
    0.06977
    0.03872
    0.00723
   -0.04103
   -0.03299
    0.01200
   -0.04464
   -0.02647
    0.05118
    0.01760
   -0.00734
   -0.06384
    0.04097
   -0.00142
    0.04446
   -0.11077
    0.02965
   -0.02147
    0.01236
   -0.00855
    0.02763
    0.10482
   -0.07286
   -0.00835
   -0.02328
    0.03914
   -0.04445
   -0.02524
   -0.00114
    0.00959
   -0.05263
   -0.11054
    0.08722
    0.01606
   -0.00658
    0.01571
   -0.03469
   -0.03062
   -0.05073
    0.01920
    0.05577
    0.01033
    0.01820
   -0.08238
    0.02242
    0.00215
    0.00907
   -0.08408
    0.03905
    0.00449
    0.02677
   -0.04627
    0.01628
   -0.02350
   -0.03865
   -0.01689
    0.06375
    0.03807
   -0.03347
   -0.04110
    0.02890
    0.06322
   -0.05604
   -0.09459
    0.04812
    0.03195
   -0.00908
   -0.05980
    0.02403
    0.05630
   -0.07587
   -0.02094
    0.04913
    0.01625
   -0.00276
   -0.07258
    0.05301
   -0.02925
    0.05623
   -0.11218
    0.04700
   -0.02858
    0.02206
   -0.04366
    0.04919
    0.06674
   -0.04524
   -0.04235
    0.03729
    0.04149
   -0.04810
   -0.05598
    0.05265
    0.03294
   -0.06507
   -0.02789
    0.05402
    0.04203
   -0.03512
   -0.00394
   -0.00900
   -0.02198
   -0.06017
   -0.01302
    0.08548
    0.21468
   -0.10463
   -0.12510
   -0.04974
   -0.00156
    0.00112
   -0.13624
    0.08721
    0.14299
   -0.04931
   -0.11009
   -0.01715
    0.03153
   -0.06150
   -0.03757
    0.07269
    0.06642
   -0.03730
   -0.07200
    0.02351
    0.04371
   -0.04762
   -0.10805
    0.06910
    0.05339
   -0.00441
   -0.08811
    0.00607
    0.02977
   -0.05850
   -0.03425
    0.05837
    0.03095
   -0.00704
   -0.06903
    0.04435
   -0.00331
    0.03542
   -0.08246
    0.03316
    0.00311
   -0.00585
   -0.01747
    0.02351
    0.16007
   -0.07744
   -0.03909
   -0.01824
    0.03397
   -0.01465
   -0.05537
    0.02654
    0.00519
   -0.03369
   -0.10286
    0.09077
    0.04313
   -0.02730
    0.02042
   -0.05365
   -0.01080
   -0.03531
   -0.02304
    0.06096
    0.00412
    0.02388
   -0.07355
    0.03177
    0.02119
    0.00030
   -0.12431
    0.06271
    0.02003
    0.01198
   -0.05997
    0.03018
    0.06712
   -0.06064
   -0.04482
    0.04593
    0.01407
    0.04132
   -0.05686
   -0.00490
    0.03231
   -0.04994
   -0.08348
    0.05140
    0.00210
    0.03840
   -0.03433
   -0.01663
    0.03589
   -0.05430
    0.01092
    0.00128
    0.00697
    0.01251
   -0.05662
    0.02463
   -0.03313
    0.07593
   -0.09609
    0.02539
   -0.01958
    0.04859
   -0.06940
    0.03353
    0.07478
   -0.02563
   -0.04794
    0.00745
    0.03766
   -0.04734
   -0.04762
    0.02680
    0.00276
   -0.06679
   -0.10997
    0.10699
    0.02473
   -0.01494
   -0.01549
   -0.00102
   -0.02526
   -0.06747
    0.02420
    0.05727
    0.00281
    0.05550
   -0.09483
    0.01060
   -0.00312
    0.02511
   -0.11221
    0.04023
    0.00902
    0.02573
   -0.05396
    0.01308
   -0.02473
   -0.03988
   -0.04595
    0.08031
    0.05258
    0.01158
   -0.10719
    0.03253
    0.00158
    0.01609
   -0.12591
    0.07189
    0.03511
    0.02972
   -0.10152
    0.02619
    0.02315
   -0.04982
   -0.06916
    0.09262
    0.00724
    0.04971
   -0.10056
    0.04190
   -0.04239
    0.08089
   -0.13332
    0.08030
   -0.02336
    0.03222
   -0.06779
    0.07531
    0.06084
   -0.01466
   -0.06374
    0.03457
    0.02531
   -0.03576
   -0.02445
    0.02228
   -0.00453
   -0.01299
   -0.10487
    0.08275
    0.00285
    0.01621
   -0.00997
   -0.01255
   -0.03281
   -0.04972
   -0.03187
    0.09909
   -0.00597
   -0.01192
   -0.11065
    0.07082
   -0.01184
    0.03352
   -0.13025
    0.06741
    0.00057
    0.03667
   -0.07468
    0.04352
    0.01242
   -0.02579
   -0.08454
    0.09073
    0.04228
   -0.00564
   -0.11406
    0.06928
    0.01739
   -0.00507
   -0.10332
    0.06542
    0.00388
    0.01638
   -0.06717
    0.04077
    0.04378
   -0.04268
   -0.06280
    0.07523
    0.02823
    0.02313
   -0.10982
    0.05491
   -0.11436
    0.13570
   -0.15927
    0.07119
   -0.06586
    0.03720
   -0.05587
    0.07696
    0.02742
   -0.02824
   -0.08963
    0.08132
    0.04183
   -0.03402
   -0.07545
    0.05837
   -0.01476
   -0.02307
   -0.06513
    0.08728
    0.00928
   -0.00571
   -0.00812
    0.00391
   -0.01026
   -0.06277
   -0.05591
    0.11770
    0.03602
   -0.04411
   -0.07970
    0.06796
   -0.03776
    0.03202
   -0.16939
    0.11291
    0.01717
    0.00830
   -0.09190
    0.07528
    0.00226
   -0.06682
   -0.09925
    0.14390
    0.07007
    0.00359
   -0.11903
    0.05195
    0.00967
    0.00641
   -0.09093
    0.07250
    0.02607
    0.02198
   -0.07807
    0.03472
    0.02279
   -0.04785
   -0.06765
    0.10983
    0.01462
    0.01194
   -0.09430
    0.06843
   -0.04011
    0.08089
   -0.10477
    0.06962
   -0.01199
    0.00304
   -0.06014
    0.08456
    0.11925
   -0.05138
   -0.05204
    0.02719
    0.03495
   -0.02643
   -0.04077
    0.02854
   -0.02056
   -0.00744
   -0.10546
    0.11993
    0.03535
   -0.01171
   -0.02066
   -0.00981
   -0.03877
   -0.04359
   -0.06259
    0.13016
   -0.00070
    0.01506
   -0.14982
    0.09016
   -0.03890
    0.02708
   -0.08900
    0.08917
   -0.01836
    0.01830
   -0.07439
    0.09056
    0.03640
   -0.05231
   -0.08733
    0.11399
   -0.14590
    0.20191
   -0.25028
    0.03684
    0.01409
   -0.00598
   -0.08238
    0.03958
    0.00706
    0.02265
   -0.05300
    0.01033
   -0.00402
   -0.02708
   -0.03791
    0.05581
    0.00488
    0.04496
   -0.08473
    0.02610
   -0.05002
    0.10922
   -0.11810
    0.02562
   -0.00889
    0.02861
   -0.09288
    0.06081
    0.04293
    0.01880
   -0.08146
    0.01959
   -0.06651
    0.15318
   -0.15404
    0.02943
    0.00061
   -0.02515
   -0.09432
    0.06902
    0.01092
    0.00138
   -0.04171
    0.02390
   -0.03051
   -0.02798
   -0.02748
    0.06463
    0.01352
    0.01716
   -0.10166
    0.03015
   -0.01889
    0.04117
   -0.13620
    0.05171
   -0.00923
    0.03668
   -0.09493
    0.06359
   -0.03207
   -0.02263
   -0.10186
    0.10269
    0.04331
   -0.02292
   -0.06526
    0.02643
    0.00494
   -0.00758
   -0.10221
    0.06927
    0.01649
    0.02529
   -0.05471
   -0.00087
    0.00850
   -0.05804
   -0.02200
    0.06400
    0.00000
    0.00025
   -0.03095
    0.02838
   -0.01380
    0.05012
   -0.09923
    0.04604
   -0.01369
    0.00502
   -0.02323
    0.04871
    0.07777
   -0.06521
   -0.00025
   -0.00100
    0.01722
   -0.05131
    0.01616
   -0.00074
    0.00290
   -0.04175
   -0.09364
    0.08042
   -0.00986
    0.02316
    0.00354
   -0.01350
    0.00147
   -0.07803
    0.01178
    0.05211
    0.01290
   -0.02119
   -0.09221
    0.05163
    0.00582
   -0.00776
   -0.09237
    0.05990
   -0.01421
    0.03210
   -0.04946
    0.04191
    0.00751
   -0.04257
   -0.03689
    0.06288
    0.04110
   -0.03541
   -0.06783
    0.05040
    0.04761
   -0.04296
   -0.10992
    0.07052
    0.01806
   -0.00035
   -0.05425
    0.03059
    0.03903
   -0.08826
   -0.01018
    0.06603
    0.02015
   -0.01149
   -0.05409
    0.03567
   -0.04512
    0.07821
   -0.10787
    0.05392
   -0.05277
    0.00728
   -0.02798
    0.07018
    0.06887
   -0.05497
   -0.03879
    0.04517
    0.04370
   -0.05112
   -0.05564
    0.05123
   -0.01315
   -0.02435
   -0.04880
    0.07181
    0.00962
   -0.01901
    0.02981
   -0.02163
   -0.00170
   -0.06081
   -0.00194
    0.05942
    0.27214
   -0.15314
   -0.17005
   -0.08240
    0.00684
   -0.01309
   -0.15082
    0.09954
    0.14784
   -0.06222
   -0.11785
    0.01435
    0.04335
   -0.06796
   -0.03546
    0.07793
    0.05525
   -0.01833
   -0.08635
    0.04131
    0.02673
   -0.01959
   -0.07295
    0.05007
    0.00868
    0.01895
   -0.05759
    0.04223
    0.03776
   -0.07412
   -0.02605
    0.05705
    0.02885
   -0.00791
   -0.07214
    0.04296
   -0.02683
    0.06832
   -0.09726
    0.05311
   -0.01774
    0.00855
   -0.02212
    0.04148
    0.15102
   -0.07217
   -0.03958
   -0.00847
    0.03744
   -0.03494
   -0.03509
    0.01428
   -0.01107
   -0.01023
   -0.07509
    0.07261
    0.00636
   -0.04846
    0.05809
   -0.03469
   -0.03819
   -0.09340
   -0.01694
    0.10006
    0.01256
   -0.00322
   -0.06101
    0.03650
    0.00525
    0.01876
   -0.09439
    0.05385
    0.00494
    0.00085
   -0.04637
    0.05075
    0.04433
   -0.05917
   -0.05852
    0.07982
    0.03949
    0.07257
   -0.17266
    0.03143
    0.03297
   -0.03985
   -0.11717
    0.06682
    0.00225
    0.05990
   -0.09289
    0.01068
    0.03149
   -0.04311
   -0.04289
    0.04535
    0.01515
    0.01203
   -0.07687
    0.03254
   -0.03007
    0.06211
   -0.11056
    0.05390
   -0.00714
    0.05423
   -0.08722
    0.02965
    0.08179
   -0.02959
   -0.06087
    0.02555
    0.05376
   -0.01639
   -0.08391
    0.01955
    0.00721
   -0.06583
   -0.10292
    0.09457
    0.01968
    0.00987
   -0.02792
   -0.00962
   -0.01924
   -0.08194
    0.03307
    0.04906
    0.05914
    0.02542
   -0.15418
    0.03282
   -0.01131
    0.00569
   -0.09703
    0.06203
    0.00459
    0.02884
   -0.07151
    0.03818
    0.02479
   -0.04812
   -0.06760
    0.08783
    0.01717
    0.03569
   -0.06667
    0.00724
    0.01409
   -0.00548
   -0.10777
    0.04329
    0.01407
    0.01897
   -0.06826
    0.01915
   -0.03604
   -0.02258
   -0.00351
    0.05891
   -0.02103
   -0.01269
   -0.04973
    0.06469
   -0.04284
    0.08693
   -0.14957
    0.05198
   -0.03625
    0.01002
   -0.01383
    0.05117
    0.02417
   -0.04639
    0.00688
    0.01151
    0.02023
   -0.03298
   -0.01281
    0.01078
   -0.02237
   -0.04292
   -0.12787
    0.10808
    0.00614
    0.01158
   -0.00098
   -0.01733
   -0.08913
   -0.06176
    0.00186
    0.11211
   -0.08008
    0.03089
   -0.11687
    0.07592
   -0.02346
    0.02190
   -0.11915
    0.06261
   -0.01803
    0.03021
   -0.06558
    0.04635
   -0.06900
   -0.01444
   -0.04165
    0.08341
    0.03531
   -0.03483
   -0.07287
    0.05977
    0.04011
   -0.04141
   -0.14551
    0.08619
    0.03802
   -0.02135
   -0.04965
    0.02396
    0.05548
   -0.10175
   -0.03060
    0.09243
    0.01603
   -0.01300
   -0.09590
    0.07558
   -0.07187
    0.07181
   -0.12107
    0.07323
   -0.03733
   -0.00295
   -0.06111
    0.08831
    0.11041
   -0.07922
   -0.05300
    0.06342
    0.04243
   -0.05608
   -0.06062
    0.06164
    0.00630
   -0.05834
   -0.07158
    0.09797
    0.02900
   -0.04594
    0.00640
    0.01258
   -0.04989
   -0.09265
   -0.00661
    0.13018
    0.10141
   -0.03002
   -0.10698
    0.01823
   -0.02765
   -0.00710
   -0.16604
    0.11029
    0.04412
   -0.01872
   -0.09104
    0.06549
    0.01627
   -0.08279
   -0.06097
    0.11638
    0.04873
    0.00280
   -0.09629
    0.04674
    0.04413
   -0.03637
   -0.13539
    0.07766
    0.05457
   -0.00995
   -0.08876
    0.02478
    0.05070
   -0.07944
   -0.05514
    0.07427
    0.02858
   -0.00003
   -0.09951
    0.06596
   -0.03616
    0.07243
   -0.12941
    0.07059
   -0.00028
   -0.00356
   -0.04931
    0.06368
    0.16807
   -0.07111
   -0.06809
    0.01248
    0.03149
   -0.03189
   -0.06740
    0.04954
   -0.00016
   -0.05122
   -0.12179
    0.11676
    0.03108
   -0.01526
   -0.02491
    0.00052
   -0.03332
   -0.06862
   -0.05145
    0.12350
    0.00376
   -0.00490
   -0.11826
    0.07171
   -0.00860
    0.01203
   -0.11640
    0.07658
   -0.00682
    0.00255
   -0.07561
    0.07790
    0.03420
   -0.05301
   -0.07592
    0.09352
   -0.00913
    0.10014
   -0.07929
   -0.01569
    0.01407
   -0.03136
   -0.10036
    0.05610
    0.00196
    0.01937
   -0.03451
    0.00315
   -0.05136
   -0.02946
    0.00645
    0.05609
    0.00968
    0.01525
   -0.09504
    0.04533
   -0.05208
    0.08935
   -0.13464
    0.03970
   -0.02093
    0.03635
   -0.08519
    0.06062
    0.08507
   -0.03702
   -0.07024
    0.02765
    0.02063
   -0.00606
   -0.06340
    0.02829
   -0.01166
   -0.04725
   -0.11475
    0.10043
    0.01906
   -0.00898
   -0.01322
   -0.00113
   -0.08101
   -0.05380
    0.01686
    0.07195
   -0.01626
    0.04676
   -0.12083
    0.03312
   -0.03775
    0.01368
   -0.11506
    0.06502
   -0.02234
    0.02812
   -0.05907
    0.05283
   -0.07534
   -0.07495
   -0.11412
    0.13309
