IntronPotTab 1 1024 -65.34560 1.65412 90.31260 56901 6 16 2507.99
   -0.00553
   -0.01508
   -0.01526
    0.02717
    0.00003
   -0.00194
   -0.04068
    0.03042
   -0.00955
   -0.01806
   -0.01112
    0.03028
   -0.00487
   -0.02160
    0.00082
    0.01515
   -0.00776
   -0.01199
   -0.01274
    0.02752
    0.00889
   -0.00425
   -0.02990
    0.01742
   -0.00019
   -0.02403
    0.00415
    0.01736
    0.01379
   -0.03043
    0.00023
    0.00603
   -0.00296
   -0.01658
   -0.00992
    0.02567
    0.02467
   -0.02288
   -0.04036
    0.01616
   -0.01059
   -0.01912
    0.00788
    0.01918
   -0.00081
   -0.01998
    0.00395
    0.00869
    0.00127
   -0.02077
    0.00267
    0.00771
    0.00176
   -0.02228
   -0.01492
    0.02191
   -0.00919
   -0.00245
   -0.01551
    0.01804
    0.00048
   -0.02774
    0.00620
    0.00812
    0.00269
   -0.02384
   -0.02006
    0.02592
    0.00633
   -0.01601
   -0.03157
    0.02832
   -0.00480
   -0.01525
   -0.02776
    0.03601
    0.01114
   -0.03628
   -0.00159
    0.01143
   -0.00704
    0.00132
   -0.01362
    0.01932
    0.02017
   -0.01783
   -0.02311
    0.01085
    0.00561
   -0.02723
   -0.00412
    0.02295
    0.02317
   -0.02954
   -0.01795
    0.01326
    0.00529
   -0.02222
   -0.00619
    0.01987
    0.02937
   -0.03036
   -0.03441
    0.02225
   -0.01439
   -0.00765
   -0.00397
    0.02513
    0.01985
   -0.02116
   -0.01472
    0.01315
    0.00379
   -0.02896
    0.00660
    0.01308
    0.01551
   -0.03107
   -0.01274
    0.01635
   -0.00476
   -0.01127
   -0.01302
    0.02502
    0.02015
   -0.04012
    0.00652
    0.00697
    0.00080
   -0.01722
   -0.02575
    0.03508
    0.01483
   -0.00633
   -0.04384
    0.02740
    0.00093
   -0.01906
   -0.00606
    0.02391
    0.00738
   -0.03500
   -0.00501
    0.01514
    0.00104
   -0.01771
   -0.01070
    0.02566
    0.00444
    0.01333
   -0.03361
    0.01423
    0.01887
   -0.03693
   -0.00331
    0.01778
    0.01444
   -0.01254
   -0.01924
    0.01524
    0.00740
   -0.01868
   -0.01901
    0.02603
    0.03121
   -0.02285
   -0.05823
    0.02588
   -0.00950
   -0.00808
   -0.00556
    0.02140
   -0.00215
   -0.01278
    0.00200
    0.01039
    0.00373
   -0.02654
    0.00237
    0.01114
   -0.00112
   -0.01316
   -0.01815
    0.02732
   -0.01340
   -0.00581
    0.00663
    0.01156
    0.00658
   -0.03878
    0.00437
    0.01329
   -0.00389
   -0.01030
   -0.01944
    0.01847
    0.00593
   -0.00674
   -0.03780
    0.02052
    0.00018
   -0.02383
   -0.00935
    0.02232
   -0.01115
   -0.01561
    0.00677
    0.01301
   -0.00007
   -0.01662
   -0.01388
    0.02194
    0.01309
   -0.01455
   -0.02300
    0.01582
   -0.00112
   -0.02011
   -0.00360
    0.02015
    0.01240
   -0.01937
   -0.00686
    0.00661
    0.00563
   -0.02523
   -0.00568
    0.01610
    0.01620
   -0.01207
   -0.03682
    0.01856
   -0.00236
   -0.03185
    0.01792
    0.01605
    0.00599
   -0.01882
    0.00492
    0.00329
    0.00719
   -0.02189
   -0.00665
    0.00752
    0.01329
   -0.02557
   -0.02578
    0.02122
    0.00229
   -0.00758
   -0.02022
    0.01365
    0.00761
   -0.02689
    0.00845
    0.00347
   -0.00551
   -0.00545
   -0.01411
    0.02177
    0.00595
   -0.00695
   -0.02890
    0.02329
   -0.01093
   -0.01604
    0.00128
    0.02525
    0.00678
   -0.02716
    0.00212
    0.00652
    0.00134
   -0.02693
   -0.00847
    0.03196
    0.00783
    0.00568
   -0.03663
    0.01811
    0.00405
   -0.03276
    0.02099
    0.00601
    0.00714
   -0.02976
    0.00042
    0.01397
    0.00388
   -0.01131
   -0.01579
    0.01860
    0.01626
    0.01012
   -0.05570
    0.02141
   -0.01753
   -0.02262
    0.01575
    0.02121
    0.01411
   -0.03369
    0.00349
    0.00490
    0.00318
   -0.01130
    0.00427
    0.00160
    0.01012
   -0.00387
   -0.04664
    0.02553
   -0.01279
    0.00069
   -0.01813
    0.02255
    0.00310
   -0.02627
    0.01946
    0.00079
    0.01643
   -0.02647
   -0.02168
    0.01400
   -0.00136
    0.01464
   -0.06050
    0.02664
   -0.00455
   -0.03127
   -0.02510
    0.04621
    0.01008
   -0.02646
   -0.00696
    0.01621
   -0.01210
    0.01464
   -0.04332
    0.02602
    0.01569
   -0.00907
   -0.03582
    0.02521
   -0.00856
    0.00682
   -0.04027
    0.02876
    0.01103
   -0.02705
   -0.00430
    0.01710
    0.00520
   -0.02113
   -0.01866
    0.02889
    0.02224
   -0.00641
   -0.02838
    0.01020
   -0.00798
   -0.02062
   -0.02464
    0.04012
    0.00827
   -0.03241
    0.00985
    0.01106
   -0.00469
   -0.00172
   -0.00078
    0.00717
    0.01338
   -0.02659
   -0.02940
    0.03471
   -0.01193
   -0.00257
   -0.01571
    0.02655
    0.01570
   -0.03404
    0.01316
    0.00742
    0.01037
   -0.03199
   -0.02028
    0.02961
    0.00433
   -0.00247
   -0.02499
    0.02771
    0.00200
   -0.00744
   -0.01524
    0.02003
    0.00598
   -0.02255
   -0.02197
    0.02583
    0.00331
   -0.01582
   -0.03673
    0.04332
    0.01349
    0.01173
   -0.03111
    0.00902
    0.01706
   -0.03029
    0.00362
    0.01146
    0.00828
   -0.02899
   -0.01389
    0.02895
    0.00044
   -0.00662
   -0.02355
    0.03072
    0.03269
   -0.01987
   -0.05279
    0.03632
   -0.00936
   -0.02192
   -0.00831
    0.03506
    0.00840
   -0.02420
   -0.00068
    0.01113
    0.01928
   -0.04278
   -0.00709
    0.01157
   -0.00644
    0.00379
   -0.01710
    0.02269
    0.00477
   -0.00812
   -0.01593
    0.01402
    0.01345
   -0.03951
    0.01381
    0.00608
   -0.00482
   -0.01288
   -0.00328
    0.01773
    0.00567
    0.01335
   -0.05408
    0.01699
   -0.01061
   -0.02033
   -0.00255
    0.02862
   -0.00119
   -0.02606
    0.00697
    0.00969
    0.00500
   -0.00846
   -0.02395
    0.02120
    0.01958
   -0.00306
   -0.03737
    0.01251
    0.00203
   -0.01370
   -0.01583
    0.02037
    0.00349
   -0.02575
    0.00640
    0.01289
    0.00072
   -0.02120
   -0.00304
    0.01904
    0.01762
    0.00975
   -0.06066
    0.01780
   -0.00774
   -0.01913
   -0.01030
    0.02818
    0.00654
   -0.02331
    0.00381
    0.00795
    0.00811
   -0.02792
    0.00387
    0.00627
    0.02108
   -0.01790
   -0.03306
    0.01424
   -0.00695
    0.00374
   -0.01282
    0.01197
    0.00807
   -0.03075
    0.01576
    0.00284
   -0.00130
   -0.01751
   -0.02053
    0.02721
    0.00809
   -0.00218
   -0.04649
    0.02907
   -0.02120
   -0.00334
   -0.00606
    0.03018
    0.00158
   -0.02750
   -0.00373
    0.01624
   -0.00453
   -0.01284
   -0.01939
    0.02857
   -0.00326
   -0.00711
   -0.03164
    0.03147
    0.00603
   -0.03899
    0.00382
    0.01908
    0.01900
   -0.02963
   -0.00599
    0.01001
    0.00323
   -0.01472
   -0.01851
    0.02563
    0.00896
    0.00331
   -0.05928
    0.03219
   -0.01931
   -0.01266
   -0.00377
    0.03540
    0.00449
   -0.02373
   -0.00388
    0.01428
    0.00760
   -0.02593
    0.00004
    0.00689
    0.00586
   -0.00325
   -0.02970
    0.02245
   -0.01444
   -0.00371
   -0.01391
    0.02642
    0.00190
   -0.02233
    0.00587
    0.00638
    0.00686
   -0.02255
   -0.02195
    0.02371
    0.01353
   -0.00266
   -0.04215
    0.02491
    0.00181
   -0.02690
   -0.01863
    0.03669
    0.00044
   -0.03569
   -0.00069
    0.01940
    0.00517
   -0.00212
   -0.02148
    0.01395
    0.02610
   -0.00124
   -0.05018
    0.00993
   -0.01595
   -0.02733
   -0.00693
    0.04453
    0.03358
   -0.02939
   -0.01854
    0.00969
   -0.00426
   -0.00239
   -0.01518
    0.02302
    0.02829
    0.00050
   -0.03597
    0.00699
   -0.00752
   -0.02449
    0.01473
    0.02086
    0.01875
   -0.02933
   -0.01289
    0.01894
   -0.00031
   -0.02272
    0.01029
    0.01108
    0.02009
   -0.02360
   -0.02184
    0.01885
   -0.00815
   -0.01266
   -0.01671
    0.03047
    0.02292
   -0.02856
    0.00544
    0.00351
    0.00913
   -0.02662
   -0.02028
    0.02636
    0.00682
   -0.00021
   -0.03004
    0.02502
   -0.00617
   -0.00353
   -0.01104
    0.02360
    0.00769
   -0.02351
    0.00020
    0.00995
   -0.00400
   -0.02091
    0.00124
    0.02243
    0.01594
   -0.00699
   -0.03709
    0.02458
    0.00558
   -0.01734
    0.00215
    0.01017
    0.01256
   -0.01324
   -0.00179
    0.00378
    0.01025
   -0.01647
   -0.01226
    0.01388
    0.02495
   -0.01979
   -0.05829
    0.03627
   -0.03761
   -0.03431
    0.06010
   -0.01501
   -0.00260
   -0.02175
    0.00967
    0.00722
   -0.01558
   -0.00972
    0.02374
    0.00184
    0.00842
   -0.01814
   -0.01916
    0.02253
   -0.03159
   -0.00346
    0.02338
    0.00196
    0.01161
   -0.03611
    0.00076
    0.01275
    0.00793
   -0.00828
   -0.04394
    0.01791
    0.01158
    0.00849
   -0.06259
    0.02186
   -0.00658
   -0.03139
    0.01422
    0.01804
   -0.00142
   -0.02419
    0.00799
    0.00743
    0.00228
   -0.01564
   -0.01769
    0.02449
    0.01701
   -0.02267
   -0.02751
    0.02176
   -0.00447
   -0.00684
   -0.01345
    0.01896
    0.01119
   -0.01532
    0.00445
   -0.00067
    0.01348
   -0.02469
   -0.01068
    0.01521
    0.02832
    0.00083
   -0.06100
    0.01610
   -0.01626
   -0.02217
    0.01769
    0.01681
    0.00530
   -0.01498
   -0.00813
    0.01118
    0.01028
   -0.02150
   -0.00757
    0.01031
    0.01876
   -0.01928
   -0.03554
    0.02239
   -0.00583
    0.00101
   -0.01316
    0.01115
    0.00044
   -0.02357
    0.01681
    0.00350
    0.00136
   -0.01729
   -0.01852
    0.01553
    0.00889
    0.00494
   -0.04668
    0.01713
   -0.00310
   -0.01308
   -0.00632
    0.01568
    0.00180
   -0.02761
    0.00207
    0.00739
    0.00265
   -0.02809
   -0.01728
    0.02548
    0.01566
   -0.01505
   -0.03161
    0.01441
    0.00564
   -0.02978
   -0.00571
    0.01766
    0.01954
   -0.03567
    0.01004
   -0.00437
   -0.00062
   -0.00949
   -0.03450
    0.02794
    0.02026
   -0.00326
   -0.05302
    0.02194
   -0.00790
   -0.00773
   -0.01495
    0.02051
    0.00534
   -0.02088
   -0.00226
    0.00731
    0.02072
   -0.01657
    0.00206
   -0.01176
    0.01081
   -0.01528
   -0.03129
    0.01806
   -0.00390
   -0.01007
   -0.01472
    0.01672
    0.00844
   -0.02431
    0.00512
    0.00081
    0.00895
   -0.03203
   -0.02069
    0.02229
    0.02121
   -0.01700
   -0.03233
    0.01760
   -0.00319
   -0.02816
   -0.02441
    0.03749
    0.01244
   -0.03950
   -0.00467
    0.01635
    0.00142
   -0.00343
   -0.02412
    0.02233
    0.02383
   -0.01201
   -0.03019
    0.01099
    0.01651
   -0.02520
   -0.00396
    0.01042
    0.03354
   -0.03288
   -0.01470
    0.01280
    0.00551
   -0.02297
   -0.00942
    0.01917
    0.02704
   -0.02438
   -0.03012
    0.02055
    0.00635
   -0.03604
   -0.01502
    0.03378
    0.01810
   -0.02235
    0.00021
    0.00510
    0.00959
   -0.02183
   -0.00382
    0.00747
    0.02978
   -0.04077
   -0.01773
    0.01054
   -0.00564
   -0.00033
   -0.01746
    0.01586
    0.02329
   -0.03612
    0.01131
    0.00276
    0.00783
   -0.02231
   -0.01914
    0.02049
    0.02107
    0.00202
   -0.05346
    0.02638
    0.00882
   -0.00599
   -0.01665
    0.00770
    0.00979
   -0.03031
   -0.00758
    0.01189
    0.00030
   -0.01296
   -0.02418
    0.02930
    0.01934
   -0.00429
   -0.04257
    0.01887
    0.01864
   -0.02814
   -0.00561
    0.01146
    0.01437
   -0.02074
   -0.01247
    0.01326
    0.00636
   -0.01495
   -0.01329
    0.01763
    0.04344
   -0.02213
   -0.05503
    0.02303
   -0.01126
   -0.00635
   -0.00803
    0.02289
    0.01245
   -0.02808
   -0.00246
    0.00827
    0.00693
   -0.02309
    0.00427
    0.00455
    0.01357
   -0.01743
   -0.03639
    0.02386
    0.00353
    0.00213
   -0.00386
   -0.00204
    0.01996
   -0.03321
    0.00341
    0.00182
    0.00255
   -0.00895
   -0.01977
    0.01105
    0.00583
   -0.01683
   -0.01479
    0.01317
    0.00105
   -0.02142
   -0.00929
    0.01932
    0.00582
   -0.01712
    0.00266
    0.00112
    0.00050
   -0.00730
   -0.02439
    0.02101
    0.01315
   -0.01147
   -0.03033
    0.01584
    0.00667
   -0.02568
   -0.00312
    0.01463
    0.01244
   -0.00608
    0.00854
   -0.00968
    0.00182
   -0.01643
   -0.00055
    0.01000
    0.02423
   -0.00709
   -0.04778
    0.01283
   -0.00639
   -0.01120
    0.00191
    0.01410
    0.00476
   -0.01610
    0.01147
   -0.00274
    0.00976
   -0.01468
   -0.01228
    0.00344
    0.01350
   -0.01799
   -0.02493
    0.01277
   -0.00059
   -0.00380
   -0.00538
    0.00512
    0.01384
   -0.02176
    0.00993
   -0.00317
