IntronPotTab 1 1024 0.57163
    0.04932
    0.00828
   -0.06601
    0.02404
    0.01964
    0.00950
   -0.08900
    0.04455
   -0.02252
    0.03262
   -0.04773
    0.04973
    0.03362
   -0.01525
   -0.05188
    0.05379
   -0.02945
    0.04659
   -0.04683
    0.05538
   -0.01985
    0.00872
   -0.03032
    0.03279
   -0.02767
    0.02517
   -0.02899
    0.03751
    0.03724
   -0.00829
   -0.02550
    0.01168
   -0.02191
    0.00836
   -0.01445
    0.03932
   -0.02910
    0.00416
   -0.05751
    0.05947
   -0.01532
    0.01586
   -0.02508
    0.01861
    0.00310
   -0.01862
   -0.02242
    0.04203
    0.00838
   -0.01491
   -0.05704
    0.05737
    0.00320
    0.00182
   -0.08016
    0.05501
    0.01668
    0.00814
   -0.07820
    0.06247
    0.05128
   -0.02013
   -0.04791
    0.05123
    0.01492
    0.00100
   -0.04285
    0.04027
    0.03667
   -0.04663
   -0.05155
    0.05675
   -0.01662
   -0.00323
   -0.02449
    0.05942
    0.02621
   -0.02969
   -0.02393
    0.03971
   -0.01698
    0.02024
   -0.05285
    0.06082
   -0.02783
    0.02803
   -0.05267
    0.04386
    0.00721
    0.01032
   -0.07580
    0.03205
    0.01506
   -0.00219
   -0.02556
    0.01536
   -0.00081
   -0.03620
    0.00005
    0.04239
   -0.03616
   -0.03033
    0.03837
    0.04116
   -0.00052
   -0.02169
   -0.01847
    0.04428
   -0.03330
   -0.03646
    0.02517
    0.04361
    0.08434
   -0.02717
   -0.04888
    0.01897
    0.03385
   -0.03070
   -0.06562
    0.04468
    0.05348
   -0.01593
   -0.09431
    0.06788
    0.05914
   -0.04569
   -0.02938
    0.04762
    0.00523
    0.01451
   -0.06306
    0.07087
    0.00948
    0.00522
   -0.09022
    0.08003
    0.01116
    0.01733
   -0.05431
    0.02793
    0.00009
    0.01419
   -0.04547
    0.03793
   -0.02833
    0.03017
   -0.04676
    0.07231
   -0.02107
    0.02908
   -0.07810
    0.05237
   -0.02928
    0.01840
   -0.03597
    0.04633
   -0.00859
    0.03044
   -0.04024
    0.01302
   -0.00615
   -0.00815
   -0.01942
    0.03309
   -0.01278
    0.00541
   -0.06688
    0.06015
   -0.01295
   -0.00037
   -0.05483
    0.04687
   -0.03073
    0.01150
   -0.04570
    0.05487
   -0.00254
    0.00585
   -0.07932
    0.06660
   -0.00744
   -0.00196
   -0.06483
    0.06043
   -0.00664
    0.01269
   -0.05906
    0.06078
    0.06746
   -0.03127
   -0.03823
    0.04462
   -0.00056
    0.05694
   -0.03741
   -0.01427
    0.00808
    0.01406
   -0.08292
    0.03694
   -0.04296
    0.01801
   -0.00442
    0.04869
    0.03897
   -0.02398
   -0.02022
    0.01196
   -0.04478
    0.04381
   -0.03545
    0.06914
   -0.02709
    0.03523
   -0.07190
    0.05387
   -0.03296
    0.01733
   -0.00601
    0.03218
    0.02151
    0.02537
   -0.03433
   -0.00096
   -0.02901
    0.03194
   -0.06920
    0.05534
   -0.00670
   -0.02604
   -0.04395
    0.06078
   -0.00824
   -0.00333
   -0.02003
    0.03164
   -0.04098
   -0.02888
    0.00637
    0.05512
    0.01953
   -0.02933
   -0.06502
    0.05919
    0.02970
   -0.00635
   -0.08175
    0.04205
   -0.00019
    0.02593
   -0.07697
    0.05404
    0.03670
   -0.00618
   -0.05731
    0.05912
    0.00034
    0.03334
   -0.07467
    0.06508
   -0.01402
    0.01826
   -0.05664
    0.04656
   -0.05948
    0.02999
   -0.02560
    0.06479
   -0.00167
    0.01259
   -0.03762
    0.02961
   -0.03521
    0.08124
   -0.08634
    0.05254
   -0.03444
    0.03547
   -0.05580
    0.04063
   -0.03270
    0.04006
   -0.08530
    0.05680
    0.01153
    0.03042
   -0.04912
    0.00818
   -0.03208
    0.00877
   -0.03210
    0.06127
   -0.04433
    0.01668
   -0.04602
    0.05615
   -0.02887
    0.02469
   -0.03404
    0.02417
   -0.04333
    0.00676
   -0.00182
    0.02376
   -0.06700
    0.04267
   -0.06972
    0.05555
   -0.03756
    0.01441
   -0.05931
    0.06500
   -0.02301
    0.06007
   -0.11517
    0.05887
    0.02112
    0.01932
   -0.06853
    0.04091
    0.02466
   -0.00869
   -0.05079
    0.03276
    0.01876
   -0.03847
   -0.04353
    0.05459
   -0.00645
   -0.00846
   -0.02196
    0.03958
   -0.01800
   -0.02909
   -0.00891
    0.04543
   -0.01111
    0.02205
   -0.06533
    0.05824
   -0.03518
    0.00866
   -0.05477
    0.06196
   -0.04579
    0.01031
   -0.04432
    0.05606
    0.03437
   -0.02129
   -0.02359
    0.01968
    0.01029
   -0.04890
   -0.00143
    0.04119
   -0.01639
   -0.04677
    0.01743
    0.04669
   -0.01321
    0.00385
   -0.00705
    0.01340
   -0.04783
   -0.04062
    0.03978
    0.04147
    0.04766
   -0.06080
   -0.05598
    0.07088
    0.00580
   -0.03303
   -0.05846
    0.05686
    0.01375
    0.00047
   -0.08966
    0.06433
    0.07054
   -0.03829
   -0.03341
    0.04115
    0.00743
    0.01630
   -0.06600
    0.04619
   -0.02833
   -0.00032
   -0.03774
    0.06156
   -0.01142
    0.01832
   -0.07526
    0.06450
   -0.01513
    0.01124
   -0.04124
    0.04496
   -0.02785
    0.01282
   -0.05164
    0.06849
   -0.02896
    0.02958
   -0.05192
    0.04119
   -0.06068
    0.02771
   -0.06882
    0.07243
    0.00304
    0.01893
   -0.04006
    0.01665
   -0.00567
   -0.00163
   -0.03102
    0.03087
   -0.02270
   -0.01806
   -0.05303
    0.07581
    0.01186
   -0.01398
   -0.00296
    0.00677
   -0.06310
    0.00568
   -0.00942
    0.04331
   -0.03729
    0.02435
   -0.09641
    0.06815
   -0.00893
    0.00873
   -0.07753
    0.05102
   -0.02595
    0.01714
   -0.07732
    0.07448
    0.05901
    0.00305
   -0.05542
    0.02941
   -0.03444
    0.03932
   -0.04978
    0.05648
    0.00492
   -0.00997
   -0.07344
    0.05367
   -0.02680
    0.00140
   -0.03367
    0.07009
    0.03185
   -0.02934
   -0.03674
    0.03888
   -0.05713
    0.03577
   -0.05437
    0.09777
   -0.04322
    0.05126
   -0.06017
    0.04098
   -0.04474
    0.01841
   -0.03938
    0.05893
    0.00610
    0.03918
   -0.03594
   -0.00068
   -0.06244
    0.05063
   -0.09333
    0.08174
   -0.05519
   -0.00376
   -0.03794
    0.06398
   -0.03149
    0.01899
   -0.06921
    0.06068
   -0.04418
    0.00364
   -0.02152
    0.04109
    0.01313
   -0.04715
   -0.06691
    0.07424
   -0.00375
    0.00677
   -0.08756
    0.04803
   -0.03078
    0.02580
   -0.08408
    0.07748
    0.02280
    0.01916
   -0.05449
    0.03600
    0.00272
    0.00282
   -0.01430
    0.01221
    0.00162
    0.00409
   -0.04047
    0.03277
   -0.05159
    0.02751
   -0.02113
    0.06639
    0.01022
   -0.00818
   -0.00049
    0.00124
   -0.01685
    0.04408
   -0.04426
    0.02795
   -0.03853
    0.02447
   -0.08275
    0.07542
   -0.03392
    0.03883
   -0.05068
    0.05338
    0.02050
    0.01178
   -0.03499
    0.01178
   -0.02588
    0.00761
    0.00251
    0.01971
   -0.03694
    0.00464
   -0.02291
    0.04614
   -0.02125
    0.05292
   -0.06731
    0.02448
   -0.00140
   -0.02238
   -0.00578
    0.02315
   -0.01478
    0.02516
   -0.06702
    0.03684
   -0.00576
   -0.00748
   -0.04164
    0.04185
   -0.00587
    0.01105
   -0.05689
    0.05787
    0.02803
   -0.00916
   -0.02768
    0.02522
    0.00316
   -0.00155
   -0.03268
    0.04119
    0.03859
   -0.05988
   -0.03673
    0.04252
   -0.02424
   -0.00785
   -0.01611
    0.06660
    0.00008
   -0.04623
   -0.00195
    0.04541
   -0.01592
    0.02259
   -0.03281
    0.03168
   -0.04431
    0.04144
   -0.04751
    0.05699
    0.00282
   -0.00978
   -0.03220
    0.02487
    0.00598
   -0.00865
   -0.00681
    0.00868
   -0.02930
    0.00309
   -0.01692
    0.04666
   -0.03140
   -0.03997
    0.01824
    0.05045
   -0.00917
   -0.02475
   -0.01545
    0.04789
    0.00089
   -0.02526
    0.00640
    0.01972
    0.04354
   -0.02575
   -0.06271
    0.04766
    0.03165
   -0.02816
   -0.07702
    0.04623
    0.02897
   -0.02259
   -0.07841
    0.08074
    0.09267
   -0.05239
   -0.03104
    0.04887
    0.01485
    0.00343
   -0.06381
    0.05920
    0.00143
    0.02195
   -0.07509
    0.05806
   -0.00269
    0.01451
   -0.05810
    0.05442
   -0.00574
    0.01188
   -0.04064
    0.03693
   -0.02681
    0.04102
   -0.05433
    0.05486
   -0.01746
    0.00821
   -0.08076
    0.07079
   -0.02787
    0.02718
   -0.06174
    0.05340
   -0.00232
    0.03738
   -0.03097
    0.00161
    0.01274
   -0.01283
   -0.04675
    0.03476
   -0.04045
    0.04579
   -0.03908
    0.04693
   -0.03896
   -0.01183
    0.04722
    0.01213
   -0.03480
   -0.02066
   -0.01866
    0.06001
   -0.00322
    0.00107
   -0.05739
    0.03772
   -0.02823
    0.01374
   -0.06940
    0.07171
   -0.01416
   -0.01175
   -0.07127
    0.09560
    0.04189
   -0.03094
   -0.04114
    0.04925
    0.00592
    0.06819
   -0.08337
    0.02809
    0.00770
   -0.01401
   -0.08304
    0.07033
   -0.03385
    0.04382
   -0.05413
    0.04814
    0.00656
   -0.01482
   -0.01203
    0.01963
   -0.03081
    0.04277
   -0.05169
    0.05820
   -0.04127
    0.02619
   -0.05947
    0.06951
   -0.03827
    0.04465
   -0.03944
    0.03645
    0.00625
    0.02508
   -0.02881
    0.00507
    0.00277
    0.02560
   -0.13878
    0.08323
   -0.03195
   -0.00285
   -0.11328
    0.09639
   -0.03994
    0.00568
   -0.02668
    0.05193
   -0.04462
   -0.03160
    0.00798
    0.04707
    0.00104
    0.01432
   -0.07716
    0.03318
   -0.00913
    0.00380
   -0.07840
    0.06301
   -0.00944
    0.00828
   -0.07374
    0.07788
    0.04825
   -0.01466
   -0.04779
    0.05129
    0.00659
    0.03653
   -0.07234
    0.04808
    0.00264
   -0.00735
   -0.07515
    0.06842
   -0.00557
    0.02810
   -0.06012
    0.02389
   -0.00023
    0.00401
   -0.03129
    0.03171
   -0.02429
    0.03331
   -0.06956
    0.07388
   -0.05573
    0.08207
   -0.10087
    0.02848
   -0.02475
    0.01409
   -0.08096
    0.07297
    0.00516
    0.00373
   -0.04268
    0.02757
    0.01650
   -0.00307
   -0.05077
    0.03401
   -0.02216
   -0.01008
   -0.05439
    0.05935
   -0.00226
    0.01656
   -0.04702
    0.01871
   -0.02771
   -0.00379
   -0.03057
    0.05089
   -0.03637
    0.05216
   -0.08511
    0.02625
   -0.01247
    0.01117
   -0.08057
    0.06755
    0.00725
    0.01524
   -0.10462
    0.07274
    0.01604
   -0.00498
   -0.06469
    0.06310
    0.02682
   -0.01118
   -0.06101
    0.04843
    0.04004
   -0.06252
   -0.07730
    0.06723
   -0.00410
   -0.01871
   -0.02965
    0.06018
    0.01998
   -0.06020
   -0.00786
    0.05401
   -0.01984
    0.01849
   -0.06097
    0.06897
   -0.04899
    0.00191
   -0.03189
    0.06609
   -0.00984
   -0.01563
   -0.04453
    0.05279
    0.01992
   -0.03604
   -0.02681
    0.03927
   -0.00089
   -0.05882
   -0.02123
    0.07768
   -0.00217
   -0.04319
   -0.01239
    0.04661
    0.00587
   -0.02523
   -0.03072
    0.03650
   -0.03141
   -0.08740
    0.06261
    0.06745
    0.07056
   -0.04314
   -0.08418
    0.05640
    0.05121
   -0.05008
   -0.08922
    0.05268
    0.04356
   -0.03604
   -0.10328
    0.09439
    0.15951
   -0.07752
   -0.04455
    0.06071
    0.00930
    0.03179
   -0.09629
    0.06719
   -0.00486
    0.00296
   -0.08072
    0.06898
    0.01671
   -0.00739
   -0.03026
    0.02314
    0.01394
    0.00211
   -0.08870
    0.08113
   -0.04939
    0.05397
   -0.06453
    0.08096
   -0.04526
    0.01484
   -0.04801
    0.06565
   -0.01509
    0.01008
   -0.04722
    0.03653
    0.00963
    0.00752
   -0.08182
    0.05741
   -0.01139
   -0.02476
   -0.02853
    0.05513
   -0.02271
    0.00316
   -0.06252
    0.05912
   -0.01571
   -0.01069
   -0.01546
    0.03307
   -0.02505
   -0.03353
   -0.04027
    0.08696
   -0.03548
    0.00698
   -0.08867
    0.08273
   -0.00226
   -0.00311
   -0.09237
    0.06828
   -0.01935
   -0.00071
   -0.09910
    0.10587
    0.05247
   -0.01937
   -0.08855
    0.07847
   -0.00785
    0.04551
   -0.05698
    0.02230
    0.00561
   -0.01390
   -0.10175
    0.07064
    0.00233
   -0.02723
   -0.02506
    0.05784
   -0.00751
   -0.01044
   -0.02175
    0.03553
   -0.03603
    0.05243
   -0.09008
    0.09455
   -0.04322
    0.03263
   -0.07581
    0.06785
   -0.03630
    0.02132
   -0.04882
    0.06222
    0.03731
    0.01657
   -0.03652
    0.00174
   -0.01917
    0.02958
   -0.11879
    0.07728
   -0.02856
   -0.02824
   -0.05056
    0.07325
   -0.01988
   -0.02325
   -0.02274
    0.06359
   -0.06837
   -0.03553
    0.03226
    0.04703
    0.00757
   -0.01676
   -0.11534
    0.08146
    0.03016
   -0.00376
   -0.10743
    0.04725
   -0.01335
   -0.00524
   -0.07699
    0.09861
    0.05107
   -0.03859
   -0.05034
    0.07016
