IntronPotTab 1 1024 0.76587
    0.00064
   -0.05467
   -0.09859
    0.03608
   -0.05795
    0.01042
   -0.03938
    0.07694
   -0.03147
   -0.03291
    0.00401
    0.05251
   -0.02829
   -0.00270
   -0.11166
    0.04532
   -0.03782
    0.02887
   -0.03438
    0.06602
   -0.09531
    0.10245
    0.05407
   -0.01254
   -0.01079
   -0.03808
    0.07318
   -0.02324
   -0.01280
   -0.00996
   -0.06928
    0.03142
   -0.05087
    0.04535
    0.01102
    0.06718
   -0.08162
    0.05476
    0.00549
    0.04982
   -0.04576
   -0.02896
    0.12766
   -0.03989
   -0.04942
    0.03170
   -0.07153
    0.04148
   -0.01682
   -0.00280
    0.01380
    0.01940
   -0.03965
    0.02505
   -0.00633
    0.02644
    0.00579
   -0.06562
   -0.00931
    0.02924
   -0.01931
   -0.04909
   -0.13201
    0.04837
    0.02545
   -0.13743
   -0.00064
    0.02415
   -0.03437
    0.02060
   -0.04381
    0.04608
   -0.00846
   -0.11211
    0.03260
    0.06663
    0.03436
   -0.07912
   -0.02514
    0.01066
   -0.01129
   -0.03021
    0.00420
    0.03404
   -0.07018
    0.03458
    0.01609
    0.03021
    0.02565
   -0.11634
    0.03222
   -0.00488
    0.05189
    0.00573
   -0.10204
   -0.00070
   -0.02038
   -0.02480
    0.02839
    0.02071
   -0.02511
    0.03127
   -0.04422
    0.01893
   -0.01411
   -0.08929
    0.09147
   -0.00238
    0.01552
   -0.00453
   -0.05524
    0.01752
   -0.00717
   -0.06530
    0.04093
    0.01907
   -0.02603
   -0.01888
    0.03204
    0.02034
    0.03484
   -0.10996
    0.02174
   -0.00455
    0.03684
   -0.11084
   -0.03176
    0.02963
    0.00769
   -0.03809
   -0.13053
    0.06157
   -0.05940
    0.07956
   -0.09856
    0.05690
   -0.01963
   -0.03819
   -0.00410
    0.06486
    0.01221
    0.02073
   -0.16102
    0.04230
   -0.00383
   -0.00280
   -0.05743
    0.04553
   -0.08840
    0.09674
   -0.00757
    0.02701
    0.00336
   -0.02788
    0.02092
   -0.00167
    0.00038
    0.04001
   -0.08340
    0.02036
   -0.02088
   -0.00714
   -0.02362
    0.05270
   -0.04075
    0.05917
   -0.02898
    0.02092
   -0.03069
   -0.06242
    0.03792
    0.03931
   -0.04919
    0.07099
   -0.05890
    0.02772
   -0.02475
    0.00745
    0.00942
    0.02577
   -0.05342
    0.03322
    0.00139
    0.02820
   -0.01840
   -0.09245
    0.03484
    0.04383
   -0.00669
   -0.02977
   -0.09207
    0.04911
   -0.02007
    0.00296
    0.05995
    0.01186
   -0.03518
    0.04745
    0.01189
    0.00548
   -0.02061
   -0.07012
    0.06412
    0.01656
   -0.01744
    0.01960
   -0.05607
    0.01513
   -0.02831
   -0.01698
    0.08728
   -0.01487
   -0.10769
    0.05204
    0.10989
    0.01488
    0.03103
   -0.10448
    0.06842
   -0.06714
    0.00124
    0.02513
   -0.03631
    0.00057
   -0.04288
    0.03671
    0.06497
    0.00360
   -0.06192
    0.05793
    0.02198
   -0.00220
   -0.07701
   -0.06372
    0.13424
    0.02766
   -0.00330
    0.05500
   -0.05086
   -0.00416
    0.00844
   -0.05698
    0.00710
    0.00069
   -0.06332
    0.00505
    0.00536
    0.04137
    0.01721
   -0.09322
    0.01887
    0.00785
   -0.04500
   -0.04129
   -0.09753
    0.04770
    0.02540
   -0.04629
   -0.07936
   -0.00183
   -0.13194
    0.13893
   -0.02113
    0.08767
   -0.00685
   -0.07551
    0.04767
    0.01449
    0.00199
    0.00622
   -0.07472
    0.01573
   -0.03741
    0.03824
    0.01532
    0.03338
   -0.13981
    0.12620
    0.00966
    0.04307
    0.00030
   -0.00993
    0.09933
   -0.06551
    0.01828
    0.00704
   -0.01517
   -0.00959
    0.00388
    0.01725
    0.00200
   -0.02027
   -0.13777
    0.08368
    0.06965
    0.05810
   -0.03769
    0.00412
    0.15094
   -0.10209
   -0.03655
    0.03730
   -0.00368
    0.00394
   -0.00700
    0.00381
    0.02931
   -0.00284
   -0.12250
    0.08369
    0.04126
    0.04581
    0.00527
   -0.04594
    0.03603
   -0.00416
   -0.00095
   -0.02441
   -0.09070
    0.02845
    0.02247
   -0.05471
    0.03111
   -0.02563
   -0.01447
   -0.05704
   -0.01153
    0.07126
    0.02382
   -0.12517
    0.05883
    0.00962
    0.03850
   -0.05957
    0.02551
   -0.00380
   -0.02637
    0.02456
    0.04202
    0.00481
   -0.08173
    0.03801
    0.04359
    0.01671
    0.03624
   -0.08929
    0.03421
   -0.03533
    0.03226
   -0.03389
    0.02457
   -0.00557
   -0.00711
    0.02249
    0.00223
   -0.00628
    0.12634
   -0.13209
   -0.08905
   -0.07647
    0.04320
   -0.12542
    0.02877
   -0.03252
    0.08075
   -0.03706
   -0.01976
   -0.03074
   -0.01299
   -0.02400
    0.02806
    0.01418
   -0.01096
   -0.05013
    0.01206
    0.04526
    0.01107
   -0.06195
    0.04867
   -0.01326
    0.05404
   -0.07429
    0.01050
    0.00643
    0.03397
    0.01116
   -0.08512
   -0.01889
   -0.03591
    0.07303
   -0.14115
    0.04605
   -0.01078
   -0.02610
   -0.00159
    0.03389
    0.02445
    0.01027
   -0.14233
    0.02519
    0.07749
   -0.06498
   -0.06755
   -0.09207
   -0.06976
    0.06988
   -0.00312
    0.02071
   -0.00906
   -0.00795
    0.02261
   -0.00145
    0.04220
    0.00845
   -0.08737
    0.01244
   -0.00592
    0.05925
   -0.11547
    0.01911
   -0.07709
    0.06430
   -0.02037
    0.03879
   -0.04493
   -0.04205
    0.06435
    0.02523
   -0.00684
    0.00933
   -0.12115
    0.04273
   -0.03558
    0.05686
   -0.01649
    0.01942
   -0.05394
    0.04921
   -0.03377
    0.02459
   -0.01132
   -0.07734
    0.02827
    0.03434
    0.06469
   -0.05507
   -0.12100
    0.03471
   -0.01489
    0.00064
    0.05334
    0.00817
   -0.06598
    0.05664
    0.02093
    0.02990
   -0.02123
   -0.08854
    0.07572
    0.02437
    0.00250
   -0.00285
   -0.04217
    0.00935
   -0.01524
    0.02891
    0.00237
    0.00889
   -0.11683
    0.10925
    0.07655
    0.00829
    0.02183
   -0.08594
    0.08525
   -0.05253
    0.03740
    0.00530
   -0.01488
   -0.02688
   -0.04668
    0.04199
    0.00266
    0.03590
   -0.07025
    0.07000
    0.09818
   -0.03330
   -0.04944
   -0.06766
    0.13951
   -0.01636
    0.00083
    0.03476
    0.00258
   -0.01760
    0.00472
   -0.04754
    0.00820
    0.00774
   -0.06066
    0.06992
    0.04801
   -0.01094
    0.03189
   -0.08102
    0.04896
   -0.03305
   -0.00787
   -0.00871
   -0.04954
    0.02054
    0.00517
   -0.00592
   -0.07399
    0.02408
   -0.09541
    0.11085
   -0.07413
    0.07055
   -0.06446
    0.00936
    0.08696
    0.01463
   -0.01235
   -0.00597
   -0.10058
    0.03859
   -0.04163
    0.05971
   -0.03186
    0.04788
   -0.09276
    0.06153
    0.00108
    0.05023
   -0.07285
    0.01251
    0.09331
    0.01536
   -0.00521
    0.01429
   -0.05894
    0.02250
   -0.06385
    0.04076
    0.02909
    0.05968
   -0.13050
    0.05018
   -0.02428
    0.08431
   -0.09881
   -0.05130
    0.15729
   -0.02148
   -0.03673
    0.02673
   -0.03557
    0.02810
   -0.04221
    0.05694
    0.01252
    0.02155
   -0.08558
    0.05678
    0.01439
    0.03473
   -0.05660
   -0.02250
    0.03748
    0.05239
   -0.00921
   -0.03875
   -0.11323
    0.04409
    0.04707
   -0.12237
    0.03891
   -0.04739
   -0.01864
    0.00694
   -0.04242
    0.03529
    0.00130
   -0.15842
    0.12122
    0.02175
    0.04248
   -0.07313
    0.01776
   -0.00417
   -0.01610
   -0.00845
    0.02603
    0.01553
   -0.07004
    0.04235
    0.05163
    0.01456
    0.02059
   -0.04953
    0.06310
   -0.05123
    0.04032
   -0.03833
   -0.00677
   -0.00381
    0.00481
   -0.03182
    0.04090
   -0.02209
   -0.04278
    0.04121
    0.00991
   -0.01069
    0.09866
   -0.15482
    0.02346
   -0.10512
    0.04630
   -0.01636
   -0.03856
    0.00236
   -0.02048
   -0.04278
    0.05408
    0.01627
   -0.02108
   -0.01662
    0.02267
    0.01550
    0.02510
   -0.14298
    0.05147
    0.02255
    0.07157
   -0.09490
   -0.03280
    0.01906
    0.02572
   -0.01125
   -0.07909
    0.01198
   -0.03389
    0.04585
   -0.08426
    0.05702
   -0.02168
   -0.02033
   -0.00511
    0.05634
    0.02386
   -0.00688
   -0.12508
    0.03315
   -0.02722
   -0.00349
   -0.02359
    0.05070
   -0.08704
    0.08467
    0.02588
    0.01416
   -0.01487
   -0.00503
   -0.00990
    0.03371
    0.02079
    0.00874
   -0.08377
    0.02811
   -0.03280
   -0.02062
    0.00161
    0.05073
   -0.08509
    0.04633
   -0.04358
    0.07292
   -0.05041
   -0.07361
    0.05399
    0.02471
   -0.04310
    0.00363
   -0.05703
    0.05235
   -0.07092
    0.06139
    0.02437
    0.03847
   -0.03920
    0.02074
    0.00175
    0.02429
   -0.02375
   -0.08345
   -0.03985
    0.08996
    0.00322
    0.04527
   -0.06949
    0.00981
   -0.01421
    0.01805
    0.01633
    0.01084
   -0.07836
    0.09524
    0.03531
   -0.00256
   -0.04987
   -0.05697
    0.10005
    0.02072
    0.00493
    0.04637
   -0.05902
   -0.00220
   -0.02990
    0.03410
    0.03279
    0.00914
   -0.11771
    0.00546
    0.18436
   -0.00966
   -0.01841
   -0.06819
    0.12286
   -0.07529
   -0.01963
    0.01487
   -0.00137
    0.00575
   -0.04208
    0.03585
    0.08362
   -0.00811
   -0.06694
    0.03932
    0.10234
   -0.01385
   -0.09141
   -0.05925
    0.16988
   -0.00304
    0.00852
    0.04162
   -0.02042
   -0.01368
   -0.01073
   -0.04472
    0.02805
    0.01466
   -0.08908
    0.04634
    0.11519
   -0.01466
    0.01253
   -0.06878
    0.07232
   -0.03887
   -0.00747
   -0.01382
   -0.07491
    0.03153
    0.00680
   -0.01493
   -0.09317
    0.02028
   -0.06691
    0.02808
   -0.01491
    0.05596
    0.00237
   -0.03204
    0.00289
    0.01170
   -0.02405
   -0.01002
   -0.10942
    0.03338
   -0.01270
    0.00813
   -0.03071
    0.02979
   -0.09396
    0.06505
    0.04001
    0.01285
   -0.00239
   -0.04425
    0.09608
   -0.07103
    0.01266
    0.00404
   -0.04180
    0.00437
   -0.02061
   -0.00029
    0.03377
    0.00858
   -0.08800
    0.04359
    0.02285
    0.03684
    0.00194
   -0.05210
    0.08754
   -0.05140
   -0.02297
    0.00683
   -0.00698
    0.01509
    0.00620
    0.00557
    0.00337
   -0.01001
   -0.06681
    0.03671
    0.02153
    0.02619
    0.00176
   -0.04815
   -0.00110
    0.01957
   -0.02014
   -0.02368
   -0.09092
    0.02768
    0.04336
   -0.11231
    0.00494
   -0.01757
   -0.02126
   -0.02561
   -0.04337
    0.05204
    0.05831
   -0.15898
   -0.00281
    0.00435
    0.04482
   -0.15891
    0.02753
    0.03027
    0.00938
   -0.02167
    0.00456
   -0.00573
   -0.05323
   -0.01037
    0.01266
    0.04654
   -0.01108
   -0.00751
    0.05904
   -0.07444
    0.08180
   -0.08662
    0.00541
    0.00968
    0.01129
   -0.08500
    0.01510
    0.01709
    0.00153
   -0.03590
   -0.02763
    0.04309
    0.01811
   -0.13421
    0.04551
    0.01929
    0.05844
   -0.09097
   -0.01562
    0.02203
    0.01467
   -0.10912
    0.02325
    0.01346
   -0.00097
   -0.05296
    0.02423
    0.02052
    0.06528
   -0.15367
    0.02039
   -0.03306
    0.10656
   -0.16099
    0.01089
    0.02028
    0.04737
   -0.05310
   -0.13597
    0.02505
   -0.03098
    0.04725
   -0.15056
    0.05940
    0.00675
   -0.07073
   -0.00651
    0.03360
    0.00406
   -0.01478
   -0.19860
    0.07243
    0.00266
    0.01713
   -0.04558
    0.01499
   -0.07510
    0.05826
   -0.00522
    0.03645
   -0.05432
   -0.12867
    0.14769
   -0.08264
    0.03124
    0.00614
   -0.12368
    0.04335
   -0.00811
    0.00020
   -0.06040
    0.05009
   -0.05228
    0.04926
   -0.04093
    0.03676
   -0.02534
   -0.06608
    0.03848
    0.03189
   -0.00474
    0.04486
   -0.11338
    0.03898
   -0.01051
   -0.01078
   -0.01481
    0.02374
   -0.04091
    0.05047
   -0.03407
    0.01340
   -0.00360
   -0.11020
    0.02301
    0.03597
    0.04946
   -0.04746
   -0.19451
    0.07329
   -0.00539
   -0.01461
    0.01848
    0.00663
   -0.03102
    0.01722
   -0.00496
    0.02388
   -0.01331
   -0.08383
    0.06897
    0.01273
    0.00666
   -0.01926
   -0.02991
    0.00657
    0.01264
   -0.00953
   -0.00597
   -0.01286
   -0.10998
    0.02684
    0.12033
    0.02280
    0.03176
   -0.11051
    0.08569
   -0.08294
    0.03572
   -0.02837
    0.03756
   -0.02554
   -0.00366
   -0.00445
    0.03004
   -0.01057
   -0.08212
   -0.01274
    0.17050
   -0.02062
   -0.04714
   -0.07774
    0.13583
   -0.01457
    0.01089
    0.03574
   -0.00153
   -0.01769
    0.01964
   -0.05688
   -0.03146
   -0.00172
   -0.05171
    0.01808
    0.06104
    0.00621
    0.03065
   -0.05785
    0.02652
   -0.02517
   -0.01828
   -0.03117
   -0.03080
    0.02892
