IntronPotTab 1 1024 -7.78807 1.23025 10.54214 7660 6 16  147.05
    0.07078
   -0.06708
   -0.08683
   -0.02261
    0.03913
   -0.06668
    0.01273
   -0.01000
    0.01609
   -0.02618
   -0.01353
    0.00322
    0.03388
   -0.08747
   -0.01120
    0.02672
   -0.01210
    0.01787
   -0.05475
    0.04687
    0.01294
    0.02802
   -0.02636
   -0.02813
    0.02947
    0.06450
   -0.04135
   -0.05961
    0.13664
   -0.10577
   -0.02894
   -0.02470
    0.00142
    0.00027
    0.01261
   -0.01186
    0.04027
   -0.04022
    0.00761
   -0.02534
    0.03753
   -0.01361
    0.05644
   -0.08253
   -0.01638
   -0.08226
    0.08703
   -0.00141
   -0.02711
    0.04456
   -0.04713
    0.02437
    0.03723
   -0.04459
    0.01506
   -0.02736
    0.06092
   -0.04015
   -0.06551
   -0.00073
    0.05544
   -0.09079
   -0.02270
    0.02526
    0.01341
   -0.01886
   -0.03549
    0.02539
    0.02496
   -0.03242
    0.02765
   -0.01425
   -0.02537
   -0.00358
    0.01743
    0.02134
    0.01997
   -0.10706
    0.01282
    0.04758
   -0.01646
    0.00026
    0.00594
    0.01689
   -0.03984
    0.06705
    0.02520
   -0.01732
   -0.01953
    0.05299
   -0.05370
    0.01554
    0.04951
   -0.07132
   -0.00517
    0.02132
    0.03541
   -0.08177
   -0.01216
    0.02687
    0.01863
   -0.00201
    0.04260
   -0.04739
    0.03893
   -0.03399
    0.03218
   -0.03231
   -0.06154
   -0.08094
    0.02900
    0.06500
    0.27689
   -0.22492
   -0.15316
   -0.17792
   -0.00629
   -0.03204
    0.03960
    0.00586
    0.04693
   -0.05216
   -0.03438
    0.02044
    0.06603
   -0.11175
   -0.10200
    0.09541
    0.04914
   -0.01763
   -0.09078
    0.02495
    0.00290
   -0.02262
   -0.01095
    0.02095
    0.04668
   -0.01740
   -0.02559
   -0.03817
    0.03307
   -0.06139
    0.01642
   -0.00335
    0.00390
    0.02528
   -0.02628
    0.00286
   -0.01406
    0.01795
    0.03147
   -0.01611
    0.00102
    0.04788
   -0.03213
   -0.01533
    0.07558
   -0.06894
   -0.02675
    0.01585
    0.01528
   -0.01579
   -0.04648
    0.02762
   -0.05062
    0.03130
   -0.00399
    0.02890
    0.00565
   -0.00881
    0.09394
   -0.07458
   -0.04232
   -0.04541
   -0.00466
    0.05697
   -0.01856
    0.00083
   -0.10486
    0.07560
   -0.00427
    0.00982
   -0.00438
    0.00074
    0.04173
   -0.03506
   -0.05806
    0.02750
    0.06646
   -0.09463
   -0.09605
    0.07444
   -0.00550
    0.02518
   -0.04455
    0.01262
   -0.05710
   -0.13951
   -0.13251
    0.16653
    0.05407
   -0.04159
   -0.00845
   -0.03516
    0.01291
   -0.09459
    0.00986
    0.03446
   -0.00430
    0.02027
   -0.05827
    0.02583
   -0.02066
    0.08081
   -0.00877
   -0.02262
    0.02036
    0.00340
    0.00708
   -0.03269
    0.05956
   -0.03528
   -0.00705
   -0.01233
    0.01097
   -0.07075
    0.01548
    0.01209
    0.00827
   -0.02455
   -0.00804
    0.01045
    0.05810
   -0.02208
    0.00429
   -0.05658
   -0.07917
   -0.09157
    0.08445
    0.04366
   -0.00366
    0.00509
   -0.11018
    0.04406
    0.01790
   -0.01566
   -0.00761
   -0.00697
    0.04125
   -0.00182
   -0.08287
    0.01090
    0.01449
   -0.10544
   -0.06537
    0.07979
    0.00019
    0.03624
   -0.04534
    0.00734
    0.00883
    0.03642
   -0.08154
    0.00407
    0.01641
    0.00887
   -0.06064
    0.01243
   -0.02590
   -0.02917
   -0.06125
    0.06662
   -0.01955
    0.06995
   -0.04899
    0.00915
   -0.00465
    0.09477
   -0.03365
   -0.03653
    0.00330
    0.06511
   -0.01029
   -0.05152
    0.02870
   -0.00590
   -0.02681
    0.00102
    0.00948
   -0.01726
    0.01676
   -0.01536
   -0.03441
    0.05199
    0.07456
   -0.03985
    0.02462
   -0.00296
    0.03045
   -0.04984
   -0.05238
    0.01475
    0.01755
    0.01781
   -0.00901
   -0.01518
    0.00645
    0.01317
   -0.03125
    0.05971
   -0.00504
    0.00191
    0.04313
    0.00633
   -0.07224
    0.00599
   -0.03458
   -0.02804
   -0.07286
    0.08099
   -0.00446
    0.00454
   -0.07838
    0.05609
   -0.01892
   -0.03897
    0.02873
    0.04264
    0.03675
   -0.00081
   -0.05571
   -0.00901
    0.05700
   -0.02413
    0.01124
   -0.02822
   -0.04366
    0.04654
   -0.00847
    0.02422
   -0.15941
    0.16725
   -0.01870
    0.04459
   -0.04946
    0.04001
   -0.00645
    0.01534
    0.00282
   -0.02147
   -0.02269
    0.02728
    0.03124
   -0.05006
    0.00911
   -0.00982
   -0.01099
    0.03643
   -0.02371
   -0.01152
   -0.02930
    0.03595
    0.10689
   -0.09449
   -0.06947
   -0.06484
    0.05485
    0.04354
   -0.06202
   -0.02898
   -0.00805
    0.07823
   -0.01884
    0.03649
   -0.04672
    0.01225
    0.00468
    0.00137
   -0.06597
    0.04811
   -0.01989
   -0.07010
   -0.08098
    0.10791
    0.00283
   -0.00987
   -0.07840
    0.07210
    0.01681
    0.03360
   -0.06842
    0.01352
    0.03703
   -0.03359
   -0.03523
    0.01467
   -0.02662
   -0.03121
   -0.00882
    0.05131
    0.00241
    0.06406
   -0.09286
    0.03130
   -0.06860
    0.12790
   -0.02365
    0.00182
   -0.02545
    0.03347
   -0.03378
    0.02075
    0.02894
    0.03097
   -0.07963
    0.02647
   -0.03442
    0.01926
   -0.01826
    0.04395
   -0.03294
    0.00414
    0.00540
    0.02841
    0.00188
   -0.00323
    0.03495
   -0.02837
   -0.12629
   -0.04048
    0.02907
    0.08638
   -0.04761
    0.00350
   -0.09480
    0.09006
   -0.02765
    0.04618
   -0.07783
    0.05331
   -0.04977
   -0.00499
   -0.06783
    0.11283
   -0.03639
   -0.02973
   -0.11099
    0.11474
   -0.26079
    0.43516
   -0.23272
   -0.12768
   -0.00890
   -0.03369
   -0.06924
    0.05764
    0.00641
   -0.03310
    0.01984
    0.00698
   -0.01732
   -0.07375
   -0.03035
    0.06456
   -0.05849
    0.08741
   -0.03358
    0.03772
   -0.07886
    0.17271
    0.02146
   -0.03182
    0.01231
    0.04534
   -0.04412
   -0.01756
   -0.01419
    0.01585
   -0.01129
    0.00488
   -0.04505
    0.02578
    0.00860
    0.03018
   -0.03513
   -0.00706
    0.01541
    0.02392
    0.01169
    0.06942
   -0.03526
   -0.04280
   -0.10204
   -0.01391
    0.01269
    0.05238
   -0.02194
    0.02147
   -0.06784
    0.03369
   -0.03905
    0.04523
   -0.01953
    0.01662
    0.00590
    0.04737
   -0.09210
    0.03194
   -0.05047
   -0.02951
   -0.11872
    0.10498
    0.00376
   -0.03533
   -0.03077
    0.03840
    0.02428
   -0.05709
    0.00047
    0.01096
   -0.00010
   -0.03349
   -0.00774
    0.03236
    0.04235
   -0.08694
    0.04891
   -0.01561
   -0.03161
    0.06429
    0.02489
   -0.02512
   -0.04485
    0.07370
    0.01995
   -0.01138
   -0.04163
    0.02073
    0.04212
    0.00962
    0.13217
   -0.06877
    0.04348
   -0.08280
    0.00106
   -0.03923
    0.02589
    0.00205
   -0.00249
   -0.01103
   -0.01488
    0.01684
   -0.00702
    0.00078
    0.06741
   -0.03844
   -0.00001
   -0.10463
    0.12219
   -0.02275
   -0.06309
    0.04129
   -0.00024
    0.03314
    0.02715
    0.02792
    0.00731
   -0.05695
    0.04070
   -0.05370
   -0.00609
   -0.02585
    0.07473
   -0.07880
   -0.01630
    0.00845
   -0.01122
   -0.04892
   -0.01466
    0.05823
    0.04431
   -0.05188
   -0.01378
    0.01064
    0.03358
   -0.05028
    0.02264
   -0.00414
   -0.00652
   -0.08779
    0.03437
    0.04410
   -0.09982
    0.05394
    0.06162
    0.02343
   -0.08377
    0.08700
    0.04339
   -0.00362
   -0.06085
    0.01271
    0.02409
    0.02499
    0.03451
   -0.01024
    0.00741
   -0.01409
   -0.00242
   -0.03611
   -0.00518
    0.03370
   -0.02818
    0.00942
   -0.00424
    0.02235
    0.00886
   -0.01803
    0.06164
   -0.03955
   -0.06698
   -0.07125
    0.03797
    0.06237
   -0.05749
   -0.02377
    0.02782
    0.05116
   -0.02282
    0.02008
   -0.03270
    0.02495
    0.02460
   -0.04474
   -0.02471
    0.04132
    0.02542
   -0.09574
   -0.08730
    0.10442
   -0.00431
   -0.01360
   -0.04081
    0.04931
    0.00682
    0.00097
   -0.04358
    0.02219
    0.02492
   -0.01081
   -0.02377
   -0.00305
    0.02843
   -0.08804
   -0.01156
    0.04136
   -0.01945
   -0.00646
    0.01437
    0.01651
   -0.06628
    0.04709
    0.06001
    0.00127
   -0.06048
    0.04477
    0.03136
   -0.01048
    0.04045
   -0.07341
    0.02973
   -0.00055
   -0.00488
   -0.04445
   -0.00429
    0.03422
   -0.03049
    0.00059
    0.04969
   -0.00626
    0.02694
   -0.01272
    0.03935
   -0.05372
   -0.04195
   -0.06751
   -0.00155
    0.06471
   -0.04488
    0.01338
   -0.01916
    0.04499
    0.00927
    0.00884
   -0.03559
    0.00429
   -0.01768
    0.01022
   -0.03919
    0.05049
    0.01429
   -0.11124
   -0.03177
    0.07117
   -0.03263
    0.01964
   -0.04705
    0.04654
   -0.05786
   -0.02173
   -0.12860
    0.11155
    0.00173
   -0.00940
   -0.02793
    0.01780
    0.01465
   -0.06741
   -0.03802
    0.04666
   -0.00985
   -0.01952
    0.03310
    0.00387
   -0.06648
    0.11593
    0.01498
   -0.00797
    0.02670
   -0.00752
   -0.02055
   -0.01182
    0.04039
   -0.06016
    0.00312
    0.01030
    0.03095
   -0.08380
    0.00520
    0.00582
    0.00041
   -0.01839
    0.01416
    0.00471
    0.01792
    0.00092
    0.03410
   -0.03797
   -0.10175
   -0.07574
    0.07690
    0.04518
   -0.03486
    0.06161
   -0.07996
    0.02906
    0.00092
    0.00521
   -0.02108
    0.00446
    0.01334
    0.00050
   -0.05423
    0.02453
    0.01484
   -0.10092
   -0.06484
    0.08557
    0.03692
   -0.01139
   -0.05036
   -0.00415
    0.08408
   -0.11596
   -0.18516
    0.04118
    0.01769
   -0.03103
   -0.02710
    0.01869
    0.01666
   -0.05486
   -0.08098
    0.05840
   -0.01872
    0.02162
   -0.02388
    0.02786
   -0.02364
    0.04740
    0.01091
   -0.00404
    0.00663
    0.01725
   -0.00394
   -0.01895
    0.29376
   -0.20538
   -0.17109
   -0.13595
    0.03135
   -0.06433
   -0.01792
    0.00599
   -0.01243
   -0.02075
    0.01168
    0.02118
    0.01721
    0.00850
    0.02701
   -0.04215
   -0.02446
   -0.03867
   -0.01662
    0.04755
   -0.05203
    0.08749
   -0.08607
    0.02392
    0.00378
    0.00874
   -0.03320
    0.00664
    0.05527
   -0.00488
   -0.08604
    0.00305
    0.01124
   -0.07158
   -0.08378
    0.07085
   -0.00269
   -0.05505
   -0.05348
    0.07221
    0.05465
   -0.06360
   -0.08765
    0.04411
   -0.01035
   -0.03149
   -0.02468
    0.05505
    0.08564
   -0.16567
    0.00847
    0.05942
   -0.06072
    0.01234
    0.01239
    0.05667
   -0.10740
    0.13670
   -0.01766
    0.02349
   -0.02704
   -0.01600
    0.01259
    0.03018
    0.09372
   -0.06585
   -0.04469
    0.02974
    0.02532
   -0.07544
   -0.03782
    0.04527
    0.01334
   -0.03796
    0.00826
    0.01511
    0.03681
   -0.04492
    0.02153
   -0.01404
   -0.05749
   -0.12446
    0.07062
    0.07838
   -0.00340
   -0.01442
   -0.03981
    0.03370
   -0.00175
    0.00663
   -0.05626
    0.02170
    0.03298
    0.01144
   -0.13203
    0.05806
    0.07291
   -0.12629
   -0.11741
    0.11537
    0.02933
   -0.01205
   -0.08763
    0.04215
    0.03157
   -0.00863
   -0.11189
    0.03884
    0.02855
   -0.02988
   -0.02828
    0.01062
   -0.00486
   -0.06341
   -0.05537
    0.07891
   -0.01408
    0.04680
   -0.03643
    0.01747
   -0.05992
    0.10336
   -0.02586
    0.02024
    0.06674
   -0.03843
   -0.06108
    0.00997
    0.03959
   -0.04520
   -0.06099
    0.05382
    0.01651
   -0.04524
   -0.03870
    0.03272
   -0.01716
    0.00935
   -0.02442
    0.02540
    0.02547
    0.00248
   -0.01483
   -0.01940
   -0.07586
   -0.04063
   -0.00879
    0.07920
   -0.04264
    0.04814
   -0.16906
    0.08600
   -0.01247
    0.02004
   -0.05585
    0.03211
   -0.00704
    0.02697
   -0.05162
    0.03249
    0.01386
   -0.09637
   -0.11649
    0.12066
   -0.00131
   -0.03305
   -0.05595
    0.04099
   -0.06341
   -0.18207
   -0.15878
    0.19641
    0.00006
   -0.03743
    0.00846
    0.02228
    0.00142
   -0.12643
   -0.01352
    0.06280
   -0.01801
    0.00477
   -0.05134
    0.05042
   -0.06560
    0.10065
   -0.02043
    0.01922
    0.00075
    0.06918
   -0.05950
   -0.00934
    0.06446
   -0.02741
   -0.03176
   -0.00201
    0.01761
   -0.09133
   -0.01622
    0.02872
   -0.01120
   -0.00310
   -0.01597
    0.01899
    0.00722
   -0.00616
    0.00976
   -0.00925
   -0.10912
   -0.04619
    0.04571
    0.05094
   -0.02551
    0.06480
   -0.15164
    0.04661
   -0.02742
   -0.00276
   -0.00265
    0.02774
   -0.00922
    0.03438
   -0.08079
    0.05004
   -0.01086
   -0.13286
   -0.14116
    0.11494
