IntronPotTab 1 1024 1.50434
    0.04167
    0.01763
   -0.07287
    0.02136
    0.00797
    0.06575
   -0.03888
   -0.05552
   -0.05571
    0.09745
    0.00229
   -0.13395
   -0.03958
   -0.01713
   -0.00410
    0.09114
    0.00068
    0.05304
   -0.02074
   -0.04331
    0.00739
    0.05335
   -0.04658
   -0.03593
   -0.11794
    0.12042
    0.00872
   -0.08073
    0.06628
   -0.04550
    0.06425
   -0.11465
   -0.02466
   -0.00602
    0.04348
   -0.03778
    0.03004
    0.03765
   -0.01587
   -0.07571
   -0.02962
    0.06037
    0.04149
   -0.15282
   -0.07281
   -0.05106
    0.09963
   -0.04424
   -0.07252
    0.04371
   -0.02563
    0.05072
   -0.05326
    0.06027
   -0.04816
    0.04092
   -0.07483
    0.09897
   -0.04282
   -0.06458
   -0.01920
    0.03887
   -0.04550
    0.02505
    0.04191
   -0.00881
   -0.07597
    0.07376
    0.06040
   -0.05165
   -0.05789
    0.03679
   -0.04308
    0.06999
   -0.08174
   -0.08340
    0.04686
   -0.10136
    0.05108
    0.00781
   -0.02237
    0.10104
   -0.07809
   -0.02851
   -0.03012
    0.08683
   -0.06664
    0.01270
   -0.10596
    0.06805
   -0.00766
   -0.04831
    0.03405
   -0.00197
   -0.00458
   -0.00292
    0.08562
   -0.03754
   -0.03399
    0.03721
    0.05836
   -0.07506
   -0.02873
    0.03666
   -0.00238
    0.04182
   -0.04864
   -0.05570
   -0.00398
   -0.10883
    0.09345
   -0.00067
    0.36030
   -0.15291
   -0.11948
   -0.02371
    0.04931
    0.03125
   -0.13066
    0.09657
    0.01345
    0.07037
   -0.13689
    0.01725
    0.02039
   -0.03989
    0.00992
    0.01065
    0.06564
   -0.07686
   -0.03724
    0.04586
    0.07298
   -0.05568
   -0.05606
   -0.01001
   -0.00872
    0.04029
   -0.01213
   -0.07291
    0.03437
   -0.13087
    0.02599
    0.07632
   -0.03059
    0.05253
   -0.00964
   -0.01778
    0.00982
    0.02796
   -0.07032
    0.01893
   -0.06366
    0.05957
   -0.01139
   -0.01691
    0.16074
   -0.06592
    0.00069
   -0.02821
   -0.01825
   -0.01639
    0.02344
   -0.00671
    0.03326
   -0.01881
   -0.03215
    0.00545
   -0.00759
    0.00758
    0.02719
   -0.04806
   -0.03276
   -0.09488
    0.07506
   -0.01148
    0.07278
   -0.12425
    0.03869
    0.04438
   -0.00340
    0.02366
   -0.10025
    0.10296
   -0.04380
    0.06602
   -0.08715
    0.02835
    0.11741
   -0.07523
   -0.04692
    0.08269
   -0.06307
    0.03481
   -0.02518
    0.08726
    0.02769
   -0.02592
   -0.05718
    0.03532
   -0.05061
    0.08681
   -0.05755
   -0.09222
   -0.01432
   -0.06364
    0.02889
    0.04639
   -0.04444
    0.09002
   -0.03070
   -0.00167
   -0.01141
    0.10574
   -0.09586
   -0.01662
   -0.11209
    0.13056
   -0.04005
   -0.07287
    0.09281
   -0.00797
    0.00614
   -0.05982
    0.02710
   -0.04662
    0.00810
    0.00685
    0.05919
   -0.02703
   -0.06067
    0.01262
   -0.02706
    0.04209
    0.00301
   -0.07422
   -0.03104
   -0.05692
    0.10874
   -0.10696
    0.01104
    0.00036
   -0.15177
    0.09050
   -0.00106
    0.00435
   -0.04375
    0.03295
   -0.12426
    0.06301
   -0.10262
    0.08353
   -0.01199
   -0.00715
    0.00018
    0.01313
    0.03601
    0.00531
   -0.07987
    0.06908
    0.01364
    0.02288
   -0.07984
    0.04176
   -0.05467
    0.08463
   -0.04357
   -0.06057
   -0.03878
   -0.01009
   -0.05276
    0.14895
   -0.10195
    0.11375
   -0.08524
    0.03556
   -0.02202
    0.09753
   -0.11744
    0.02345
   -0.14950
    0.10524
   -0.08662
   -0.03001
    0.08040
    0.03391
   -0.06953
    0.01333
   -0.01313
    0.04110
    0.00329
   -0.03830
    0.01949
    0.03905
   -0.06340
   -0.01169
   -0.04141
    0.08615
   -0.02523
   -0.10569
   -0.03083
   -0.02605
    0.02800
    0.00176
   -0.07335
    0.02668
   -0.16616
    0.09899
   -0.07930
    0.08338
   -0.13326
    0.10311
   -0.16652
    0.11561
   -0.14743
    0.04352
   -0.02856
   -0.00024
   -0.05650
    0.07586
    0.04745
    0.00360
   -0.10328
    0.09370
    0.03026
    0.01605
   -0.14300
    0.04941
   -0.03743
    0.07247
   -0.11311
   -0.03313
    0.02195
   -0.08949
   -0.01906
    0.11328
   -0.04039
    0.08171
   -0.09774
    0.06734
   -0.08989
    0.13101
   -0.13957
    0.05445
   -0.18711
    0.10807
   -0.07698
    0.00464
   -0.00862
    0.05124
   -0.10164
    0.05081
    0.08286
   -0.04213
   -0.05992
    0.06921
   -0.01420
    0.00283
   -0.11951
    0.07096
   -0.05703
    0.05937
   -0.02424
   -0.05225
   -0.05039
   -0.03789
    0.03054
    0.03189
    0.06588
   -0.03898
   -0.09258
    0.06700
   -0.10745
    0.07859
   -0.19928
    0.15211
   -0.12023
    0.08743
   -0.16370
    0.07902
    0.02126
   -0.01913
   -0.10455
    0.13363
    0.03871
   -0.05298
   -0.05942
    0.06267
    0.03106
   -0.03379
   -0.02151
    0.01638
   -0.02055
    0.03506
   -0.01588
   -0.01233
   -0.02342
   -0.04039
   -0.03338
    0.12512
   -0.05095
    0.08270
   -0.09545
    0.06695
   -0.05153
    0.08462
   -0.13312
    0.10290
   -0.12938
    0.07397
   -0.07238
    0.05663
    0.06992
    0.00640
   -0.06440
    0.07017
    0.01458
   -0.02829
    0.00899
   -0.00211
    0.03382
   -0.03467
   -0.08346
    0.08125
   -0.02981
    0.05190
   -0.00481
   -0.05052
   -0.06948
   -0.07977
    0.03042
    0.06642
    0.02085
   -0.01846
   -0.15679
    0.13920
   -0.06889
    0.04229
   -0.11749
    0.15969
   -0.06527
    0.06768
   -0.13513
    0.06252
    0.02338
   -0.03718
   -0.12120
    0.15114
   -0.09676
    0.16902
   -0.26673
    0.08973
   -0.03110
   -0.01380
   -0.11793
    0.11798
   -0.01904
    0.03518
   -0.07088
    0.00414
   -0.06355
   -0.06616
   -0.07991
    0.13123
   -0.13826
    0.13028
   -0.05805
    0.08142
   -0.08007
    0.16974
   -0.08329
   -0.01998
   -0.17682
    0.13433
   -0.08272
   -0.02306
    0.01282
    0.02704
   -0.06451
    0.03854
   -0.00391
    0.00418
   -0.05568
    0.06014
   -0.01754
    0.02302
   -0.12185
    0.04583
   -0.08485
    0.08475
   -0.04147
   -0.03904
   -0.06593
   -0.01879
    0.03673
    0.00150
   -0.07116
   -0.03675
   -0.14115
    0.12684
   -0.12423
    0.09868
   -0.09503
    0.04347
   -0.17630
    0.10712
   -0.10796
    0.05581
   -0.07480
    0.05060
   -0.08100
    0.06789
   -0.01041
    0.01501
   -0.02914
    0.03852
    0.06952
    0.00477
   -0.04227
   -0.08587
   -0.03095
    0.06866
   -0.00311
   -0.13348
   -0.07863
   -0.04452
    0.01263
    0.11980
   -0.03170
    0.07826
   -0.01077
   -0.03172
    0.00268
    0.07652
   -0.03876
   -0.04936
   -0.04318
    0.07434
    0.01708
   -0.07999
    0.05057
   -0.01892
    0.00045
   -0.01328
   -0.03528
    0.01415
    0.04026
   -0.02650
    0.03712
    0.03673
   -0.01300
   -0.07515
   -0.04188
    0.05827
    0.05539
   -0.12260
   -0.06741
   -0.04977
    0.08163
   -0.03584
   -0.03956
    0.01736
   -0.06117
    0.05165
   -0.04392
    0.04650
   -0.00112
   -0.00861
   -0.08047
    0.08925
   -0.00323
   -0.07642
   -0.03616
   -0.01570
   -0.00815
    0.04128
    0.03073
   -0.00338
   -0.05961
    0.05190
    0.02776
   -0.01650
   -0.07632
    0.04358
   -0.05558
    0.06449
   -0.07062
   -0.05203
    0.01952
   -0.12203
    0.04127
    0.06422
   -0.03196
    0.04645
   -0.05133
    0.05135
   -0.06766
    0.11635
   -0.06569
    0.02412
   -0.08831
    0.06379
   -0.03929
   -0.00202
    0.00688
   -0.04285
   -0.00982
    0.05656
    0.05792
   -0.02427
   -0.04057
    0.04019
   -0.00168
    0.00616
   -0.08305
    0.04985
   -0.03300
    0.03500
   -0.00688
   -0.03130
   -0.05285
   -0.07828
    0.05652
    0.01616
    0.21463
   -0.06475
   -0.16477
    0.01964
   -0.06666
    0.03379
   -0.12811
    0.11675
   -0.05350
    0.06171
   -0.10387
    0.03322
   -0.04473
   -0.04972
   -0.04834
    0.11920
    0.07151
   -0.14375
   -0.01821
    0.04230
    0.03376
   -0.04828
   -0.00549
   -0.00378
   -0.01537
    0.01680
    0.02349
   -0.06001
   -0.01219
   -0.11122
    0.01678
    0.10107
   -0.06662
    0.03687
    0.00580
    0.02043
   -0.02303
    0.07166
   -0.08159
    0.05907
   -0.04098
    0.05466
   -0.01236
   -0.01705
    0.03558
   -0.02189
   -0.02554
    0.05775
   -0.01630
   -0.03743
    0.03561
   -0.00544
   -0.00408
   -0.04023
   -0.00540
    0.03520
   -0.01072
   -0.00307
    0.08971
   -0.09134
   -0.10330
   -0.07206
    0.05672
    0.02227
    0.04753
   -0.09671
   -0.04825
    0.10682
   -0.07392
    0.04609
   -0.08091
    0.11409
   -0.08392
    0.05138
   -0.04209
    0.02662
    0.00558
   -0.05833
   -0.06939
    0.13761
   -0.02451
    0.06075
   -0.08154
    0.07386
    0.04048
   -0.02709
   -0.05740
    0.01590
   -0.08596
    0.14935
   -0.09002
   -0.11294
   -0.01615
   -0.07420
   -0.00664
    0.08285
   -0.11091
    0.15251
   -0.01679
    0.01193
   -0.02317
    0.11149
   -0.08073
   -0.00863
   -0.10986
    0.10444
   -0.00420
   -0.04746
    0.04377
   -0.03242
    0.01900
   -0.01993
    0.02242
    0.02415
   -0.05155
    0.01170
    0.02231
   -0.03568
   -0.04620
    0.03461
   -0.03679
    0.03740
   -0.01521
   -0.00437
   -0.06441
   -0.09438
    0.08845
   -0.02602
   -0.05055
    0.10866
   -0.17048
    0.06353
   -0.05708
    0.04757
   -0.04109
    0.02498
   -0.14143
    0.12744
   -0.07517
    0.00331
   -0.02972
   -0.00558
   -0.03506
    0.06870
   -0.06589
    0.06953
   -0.08318
    0.06351
    0.03740
   -0.00538
   -0.12034
    0.07679
   -0.07931
    0.06558
   -0.03217
   -0.04563
   -0.02297
   -0.04526
   -0.06658
    0.14984
   -0.07664
    0.07768
   -0.07896
    0.05149
   -0.01067
    0.08791
   -0.06785
   -0.02239
   -0.16659
    0.13604
   -0.05390
   -0.02466
    0.16165
   -0.06013
    0.02248
   -0.09266
    0.00861
    0.03472
   -0.04122
    0.00436
    0.01654
    0.00714
   -0.04176
    0.01043
    0.00288
    0.02825
   -0.01024
   -0.05195
   -0.00403
   -0.09685
    0.08923
   -0.04945
   -0.04627
    0.02390
   -0.14379
    0.07279
   -0.08819
    0.04256
   -0.10651
    0.09817
   -0.09912
    0.08451
   -0.09975
    0.00191
    0.01450
   -0.04667
   -0.01197
    0.03926
    0.02803
   -0.03449
   -0.11050
    0.16144
    0.07829
   -0.07767
   -0.08431
    0.06033
   -0.05537
    0.03496
   -0.09107
    0.05854
    0.06382
   -0.15013
    0.00542
    0.13495
    0.02182
    0.08009
   -0.16384
    0.07187
   -0.10725
    0.10768
   -0.14779
    0.05802
   -0.11486
    0.06417
   -0.07953
    0.02605
    0.15285
   -0.07620
   -0.02068
    0.06031
    0.08004
   -0.03878
   -0.05365
    0.05234
    0.05045
   -0.02056
   -0.15089
    0.05487
   -0.02922
    0.04548
   -0.07083
   -0.00454
   -0.05702
   -0.10935
    0.11052
    0.06255
    0.15066
   -0.04964
   -0.13488
    0.05923
   -0.06679
    0.01652
   -0.17941
    0.13198
   -0.08052
    0.06245
   -0.12466
    0.06382
    0.02474
   -0.10153
   -0.03355
    0.10714
    0.06674
   -0.08442
   -0.08684
    0.11761
    0.04324
   -0.07456
   -0.07976
    0.10829
    0.03113
    0.01125
   -0.05380
    0.02711
    0.00561
   -0.11839
   -0.00795
    0.12667
   -0.02430
    0.05937
   -0.11912
    0.09759
   -0.03901
    0.02908
   -0.11889
    0.10876
   -0.07720
    0.03809
   -0.06887
    0.05834
    0.13091
   -0.01724
   -0.05689
    0.06297
    0.00810
   -0.04960
   -0.01310
    0.05025
    0.01316
   -0.05461
   -0.04321
    0.07353
    0.00204
    0.01790
   -0.03203
   -0.00303
   -0.04568
   -0.14101
    0.05528
    0.04610
    0.02963
   -0.06619
   -0.16927
    0.16486
   -0.09413
    0.01464
   -0.15048
    0.17472
   -0.08397
    0.06302
   -0.14010
    0.07603
   -0.00907
   -0.04237
   -0.09702
    0.11875
   -0.05155
    0.00857
   -0.11745
    0.11254
   -0.00607
   -0.07499
   -0.07884
    0.11323
   -0.04143
    0.02199
   -0.02968
    0.02217
   -0.10574
   -0.09034
    0.00100
    0.10160
   -0.05823
    0.05204
   -0.06811
    0.07814
   -0.05604
    0.06472
   -0.08954
    0.04540
   -0.15602
    0.10503
   -0.06288
   -0.01001
    0.05562
    0.00011
    0.00896
   -0.03269
    0.07318
   -0.05197
   -0.07538
    0.07153
    0.04828
   -0.04609
   -0.11134
    0.06212
   -0.02870
    0.02875
   -0.04235
    0.00660
   -0.13052
   -0.09302
    0.02895
    0.09899
   -0.02728
    0.02092
   -0.10862
    0.04416
   -0.07273
   -0.01775
   -0.12171
    0.10247
   -0.17729
    0.07112
   -0.07819
    0.06490
   -0.05012
   -0.01932
   -0.02884
    0.05540
