27 20 15 1 35 -2.6501 2.1997 5.0761 5163
  0.03685  -0.00458  -0.03265   0.00711  -0.08818   0.09265   0.03019  -0.08184   0.03678  -0.01597  -0.00808  -0.02211   0.02555   0.05274  -0.05309  -0.08054   0.00033   0.00491  -0.03167   0.03926 
 -0.00010   0.03267  -0.01049  -0.03084   0.01544   0.00233  -0.03319   0.02567   0.00831  -0.01135   0.01282  -0.01141   0.03781   0.00759  -0.00787  -0.05224  -0.00808  -0.00017  -0.01440   0.02588 
  0.02114  -0.00185  -0.01328  -0.00274   0.00670   0.02018  -0.01510  -0.00914  -0.00292  -0.01078   0.00862   0.00529   0.03527   0.00699  -0.04541  -0.00097   0.02371   0.03737  -0.06794   0.03570 
  0.01380   0.01065  -0.02941   0.00823  -0.04001   0.05130   0.01006  -0.03584   0.03226   0.00946  -0.02863  -0.02201  -0.01979   0.03486   0.00030  -0.05013  -0.00633   0.03665  -0.04531   0.02473 
 -0.00202   0.02931  -0.01514  -0.01795   0.00774   0.05188  -0.03662  -0.02002   0.01551   0.02797   0.02307  -0.07459   0.04114   0.00886  -0.01533  -0.04943   0.00858   0.02170  -0.00549  -0.02314 
  0.02367   0.02251  -0.00956  -0.04370   0.01631   0.01040  -0.02498   0.00522   0.00673  -0.02865   0.00040   0.01810   0.09850  -0.02119  -0.03198  -0.04952  -0.04369   0.03617  -0.07579   0.07968 
  0.03509  -0.00702  -0.03525   0.01491  -0.00880   0.05641  -0.01709  -0.03532  -0.00206  -0.01487   0.03719  -0.02097   0.02238   0.05213  -0.07768  -0.04429  -0.01579   0.03124  -0.02512   0.00888 
 -0.00049   0.02987  -0.01483  -0.02074   0.03897   0.04752  -0.04356  -0.04255   0.02999  -0.03989  -0.00090   0.00174   0.02734  -0.00090   0.00437  -0.03705   0.00561   0.01888  -0.01634  -0.00105 
  0.03262   0.00115  -0.01608  -0.01557  -0.01255   0.02284  -0.00644  -0.00372   0.00779  -0.00217   0.01438  -0.02139   0.05901   0.01821  -0.05143  -0.04849   0.03920   0.04236  -0.09699   0.05455 
  0.02295   0.01734  -0.03395  -0.00466  -0.02706   0.01548   0.03016  -0.03577   0.03880  -0.03260  -0.00555  -0.01148   0.01228   0.02596  -0.01323  -0.05135  -0.04353   0.02345  -0.02782   0.03611 
  0.00859   0.00533  -0.00284  -0.01204   0.02838   0.03129  -0.01113  -0.05556   0.00049  -0.01147   0.00771   0.00293  -0.00140   0.01323  -0.00632  -0.01635   0.09727   0.01856  -0.06240   0.00377 
  0.02223   0.01153  -0.01953  -0.01360   0.01324   0.05495  -0.05024  -0.01195  -0.00571  -0.02810  -0.00986   0.04008   0.07256   0.00118  -0.06466  -0.01655   0.09653  -0.01141  -0.07621   0.05407 
  0.03685   0.00055  -0.05021   0.02039  -0.02151   0.05975   0.00524  -0.06075  -0.02283  -0.00670   0.06529  -0.03644   0.05998   0.04051  -0.02784  -0.13927  -0.01849   0.02449  -0.00123  -0.01717 
 -0.00125   0.02507   0.01585  -0.05522   0.01020   0.03824  -0.02939  -0.01523   0.00811  -0.02864   0.01105   0.00654   0.00346   0.00183  -0.01728   0.01352   0.03133   0.00099  -0.00315  -0.01556 
  0.01638   0.00205  -0.01452  -0.00121   0.03832   0.02494  -0.04440  -0.01133  -0.00683   0.01317   0.01841  -0.02357   0.09416   0.01078  -0.05151  -0.08649  -0.02565   0.02931  -0.06205   0.06342 
  0.03085   0.01647  -0.03427  -0.01164   0.01360   0.04501  -0.01285  -0.05288   0.04153  -0.02262   0.00399  -0.03416   0.02285   0.03306  -0.02587  -0.06474  -0.03034   0.04886  -0.03125   0.00337 
  0.02404   0.02165  -0.01577  -0.03453   0.05869  -0.01247   0.00330  -0.06318   0.03542  -0.02909   0.03639  -0.05489   0.02691   0.01539   0.00269  -0.06953   0.02516   0.00952   0.02324  -0.06814 
  0.04277  -0.00488   0.01498  -0.06220   0.02896  -0.01311  -0.01891   0.00873   0.00755   0.02011   0.00398  -0.03367   0.06700   0.00750  -0.03069  -0.06330   0.07238   0.02968  -0.05729   0.00091 
  0.04277   0.01094  -0.02845  -0.02475  -0.01340   0.02908   0.04182  -0.09171   0.02616  -0.00815   0.01197  -0.03633   0.01266   0.01703  -0.01873  -0.02522  -0.01417   0.00417  -0.00093   0.00467 
  0.01158   0.00711   0.01059  -0.03577   0.01161   0.01956  -0.00433  -0.02990   0.03866  -0.02105   0.03020  -0.06061   0.02849   0.01820   0.01279  -0.09396  -0.00010   0.02967  -0.01420  -0.01438 
  0.02835   0.01211   0.00318  -0.05178   0.02924   0.04216  -0.06164   0.00055  -0.00421   0.00921  -0.01690   0.01147   0.06336  -0.00189  -0.05464  -0.00931   0.09355  -0.01373  -0.06078   0.04017 
  0.04069   0.00711  -0.05156   0.00973  -0.02377   0.01893   0.01134  -0.01345   0.00183   0.01056   0.03255  -0.04700   0.01328   0.03409  -0.01004  -0.07627  -0.04257   0.02749  -0.01028   0.00627 
 -0.00703   0.01821   0.00942  -0.02961  -0.03155   0.04256   0.03089  -0.06848   0.01596  -0.00175  -0.00392  -0.01356   0.05103  -0.00231  -0.01085  -0.04550   0.06370   0.02776  -0.02394  -0.03926 
  0.02584   0.01299  -0.00527  -0.03826   0.04867  -0.00212  -0.03839  -0.00027  -0.01032  -0.03088   0.01357   0.02651   0.05955   0.00068  -0.06522   0.00235   0.02602   0.02643  -0.05812   0.03495 
  0.03262  -0.00367  -0.03820   0.01675  -0.05019   0.05760   0.03230  -0.07176   0.01880   0.01644   0.00277  -0.04297   0.02533   0.00924   0.01450  -0.07089  -0.04659   0.07033  -0.01307  -0.04545 
 -0.00587   0.03155   0.01235  -0.05479   0.03677   0.04430  -0.01953  -0.07176   0.03199  -0.01023   0.02649  -0.05824   0.04687  -0.00939   0.02410  -0.07509   0.00031   0.04151  -0.00969  -0.03766 
  0.04034   0.01094   0.00048  -0.06088   0.03278  -0.01513  -0.01301  -0.00161  -0.00096   0.01038  -0.02227   0.01149   0.07799  -0.00086  -0.01356  -0.08577   0.06832   0.00982  -0.05721   0.02691 
  0.04415  -0.00035  -0.02909  -0.01047  -0.06688   0.01958   0.06216  -0.05515   0.01854  -0.00708   0.03410  -0.05177   0.06168   0.04516  -0.05820  -0.10952   0.03144  -0.00281   0.00673  -0.02704 
  0.01343   0.01415   0.01759  -0.05826   0.01131   0.02210  -0.03236   0.00710   0.02682  -0.01772   0.01722  -0.03311   0.04895  -0.00803   0.01886  -0.07306   0.04889  -0.01383   0.00230  -0.01833 
  0.03790  -0.00458  -0.00284  -0.03125   0.01097   0.03795  -0.01638  -0.03460  -0.00450  -0.01730  -0.01880   0.03733   0.10199  -0.01902  -0.03591  -0.05443   0.03316   0.02085  -0.03694   0.00946 
  0.03755   0.00085  -0.02748  -0.00659  -0.02380   0.05905   0.02097  -0.08451  -0.01979   0.02288   0.01961  -0.01981   0.03030  -0.01883   0.01440  -0.01907  -0.00278   0.00894  -0.01909   0.01942 
 -0.00394   0.01094   0.01000  -0.02354   0.07007  -0.00017  -0.04284  -0.02372   0.02713  -0.01196   0.01197  -0.03375   0.02907  -0.00955   0.01818  -0.04095   0.08517   0.00590  -0.03972  -0.00343 
  0.04827  -0.00458  -0.01545  -0.02677   0.03716  -0.01567  -0.01634  -0.00152  -0.01658  -0.00936   0.00497   0.02234   0.08561   0.02584  -0.06719  -0.08756   0.02307   0.02773  -0.07094   0.05056 
  0.03333   0.00711  -0.03591  -0.00006  -0.04580   0.07698   0.02520  -0.09433  -0.01296  -0.00559   0.03838  -0.01848  -0.01172   0.03804  -0.00844  -0.05522   0.04437   0.02420  -0.03933   0.00166 
 -0.01093   0.02931   0.00586  -0.03660   0.04336   0.00682  -0.02104  -0.02821   0.04864  -0.01778   0.02079  -0.06786   0.08536   0.01662  -0.05446  -0.08161   0.04950   0.02187  -0.02789  -0.01539 
  0.06305   0.00711  -0.02365  -0.05049   0.06106   0.02200  -0.03803  -0.04591   0.00494  -0.00940  -0.04288   0.04013   0.09380  -0.01895  -0.02781  -0.05210   0.00850   0.06251  -0.04457  -0.01838 
  0.04998   0.00533  -0.03919  -0.01243  -0.01451   0.01648   0.05246  -0.09301   0.01892   0.00496   0.01144  -0.03989   0.01155   0.02692   0.00183  -0.07400  -0.02042   0.03657  -0.01551  -0.00936 
  0.00596   0.01676   0.01585  -0.05092   0.02033  -0.05724   0.03501  -0.01515   0.05314   0.00455  -0.00372  -0.07165   0.05189  -0.00384   0.02294  -0.09349   0.05560   0.00457   0.00803  -0.05591 
  0.05100  -0.00916   0.01147  -0.06132   0.01934   0.04812  -0.02947  -0.03900   0.03542   0.00814  -0.06147   0.00403   0.06107   0.01811  -0.05724  -0.04413   0.06876   0.01808  -0.07817   0.04295 
  0.04725   0.02251  -0.05771  -0.01086  -0.02875   0.03257   0.03328  -0.06189   0.03457  -0.01346  -0.01956  -0.01066   0.05772   0.01047  -0.03270  -0.05342   0.01277   0.05827  -0.05239  -0.00411 
  0.02584   0.01328  -0.01390  -0.02717   0.05416   0.03240  -0.04348  -0.04232   0.05843  -0.03250   0.01207  -0.05721   0.07312  -0.00884   0.01374  -0.10135   0.05606   0.01534  -0.00189  -0.05333 
  0.06470  -0.00306  -0.00619  -0.06220   0.05195  -0.02917  -0.04084   0.02733   0.06014  -0.00566  -0.06606  -0.01082   0.06664  -0.00265  -0.02157  -0.05289   0.05283   0.02359  -0.05036   0.01205 
  0.06437  -0.00610  -0.04584  -0.00659  -0.00392   0.04593  -0.01894  -0.02402   0.02935  -0.01312  -0.00788  -0.01542   0.03005   0.05376  -0.02317  -0.13394   0.02488   0.02672  -0.03165  -0.00002 
  0.02150   0.02592  -0.01733  -0.03577   0.01848   0.04087  -0.03279  -0.02351   0.07783  -0.07824   0.03099  -0.06447   0.04598   0.01695  -0.03990  -0.04175   0.06986  -0.04300  -0.00947   0.01740 
  0.06040  -0.01473  -0.01359  -0.03043   0.12675  -0.03969  -0.09236   0.00351   0.04496  -0.02768  -0.05290   0.01817   0.14930  -0.02625  -0.09279  -0.05098   0.13805  -0.02221  -0.09046   0.05267 
  0.11025  -0.03089  -0.08176   0.00674   0.15660   0.03875  -0.07264  -0.18787   0.11500   0.02474  -0.10845  -0.09465   0.10777   0.03731  -0.08376  -0.13557   0.10522   0.08604  -0.04613  -0.13059 
  0.12424   0.03766  -0.06640  -0.13421   0.28644  -0.00423  -0.21417  -0.24878   0.19018   0.00834  -0.14292  -0.21148   0.17554   0.00684  -0.07731  -0.21266   0.16572   0.09714  -0.07147  -0.17336 
  0.23101   0.01006  -0.13674  -0.21368   0.34563  -0.29489  -0.20597  -0.10587   0.24866  -0.20732  -0.20610  -0.07904   0.33838  -0.13857  -0.20019  -0.18674   0.21282  -0.01185  -0.12435   0.01927 
  0.32176  -0.19909  -0.18839  -0.08847  -0.33758  -0.50503   0.35767  -0.29117  -0.03468  -0.18537   0.16889  -0.01284   0.06350  -0.25205   0.22370  -0.08767  -0.23344  -0.32994   0.23357  -0.11629 
 -0.15328  -0.36224   0.31026  -0.15821  -1.96040  -3.71299   0.50687  -3.71299  -1.16954  -3.71299   0.62263  -3.71299  -2.08950  -3.71299   0.62507  -3.71299  -1.25339  -3.71299   0.44134  -3.71299 
 -1.65420  -3.71299   0.55195  -3.71299  -3.71299  -3.71299  -3.71299   0.66640  -3.71299  -3.71299  -3.71299  -3.71299  -3.71299  -0.96717  -3.71299   0.70407  -3.71299  -3.71299  -3.71299  -3.71299 
 -3.71299  -0.86023  -3.71299   0.63880  -3.71299  -3.71299  -3.71299  -3.71299   0.39150  -0.41760  -0.25273  -0.48539  -3.71299  -3.71299  -3.71299  -3.71299   0.70248  -0.43277  -0.37021  -0.58932 
  0.49406  -0.44765  -0.26329  -0.55982   0.43250  -0.18690  -0.45522  -0.31405   0.05041  -0.06892   0.15225  -0.22177   0.13652  -0.04480   0.01601  -0.14068  -0.07486   0.02867   0.03766  -0.05868 
  0.36962  -0.15655  -0.21772  -0.26521  -0.39228  -0.63489   0.41709  -0.74585  -0.17685  -0.22791   0.35473  -0.23846  -0.03272  -0.09898   0.27028  -0.40668  -0.13352  -0.23829   0.25066  -0.35335 
 -0.22586  -0.35537   0.38212  -0.48277  -0.13200  -0.03666   0.01851   0.11753  -0.07205   0.01482   0.05738   0.00369  -0.32779  -0.07238  -0.46621   0.43241  -0.00071  -0.11535  -0.02212   0.12989 
 -0.23038  -0.00065  -0.25671   0.29594   0.09357  -0.12903   0.12348  -0.25580   0.17086  -0.13342  -0.07455  -0.07121   0.03540  -0.03631  -0.04059   0.06725   0.42390  -0.28388  -0.08152  -0.06767 
  0.19914  -0.18048  -0.01173  -0.05350  -0.08626   0.05234  -0.05328   0.08536   0.02768  -0.04575  -0.04697   0.04837  -0.06350   0.09634  -0.07401  -0.05654   0.07179  -0.06767   0.03118  -0.02309 
 -0.03384   0.03267  -0.02428   0.01894   0.06168   0.01181  -0.06374   0.00048   0.06095   0.06902  -0.10786  -0.06066   0.04359   0.07672  -0.11943  -0.08890   0.01772   0.11595  -0.09464  -0.03561 
  0.05167   0.07082  -0.09618  -0.04539   0.03510   0.04745  -0.04685  -0.03284   0.05012   0.04763  -0.02533  -0.09621   0.04856   0.09665  -0.06748  -0.24086   0.01254   0.06553  -0.04442  -0.02540 
  0.05269   0.05443  -0.04517  -0.08244   0.08358  -0.04267  -0.02190  -0.02379   0.06892   0.00508  -0.06708  -0.03316   0.00995   0.07318  -0.04682  -0.12278   0.01509  -0.04621   0.01301   0.02115 
  0.06568   0.00355  -0.03427  -0.03495   0.06455  -0.01582  -0.03719  -0.00639   0.05631   0.04016  -0.11375  -0.01491   0.06027   0.05834  -0.11839  -0.06674   0.06644  -0.03714  -0.02954   0.04140 
  0.06503   0.01531  -0.06816  -0.01008   0.05785   0.00682  -0.01191  -0.06173   0.07487  -0.01761  -0.07994  -0.00825  -0.00373   0.05675  -0.00534  -0.11887  -0.00794  -0.01792  -0.01224   0.04153 
  0.04622   0.00444  -0.02301  -0.02677   0.04855   0.00645  -0.04261  -0.00426   0.04702   0.00336  -0.06907   0.00021   0.01591   0.04150  -0.08013  -0.00964   0.06343  -0.08886  -0.02559   0.08329 
  0.04519  -0.00246  -0.05190   0.01711  -0.05262   0.01581   0.01655   0.01101   0.08130   0.00398  -0.13688   0.00468  -0.00366   0.06229  -0.10076  -0.01083   0.01955  -0.02464  -0.01239   0.03364 
  0.02004   0.01473  -0.04283   0.01196   0.00933  -0.01002   0.00148  -0.00120   0.06587  -0.04881  -0.04495   0.00302  -0.03576   0.07085  -0.02468  -0.08500   0.08011  -0.10964   0.01724   0.03295 
  0.03227  -0.01441  -0.00772  -0.00582   0.01807   0.01900  -0.04103   0.01449   0.02232   0.01340  -0.11964   0.05614  -0.00660   0.06752  -0.05979  -0.06615   0.02678  -0.08837   0.01679   0.04776 
  0.01417   0.01473  -0.04283   0.01784   0.00117   0.00351  -0.02294   0.02618   0.05154   0.01020  -0.09146   0.00536  -0.04602   0.09749  -0.07175  -0.08288   0.03890   0.01026  -0.02589   0.00284 
  0.01565   0.03517  -0.04718  -0.00582   0.05048  -0.06338   0.00235   0.00488   0.05242  -0.00785  -0.05182  -0.01043  -0.03995   0.06406  -0.05274  -0.02669   0.07704  -0.06793  -0.02099   0.05219 
  0.03895  -0.01039  -0.02877   0.00749   0.03139  -0.00052  -0.05150   0.03404   0.06091  -0.01552  -0.12017   0.03744  -0.01886   0.07823  -0.10966  -0.02133   0.00541  -0.06491   0.00452   0.05614 
  0.02584   0.00888  -0.05771   0.02938  -0.07902   0.02823  -0.01498   0.06187   0.02234   0.03021  -0.11251   0.03616  -0.02427   0.05984  -0.03270  -0.05961  -0.01921  -0.05739   0.00864   0.05623 
 -0.01923   0.01531  -0.02780   0.03187   0.00844   0.01671  -0.02755   0.01005   0.03426  -0.01506  -0.07108   0.03412  -0.04743   0.09268  -0.05793  -0.08538  -0.00298  -0.06438   0.02143   0.03597 
  0.00180   0.01763  -0.02620   0.00749   0.02603   0.01891  -0.03642  -0.00026   0.04315  -0.00363  -0.06328   0.00711  -0.05579   0.07715  -0.04730  -0.04767   0.01614  -0.03549  -0.00698   0.03888 
  0.01306   0.02051  -0.03558   0.00335  -0.02553   0.02101   0.00729  -0.00801   0.01366   0.01742  -0.04935   0.01111  -0.03965   0.08504  -0.08067  -0.04587  -0.02430  -0.01088  -0.00178   0.02810 
 -0.01171   0.03211  -0.02588   0.00108  -0.02867  -0.02213   0.00794   0.04061   0.01935  -0.00479  -0.00920  -0.00969  -0.07704   0.09004  -0.05065  -0.05366  -0.00196  -0.09179   0.03207   0.04383 
 -0.01447   0.00770  -0.00224   0.00711  -0.00482   0.02139  -0.03231   0.02474   0.03037  -0.02164  -0.05335   0.03068  -0.05978   0.06276  -0.04494  -0.01201  -0.01364  -0.06775   0.02406   0.04072 
 -0.00665   0.00918  -0.02301   0.02257  -0.03555  -0.01043   0.04199  -0.01539  -0.00862   0.00605  -0.01396   0.01672   0.01014   0.05958  -0.08499  -0.03789  -0.08023  -0.06736   0.03909   0.04943 
 -0.02043   0.00504   0.00408   0.00823   0.00286  -0.06030   0.01040   0.04265   0.02913   0.00526  -0.05212   0.00681  -0.07265   0.06582  -0.04005  -0.01182   0.02843  -0.05930   0.03845  -0.01484 
 -0.00317   0.00533  -0.00711   0.00524  -0.01270   0.02688  -0.04224   0.03865   0.05452  -0.01019  -0.05964  -0.00433  -0.01014   0.06544  -0.05597  -0.06116  -0.04111  -0.06588   0.03279   0.03967 
  0.01009   0.01357  -0.02588   0.00410  -0.03979   0.01957  -0.01387   0.03667  -0.01408   0.05034  -0.06933   0.02481  -0.10661   0.08348  -0.04015  -0.02067  -0.04918  -0.04734   0.01709   0.04954 
 -0.04598   0.03406  -0.02206   0.02509  -0.02617  -0.00176   0.02318  -0.00495  -0.00881   0.00270  -0.02984   0.03353  -0.06679   0.05553  -0.02797  -0.00889  -0.00147  -0.06370   0.04386  -0.00130 
 -0.02526   0.00504   0.00557   0.01084  -0.00621  -0.00348  -0.02842   0.04748   0.02222  -0.00099  -0.04360   0.01389  -0.02135   0.04909  -0.06571   0.00098  -0.08147  -0.03735   0.03009   0.03553 
 -0.01015   0.01094  -0.02269   0.02329  -0.08591  -0.02029   0.04549   0.03572  -0.00408   0.00183  -0.04392   0.04067  -0.12339   0.11143  -0.05081  -0.06453  -0.05916  -0.05430   0.02718   0.04594 
 -0.05978   0.02564   0.00078   0.02076   0.03531  -0.02864  -0.03321   0.03587  -0.00542   0.00406  -0.04766   0.04300  -0.07101   0.06337  -0.03538  -0.01339  -0.03299  -0.05327   0.03534   0.01971 
 -0.01764   0.01006  -0.01671   0.02437  -0.00683  -0.02658   0.00127   0.03307  -0.00320   0.03709  -0.05144   0.01237  -0.02623   0.04940  -0.03332  -0.03161   0.01485  -0.04643   0.02326   0.00555 
 -0.00859   0.01123  -0.01018   0.00674  -0.03542  -0.00521   0.00481   0.03416   0.01000   0.02319  -0.06263   0.02038  -0.07694   0.08715  -0.07246  -0.02077  -0.05806  -0.09572   0.05400   0.04110 
 -0.03096   0.01850  -0.01173   0.02003  -0.04119   0.03633  -0.01582   0.02178  -0.00542   0.02522  -0.07135   0.04171  -0.07540   0.07732  -0.01064  -0.07550  -0.04392  -0.05558   0.05521  -0.00561 
 -0.03674   0.02903  -0.00436   0.00259   0.00879  -0.02172  -0.00324   0.01841   0.01098  -0.00410  -0.04036   0.02690  -0.02629   0.05157  -0.04997  -0.01649   0.01301  -0.08986   0.04218   0.01809 
  0.00294  -0.00337  -0.01080   0.01454  -0.03089   0.00086   0.01269   0.01249   0.05105   0.01982  -0.08740  -0.00674  -0.06109   0.06175  -0.01968  -0.03930  -0.07541  -0.05469   0.04342   0.02889 
 -0.01407   0.01561  -0.00466  -0.00045  -0.01739  -0.02320   0.00279   0.03797   0.02633  -0.00905  -0.04034   0.01373  -0.11650   0.08303  -0.07339   0.02505   0.03194  -0.07664   0.02566   0.02113 
 -0.01566   0.01035  -0.01827   0.02401   0.00989  -0.01478  -0.02703   0.04123   0.02479  -0.02561  -0.04892   0.03689  -0.01542   0.02784  -0.04041   0.01053  -0.03913  -0.05502   0.03209   0.02963 
  0.00104  -0.01224  -0.01483   0.03151  -0.05983  -0.01321   0.03430   0.02286  -0.01115  -0.02321  -0.04498   0.06925  -0.07924   0.06727  -0.01157  -0.04425   0.03733  -0.10526   0.02272   0.04735 
 -0.03508  -0.00488   0.00675   0.03010  -0.04489  -0.01089  -0.00490   0.06065   0.01279   0.00387  -0.06424   0.03650  -0.01817   0.04938   0.00066  -0.08820  -0.00383  -0.09398   0.05745   0.00588 
 -0.01368   0.00025   0.00497   0.00674  -0.01603   0.02525  -0.01829   0.01345   0.01283   0.00880  -0.04877   0.01984  -0.04480   0.03466   0.01112  -0.03592  -0.02186  -0.11691   0.03994   0.06249 
 -0.01447  -0.00155  -0.00042   0.01638  -0.05382  -0.06247   0.06101   0.02474   0.02279   0.01923  -0.07365   0.01813  -0.05675   0.06818  -0.03694  -0.03739   0.01771  -0.08847   0.03879   0.01960 
 -0.01684   0.00295   0.00408   0.00749  -0.05337   0.04354   0.00682  -0.00706   0.00910  -0.03293  -0.01165   0.02980  -0.10699   0.08466  -0.01716  -0.05239  -0.07811  -0.04152   0.04675   0.01164 
 -0.04683   0.02592   0.00883  -0.00083  -0.01008  -0.00268  -0.00270   0.01727   0.04398  -0.01192  -0.06169   0.01246  -0.00741   0.05964  -0.05037  -0.05714   0.00827  -0.06305   0.03200   0.01208 
  0.01601   0.00829  -0.02016  -0.00197  -0.01682  -0.00909   0.03273  -0.02160   0.04317  -0.03286  -0.05825   0.02897  -0.09729   0.09219  -0.08136  -0.00403  -0.00455  -0.07680   0.06086  -0.01640 
 -0.00937   0.00829  -0.00193   0.00108  -0.03464  -0.00443   0.00559   0.03159   0.01596  -0.02355  -0.03713   0.03565  -0.05523   0.06609  -0.02043  -0.05534  -0.01620  -0.07649   0.04940   0.01017 
 -0.01764   0.00385   0.00258   0.00898   0.00685  -0.01791  -0.04024   0.06280   0.07588  -0.03111  -0.11240   0.02663  -0.00682   0.04538  -0.05692  -0.01683   0.06696  -0.03698   0.01018  -0.01725 
