23 20 23 1 27 -3.4886 1.9098 4.8464 5164
  0.00019   0.01610  -0.07751   0.06384   0.02447   0.04533  -0.08871   0.03356   0.00606   0.00875  -0.08380   0.05350  -0.11441   0.11553  -0.10134  -0.02560   0.07929  -0.03450  -0.04781   0.05397 
 -0.00480   0.03453  -0.06966   0.03881   0.00881   0.07924  -0.10063   0.02185   0.00924  -0.00019  -0.12222   0.08237  -0.00902   0.07420  -0.06364  -0.07563   0.15368  -0.11934  -0.02792   0.05206 
  0.03005   0.00968  -0.07107   0.03776   0.04987   0.06392  -0.13548   0.03224   0.02244  -0.01334  -0.11503   0.07526   0.02179   0.05089  -0.10778  -0.00855   0.15292  -0.07036  -0.03312   0.01724 
  0.04955   0.00525  -0.08623   0.03811   0.01508   0.07986  -0.14414   0.05788  -0.02317   0.01477  -0.09768   0.08568  -0.02035   0.11885  -0.14351  -0.09363   0.14896  -0.04146  -0.07643   0.04742 
  0.01593   0.04278  -0.10462   0.04227   0.04157   0.05449  -0.10596   0.02272   0.02704  -0.01080  -0.10452   0.06181  -0.07862   0.09398  -0.03565  -0.08250   0.12051  -0.06886  -0.02117   0.02408 
  0.02719   0.01290  -0.05952   0.02501   0.01569   0.07685  -0.16012   0.07467   0.03183  -0.02693  -0.14355   0.09265  -0.05069   0.08588  -0.11171  -0.00329   0.08687  -0.04274  -0.04965   0.05918 
  0.01813   0.02442  -0.10692   0.06449   0.01269   0.08341  -0.09476   0.00568  -0.00226  -0.01297  -0.12488   0.10446  -0.09610   0.13564  -0.12717  -0.07294   0.14384  -0.01217  -0.06301   0.00465 
  0.00813   0.04469  -0.08918   0.03285   0.06490   0.07553  -0.13443  -0.00142  -0.02861   0.03529  -0.08053   0.06182  -0.06900   0.09206  -0.06720  -0.04734   0.14874  -0.07308  -0.04970   0.04457 
  0.01886   0.03007  -0.07715   0.02966   0.06105   0.10702  -0.21072   0.03255   0.04245  -0.01986  -0.15041   0.08025  -0.03125   0.06479  -0.08660  -0.00058   0.11946  -0.05179  -0.07498   0.07553 
  0.04476   0.02071  -0.12301   0.05755   0.02966   0.07636  -0.13935   0.04286  -0.02130   0.02292  -0.14962   0.10726  -0.06672   0.09487  -0.11989  -0.00067   0.12770  -0.03349  -0.05395   0.02799 
  0.00851   0.03175  -0.10080   0.05921   0.02536   0.08674  -0.13811   0.03337   0.01490  -0.01660  -0.07322   0.05819  -0.10903   0.08237  -0.05558   0.00170   0.07784  -0.05416  -0.06518   0.09211 
  0.00286   0.01812  -0.07571   0.05755   0.01081   0.08470  -0.16873   0.07747   0.00805  -0.01290  -0.15932   0.11347  -0.04928   0.08190  -0.09176  -0.01550   0.09157  -0.05111  -0.02058   0.02664 
  0.00776   0.02271  -0.09327   0.06384   0.02153   0.08621  -0.13242   0.03250  -0.03733   0.02775  -0.10260   0.09044  -0.11656   0.10357  -0.05588  -0.04325   0.06706  -0.01778  -0.05502   0.05397 
 -0.02292   0.04441  -0.07751   0.04981   0.07318   0.08930  -0.17086   0.00636  -0.03451  -0.01837  -0.07334   0.10574  -0.06279   0.10857  -0.13738  -0.02160   0.11489  -0.08850  -0.02268   0.04762 
  0.01075   0.02300  -0.08477   0.05319   0.07729   0.05427  -0.16419   0.03909   0.02269  -0.00663  -0.14165   0.08542  -0.00417   0.06808  -0.17401   0.04165   0.08590  -0.03180  -0.04645   0.04554 
  0.03886   0.01581  -0.11391   0.06120  -0.01421   0.08345  -0.13499   0.07269  -0.04605   0.04027  -0.11465   0.09451  -0.07364   0.10242  -0.13123  -0.00142   0.00034  -0.00763  -0.06825   0.09470 
 -0.03849   0.04658  -0.09853   0.07838   0.04251   0.08402  -0.15915   0.03817  -0.03051   0.01725  -0.09951   0.09129  -0.12998   0.09216  -0.05786  -0.00057   0.04836  -0.07056  -0.02330   0.07409 
 -0.02172   0.02414  -0.07036   0.06646   0.05861   0.10277  -0.21653   0.04553  -0.01217   0.01487  -0.12622   0.09277  -0.09601   0.07821  -0.08969   0.03420   0.05397  -0.06279  -0.04434   0.08944 
 -0.00518   0.02923  -0.10270   0.07551  -0.00907   0.10798  -0.14826   0.05026  -0.05495   0.03788  -0.09096   0.08954  -0.13790   0.09972  -0.11218   0.04172   0.04066  -0.04096  -0.02796   0.05818 
 -0.04649   0.04360  -0.07751   0.06971   0.00421   0.07901  -0.17098   0.09157  -0.02043   0.01471  -0.09364   0.08071  -0.13004   0.08617  -0.07525   0.03087   0.03122  -0.05641  -0.02694   0.07581 
 -0.03105   0.02641  -0.07715   0.07743   0.02017   0.09196  -0.25674   0.12299  -0.05213   0.01027  -0.09561   0.11235  -0.04039   0.07836  -0.14405   0.03228  -0.04342  -0.01163  -0.04832   0.09634 
 -0.03599   0.03564  -0.11235   0.10008  -0.04604   0.10642  -0.12988   0.06811  -0.04698   0.03255  -0.10035   0.09324  -0.16939   0.10086  -0.08816   0.04028  -0.05586  -0.05025  -0.02761   0.11137 
 -0.07775   0.03758  -0.06860   0.09122  -0.00033   0.12328  -0.21484   0.07744  -0.06217   0.03708  -0.06376   0.07839  -0.13895   0.10431  -0.10075   0.02196  -0.06768  -0.03765  -0.04653   0.12621 
 -0.07231   0.05088  -0.08587   0.08719   0.01904   0.09142  -0.19453   0.08250  -0.03074   0.01185  -0.12160   0.10868  -0.05834   0.04595  -0.08536   0.06160  -0.07710  -0.01303  -0.03304   0.09416 
 -0.03766   0.02271  -0.08992   0.09735  -0.06467   0.10539  -0.15998   0.10906  -0.04396   0.03113  -0.16213   0.12571  -0.10200   0.07757  -0.12916   0.07395  -0.06855  -0.03762  -0.05650   0.13658 
 -0.07231   0.03536  -0.10769   0.12161  -0.06686   0.12490  -0.19681   0.11579  -0.07248   0.00826  -0.10007   0.13175  -0.15557   0.06501  -0.04687   0.06458  -0.02963  -0.07808  -0.04735   0.14265 
 -0.08838   0.01639  -0.07751   0.12762  -0.02022   0.07123  -0.20906   0.14605  -0.08586   0.04744  -0.13844   0.13203  -0.10573   0.05557  -0.08254   0.07926  -0.05176  -0.04525  -0.06238   0.14195 
 -0.08188   0.02414  -0.10004   0.13326  -0.04833   0.09337  -0.20830   0.14418  -0.08499   0.03749  -0.14279   0.14131  -0.08535   0.08941  -0.13624   0.04269  -0.06689  -0.03943  -0.05543   0.13631 
 -0.08558   0.03509  -0.10731   0.12988  -0.04908   0.06347  -0.18582   0.15849  -0.07919  -0.00192  -0.08082   0.13286  -0.12841   0.07377  -0.09119   0.06941  -0.08819  -0.03605  -0.04502   0.13082 
 -0.09498   0.01465  -0.07715   0.13298  -0.00734   0.05935  -0.30363   0.19825  -0.06347  -0.00320  -0.11188   0.13981  -0.04973   0.05784  -0.14830   0.08361  -0.05711  -0.05061  -0.06865   0.15379 
 -0.06030   0.00880  -0.12181   0.15002  -0.03789   0.07942  -0.21805   0.15653  -0.10921   0.05393  -0.13426   0.14049  -0.15456   0.07168  -0.09099   0.09079  -0.11860  -0.06303  -0.03242   0.14839 
 -0.11840   0.02271  -0.08513   0.14459  -0.06101   0.12835  -0.22532   0.12687  -0.05983   0.00333  -0.09799   0.12484  -0.11565   0.05430  -0.11538   0.11442  -0.08792  -0.05875  -0.04432   0.14720 
 -0.09120   0.01755  -0.08881   0.13688  -0.03242   0.10728  -0.30434   0.17300  -0.08084   0.00004  -0.13284   0.16025  -0.12561   0.05977  -0.15633   0.13978  -0.09014  -0.08455  -0.02910   0.15072 
 -0.09498   0.00909  -0.10963   0.16172  -0.01786   0.11410  -0.25421   0.12874  -0.11353   0.00972  -0.06787   0.14019  -0.09340   0.05666  -0.12885   0.10502  -0.10505  -0.03944  -0.05892   0.15281 
 -0.10362   0.02014  -0.09104   0.14323  -0.04238   0.08482  -0.29808   0.19700  -0.11392  -0.01997  -0.08634   0.17046  -0.09436   0.05659  -0.10147   0.08483  -0.12233  -0.10997  -0.04295   0.18988 
 -0.10996  -0.00802  -0.09252   0.17286   0.01383   0.04596  -0.25890   0.17226  -0.07536  -0.01933  -0.12611   0.16589  -0.06973   0.03288  -0.13293   0.12916  -0.09001  -0.06348  -0.07174   0.17661 
 -0.07821  -0.01109  -0.11001   0.17003  -0.03891   0.05442  -0.16864   0.14811  -0.13137  -0.01088  -0.15200   0.20561  -0.10441   0.04360  -0.07076   0.08909  -0.10607  -0.06725  -0.07911   0.19024 
 -0.11891  -0.00680  -0.09364   0.17718  -0.03874   0.05673  -0.20364   0.16876  -0.09228  -0.03709  -0.09529   0.17225  -0.14451   0.08301  -0.09689   0.06769  -0.10132  -0.10657  -0.07859   0.21201 
 -0.11491  -0.00833  -0.09104   0.17464  -0.00870   0.11863  -0.31233   0.14867  -0.04168  -0.00308  -0.08252   0.10614  -0.00137  -0.00152  -0.09950   0.10217  -0.10113  -0.09227  -0.07352   0.19964 
 -0.05724  -0.01264  -0.10080   0.15270  -0.03482   0.04984  -0.15619   0.14050  -0.05435   0.00770  -0.05960   0.09354  -0.13250   0.04689  -0.03947   0.07485  -0.05622  -0.07618  -0.04824   0.15222 
 -0.08327  -0.00285  -0.05505   0.12477   0.01103   0.07102  -0.31843   0.18232  -0.06291  -0.06860  -0.02883   0.13263  -0.11967   0.04953  -0.08171   0.09891  -0.06081  -0.10740   0.00558   0.11765 
 -0.07276  -0.01637  -0.05987   0.13465   0.03229   0.05064  -0.25238   0.15013   0.00285  -0.05508  -0.04241   0.07755  -0.06512   0.02542  -0.13264   0.13683  -0.04951  -0.08357   0.00193   0.10023 
 -0.03146  -0.02044  -0.06473   0.11495  -0.00542   0.05509  -0.19214   0.13889  -0.08806  -0.03918  -0.06567   0.15474  -0.17099   0.03569  -0.09531   0.16117  -0.08353  -0.08692  -0.03271   0.15374 
 -0.09784  -0.01264  -0.07285   0.15617   0.05557   0.07238  -0.16223   0.04081   0.00992  -0.05138   0.01036   0.02440  -0.09146   0.08803  -0.05872  -0.02426  -0.06418  -0.05561  -0.01421   0.10363 
 -0.03475   0.01086  -0.02853   0.05116  -0.03942  -0.10079  -0.38595   0.33720  -0.14027  -0.19831  -0.26065   0.32223  -0.11962  -0.13600  -0.24432   0.36470  -0.14207  -0.25604  -0.25522   0.37382 
 -0.11541  -0.17244  -0.27684   0.35097   0.13852  -0.06805   0.01928  -0.16007   0.02106  -0.13863   0.14490  -0.08137   0.01617   0.00460   0.13129  -0.30325  -0.09514  -0.41162   0.27788  -0.34940 
 -0.04862  -0.20879   0.25389  -0.23287  -0.42434  -0.04574  -0.60143   0.45705  -0.18331  -0.00486  -0.18619   0.24035  -0.78788  -0.36763  -0.71469   0.60510  -0.57793  -0.19306  -0.51001   0.46397 
 -0.48875  -0.18422  -0.54906   0.47983   0.63339  -3.71307  -3.71307  -3.71307   0.54732  -3.71307  -3.71307  -3.71307   0.67018  -3.71307  -3.71307  -3.71307   0.86568  -3.71307  -3.71307  -3.71307 
  0.65697  -3.71307  -3.71307  -3.71307  -3.71307  -1.76870   0.50619  -3.71307  -3.71307  -3.71307  -3.71307  -3.71307  -3.71307  -3.71307  -3.71307  -3.71307  -3.71307  -3.71307  -3.71307  -3.71307 
 -3.71307  -1.83182   0.55229  -3.71307  -3.71307  -3.71307  -3.71307  -3.71307   0.00332   0.08176  -0.08906  -0.01408   0.04324  -0.10098   0.14636  -0.11023  -3.71307  -3.71307  -3.71307  -3.71307 
  0.03041   0.00821   0.07386  -0.17449  -0.00575   0.02636  -0.08977   0.08388  -0.01629   0.02260  -0.02628   0.01990   0.08291  -0.02598  -0.11970   0.06946   0.04013   0.01445  -0.00969  -0.02775 
  0.03676   0.00850  -0.07715   0.03846   0.01202   0.05465  -0.04940  -0.01128   0.00449  -0.05239   0.07881  -0.04183   0.02150  -0.00315  -0.01179  -0.00439   0.05578   0.04623  -0.07447   0.01366 
  0.01667   0.00316  -0.00934  -0.00939  -0.00141   0.03732  -0.08746   0.06659   0.03579  -0.02781   0.05027  -0.07367   0.02857  -0.00997   0.00910  -0.02683   0.06359   0.00604   0.00981  -0.06729 
  0.03041  -0.00224  -0.00262  -0.02604   0.02421   0.05326  -0.08556   0.02101  -0.01678  -0.00657   0.02385   0.00194   0.01914   0.03212  -0.04181  -0.03701   0.00207   0.02971  -0.02759   0.00417 
  0.00813   0.02641  -0.03306  -0.00244  -0.01399   0.06095   0.00264  -0.06719  -0.01754  -0.00760   0.08643  -0.06907  -0.00531   0.02413   0.00927  -0.05620  -0.04584   0.01980   0.04521  -0.07815 
 -0.01455   0.01899   0.03840  -0.06581   0.01694   0.03063  -0.03921  -0.00018  -0.00394  -0.01503   0.07043  -0.05762   0.05954  -0.02000   0.01405  -0.05602  -0.05358   0.02094   0.02865  -0.04319 
  0.02105   0.00167   0.01373  -0.04337   0.03212  -0.03006  -0.02865   0.03506   0.03437  -0.10094   0.05965  -0.01564   0.09532  -0.02266  -0.02039  -0.05685   0.02816   0.02855  -0.01510  -0.02943 
  0.05463  -0.03000  -0.00353  -0.01724   0.00858   0.03679   0.02479  -0.09971  -0.00138  -0.04445   0.06367  -0.02358  -0.00653  -0.01055   0.05373  -0.04665  -0.05347   0.03054   0.00694  -0.01858 
 -0.00673   0.00107   0.03758  -0.04674   0.02671   0.00730  -0.00717  -0.02864   0.02610  -0.00988   0.06580  -0.09979   0.06484  -0.03888   0.03256  -0.05355   0.01682   0.01716  -0.01051  -0.01463 
  0.04026  -0.00863   0.01606  -0.05531   0.04374  -0.01216  -0.01882  -0.00979   0.01541  -0.02143   0.01404  -0.01169   0.08858  -0.03188  -0.02922  -0.01747  -0.00565   0.00258  -0.03459   0.04862 
  0.04579  -0.01793  -0.01993  -0.00129  -0.04833   0.02998   0.03771  -0.04434  -0.00331  -0.01213   0.03954  -0.02473   0.01418  -0.00911   0.04803  -0.06738  -0.01974   0.03584   0.01218  -0.05448 
 -0.01258   0.00643   0.03619  -0.04590   0.00003   0.03621   0.01243  -0.06513   0.02960   0.00993   0.03897  -0.09305   0.01173   0.00412   0.02849  -0.06214   0.06411  -0.01001  -0.01867  -0.00069 
  0.02611   0.01232   0.01051  -0.06009   0.02995   0.02507  -0.04641   0.00104   0.01881  -0.00962  -0.00946  -0.00414   0.02330   0.00628  -0.05074   0.02025   0.08363   0.01052  -0.05670   0.01532 
  0.03676   0.00703  -0.04458   0.00628  -0.05272   0.04690   0.04673  -0.07988  -0.00025  -0.00559   0.02902  -0.02352   0.01686   0.02088  -0.02750  -0.02749  -0.03322   0.05710   0.00150  -0.05835 
 -0.01219   0.02357   0.01751  -0.04337   0.04757  -0.00497  -0.03880   0.00473  -0.01471   0.02577   0.03100  -0.04134   0.03668  -0.01630   0.01769  -0.03678  -0.01759   0.00467   0.00851  -0.00871 
  0.01923   0.00167   0.00100  -0.02363   0.01917   0.00887  -0.02185  -0.00048   0.02550  -0.03037   0.01625  -0.01817   0.07146  -0.02559  -0.03020  -0.00401  -0.03094   0.07095  -0.02406  -0.03775 
  0.03254   0.00107  -0.01616  -0.01526  -0.09140   0.07151   0.05600  -0.09362   0.02808  -0.00859   0.01562  -0.04239   0.02169  -0.01738   0.03094  -0.03401  -0.05545   0.03665   0.01991  -0.04799 
 -0.00945   0.01349   0.03174  -0.05272   0.01992  -0.02107   0.01175  -0.01641   0.07489  -0.02490   0.03308  -0.11838   0.08276  -0.02637  -0.00007  -0.05769  -0.00823   0.00315   0.00975  -0.01433 
  0.06098  -0.01668   0.00815  -0.05878   0.05180  -0.02699  -0.02572   0.00589   0.01289  -0.00663   0.00789  -0.01664   0.08527  -0.01198  -0.04008  -0.03748   0.01051   0.07072  -0.05662  -0.01402 
  0.04785   0.00257  -0.03014  -0.01724  -0.03101  -0.00661   0.06317  -0.06258   0.01453  -0.00622   0.06430  -0.08473   0.02581   0.02377  -0.01712  -0.05911  -0.04694   0.04919  -0.00740  -0.02393 
  0.00096   0.01203   0.02949  -0.05878   0.04192   0.03010  -0.03301  -0.03825   0.04123  -0.03533   0.02989  -0.04933   0.06732  -0.02495   0.00453  -0.04382   0.01051  -0.01174   0.03076  -0.04397 
  0.05091  -0.01171   0.00340  -0.04590   0.01513   0.01682  -0.01565  -0.01389   0.01535  -0.01699   0.02342  -0.02559   0.06427  -0.02358  -0.02450  -0.00481   0.00382   0.02376  -0.04010   0.02745 
  0.03112  -0.00436  -0.01554  -0.00745  -0.03036   0.05124   0.03160  -0.08413   0.02043   0.01828   0.03565  -0.08525   0.03341   0.00917  -0.01366  -0.04182  -0.05999   0.06472  -0.01720  -0.02309 
  0.00248   0.03035   0.01051  -0.05966  -0.01335   0.03442   0.00347  -0.03212   0.00177   0.00982   0.06838  -0.09090   0.06670  -0.00103   0.00056  -0.08823   0.03862   0.05347  -0.01613  -0.07085 
  0.02862   0.01899   0.01022  -0.07296   0.03317  -0.03122   0.01115  -0.02017   0.00818  -0.04905   0.04456  -0.00961   0.04522  -0.03040   0.01188  -0.01322   0.00553   0.10622  -0.06080  -0.05975 
  0.03183  -0.00710  -0.00111  -0.02322  -0.07050   0.07716   0.02661  -0.06912   0.01179   0.01482   0.01378  -0.04373   0.00244   0.03527  -0.00297  -0.07472  -0.06426   0.04059   0.01293  -0.03627 
 -0.01772   0.04005   0.01285  -0.05574   0.02980   0.05752  -0.05163  -0.03329   0.01880  -0.00925   0.04622  -0.06423   0.03254  -0.00584   0.00315  -0.03213  -0.01497   0.05661   0.00090  -0.06820 
  0.02862   0.01784  -0.00414  -0.05015   0.05807  -0.00951  -0.01189  -0.04152   0.01918  -0.04383   0.01821  -0.00016   0.08135  -0.02670  -0.02916  -0.01679  -0.01729   0.00215  -0.02061   0.03678 
  0.04785  -0.02329  -0.01336  -0.00513  -0.09012   0.05495   0.02952  -0.02236  -0.00809   0.03721   0.00789  -0.03727   0.00761   0.00529   0.01312  -0.03682   0.00973   0.01432   0.02925  -0.07546 
 -0.02172   0.02385   0.02354  -0.04252   0.01084   0.05716  -0.04190  -0.02336   0.01800  -0.02368   0.06136  -0.06651   0.04291  -0.00675   0.00456  -0.04614   0.02149   0.02626  -0.01352  -0.02452 
  0.02898   0.00968  -0.00051  -0.04379   0.05366   0.06372  -0.05577  -0.06820   0.02342  -0.01462   0.01558  -0.03000   0.10181  -0.03485  -0.04112  -0.01711   0.01684   0.06917  -0.05801  -0.01384 
  0.05698   0.01173  -0.03697  -0.03215  -0.10655   0.04706   0.07449  -0.07724  -0.00915   0.01670   0.05182  -0.06256   0.02547   0.02975  -0.01600  -0.07425  -0.02880   0.01734   0.01197  -0.02362 
 -0.02132   0.02300   0.03481  -0.05878   0.03018   0.03280  -0.01339  -0.05640   0.02269   0.01017   0.05152  -0.09929   0.02063   0.00013   0.03207  -0.07097   0.00103   0.01546   0.00514  -0.02774 
  0.02719   0.01436   0.01344  -0.06893   0.04306   0.01834  -0.03230  -0.02574  -0.00654  -0.00415   0.02639  -0.01466   0.05422  -0.00725  -0.02009  -0.02777   0.00797   0.02093  -0.02227   0.00378 
  0.03147   0.00406  -0.01648  -0.01764  -0.07921   0.07629   0.04280  -0.08850  -0.01107   0.03145   0.04710  -0.07170  -0.00380   0.01433  -0.00597  -0.01626  -0.09086   0.05989   0.02018  -0.06295 
 -0.03269   0.03895   0.02723  -0.05966  -0.01140   0.03483   0.02258  -0.06674   0.05201  -0.02014   0.01901  -0.06833   0.05233  -0.02187   0.02069  -0.05151   0.06148   0.01166  -0.00738  -0.04310 
  0.04785  -0.00285   0.00637  -0.05878   0.01961   0.02792  -0.02407  -0.02069  -0.00309  -0.03964   0.03173   0.00862   0.04657  -0.01530  -0.02349   0.00165   0.03480   0.04105  -0.04840  -0.00071 
  0.02611  -0.00073  -0.01836  -0.00321  -0.04720   0.05755   0.03233  -0.07514  -0.02838   0.00845   0.08382  -0.06977   0.03352  -0.00270   0.01812  -0.06127  -0.03275   0.07021  -0.01808  -0.04520 
 -0.01574   0.02669   0.02977  -0.06272  -0.01405   0.04532   0.00939  -0.05567   0.02937  -0.04071   0.04565  -0.04573   0.06591  -0.00421  -0.01377  -0.05910   0.05327  -0.01445  -0.00185  -0.01395 
  0.04061  -0.00315   0.00369  -0.04547  -0.00522   0.00492  -0.00762   0.01081   0.02631  -0.00179   0.02107  -0.05321   0.07704  -0.00922  -0.05667  -0.01152   0.05007   0.01888  -0.02156  -0.02157 
  0.03991   0.00047  -0.01710  -0.02162  -0.09690   0.02646   0.05262  -0.01778   0.02068  -0.02111   0.03675  -0.04313   0.01703   0.01073   0.00655  -0.05125  -0.06929   0.05357  -0.01786  -0.00197 
 -0.01614   0.01349   0.02068  -0.02929  -0.00152   0.03676  -0.03210   0.00323   0.01666  -0.04491   0.06103  -0.04287   0.05653  -0.00550  -0.00345  -0.05685   0.02268   0.01010  -0.01019  -0.01009 
  0.02826  -0.00164   0.00130  -0.02970   0.02490   0.02572  -0.02965  -0.01635   0.00316   0.01923   0.00450  -0.02775   0.06757  -0.00009  -0.03598  -0.04093  -0.00931   0.03752  -0.01211  -0.02238 
  0.02791   0.01697  -0.01930  -0.02766  -0.02227   0.04520   0.04010  -0.10140   0.02102  -0.00182   0.03760  -0.06506   0.00197   0.04408  -0.01953  -0.07190  -0.10291   0.06609  -0.00834  -0.01711 
 -0.00441   0.03509   0.01285  -0.06272   0.02596   0.06394  -0.03431  -0.06284  -0.00395   0.00276   0.05537  -0.05798   0.08956  -0.04190   0.00560  -0.04559   0.02979   0.01785  -0.02717   0.00135 
  0.04165   0.00227  -0.00414  -0.04337  -0.00026   0.02878  -0.02492   0.00183   0.02290  -0.02157   0.01318  -0.02004   0.06938  -0.01517  -0.03889  -0.01019   0.01642   0.03860  -0.04523   0.00931 
  0.03360   0.00227  -0.02533  -0.00667  -0.10197   0.05396   0.04377  -0.03391  -0.00074  -0.00465   0.05344  -0.05173   0.03501   0.00602  -0.02622  -0.02131  -0.10906   0.04765   0.00921  -0.01692 
 -0.02615   0.01985   0.02326  -0.03174  -0.00364   0.06305  -0.02484  -0.03903   0.03621  -0.02608   0.06747  -0.09907   0.07356  -0.01624  -0.01218  -0.04753   0.03077   0.05045  -0.02310  -0.04885 
  0.04199   0.01232  -0.00111  -0.06272   0.03518   0.01616  -0.01244  -0.04231   0.00782   0.02901  -0.00564  -0.03392   0.07238  -0.00526  -0.05912  -0.00995  -0.01797   0.03314  -0.01686  -0.00432 
