IntronPotTab 1 1024 0.73074
    0.02300
    0.04446
   -0.01204
   -0.07708
    0.01889
    0.03000
    0.04410
   -0.10333
    0.00530
    0.06502
   -0.06429
   -0.04138
    0.00113
    0.06483
   -0.01065
   -0.05581
   -0.03867
    0.11595
    0.01947
   -0.10265
   -0.00223
    0.02521
    0.00345
   -0.02717
   -0.03583
    0.01713
    0.08862
   -0.08574
    0.05060
    0.03307
    0.05432
   -0.10488
   -0.00419
    0.03410
   -0.03207
    0.00313
   -0.03415
    0.03691
    0.00143
   -0.00040
    0.00613
    0.01594
   -0.02999
   -0.00522
   -0.07968
    0.05355
    0.06633
   -0.05268
   -0.03155
    0.03965
   -0.03313
    0.01188
   -0.00836
    0.03169
    0.05386
   -0.04887
   -0.01225
    0.05497
   -0.00063
   -0.03564
   -0.01725
    0.05216
   -0.03259
   -0.00674
    0.05622
    0.01328
   -0.01480
   -0.09556
    0.06429
    0.02854
   -0.06630
   -0.06740
    0.02534
    0.05144
   -0.03213
   -0.08963
    0.03172
   -0.07017
    0.06536
   -0.02847
   -0.07503
    0.05169
    0.07385
   -0.05790
   -0.03584
    0.09694
    0.01170
   -0.08986
    0.02847
   -0.01953
    0.09047
   -0.14851
    0.08095
    0.01966
   -0.01719
   -0.04753
    0.04725
   -0.02780
   -0.00009
   -0.03311
    0.01926
    0.04502
   -0.10565
    0.01962
    0.03665
    0.00527
    0.03240
   -0.11628
   -0.06173
    0.03433
    0.01403
   -0.02158
   -0.03723
    0.01551
    0.05902
   -0.03075
   -0.01878
    0.07152
   -0.02982
   -0.02462
   -0.00705
    0.04127
    0.01337
   -0.06315
   -0.01495
    0.02353
   -0.07426
    0.05703
    0.04075
    0.03973
   -0.08879
   -0.00590
    0.01409
   -0.04176
    0.01318
    0.00718
   -0.01407
    0.02652
   -0.00936
   -0.00380
    0.01618
    0.01324
   -0.02015
   -0.00611
   -0.02972
    0.00136
    0.04055
   -0.01397
   -0.05299
    0.06600
    0.01569
   -0.03010
    0.03550
   -0.00562
    0.04827
   -0.11845
   -0.00258
    0.03474
    0.00886
   -0.04259
   -0.00932
    0.05966
   -0.09124
    0.05077
   -0.07100
    0.06007
    0.01451
   -0.02929
    0.10669
   -0.02512
   -0.01805
   -0.08469
   -0.07151
   -0.06445
    0.01001
    0.08457
   -0.09791
   -0.07035
   -0.07089
    0.13662
   -0.02622
    0.06156
   -0.09235
    0.03240
   -0.04956
    0.05094
    0.02248
   -0.03158
    0.06178
    0.00616
   -0.05976
    0.02515
   -0.00409
    0.01204
   -0.07935
    0.04818
   -0.04973
    0.04078
   -0.00867
    0.02638
    0.06681
    0.03024
   -0.10864
   -0.05336
   -0.03100
    0.03983
    0.00604
   -0.00953
   -0.03450
    0.03516
    0.09594
   -0.06791
    0.03436
    0.05657
   -0.00541
   -0.11799
   -0.03525
    0.10639
    0.03711
   -0.11037
    0.04890
    0.00877
    0.00997
   -0.04221
   -0.02333
   -0.02209
    0.00908
    0.03433
   -0.00839
    0.06789
   -0.07246
   -0.01198
    0.01918
    0.02937
    0.00809
   -0.07458
   -0.06343
    0.02422
    0.07514
   -0.04624
   -0.03959
   -0.00473
    0.12418
   -0.05586
   -0.05813
    0.07863
   -0.00397
   -0.00911
   -0.07316
    0.10440
   -0.01510
   -0.00747
   -0.02928
    0.03700
   -0.01972
   -0.00229
   -0.01557
    0.07888
   -0.02141
   -0.02914
    0.03353
    0.08359
   -0.01310
   -0.10803
   -0.00697
    0.09684
    0.00237
   -0.11399
   -0.04351
    0.05992
   -0.00400
   -0.01003
   -0.00720
   -0.00196
    0.03980
   -0.02826
   -0.00543
    0.08519
   -0.03666
   -0.04697
   -0.01536
    0.07235
   -0.00485
   -0.06157
    0.00167
    0.02824
    0.03659
   -0.05921
    0.01786
    0.05748
   -0.01676
   -0.06911
    0.04254
    0.03656
   -0.02022
   -0.08387
    0.01250
    0.03097
    0.02501
   -0.10204
   -0.09104
   -0.04959
    0.06894
    0.02997
   -0.05655
    0.02040
   -0.02717
    0.03719
   -0.05446
    0.05621
    0.02652
   -0.00147
   -0.02156
    0.08776
   -0.03566
   -0.02410
   -0.09615
    0.05976
   -0.01794
    0.00678
    0.04949
    0.02061
   -0.10852
    0.03130
    0.03735
    0.03178
   -0.05075
   -0.02783
   -0.03876
    0.04477
    0.03792
   -0.06032
    0.03190
   -0.03735
    0.04657
   -0.04522
   -0.01606
   -0.00652
    0.04629
   -0.03036
   -0.07702
    0.09378
    0.02092
   -0.00722
    0.00512
    0.02990
    0.02597
   -0.09599
    0.04636
   -0.00118
    0.05280
   -0.08565
    0.05066
    0.02245
   -0.05805
   -0.01407
   -0.01500
    0.10502
   -0.10449
   -0.03409
   -0.04192
    0.03793
    0.00921
   -0.04565
   -0.09537
    0.02772
    0.00094
    0.02208
    0.07993
   -0.03879
   -0.04855
   -0.00746
    0.00257
    0.01676
   -0.05733
    0.04298
   -0.04946
    0.07876
   -0.00926
   -0.04983
   -0.01931
    0.05415
   -0.07311
    0.03144
    0.02222
    0.08294
   -0.04982
   -0.06150
    0.03318
   -0.01871
   -0.00700
   -0.02114
    0.01492
    0.04989
   -0.03156
   -0.05704
    0.00169
   -0.00254
   -0.02521
    0.03131
    0.01174
    0.00077
   -0.00728
   -0.00794
   -0.01780
    0.09062
   -0.03203
   -0.05354
   -0.05621
    0.03735
   -0.00361
   -0.00336
    0.01380
    0.00529
    0.04320
   -0.05654
    0.03988
   -0.00462
   -0.06190
    0.01724
   -0.07404
    0.04463
   -0.00872
    0.01861
    0.05530
   -0.02489
    0.00788
   -0.02052
   -0.09715
    0.04841
   -0.02109
    0.04159
   -0.01611
   -0.02922
   -0.08804
    0.09023
   -0.04513
    0.03951
   -0.10191
    0.09321
   -0.00867
    0.03100
   -0.06021
    0.04624
   -0.00360
    0.02895
   -0.05388
    0.02744
    0.03828
   -0.08474
   -0.02855
    0.01318
   -0.08003
   -0.01343
   -0.08473
    0.12765
    0.02346
   -0.02711
   -0.04480
    0.02528
   -0.02105
    0.01957
   -0.03430
    0.02817
   -0.05541
    0.05832
    0.01667
    0.00777
   -0.02068
    0.12350
    0.02173
   -0.09818
   -0.01035
    0.08133
    0.02498
   -0.10763
    0.00318
    0.01532
    0.03140
   -0.03865
    0.01523
    0.03104
   -0.02245
   -0.02194
   -0.03898
    0.11331
   -0.03965
   -0.04151
   -0.01073
    0.06514
    0.03450
   -0.11418
   -0.06348
    0.03966
    0.00835
   -0.00197
   -0.10518
    0.04267
    0.06585
    0.00046
   -0.04599
    0.07379
   -0.01282
   -0.00491
   -0.01158
    0.07829
   -0.04190
   -0.02228
    0.01723
    0.03225
   -0.03114
   -0.00772
   -0.01093
    0.08957
   -0.01226
   -0.05663
   -0.01614
    0.08440
   -0.00453
   -0.05189
    0.02878
    0.04325
   -0.07074
   -0.03865
   -0.00961
    0.09326
    0.00272
   -0.08453
   -0.03784
    0.03742
    0.08189
   -0.05826
   -0.04853
    0.09462
   -0.04294
    0.00051
   -0.00377
    0.06858
    0.02691
   -0.12377
    0.00189
    0.08804
    0.00830
   -0.08353
   -0.00840
    0.05795
   -0.00602
   -0.03562
    0.01205
    0.06331
   -0.06376
   -0.03479
    0.00919
    0.04963
    0.01809
   -0.11094
    0.02258
    0.01451
    0.07850
   -0.09559
   -0.04913
    0.07161
    0.00760
   -0.02097
   -0.01581
    0.08473
   -0.11807
    0.01030
    0.05752
    0.02338
   -0.06229
   -0.03865
    0.00783
    0.08007
   -0.05052
   -0.03186
   -0.00604
    0.02229
   -0.04877
    0.04579
    0.06741
   -0.01303
   -0.06920
    0.00565
    0.00845
    0.07893
   -0.00721
   -0.14949
   -0.01680
   -0.00084
    0.02875
   -0.01778
   -0.06768
   -0.01179
    0.07757
    0.00837
   -0.04707
    0.09047
   -0.01487
   -0.02049
   -0.02507
    0.03914
    0.04036
   -0.10276
    0.06776
    0.01243
    0.04924
   -0.10278
   -0.00785
    0.00154
   -0.01293
    0.02831
   -0.08684
    0.09699
   -0.06691
   -0.00492
    0.01966
    0.03937
   -0.00879
   -0.11908
   -0.07882
    0.02412
    0.00292
    0.01247
   -0.03306
    0.02061
    0.00499
    0.00279
   -0.01264
    0.04957
   -0.03057
   -0.00607
    0.00975
    0.01066
   -0.03421
    0.02065
    0.03916
   -0.01624
   -0.03201
    0.02741
    0.01207
    0.01553
   -0.06921
    0.03702
    0.09682
   -0.01625
   -0.04840
   -0.06425
   -0.03056
    0.04255
    0.00748
   -0.02382
    0.00578
    0.01898
   -0.05840
    0.03383
   -0.02446
    0.03388
    0.01208
   -0.01890
   -0.03541
    0.11742
   -0.03028
   -0.08260
   -0.01051
    0.05682
    0.02580
   -0.12073
    0.03147
    0.04177
    0.00672
   -0.06299
   -0.00370
    0.06916
   -0.00910
   -0.05292
   -0.01251
    0.06068
   -0.09600
    0.01162
    0.00945
    0.00908
    0.07123
   -0.09771
   -0.07408
    0.10700
   -0.00426
   -0.06747
    0.05516
    0.01559
   -0.28158
    0.07606
   -0.03682
    0.08540
   -0.03249
   -0.01509
    0.01222
    0.03076
    0.00756
   -0.05573
    0.03978
    0.03512
   -0.10813
    0.02932
   -0.00296
    0.01440
   -0.10982
    0.06457
    0.00143
   -0.04974
   -0.02241
    0.04360
    0.06198
   -0.05065
   -0.02270
   -0.02583
   -0.03920
    0.01248
   -0.07527
    0.06335
   -0.01272
    0.06345
   -0.00101
   -0.04234
   -0.09234
    0.15353
    0.01444
   -0.02354
   -0.09518
    0.08600
    0.07054
   -0.04857
    0.05756
    0.04355
   -0.00664
   -0.06008
   -0.00243
    0.08639
   -0.04665
   -0.03961
   -0.02421
    0.09253
   -0.11327
   -0.00004
    0.01317
    0.06212
   -0.01959
   -0.08036
   -0.08111
    0.05931
   -0.02939
    0.01435
   -0.07882
   -0.02672
   -0.00360
    0.06458
   -0.03868
    0.08139
   -0.00190
   -0.02736
    0.00107
    0.06778
    0.00641
   -0.07533
   -0.04929
    0.06688
   -0.05808
    0.00493
   -0.05192
    0.04036
    0.03662
   -0.00210
    0.05519
   -0.05216
    0.01873
   -0.05355
   -0.03040
    0.06808
    0.00864
   -0.04687
   -0.08575
    0.05335
   -0.01781
    0.03963
   -0.01051
   -0.03256
    0.08848
   -0.03709
   -0.01372
    0.09919
    0.03802
   -0.13940
   -0.00088
    0.06594
   -0.00289
   -0.06777
    0.06336
   -0.02640
    0.04083
   -0.05258
    0.00122
    0.05050
   -0.01953
   -0.02773
   -0.00264
    0.06383
    0.04108
   -0.09261
   -0.15068
    0.08028
   -0.04745
    0.07790
    0.06207
   -0.01552
    0.03772
   -0.08854
   -0.04732
    0.06364
    0.06974
   -0.05184
   -0.04871
    0.08598
    0.03551
   -0.04149
    0.00082
    0.04501
    0.03571
   -0.07923
    0.11891
    0.02575
   -0.07851
   -0.03749
    0.04116
   -0.00421
   -0.02416
   -0.02988
   -0.01928
    0.02597
   -0.01096
    0.00360
    0.04261
   -0.05679
    0.02890
   -0.02884
    0.02641
   -0.03087
    0.02844
   -0.01601
   -0.03523
   -0.01226
    0.06065
   -0.01219
   -0.08002
    0.06806
    0.04645
   -0.02042
    0.01154
   -0.01823
    0.04471
   -0.04608
    0.06161
   -0.03935
    0.07291
   -0.05577
    0.04146
   -0.03077
   -0.01880
   -0.00265
   -0.02824
    0.04714
   -0.07279
    0.01722
    0.02627
    0.00161
    0.01440
   -0.05529
   -0.01997
   -0.00654
   -0.01089
    0.03156
   -0.00032
    0.01591
    0.01775
   -0.02863
    0.00353
    0.07642
   -0.06453
   -0.02583
   -0.02271
    0.01044
    0.05913
   -0.06786
   -0.04457
    0.04169
   -0.07806
    0.04033
    0.03866
   -0.04835
    0.00272
   -0.02330
   -0.00293
   -0.00706
   -0.03089
    0.03406
    0.04017
    0.00339
   -0.02803
   -0.03416
   -0.03639
   -0.03882
    0.02478
    0.02619
   -0.02535
   -0.01268
    0.02727
    0.01591
   -0.08250
    0.07003
    0.01113
    0.00189
    0.02138
    0.03820
    0.01556
   -0.11096
   -0.00645
   -0.01119
    0.03343
   -0.02014
    0.03389
    0.00113
   -0.01820
   -0.02701
   -0.03153
    0.06180
   -0.04723
   -0.00995
    0.02847
    0.02667
   -0.07981
    0.00711
   -0.10385
    0.02449
   -0.02031
    0.06678
    0.04689
    0.01041
   -0.10078
    0.02159
   -0.00968
    0.01692
   -0.07293
    0.04462
   -0.09650
    0.06675
   -0.01311
    0.02577
    0.01045
    0.01276
   -0.06404
    0.03505
   -0.01495
    0.02870
   -0.03158
    0.02310
   -0.03129
   -0.06152
    0.04857
    0.04240
   -0.00854
   -0.04942
    0.09772
   -0.02650
   -0.02249
    0.08243
   -0.02132
   -0.03161
   -0.04642
   -0.00090
    0.06812
    0.00575
    0.01923
    0.05777
   -0.04561
   -0.04518
    0.02364
    0.00829
    0.01279
   -0.05401
    0.01328
   -0.01923
    0.07748
   -0.05538
    0.00242
   -0.04603
    0.05276
   -0.01839
   -0.02329
    0.02818
   -0.03547
    0.02051
    0.00225
    0.03246
    0.00220
   -0.04388
   -0.04589
    0.04923
    0.00498
   -0.01519
    0.00549
   -0.02017
    0.04809
   -0.02154
   -0.03851
    0.04734
    0.00024
   -0.00341
   -0.07012
    0.09310
   -0.03295
    0.01456
   -0.08194
    0.00242
   -0.02839
    0.04279
