11 4 11 1 39 -1.6255 1.2899 2.1501 1388
  0.02031   0.06718  -0.05999  -0.03786 
 -0.03829   0.07932   0.02805  -0.07622 
  0.01687   0.06718   0.00281  -0.09674 
  0.02935   0.06718  -0.06909  -0.04049 
 -0.00315   0.06494   0.00669  -0.07336 
 -0.01290   0.06606   0.02312  -0.08198 
  0.01108   0.05700  -0.00638  -0.06631 
 -0.01911   0.05007   0.01562  -0.04714 
 -0.02037   0.04657   0.03655  -0.06491 
 -0.00195   0.08257  -0.08470  -0.01117 
 -0.05156   0.08149   0.04606  -0.08636 
  0.01687   0.05007   0.02928  -0.10585 
  0.03047   0.04185  -0.05700  -0.02368 
 -0.05427   0.09112   0.01562  -0.06074 
 -0.04223   0.06494   0.02928  -0.05525 
 -0.00922   0.06269  -0.06604   0.00338 
 -0.02796   0.06494  -0.01172  -0.02750 
 -0.01414   0.04539   0.02063  -0.05253 
  0.03159   0.09638  -0.10089  -0.05253 
 -0.04488   0.07384  -0.01577  -0.01738 
 -0.05291   0.05814   0.00411  -0.01117 
  0.01572   0.05239  -0.08470   0.00338 
 -0.04620   0.06494  -0.00904  -0.01240 
 -0.00075   0.03467   0.01435  -0.04848 
  0.05117   0.06269  -0.09111  -0.04314 
  0.00283   0.06941  -0.00505  -0.07336 
 -0.00678   0.08257  -0.00242  -0.08198 
  0.04366   0.06606  -0.07683  -0.04983 
 -0.01167   0.08040   0.01687  -0.09525 
 -0.00922   0.06606   0.01938  -0.08198 
  0.03931   0.05355  -0.05999  -0.04447 
  0.00521   0.06718  -0.03095  -0.04714 
 -0.00195   0.07163  -0.04814  -0.02878 
  0.02031   0.06381  -0.11600   0.00930 
  0.02031   0.04303  -0.04089  -0.02750 
  0.04040  -0.04157  -0.03377   0.02319 
  0.08689   0.03588  -0.17053  -0.00142 
  0.04904   0.07494  -0.11260  -0.03786 
  0.04149   0.07932  -0.13521  -0.01738 
  0.08787   0.05355  -0.20687   0.00099 
  0.11349   0.02983  -0.09111  -0.09226 
  0.10512   0.09006  -0.12116  -0.13273 
  0.08787   0.08687  -0.15344  -0.07336 
  0.00756   0.11581  -0.11091  -0.04181 
 -0.00075   0.07714  -0.07372  -0.01488 
 -0.00436   0.06941  -0.14060   0.04322 
  0.00639   0.12668  -0.03660  -0.12625 
 -0.04091   0.25278  -0.18431  -0.16664 
  0.58270  -3.14270  -3.14270  -3.14270 
 -3.14270  -1.28539   0.61587  -3.14270 
  0.06684   0.03104  -0.00771  -0.10738 
 -0.03052   0.11781  -0.12116   0.00219 
 -0.01167   0.09951  -0.03803  -0.06213 
 -0.00315   0.07604  -0.02955  -0.04983 
  0.03711   0.05700  -0.08470  -0.02495 
 -0.03960   0.03588   0.05306  -0.05118 
 -0.00678   0.05585   0.03293  -0.08783 
  0.04904   0.04185  -0.05999  -0.04314 
  0.01456   0.07714   0.00281  -0.10738 
  0.02599   0.05007   0.02063  -0.10738 
  0.04366   0.04421  -0.02955  -0.06771 
 -0.00800   0.06494   0.00021  -0.06074 
  0.01802   0.00602   0.02682  -0.05253 
  0.05010   0.06381  -0.05700  -0.07336 
 -0.00195   0.06718   0.00151  -0.07194 
 -0.00557   0.05928  -0.00505  -0.05118 
  0.01572   0.06269  -0.01307  -0.07194 
 -0.05427   0.08149   0.03293  -0.06771 
  0.03159   0.04303   0.00021  -0.08198 
  0.08196   0.04657  -0.07683  -0.07765 
  0.00164   0.05700   0.03535  -0.10279 
  0.01572   0.00859   0.02682  -0.05253 
  0.03270   0.02738   0.01562  -0.08198 
 -0.00800   0.05355   0.02928  -0.07909 
  0.04040   0.03708   0.01687  -0.10585 
  0.02486   0.04066   0.02188  -0.09525 
 -0.03960   0.06830   0.03895  -0.07336 
  0.02259   0.04539   0.01435  -0.08930 
  0.00874   0.05355  -0.02815  -0.03786 
 -0.02668   0.06042   0.01813  -0.05389 
 -0.00800   0.04539   0.00798  -0.04580 
  0.02711   0.05928  -0.03660  -0.05799 
 -0.02414   0.07384   0.02188  -0.07765 
 -0.01911   0.03828   0.03775  -0.05799 
  0.05750   0.06381  -0.04233  -0.09825 
 -0.01290   0.07823   0.02312  -0.09825 
  0.02599   0.01368   0.04370  -0.09078 
  0.03047   0.04066  -0.01172  -0.06491 
 -0.02796   0.03947   0.04958  -0.06352 
  0.02711   0.05355  -0.00904  -0.07909 
  0.03381   0.04774  -0.04523  -0.04447 
 -0.04223   0.07714   0.06222  -0.11202 
 -0.04091   0.04657   0.05995  -0.07053 
  0.00521   0.05239  -0.01577  -0.04447 
  0.00991   0.05585   0.01562  -0.08783 
  0.02711   0.02615   0.02559  -0.08490 
  0.04366   0.03588  -0.03377  -0.05389 
 -0.00557   0.02860   0.04370  -0.06912 
  0.02145   0.03347   0.01308  -0.07194 
