9 4 3 1 47 -1.5782 1.2973 2.5059 1389
  0.01425   0.07792  -0.07403  -0.03167 
 -0.00226   0.04743   0.01530  -0.06244 
 -0.00588   0.06350   0.03018  -0.09556 
  0.04226   0.04625  -0.03267  -0.06522 
  0.00014   0.08655  -0.03408  -0.06244 
 -0.00467   0.04508   0.02774  -0.07084 
  0.04765   0.05554  -0.06483  -0.05284 
 -0.00346   0.09502  -0.02292  -0.08085 
  0.02454   0.02829   0.00509  -0.06106 
  0.02228   0.04743  -0.03692  -0.03818 
 -0.00106   0.07353   0.01530  -0.09706 
  0.04117   0.03194  -0.01473  -0.06522 
  0.01886   0.02337  -0.05434   0.00544 
 -0.01818   0.03557   0.03983  -0.05830 
  0.02792   0.03316  -0.00935  -0.05556 
 -0.00226   0.07353  -0.03834  -0.03949 
  0.02114   0.07463  -0.00011  -0.10924 
 -0.00710   0.03316   0.04339  -0.07225 
  0.02228   0.06463  -0.02707  -0.06802 
 -0.00953   0.07132   0.00638  -0.07368 
  0.02680   0.02337   0.01150  -0.06522 
  0.03570   0.03796  -0.03550  -0.04478 
  0.00960   0.06124   0.00509  -0.08230 
  0.03899   0.03916  -0.00011  -0.08667 
  0.02000   0.06910  -0.02707  -0.07084 
  0.02000   0.05092   0.00380  -0.08085 
  0.03127   0.01965  -0.00273  -0.05149 
  0.03127   0.06124  -0.04554  -0.05693 
  0.00725   0.07573  -0.02846  -0.06244 
  0.04765   0.03557   0.00895  -0.10463 
  0.06137   0.02461  -0.04409  -0.05420 
 -0.02572   0.07682  -0.00405  -0.05149 
  0.02567   0.02951   0.02651  -0.08814 
  0.04226   0.04976  -0.02986  -0.07225 
  0.00607   0.04859   0.02032  -0.07940 
  0.02341  -0.00604   0.04575  -0.06802 
  0.03790   0.04743  -0.03408  -0.05968 
  0.02454   0.03436   0.05506  -0.12979 
  0.01425   0.02089   0.04221  -0.08230 
  0.01541   0.04976  -0.02430  -0.04478 
  0.02114   0.05897  -0.00537  -0.08230 
  0.00489   0.07463   0.02032  -0.11234 
  0.06755   0.05439  -0.04265  -0.10007 
 -0.01199   0.03436   0.03744  -0.06106 
  0.04009   0.04390  -0.00011  -0.09406 
  0.07061   0.03557  -0.06483  -0.05968 
  0.04009   0.06011  -0.00802  -0.10616 
  0.10103   0.07243  -0.03267  -0.19613 
  0.14686  -0.00078  -0.06483  -0.13961 
 -0.01943  -0.04332   0.15535  -0.13304 
 -1.25342  -3.14301   0.61492  -3.14301 
 -3.14301  -0.70111  -3.14301   0.56330 
  0.21170  -0.13264   0.03744  -0.27672 
 -0.10332   0.02707  -0.18864   0.16941 
 -0.16693  -0.12911   0.32555  -0.27446 
 -0.17223  -0.06248  -0.10619   0.21782 
  0.04335  -0.03901   0.01023  -0.02146 
 -0.00953   0.02829  -0.03834   0.01599 
  0.02904   0.05439  -0.04265  -0.04879 
  0.01425   0.04390   0.00120  -0.06244 
  0.02567   0.08009  -0.10954  -0.01894 
 -0.01693   0.05897   0.01656  -0.06106 
  0.01193   0.05897  -0.01203  -0.06383 
  0.01309   0.04390  -0.06331  -0.00173 
 -0.01199   0.06124   0.01150  -0.06383 
 -0.00346   0.04625   0.01277  -0.05693 
  0.01309   0.07243  -0.04265  -0.05149 
  0.03349   0.02337  -0.01608  -0.04478 
 -0.01199   0.05668   0.02281  -0.07084 
 -0.01569   0.06799  -0.03126  -0.02526 
 -0.02068   0.07682  -0.00405  -0.05693 
  0.03460   0.00313   0.03262  -0.07653 
  0.03899   0.02829  -0.01608  -0.05693 
 -0.03083   0.05668   0.05621  -0.08961 
  0.00607   0.02461   0.04102  -0.07510 
  0.01193   0.06463  -0.04265  -0.04081 
 -0.01322   0.05439   0.02528  -0.06943 
  0.00014   0.04859   0.02651  -0.07940 
  0.00960   0.05897  -0.03977  -0.03426 
 -0.00226   0.02214   0.03624  -0.05693 
  0.01309   0.03916   0.02032  -0.07653 
  0.02792   0.05668  -0.03267  -0.05968 
 -0.01569   0.06011   0.04575  -0.09856 
 -0.00467   0.05783   0.03503  -0.09556 
  0.01541   0.07021  -0.01608  -0.07796 
 -0.01569   0.05554   0.03383  -0.07796 
 -0.02446   0.03316   0.04457  -0.05420 
  0.04658   0.03796  -0.02154  -0.07225 
 -0.01569   0.02951   0.03503  -0.04879 
 -0.01445   0.03677   0.04221  -0.06662 
  0.01425   0.03796  -0.02430  -0.03038 
 -0.03730   0.05092   0.04575  -0.06244 
 -0.00106   0.05668   0.01656  -0.07653 
  0.02114   0.07243  -0.06787  -0.03818 
 -0.02955   0.06799  -0.00273  -0.03818 
 -0.01818   0.03557   0.02774  -0.04478 
  0.04009   0.05208  -0.05731  -0.04611 
 -0.02827   0.07132   0.04339  -0.09556 
  0.00133   0.04508   0.01277  -0.06106 
