IntronPotTab 1 1024 -3.13894 0.54056 5.33104 19851 6 16   66.40
    0.02637
    0.05644
   -0.11274
    0.03608
   -0.01637
    0.04079
   -0.12939
    0.07397
    0.03676
    0.06280
   -0.10073
   -0.02734
   -0.01735
    0.01818
   -0.06176
    0.05553
   -0.00404
    0.06158
   -0.18897
    0.08786
   -0.04454
    0.08894
   -0.15533
    0.05238
    0.01365
    0.02534
   -0.12760
    0.06928
    0.07456
   -0.03903
   -0.01592
   -0.00467
    0.03034
   -0.01790
   -0.06476
    0.03283
   -0.03425
   -0.06174
   -0.14485
    0.13797
    0.05470
    0.03556
   -0.01882
   -0.12224
   -0.08408
   -0.01789
   -0.03199
    0.10052
   -0.04963
    0.05577
   -0.15150
    0.07082
    0.00066
    0.03598
   -0.12519
    0.04339
    0.01564
    0.07373
   -0.10205
    0.00040
   -0.05811
   -0.01238
   -0.02454
    0.06046
    0.01639
   -0.02226
   -0.09556
    0.07846
    0.02669
   -0.05671
   -0.08832
    0.08632
    0.03355
   -0.01355
   -0.10143
    0.05614
   -0.00177
   -0.03998
   -0.04148
    0.06373
   -0.02330
    0.03191
   -0.14540
    0.10252
   -0.05228
    0.09510
   -0.16565
    0.05867
   -0.03176
    0.01959
   -0.14324
    0.11410
    0.03206
   -0.02691
   -0.09387
    0.06482
    0.06071
   -0.07051
   -0.12749
    0.11424
    0.03382
   -0.08583
   -0.06968
    0.09053
    0.03492
   -0.04008
    0.00785
   -0.00143
   -0.11245
   -0.06263
   -0.00764
    0.12490
    0.26026
   -0.15686
   -0.21248
   -0.04355
   -0.01224
   -0.00198
   -0.18095
    0.11417
    0.18079
   -0.05592
   -0.18213
   -0.00131
   -0.03391
   -0.02950
   -0.07610
    0.08654
    0.05112
    0.01259
   -0.10327
    0.03707
    0.02463
   -0.02391
   -0.14464
    0.10485
    0.03707
    0.02334
   -0.09915
    0.01513
   -0.00806
   -0.03667
   -0.04466
    0.07566
    0.00681
    0.05260
   -0.16395
    0.09463
   -0.02385
    0.06269
   -0.13533
    0.07207
   -0.02187
    0.05170
   -0.13331
    0.09091
    0.15323
   -0.07166
   -0.04042
   -0.00096
    0.02804
   -0.01841
   -0.08586
    0.06420
   -0.01466
   -0.04809
   -0.12159
    0.13208
    0.02631
   -0.01934
    0.04308
   -0.05924
   -0.16446
   -0.02864
   -0.01035
    0.14984
   -0.02396
    0.00863
   -0.12289
    0.09095
    0.00995
    0.00262
   -0.13602
    0.08202
   -0.01461
    0.03420
   -0.08654
    0.06981
   -0.05541
   -0.01777
   -0.06998
    0.09694
   -0.03424
    0.04815
   -0.07520
    0.04717
   -0.01441
   -0.02751
   -0.07713
    0.07951
   -0.00062
    0.06257
   -0.07435
   -0.01819
   -0.02898
    0.00110
   -0.02648
    0.03875
   -0.03712
    0.07236
   -0.14256
    0.06820
   -0.04704
    0.09321
   -0.14402
    0.05443
   -0.03954
    0.08870
   -0.11205
    0.03633
    0.03154
   -0.00530
   -0.07267
    0.03601
    0.04472
   -0.04593
   -0.06061
    0.02948
   -0.03568
   -0.07667
   -0.12228
    0.13887
    0.03934
    0.02095
   -0.03957
   -0.04773
   -0.09257
   -0.01908
   -0.03308
    0.09558
   -0.05748
    0.05346
   -0.16000
    0.06435
   -0.01228
    0.03820
   -0.13693
    0.05948
   -0.00782
    0.06195
   -0.07740
    0.00780
   -0.03783
   -0.00102
   -0.07984
    0.07315
    0.01589
    0.02867
   -0.14172
    0.08645
   -0.05204
    0.04477
   -0.15086
    0.12809
    0.00928
    0.05712
   -0.13882
    0.05973
   -0.03068
   -0.02801
   -0.10779
    0.12922
   -0.02465
    0.07037
   -0.15481
    0.08792
   -0.09322
    0.11655
   -0.16652
    0.12678
   -0.01829
    0.00476
   -0.08964
    0.10133
    0.01467
   -0.01640
   -0.05797
    0.05470
    0.04061
   -0.02732
   -0.05811
    0.02888
   -0.04808
   -0.00177
   -0.11313
    0.12631
    0.04322
    0.02999
   -0.03651
   -0.06897
   -0.05265
   -0.00439
   -0.07480
    0.11245
   -0.03977
   -0.00955
   -0.14898
    0.09796
   -0.03331
    0.01752
   -0.15136
    0.10242
   -0.00638
    0.05237
   -0.13469
    0.07777
   -0.05904
    0.01026
   -0.10015
    0.09511
    0.02999
   -0.02398
   -0.13240
    0.10142
    0.01848
   -0.02920
   -0.13108
    0.10666
   -0.00408
    0.02701
   -0.12868
    0.07519
    0.01356
   -0.02452
   -0.10197
    0.08858
    0.02097
    0.00653
   -0.17843
    0.10365
   -0.11906
    0.14924
   -0.22996
    0.08826
   -0.08252
    0.01820
   -0.12044
    0.13986
   -0.00194
   -0.00745
   -0.19716
    0.11090
    0.05033
   -0.06652
   -0.10044
    0.10373
    0.03976
   -0.07392
   -0.10934
    0.10560
    0.02611
   -0.03848
   -0.00228
    0.01967
   -0.08303
   -0.03299
   -0.07390
    0.13578
   -0.00315
   -0.01703
   -0.15425
    0.11109
   -0.04695
    0.05009
   -0.22731
    0.12771
    0.00459
    0.01657
   -0.12758
    0.09742
   -0.02840
   -0.01702
   -0.16615
    0.12949
    0.03689
   -0.00883
   -0.16726
    0.11327
   -0.01455
    0.03645
   -0.18428
    0.13997
    0.03801
   -0.01066
   -0.09483
    0.06909
    0.02706
   -0.01762
   -0.10393
    0.09300
    0.01886
   -0.01020
   -0.16319
    0.11902
   -0.06428
    0.13210
   -0.17992
    0.11213
   -0.00623
    0.00100
   -0.11883
    0.11981
    0.12293
   -0.05099
   -0.07131
    0.05133
    0.03028
    0.02297
   -0.09033
    0.04140
   -0.02719
   -0.02261
   -0.11962
    0.15620
    0.01961
    0.00274
   -0.02861
   -0.00102
   -0.14611
    0.01046
   -0.06325
    0.14885
   -0.00433
    0.04026
   -0.29822
    0.13803
   -0.00045
    0.03459
   -0.17042
    0.10440
   -0.01111
    0.01252
   -0.10883
    0.11397
   -0.00985
   -0.00334
   -0.12432
    0.11244
   -0.21565
    0.24628
   -0.29981
    0.07886
    0.00396
    0.00078
   -0.13712
    0.07693
    0.01163
    0.06045
   -0.12145
    0.00901
   -0.04928
   -0.00576
   -0.09283
    0.09261
   -0.01874
    0.03803
   -0.12949
    0.07915
   -0.07880
    0.14221
   -0.19405
    0.06147
   -0.00685
    0.03417
   -0.15219
    0.08367
    0.01079
    0.04901
   -0.14724
    0.04041
   -0.08971
    0.20069
   -0.21822
    0.03363
   -0.00734
   -0.00759
   -0.10405
    0.07034
    0.02442
   -0.01314
   -0.03781
    0.01649
   -0.11974
    0.00005
   -0.06886
    0.11638
   -0.02103
    0.00157
   -0.13883
    0.07543
   -0.01967
    0.05872
   -0.19735
    0.06174
   -0.00799
    0.03026
   -0.11590
    0.07941
   -0.04225
    0.03090
   -0.13415
    0.07532
   -0.02060
    0.01832
   -0.07177
    0.07486
   -0.01629
    0.02684
   -0.11103
    0.08213
   -0.00670
    0.07053
   -0.10088
    0.01790
   -0.00769
   -0.03245
   -0.05713
    0.08181
   -0.02423
    0.04538
   -0.11641
    0.08380
   -0.03187
    0.06434
   -0.12971
    0.07782
   -0.03603
    0.05397
   -0.05961
    0.06251
    0.07276
   -0.03563
   -0.02994
    0.01153
    0.01548
    0.01416
   -0.07159
    0.03679
   -0.02183
   -0.03201
   -0.14666
    0.12571
    0.00748
    0.02451
    0.01101
   -0.05537
   -0.05545
    0.00183
   -0.03630
    0.06957
   -0.06149
    0.02477
   -0.13473
    0.08799
    0.01730
   -0.03017
   -0.08587
    0.06710
   -0.03520
    0.04444
   -0.02921
    0.03593
   -0.00815
   -0.03884
   -0.06412
    0.08547
    0.00740
   -0.03308
   -0.15972
    0.13464
    0.01455
   -0.04676
   -0.11992
    0.12037
    0.04495
   -0.01984
   -0.13256
    0.07875
    0.01467
   -0.06209
   -0.05546
    0.08456
    0.00289
   -0.00043
   -0.13780
    0.09165
   -0.08071
    0.11247
   -0.16433
    0.09363
   -0.05263
    0.00489
   -0.08071
    0.11284
    0.04347
   -0.03131
   -0.07358
    0.05684
    0.05681
   -0.04698
   -0.13825
    0.10454
    0.01043
   -0.06868
   -0.06635
    0.09456
    0.04479
   -0.02077
   -0.02657
   -0.00540
   -0.10019
   -0.01603
   -0.07415
    0.12263
    0.30996
   -0.19248
   -0.34461
   -0.07512
   -0.02803
    0.00252
   -0.12996
    0.10736
    0.17987
   -0.09058
   -0.19642
    0.04598
    0.00710
   -0.03992
   -0.08657
    0.10377
    0.03108
   -0.03121
   -0.08876
    0.07187
    0.01914
   -0.01453
   -0.14504
    0.11131
    0.02155
    0.05158
   -0.10728
    0.02546
    0.02571
   -0.03995
   -0.10459
    0.10527
   -0.01917
   -0.01038
   -0.10031
    0.10898
   -0.05632
    0.07805
   -0.12279
    0.10729
   -0.02121
    0.05136
   -0.07710
    0.05550
    0.20977
   -0.10450
   -0.06792
    0.01096
    0.04980
   -0.03220
   -0.08666
    0.03662
   -0.01247
   -0.04100
   -0.09182
    0.11687
    0.01983
   -0.05187
    0.05785
   -0.04686
   -0.10296
   -0.03313
   -0.04324
    0.11740
   -0.05522
    0.02331
   -0.12791
    0.10797
   -0.01405
    0.01460
   -0.10781
    0.08430
   -0.04271
    0.02884
   -0.07965
    0.10340
   -0.00289
   -0.02098
   -0.11549
    0.11133
    0.03155
    0.07352
   -0.27695
    0.08129
    0.00946
   -0.00895
   -0.24188
    0.12718
   -0.01019
    0.10316
   -0.16550
    0.01456
   -0.00945
    0.00559
   -0.14109
    0.09225
   -0.02707
    0.05404
   -0.22836
    0.11122
   -0.03963
    0.09268
   -0.19410
    0.07905
   -0.03999
    0.06837
   -0.11808
    0.06367
    0.02310
   -0.00430
   -0.07873
    0.04590
    0.05823
    0.00782
   -0.19145
    0.06264
   -0.01071
   -0.08228
   -0.13957
    0.13326
    0.00855
    0.05428
   -0.05382
   -0.02696
   -0.06251
   -0.04612
   -0.03366
    0.09953
   -0.04457
    0.07003
   -0.27828
    0.10491
    0.01713
    0.00228
   -0.17472
    0.08222
   -0.01126
    0.03299
   -0.12794
    0.08462
   -0.03924
    0.00241
   -0.10524
    0.09667
   -0.01916
    0.03137
   -0.08620
    0.06242
   -0.00039
    0.01298
   -0.05714
    0.02967
    0.03619
    0.07810
   -0.09213
   -0.06999
   -0.05032
    0.02205
   -0.07409
    0.07457
    0.00769
    0.04876
   -0.17028
    0.07844
   -0.07056
    0.12962
   -0.19652
    0.06676
   -0.00018
    0.06458
   -0.11153
    0.03890
    0.00228
   -0.03862
    0.00052
    0.02960
    0.00415
    0.01300
   -0.04939
    0.02943
   -0.04499
   -0.02611
   -0.23651
    0.15273
    0.05591
    0.04633
   -0.00655
   -0.11706
   -0.11544
    0.07467
   -0.06818
    0.07201
   -0.04947
    0.05560
   -0.18741
    0.07000
   -0.02551
    0.04637
   -0.17055
    0.08176
   -0.01004
    0.06797
   -0.09751
    0.01751
   -0.08894
    0.01637
   -0.08971
    0.08504
    0.00160
   -0.04971
   -0.12366
    0.12485
    0.04362
   -0.06280
   -0.14752
    0.10849
    0.04866
   -0.02871
   -0.13058
    0.08504
    0.02027
   -0.08474
   -0.06254
    0.10947
    0.00762
   -0.00774
   -0.18663
    0.12350
   -0.10540
    0.11632
   -0.21089
    0.10322
   -0.01015
   -0.00005
   -0.11750
    0.09600
    0.06276
   -0.06022
   -0.12480
    0.09768
    0.07824
   -0.10180
   -0.09814
    0.09333
    0.06957
   -0.09358
   -0.11196
    0.09049
    0.06276
   -0.05971
   -0.02400
    0.01931
   -0.11519
   -0.05670
   -0.03198
    0.14639
    0.05194
   -0.01732
   -0.19386
    0.08508
   -0.02996
   -0.00251
   -0.21619
    0.13262
    0.02156
   -0.00775
   -0.11037
    0.09270
    0.02055
   -0.07540
   -0.11617
    0.12806
    0.03167
    0.00186
   -0.12665
    0.08779
    0.00995
   -0.02751
   -0.13505
    0.12396
    0.03949
    0.03006
   -0.14414
    0.04748
    0.01309
    0.00129
   -0.12345
    0.10410
    0.01214
    0.03384
   -0.16681
    0.09491
   -0.06156
    0.10468
   -0.20594
    0.12529
    0.03747
    0.02474
   -0.13370
    0.05780
    0.17305
   -0.07407
   -0.09041
    0.04032
    0.02653
   -0.01537
   -0.10470
    0.07230
   -0.02601
   -0.04671
   -0.13883
    0.15440
    0.03476
    0.00299
   -0.03981
   -0.01194
   -0.12679
    0.02396
   -0.11672
    0.15257
   -0.04287
    0.02639
   -0.20581
    0.12123
   -0.02450
    0.03389
   -0.18204
    0.11801
   -0.02197
    0.02307
   -0.07824
    0.07349
   -0.02226
    0.00151
   -0.14093
    0.11257
   -0.04211
    0.04583
   -0.08508
    0.05984
   -0.01756
   -0.02357
   -0.13234
    0.09794
    0.02331
    0.03110
   -0.03436
   -0.04000
   -0.07575
    0.00438
   -0.06455
    0.06946
   -0.00765
    0.03317
   -0.16330
    0.08578
   -0.09839
    0.13019
   -0.19226
    0.05653
   -0.00136
    0.01273
   -0.11472
    0.07396
    0.02976
   -0.02575
   -0.08573
    0.05189
    0.04143
   -0.02624
   -0.08890
    0.04253
   -0.00434
   -0.06366
   -0.09153
    0.09720
    0.04364
   -0.02810
   -0.01616
   -0.00925
   -0.11997
   -0.00890
   -0.03830
    0.09056
   -0.07680
    0.04341
   -0.18543
    0.08598
   -0.03818
    0.03223
   -0.18229
    0.07836
   -0.02025
    0.03740
   -0.08470
    0.05751
   -0.05084
   -0.00568
   -0.13040
    0.09109
