IntronPotTab 1 1024 0.09703
   -0.01096
   -0.01870
   -0.00033
    0.02701
   -0.02164
    0.00390
   -0.00185
    0.02656
   -0.01718
   -0.02566
    0.00357
    0.04175
   -0.01183
   -0.01710
    0.01132
    0.01358
   -0.00557
   -0.03719
   -0.00227
    0.03455
   -0.02427
    0.00920
    0.02508
    0.01628
   -0.02033
   -0.03455
    0.01003
    0.02883
   -0.01653
   -0.00103
   -0.00649
    0.01884
   -0.01767
   -0.01554
    0.00971
    0.02996
   -0.01805
    0.01015
    0.03661
    0.00981
   -0.01816
   -0.01306
    0.01658
    0.02253
   -0.00887
   -0.01930
    0.01586
    0.00567
   -0.01924
   -0.01812
    0.03704
    0.01085
   -0.02270
    0.00848
    0.04289
    0.01233
   -0.01514
   -0.02333
    0.01241
    0.02133
   -0.02390
   -0.02342
    0.04405
    0.00726
   -0.01267
    0.00010
   -0.00320
    0.02462
   -0.01425
    0.00654
   -0.01708
    0.02234
   -0.02149
   -0.03369
    0.00927
    0.04890
   -0.00465
   -0.03734
    0.00400
    0.02139
   -0.02958
   -0.00972
    0.00700
    0.03107
   -0.02005
    0.00482
    0.00571
    0.01779
   -0.03153
   -0.00788
    0.00019
    0.03361
   -0.01223
   -0.00317
   -0.01443
    0.02497
   -0.00705
   -0.02386
   -0.00224
    0.02893
   -0.02897
    0.04785
   -0.02259
   -0.00486
   -0.00929
   -0.02586
    0.01121
    0.02112
    0.00091
   -0.01836
   -0.01224
    0.02604
   -0.01724
   -0.02212
    0.03323
    0.00928
   -0.02599
    0.01546
    0.00901
    0.01130
   -0.02269
   -0.00984
    0.00639
    0.02570
   -0.00048
   -0.03694
    0.01568
    0.01367
   -0.02593
    0.00508
   -0.00174
    0.04293
   -0.03292
    0.01713
    0.02316
    0.02595
   -0.00784
   -0.01956
   -0.00232
    0.03594
   -0.01278
   -0.00967
   -0.00746
    0.02443
   -0.02223
   -0.01546
    0.00259
    0.03519
   -0.00952
   -0.01385
    0.03161
    0.01497
    0.00295
   -0.01714
   -0.00383
    0.01687
    0.00472
   -0.01848
   -0.00303
    0.01566
   -0.01738
   -0.02740
    0.01767
    0.02641
   -0.01971
    0.01181
    0.03622
    0.00793
   -0.02171
   -0.01024
    0.00921
    0.03382
   -0.02503
   -0.01074
    0.00564
    0.02149
   -0.03017
   -0.02384
    0.04435
    0.01108
   -0.01913
    0.00368
    0.04887
    0.01035
   -0.01722
   -0.01019
    0.01589
    0.01217
   -0.01774
   -0.01158
    0.02685
    0.00155
   -0.02787
   -0.00614
    0.01497
    0.03352
   -0.01777
    0.01044
   -0.01260
    0.01889
   -0.01856
   -0.01745
    0.00775
    0.02967
   -0.00025
   -0.02482
    0.00584
    0.00733
   -0.03161
   -0.01782
    0.01424
    0.02952
   -0.01217
   -0.00460
    0.05081
    0.00938
   -0.01544
   -0.01019
    0.00819
    0.01587
   -0.01642
   -0.00834
   -0.00195
    0.01814
   -0.01972
   -0.01774
    0.01253
    0.02803
   -0.01956
    0.01903
    0.03769
    0.00328
   -0.02138
   -0.00206
    0.00940
    0.01990
   -0.00195
   -0.02816
    0.00337
    0.01477
   -0.02390
   -0.01696
    0.02605
    0.01845
   -0.01866
   -0.00502
    0.04069
    0.01636
   -0.00283
   -0.03074
    0.01922
    0.01116
   -0.00609
   -0.03319
    0.01962
    0.01098
   -0.01076
   -0.01834
    0.00282
    0.02404
   -0.01408
    0.01539
   -0.04002
    0.01326
   -0.01789
   -0.01474
    0.00256
    0.03009
   -0.00880
   -0.00428
   -0.00686
    0.01618
   -0.01864
   -0.00005
   -0.01162
    0.03179
   -0.01345
    0.01257
   -0.01260
    0.00702
   -0.01788
    0.01295
   -0.01586
    0.01541
   -0.01785
   -0.00796
   -0.00790
    0.02397
   -0.01870
   -0.01510
    0.00910
    0.02639
   -0.02637
    0.02089
    0.00059
    0.01125
   -0.01402
    0.00802
    0.00744
    0.00211
   -0.01928
   -0.01383
    0.00582
    0.01696
   -0.02431
   -0.02613
    0.04422
    0.00704
   -0.02005
   -0.00183
   -0.00424
    0.01878
   -0.02143
   -0.01023
    0.00297
    0.02369
   -0.02731
   -0.01974
    0.04397
    0.00216
   -0.01327
   -0.00470
    0.00685
    0.02017
   -0.02854
    0.01940
   -0.03639
    0.02333
   -0.01938
   -0.01588
    0.00526
    0.03391
   -0.00458
   -0.01826
   -0.00641
    0.02222
   -0.01652
   -0.01527
    0.00583
    0.02358
   -0.02243
    0.01647
   -0.01538
    0.01408
   -0.00811
   -0.01850
    0.00822
    0.01743
    0.00385
   -0.00673
   -0.01121
    0.01749
   -0.01108
    0.00824
   -0.00425
    0.01423
   -0.02062
    0.03364
   -0.03622
   -0.00470
    0.00007
   -0.00511
    0.00315
    0.00134
    0.00193
    0.00393
   -0.02279
    0.02973
   -0.02471
   -0.03465
    0.04422
    0.01479
   -0.01924
    0.01714
   -0.01263
    0.00175
   -0.01818
   -0.02505
    0.01188
    0.02738
   -0.00073
   -0.02263
    0.00731
    0.01253
   -0.00940
    0.02238
   -0.02627
    0.02590
   -0.03601
    0.01415
   -0.06545
    0.04082
    0.01059
   -0.05265
   -0.00424
    0.04384
   -0.00748
    0.02609
   -0.04565
    0.03418
    0.00787
   -0.01216
   -0.02094
    0.04109
   -0.00173
    0.00946
   -0.06249
    0.01742
   -0.00135
   -0.00300
   -0.00077
    0.00641
    0.01595
   -0.01188
   -0.02134
    0.03362
    0.01057
   -0.02992
   -0.00407
    0.01946
   -0.02419
    0.00888
   -0.02309
    0.02291
   -0.01428
   -0.01344
    0.00920
    0.02020
   -0.00080
   -0.01767
   -0.01071
    0.02968
   -0.01466
   -0.04670
    0.04430
    0.00602
   -0.01510
   -0.02472
   -0.01569
    0.03281
   -0.00224
   -0.02729
    0.00564
    0.01815
   -0.01830
   -0.02096
    0.02002
    0.00953
   -0.02088
   -0.00835
    0.00207
    0.03070
   -0.02823
    0.01218
   -0.02395
    0.02501
   -0.02057
   -0.01035
    0.01228
    0.02229
    0.00424
   -0.01198
   -0.00048
    0.00349
   -0.02337
   -0.00688
    0.00430
    0.02206
   -0.02732
    0.01867
    0.00461
    0.00743
    0.00561
   -0.02489
    0.00562
    0.01117
   -0.00575
   -0.01157
   -0.00253
    0.01649
   -0.02614
    0.00429
    0.00846
    0.02315
   -0.02235
    0.02061
    0.00506
    0.00384
   -0.02134
   -0.00023
    0.01237
    0.01094
   -0.00113
   -0.00625
   -0.01093
    0.01725
   -0.01047
   -0.02529
    0.02367
    0.01100
   -0.02184
    0.01124
    0.01191
    0.00718
   -0.00069
   -0.02282
    0.00920
    0.01016
   -0.00820
   -0.02157
    0.00940
    0.01267
   -0.02135
   -0.00544
    0.00807
    0.02513
   -0.03781
    0.03196
   -0.02116
    0.02603
   -0.02041
   -0.01153
    0.00742
    0.02964
   -0.01314
   -0.00740
    0.00099
    0.01431
   -0.02468
   -0.02869
    0.01629
    0.02765
   -0.01219
    0.00258
   -0.00750
    0.01087
   -0.03411
   -0.01509
    0.01913
    0.01686
    0.00131
    0.00336
   -0.01649
    0.01272
   -0.02445
    0.00496
    0.01167
    0.01741
   -0.02512
    0.01898
    0.00936
    0.00982
   -0.02823
    0.01529
    0.00704
    0.01629
   -0.01415
   -0.00220
    0.00210
    0.00914
   -0.01674
   -0.02178
    0.04269
    0.00100
   -0.01459
   -0.00416
    0.03941
    0.01101
   -0.01513
   -0.02529
    0.02206
    0.01225
   -0.00703
   -0.01913
    0.04218
   -0.00680
   -0.01108
    0.00224
    0.00731
    0.00799
   -0.02657
    0.01079
   -0.02347
    0.02947
   -0.02040
   -0.03328
   -0.00224
    0.06015
    0.00439
   -0.03602
    0.00950
    0.01241
   -0.03032
   -0.00339
    0.00563
    0.02460
   -0.00785
    0.00405
   -0.01020
    0.00716
   -0.00570
   -0.01823
    0.00549
    0.01783
   -0.00571
    0.01331
   -0.01239
    0.00469
   -0.00577
    0.00750
   -0.02426
    0.03225
   -0.00586
    0.02221
   -0.01442
   -0.00944
    0.00426
   -0.02088
    0.00282
    0.01629
    0.00565
   -0.01078
    0.00067
    0.00400
   -0.01042
   -0.02855
    0.03909
    0.00223
   -0.00462
   -0.00918
   -0.02272
    0.01422
   -0.01882
   -0.02429
    0.01868
    0.01976
    0.00679
   -0.02117
    0.01248
    0.00321
   -0.02195
   -0.00578
    0.00860
    0.03004
   -0.03912
    0.01389
   -0.01968
    0.04103
   -0.02087
   -0.02443
    0.00664
    0.04731
   -0.00257
   -0.01154
   -0.02570
    0.03257
   -0.02074
   -0.01597
    0.00209
    0.03289
   -0.00897
   -0.00464
    0.00169
    0.01310
   -0.03826
   -0.00571
    0.00636
    0.02905
    0.01708
   -0.01663
   -0.00822
    0.01513
   -0.02039
   -0.02512
    0.02226
    0.01730
   -0.01921
    0.02231
    0.03606
   -0.00394
   -0.01420
   -0.00198
   -0.00138
    0.02446
   -0.01283
   -0.00966
   -0.00175
    0.01608
   -0.02959
   -0.02207
    0.03667
    0.01196
   -0.01023
   -0.01454
    0.03624
    0.01448
   -0.02717
   -0.01167
    0.01809
    0.01544
   -0.01237
    0.00508
    0.01601
   -0.00614
   -0.00661
   -0.01667
   -0.01406
    0.02901
   -0.01350
    0.00257
   -0.02687
    0.01803
   -0.00535
   -0.01096
   -0.01569
    0.02934
    0.01164
   -0.02919
   -0.00271
    0.00734
   -0.03121
   -0.02054
    0.01997
    0.02093
    0.00043
   -0.00934
    0.02620
    0.00346
    0.00783
   -0.00358
    0.00209
   -0.00503
   -0.01024
   -0.00249
   -0.00799
    0.01440
   -0.01378
   -0.01226
    0.00486
    0.02078
   -0.01221
    0.00949
    0.02069
    0.00104
   -0.01514
    0.00038
    0.00094
    0.01401
    0.00450
   -0.03300
    0.01363
    0.00189
   -0.00941
   -0.02147
    0.02821
    0.00412
   -0.01018
   -0.01138
    0.03261
    0.01267
   -0.01027
   -0.01771
    0.00380
    0.01740
   -0.00748
   -0.02180
    0.00914
    0.01056
   -0.00966
   -0.01645
    0.00424
    0.01835
   -0.02249
    0.01276
   -0.00879
    0.01901
   -0.02004
   -0.01213
    0.01019
    0.02346
   -0.00353
   -0.00626
    0.00228
    0.00424
   -0.01794
   -0.03289
    0.01154
    0.02475
   -0.01410
    0.00981
    0.01393
    0.00617
   -0.02602
   -0.00996
   -0.00429
    0.02419
   -0.00529
   -0.01105
   -0.00901
    0.01661
   -0.01746
   -0.00351
    0.01459
    0.01315
   -0.02100
    0.01869
    0.02456
    0.00735
   -0.01899
   -0.00009
    0.02009
    0.00626
   -0.00674
   -0.00536
    0.00377
    0.00520
   -0.01528
   -0.02245
    0.03353
    0.00564
   -0.02159
    0.01358
    0.02274
    0.00828
   -0.01926
   -0.01550
    0.00624
    0.02040
   -0.00720
   -0.02097
    0.03164
   -0.00044
   -0.00245
   -0.02179
    0.01813
    0.00015
   -0.02458
    0.00017
   -0.00244
    0.02543
   -0.01113
   -0.02438
   -0.00267
    0.03332
   -0.00202
   -0.02976
    0.00148
    0.01762
   -0.01768
   -0.01586
    0.00368
    0.02289
   -0.00650
    0.00585
    0.00847
    0.00051
   -0.01763
   -0.00025
    0.00165
    0.01185
   -0.00970
   -0.01728
    0.00559
    0.01297
    0.02737
   -0.00183
   -0.01390
   -0.01425
   -0.02435
    0.00504
   -0.00380
    0.01384
   -0.00109
    0.00397
    0.00082
   -0.00391
    0.00078
   -0.01265
   -0.00661
    0.01477
   -0.00852
   -0.02236
    0.03677
   -0.00494
   -0.01948
   -0.00552
    0.03832
    0.01313
   -0.01217
   -0.03024
    0.00630
    0.02684
   -0.00224
   -0.02431
    0.01666
    0.00753
   -0.01454
    0.00427
   -0.01016
    0.02805
   -0.03847
    0.01950
   -0.00377
    0.02696
   -0.01475
   -0.01162
    0.00255
    0.02713
   -0.00940
   -0.00039
   -0.01282
    0.01770
   -0.02681
   -0.01715
    0.00462
    0.03215
   -0.01394
   -0.00318
    0.01918
    0.01192
   -0.02687
    0.00829
   -0.00268
    0.01454
    0.00567
   -0.02906
   -0.00300
    0.01916
   -0.01658
   -0.00935
    0.01058
    0.01755
   -0.02178
    0.01779
    0.03911
    0.00286
   -0.00938
   -0.00360
    0.00358
    0.01170
   -0.00748
   -0.00389
    0.00073
    0.00685
   -0.01743
   -0.02705
    0.02721
    0.01236
   -0.01406
   -0.01801
    0.04735
    0.01846
   -0.01732
   -0.02490
    0.00582
    0.02281
   -0.00944
   -0.02567
    0.03184
   -0.00047
   -0.00749
   -0.00772
    0.00324
    0.01272
   -0.01135
    0.00486
    0.01169
    0.00837
   -0.00986
   -0.01118
   -0.00490
    0.02348
    0.00190
   -0.02217
   -0.00130
    0.00804
   -0.02128
   -0.01839
    0.00836
    0.02236
   -0.01601
    0.00149
    0.05895
    0.00698
    0.01923
   -0.02067
   -0.01369
    0.00810
   -0.01391
   -0.01286
    0.00205
    0.01448
   -0.00644
   -0.01181
    0.01150
    0.00506
   -0.01946
    0.01886
    0.04816
    0.00082
   -0.01114
   -0.00208
    0.00800
    0.00633
    0.00157
   -0.02322
   -0.00090
    0.01120
   -0.00576
   -0.02509
    0.01643
    0.00919
   -0.01404
   -0.00377
    0.05016
    0.00958
    0.00398
   -0.03008
    0.00091
    0.01493
   -0.00357
   -0.03133
    0.01373
    0.01073
