IntronPotTab 1 1024 0.15979
    0.02363
   -0.04733
   -0.02343
   -0.00175
   -0.02128
    0.01361
   -0.06727
    0.04077
   -0.03796
   -0.00357
    0.01622
    0.03097
   -0.01851
   -0.01711
    0.00947
    0.02143
   -0.02748
   -0.01200
    0.02777
    0.01975
   -0.01169
   -0.00316
   -0.06294
    0.03153
   -0.03806
    0.02084
    0.01880
    0.00425
   -0.00888
   -0.02840
    0.00456
    0.01805
   -0.01110
   -0.01776
    0.00465
    0.02586
   -0.00508
    0.00546
   -0.07511
    0.02279
   -0.02414
   -0.00215
    0.01040
    0.02010
   -0.00598
   -0.01481
    0.00390
    0.01108
   -0.01791
   -0.00903
    0.02567
    0.01273
   -0.02134
    0.01889
   -0.06394
    0.02416
   -0.01968
    0.00662
    0.01051
    0.00556
   -0.02287
   -0.02533
    0.02523
    0.01365
    0.00658
   -0.05395
    0.02098
    0.01207
   -0.03672
    0.03623
   -0.04791
    0.06582
   -0.05161
   -0.00094
    0.01117
    0.04816
   -0.02652
   -0.01681
    0.01173
    0.01974
   -0.01921
   -0.01002
    0.02330
    0.00922
   -0.02327
    0.00031
   -0.08958
    0.04555
   -0.02404
   -0.00357
    0.02008
    0.01022
   -0.02365
   -0.02751
    0.01969
    0.01412
    0.00971
   -0.05065
    0.01652
    0.01277
   -0.00227
   -0.02734
   -0.04216
    0.03998
   -0.01580
   -0.02242
    0.02377
    0.01420
   -0.00252
   -0.06030
    0.02659
    0.01680
    0.00769
   -0.03221
    0.03834
   -0.01070
   -0.01935
    0.01408
   -0.05617
    0.02188
   -0.00936
   -0.01657
   -0.00090
    0.01978
   -0.00528
   -0.02822
    0.00242
    0.01391
   -0.00452
   -0.00874
   -0.02297
    0.03686
   -0.05066
    0.04501
   -0.08871
    0.06533
   -0.07275
    0.05546
    0.05006
    0.04709
   -0.05413
    0.00215
    0.01814
    0.03374
   -0.03595
    0.00807
    0.01011
    0.02198
    0.00410
   -0.00738
   -0.07581
    0.02021
   -0.03835
    0.00655
    0.01913
    0.01304
   -0.01598
   -0.02585
    0.01719
    0.01002
   -0.00776
   -0.01000
   -0.01570
    0.03919
   -0.01274
    0.01182
   -0.09029
    0.03000
   -0.01402
    0.00164
   -0.01133
    0.03069
   -0.02636
   -0.02603
    0.02457
    0.01460
   -0.01118
   -0.00993
    0.00379
    0.01789
   -0.02096
    0.03242
   -0.08528
    0.02000
   -0.02513
    0.00636
    0.01067
    0.00895
   -0.01020
   -0.01690
    0.01424
    0.00552
    0.01108
   -0.01193
    0.00273
   -0.01067
   -0.01526
    0.00433
   -0.07758
    0.03901
   -0.03567
    0.01185
   -0.00494
    0.03894
    0.00014
   -0.02775
    0.00259
    0.01064
   -0.01720
    0.00077
    0.03071
   -0.01040
   -0.00001
   -0.00845
   -0.07717
    0.02667
   -0.03381
    0.00790
    0.03468
   -0.00515
   -0.03364
   -0.01591
    0.02975
    0.01111
    0.00746
   -0.01514
    0.00642
   -0.00403
   -0.00064
   -0.01422
   -0.07463
    0.02671
   -0.00085
   -0.01621
    0.00166
    0.01352
   -0.00589
   -0.02646
    0.01334
    0.00759
    0.01513
   -0.00965
    0.02578
   -0.02127
   -0.00048
   -0.00058
   -0.10268
    0.02051
   -0.00293
   -0.00261
    0.01195
   -0.00450
   -0.00098
   -0.03303
    0.00271
    0.01294
    0.00314
   -0.03370
   -0.00178
    0.02225
   -0.02706
    0.02286
   -0.07505
    0.04114
   -0.02349
   -0.00045
    0.00601
    0.01935
   -0.02025
   -0.00083
   -0.00187
    0.02227
   -0.00488
   -0.04973
    0.04200
    0.03334
   -0.00256
   -0.01205
   -0.05923
    0.02858
   -0.04962
   -0.00153
    0.01302
    0.02899
   -0.00669
   -0.03927
    0.02096
    0.00542
   -0.00341
   -0.05062
    0.01040
    0.03333
   -0.00196
   -0.00327
   -0.04983
    0.02003
   -0.00913
   -0.01474
    0.01343
    0.00678
   -0.01633
   -0.01417
    0.02032
    0.00260
   -0.00900
   -0.02983
    0.02966
    0.01096
   -0.02579
    0.02411
   -0.07949
    0.02653
   -0.01766
    0.01225
    0.00841
   -0.00118
   -0.02180
   -0.02446
    0.02137
    0.01111
   -0.00399
   -0.02108
    0.01740
    0.00879
   -0.02025
    0.01721
   -0.09128
    0.02766
   -0.02894
   -0.00243
    0.00550
    0.02470
   -0.02907
   -0.00822
    0.01478
    0.01479
   -0.01969
   -0.01756
    0.02858
    0.00816
   -0.00860
    0.01620
   -0.04270
   -0.00795
   -0.00123
   -0.02525
    0.01622
    0.00845
   -0.04090
   -0.01726
    0.03246
    0.00664
   -0.01427
   -0.02209
    0.00729
    0.02753
   -0.01359
   -0.00944
   -0.06074
    0.04611
   -0.02417
   -0.01844
    0.01818
    0.01950
   -0.01647
   -0.02310
    0.00829
    0.02228
    0.00309
   -0.03027
    0.04362
   -0.00941
   -0.01823
    0.00832
   -0.06369
    0.01709
   -0.00280
   -0.00983
    0.00748
    0.00428
   -0.01929
   -0.02282
    0.00489
    0.01933
   -0.00667
   -0.00715
   -0.00312
    0.01884
   -0.03774
    0.03180
   -0.07484
    0.05097
   -0.03107
    0.00386
    0.02667
    0.00737
   -0.04057
    0.01747
    0.00008
    0.02112
   -0.03181
   -0.02031
    0.03222
    0.02446
   -0.01135
    0.01070
   -0.05564
    0.03263
   -0.00604
   -0.02136
    0.01217
    0.01948
   -0.00514
   -0.02098
    0.02421
   -0.00513
   -0.02325
   -0.02758
    0.03952
    0.00403
    0.00520
    0.00251
   -0.08068
    0.03524
   -0.00991
   -0.01486
    0.03065
   -0.02005
   -0.01491
   -0.02262
    0.02010
    0.00688
   -0.01548
   -0.01491
    0.03163
    0.00552
   -0.01944
    0.02350
   -0.06241
    0.02647
   -0.01185
    0.01124
   -0.00017
    0.00114
   -0.01155
    0.00088
    0.00462
    0.00351
   -0.00757
   -0.01490
    0.00584
    0.01643
   -0.00812
    0.00671
   -0.06725
    0.01739
   -0.01581
   -0.01861
    0.00338
    0.02855
    0.00456
   -0.04566
    0.00699
    0.01960
   -0.01899
   -0.03159
    0.03469
    0.00958
   -0.00463
    0.01124
   -0.05086
    0.00538
   -0.02062
    0.00243
    0.02637
   -0.00980
    0.00179
   -0.06100
    0.04321
    0.03863
    0.00226
   -0.03363
    0.01209
    0.01109
   -0.01382
   -0.00300
   -0.06970
    0.02804
    0.00058
   -0.00785
   -0.00406
    0.01065
   -0.00720
   -0.03394
    0.01037
    0.02069
    0.01169
   -0.02963
    0.01762
   -0.00193
    0.00846
    0.01471
   -0.09735
   -0.00196
   -0.01189
   -0.01095
    0.00940
    0.00942
   -0.00795
   -0.03319
   -0.00409
    0.02468
    0.00424
   -0.02128
   -0.01714
    0.02217
   -0.02148
    0.02081
   -0.07369
    0.03398
   -0.04280
    0.01728
    0.00435
    0.03673
   -0.01281
   -0.02884
   -0.00384
    0.02990
   -0.02945
    0.00182
   -0.00220
    0.03410
   -0.00001
   -0.00652
   -0.07582
    0.02391
   -0.05828
    0.03029
    0.02822
    0.00929
   -0.01276
   -0.02701
    0.00973
    0.01278
    0.01913
    0.03881
   -0.05943
    0.05550
   -0.01308
    0.02491
   -0.07687
    0.02272
   -0.02018
    0.02165
    0.00392
    0.00173
   -0.01667
   -0.00283
   -0.00176
    0.01610
   -0.00330
    0.00083
   -0.03149
    0.02692
   -0.00916
    0.01911
   -0.06851
    0.01172
   -0.05305
    0.03180
    0.01944
    0.01243
   -0.02212
   -0.03556
    0.02789
    0.01155
   -0.00155
   -0.02598
    0.01555
    0.00966
   -0.02094
    0.02139
   -0.07596
    0.02688
   -0.02732
   -0.01040
    0.00737
    0.03115
   -0.02604
   -0.00648
    0.01588
    0.00884
   -0.02446
   -0.00082
    0.02684
   -0.00000
   -0.01416
    0.00058
   -0.06421
    0.02968
   -0.03643
    0.00719
    0.00557
    0.02156
   -0.03930
    0.00589
    0.01076
    0.00963
   -0.02945
   -0.01772
    0.02024
    0.02848
   -0.00701
   -0.00418
   -0.08092
    0.04194
   -0.01542
   -0.01140
    0.00955
    0.01608
   -0.00812
   -0.02145
   -0.00383
    0.02214
    0.00914
   -0.01966
    0.01386
   -0.00277
   -0.01830
    0.01961
   -0.09726
    0.02144
   -0.01402
   -0.01074
    0.00339
    0.01751
   -0.00755
   -0.01199
    0.00415
    0.00811
   -0.00671
   -0.00279
    0.00478
    0.00863
   -0.02359
    0.01581
   -0.11293
    0.04902
   -0.03020
    0.02384
    0.00542
    0.01564
   -0.02225
   -0.00964
    0.00311
    0.02089
   -0.02889
   -0.01684
    0.01911
    0.02296
   -0.00297
    0.00237
   -0.08820
    0.02929
   -0.03549
    0.00922
    0.02706
   -0.00655
   -0.03081
   -0.00383
    0.00391
    0.02003
   -0.00979
   -0.01346
    0.00902
    0.01169
   -0.00474
    0.00837
   -0.07201
    0.02395
   -0.00047
   -0.01628
    0.01040
   -0.00943
   -0.02487
   -0.02371
    0.01380
    0.01523
   -0.01347
   -0.01036
    0.02103
    0.00441
   -0.02298
    0.02728
   -0.09246
    0.02976
   -0.03289
    0.01791
    0.01577
   -0.00496
   -0.01698
   -0.00766
    0.00401
    0.01047
    0.00259
   -0.01646
   -0.01893
    0.02083
   -0.00796
   -0.00269
   -0.09279
    0.03384
   -0.01141
    0.00919
   -0.02585
    0.02594
   -0.00338
   -0.01056
   -0.01606
    0.01985
   -0.03420
   -0.00240
    0.02343
    0.01061
    0.00628
   -0.01275
   -0.10486
    0.02900
   -0.02418
    0.01036
    0.03263
   -0.01929
   -0.02259
   -0.00323
   -0.00191
    0.01781
    0.00043
   -0.00776
   -0.02318
    0.02779
   -0.00147
   -0.02469
   -0.10830
    0.04604
   -0.00723
   -0.00762
   -0.00954
    0.02202
    0.00823
   -0.00645
   -0.02218
    0.03187
    0.01121
   -0.02244
    0.02593
   -0.01258
    0.00320
    0.00820
   -0.11199
    0.01546
    0.00296
    0.00846
    0.01703
   -0.02100
    0.00248
   -0.02584
   -0.00906
    0.01482
   -0.00097
   -0.01779
   -0.00021
    0.01128
   -0.01722
    0.00660
   -0.07300
    0.03614
   -0.01661
    0.00118
   -0.01225
    0.02641
   -0.04053
   -0.00165
    0.01571
    0.02685
   -0.02040
   -0.02392
    0.02825
    0.00766
   -0.00233
   -0.01290
   -0.05866
    0.02454
   -0.03979
    0.01538
   -0.01275
    0.03132
   -0.02933
   -0.03189
    0.01169
    0.02403
    0.01118
   -0.01547
    0.00968
   -0.01237
    0.01086
   -0.01973
   -0.05920
    0.01744
   -0.00023
   -0.00649
   -0.00711
    0.01308
   -0.03251
   -0.00292
    0.02098
    0.01076
   -0.00062
   -0.02410
    0.01370
    0.00409
   -0.00479
    0.03039
   -0.06210
   -0.00105
   -0.00905
    0.01090
   -0.00859
    0.00587
   -0.04193
   -0.01373
    0.01513
    0.02172
    0.00674
   -0.02266
    0.01131
   -0.00369
   -0.00878
    0.00025
   -0.06635
    0.02498
   -0.02387
   -0.01271
    0.00719
    0.02430
   -0.01052
   -0.05025
    0.03115
    0.01525
   -0.03510
   -0.00808
    0.03041
    0.00970
   -0.00401
    0.00623
   -0.05311
    0.00971
   -0.02676
   -0.00060
    0.00914
    0.01859
   -0.01552
   -0.02474
    0.02920
    0.00151
   -0.01389
   -0.03783
    0.03019
    0.01649
   -0.00257
   -0.01212
   -0.04354
    0.02941
   -0.01961
   -0.01769
    0.03030
    0.00531
   -0.00793
   -0.03089
    0.01847
    0.01289
    0.01644
   -0.01601
    0.03998
   -0.02881
    0.02775
    0.02570
   -0.04611
   -0.02049
   -0.00478
   -0.00889
    0.00536
    0.00563
   -0.00071
   -0.03804
    0.02292
    0.00903
    0.00344
   -0.02041
   -0.00031
    0.00794
   -0.01820
    0.00703
   -0.10426
    0.04547
    0.00179
   -0.01016
    0.00420
    0.00229
   -0.02176
    0.00014
   -0.00870
    0.02413
   -0.03354
   -0.00555
    0.01574
    0.02102
    0.00331
   -0.01091
   -0.06030
    0.02034
   -0.01851
   -0.00703
    0.01198
    0.01169
   -0.00640
   -0.03921
    0.01389
    0.01297
   -0.00883
   -0.00358
    0.00385
    0.01005
    0.00017
   -0.00683
   -0.08845
    0.03083
   -0.00031
   -0.01829
    0.01698
   -0.00875
   -0.01337
   -0.02315
    0.01853
    0.00387
   -0.00129
   -0.01480
    0.02299
   -0.00363
    0.00423
    0.01565
   -0.08858
    0.00490
    0.00398
    0.01166
    0.02704
   -0.01932
   -0.01369
   -0.01710
   -0.00772
    0.01771
    0.01138
   -0.02383
   -0.00860
   -0.00039
   -0.01143
    0.00203
   -0.10799
    0.03408
   -0.01354
    0.00551
   -0.01196
    0.01674
    0.00086
   -0.02295
    0.00614
    0.00518
   -0.02992
   -0.01978
    0.03675
    0.00684
   -0.00675
    0.00378
   -0.08886
    0.01944
   -0.03113
   -0.01783
    0.03197
    0.01067
   -0.01208
   -0.02101
    0.02165
    0.00253
    0.01105
   -0.02793
    0.00263
    0.00185
    0.00309
   -0.00987
   -0.08557
    0.02205
   -0.01043
    0.00289
   -0.00164
    0.00897
    0.00827
   -0.03023
    0.02029
   -0.00585
    0.02041
   -0.03729
   -0.00203
   -0.00172
    0.00868
   -0.00030
   -0.11895
    0.01193
   -0.00694
   -0.01031
   -0.00019
    0.01064
   -0.02370
   -0.04587
   -0.02233
    0.03383
