IntronPotTab 1 1024 0.02977
    0.01636
   -0.01466
   -0.02633
   -0.00261
    0.00332
   -0.01176
   -0.01260
    0.01124
    0.00184
   -0.00540
   -0.01909
    0.01488
    0.00946
   -0.02333
   -0.00829
    0.00946
    0.00939
   -0.01720
   -0.01507
    0.00746
    0.00266
   -0.00058
   -0.01290
    0.00765
    0.00095
   -0.00637
   -0.01163
    0.01499
    0.00821
   -0.01153
   -0.01044
    0.00667
    0.00587
   -0.01342
    0.00137
   -0.00096
    0.00507
   -0.01422
   -0.00920
    0.01221
   -0.00909
   -0.00197
    0.00973
    0.00486
   -0.00540
   -0.01202
   -0.00010
    0.01193
    0.01261
   -0.01257
   -0.00391
   -0.00454
    0.01415
   -0.00020
   -0.01229
    0.00016
   -0.00063
   -0.00702
   -0.01839
    0.01782
    0.00994
   -0.00840
   -0.01661
    0.00506
    0.00632
   -0.00248
   -0.02080
    0.00219
   -0.00096
   -0.00490
   -0.01795
    0.01360
   -0.00567
    0.00141
   -0.00756
    0.01085
    0.00641
   -0.01958
   -0.00865
    0.00982
    0.00571
   -0.00182
   -0.00865
   -0.00107
    0.00602
   -0.01330
   -0.00484
    0.00528
   -0.01223
    0.01153
    0.00134
    0.02201
    0.00743
   -0.00111
   -0.01046
    0.00110
   -0.00280
   -0.00234
   -0.00113
    0.00615
   -0.00608
    0.00239
    0.00235
    0.00324
   -0.02390
    0.01649
    0.00418
    0.02579
    0.00660
   -0.01355
   -0.00436
    0.00687
    0.00638
   -0.00271
   -0.00604
   -0.00194
   -0.00591
   -0.01000
    0.00068
    0.01459
    0.00126
    0.00077
   -0.01181
    0.00453
   -0.00554
   -0.00239
   -0.00657
    0.00801
    0.01724
   -0.00474
   -0.01612
   -0.00820
    0.00958
   -0.01121
   -0.01508
    0.01344
    0.00029
   -0.00318
   -0.00628
    0.00880
    0.00668
   -0.01371
   -0.00953
    0.01118
    0.00597
   -0.01045
   -0.01782
    0.01326
   -0.00306
   -0.00197
    0.00130
    0.00539
   -0.00359
    0.01341
   -0.00873
    0.00221
   -0.01234
    0.00760
   -0.01066
    0.01717
    0.01391
   -0.00990
   -0.00599
   -0.00630
   -0.00198
   -0.00499
    0.00414
    0.00327
    0.00379
   -0.00624
   -0.00158
    0.00301
   -0.00866
   -0.00431
   -0.00761
    0.01401
   -0.00385
    0.00555
   -0.00608
    0.00421
   -0.00773
    0.00098
   -0.00081
    0.00984
   -0.00423
    0.00198
   -0.01635
    0.01605
   -0.00276
   -0.01428
   -0.01229
    0.01567
    0.00323
   -0.00285
   -0.02112
    0.00974
    0.01616
   -0.02090
   -0.00479
    0.00442
    0.00315
   -0.00889
   -0.00898
    0.01442
   -0.00154
   -0.01340
   -0.01021
    0.01771
   -0.00144
   -0.00057
   -0.01597
    0.01472
   -0.00182
    0.00870
   -0.00622
    0.00165
    0.00673
    0.01346
   -0.01708
    0.02021
    0.00653
    0.00442
   -0.02123
    0.01110
    0.00552
   -0.00768
   -0.01434
    0.00870
    0.00419
   -0.00563
   -0.02098
    0.01249
   -0.00056
   -0.00201
   -0.00970
    0.01188
    0.00721
   -0.01994
   -0.00589
    0.01171
    0.00882
   -0.00952
   -0.01712
    0.00373
    0.00553
    0.00361
   -0.01694
    0.00377
    0.00798
   -0.00731
   -0.02176
    0.01443
   -0.00104
   -0.01304
   -0.02112
    0.01890
    0.01055
   -0.00480
   -0.00690
   -0.00712
    0.00140
    0.00256
   -0.00567
   -0.00100
   -0.00969
    0.01245
   -0.01458
    0.01308
   -0.00714
    0.00393
   -0.00630
    0.00810
   -0.00267
    0.00248
   -0.01191
    0.00949
   -0.00121
   -0.00896
   -0.00233
    0.01080
   -0.00318
    0.00109
   -0.00350
    0.00561
    0.00258
    0.00821
   -0.01902
    0.00781
    0.01072
   -0.00827
    0.00242
   -0.00511
   -0.00172
    0.00511
   -0.00222
   -0.00083
   -0.01191
    0.00688
    0.00421
    0.00363
    0.00169
   -0.00483
   -0.00760
    0.00814
   -0.00178
    0.00604
   -0.00066
   -0.00096
    0.00520
   -0.01023
   -0.01114
    0.01050
    0.00405
    0.00384
   -0.02334
    0.01419
    0.00403
   -0.00154
   -0.00840
    0.00280
   -0.00376
    0.00680
   -0.00778
    0.00744
    0.00261
   -0.01612
   -0.00694
    0.01805
   -0.00756
    0.00170
   -0.00370
    0.01337
   -0.00533
   -0.00444
   -0.00500
    0.01420
   -0.00680
   -0.00099
    0.00230
    0.00662
   -0.00722
   -0.01465
    0.00704
    0.02235
   -0.00409
    0.00136
   -0.00775
    0.01621
   -0.00773
   -0.00945
   -0.00110
    0.01278
   -0.00315
   -0.00416
    0.00235
    0.00223
    0.00081
   -0.01126
    0.01748
    0.00517
   -0.00922
   -0.00064
   -0.01551
    0.01962
    0.00804
   -0.02549
    0.00619
    0.01608
   -0.00939
    0.00561
   -0.00028
    0.00671
    0.00079
   -0.01438
   -0.00849
    0.01439
   -0.00295
   -0.00399
   -0.00573
    0.01061
    0.00186
   -0.01343
    0.00062
    0.00675
    0.00517
    0.00208
   -0.02170
    0.00340
   -0.00204
   -0.00117
   -0.01705
    0.01411
   -0.00673
    0.01143
   -0.02104
    0.01753
    0.01012
   -0.00972
   -0.01506
    0.00638
    0.00340
    0.00246
   -0.00032
   -0.00545
    0.00559
   -0.00617
   -0.00515
    0.00213
   -0.01305
    0.00819
    0.00238
    0.00702
    0.00442
    0.00604
   -0.00629
   -0.00181
    0.00434
   -0.00642
   -0.00265
    0.00434
    0.00738
   -0.02282
   -0.00104
    0.01384
    0.00022
   -0.01474
    0.00517
    0.01206
    0.01464
   -0.01218
   -0.00677
    0.00450
   -0.00317
    0.00126
   -0.00002
    0.00198
    0.01097
   -0.01423
    0.00141
    0.00214
   -0.00358
   -0.00553
   -0.01371
    0.01826
   -0.00201
    0.00102
   -0.00881
    0.00576
    0.00261
   -0.00259
   -0.01501
    0.00980
   -0.00280
    0.00232
   -0.01154
    0.00737
   -0.00664
    0.00188
   -0.00594
    0.01533
   -0.01298
    0.01085
   -0.00500
    0.01717
   -0.00525
    0.00007
   -0.00753
    0.01252
   -0.00370
    0.00070
   -0.00987
    0.00802
   -0.01232
    0.00663
   -0.01368
    0.02460
   -0.00611
    0.00707
   -0.00825
    0.00476
    0.00067
   -0.00205
   -0.00526
    0.00312
   -0.00574
   -0.00456
    0.00236
    0.00977
   -0.01817
    0.01039
   -0.00553
    0.01511
    0.00627
   -0.01769
   -0.00135
    0.01109
    0.00531
   -0.00306
   -0.01442
    0.00430
    0.00109
   -0.00451
   -0.02142
    0.01081
   -0.00224
    0.00697
   -0.02059
    0.01704
   -0.00207
   -0.00328
   -0.00495
    0.00570
    0.01219
   -0.00862
   -0.02149
    0.00033
    0.00606
   -0.01506
    0.00142
    0.00374
   -0.00195
    0.00511
   -0.02043
    0.01401
   -0.00204
   -0.00664
   -0.00645
    0.00990
    0.00422
   -0.00172
   -0.00921
    0.00337
   -0.00488
   -0.00506
   -0.00877
    0.02124
   -0.00544
    0.02184
   -0.02257
    0.02347
   -0.00459
    0.00030
   -0.01021
    0.00804
    0.01039
   -0.00994
   -0.00283
   -0.00430
    0.00119
   -0.00557
   -0.01101
    0.00799
   -0.02003
   -0.00201
    0.00296
    0.01763
   -0.00597
   -0.00272
    0.00146
    0.00532
    0.01195
   -0.00432
    0.00442
   -0.00706
    0.00339
   -0.00308
   -0.01312
    0.01044
   -0.00084
    0.00016
   -0.00958
    0.00929
    0.00846
   -0.00645
    0.00150
   -0.00118
   -0.00004
   -0.00337
   -0.00290
    0.00341
    0.00018
   -0.00542
   -0.00509
    0.00669
    0.00202
   -0.01760
   -0.00804
    0.01976
    0.00177
   -0.01510
   -0.00320
    0.00682
   -0.00255
   -0.00300
    0.00709
    0.00103
   -0.00213
    0.00066
   -0.00751
    0.00670
   -0.01710
    0.01055
    0.00264
    0.01609
   -0.00618
    0.00284
    0.00438
    0.00041
   -0.00244
   -0.00238
    0.00154
    0.00371
   -0.00664
   -0.00568
    0.01523
    0.01132
   -0.01070
   -0.00370
    0.00259
    0.01572
   -0.00588
    0.00336
   -0.00531
    0.00523
    0.01150
    0.00863
   -0.00894
   -0.00861
   -0.00937
   -0.00528
    0.01780
    0.00810
   -0.00304
   -0.00590
   -0.00557
    0.01226
    0.00358
   -0.00092
   -0.00378
    0.00033
    0.00952
   -0.00388
   -0.02154
    0.00730
   -0.00004
   -0.00741
   -0.01432
    0.02032
    0.00195
   -0.00528
   -0.00534
    0.00773
   -0.00584
   -0.00558
   -0.01229
    0.01878
    0.00752
    0.00057
   -0.01863
    0.00642
    0.00509
   -0.00756
   -0.01974
    0.01689
   -0.00672
    0.00934
   -0.00941
    0.00851
   -0.00237
   -0.01465
    0.00518
    0.00758
    0.01879
   -0.02433
   -0.01159
    0.01023
    0.00938
   -0.02346
    0.01425
    0.00504
    0.01600
   -0.00627
   -0.01112
    0.00099
   -0.00432
   -0.01190
   -0.00721
    0.02065
   -0.00131
    0.00811
    0.01693
   -0.01032
    0.00609
   -0.00225
    0.00528
   -0.00492
   -0.00100
    0.00958
   -0.01967
    0.01749
    0.00515
   -0.00736
   -0.00077
    0.00116
    0.00347
   -0.00262
   -0.03055
    0.01557
    0.00407
   -0.00325
   -0.00735
    0.00186
   -0.00823
    0.00342
   -0.00854
    0.01286
   -0.00520
   -0.00999
    0.00611
    0.00559
    0.00314
   -0.00543
   -0.01070
    0.00427
    0.00644
   -0.00639
   -0.00966
    0.00948
   -0.01242
    0.01030
   -0.01087
    0.01882
   -0.00538
    0.00240
   -0.00742
    0.00968
    0.00499
   -0.00429
   -0.00634
    0.00231
    0.00061
   -0.00268
    0.00319
   -0.00021
   -0.00396
    0.00128
   -0.00349
    0.00460
    0.00249
   -0.01301
    0.00918
   -0.00173
    0.00343
   -0.00641
   -0.00775
    0.00355
    0.00078
   -0.00083
   -0.01594
    0.01187
   -0.00570
   -0.00756
   -0.01901
    0.01988
   -0.00582
   -0.00753
   -0.01483
    0.01429
    0.01180
   -0.00597
   -0.01551
   -0.00497
   -0.00024
   -0.00186
   -0.01661
    0.01037
   -0.00283
    0.01475
   -0.01068
    0.00260
   -0.00700
   -0.00487
   -0.01279
    0.01511
    0.00178
   -0.00798
   -0.02124
    0.01490
    0.00718
   -0.01679
   -0.00135
    0.00917
   -0.00890
   -0.00620
   -0.00641
    0.02153
    0.01512
   -0.00664
   -0.01041
   -0.00040
    0.01652
   -0.01718
   -0.00707
   -0.00017
   -0.00042
   -0.00263
    0.00127
    0.00163
    0.00198
   -0.00429
   -0.01467
    0.01382
    0.00351
   -0.01828
   -0.00922
    0.01442
    0.01737
   -0.00429
   -0.00550
   -0.00673
    0.00162
   -0.01494
   -0.00098
    0.01243
    0.01003
    0.00696
   -0.02956
    0.02215
    0.00376
   -0.01389
   -0.01787
    0.01215
    0.00101
   -0.00400
   -0.01977
    0.01434
    0.00868
   -0.00787
   -0.01165
    0.00047
   -0.00538
   -0.00490
   -0.01133
    0.01869
    0.00361
   -0.01151
   -0.00860
    0.00737
   -0.00338
   -0.00731
   -0.01310
    0.01506
   -0.00682
   -0.00018
   -0.00668
    0.01578
   -0.00221
    0.01199
    0.00449
   -0.00593
    0.00415
   -0.00833
   -0.01322
    0.00801
    0.00176
   -0.00953
   -0.01872
    0.01386
   -0.00852
    0.00344
   -0.00381
    0.00778
   -0.00264
   -0.00099
    0.00280
    0.00155
   -0.00120
   -0.01226
   -0.00827
    0.01580
    0.00673
   -0.00612
   -0.01238
    0.00460
   -0.00341
   -0.00631
   -0.01126
    0.01260
   -0.00503
    0.01353
   -0.01632
    0.00579
   -0.00061
   -0.00681
   -0.01086
    0.01154
    0.00513
   -0.00804
   -0.01639
    0.00811
   -0.00132
   -0.00447
   -0.01084
    0.00985
   -0.00018
    0.00014
   -0.01495
    0.01160
   -0.00481
   -0.01072
   -0.01417
    0.02124
    0.00036
   -0.00275
   -0.01921
    0.01382
   -0.00445
   -0.00748
    0.00154
    0.01302
   -0.00190
   -0.01139
   -0.00664
    0.02023
    0.00142
   -0.00149
   -0.01951
    0.01745
    0.01103
   -0.00734
   -0.01177
    0.00035
   -0.00433
   -0.00547
    0.00230
    0.00842
    0.00301
   -0.00415
   -0.00925
    0.00862
    0.00125
   -0.00920
   -0.02050
    0.02355
   -0.00258
   -0.00317
   -0.00746
    0.00899
    0.00790
   -0.01768
   -0.01262
    0.01572
    0.00340
   -0.00652
   -0.02457
    0.01803
   -0.00268
   -0.00884
   -0.00894
    0.01165
    0.00437
   -0.00902
   -0.02067
    0.01303
    0.00095
   -0.00366
   -0.01083
    0.00601
   -0.00046
    0.00069
   -0.01828
    0.01724
   -0.00489
   -0.00910
   -0.02197
    0.02040
    0.00557
   -0.00186
   -0.02342
    0.01118
   -0.00137
    0.00511
   -0.02086
    0.00956
    0.00009
    0.00704
   -0.02335
    0.01470
    0.00706
    0.00169
   -0.01380
    0.00196
    0.00689
   -0.00657
   -0.01217
    0.00500
   -0.00312
    0.00088
   -0.01458
    0.01189
   -0.00730
    0.00344
   -0.01191
    0.01692
    0.00393
   -0.01416
   -0.01433
    0.01266
    0.00958
   -0.01248
   -0.01386
    0.00292
   -0.01000
    0.00662
   -0.02097
    0.02167
   -0.00038
    0.00180
   -0.02638
    0.02183
   -0.00536
   -0.01277
   -0.02060
    0.01888
