IntronPotTab 1 1024 -38.86827 4.09849 33.23830 98144 6 16  445.30
   -0.04946
    0.09485
    0.04413
    0.00319
   -0.03007
    0.00411
    0.16606
   -0.02003
   -0.06279
    0.07293
    0.05159
    0.01986
   -0.08518
   -0.01096
    0.12711
    0.02327
   -0.09034
    0.03938
    0.18123
    0.01424
   -0.05428
    0.04790
    0.15668
   -0.00839
   -0.02078
   -0.01271
   -0.01792
    0.04022
   -0.08995
    0.01034
    0.22017
   -0.03744
   -0.03300
    0.02900
    0.07113
   -0.01236
   -0.01308
   -0.05315
    0.23090
   -0.02336
   -0.00456
   -0.08113
    0.13473
   -0.01489
   -0.07817
   -0.03863
    0.13115
    0.00824
   -0.05516
    0.08736
    0.02781
    0.00721
   -0.03149
   -0.05946
    0.26531
   -0.01527
   -0.06147
    0.03781
   -0.01773
    0.05165
   -0.08754
    0.02373
    0.07052
    0.00832
   -0.05331
    0.01712
    0.02004
    0.04125
   -0.04774
   -0.04296
    0.11583
    0.04456
   -0.05145
   -0.03934
    0.01691
    0.07404
   -0.08774
   -0.02076
    0.04423
    0.05110
   -0.07771
    0.01891
    0.18147
   -0.00215
   -0.03067
   -0.02406
    0.09806
    0.00973
    0.02344
   -0.08806
   -0.00125
    0.04415
   -0.05147
   -0.01446
    0.19247
   -0.04840
    0.02562
   -0.11068
    0.04135
    0.01505
   -0.01066
   -0.09382
    0.04353
    0.05560
   -0.05628
   -0.05323
    0.05653
    0.06820
   -0.04726
   -0.02730
    0.02041
    0.03559
   -0.02035
    0.03034
    0.04934
   -0.02818
   -0.01550
   -0.08151
    0.15369
    0.00503
   -0.01784
   -0.04649
   -0.02608
    0.07432
   -0.06479
   -0.00901
    0.06551
    0.00050
   -0.02034
    0.05452
   -0.03862
    0.03382
   -0.04919
    0.02654
    0.15326
   -0.02684
   -0.03525
    0.00624
    0.04410
    0.00760
   -0.07981
   -0.01986
    0.06832
    0.02155
   -0.09774
    0.03664
    0.11958
    0.01762
   -0.05970
    0.03987
    0.11898
    0.00727
   -0.01945
   -0.03539
   -0.03254
    0.06964
   -0.09277
    0.00164
    0.19057
   -0.04083
    0.02488
   -0.01421
   -0.00535
   -0.01289
   -0.03462
   -0.06936
    0.16519
    0.00409
   -0.04756
   -0.05757
    0.03521
    0.05672
   -0.12984
   -0.00808
    0.03653
    0.06514
   -0.06456
    0.06326
    0.03507
    0.00169
   -0.05974
   -0.03202
    0.20592
   -0.00906
   -0.06426
    0.02544
   -0.01008
    0.06636
   -0.08752
    0.04737
    0.01213
    0.01717
   -0.04865
    0.10586
    0.01545
    0.01132
   -0.06047
    0.01078
    0.21401
    0.00124
   -0.08359
    0.05075
    0.04259
    0.06041
   -0.06303
    0.01057
    0.10984
    0.01390
   -0.10723
    0.07039
    0.20088
    0.02119
   -0.08468
    0.09904
    0.15908
    0.00933
   -0.06398
   -0.00224
    0.01525
    0.06643
   -0.10372
    0.05459
    0.29342
   -0.06017
   -0.02899
    0.00047
    0.08617
   -0.01188
   -0.03256
   -0.06957
    0.19604
    0.00933
   -0.05189
   -0.07344
    0.15954
    0.02746
   -0.09446
   -0.02664
    0.07543
    0.03924
   -0.06112
    0.08608
    0.03938
   -0.00335
   -0.05142
    0.01467
    0.23012
   -0.02182
   -0.06244
    0.04342
   -0.01338
    0.05515
   -0.06809
    0.07238
    0.05486
   -0.01773
   -0.04733
    0.06843
    0.00479
    0.01848
   -0.05389
    0.00308
    0.15205
    0.00764
   -0.08610
    0.04202
    0.03903
    0.05244
   -0.11395
    0.00179
    0.06858
    0.04346
   -0.08467
    0.03701
    0.13188
    0.01290
   -0.06951
    0.02734
    0.11754
    0.02172
   -0.03567
    0.00972
    0.00691
    0.02911
   -0.07090
   -0.05657
    0.15336
   -0.00772
   -0.01522
   -0.01503
    0.02262
    0.00675
   -0.04435
   -0.06230
    0.07264
    0.05626
   -0.02444
   -0.01594
    0.04585
    0.00476
   -0.05782
   -0.04728
    0.03735
    0.04162
   -0.05435
    0.05480
    0.03787
   -0.00262
   -0.04542
   -0.00449
    0.15740
   -0.01174
   -0.04625
    0.04810
   -0.00928
    0.01854
   -0.06594
   -0.01694
    0.01570
    0.03774
   -0.07471
    0.05036
    0.04371
    0.02263
   -0.03508
   -0.03284
    0.07372
    0.03275
   -0.03446
   -0.05097
    0.02226
    0.06069
   -0.10001
   -0.01549
    0.08284
    0.02073
   -0.05993
    0.00990
    0.09642
    0.00826
   -0.05525
    0.02624
   -0.02055
    0.03636
   -0.02868
   -0.00382
    0.00168
    0.03487
   -0.10400
   -0.01048
    0.12237
    0.00238
   -0.01162
   -0.02500
    0.01006
    0.02249
   -0.02827
   -0.07421
    0.06165
    0.05911
   -0.00676
   -0.07460
    0.00935
    0.06479
   -0.07115
   -0.04527
    0.04641
    0.04971
   -0.05306
    0.07877
    0.08525
   -0.04048
   -0.02540
   -0.05521
    0.07845
    0.02633
   -0.02735
   -0.04943
   -0.00818
    0.07998
   -0.04273
   -0.04699
    0.03816
    0.03593
   -0.02875
   -0.02323
    0.00121
    0.04209
   -0.03760
   -0.04551
    0.01784
    0.06387
   -0.03629
   -0.03961
   -0.02045
    0.09229
   -0.11398
   -0.02533
    0.00374
    0.07841
   -0.06593
   -0.01948
    0.05028
    0.04383
   -0.05755
   -0.01795
    0.03160
    0.05961
   -0.00076
   -0.06426
   -0.02353
    0.06635
   -0.03434
   -0.07043
    0.03890
    0.03456
    0.03464
   -0.06277
    0.00981
   -0.01366
   -0.01910
   -0.07900
    0.01892
    0.05420
   -0.03029
   -0.06411
    0.00796
    0.06990
   -0.08175
   -0.06052
    0.01903
    0.07102
   -0.06372
   -0.03799
    0.05234
    0.03982
   -0.03215
   -0.05945
   -0.01093
    0.07288
   -0.02107
   -0.00606
   -0.05283
    0.07037
   -0.00118
   -0.07722
   -0.00976
    0.05480
   -0.05703
    0.09032
    0.03229
    0.00397
   -0.03962
   -0.01325
    0.18516
   -0.01170
   -0.10087
    0.04379
    0.08171
    0.05250
   -0.13067
    0.01922
    0.08808
    0.03421
   -0.12820
    0.05746
    0.14716
    0.06375
   -0.07931
    0.02843
    0.10266
    0.03237
   -0.08473
    0.01487
    0.01628
    0.07473
   -0.12831
    0.04010
    0.19410
   -0.03951
   -0.02524
    0.00061
    0.03008
    0.01019
   -0.01974
   -0.06481
    0.07884
    0.02544
   -0.05374
   -0.04906
    0.05203
    0.06344
   -0.05822
   -0.04029
    0.03890
    0.03565
   -0.04514
    0.10867
    0.04079
   -0.03808
   -0.05008
    0.00553
    0.24833
   -0.03148
   -0.08174
    0.03693
    0.05828
    0.02976
   -0.09080
    0.05716
    0.02172
    0.00656
   -0.05638
    0.04252
    0.02754
    0.02163
   -0.05044
   -0.04440
    0.13333
    0.02390
   -0.05386
   -0.00931
    0.03207
    0.05606
   -0.11547
    0.01299
    0.08687
    0.01881
   -0.09109
    0.05346
    0.16500
    0.00648
   -0.07649
    0.02194
    0.12763
    0.03467
   -0.06514
   -0.00142
    0.02067
    0.07138
   -0.05935
   -0.01699
    0.18768
   -0.04685
   -0.02636
    0.01094
    0.05126
   -0.01777
   -0.03028
   -0.05408
    0.13432
    0.01011
   -0.01222
   -0.07643
    0.07532
    0.01347
   -0.06671
   -0.03208
    0.05635
    0.02196
   -0.06529
    0.09432
    0.02267
    0.00353
   -0.01805
   -0.02800
    0.20317
   -0.04385
   -0.04116
    0.00823
   -0.00198
    0.04016
   -0.07965
    0.03961
    0.07304
   -0.01843
   -0.06118
    0.01059
    0.01421
    0.04090
   -0.03282
   -0.08914
    0.10153
    0.05962
   -0.02665
   -0.08704
    0.01153
    0.09596
   -0.07735
   -0.06185
    0.07169
    0.03976
   -0.06612
   -0.00259
    0.17798
   -0.00992
   -0.04822
   -0.02441
    0.05404
    0.03787
   -0.02529
   -0.05365
   -0.01342
    0.08013
   -0.02083
   -0.05192
    0.21715
   -0.05150
    0.01767
   -0.09392
    0.04311
    0.01252
   -0.00260
   -0.13680
    0.07705
    0.05667
   -0.01617
   -0.09557
    0.04068
    0.06276
   -0.02223
   -0.11021
    0.05868
    0.04085
   -0.03617
    0.00031
    0.09434
   -0.02397
    0.00276
   -0.11780
    0.12311
    0.02653
   -0.00672
   -0.08519
   -0.00388
    0.09381
   -0.02726
   -0.06075
    0.05833
    0.01818
   -0.00023
   -0.01312
   -0.01001
    0.01608
   -0.03790
   -0.05103
    0.12418
    0.01217
   -0.02233
   -0.05117
    0.01946
    0.04572
   -0.04934
   -0.01342
    0.06701
   -0.00860
   -0.06730
    0.00021
    0.10188
    0.00566
   -0.06874
   -0.00353
    0.11220
    0.03448
   -0.02842
   -0.03781
   -0.02926
    0.08341
   -0.08719
   -0.05933
    0.12198
    0.00923
    0.03583
   -0.09411
   -0.00781
    0.01914
   -0.01900
   -0.14620
    0.08223
    0.05442
   -0.00668
   -0.08129
   -0.00555
    0.06082
   -0.09623
   -0.04368
   -0.00647
    0.07008
   -0.06801
    0.01272
    0.02616
    0.02773
   -0.01204
   -0.11181
    0.12616
    0.00898
   -0.04508
   -0.02400
   -0.00897
    0.07205
   -0.03294
   -0.05395
   -0.01621
    0.05364
   -0.05714
    0.11342
   -0.02992
    0.01937
   -0.04489
   -0.05211
    0.14459
    0.03159
   -0.08166
    0.00174
    0.06691
    0.05683
   -0.11072
    0.02964
    0.07642
    0.01575
   -0.11905
    0.05832
    0.17123
    0.02281
   -0.07398
    0.02703
    0.14512
    0.01836
   -0.04119
   -0.04334
    0.05664
    0.03308
   -0.04615
    0.01165
    0.23370
   -0.07511
   -0.02729
   -0.00839
    0.04050
    0.00965
   -0.03388
   -0.09273
    0.14610
    0.03040
   -0.04273
   -0.10073
    0.09851
    0.05304
   -0.06181
   -0.02717
    0.05111
    0.01348
   -0.04962
    0.07998
    0.01900
   -0.01425
   -0.01473
   -0.04261
    0.16346
   -0.02579
   -0.05540
    0.01095
    0.01885
    0.03529
   -0.07893
    0.02125
    0.02918
    0.01091
   -0.06116
    0.12221
    0.03172
    0.01781
   -0.03366
    0.00468
    0.25552
   -0.03575
   -0.09129
    0.08959
    0.06012
    0.04088
   -0.11584
    0.03403
    0.15303
    0.01298
   -0.10399
    0.08190
    0.21436
    0.00887
   -0.08231
    0.06021
    0.22003
   -0.00648
   -0.05509
    0.01806
    0.01593
    0.03967
   -0.13152
    0.03556
    0.24554
   -0.02698
   -0.06096
    0.08544
    0.12145
   -0.02354
   -0.02817
   -0.07565
    0.26799
   -0.00747
   -0.10671
    0.03430
    0.14721
    0.02902
   -0.12237
    0.01152
    0.12527
    0.02378
   -0.05798
    0.09082
    0.01156
    0.00912
   -0.06432
    0.03348
    0.24319
   -0.01505
   -0.06214
    0.05936
   -0.00174
    0.02878
   -0.10100
    0.07920
    0.06182
    0.00304
   -0.05130
    0.04630
    0.01096
    0.02572
   -0.05498
   -0.03897
    0.13257
    0.03471
   -0.04196
   -0.04479
    0.00815
    0.07006
   -0.12054
   -0.03418
    0.10065
    0.03913
   -0.09308
    0.03134
    0.18645
    0.00136
   -0.08568
    0.00749
    0.06570
    0.05450
   -0.01625
   -0.05271
    0.02199
    0.03940
   -0.14904
    0.01347
    0.23330
   -0.01915
   -0.00020
   -0.04989
    0.01623
    0.01677
   -0.00675
   -0.13442
    0.06804
    0.06976
   -0.04045
   -0.09568
    0.03676
    0.08578
   -0.04758
   -0.10748
    0.05251
    0.07370
   -0.04459
    0.05082
    0.08247
   -0.02898
   -0.02926
   -0.06396
    0.12589
    0.01187
   -0.01954
   -0.04945
   -0.00422
    0.05866
   -0.05980
    0.00059
    0.04493
    0.00748
   -0.04046
    0.08693
   -0.02649
    0.03055
   -0.05948
    0.00438
    0.19597
   -0.02494
   -0.04624
   -0.00101
    0.02205
    0.03598
   -0.13224
    0.03579
    0.08156
    0.02655
   -0.08720
    0.02295
    0.11495
    0.01388
   -0.09023
    0.01952
    0.17801
    0.01942
   -0.04178
   -0.00480
   -0.05255
    0.09392
   -0.09044
   -0.03266
    0.13187
   -0.01131
   -0.01221
    0.00004
    0.02446
   -0.00479
   -0.05515
   -0.05800
    0.15121
    0.02537
   -0.05025
   -0.06431
    0.04207
    0.05933
   -0.11664
   -0.03757
    0.04529
    0.05785
   -0.04902
    0.03545
    0.05604
   -0.01043
   -0.06632
   -0.03683
    0.15434
    0.01359
   -0.06206
    0.01953
   -0.00549
    0.05089
   -0.08628
    0.02443
   -0.01968
    0.04980
   -0.05772
    0.13898
    0.03080
   -0.00025
   -0.07809
    0.00903
    0.24962
   -0.00152
   -0.11571
    0.07085
    0.07031
    0.07190
   -0.13377
    0.02290
    0.15676
    0.01407
   -0.11169
    0.05430
    0.21589
    0.01330
   -0.13022
    0.08311
    0.17253
    0.05835
   -0.08607
    0.02115
    0.01227
    0.07822
   -0.15153
    0.08936
    0.34860
   -0.05903
   -0.02372
    0.01483
    0.07654
   -0.02466
   -0.03623
   -0.06410
    0.21387
    0.00146
   -0.06869
   -0.07506
    0.17328
    0.03311
   -0.11118
   -0.04888
    0.12079
    0.03261
   -0.06444
    0.10863
    0.05782
   -0.01281
   -0.07086
    0.05726
    0.27527
   -0.03011
   -0.08580
    0.06774
    0.02257
    0.03958
   -0.10269
    0.09912
    0.06573
   -0.00807
