IntronPotTab 1 1024 -16.87453 1.27822 14.34120 55377 6 16  250.24
   -0.04301
    0.00983
    0.00036
    0.03086
   -0.04613
    0.04875
    0.00452
    0.00624
   -0.01997
   -0.00483
    0.00569
    0.02262
    0.00132
   -0.04307
    0.00988
    0.02077
    0.00172
    0.03610
   -0.07080
    0.04120
   -0.04802
    0.05211
   -0.02690
   -0.00120
   -0.04023
   -0.02613
    0.02163
    0.05397
    0.08423
   -0.03394
   -0.01155
    0.00402
   -0.06311
    0.01252
    0.02888
    0.02728
    0.00593
   -0.02261
   -0.00197
    0.01654
   -0.00411
   -0.06323
    0.11384
   -0.08532
   -0.00117
   -0.05009
    0.02013
    0.02143
   -0.01987
   -0.00196
   -0.00639
    0.02374
   -0.01855
    0.01076
   -0.02841
    0.02912
   -0.03551
   -0.00337
   -0.01602
    0.05360
    0.00928
   -0.03404
   -0.00131
    0.02267
   -0.01708
    0.01994
   -0.03704
    0.04971
    0.06286
   -0.11021
   -0.01839
   -0.00761
    0.03641
   -0.05036
   -0.02540
    0.12793
    0.04270
   -0.07934
    0.01256
    0.04279
    0.07820
    0.00272
   -0.11371
    0.09196
   -0.01423
    0.00580
   -0.03558
    0.04115
    0.01237
   -0.07921
    0.00704
    0.14925
    0.14530
    0.00362
   -0.07332
    0.07739
    0.07745
   -0.02627
   -0.04281
    0.03148
    0.04719
   -0.06269
    0.02298
    0.00797
    0.05917
   -0.10851
    0.10480
    0.04065
    0.05604
   -0.09020
    0.01038
    0.05231
    0.09396
   -0.07168
    0.03206
   -0.01785
    0.01139
   -0.03159
   -0.03139
    0.05863
    0.10231
   -0.07189
   -0.03071
    0.09015
    0.10304
   -0.05004
   -0.00628
    0.01923
    0.02365
   -0.00518
   -0.05950
    0.08841
    0.00671
   -0.03145
   -0.04369
    0.07469
    0.01249
   -0.05730
    0.01395
    0.06949
    0.06824
   -0.07437
   -0.02512
    0.07711
    0.09070
    0.00947
   -0.10394
    0.13290
   -0.00185
    0.00322
   -0.06723
    0.07767
    0.04769
   -0.06690
   -0.00779
    0.12164
    0.15962
   -0.03343
   -0.06725
    0.10733
    0.03528
   -0.01935
   -0.02508
    0.03468
    0.01678
   -0.04622
   -0.04044
    0.08871
    0.05468
   -0.11353
    0.06828
    0.00798
   -0.00417
    0.01939
   -0.06856
    0.15177
    0.05139
   -0.06947
   -0.01822
    0.06645
    0.01099
   -0.01676
   -0.08154
    0.08031
   -0.00179
   -0.02620
   -0.03171
    0.08846
    0.08815
   -0.07134
   -0.00295
    0.03256
   -0.04008
    0.03206
   -0.00698
    0.01940
   -0.03630
    0.02962
    0.02699
   -0.00141
   -0.02883
   -0.02031
    0.03350
    0.02447
   -0.04013
   -0.02060
    0.02989
    0.01029
   -0.01298
    0.02164
   -0.06157
    0.05697
   -0.06325
    0.02983
   -0.03401
    0.05256
   -0.04657
   -0.02091
   -0.00218
    0.07689
    0.05013
   -0.04060
   -0.02544
    0.05229
    0.00981
    0.01650
   -0.04248
    0.02004
    0.01881
   -0.04823
   -0.00567
    0.02940
   -0.00120
   -0.07271
    0.07405
    0.01941
   -0.00504
   -0.04379
    0.01299
    0.02949
   -0.02173
    0.00126
    0.00443
    0.00972
   -0.02680
    0.01015
   -0.01477
    0.02713
   -0.02545
   -0.00957
   -0.01432
    0.05128
   -0.00603
   -0.02439
    0.00147
    0.02313
   -0.01297
    0.02558
   -0.06272
    0.06615
   -0.03915
    0.03741
   -0.03249
    0.04293
   -0.00822
   -0.01843
   -0.01813
    0.07475
    0.01890
   -0.00864
   -0.02383
    0.03690
   -0.06089
    0.10099
   -0.16717
    0.01826
   -0.02940
    0.05267
   -0.05049
    0.01278
   -0.03018
   -0.00955
   -0.01395
    0.05934
    0.02527
   -0.01016
   -0.03868
    0.06656
    0.00620
   -0.00310
   -0.02284
    0.02999
    0.01118
   -0.01984
   -0.04216
    0.04915
    0.05933
   -0.09223
    0.13022
   -0.10583
    0.01165
   -0.01693
   -0.00856
    0.03149
    0.00183
    0.00198
   -0.07485
    0.05952
   -0.00767
   -0.00357
   -0.06141
    0.06355
   -0.00750
   -0.01216
   -0.04771
    0.07826
    0.03989
   -0.02105
   -0.03033
    0.04534
    0.01963
    0.02533
   -0.09238
    0.07804
    0.02200
   -0.05130
   -0.00606
    0.09288
    0.09991
   -0.08371
   -0.02654
    0.18256
    0.08932
   -0.07570
   -0.00779
    0.07430
    0.10676
    0.00495
   -0.15939
    0.10254
   -0.04243
    0.04225
   -0.10495
    0.07150
    0.02861
   -0.04042
   -0.01702
    0.12721
    0.09382
   -0.00124
   -0.07452
    0.09575
    0.11516
   -0.03346
   -0.07371
    0.06668
    0.08515
   -0.08251
    0.03457
    0.05419
    0.09380
   -0.11244
    0.08306
    0.08151
    0.11360
   -0.10009
   -0.00890
    0.07625
    0.04994
   -0.05773
    0.01592
    0.03564
    0.02179
   -0.02928
   -0.06611
    0.08983
    0.14393
   -0.08241
   -0.04652
    0.14614
    0.14047
   -0.04580
   -0.03960
    0.07102
    0.01554
    0.02408
   -0.06424
    0.06063
   -0.01001
    0.01400
   -0.05063
    0.06486
    0.02357
   -0.02955
   -0.02131
    0.08112
    0.09917
   -0.04483
   -0.05218
    0.10814
    0.08738
    0.06312
   -0.17906
    0.11641
   -0.00950
    0.07484
   -0.10991
    0.08223
    0.04321
   -0.03701
   -0.05430
    0.14968
    0.13920
    0.02744
   -0.09949
    0.16239
    0.04278
    0.01130
   -0.04388
    0.03163
    0.01938
   -0.01551
   -0.04022
    0.07532
    0.02473
   -0.10628
    0.06449
    0.06135
    0.09210
   -0.01085
   -0.06857
    0.12052
    0.07066
   -0.04265
   -0.08871
    0.11316
   -0.00715
   -0.01266
   -0.05106
    0.08406
   -0.02527
   -0.03476
   -0.07059
    0.13934
    0.10466
   -0.03597
   -0.04126
    0.06011
   -0.03943
    0.06468
   -0.04328
    0.02395
   -0.03647
    0.02397
   -0.02342
    0.02973
   -0.01421
   -0.02152
    0.01391
    0.03694
    0.00516
   -0.00457
   -0.03298
    0.04982
   -0.00938
    0.03189
   -0.08277
    0.06111
   -0.07826
    0.06339
   -0.05361
    0.02245
    0.00818
   -0.00666
   -0.04549
    0.06020
    0.03033
    0.02222
   -0.06642
    0.06260
   -0.00693
    0.05101
   -0.06540
    0.01762
    0.03520
   -0.02808
   -0.02327
    0.00926
   -0.00278
   -0.07762
    0.08077
    0.03345
    0.02556
   -0.01141
   -0.01813
    0.02971
   -0.01124
    0.01504
   -0.03201
    0.01542
   -0.00840
    0.00264
    0.02169
   -0.00584
    0.00044
   -0.01394
   -0.04305
    0.06753
    0.03112
    0.00834
   -0.04408
    0.04702
   -0.04449
   -0.00454
    0.01125
    0.03199
   -0.04307
    0.02273
    0.01609
    0.02137
   -0.05508
   -0.03711
    0.03655
    0.06079
    0.00135
   -0.03885
    0.01346
    0.00803
   -0.01507
    0.02654
   -0.04467
    0.04556
   -0.03147
    0.01177
    0.00074
    0.01798
   -0.06550
   -0.03014
    0.02102
    0.07692
    0.01352
   -0.04546
    0.00812
    0.02361
   -0.03824
   -0.02078
    0.03648
    0.00242
   -0.00440
   -0.03788
    0.00913
    0.03121
   -0.02182
   -0.12167
    0.13625
   -0.04789
    0.00849
   -0.05049
    0.01549
    0.01824
   -0.00232
   -0.01414
   -0.00364
    0.01897
   -0.00764
   -0.01850
   -0.03914
    0.05103
   -0.05833
   -0.02053
    0.01156
    0.06938
    0.02855
   -0.04877
    0.00475
    0.01633
    0.00199
    0.00364
   -0.03908
    0.05987
    0.01999
   -0.08816
    0.01945
    0.08514
    0.07895
   -0.06607
   -0.03348
    0.18651
    0.07011
   -0.10725
    0.01211
    0.05827
    0.07586
   -0.00810
   -0.10086
    0.11045
   -0.01603
    0.00516
   -0.05229
    0.05937
    0.06206
   -0.10089
    0.05612
    0.16802
    0.15806
   -0.04820
   -0.06103
    0.13015
    0.08404
   -0.03851
   -0.02522
    0.03536
    0.02627
   -0.10227
    0.06304
    0.04071
    0.10424
   -0.13721
    0.13473
    0.06120
    0.06837
   -0.12337
    0.02476
    0.04311
    0.06719
   -0.06001
    0.00942
    0.02817
    0.01146
   -0.08078
   -0.00534
    0.09432
    0.14236
   -0.10263
   -0.01735
    0.15043
    0.12685
   -0.09315
   -0.00835
    0.06991
    0.02326
   -0.03764
   -0.02825
    0.07274
   -0.00785
   -0.04370
   -0.00821
    0.07043
   -0.01386
   -0.09611
    0.04171
    0.07230
    0.07393
   -0.07733
   -0.02855
    0.09677
    0.03627
    0.02428
   -0.07742
    0.10973
   -0.02306
   -0.00506
   -0.02262
    0.06005
    0.02451
   -0.07531
   -0.00348
    0.14218
    0.15032
   -0.03701
   -0.05950
    0.12191
    0.01858
   -0.02417
   -0.00725
    0.02369
   -0.02223
   -0.06454
    0.01160
    0.07281
    0.01292
   -0.08140
    0.05982
    0.01948
    0.05666
   -0.06261
   -0.03818
    0.10807
    0.00595
   -0.08239
   -0.00043
    0.09926
   -0.01245
   -0.04960
   -0.00483
    0.07347
   -0.06699
   -0.05051
    0.00701
    0.11920
    0.08179
   -0.07039
   -0.01307
    0.04648
   -0.01228
    0.05936
   -0.06482
    0.02747
   -0.04684
    0.01901
    0.01161
    0.02879
   -0.01550
   -0.01454
   -0.00890
    0.05092
   -0.01039
   -0.02038
    0.00223
    0.02275
   -0.00579
    0.01247
   -0.06119
    0.06921
   -0.06804
    0.00603
    0.00484
    0.05792
   -0.00388
   -0.02598
   -0.01184
    0.06145
    0.05492
   -0.02919
   -0.03234
    0.05609
    0.02729
    0.04183
   -0.09146
    0.05081
   -0.00217
   -0.04245
    0.02110
    0.02432
   -0.02616
   -0.08820
    0.09182
    0.00740
   -0.03540
   -0.06674
    0.03322
   -0.01886
   -0.03151
    0.00230
    0.00832
    0.01188
   -0.03706
   -0.01907
    0.04975
    0.02578
   -0.02802
   -0.00958
   -0.00451
    0.04390
    0.02133
   -0.00397
   -0.01907
    0.02666
   -0.04159
    0.02085
   -0.02284
    0.04483
   -0.04863
    0.04145
   -0.00093
    0.02215
   -0.00987
   -0.03452
    0.02548
    0.02719
   -0.03563
   -0.00013
    0.00990
    0.01714
   -0.02262
    0.03920
   -0.06842
    0.05505
   -0.01820
    0.02066
   -0.00166
    0.00020
   -0.10480
   -0.01442
    0.03472
    0.05479
   -0.01364
   -0.01643
   -0.01358
    0.04210
   -0.01428
   -0.02657
   -0.00422
    0.04259
   -0.00742
   -0.04054
   -0.00503
    0.05128
    0.01736
   -0.05760
    0.05982
   -0.02217
   -0.01862
   -0.02575
   -0.00334
    0.04981
   -0.00449
    0.00288
   -0.00854
    0.00632
   -0.01539
   -0.00390
   -0.03034
    0.03908
   -0.04882
   -0.01033
    0.00406
    0.04554
   -0.01487
   -0.02623
    0.01269
    0.01360
   -0.00005
   -0.01487
   -0.04090
    0.07565
    0.01965
   -0.06863
    0.00321
    0.07809
    0.05031
   -0.07856
   -0.00214
    0.12549
    0.04593
   -0.10791
    0.03182
    0.05740
    0.09288
   -0.01657
   -0.14077
    0.12629
   -0.02397
    0.00590
   -0.07164
    0.06116
   -0.00434
   -0.05561
   -0.01277
    0.13659
    0.13179
   -0.07231
   -0.02262
    0.08465
    0.02346
   -0.00895
   -0.01102
    0.00554
    0.05251
   -0.08115
    0.03046
    0.03663
    0.04904
   -0.11208
    0.08686
    0.05764
    0.00942
   -0.12411
    0.04984
    0.06667
    0.07816
   -0.06897
    0.01616
    0.01029
    0.03736
   -0.06317
   -0.07206
    0.08567
    0.09686
   -0.07796
   -0.03807
    0.10303
    0.12873
   -0.10726
    0.00316
    0.06055
    0.04259
   -0.02657
   -0.06080
    0.08370
    0.02082
   -0.03256
   -0.05915
    0.07083
    0.06581
   -0.07376
   -0.01040
    0.08611
    0.07294
   -0.04983
   -0.03765
    0.08161
    0.07744
    0.01181
   -0.15298
    0.13640
    0.00977
   -0.00958
   -0.10014
    0.10323
    0.03785
   -0.08230
   -0.04122
    0.17548
    0.15212
    0.00265
   -0.09138
    0.15173
    0.06304
   -0.02879
   -0.05450
    0.05986
    0.04304
   -0.04578
   -0.06235
    0.07960
    0.02624
   -0.11306
    0.05144
    0.07123
    0.06192
    0.00001
   -0.06372
    0.12317
    0.02430
   -0.06096
   -0.04503
    0.09324
    0.01348
   -0.03716
   -0.07743
    0.08947
   -0.03588
   -0.06602
   -0.08802
    0.12322
    0.07625
   -0.05070
   -0.02418
    0.04933
   -0.04533
    0.05586
   -0.02786
    0.03077
   -0.05594
    0.02251
    0.01275
    0.04151
   -0.01524
   -0.01850
   -0.00466
    0.04498
   -0.01744
   -0.00191
    0.02494
   -0.01572
   -0.00703
    0.02693
   -0.05699
    0.04276
   -0.04258
    0.01391
   -0.03409
    0.03971
   -0.09196
   -0.00144
   -0.00221
    0.07289
    0.05382
   -0.02603
   -0.00066
    0.00194
    0.00255
    0.02102
   -0.04472
    0.02762
    0.02150
   -0.06333
    0.00434
    0.03357
   -0.00807
   -0.08702
    0.07744
    0.02857
   -0.00695
   -0.02757
    0.00820
    0.01846
   -0.01446
    0.00717
   -0.02292
    0.02326
   -0.02531
    0.00090
   -0.00213
    0.02433
   -0.03440
   -0.00619
    0.00077
    0.03816
    0.02945
   -0.01254
   -0.00172
   -0.00248
