IntronPotTab 1 1024 0.43249
   -0.08691
    0.10541
   -0.02455
    0.07206
    0.01808
    0.04821
    0.07686
   -0.08760
    0.02040
    0.02993
    0.03288
   -0.09200
   -0.06793
    0.09068
    0.05380
   -0.01156
    0.03322
   -0.00095
   -0.03652
   -0.00799
    0.03296
    0.05727
    0.00134
   -0.05180
    0.01200
   -0.00801
    0.00035
   -0.00746
   -0.03750
    0.07583
    0.08111
   -0.03303
   -0.01991
    0.02030
    0.00820
    0.00195
    0.02006
    0.02329
    0.05996
   -0.06190
    0.02052
    0.00430
    0.01088
   -0.04035
   -0.04912
    0.09050
    0.02368
   -0.02045
   -0.09848
    0.07273
    0.02286
    0.03333
    0.07388
    0.02436
   -0.01545
   -0.04359
    0.07210
    0.01615
   -0.01743
   -0.05989
   -0.09888
    0.09316
    0.10813
   -0.00650
   -0.00642
   -0.00752
   -0.03724
    0.05062
    0.01431
    0.02999
    0.04294
   -0.05454
    0.00891
    0.00914
   -0.02867
    0.00186
   -0.10189
    0.05166
    0.04057
    0.01412
   -0.00218
    0.04924
   -0.09199
    0.02740
    0.01320
    0.04146
   -0.05142
   -0.00948
   -0.00676
    0.04942
   -0.05839
   -0.01154
   -0.03550
    0.04662
    0.01283
   -0.00286
   -0.02763
    0.01880
   -0.00215
    0.00972
    0.00305
   -0.02318
    0.02113
    0.00139
   -0.00082
    0.02225
   -0.01768
   -0.01770
   -0.00358
   -0.01080
    0.02807
   -0.00425
   -0.01160
    0.01311
    0.00087
    0.00125
    0.05382
    0.02573
    0.00248
   -0.04408
    0.15883
   -0.00485
   -0.11914
   -0.04058
   -0.07610
    0.11207
    0.11795
   -0.07329
   -0.03963
    0.01768
    0.00254
    0.02572
    0.00509
    0.00798
    0.00689
   -0.01357
    0.01797
    0.03165
   -0.01865
   -0.04068
   -0.00692
    0.01649
   -0.00524
    0.00086
    0.01000
    0.03938
   -0.03167
   -0.00889
    0.01971
    0.02534
    0.01243
   -0.02788
    0.02224
   -0.02169
    0.03149
   -0.03232
   -0.00934
    0.06188
    0.03087
   -0.04329
    0.00489
    0.00104
   -0.00346
   -0.00271
    0.01693
   -0.00940
    0.01661
   -0.01783
   -0.00991
    0.02887
   -0.01743
   -0.00829
    0.01495
    0.02472
   -0.04441
   -0.01133
   -0.07732
    0.06323
    0.00324
    0.03372
    0.03416
    0.00861
    0.02108
   -0.03403
    0.04517
    0.03549
   -0.00290
   -0.06067
   -0.01206
    0.05449
    0.04718
   -0.05028
   -0.11102
    0.06360
    0.04674
    0.02348
    0.00498
    0.02164
    0.02040
   -0.02522
    0.02254
    0.00719
    0.01995
   -0.04111
   -0.03242
    0.05004
    0.06513
   -0.00426
   -0.01112
    0.06531
   -0.05989
    0.00161
    0.00875
    0.05277
   -0.02025
   -0.02449
    0.00330
    0.03765
   -0.03463
   -0.02064
   -0.03248
    0.05371
    0.02838
   -0.01813
    0.01396
   -0.00267
   -0.03417
    0.01734
   -0.00677
   -0.00302
    0.01233
    0.00001
    0.01445
    0.03962
   -0.02802
   -0.05154
   -0.04677
    0.04666
    0.06149
   -0.04192
   -0.02921
    0.01943
    0.04079
   -0.02124
    0.07684
    0.02271
   -0.03816
   -0.02821
    0.03948
    0.01919
   -0.04541
   -0.02578
   -0.09810
    0.10013
    0.10905
   -0.03759
   -0.01565
    0.02479
   -0.04082
    0.03981
   -0.00728
    0.02804
   -0.02920
    0.00282
   -0.00049
    0.03569
   -0.04211
   -0.00502
   -0.00448
    0.01430
   -0.04529
    0.03107
    0.00303
    0.03274
   -0.08333
    0.03938
    0.00740
    0.04862
   -0.04733
   -0.01434
    0.00713
    0.02671
   -0.06644
    0.01251
   -0.06338
    0.06092
    0.03305
   -0.01094
    0.01168
    0.03213
   -0.03403
   -0.00696
    0.00719
    0.02895
   -0.03284
   -0.00843
    0.00758
    0.02876
   -0.00756
   -0.03876
   -0.00176
    0.02545
   -0.03198
    0.00416
   -0.13067
    0.08831
   -0.04992
    0.06785
    0.01024
    0.02157
   -0.03786
    0.00215
    0.02953
    0.03998
   -0.04433
   -0.03386
   -0.08009
    0.06086
    0.00015
    0.00738
   -0.00265
    0.02819
   -0.06329
    0.04377
   -0.00537
    0.01548
   -0.05092
    0.02658
   -0.00278
    0.04164
   -0.04919
   -0.01530
    0.00427
    0.01321
   -0.05088
    0.02913
    0.00776
    0.06005
   -0.10879
    0.02721
   -0.01369
    0.09281
   -0.09203
   -0.01364
   -0.02486
    0.04015
   -0.05387
    0.02631
   -0.07449
    0.05959
    0.00396
    0.01453
   -0.00613
    0.00583
   -0.00857
    0.01127
   -0.00361
   -0.00441
   -0.02791
    0.02430
    0.02375
    0.00075
   -0.02532
   -0.01286
   -0.00211
   -0.00210
   -0.02328
    0.02134
   -0.00430
    0.02938
   -0.04919
    0.02663
    0.01891
    0.02797
   -0.04324
   -0.00127
    0.04481
    0.02076
   -0.07764
   -0.00488
   -0.04278
    0.05079
    0.00857
   -0.01421
    0.00011
    0.00378
   -0.02891
    0.03648
    0.02268
   -0.01411
   -0.04239
    0.02908
    0.02112
    0.02105
   -0.05551
    0.01145
    0.02812
   -0.02222
   -0.06602
    0.03263
    0.00167
    0.02774
   -0.05264
    0.02716
   -0.02055
    0.03163
   -0.02474
    0.01452
    0.01204
    0.01284
   -0.04615
    0.00997
    0.01894
   -0.00116
   -0.03329
   -0.00351
    0.00666
    0.01025
   -0.02764
    0.01512
    0.01619
   -0.02164
   -0.02648
    0.02694
   -0.01410
    0.04409
   -0.02819
   -0.00920
    0.02312
    0.00870
   -0.07219
    0.01817
   -0.01527
   -0.00466
   -0.00482
    0.02031
   -0.02052
   -0.00021
   -0.01922
    0.03084
   -0.02532
    0.05882
   -0.07687
    0.02687
   -0.00421
    0.00420
   -0.04435
    0.04070
   -0.06765
    0.07410
   -0.00530
    0.01674
    0.00333
    0.02929
    0.04520
   -0.04053
   -0.00117
    0.02594
   -0.01376
   -0.01370
   -0.02453
    0.06251
   -0.00726
    0.00216
    0.00300
    0.04593
   -0.08192
    0.02072
   -0.01666
    0.07010
   -0.04116
   -0.01079
    0.00259
    0.03706
   -0.05247
   -0.00196
   -0.04524
    0.07131
   -0.00887
   -0.00273
   -0.05177
    0.11999
   -0.09926
    0.02571
    0.00264
    0.01360
   -0.02480
    0.00154
    0.00569
    0.03240
   -0.02361
   -0.02648
   -0.03708
    0.05410
   -0.03755
    0.01003
   -0.02726
    0.03414
    0.01674
   -0.01341
    0.02945
    0.03838
   -0.02620
   -0.02182
    0.02820
    0.02290
   -0.05632
   -0.01063
   -0.07764
    0.14455
    0.09610
   -0.07017
   -0.01949
    0.01836
   -0.02051
    0.02687
    0.01986
    0.00854
   -0.00099
   -0.02448
   -0.00699
    0.03811
   -0.01006
   -0.02407
    0.00426
   -0.00247
   -0.01063
    0.00571
   -0.01766
    0.04184
   -0.03395
    0.01658
   -0.00921
    0.00198
   -0.00588
    0.00776
    0.00313
    0.01658
   -0.02807
    0.00331
   -0.01016
    0.01336
    0.00962
   -0.00316
   -0.01039
    0.01338
    0.00008
    0.00124
   -0.00038
    0.00573
   -0.01038
    0.00384
   -0.00716
    0.02750
   -0.00888
   -0.01184
    0.00837
    0.01876
   -0.01403
   -0.01454
   -0.02279
    0.00378
    0.00262
    0.01272
    0.03123
   -0.02337
   -0.00036
   -0.00270
    0.01573
    0.02332
   -0.02191
   -0.02311
   -0.00886
   -0.00153
   -0.00443
    0.01509
   -0.02353
   -0.00234
   -0.01523
    0.04096
   -0.00572
    0.02185
    0.00821
   -0.01629
    0.00224
    0.01257
   -0.01691
   -0.00453
   -0.02960
    0.02273
    0.01381
   -0.00593
    0.00065
    0.03365
   -0.04481
    0.00932
   -0.01123
    0.03086
   -0.01963
    0.00048
   -0.01358
    0.05123
   -0.07020
    0.00970
   -0.01619
    0.03199
    0.01361
   -0.01273
   -0.02131
    0.02778
   -0.01819
    0.01334
    0.00193
   -0.00320
    0.00180
   -0.00042
    0.00184
    0.03801
   -0.05676
   -0.01319
   -0.00095
   -0.02201
   -0.01568
    0.02852
    0.01776
    0.01995
   -0.02597
   -0.00533
    0.00576
    0.01777
   -0.00124
   -0.01313
    0.14859
   -0.01510
   -0.09812
   -0.04216
   -0.04013
    0.06440
    0.03178
   -0.03594
    0.00668
   -0.00471
   -0.01744
    0.02170
    0.02357
   -0.00881
   -0.02435
    0.00435
    0.02382
    0.02151
   -0.03309
   -0.01118
    0.02461
   -0.03016
   -0.02043
    0.01337
   -0.00024
    0.02517
   -0.03150
    0.01537
   -0.03954
    0.01886
   -0.01959
    0.02688
   -0.01041
    0.02954
   -0.01306
   -0.00432
    0.00225
    0.01414
   -0.00059
   -0.01221
    0.00150
    0.00312
   -0.01829
    0.01690
    0.01110
    0.00153
   -0.02478
    0.00923
   -0.00229
    0.00139
    0.03860
   -0.03600
    0.02649
   -0.01971
   -0.02707
    0.00921
   -0.02771
    0.00449
   -0.00057
    0.01863
   -0.01329
   -0.00274
   -0.01240
    0.01878
   -0.00544
    0.04645
   -0.03317
   -0.00784
    0.01382
   -0.01328
   -0.03051
    0.02225
   -0.07058
    0.07080
    0.00772
    0.00996
   -0.03864
   -0.00384
    0.00820
    0.01776
    0.00339
    0.02509
   -0.01313
   -0.01395
   -0.00173
    0.00872
   -0.02515
    0.00794
   -0.01105
    0.05815
   -0.06284
    0.01388
   -0.02528
    0.02294
   -0.01873
    0.01264
   -0.00073
    0.04015
   -0.05683
    0.00191
    0.00068
    0.03877
   -0.03034
   -0.01219
    0.02481
   -0.00319
   -0.04927
    0.02318
   -0.01335
    0.00426
   -0.04406
    0.03061
    0.01294
    0.03467
   -0.02937
   -0.02666
   -0.03914
    0.05365
   -0.00271
   -0.00485
   -0.02373
    0.04711
    0.00499
   -0.01156
    0.02326
    0.02491
   -0.03960
   -0.00333
    0.01272
    0.02791
   -0.05879
    0.00017
   -0.06132
    0.06922
    0.04129
   -0.01747
   -0.10107
    0.07300
    0.01246
    0.04872
   -0.02880
    0.06016
    0.09432
   -0.06303
    0.03302
    0.00014
    0.04071
   -0.08104
   -0.01617
    0.09913
    0.04770
   -0.04954
    0.05276
   -0.03467
   -0.01840
   -0.01238
    0.04127
    0.04189
   -0.00743
   -0.02933
    0.01408
   -0.00391
   -0.00997
   -0.00611
   -0.00108
    0.07193
    0.09847
   -0.08060
    0.00419
    0.00679
   -0.01020
   -0.00031
    0.02497
   -0.02250
    0.06939
   -0.04737
    0.02427
    0.01692
   -0.02510
   -0.02181
    0.01166
    0.04645
   -0.02158
   -0.04328
   -0.11036
    0.07102
    0.03232
    0.02025
    0.08877
    0.00209
    0.00650
   -0.03236
    0.12026
    0.03094
    0.02166
   -0.10960
   -0.04728
    0.10031
    0.11334
   -0.03979
    0.01307
   -0.00708
   -0.05947
    0.05507
    0.00074
   -0.02565
   -0.05239
    0.06665
    0.02776
    0.00208
   -0.04123
    0.00276
    0.03918
   -0.05024
   -0.01728
    0.05743
    0.00293
    0.03600
   -0.09606
    0.04898
   -0.00424
    0.07057
   -0.07523
   -0.00741
   -0.00660
    0.02370
   -0.02272
   -0.00108
   -0.01106
   -0.00345
   -0.00817
    0.01608
   -0.00419
   -0.01189
    0.00044
    0.01343
    0.03534
   -0.04255
   -0.03443
    0.02992
    0.02938
   -0.00100
   -0.03029
   -0.00929
    0.02659
   -0.04521
   -0.02722
    0.03045
   -0.02677
    0.03472
   -0.02553
    0.02231
    0.05432
    0.01012
   -0.04150
   -0.00461
    0.08678
    0.00536
   -0.09447
   -0.00218
   -0.02646
    0.04151
    0.02324
   -0.02888
    0.03066
    0.02589
   -0.09084
    0.06605
    0.01234
   -0.00601
   -0.07974
    0.06159
    0.04324
    0.02029
   -0.06847
   -0.00243
    0.01490
   -0.00371
   -0.05662
    0.06334
    0.00164
    0.05428
   -0.07889
    0.03870
   -0.00413
    0.03570
   -0.03777
    0.00577
    0.03760
    0.00394
   -0.04885
   -0.00566
    0.02026
    0.00526
    0.00066
   -0.02789
    0.01690
    0.01664
   -0.03778
    0.01126
    0.02558
   -0.02918
   -0.06945
    0.05555
    0.02327
    0.02483
   -0.01588
   -0.04340
    0.01761
   -0.00397
   -0.04589
    0.04758
   -0.06072
    0.03181
   -0.02384
    0.05154
    0.00160
    0.01321
   -0.01394
    0.00132
    0.03950
    0.03293
   -0.03794
   -0.03544
   -0.06334
    0.06922
   -0.01015
    0.01550
   -0.08278
    0.04626
    0.03472
    0.02564
   -0.03722
    0.06380
    0.08966
   -0.04846
    0.00336
    0.01681
    0.00675
   -0.02151
   -0.04872
    0.13636
    0.02305
   -0.00876
   -0.00550
    0.05525
   -0.08525
    0.02350
    0.00983
    0.04507
   -0.02725
   -0.01658
    0.02441
    0.00929
   -0.03890
   -0.00867
   -0.01139
    0.05029
    0.02940
   -0.03200
    0.01362
   -0.01626
   -0.02464
    0.02100
    0.00160
   -0.02637
   -0.02295
    0.02689
    0.02086
    0.00762
   -0.02250
   -0.01451
   -0.01599
    0.00645
   -0.01417
    0.01499
   -0.03913
    0.06399
    0.05502
   -0.04846
    0.10212
    0.04470
   -0.02768
   -0.05954
    0.05050
    0.00825
   -0.04436
   -0.01960
   -0.12563
    0.17501
    0.18825
   -0.06241
