IntronPotTab 1 1024 0.10645
    0.00621
   -0.00928
   -0.02853
    0.02115
    0.00816
   -0.01792
   -0.00482
    0.00846
    0.00094
   -0.01015
   -0.03300
    0.03074
   -0.00022
   -0.00193
   -0.00999
    0.01153
   -0.00065
    0.00109
   -0.00609
    0.00679
    0.01294
   -0.02680
    0.01149
   -0.00884
    0.00311
   -0.00122
   -0.02161
    0.01806
    0.00820
   -0.01575
    0.00309
    0.00132
    0.00520
   -0.00505
   -0.02632
    0.01817
    0.01221
   -0.03321
    0.01157
    0.00421
   -0.00402
   -0.01665
   -0.01914
    0.03010
    0.00854
   -0.01496
   -0.00933
    0.01234
    0.00711
   -0.01244
   -0.00406
    0.00267
    0.01333
   -0.02845
    0.00051
    0.00470
    0.00912
   -0.00960
   -0.03330
    0.02461
    0.00292
   -0.01647
   -0.00334
    0.01172
    0.00076
   -0.00283
   -0.02322
    0.02067
    0.01655
   -0.03373
    0.00287
    0.00300
    0.00109
   -0.02225
   -0.04337
    0.04018
   -0.00932
   -0.01598
   -0.00226
    0.01923
   -0.00375
   -0.00094
   -0.01114
    0.01638
    0.01134
   -0.02644
    0.01485
   -0.00515
    0.00514
   -0.02027
   -0.01425
    0.02028
    0.00965
   -0.01474
   -0.01033
    0.01401
    0.00692
   -0.02283
   -0.00996
    0.01627
    0.00792
   -0.03172
    0.00832
    0.00893
    0.00402
   -0.04021
   -0.01240
    0.03066
    0.00384
   -0.02785
    0.00669
    0.00978
    0.01792
   -0.01447
   -0.01152
    0.00408
    0.02238
   -0.03436
    0.01352
   -0.01017
    0.01153
   -0.02893
   -0.02990
    0.03238
    0.00877
   -0.02419
    0.00197
    0.01291
    0.00196
   -0.00283
   -0.02697
    0.02425
    0.00769
   -0.02736
   -0.00509
    0.01507
    0.01139
   -0.01028
   -0.03413
    0.02506
    0.00193
   -0.01543
   -0.01842
    0.02664
   -0.00346
    0.00005
   -0.02135
    0.02652
    0.01173
   -0.03624
    0.00328
    0.00830
    0.00041
   -0.01807
   -0.03086
    0.04106
    0.01237
   -0.01734
   -0.00662
    0.00972
    0.00829
   -0.01304
   -0.03374
    0.02621
    0.00890
   -0.04867
    0.01240
    0.01617
    0.01264
   -0.03625
   -0.02270
    0.03054
   -0.00204
   -0.01482
   -0.01394
    0.02377
    0.00281
   -0.01360
   -0.00177
    0.00930
    0.01593
   -0.03687
    0.00615
    0.00273
    0.00449
   -0.00801
   -0.02629
    0.02754
    0.00997
   -0.01411
   -0.00868
    0.01051
   -0.00153
   -0.00503
   -0.01634
    0.01646
    0.00414
   -0.02339
    0.00325
    0.01091
   -0.00104
   -0.01691
   -0.02344
    0.02981
    0.02525
   -0.02295
   -0.02179
    0.00396
   -0.01148
   -0.00546
    0.00193
    0.01589
    0.00629
   -0.02109
    0.00969
   -0.00024
    0.00776
   -0.01847
   -0.01748
    0.01816
   -0.00405
   -0.01248
    0.00380
    0.00861
    0.00152
   -0.01172
   -0.01607
    0.01864
    0.00681
   -0.04201
    0.01144
    0.01368
   -0.00465
   -0.02775
   -0.01772
    0.03598
    0.00094
   -0.02347
    0.00083
    0.01363
    0.01347
   -0.01543
    0.00055
    0.00174
    0.01298
   -0.02512
    0.00191
    0.00306
    0.00418
   -0.02210
   -0.02068
    0.02698
    0.00086
   -0.01000
   -0.00869
    0.01255
   -0.00129
   -0.00532
   -0.02392
    0.02479
    0.00900
   -0.01161
   -0.01032
    0.00683
   -0.00081
   -0.01171
   -0.02776
    0.03002
    0.00364
   -0.00869
   -0.00315
    0.00725
   -0.00781
    0.01255
   -0.01762
    0.01305
    0.00631
   -0.02702
    0.01548
   -0.00146
    0.00305
   -0.01592
   -0.03069
    0.03199
    0.00235
   -0.01312
    0.00400
    0.00344
    0.00569
   -0.00622
   -0.03375
    0.02273
    0.01111
   -0.03877
    0.01127
    0.01127
    0.00068
   -0.01995
   -0.02318
    0.02731
   -0.00467
   -0.01258
   -0.00969
    0.02018
    0.00267
   -0.00296
   -0.00451
    0.00263
    0.00819
   -0.02370
    0.00267
    0.00771
    0.00826
   -0.01137
   -0.02834
    0.02349
   -0.01146
   -0.00945
    0.00510
    0.00868
    0.00039
   -0.00720
   -0.02463
    0.02734
    0.00888
   -0.02898
   -0.00265
    0.01660
    0.00127
   -0.04042
   -0.03882
    0.04597
    0.00697
   -0.01992
   -0.00150
    0.01258
   -0.00640
   -0.00287
   -0.01587
    0.02333
    0.00461
    0.00400
    0.00517
   -0.01338
    0.00574
   -0.03508
   -0.01906
    0.03149
    0.02288
   -0.03030
   -0.01225
    0.01910
    0.00452
   -0.02816
   -0.01620
    0.02734
    0.00627
   -0.04343
    0.01209
    0.01928
    0.00085
   -0.05182
   -0.01747
    0.04084
    0.00846
   -0.02422
   -0.01323
    0.02133
    0.02627
   -0.02104
   -0.02465
    0.00868
    0.01832
   -0.04250
    0.01394
    0.00471
    0.02508
   -0.05302
   -0.03535
    0.03585
    0.01642
   -0.02096
   -0.00931
    0.01416
   -0.00520
    0.00127
   -0.03080
    0.03095
    0.00230
   -0.01353
   -0.01512
    0.02011
    0.00026
   -0.01925
   -0.02970
    0.04003
   -0.00425
   -0.00715
   -0.01602
    0.02332
   -0.00872
    0.00062
   -0.02357
    0.02981
    0.01425
   -0.03724
   -0.00167
    0.01217
    0.00295
   -0.00625
   -0.03210
    0.02723
    0.00302
   -0.01985
   -0.00747
    0.01930
    0.00702
   -0.01172
   -0.03252
    0.02515
    0.00369
   -0.04981
    0.02302
    0.01810
    0.00549
   -0.04028
   -0.01772
    0.03474
   -0.00541
   -0.01573
   -0.01464
    0.02719
    0.00211
   -0.00642
   -0.02475
    0.02339
    0.00227
   -0.01904
   -0.00828
    0.01899
    0.00502
   -0.01962
   -0.03322
    0.03768
   -0.00016
   -0.01080
   -0.01535
    0.01722
   -0.00509
   -0.00243
   -0.03035
    0.02775
    0.00195
   -0.02315
   -0.01223
    0.02280
   -0.00018
   -0.02431
   -0.02363
    0.03435
   -0.01100
   -0.01061
   -0.00214
    0.01633
   -0.01941
   -0.01656
    0.00143
    0.03252
    0.01023
   -0.03047
    0.01488
   -0.00133
   -0.00151
   -0.03031
   -0.01392
    0.03250
   -0.00318
   -0.00808
   -0.00279
    0.01138
   -0.00273
   -0.01183
   -0.02007
    0.02697
    0.00283
   -0.02954
    0.00226
    0.01666
   -0.00903
   -0.02938
   -0.01863
    0.03873
   -0.00665
   -0.01000
   -0.01872
    0.02468
   -0.00008
   -0.02099
   -0.00821
    0.02197
    0.01394
   -0.02628
    0.00764
    0.00150
    0.01188
   -0.03131
   -0.02993
    0.03256
    0.00009
   -0.01456
   -0.01036
    0.01840
    0.00218
   -0.00972
   -0.02752
    0.02522
    0.00428
   -0.01212
   -0.00666
    0.00803
    0.00770
   -0.01363
   -0.03237
    0.02509
    0.00131
    0.00051
   -0.01121
    0.00874
    0.00360
   -0.01366
   -0.00674
    0.01475
    0.01274
   -0.02986
    0.00606
   -0.00333
    0.00572
   -0.01099
   -0.02954
    0.02890
    0.00699
   -0.01215
    0.00001
    0.00274
    0.00583
   -0.00876
   -0.02805
    0.02415
    0.00930
   -0.03090
    0.00463
    0.00748
    0.00568
   -0.02417
   -0.04058
    0.03887
    0.00159
   -0.00808
   -0.01095
    0.01411
    0.00557
   -0.01077
   -0.00687
    0.00617
    0.01240
   -0.03656
    0.00789
    0.00500
    0.00616
   -0.00946
   -0.03052
    0.02786
    0.00177
   -0.01484
   -0.00109
    0.00950
    0.00214
   -0.00858
   -0.02518
    0.02529
    0.01241
   -0.03639
   -0.00227
    0.01342
   -0.00271
   -0.02629
   -0.05384
    0.04849
    0.00135
   -0.02153
   -0.00488
    0.01833
   -0.00306
   -0.00547
   -0.01410
    0.02117
    0.02346
   -0.03167
    0.00254
   -0.00799
    0.00666
   -0.02715
   -0.01661
    0.02473
    0.02007
   -0.02698
   -0.00306
    0.00944
    0.01261
   -0.02435
   -0.02711
    0.02238
    0.01349
   -0.04134
    0.00786
    0.00724
   -0.00419
   -0.03265
   -0.02844
    0.04293
   -0.00359
   -0.03027
   -0.00679
    0.02856
    0.01342
   -0.02050
   -0.02003
    0.02124
    0.02397
   -0.04937
    0.00352
    0.00855
    0.00948
   -0.03483
   -0.04088
    0.04646
    0.01533
   -0.02303
   -0.00286
    0.01179
    0.00610
   -0.01037
   -0.03259
    0.02875
    0.00847
   -0.03212
    0.00503
    0.01024
    0.01443
   -0.01936
   -0.04362
    0.03550
    0.00516
   -0.02445
   -0.00944
    0.02076
    0.00110
   -0.00848
   -0.01927
    0.02557
    0.01498
   -0.02888
   -0.00775
    0.00665
    0.00253
   -0.01143
   -0.04769
    0.04720
    0.00861
   -0.01076
   -0.01397
    0.01405
    0.01300
   -0.00383
   -0.04732
    0.02445
    0.01597
   -0.04388
   -0.00262
    0.01321
    0.01008
   -0.04544
   -0.00070
    0.02126
   -0.00052
   -0.00939
   -0.02356
    0.02603
    0.00579
   -0.01521
   -0.01169
    0.01569
    0.02006
   -0.04208
    0.00037
    0.00299
    0.00259
   -0.01813
   -0.02351
    0.03445
    0.00705
   -0.00847
   -0.00541
    0.00522
   -0.00097
   -0.00452
   -0.03747
    0.03229
    0.01084
   -0.03539
    0.00167
    0.01172
   -0.00206
   -0.02732
   -0.03283
    0.04232
   -0.01238
   -0.01078
    0.00262
    0.01351
   -0.01168
   -0.00572
   -0.00476
    0.02237
    0.00623
   -0.02144
    0.00940
    0.00053
    0.00365
   -0.01696
   -0.02230
    0.02502
   -0.00376
   -0.01771
    0.00841
    0.00796
    0.00361
   -0.00272
   -0.04464
    0.02930
    0.01364
   -0.05092
    0.00370
    0.01348
   -0.00894
   -0.03119
   -0.02189
    0.04048
   -0.00468
   -0.03623
    0.01182
    0.01299
    0.00079
   -0.01743
   -0.00234
    0.01435
    0.00834
   -0.03926
    0.00571
    0.01384
    0.00316
   -0.02420
   -0.02300
    0.03202
    0.00495
   -0.02022
   -0.00922
    0.01779
    0.00366
   -0.00562
   -0.03242
    0.02188
    0.00118
   -0.01207
   -0.00450
    0.01162
    0.00551
   -0.01048
   -0.02902
    0.02304
   -0.00972
    0.00028
   -0.01086
    0.01557
   -0.00224
    0.00086
   -0.01195
    0.01268
    0.00935
   -0.02385
    0.00723
   -0.00077
    0.00493
   -0.00974
   -0.02661
    0.02487
    0.00569
   -0.01201
   -0.00378
    0.00807
    0.00300
   -0.00076
   -0.02868
    0.01811
    0.01118
   -0.03222
    0.00010
    0.01392
    0.00971
   -0.01825
   -0.02625
    0.02083
    0.00129
   -0.01002
   -0.01663
    0.01909
   -0.01091
   -0.02914
   -0.03133
    0.03032
    0.00545
   -0.01578
    0.00022
    0.00678
    0.01096
   -0.01104
   -0.02466
    0.01782
   -0.01147
   -0.00848
   -0.00304
    0.01340
    0.00531
   -0.00718
   -0.01950
    0.01616
    0.00966
   -0.03039
    0.00213
    0.01224
   -0.00000
   -0.03272
   -0.03677
    0.03830
    0.00506
   -0.02142
   -0.00801
    0.01955
   -0.00022
   -0.00264
   -0.02336
    0.02268
    0.01194
   -0.01725
    0.00001
   -0.00108
    0.01696
   -0.03818
   -0.02272
    0.02354
    0.02507
   -0.01696
   -0.00660
    0.00299
    0.01079
   -0.02651
   -0.02602
    0.02443
    0.01027
   -0.04486
    0.01232
    0.01670
    0.00679
   -0.04486
   -0.02400
    0.03474
   -0.00063
   -0.02357
   -0.00435
    0.02064
    0.01875
   -0.01515
   -0.01930
    0.00930
    0.01940
   -0.03730
   -0.00718
    0.01430
    0.00688
   -0.04172
   -0.03687
    0.04436
    0.00855
   -0.01708
   -0.00998
    0.01695
    0.00271
   -0.00520
   -0.03790
    0.03032
    0.00223
   -0.01277
   -0.02084
    0.02154
    0.00890
   -0.01212
   -0.04042
    0.03158
   -0.00327
   -0.01042
   -0.02289
    0.02866
   -0.00632
    0.00985
   -0.03470
    0.02622
    0.00873
   -0.01943
   -0.01021
    0.01196
   -0.00212
   -0.00513
   -0.04028
    0.03504
    0.00439
   -0.01287
   -0.01143
    0.01594
    0.00383
   -0.01421
   -0.02918
    0.02878
    0.00609
   -0.04142
    0.02042
    0.01276
    0.01318
   -0.02863
   -0.02763
    0.02660
   -0.00514
   -0.01793
   -0.02346
    0.03324
    0.00222
   -0.00812
   -0.02084
    0.01908
    0.00669
   -0.02692
   -0.00087
    0.01451
   -0.00164
   -0.01901
   -0.03873
    0.04224
    0.00188
   -0.01145
   -0.01557
    0.01734
   -0.00589
   -0.00749
   -0.02408
    0.03262
    0.00250
   -0.02227
    0.00132
    0.01502
    0.00180
   -0.02560
   -0.02500
    0.03453
   -0.00620
   -0.00817
    0.00039
    0.00801
   -0.01453
    0.00041
   -0.01262
    0.02412
   -0.00043
   -0.01011
    0.00761
    0.00240
    0.00968
   -0.01884
   -0.02717
    0.02335
   -0.00547
   -0.00958
    0.00389
    0.00760
    0.00084
   -0.00765
   -0.02900
    0.02388
    0.00354
   -0.03298
    0.00738
    0.01515
    0.00126
   -0.03666
   -0.02077
    0.03437
   -0.00432
   -0.01276
   -0.01134
    0.01850
    0.01085
   -0.01697
   -0.01382
    0.01228
    0.01307
   -0.02259
   -0.00183
    0.00486
    0.01032
   -0.02616
   -0.03304
    0.03097
    0.00003
   -0.01301
   -0.01822
    0.02619
