IntronPotTab 1 1024 0.48687
    0.01122
   -0.01825
   -0.00235
   -0.00393
   -0.00255
   -0.01049
   -0.05738
    0.02490
   -0.01569
   -0.00731
   -0.02433
    0.03443
   -0.03673
   -0.01670
    0.01180
    0.02244
   -0.00199
   -0.02507
   -0.04899
    0.03758
   -0.01847
    0.02119
   -0.10410
    0.04311
    0.01880
   -0.01108
   -0.08519
    0.02884
   -0.02355
    0.01275
   -0.04408
    0.02832
    0.01517
   -0.02273
   -0.00901
   -0.00406
    0.00955
   -0.02605
   -0.04328
    0.01183
   -0.02286
   -0.00316
    0.00318
    0.02052
   -0.03419
   -0.01067
   -0.01291
    0.02751
   -0.00355
   -0.03458
   -0.01901
    0.02560
    0.00643
   -0.03780
   -0.05964
    0.03097
    0.02008
   -0.01192
   -0.08957
    0.02907
   -0.01855
   -0.01254
   -0.01162
    0.02389
    0.00000
   -0.03605
   -0.03695
    0.02799
    0.00590
   -0.07039
   -0.06181
    0.04080
    0.01039
   -0.05014
   -0.05953
    0.03761
   -0.07620
   -0.06121
   -0.02104
    0.05031
    0.00293
   -0.08904
   -0.05621
    0.05229
    0.01611
   -0.11042
   -0.13854
    0.04634
   -0.01089
   -0.02974
   -0.06733
    0.06346
   -0.04443
   -0.06625
   -0.08260
    0.06381
    0.02602
   -0.07177
   -0.05103
    0.01900
    0.00676
   -0.03419
   -0.06788
    0.02800
   -0.00166
   -0.01591
   -0.06768
    0.03129
   -0.04616
   -0.04966
   -0.04288
    0.05009
    0.04299
   -0.10041
   -0.07413
    0.00516
    0.00776
   -0.04959
   -0.05606
    0.03348
    0.02396
   -0.05462
   -0.10206
    0.04329
   -0.03892
   -0.07691
   -0.00423
    0.03830
    0.01781
   -0.06356
   -0.01828
    0.00320
    0.01315
   -0.08295
   -0.08105
    0.04289
    0.02218
   -0.05250
   -0.06907
    0.02970
   -0.01213
   -0.08290
   -0.01786
    0.04521
    0.03647
   -0.08584
   -0.09880
    0.01155
    0.00032
   -0.05209
   -0.10923
    0.04748
    0.02384
   -0.00148
   -0.13265
    0.02099
    0.00561
   -0.03553
   -0.07896
    0.05022
    0.04977
   -0.09689
   -0.07139
   -0.01378
    0.02048
   -0.04043
   -0.05370
    0.01268
    0.04630
   -0.07185
   -0.10195
   -0.00940
   -0.06299
   -0.00986
   -0.06731
    0.06404
    0.03254
   -0.07607
   -0.04175
   -0.01674
    0.00847
   -0.08541
   -0.04506
    0.04027
    0.02171
   -0.04539
   -0.11663
    0.03431
   -0.00605
   -0.05181
   -0.01153
    0.02716
   -0.03189
    0.01730
   -0.05443
    0.04166
    0.01518
   -0.04438
   -0.09015
    0.02495
   -0.01673
    0.01167
   -0.07236
    0.03497
   -0.03238
   -0.00727
   -0.08562
    0.03814
   -0.00944
   -0.04521
   -0.06517
    0.04848
   -0.00783
    0.00227
   -0.09530
    0.03559
    0.01466
   -0.00234
   -0.11836
    0.03191
   -0.02115
   -0.00561
   -0.05711
    0.03285
    0.00610
   -0.04819
   -0.03402
    0.01754
    0.01205
   -0.07622
   -0.05234
    0.02490
    0.00003
   -0.03500
   -0.04412
    0.02979
   -0.03739
   -0.03468
   -0.04855
    0.04122
   -0.00272
   -0.01994
   -0.03802
    0.02523
    0.01239
   -0.02348
   -0.09948
    0.02303
    0.02148
   -0.00046
   -0.12104
    0.02420
   -0.00826
    0.01213
   -0.04858
    0.02224
    0.01086
    0.00239
   -0.05622
    0.01324
   -0.01365
   -0.00364
   -0.10923
    0.03913
   -0.01330
   -0.03304
   -0.06620
    0.04991
   -0.03327
    0.00980
   -0.05099
    0.03491
   -0.00587
    0.03573
   -0.06092
    0.02657
   -0.01378
    0.02400
   -0.13281
    0.05186
   -0.01036
    0.06259
   -0.12277
    0.05067
   -0.05197
    0.03189
   -0.08208
    0.03725
    0.02401
    0.00860
   -0.05641
   -0.00548
    0.00360
   -0.00929
   -0.10227
    0.02198
   -0.03751
   -0.00415
    0.07917
   -0.00036
   -0.03338
    0.00719
   -0.05475
    0.02889
    0.01728
   -0.05683
   -0.07071
    0.02362
    0.01047
   -0.02684
   -0.13316
    0.03184
    0.03308
   -0.03115
   -0.11580
    0.02308
   -0.00681
   -0.00322
   -0.06596
    0.03362
    0.00402
   -0.00064
   -0.05276
    0.01935
   -0.01167
   -0.05777
   -0.08211
    0.06776
    0.01205
   -0.05440
   -0.07799
    0.04605
   -0.08698
   -0.01242
   -0.03755
    0.04496
    0.01056
   -0.04728
   -0.03226
    0.01520
   -0.05580
    0.00606
   -0.14732
    0.08769
    0.00026
   -0.00442
   -0.05774
    0.03402
   -0.07652
   -0.00536
   -0.04090
    0.04196
    0.00162
   -0.03936
   -0.02847
    0.02470
    0.01251
   -0.02517
   -0.05910
    0.01797
    0.00617
   -0.04868
   -0.04666
    0.02819
   -0.03319
   -0.03119
   -0.07435
    0.04807
    0.00958
   -0.03056
   -0.05996
    0.02620
    0.01212
   -0.06227
   -0.14954
    0.05951
    0.00735
   -0.02676
   -0.11618
    0.06336
   -0.02830
   -0.03707
   -0.06017
    0.04275
    0.04066
   -0.03432
   -0.08671
    0.00323
    0.00812
   -0.07916
   -0.14853
    0.06789
   -0.00140
   -0.07094
   -0.10194
    0.06942
    0.00503
   -0.03282
   -0.07151
    0.04303
    0.01959
   -0.02165
   -0.09756
    0.02088
   -0.00100
   -0.00370
   -0.12523
    0.03935
   -0.01360
    0.02139
   -0.09284
    0.04455
   -0.01577
    0.01639
   -0.12875
    0.05265
    0.05208
   -0.04891
   -0.10928
   -0.00542
    0.00074
   -0.01460
   -0.06228
    0.02655
   -0.01764
   -0.00179
   -0.04092
    0.02539
   -0.04508
    0.01570
   -0.09509
    0.06192
    0.01895
   -0.04593
   -0.05564
    0.01020
    0.02611
   -0.07885
   -0.17125
    0.05484
    0.01427
   -0.02889
   -0.13245
    0.04628
    0.01128
   -0.02951
   -0.05065
    0.02757
   -0.04346
    0.01601
   -0.10354
    0.05702
   -0.02552
   -0.00305
   -0.09927
    0.04828
   -0.01379
   -0.01080
   -0.07124
    0.04537
   -0.05940
   -0.00476
   -0.12076
    0.04582
   -0.01696
    0.00401
   -0.07667
    0.04396
   -0.04789
    0.13733
   -0.16101
    0.03578
    0.01198
    0.01509
   -0.09825
    0.01657
   -0.05212
    0.04928
   -0.08997
    0.02287
    0.00271
    0.01312
   -0.04050
    0.00716
    0.01475
   -0.01023
   -0.07332
    0.00496
   -0.04043
   -0.02529
    0.02528
    0.03229
   -0.04063
    0.01669
   -0.04874
    0.02854
    0.01799
   -0.04820
   -0.06758
    0.02440
   -0.01279
   -0.00516
   -0.12778
    0.04873
    0.02179
    0.00917
   -0.13148
    0.02895
   -0.02601
    0.01187
   -0.07455
    0.03507
    0.02099
   -0.00598
   -0.04410
   -0.00458
    0.02398
   -0.01646
   -0.06231
   -0.00303
    0.01919
   -0.00783
   -0.02904
   -0.01298
    0.00030
   -0.00926
   -0.01070
    0.01368
    0.01551
   -0.04294
   -0.02449
    0.00569
   -0.00741
   -0.01719
   -0.07247
    0.04503
    0.01900
   -0.01163
   -0.08264
    0.01594
   -0.00658
   -0.01496
   -0.04505
    0.03295
    0.02702
   -0.03460
   -0.00066
   -0.02705
    0.03038
   -0.04012
   -0.02159
   -0.01103
    0.00661
    0.00038
    0.01391
   -0.01650
   -0.02534
   -0.01948
   -0.01655
    0.02709
    0.02461
   -0.05521
   -0.04670
   -0.00022
    0.04195
   -0.08625
   -0.05328
   -0.00669
    0.03650
   -0.03842
   -0.08796
   -0.01584
    0.02170
   -0.00651
   -0.02145
    0.00039
    0.02228
   -0.01660
   -0.03952
   -0.00343
    0.02092
   -0.07384
   -0.04883
    0.03171
    0.03516
   -0.05860
   -0.03543
    0.02494
   -0.05054
   -0.03412
    0.00849
    0.03670
    0.01374
   -0.07761
   -0.05478
    0.02725
    0.00487
   -0.08542
   -0.08107
    0.04944
    0.01184
   -0.05396
   -0.05903
    0.03995
   -0.02371
   -0.03672
   -0.07166
    0.04879
    0.02402
   -0.05556
   -0.02318
    0.00515
    0.02365
   -0.04291
   -0.05951
    0.01786
    0.03108
   -0.04995
   -0.01170
    0.00276
   -0.01390
   -0.03485
    0.00478
    0.02022
    0.02666
   -0.06290
   -0.07134
    0.01337
    0.05354
   -0.14173
   -0.12612
    0.02729
    0.02089
   -0.05168
   -0.09370
    0.05127
    0.00704
   -0.02502
   -0.04694
    0.02981
    0.04520
   -0.09843
   -0.06010
   -0.01243
    0.03790
   -0.10676
   -0.08185
    0.03143
    0.03178
   -0.09280
   -0.07431
    0.05712
    0.02687
   -0.09267
   -0.02573
    0.03638
    0.05445
   -0.10123
   -0.07162
   -0.04091
    0.01079
   -0.05556
   -0.06812
    0.02252
    0.02134
   -0.00239
   -0.11980
    0.02510
    0.01694
   -0.03193
   -0.06785
    0.04071
    0.05177
   -0.14059
    0.00529
   -0.07072
    0.01409
   -0.04853
    0.00988
    0.00256
    0.02272
   -0.05665
   -0.02813
    0.00802
   -0.05667
   -0.03783
   -0.04126
    0.05478
    0.02938
   -0.07870
   -0.02305
   -0.03543
    0.06775
   -0.13164
   -0.12016
   -0.02144
    0.04685
   -0.03419
   -0.15895
    0.02288
    0.03420
   -0.02473
   -0.04174
    0.00626
    0.02012
    0.00253
   -0.14580
    0.01954
    0.02693
   -0.05769
   -0.07777
    0.01569
    0.00234
    0.00248
   -0.03349
    0.01231
   -0.01403
   -0.01518
   -0.08436
    0.03819
    0.00975
   -0.03085
   -0.03630
    0.01471
    0.01717
   -0.02261
   -0.10899
    0.01244
    0.02985
   -0.00431
   -0.11196
   -0.00835
    0.00131
   -0.00602
   -0.04158
    0.01865
    0.02135
   -0.01473
   -0.04385
   -0.00758
    0.02548
   -0.06138
   -0.03176
    0.00612
    0.00973
   -0.02477
   -0.00254
    0.00217
   -0.02251
   -0.02204
    0.00581
    0.01743
    0.01070
   -0.02472
   -0.04838
    0.01634
    0.03859
   -0.07271
   -0.09365
   -0.01069
    0.03673
    0.00971
   -0.10844
   -0.02355
    0.00404
    0.01848
   -0.05295
    0.01214
   -0.01471
    0.02663
   -0.04442
    0.02163
   -0.01491
    0.03168
   -0.07727
    0.01396
    0.00594
    0.02344
   -0.02905
   -0.00494
   -0.02226
    0.01657
   -0.02665
    0.01882
   -0.00126
   -0.02304
   -0.05645
    0.03832
   -0.03286
   -0.00401
   -0.11807
    0.06404
   -0.01193
    0.03450
   -0.06947
    0.04079
   -0.01134
    0.01498
   -0.07226
    0.02706
   -0.00090
    0.02167
   -0.03909
    0.01041
    0.00440
   -0.00595
   -0.07577
    0.01670
   -0.02595
    0.02820
   -0.01392
    0.01563
   -0.03658
    0.01465
   -0.05236
    0.02904
   -0.00060
   -0.02636
   -0.06832
    0.03128
    0.01848
   -0.01668
   -0.08697
    0.01532
    0.01733
    0.00387
   -0.10626
    0.03916
    0.00103
    0.00598
   -0.04033
    0.01819
   -0.02156
    0.01129
   -0.04621
    0.02955
   -0.01886
   -0.02044
   -0.09728
    0.04761
   -0.00537
   -0.03554
   -0.05368
    0.04836
   -0.06958
   -0.00877
   -0.01196
    0.03097
    0.00891
   -0.06031
   -0.11256
    0.05240
   -0.01370
   -0.05697
   -0.20645
    0.06828
   -0.01561
   -0.02334
   -0.05776
    0.05006
   -0.01972
   -0.00102
   -0.12209
    0.04959
    0.00515
   -0.01027
   -0.02971
    0.01548
   -0.00060
   -0.00636
   -0.10528
    0.02848
    0.00011
   -0.01159
   -0.05351
    0.02553
   -0.04976
   -0.02334
   -0.07559
    0.06002
    0.02647
   -0.05292
   -0.08279
    0.02419
    0.00473
   -0.05808
   -0.12222
    0.04970
    0.00567
   -0.02460
   -0.09666
    0.05803
   -0.00769
   -0.01813
   -0.03161
    0.02782
    0.01750
    0.00130
   -0.08026
    0.01343
    0.00413
   -0.00287
   -0.09123
    0.02353
    0.01017
    0.00158
   -0.07396
    0.02238
    0.00212
   -0.02135
   -0.04171
    0.03133
    0.02474
   -0.03790
   -0.10660
    0.02279
   -0.00165
   -0.03976
   -0.14434
    0.05163
   -0.00104
    0.01569
   -0.12639
    0.04544
    0.00598
    0.01460
   -0.11107
    0.04527
    0.04690
   -0.05073
   -0.08289
    0.00035
    0.00803
   -0.01845
   -0.04833
    0.01843
    0.02278
   -0.04869
   -0.13649
    0.02553
   -0.03976
   -0.01205
   -0.06796
    0.05254
    0.01478
   -0.04767
   -0.07697
    0.02495
    0.01686
   -0.05369
   -0.11051
    0.04000
    0.00982
   -0.01344
   -0.14990
    0.04945
    0.00127
   -0.00892
   -0.04477
    0.02942
   -0.04157
    0.02956
   -0.05923
    0.03982
   -0.00852
    0.00189
   -0.12210
    0.03509
   -0.01925
    0.01168
   -0.05219
    0.03392
   -0.03391
    0.01060
   -0.06986
    0.02875
   -0.00741
   -0.00046
   -0.07537
    0.03505
   -0.01838
    0.03794
   -0.09822
    0.02528
    0.00311
    0.02298
   -0.12868
    0.03506
   -0.02994
    0.03357
   -0.04858
    0.01103
    0.00691
   -0.00417
   -0.04501
    0.01019
    0.00277
   -0.00371
   -0.08501
    0.01585
   -0.00360
   -0.01194
   -0.01484
    0.01388
   -0.04454
    0.00232
   -0.04174
    0.03213
   -0.00904
    0.01720
   -0.07673
    0.02501
   -0.00086
    0.01556
   -0.08888
    0.01775
   -0.00872
    0.04378
   -0.10726
    0.03599
   -0.02375
    0.02350
   -0.04543
    0.02081
