IntronPotTab 1 1024 -30.16423 0.84076 20.83527 171777 6 16  161.46
    0.00907
   -0.00975
   -0.06672
    0.04126
    0.04992
   -0.05783
   -0.05010
   -0.00628
    0.06387
   -0.03923
   -0.09185
    0.01792
    0.08051
   -0.07901
   -0.02800
   -0.01208
    0.02234
    0.01771
   -0.11976
    0.02398
    0.03258
    0.01401
   -0.04246
   -0.02929
    0.05356
   -0.03554
   -0.09279
    0.00337
    0.08835
   -0.05225
   -0.03251
   -0.02167
    0.03699
   -0.11201
   -0.00312
   -0.00940
    0.06289
   -0.05998
   -0.02512
   -0.04470
    0.06841
   -0.07957
    0.11663
   -0.25068
    0.08527
   -0.11711
   -0.00917
   -0.01494
    0.00731
   -0.03872
   -0.02763
    0.02751
    0.05003
   -0.04920
   -0.04867
    0.00076
    0.06984
   -0.05291
   -0.09999
    0.01740
    0.06481
   -0.06277
   -0.02534
    0.01063
   -0.00303
    0.04722
   -0.14973
    0.03808
    0.07267
   -0.17410
   -0.12573
   -0.09407
    0.05715
   -0.00697
   -0.21463
    0.08417
    0.11874
   -0.06656
   -0.08182
    0.01125
   -0.04520
    0.05324
   -0.22069
    0.08319
   -0.02092
    0.06681
   -0.11588
    0.00343
    0.01418
   -0.00310
   -0.18417
    0.07474
    0.10078
    0.02086
   -0.10671
   -0.00769
   -0.02863
   -0.00755
   -0.10581
    0.08133
    0.07529
   -0.08298
   -0.03018
   -0.05115
   -0.00119
   -0.00215
   -0.01571
    0.01598
    0.02704
   -0.05634
   -0.01982
    0.04149
    0.01518
    0.03430
   -0.15724
   -0.00024
    0.04896
   -0.04956
   -0.08377
    0.03711
    0.07299
   -0.00251
   -0.19928
    0.04169
    0.11007
   -0.04421
   -0.06394
    0.01823
   -0.01193
   -0.08505
    0.02644
    0.02657
    0.04041
   -0.08736
   -0.02090
    0.01895
    0.11169
   -0.23494
   -0.13787
   -0.09489
    0.08456
   -0.12246
   -0.01191
    0.01026
   -0.03936
   -0.04203
    0.03801
    0.01563
    0.01878
   -0.01676
   -0.02498
    0.00617
    0.04124
   -0.06800
   -0.04355
    0.04345
   -0.00258
   -0.04376
   -0.00249
    0.03822
   -0.03657
   -0.16383
    0.07268
   -0.01483
    0.04838
   -0.08337
   -0.00697
    0.00074
    0.02581
   -0.20147
    0.10863
   -0.11596
   -0.05559
   -0.08845
    0.03743
    0.06077
   -0.10109
   -0.21293
    0.11824
   -0.08206
    0.03018
   -0.09602
    0.01282
    0.01460
    0.02748
   -0.10369
   -0.01289
    0.06700
    0.07504
   -0.14207
    0.02705
    0.01101
   -0.04363
   -0.02123
   -0.10797
    0.07484
    0.03858
   -0.08535
   -0.05769
    0.03600
    0.01756
   -0.06129
   -0.16083
    0.10915
    0.07472
   -0.16848
   -0.08536
   -0.06378
   -0.12012
   -0.04794
   -0.25614
    0.10699
   -0.02209
    0.02117
   -0.11193
    0.05273
   -0.04601
   -0.07666
   -0.12423
    0.11944
   -0.00413
    0.00352
   -0.06401
    0.03828
   -0.11303
   -0.11345
   -0.13074
    0.10739
   -0.01155
   -0.03086
   -0.02391
    0.04411
   -0.02803
   -0.08442
   -0.01925
    0.10244
    0.02407
   -0.14014
    0.01491
    0.03926
   -0.02650
   -0.07085
   -0.10730
    0.07597
    0.00792
   -0.04818
   -0.06214
    0.05548
    0.03588
   -0.06525
   -0.10247
    0.06687
    0.06010
   -0.04033
   -0.03650
    0.01377
    0.00931
    0.03195
   -0.13655
    0.06149
    0.05069
   -0.03853
   -0.09778
    0.00820
    0.04383
   -0.00240
   -0.13426
    0.05502
    0.09409
   -0.01829
   -0.08516
    0.00665
   -0.11896
    0.11677
   -0.27074
   -0.06571
    0.05716
    0.03568
   -0.08904
   -0.07569
   -0.00765
    0.08246
   -0.13372
   -0.02448
    0.05727
    0.03267
   -0.07691
   -0.01690
    0.01765
   -0.03685
   -0.00879
    0.00848
    0.08213
   -0.08175
   -0.09363
   -0.07792
    0.07153
   -0.00651
    0.07858
   -0.20643
    0.12533
   -0.11208
   -0.06105
   -0.01992
    0.01407
   -0.01708
   -0.12346
    0.05389
    0.09032
   -0.09720
   -0.11089
   -0.08015
    0.07090
   -0.04128
   -0.11308
    0.03886
    0.08181
   -0.01598
   -0.08558
    0.01980
   -0.00336
    0.03888
   -0.17991
    0.08994
   -0.03827
    0.06618
   -0.12188
    0.03373
    0.00623
    0.02922
   -0.18823
    0.09459
    0.03511
    0.03737
   -0.11286
    0.01513
   -0.01850
    0.07959
   -0.27470
    0.07570
   -0.22182
    0.08728
   -0.27009
   -0.02592
   -0.07296
    0.07820
   -0.18415
    0.06285
   -0.08656
    0.09591
   -0.19867
   -0.00377
   -0.00105
   -0.00573
   -0.12589
    0.09219
   -0.01307
    0.03129
   -0.08583
    0.02900
   -0.03208
    0.01928
   -0.02395
    0.03405
   -0.01222
   -0.01522
   -0.03307
    0.05105
    0.00293
    0.01442
   -0.15770
    0.07093
   -0.11764
    0.09158
   -0.23642
    0.01659
    0.00710
    0.02804
   -0.18682
    0.07271
    0.03809
    0.02447
   -0.12606
    0.03356
    0.01422
   -0.01691
   -0.11251
    0.10139
   -0.02096
   -0.08178
    0.03151
    0.03645
    0.05183
   -0.04476
   -0.09918
    0.08174
    0.05030
   -0.10314
    0.00455
    0.02421
   -0.04037
    0.09920
   -0.17053
    0.03854
   -0.00472
    0.05025
   -0.04931
    0.00492
   -0.12483
    0.11353
   -0.19078
    0.02503
    0.01959
    0.01764
   -0.03967
    0.01067
    0.00950
   -0.04355
   -0.03611
    0.05163
    0.03388
   -0.04602
   -0.01797
    0.00871
   -0.02702
   -0.07406
    0.08219
   -0.02528
   -0.09532
   -0.06173
    0.03339
    0.07560
   -0.01081
   -0.07024
   -0.05595
    0.09730
    0.02455
   -0.09182
    0.03156
   -0.01137
   -0.02473
   -0.05916
   -0.13695
    0.12901
    0.04448
   -0.06146
   -0.01702
    0.03786
   -0.03943
    0.02168
   -0.12821
    0.08080
   -0.10593
   -0.07379
   -0.20330
    0.10934
   -0.02424
   -0.12356
   -0.06229
    0.20491
    0.00139
   -0.00889
   -0.06340
    0.04675
   -0.08412
    0.08783
   -0.24747
    0.09015
   -0.22969
    0.07828
   -0.26457
    0.09090
   -0.05903
    0.04718
   -0.17702
    0.09418
   -0.18273
    0.12195
   -0.24365
   -0.09993
   -0.04146
   -0.00154
   -0.10391
    0.08976
   -0.10316
   -0.03436
   -0.14088
    0.10535
   -0.06051
   -0.01348
   -0.03189
    0.09420
   -0.00152
   -0.04173
   -0.02838
    0.05302
   -0.01005
    0.01046
   -0.17262
    0.07463
   -0.10442
    0.00039
   -0.16366
    0.10446
   -0.01878
   -0.00846
   -0.14936
    0.10098
    0.00485
    0.02829
   -0.08702
    0.03362
   -0.00080
   -0.03187
   -0.02601
    0.04613
    0.04569
   -0.07760
   -0.01269
   -0.01541
    0.07745
   -0.11782
   -0.08545
    0.00595
    0.08217
   -0.08599
   -0.01784
   -0.00636
    0.00407
    0.01531
   -0.03975
    0.01187
    0.02734
   -0.01962
   -0.00013
   -0.01889
    0.06997
   -0.08330
   -0.09426
   -0.02541
    0.07472
   -0.03833
   -0.01036
   -0.02518
   -0.11094
   -0.22568
    0.12146
   -0.11357
    0.03503
   -0.06435
    0.03941
   -0.04809
    0.04434
   -0.17082
    0.10140
   -0.22249
    0.07343
   -0.13103
    0.03844
   -0.03987
    0.02549
   -0.07234
   -0.01335
    0.02087
    0.06707
   -0.08957
   -0.03109
   -0.00682
    0.10479
   -0.16426
   -0.11185
   -0.07595
    0.07787
   -0.06831
   -0.00198
   -0.00192
   -0.00094
    0.00084
   -0.09806
    0.07418
    0.03869
   -0.05610
   -0.03833
    0.01349
   -0.06288
    0.03954
   -0.22392
    0.11815
    0.09863
   -0.04642
   -0.05801
    0.03206
   -0.01577
    0.00284
   -0.14676
    0.08204
   -0.07296
    0.08086
   -0.10447
    0.02618
   -0.02991
   -0.00438
   -0.13011
    0.08794
    0.04832
   -0.00026
   -0.07239
    0.02354
   -0.01373
   -0.05600
    0.00554
    0.05579
   -0.04695
   -0.10354
    0.14579
   -0.07891
   -0.03662
   -0.05709
    0.04463
    0.05840
   -0.02285
   -0.12588
    0.07797
   -0.01458
    0.08292
    0.05277
   -0.24788
    0.09789
    0.01804
   -0.04314
   -0.08070
    0.06246
   -0.00066
    0.04568
   -0.19803
    0.02808
    0.08461
   -0.06003
   -0.04203
    0.04533
    0.01069
   -0.09041
   -0.00394
    0.04687
    0.04086
   -0.10932
   -0.00384
    0.00906
    0.01400
   -0.21053
    0.05834
   -0.03754
    0.06594
   -0.16472
    0.02171
    0.00935
   -0.00961
   -0.03236
   -0.02512
    0.05573
    0.01937
   -0.01960
   -0.03904
    0.01478
    0.01615
   -0.07646
    0.00155
    0.04298
    0.03871
   -0.07545
    0.01897
    0.00037
   -0.03601
   -0.17305
    0.08340
   -0.02339
    0.00781
   -0.09282
    0.05201
   -0.00913
   -0.07150
   -0.23921
    0.08603
   -0.13511
   -0.04721
   -0.17004
    0.08109
    0.02143
   -0.08931
   -0.11969
    0.08811
    0.03671
    0.01428
   -0.09474
   -0.01028
    0.04946
   -0.01267
   -0.13544
    0.07061
    0.02136
    0.02177
   -0.12403
    0.02543
    0.03262
   -0.01101
    0.00769
   -0.12450
    0.07362
    0.01667
   -0.07681
   -0.07553
    0.07772
   -0.13256
   -0.13699
   -0.25488
    0.14493
    0.04077
   -0.10105
    0.00296
    0.02671
   -0.06628
   -0.02056
   -0.17420
    0.11314
   -0.07310
    0.01347
   -0.07189
    0.07752
   -0.12147
   -0.09468
   -0.13905
    0.14577
   -0.03279
   -0.00666
   -0.02773
    0.04133
   -0.04793
   -0.08889
   -0.03389
    0.08955
   -0.06663
   -0.08052
    0.08050
    0.03650
   -0.11352
   -0.13597
   -0.01446
    0.13953
   -0.09354
   -0.28476
    0.09219
   -0.10881
   -0.01841
   -0.03897
   -0.11693
    0.08525
   -0.03345
   -0.05595
   -0.05221
    0.08239
   -0.05956
   -0.09861
   -0.11074
    0.11419
    0.03032
   -0.05655
   -0.01107
    0.03441
    0.00255
   -0.00528
   -0.11592
    0.05881
    0.02533
   -0.03245
   -0.04351
    0.01580
    0.04481
   -0.04102
   -0.14606
    0.07268
    0.04385
   -0.04113
   -0.02614
   -0.01234
   -0.02004
    0.04970
   -0.16296
    0.04724
    0.05768
    0.02083
   -0.09552
   -0.03513
    0.00311
   -0.01003
   -0.10165
    0.05166
    0.05594
   -0.06346
   -0.04875
   -0.03398
    0.05605
   -0.12020
   -0.01176
    0.00512
    0.08585
   -0.04737
   -0.02836
   -0.09303
    0.09186
   -0.07131
    0.00738
   -0.09515
    0.10020
   -0.19395
   -0.09927
   -0.08668
   -0.09378
   -0.12709
   -0.19672
    0.05332
    0.03987
   -0.05368
   -0.06630
    0.01779
    0.01437
   -0.04448
   -0.13309
    0.07229
    0.03447
   -0.03609
   -0.02738
    0.00831
   -0.00322
    0.00542
   -0.17239
    0.09632
   -0.01408
    0.02780
   -0.09786
    0.05210
    0.00807
    0.01308
   -0.25097
    0.13767
   -0.01407
    0.05762
   -0.13137
   -0.02345
   -0.01154
    0.03648
   -0.26891
    0.10468
   -0.14430
    0.09368
   -0.23601
    0.06001
   -0.02462
    0.01124
   -0.18665
    0.09835
   -0.04118
    0.08236
   -0.19043
   -0.02605
   -0.00678
   -0.06348
   -0.09997
    0.09054
   -0.02948
    0.00905
   -0.07178
    0.06136
   -0.03852
   -0.02081
   -0.05941
    0.08599
   -0.03466
    0.01970
   -0.05871
    0.03810
    0.06666
   -0.00682
   -0.25804
    0.09922
   -0.17259
   -0.11841
   -0.28803
    0.13664
    0.04038
   -0.03817
   -0.21654
    0.11561
    0.01999
    0.02936
   -0.12010
    0.01855
    0.01112
   -0.06500
   -0.10477
    0.10736
   -0.00630
   -0.07594
    0.01321
    0.04724
    0.04391
   -0.08353
   -0.08483
    0.09461
    0.01156
   -0.15112
    0.04279
   -0.02299
   -0.02184
   -0.01731
   -0.10434
    0.08714
   -0.02975
    0.00104
   -0.03680
    0.05448
   -0.06494
   -0.06882
   -0.09422
    0.14253
   -0.00273
   -0.07196
    0.03072
    0.00605
    0.01340
   -0.09735
   -0.04997
    0.07806
    0.00733
   -0.04391
    0.00392
    0.02006
   -0.01397
   -0.11834
    0.05098
    0.03633
   -0.03252
   -0.17811
    0.06297
    0.01888
   -0.03504
   -0.07684
   -0.06137
    0.09979
   -0.00937
   -0.03989
   -0.03913
    0.07017
   -0.15842
   -0.18794
   -0.23319
    0.13438
    0.02580
   -0.10426
    0.01390
    0.03188
   -0.02039
    0.00646
   -0.08697
    0.05877
   -0.00290
   -0.05913
   -0.08368
    0.07905
    0.01033
   -0.03612
   -0.21158
    0.13356
    0.01578
   -0.03666
   -0.02413
    0.02559
   -0.03832
    0.02824
   -0.19723
    0.08860
   -0.08798
    0.05594
   -0.13916
    0.07291
   -0.03909
   -0.02414
   -0.12597
    0.10599
   -0.02170
    0.00051
   -0.11096
    0.04744
   -0.03075
   -0.06201
   -0.07171
    0.08977
   -0.04558
   -0.01008
   -0.03586
    0.06396
   -0.05283
   -0.05924
   -0.00011
    0.09266
    0.00550
   -0.09845
   -0.02424
    0.05747
   -0.00161
   -0.02221
   -0.13042
    0.06378
   -0.04077
    0.00089
   -0.09093
    0.06723
   -0.00953
   -0.04482
   -0.10152
    0.09313
    0.03347
   -0.02917
   -0.03507
    0.02919
