IntronPotTab 1 1024 -14.84780 0.93241 32.62136 57678 6 16  190.94
    0.04585
   -0.06967
   -0.02747
   -0.10312
   -0.01081
    0.04837
    0.02775
   -0.06046
    0.02497
    0.00494
    0.00996
   -0.06410
    0.01629
   -0.05507
    0.06352
   -0.06371
   -0.05157
    0.11095
   -0.07687
    0.02769
   -0.05225
   -0.01585
    0.17125
   -0.07608
   -0.06829
    0.07709
   -0.02259
    0.02491
   -0.01051
   -0.00641
    0.04505
   -0.03019
   -0.03594
   -0.01632
    0.08054
   -0.01778
   -0.02991
   -0.02415
    0.10961
   -0.09035
   -0.02197
   -0.02458
    0.08245
   -0.09419
   -0.08273
   -0.02994
    0.10930
   -0.05381
   -0.01544
    0.02538
   -0.00002
    0.00575
   -0.02681
    0.03174
    0.01622
   -0.01398
   -0.04679
    0.05238
   -0.00805
    0.01534
   -0.01464
   -0.00573
    0.04283
   -0.00988
   -0.03094
    0.11186
   -0.07055
   -0.00444
    0.02691
    0.02781
   -0.02814
   -0.06363
    0.00064
    0.03555
   -0.04553
    0.01119
    0.05170
   -0.05093
    0.04181
   -0.07256
   -0.07525
    0.13542
   -0.17252
    0.01436
   -0.02052
    0.06091
   -0.06035
   -0.02916
   -0.12268
    0.09567
   -0.03332
   -0.00867
   -0.00642
    0.05928
   -0.01331
   -0.04300
   -0.03845
    0.03614
    0.03349
   -0.00703
    0.01749
   -0.00377
    0.00989
   -0.03819
   -0.03013
    0.05989
   -0.00102
   -0.02056
   -0.03310
   -0.01072
    0.06166
   -0.03787
   -0.00548
    0.01761
   -0.01497
   -0.00837
    0.03725
    0.02610
   -0.07645
   -0.01852
   -0.04589
    0.06478
   -0.08209
    0.01464
    0.00166
    0.05017
   -0.03863
   -0.02071
    0.02089
    0.00461
   -0.02123
   -0.01532
    0.01747
   -0.00793
   -0.00438
   -0.02245
    0.06597
   -0.04592
   -0.01870
   -0.04192
   -0.02196
   -0.06538
    0.04063
    0.00598
   -0.06786
    0.07789
   -0.01721
    0.02448
   -0.03494
    0.02679
    0.04597
   -0.02080
   -0.06505
    0.00020
    0.05859
   -0.00612
    0.01967
   -0.02312
    0.00789
   -0.00419
   -0.01353
   -0.04460
    0.05232
   -0.04406
    0.01573
   -0.05476
    0.04798
   -0.05356
    0.03156
   -0.05482
    0.00632
   -0.03573
   -0.17959
   -0.01355
    0.05540
    0.08561
   -0.03634
   -0.02231
    0.06080
   -0.00004
    0.01348
   -0.00611
   -0.03675
    0.02560
   -0.06787
    0.02567
   -0.02457
    0.06875
   -0.01702
   -0.03207
    0.04666
   -0.00914
   -0.03202
    0.04376
    0.05291
   -0.00836
    0.03571
    0.00735
   -0.00543
   -0.07944
    0.00193
    0.01742
    0.02499
   -0.04807
    0.08206
   -0.13451
    0.06572
   -0.14174
   -0.12073
    0.14703
   -0.07979
    0.00988
   -0.04939
    0.10498
   -0.03325
   -0.04307
   -0.08742
    0.12138
   -0.02927
   -0.01616
   -0.02298
    0.06770
   -0.00220
   -0.03837
   -0.05563
    0.02718
    0.08540
   -0.02097
   -0.00204
    0.02777
    0.05028
   -0.07390
   -0.05369
    0.00779
    0.04186
    0.01401
    0.01475
   -0.07391
    0.09061
   -0.09239
   -0.06746
    0.06275
    0.04096
    0.00599
   -0.02276
    0.08523
   -0.02896
   -0.04104
   -0.04913
    0.07195
   -0.03192
    0.00031
   -0.01221
    0.00240
    0.00278
    0.00309
   -0.03046
    0.09485
   -0.02244
   -0.00189
   -0.02230
    0.10051
   -0.02412
   -0.04336
   -0.04024
    0.07491
   -0.02735
   -0.00231
   -0.02496
    0.05833
    0.02150
   -0.02636
   -0.12872
    0.14494
   -0.16826
    0.03696
   -0.06486
    0.06486
    0.06176
   -0.04566
   -0.08428
    0.07194
   -0.07666
    0.03436
   -0.07174
    0.05086
   -0.01363
    0.00327
   -0.09818
    0.09166
    0.06570
   -0.00171
   -0.03128
    0.00271
    0.09313
   -0.05869
   -0.02161
    0.05070
    0.09442
   -0.17137
   -0.10472
    0.02005
    0.07513
   -0.01821
   -0.14364
    0.07225
   -0.08745
    0.07129
   -0.05842
    0.03760
   -0.00620
    0.02647
   -0.09702
    0.06315
   -0.09309
    0.05930
   -0.09292
    0.02716
   -0.01535
    0.02338
   -0.05105
    0.10007
   -0.10325
    0.05840
   -0.00158
    0.03175
   -0.03866
   -0.00488
   -0.04351
    0.03695
   -0.05947
    0.05988
   -0.07076
   -0.01371
    0.01103
    0.03468
   -0.11010
    0.09309
   -0.19090
    0.07330
   -0.05344
    0.04988
   -0.09950
    0.00581
   -0.07726
    0.02754
   -0.11219
    0.07570
   -0.10974
    0.09348
   -0.12099
   -0.00905
   -0.06755
    0.02759
    0.00647
    0.04277
   -0.04680
   -0.00868
   -0.02308
    0.05699
    0.07855
   -0.04139
    0.01544
   -0.08574
   -0.06834
    0.00017
    0.03608
    0.00374
   -0.09089
    0.07420
   -0.07991
    0.02376
   -0.05847
    0.05541
   -0.10965
   -0.00108
   -0.05446
    0.04616
   -0.13886
    0.07181
   -0.10057
    0.02288
   -0.08744
    0.04267
   -0.03232
    0.06436
   -0.04682
    0.04291
   -0.01541
    0.05811
   -0.00958
   -0.02691
    0.00536
    0.00026
   -0.02598
    0.03073
   -0.03122
    0.02286
    0.00414
    0.00279
   -0.09884
    0.09547
   -0.11578
    0.07440
   -0.03517
    0.04271
   -0.03061
    0.01052
   -0.05857
    0.01351
   -0.04280
    0.05917
   -0.00554
    0.00584
   -0.08994
    0.05592
   -0.10395
   -0.00044
   -0.00030
    0.12406
   -0.00707
   -0.00259
    0.04143
   -0.04869
    0.02315
   -0.03103
   -0.01580
    0.02461
   -0.10375
   -0.00581
    0.06434
   -0.01751
   -0.10410
    0.01402
   -0.02239
    0.08276
   -0.05151
    0.02156
   -0.02809
    0.04677
   -0.05481
    0.03603
   -0.08815
    0.07225
   -0.03862
    0.01432
   -0.00300
    0.01018
   -0.11468
    0.14952
   -0.03457
    0.02750
    0.00856
    0.08570
   -0.03537
   -0.07584
   -0.05033
    0.05148
   -0.04337
    0.02420
   -0.00324
    0.02326
    0.02098
   -0.02774
   -0.17127
    0.17919
   -0.16616
    0.02215
   -0.10814
    0.17085
   -0.13217
   -0.08648
   -0.06540
    0.09286
   -0.07988
    0.00464
   -0.06618
    0.09846
   -0.05894
   -0.03299
   -0.11716
    0.13972
    0.01544
    0.00579
   -0.01275
    0.06317
    0.00213
   -0.03877
   -0.01592
    0.05800
    0.01702
   -0.05530
   -0.06369
    0.03486
    0.08459
   -0.06454
   -0.11618
    0.10669
   -0.00915
    0.02038
   -0.05662
    0.08158
   -0.05895
   -0.02097
   -0.06397
    0.08815
   -0.11094
    0.04481
   -0.09487
    0.06116
   -0.05508
    0.01911
   -0.01006
    0.02821
    0.06324
   -0.05831
   -0.03526
    0.07059
    0.02724
   -0.03857
   -0.08490
    0.06348
    0.04412
    0.00089
    0.03429
   -0.03714
    0.08108
   -0.11014
   -0.07361
    0.10034
    0.01897
   -0.02014
   -0.06957
    0.05876
    0.09443
   -0.06012
   -0.10546
    0.05832
    0.04340
    0.02593
   -0.02203
    0.01835
    0.06575
   -0.05880
   -0.08950
   -0.01793
    0.13815
   -0.05493
   -0.04988
   -0.02391
    0.15381
   -0.11299
   -0.08968
    0.00941
    0.13340
   -0.14274
   -0.05222
   -0.03074
    0.13223
   -0.10689
   -0.07991
    0.10010
    0.06817
   -0.02031
   -0.03178
    0.00330
    0.05980
   -0.02173
   -0.10854
    0.05829
    0.06822
   -0.00403
   -0.03412
    0.01781
    0.07368
   -0.03388
   -0.03216
    0.06594
   -0.02390
    0.01037
    0.02082
    0.03415
   -0.01722
   -0.06424
   -0.02135
    0.04089
   -0.05630
    0.03268
    0.00711
   -0.02484
    0.05750
   -0.05065
   -0.06767
    0.09901
   -0.07772
    0.01071
   -0.02503
    0.05818
   -0.07278
   -0.01279
   -0.05792
    0.07155
   -0.06902
   -0.02188
    0.01965
    0.02469
   -0.00267
   -0.03217
   -0.06136
    0.02143
    0.03993
    0.03496
    0.00148
   -0.00815
    0.02292
   -0.02160
   -0.06591
    0.06112
   -0.01654
    0.01438
   -0.03619
   -0.01977
    0.06711
   -0.03171
   -0.02700
    0.05533
   -0.00585
   -0.03350
    0.03438
    0.01149
   -0.05357
   -0.01491
   -0.01870
    0.04661
   -0.06930
    0.00238
   -0.00774
    0.02467
   -0.01978
   -0.01091
   -0.00477
   -0.01902
    0.01768
   -0.00719
   -0.00898
    0.02313
    0.01365
   -0.02929
   -0.01233
   -0.02182
    0.02328
   -0.01819
   -0.01736
   -0.07510
    0.06805
   -0.04749
   -0.05684
    0.04920
    0.01190
    0.00207
   -0.02627
    0.04214
    0.01852
   -0.02757
   -0.02054
    0.01799
   -0.00112
    0.00556
   -0.00672
    0.02634
    0.00682
   -0.02385
   -0.05330
   -0.05805
    0.08684
   -0.04540
   -0.00346
   -0.03846
    0.04985
   -0.03382
   -0.01189
    0.00346
    0.01252
   -0.01166
   -0.08366
   -0.06024
    0.08384
   -0.00838
   -0.15819
   -0.03078
    0.08096
    0.09404
   -0.03025
   -0.00487
    0.02113
    0.02233
   -0.14280
    0.01599
   -0.01807
    0.12412
   -0.07872
   -0.04496
    0.06794
    0.02605
   -0.05295
    0.11615
    0.00333
   -0.02151
    0.02598
    0.06700
   -0.03336
   -0.08893
    0.02821
    0.05855
   -0.04053
   -0.05645
    0.07177
   -0.05767
    0.02696
   -0.09928
   -0.10019
    0.10653
    0.02559
   -0.02863
   -0.03593
    0.08108
   -0.02195
   -0.02923
   -0.03066
    0.08461
   -0.03078
   -0.03416
   -0.01732
    0.04338
    0.01720
   -0.03884
   -0.04601
    0.06365
    0.00355
    0.01607
    0.02620
    0.00622
    0.01393
   -0.06596
   -0.02884
    0.05170
    0.01341
   -0.02714
   -0.02195
   -0.03532
    0.08539
   -0.07504
   -0.09065
    0.09272
    0.06690
   -0.01987
   -0.00180
    0.04373
   -0.01121
   -0.03645
   -0.05876
    0.06569
   -0.07363
    0.02978
    0.00006
    0.02201
    0.02862
   -0.02968
   -0.02398
    0.05536
   -0.02323
    0.01922
   -0.05655
    0.13075
   -0.02235
   -0.03992
    0.00441
    0.04437
    0.01497
   -0.06353
    0.00297
    0.00338
    0.04672
   -0.03238
   -0.20038
    0.11042
   -0.20391
    0.09973
   -0.06664
    0.08975
    0.04267
   -0.04829
   -0.15369
    0.08238
   -0.01282
    0.03839
   -0.01333
    0.04615
   -0.03474
   -0.00509
   -0.04400
    0.04180
    0.02853
    0.00813
   -0.05389
    0.00052
    0.09452
   -0.01502
    0.01905
   -0.00131
    0.06603
   -0.13211
   -0.06566
   -0.00560
    0.08650
   -0.01940
   -0.19803
    0.03044
   -0.14491
    0.09793
   -0.06305
    0.05056
   -0.00011
    0.01441
   -0.11195
    0.03429
   -0.14164
    0.08781
   -0.03093
   -0.01161
   -0.03930
    0.02884
   -0.06897
    0.10795
   -0.04994
    0.03259
   -0.06725
    0.10331
   -0.03149
   -0.03521
   -0.00239
    0.01500
   -0.03117
    0.01823
   -0.05219
   -0.01525
    0.04859
    0.01318
   -0.13219
    0.10247
   -0.20546
    0.07315
   -0.10868
    0.01496
   -0.10888
    0.07072
   -0.11226
    0.03973
    0.00746
    0.02295
   -0.00746
    0.01566
   -0.07095
    0.01714
   -0.06147
    0.05118
    0.00408
    0.02801
   -0.02667
    0.02084
    0.01426
   -0.00606
   -0.04758
    0.04665
   -0.00405
    0.00485
   -0.05829
   -0.03719
    0.08147
    0.00512
   -0.06320
    0.06379
   -0.09560
    0.01039
    0.00600
   -0.00235
   -0.07236
    0.03032
   -0.05765
    0.03536
   -0.14790
    0.06213
   -0.01758
   -0.03848
   -0.03911
    0.05379
   -0.01744
    0.07662
   -0.06858
    0.02671
   -0.04462
    0.07520
   -0.02484
    0.00621
    0.02174
    0.02929
   -0.05518
    0.01261
   -0.04799
    0.03722
    0.01071
    0.00498
   -0.12529
    0.09276
   -0.15770
    0.09210
   -0.06535
    0.06471
   -0.01581
    0.00242
   -0.07320
    0.02901
   -0.06388
    0.05861
   -0.02711
    0.02864
   -0.06878
    0.03886
   -0.04415
   -0.00668
    0.02075
    0.04345
    0.00193
   -0.00289
    0.01549
   -0.01527
    0.00850
    0.00842
    0.00806
   -0.03252
   -0.03897
   -0.01908
    0.05262
   -0.02268
   -0.13748
   -0.00248
   -0.04966
    0.11234
   -0.04734
    0.00456
   -0.03140
    0.05503
   -0.12256
    0.02904
   -0.11373
    0.09275
   -0.03159
   -0.02585
    0.01551
    0.02549
   -0.07501
    0.08320
   -0.01310
    0.04329
   -0.02770
    0.07879
    0.01055
   -0.04984
   -0.00685
   -0.00172
    0.04125
   -0.04227
   -0.03161
   -0.02179
    0.02490
    0.01633
   -0.15935
    0.14174
   -0.13341
    0.03250
   -0.10541
    0.11495
   -0.01654
   -0.04468
   -0.11112
    0.09796
   -0.08113
    0.01640
   -0.01058
    0.07595
   -0.05905
   -0.02111
   -0.08974
    0.06201
    0.07535
   -0.00262
   -0.02486
    0.04507
    0.04697
   -0.04669
   -0.04347
    0.04085
    0.03957
   -0.03612
   -0.05404
   -0.00132
    0.10707
   -0.05132
   -0.12238
    0.07182
    0.02081
    0.03847
   -0.04537
    0.05967
   -0.05817
   -0.00249
   -0.09698
    0.07480
   -0.08615
    0.03809
   -0.10816
   -0.05200
   -0.08662
    0.05129
