IntronPotTab 1 1024 0.81935
    0.02419
   -0.05833
   -0.01136
    0.00898
    0.00249
   -0.03023
   -0.02481
    0.02275
   -0.02104
   -0.05672
    0.06461
    0.01439
    0.07385
   -0.11954
   -0.05703
    0.01949
    0.00186
   -0.07234
    0.00266
    0.02699
   -0.00495
    0.00137
   -0.04708
    0.02464
    0.05201
   -0.12213
    0.02617
   -0.00738
    0.11012
   -0.10018
   -0.07610
    0.00473
    0.00510
   -0.01787
   -0.04517
    0.02678
    0.02711
   -0.02259
    0.01435
   -0.03137
   -0.05634
    0.00091
   -0.03683
    0.09024
    0.12668
   -0.06265
   -0.07341
   -0.04841
    0.01510
   -0.11221
    0.04093
    0.00661
    0.05301
   -0.04594
    0.00516
   -0.04159
    0.01275
   -0.06263
   -0.00878
    0.02551
    0.08253
   -0.11739
   -0.08889
    0.04401
    0.01842
   -0.08575
   -0.01608
    0.02418
    0.02381
   -0.09349
    0.08244
   -0.00751
   -0.00218
   -0.05788
    0.06857
   -0.00556
    0.08950
   -0.15086
   -0.04791
    0.03339
    0.02680
   -0.06936
   -0.01323
    0.00215
   -0.04198
   -0.04305
    0.02705
    0.05412
    0.03276
   -0.03107
   -0.06401
    0.02118
    0.02175
   -0.06708
    0.00571
    0.01402
    0.02435
    0.03502
   -0.09259
   -0.00303
    0.02922
    0.00054
    0.11098
   -0.09021
   -0.03583
    0.00704
    0.06383
   -0.00712
    0.10548
   -0.08099
    0.01013
   -0.03698
   -0.00193
   -0.01868
   -0.02577
    0.02329
    0.03441
   -0.01064
    0.00518
   -0.02205
    0.03984
   -0.11715
    0.01805
    0.00908
    0.08807
   -0.10644
   -0.03526
    0.02679
    0.03625
   -0.05789
   -0.08482
    0.01692
    0.00106
   -0.01655
    0.03556
   -0.01301
   -0.02443
   -0.05705
    0.03991
    0.03588
    0.06406
   -0.07021
   -0.01603
   -0.00648
    0.04977
   -0.03891
   -0.07562
   -0.01228
    0.02261
   -0.01495
    0.02633
   -0.04515
    0.05035
   -0.08148
    0.02690
   -0.04076
    0.09483
   -0.09563
   -0.07899
    0.01842
    0.00148
   -0.03654
   -0.07327
    0.04997
    0.00045
    0.01305
   -0.03097
    0.01149
    0.02735
   -0.11354
    0.04200
   -0.00321
    0.24687
   -0.18232
   -0.20172
   -0.15745
    0.03889
   -0.12693
    0.01194
   -0.00357
    0.02733
   -0.02241
   -0.10734
    0.02546
   -0.01001
   -0.09597
   -0.02051
    0.07390
    0.05324
   -0.05166
   -0.09734
    0.04267
    0.03263
   -0.11143
   -0.11850
    0.03004
    0.00254
   -0.05426
    0.00564
    0.02754
   -0.00056
   -0.12549
    0.17792
   -0.03962
    0.08254
   -0.12059
   -0.05250
    0.01976
    0.01275
   -0.00488
    0.00042
   -0.01669
   -0.00418
   -0.02800
    0.06403
   -0.00303
    0.03007
   -0.03096
   -0.02525
    0.00095
    0.08443
   -0.08563
   -0.01210
   -0.01517
    0.00253
   -0.06524
   -0.02256
    0.03224
    0.01127
   -0.02113
   -0.06361
    0.02729
   -0.02193
   -0.04954
   -0.02582
    0.08124
    0.09731
   -0.09888
   -0.05419
    0.00017
   -0.01213
   -0.08480
    0.00082
    0.04811
    0.02971
   -0.06146
   -0.01548
    0.00162
    0.01859
   -0.05518
    0.00165
    0.00358
    0.07327
   -0.09932
   -0.05957
    0.02784
    0.03274
   -0.08584
    0.01189
   -0.00909
    0.01598
   -0.05026
    0.00174
    0.00281
   -0.01576
   -0.06440
   -0.00176
    0.05393
    0.04959
   -0.09850
   -0.04476
    0.03331
   -0.01576
   -0.05455
   -0.01390
    0.05067
    0.01017
    0.02517
    0.02741
   -0.04925
    0.05141
   -0.02117
   -0.15785
    0.02901
    0.04989
   -0.10010
    0.00727
    0.01246
   -0.03202
    0.05423
    0.01233
    0.00582
    0.04599
   -0.02072
   -0.03333
   -0.03176
   -0.03701
   -0.01610
    0.03602
    0.02715
    0.12291
   -0.02881
   -0.05673
   -0.05329
   -0.00132
   -0.08662
    0.04436
    0.01834
   -0.00744
   -0.01343
    0.02117
    0.00790
   -0.02340
   -0.03377
   -0.03310
    0.06689
    0.07259
   -0.06430
   -0.04907
    0.01028
    0.03041
   -0.09678
   -0.00133
    0.00890
   -0.01866
    0.05080
   -0.03628
   -0.00401
    0.02899
   -0.11125
    0.02074
    0.02244
    0.02929
   -0.04739
    0.01142
    0.00401
    0.02499
   -0.12113
    0.06955
   -0.02502
   -0.06015
   -0.09349
    0.16672
    0.01039
   -0.05228
   -0.08274
    0.11358
    0.03468
    0.05673
   -0.14956
    0.05104
    0.00423
    0.04317
   -0.01548
   -0.06733
   -0.01157
   -0.00023
   -0.01567
   -0.03797
    0.03049
    0.03193
   -0.10295
    0.05285
   -0.00638
    0.05529
   -0.14872
    0.07893
   -0.00127
    0.01001
   -0.03183
   -0.05029
    0.02741
    0.02579
   -0.09602
    0.09374
   -0.00557
    0.01681
   -0.02545
    0.06826
   -0.05949
    0.12313
   -0.10657
   -0.03614
    0.01877
    0.02970
   -0.02267
   -0.02754
   -0.01606
   -0.01027
    0.02018
    0.02656
   -0.01558
    0.08564
   -0.07005
   -0.01532
   -0.07429
   -0.03707
   -0.00095
   -0.03741
    0.05026
    0.02317
   -0.00003
    0.01813
   -0.04223
    0.04594
   -0.16494
   -0.00149
   -0.00118
    0.02599
   -0.13356
    0.07116
    0.00027
    0.02395
   -0.03079
    0.03600
   -0.02505
    0.02615
    0.04550
   -0.05070
   -0.03032
    0.04180
   -0.04964
   -0.07413
    0.01876
    0.01368
   -0.02179
    0.04165
   -0.04045
    0.09491
   -0.06162
   -0.07430
   -0.01252
    0.06842
   -0.06799
   -0.04592
   -0.03151
    0.05523
    0.01392
   -0.06358
   -0.05109
    0.05463
   -0.14557
   -0.02148
    0.02370
    0.01512
   -0.09130
   -0.07892
    0.06468
    0.00832
   -0.07011
   -0.03857
    0.02541
    0.02223
   -0.02189
   -0.03794
   -0.00051
   -0.06250
   -0.12255
    0.27492
   -0.03683
    0.04356
   -0.14756
   -0.06242
    0.04660
    0.01622
   -0.06422
   -0.03067
    0.01578
    0.01845
   -0.01643
   -0.01049
   -0.01555
    0.06440
   -0.06999
    0.02734
   -0.03780
    0.10986
   -0.06028
    0.03087
   -0.05253
    0.00231
   -0.05706
   -0.09276
    0.04765
    0.04398
    0.01342
   -0.01958
   -0.05398
   -0.00290
   -0.03114
    0.01161
    0.01812
    0.07533
   -0.05929
   -0.00615
   -0.02450
    0.00128
   -0.04646
    0.01549
    0.01656
    0.06776
   -0.08457
    0.03660
   -0.06038
    0.03409
   -0.07182
    0.00276
   -0.00303
    0.01700
   -0.05814
   -0.02278
    0.02889
    0.00620
   -0.06147
    0.00189
    0.01856
   -0.01943
    0.01868
   -0.01738
    0.02253
    0.00280
   -0.03890
   -0.05046
    0.06209
    0.05218
   -0.10309
    0.01216
   -0.00047
    0.00051
   -0.06871
   -0.02544
    0.03974
    0.02464
    0.00103
   -0.04306
   -0.01979
    0.00853
   -0.09238
   -0.03022
    0.06717
    0.07239
   -0.04010
   -0.03007
   -0.00983
    0.00611
   -0.02775
   -0.05029
    0.03449
    0.01079
    0.05223
    0.02310
   -0.07350
    0.01497
   -0.10544
   -0.03369
    0.07242
    0.04262
   -0.06592
    0.00147
   -0.00189
    0.00459
   -0.09204
    0.01526
    0.02321
    0.01206
   -0.00476
    0.02554
   -0.02186
    0.00935
   -0.02787
    0.00605
   -0.00114
    0.08680
   -0.07903
   -0.00388
   -0.01096
   -0.00167
   -0.04392
   -0.05448
    0.05446
    0.05893
   -0.04311
   -0.07158
   -0.01159
   -0.03395
    0.00599
    0.06387
   -0.00840
    0.00883
   -0.10687
   -0.00187
    0.04477
   -0.00171
    0.05256
   -0.10215
    0.01977
   -0.02682
    0.04190
    0.09163
   -0.04087
    0.04563
   -0.07863
    0.07655
   -0.04247
    0.08329
   -0.05174
   -0.04115
   -0.00060
    0.00742
   -0.04977
   -0.03800
    0.03446
   -0.01695
    0.02913
   -0.11373
    0.03966
    0.05844
   -0.05040
   -0.03295
   -0.01071
    0.10218
   -0.09332
   -0.03111
   -0.00755
    0.03114
   -0.05012
   -0.09216
    0.03507
   -0.00113
   -0.01780
    0.03698
   -0.00314
   -0.00204
   -0.03287
   -0.03198
    0.05139
    0.12872
   -0.16281
   -0.04619
    0.04730
    0.03895
   -0.10040
   -0.06354
    0.02637
    0.02031
   -0.02312
   -0.08975
    0.02826
    0.01304
   -0.09078
    0.00277
    0.03421
    0.02732
   -0.05130
    0.00925
    0.00129
    0.01780
   -0.01824
   -0.06540
    0.02024
   -0.04369
    0.02056
    0.03055
    0.03195
    0.01555
    0.04170
   -0.07363
   -0.00422
    0.04675
   -0.02646
   -0.03267
    0.00142
   -0.03381
   -0.02798
    0.01296
    0.04044
    0.03282
    0.03236
   -0.01783
   -0.05187
   -0.03459
    0.01855
   -0.02668
    0.03555
    0.05623
   -0.07767
    0.02174
   -0.02307
    0.14777
   -0.11083
   -0.25988
   -0.06194
   -0.00479
   -0.06983
   -0.02916
    0.05197
    0.00708
   -0.14627
    0.03714
    0.03919
    0.07316
   -0.02983
   -0.05621
    0.00412
   -0.03494
   -0.01660
    0.02337
    0.03907
   -0.00499
   -0.02356
    0.04983
   -0.00094
    0.02371
   -0.14128
    0.06014
    0.02267
    0.06340
   -0.14670
    0.00271
    0.01923
    0.02474
   -0.04761
   -0.05639
    0.01160
   -0.02468
   -0.04037
    0.05348
    0.03744
   -0.03138
    0.03635
   -0.01510
    0.01262
    0.08048
   -0.02810
   -0.01557
   -0.03162
   -0.03464
   -0.03699
    0.02954
    0.04637
    0.03771
   -0.07013
   -0.08148
    0.03372
    0.03098
   -0.03665
    0.00692
   -0.02111
    0.06754
   -0.08823
    0.01477
   -0.01307
    0.02643
   -0.08538
    0.02158
   -0.00064
    0.03744
   -0.06764
    0.07214
   -0.03344
   -0.00966
   -0.06107
    0.02097
    0.03294
    0.07314
   -0.15268
   -0.05748
    0.05820
    0.00742
   -0.03447
   -0.06796
    0.04196
   -0.02128
    0.00805
   -0.00105
    0.02521
    0.00650
   -0.01825
   -0.01155
    0.01182
    0.04255
   -0.09986
   -0.07262
    0.04637
    0.01748
   -0.08978
   -0.06027
    0.04191
   -0.00877
    0.05306
   -0.04328
   -0.00182
    0.04501
   -0.00090
   -0.04632
   -0.03735
    0.08734
   -0.09367
   -0.00807
   -0.01081
   -0.00240
   -0.01883
   -0.07312
    0.04667
   -0.01647
   -0.00869
   -0.00289
    0.02753
   -0.16530
   -0.10024
   -0.17710
    0.24301
    0.05753
   -0.18028
    0.00722
    0.02477
    0.00230
   -0.08285
   -0.00653
    0.03246
    0.02848
   -0.05487
   -0.03223
    0.00829
    0.02374
   -0.06770
   -0.03577
    0.03616
    0.03034
   -0.07127
   -0.06461
    0.04126
    0.01987
   -0.10760
   -0.00240
    0.02616
    0.02859
   -0.10108
    0.11177
   -0.02659
    0.03682
   -0.08944
   -0.05759
    0.04953
    0.05231
   -0.12173
    0.02859
    0.02620
   -0.00966
   -0.00203
    0.03364
   -0.00515
   -0.05320
    0.03348
    0.10466
   -0.00813
    0.08984
   -0.07791
    0.01385
   -0.06869
    0.11939
   -0.13038
    0.06342
   -0.02615
    0.02258
   -0.06213
    0.01742
   -0.00216
   -0.05208
    0.05678
    0.03281
   -0.00995
    0.02157
   -0.07238
   -0.02475
    0.04361
    0.07266
   -0.14464
    0.04408
    0.01248
   -0.03272
   -0.07768
    0.02962
    0.04916
    0.06857
   -0.09261
    0.04626
   -0.02727
    0.05122
   -0.01353
   -0.06111
   -0.01001
    0.15838
   -0.12782
   -0.03809
    0.02264
    0.03633
   -0.07410
   -0.06224
    0.01616
    0.01352
   -0.08646
   -0.00413
    0.02742
   -0.03196
   -0.07429
   -0.00570
    0.09349
    0.04866
   -0.10302
   -0.05929
    0.03760
   -0.00447
   -0.00005
   -0.04303
    0.02860
   -0.03925
    0.06498
    0.00981
    0.01187
    0.03385
   -0.09445
   -0.03572
    0.03659
    0.06462
   -0.07180
   -0.00812
   -0.00531
    0.02254
    0.00599
   -0.04275
   -0.00947
    0.00484
    0.02194
    0.02175
   -0.03125
   -0.01637
   -0.09124
   -0.01106
    0.08222
    0.17474
   -0.16763
   -0.10329
   -0.03502
    0.07108
   -0.06057
   -0.02675
   -0.04661
    0.01873
   -0.02678
   -0.04885
    0.01604
   -0.00020
   -0.06451
    0.01619
    0.02483
    0.04810
   -0.12636
   -0.05632
    0.05295
   -0.01057
   -0.09227
   -0.00750
    0.04744
    0.03108
   -0.08156
    0.00461
    0.01027
   -0.02957
   -0.05830
    0.07546
    0.03707
    0.04877
   -0.12633
   -0.00987
    0.02679
    0.02019
   -0.02237
   -0.07084
    0.01071
   -0.03053
   -0.00508
    0.01314
    0.03962
    0.05258
   -0.03851
   -0.06934
    0.00206
    0.12527
   -0.06815
   -0.02888
   -0.03528
    0.00013
   -0.05514
   -0.06684
    0.04496
    0.02396
   -0.01763
   -0.00274
   -0.01608
   -0.01950
   -0.05771
   -0.00763
    0.07191
    0.07437
   -0.09278
   -0.00879
   -0.00691
    0.02821
   -0.07180
   -0.03625
    0.01458
    0.02744
   -0.06940
    0.02352
   -0.00521
    0.01353
   -0.05827
   -0.02309
    0.03243
    0.07931
   -0.12779
   -0.01796
    0.03091
