IntronPotTab 1 1024 -3.57676 0.39754 3.71883 27281 6 16   50.24
   -0.07407
    0.10502
   -0.06284
    0.04959
    0.08954
    0.05177
   -0.07644
   -0.07841
   -0.07031
    0.06550
   -0.00784
    0.00682
   -0.14840
    0.04351
    0.09527
    0.01731
   -0.05531
    0.07436
   -0.08239
    0.04887
   -0.00173
    0.11704
   -0.07121
   -0.06112
   -0.04969
    0.03300
   -0.01189
    0.01809
   -0.16620
    0.05314
    0.11815
   -0.00271
   -0.09098
    0.11623
   -0.01335
    0.02010
    0.06618
    0.03162
   -0.07846
   -0.02131
   -0.00666
    0.05776
    0.04409
   -0.12979
   -0.16856
    0.08045
    0.09889
   -0.00724
   -0.19277
    0.14429
   -0.05655
    0.05015
    0.06239
    0.06902
   -0.05147
   -0.07130
   -0.03474
    0.04196
   -0.03741
    0.01983
   -0.29499
    0.05934
    0.19871
    0.00015
    0.01335
    0.00895
   -0.09197
    0.08496
    0.03947
   -0.03666
   -0.04504
    0.05209
    0.01892
    0.00212
   -0.06840
    0.04644
    0.01252
   -0.04976
    0.00099
    0.05798
   -0.04084
    0.06800
   -0.12123
    0.06157
   -0.06174
    0.08456
   -0.09306
    0.04242
   -0.05772
    0.04051
   -0.09369
    0.07531
   -0.11878
    0.03052
    0.02482
    0.03268
    0.01942
   -0.00307
   -0.04200
    0.03377
    0.06430
   -0.03156
   -0.07343
    0.03641
    0.03727
    0.00291
   -0.03579
   -0.01565
   -0.16845
    0.03452
    0.08817
    0.01790
   -0.02613
    0.08183
   -0.06570
   -0.00516
    0.03779
    0.08269
   -0.08835
   -0.04008
    0.08459
    0.01183
   -0.15297
    0.05736
   -0.23371
    0.02324
    0.07124
    0.05794
   -0.01766
    0.08759
   -0.05420
    0.02512
    0.11299
    0.01711
   -0.08305
   -0.03386
   -0.00890
    0.05588
   -0.02232
   -0.04268
   -0.12809
    0.02893
    0.06291
    0.02912
   -0.01829
    0.04981
   -0.11019
    0.08630
   -0.01051
    0.10545
   -0.11134
    0.00378
   -0.01694
    0.06307
   -0.05951
   -0.01537
   -0.13532
    0.04797
    0.04458
    0.02753
    0.01190
    0.04801
   -0.08127
    0.04415
    0.05970
    0.04617
   -0.11864
    0.01976
    0.01793
    0.00872
   -0.01716
   -0.01765
   -0.11977
    0.09030
    0.01226
    0.00913
   -0.07738
    0.13271
   -0.08444
    0.03666
    0.08771
    0.07348
   -0.11399
   -0.03239
   -0.04608
    0.04895
   -0.07107
    0.05868
   -0.24831
    0.04739
    0.07957
    0.05312
   -0.03167
    0.11801
   -0.01651
   -0.04187
    0.11055
    0.05477
   -0.05380
   -0.08713
   -0.06846
    0.10044
    0.06565
   -0.08469
   -0.23898
    0.14041
    0.21342
   -0.01523
   -0.05906
    0.08999
   -0.07006
    0.03103
   -0.05202
    0.10970
   -0.08547
    0.01303
   -0.06087
    0.08088
   -0.08088
    0.02437
   -0.14251
    0.08662
    0.03636
   -0.01102
   -0.01718
   -0.00151
   -0.01806
    0.03631
    0.02776
   -0.03116
   -0.09847
    0.08227
    0.01179
    0.02663
   -0.03010
   -0.02543
   -0.03822
   -0.00059
    0.00758
    0.02168
   -0.14690
    0.16332
   -0.04988
    0.00919
    0.05536
    0.12316
   -0.08655
   -0.08226
   -0.01584
    0.06979
   -0.04581
   -0.03599
   -0.25273
    0.09143
    0.07690
   -0.00808
   -0.00862
    0.06346
   -0.09886
    0.05977
    0.00577
    0.03098
   -0.09946
    0.06681
   -0.04006
    0.06580
   -0.09784
    0.06515
   -0.03338
   -0.02493
   -0.06709
    0.13527
   -0.06797
    0.06556
   -0.09813
    0.08401
   -0.04946
    0.11409
   -0.11703
    0.04255
   -0.05651
    0.05327
   -0.09010
    0.07424
   -0.03086
    0.03669
   -0.05212
    0.02539
   -0.02499
    0.02921
   -0.01101
    0.01131
   -0.00003
    0.03512
   -0.09955
    0.05494
   -0.00519
    0.05027
   -0.02308
   -0.04739
   -0.05287
    0.05987
   -0.07287
    0.03800
   -0.07300
    0.03618
   -0.08266
    0.06281
   -0.01395
    0.05595
   -0.13814
    0.07368
   -0.03823
    0.06340
   -0.10603
    0.06890
   -0.05346
    0.01901
   -0.05185
    0.06420
   -0.04235
    0.03246
   -0.09115
    0.10682
    0.00960
    0.00628
   -0.08066
    0.06476
   -0.03530
    0.04906
   -0.09436
    0.05586
    0.01838
    0.00319
   -0.09192
    0.08497
   -0.01629
    0.03519
   -0.11448
    0.08426
   -0.08029
    0.08003
   -0.10232
    0.09703
   -0.06128
    0.05130
   -0.09166
    0.05806
    0.02448
   -0.00009
   -0.10392
    0.06058
   -0.01302
   -0.02184
   -0.01761
    0.06215
    0.00960
   -0.02583
   -0.08269
    0.09256
   -0.01275
    0.00946
   -0.03107
    0.03215
   -0.06325
    0.01410
   -0.08445
    0.09591
   -0.05600
    0.04904
   -0.10195
    0.07875
   -0.01860
    0.05406
   -0.13663
    0.06512
   -0.00197
    0.03870
   -0.14640
    0.09717
   -0.07765
    0.02293
   -0.09446
    0.09143
   -0.00048
    0.06270
   -0.08218
    0.06382
    0.02251
    0.01256
   -0.09542
    0.08549
    0.00348
    0.04998
   -0.10577
    0.06124
    0.01694
    0.00811
   -0.07222
    0.08415
   -0.00989
    0.05666
   -0.12589
    0.08203
   -0.06020
    0.10353
   -0.09227
    0.05625
   -0.02453
    0.07158
   -0.09296
    0.01978
   -0.02210
    0.02538
   -0.03691
    0.02471
    0.03726
    0.01771
   -0.07257
    0.03064
    0.02195
    0.04980
   -0.12198
    0.08103
   -0.00394
    0.01850
   -0.04236
    0.02523
   -0.01137
    0.03045
   -0.06508
    0.06073
   -0.07464
    0.04692
   -0.07659
    0.07485
    0.02220
    0.06443
   -0.13064
    0.05303
   -0.04217
    0.06974
   -0.08264
    0.04532
   -0.12943
    0.04598
   -0.08618
    0.11109
   -0.14571
    0.19771
   -0.11256
    0.02651
    0.09559
    0.09033
   -0.06152
   -0.09848
   -0.09102
    0.06986
    0.06118
   -0.01822
   -0.30147
    0.15159
    0.17737
    0.05575
   -0.04195
    0.07120
   -0.06273
    0.02729
   -0.04209
    0.11303
   -0.11696
    0.02109
   -0.05600
    0.06800
   -0.07400
    0.03014
   -0.16620
    0.10572
    0.01913
   -0.00088
   -0.03907
    0.07995
   -0.04785
    0.01329
    0.00332
    0.04732
   -0.07341
    0.01912
   -0.01628
    0.04330
   -0.02827
   -0.00471
   -0.05968
    0.01965
   -0.05815
    0.07383
   -0.08968
    0.10767
   -0.06087
    0.01551
    0.03605
    0.10882
   -0.09783
   -0.05362
   -0.02064
    0.06072
   -0.07848
    0.02189
   -0.21059
    0.09413
    0.00491
    0.01044
   -0.04862
    0.06392
   -0.01377
    0.00688
    0.04496
    0.04407
   -0.06549
   -0.02340
   -0.05803
    0.08884
   -0.01638
   -0.02260
   -0.06078
    0.02451
    0.04210
   -0.01605
   -0.07309
    0.04467
   -0.05510
    0.06922
   -0.07183
    0.12460
   -0.06795
    0.01067
   -0.07412
    0.06537
   -0.03148
    0.04970
   -0.04941
    0.02797
    0.02502
   -0.01669
   -0.06751
    0.07853
    0.01416
   -0.01035
    0.02919
    0.02429
   -0.07329
    0.01827
   -0.02120
    0.06165
    0.01565
   -0.06703
   -0.13721
    0.04703
    0.07254
   -0.00293
   -0.08681
    0.07188
   -0.10492
    0.07061
   -0.00052
    0.01599
   -0.04496
    0.02552
   -0.07450
    0.06600
   -0.01124
    0.00985
   -0.11150
    0.02932
    0.03058
    0.00620
   -0.03284
    0.00862
   -0.06243
    0.09446
    0.04182
   -0.01357
   -0.06933
    0.04316
   -0.00951
    0.03364
   -0.09515
    0.05831
   -0.00390
   -0.03492
   -0.01712
    0.06584
   -0.03451
    0.05350
   -0.07615
    0.04632
   -0.07740
    0.12587
   -0.09259
    0.03981
   -0.06552
    0.05777
   -0.08459
    0.05373
   -0.05664
    0.02363
   -0.03083
    0.02732
   -0.02152
    0.02274
   -0.06492
    0.07255
    0.02820
    0.01590
   -0.08267
    0.03171
    0.02116
    0.00261
   -0.05579
    0.02571
   -0.09788
    0.01543
   -0.00113
    0.05102
    0.18118
    0.00267
   -0.18495
   -0.03804
   -0.00303
    0.07143
   -0.10376
    0.02398
    0.06651
    0.01862
   -0.11131
    0.02190
   -0.16096
    0.02868
   -0.01440
    0.06109
    0.01284
    0.02233
   -0.08401
    0.09428
    0.04138
    0.01088
   -0.07908
    0.04791
   -0.01881
    0.08482
   -0.08885
    0.03536
    0.01762
   -0.04857
   -0.00664
    0.04357
   -0.03113
    0.03764
   -0.08750
    0.07646
   -0.06691
    0.09709
   -0.09176
    0.06555
   -0.05139
    0.09672
   -0.06968
    0.01414
    0.02408
   -0.00662
   -0.02428
    0.01602
    0.00649
    0.01037
   -0.04234
    0.03687
    0.03252
    0.02560
   -0.11801
    0.07051
    0.01317
   -0.01052
   -0.00582
   -0.00070
   -0.03346
    0.01090
   -0.03288
    0.05221
   -0.06463
    0.10220
   -0.09657
    0.04314
    0.00980
    0.02258
   -0.09079
    0.06843
   -0.06302
    0.06613
   -0.04839
    0.04233
   -0.08895
    0.02232
   -0.02182
    0.05613
    0.02578
    0.12413
   -0.13328
   -0.00280
    0.08797
    0.03812
   -0.11185
   -0.01769
   -0.03622
    0.12096
   -0.04003
   -0.06489
   -0.14920
    0.08764
    0.04351
    0.02203
   -0.02637
    0.09619
   -0.10270
    0.02455
   -0.02273
    0.10874
   -0.10816
    0.01373
   -0.07499
    0.11934
   -0.10665
    0.01619
   -0.04657
    0.04194
   -0.01802
    0.00083
    0.00905
    0.02622
   -0.06493
    0.03881
    0.02322
    0.00014
   -0.09665
    0.05755
    0.03577
    0.03188
   -0.06268
   -0.02315
   -0.05412
   -0.01285
    0.01375
    0.03601
   -0.06976
    0.11849
   -0.11372
    0.04473
    0.03491
    0.07236
   -0.12043
    0.00677
   -0.02365
    0.07196
   -0.04570
   -0.01371
   -0.16067
    0.06348
    0.01848
    0.00094
   -0.09312
    0.17514
   -0.05891
    0.00188
    0.12516
    0.09526
   -0.05537
   -0.12853
   -0.05861
    0.09755
    0.08041
   -0.12989
   -0.27821
    0.20252
    0.29026
   -0.02014
   -0.06228
    0.05894
   -0.07592
    0.06521
    0.02504
    0.16118
   -0.07817
   -0.09742
    0.02838
    0.05681
   -0.01127
   -0.08674
   -0.25193
    0.14765
    0.22120
    0.01217
   -0.07042
    0.12491
   -0.01000
    0.00662
    0.11631
    0.10360
   -0.07441
   -0.08680
    0.13784
    0.01252
    0.06558
   -0.18592
   -0.23175
    0.21667
    0.20260
    0.00337
   -0.17845
    0.22887
   -0.10393
    0.03968
    0.08826
    0.09866
   -0.07655
   -0.08626
   -0.01068
    0.05928
   -0.06220
   -0.01012
   -0.34131
    0.14007
    0.18615
    0.06392
    0.01072
   -0.01870
   -0.09730
    0.12167
    0.03629
   -0.03672
   -0.10142
    0.10855
    0.04479
   -0.00947
   -0.08490
    0.05699
    0.05302
   -0.08536
   -0.04584
    0.13546
   -0.00704
    0.04767
   -0.13226
    0.07845
   -0.08025
    0.08891
   -0.13121
    0.08300
   -0.02830
    0.02916
   -0.10492
    0.08127
    0.11726
   -0.03093
   -0.08331
    0.04562
    0.01484
   -0.01738
   -0.02746
    0.03485
    0.04209
   -0.06285
   -0.06334
    0.08328
    0.05016
   -0.03085
   -0.01252
   -0.00236
   -0.03361
   -0.02971
   -0.03378
    0.09968
   -0.02232
    0.08109
   -0.13349
    0.05308
    0.04930
    0.04934
   -0.11718
    0.00373
    0.07042
    0.00635
   -0.13808
    0.08131
   -0.17939
    0.01171
    0.02117
    0.07253
    0.03942
    0.01250
   -0.08950
    0.09926
    0.03305
    0.02381
   -0.13619
    0.10545
    0.06842
    0.03514
   -0.12998
    0.03419
    0.03924
   -0.00110
   -0.08361
    0.09547
    0.00253
    0.06103
   -0.13512
    0.08503
   -0.05033
    0.10547
   -0.16879
    0.09627
   -0.01654
    0.05365
   -0.08578
    0.04387
    0.12397
   -0.02195
   -0.08218
    0.02611
    0.02042
    0.03147
   -0.04344
    0.00562
    0.03146
    0.00631
   -0.12711
    0.09349
    0.06268
   -0.02397
   -0.03321
   -0.01937
   -0.02672
    0.02356
   -0.07070
    0.08967
   -0.04405
    0.04663
   -0.13376
    0.09487
    0.01904
    0.01349
   -0.13801
    0.10617
   -0.03237
    0.05281
   -0.07487
    0.05522
   -0.01454
   -0.00561
   -0.09508
    0.12131
   -0.03627
    0.08935
   -0.01610
   -0.01997
    0.13670
    0.06585
   -0.05230
   -0.09575
   -0.05336
    0.04876
    0.10447
   -0.07800
   -0.28460
    0.18220
    0.25199
    0.02214
   -0.03450
    0.04543
   -0.06991
    0.05449
   -0.05830
    0.10721
   -0.11189
    0.03268
   -0.04867
    0.05873
   -0.09294
    0.06069
   -0.13319
    0.08155
    0.06037
   -0.02060
    0.03481
   -0.03196
   -0.01775
    0.01016
    0.04911
   -0.04579
   -0.08618
    0.06822
    0.02763
   -0.00248
   -0.02956
   -0.00096
   -0.04591
    0.00509
   -0.01265
    0.03831
   -0.08611
    0.18752
   -0.07106
   -0.04003
    0.09513
    0.09702
   -0.09453
   -0.07545
   -0.01408
    0.05548
   -0.07426
    0.02244
   -0.21603
    0.08319
    0.08127
   -0.03103
