24 20 3 1 47 -4.4623 2.5456 4.9017 27003
 -0.01202   0.01279   0.02128  -0.02573  -0.05267   0.05175   0.03118  -0.03839   0.05392  -0.01193   0.03336  -0.07814   0.00997   0.01236   0.04182  -0.08968  -0.19498   0.05359   0.11116  -0.04161 
 -0.02972   0.02577   0.05248  -0.06279  -0.00111   0.03035  -0.00537  -0.02130   0.06387  -0.01819   0.03680  -0.08764   0.03336  -0.00317   0.02638  -0.07754  -0.15603   0.03380   0.10619  -0.03462 
  0.00308   0.00962   0.03788  -0.05920   0.00067   0.03856  -0.01173  -0.02391   0.06962  -0.01797   0.01611  -0.06911   0.02287   0.00912   0.01608  -0.06647  -0.16915   0.04765   0.07772  -0.00782 
 -0.00121   0.01810   0.02211  -0.04463  -0.02198   0.04066   0.01414  -0.03460   0.04317  -0.03099   0.04094  -0.05689   0.02285   0.00408   0.03046  -0.07866  -0.17278   0.06394   0.10896  -0.06915 
 -0.01660   0.01816   0.04668  -0.05943   0.00750   0.04037  -0.00422  -0.04269   0.05810  -0.01367   0.02347  -0.06899   0.03505  -0.00789   0.03631  -0.08736  -0.15145   0.02198   0.10581  -0.02220 
  0.00406   0.00840   0.03730  -0.05806  -0.00269   0.05343  -0.02103  -0.02490   0.05048   0.00225   0.00479  -0.05509   0.04087   0.00444   0.01387  -0.08467  -0.15514   0.03614   0.08365  -0.00958 
  0.00025   0.02186   0.01763  -0.04537  -0.04768   0.02209   0.04150  -0.02621   0.06012  -0.01377   0.02322  -0.07087   0.00827  -0.00463   0.05443  -0.07763  -0.17487   0.04371   0.11956  -0.05338 
 -0.02269   0.00999   0.05750  -0.05731  -0.00529   0.02752   0.00236  -0.02350   0.06948  -0.02047   0.02088  -0.07213   0.03990  -0.00340   0.03362  -0.09918  -0.14215   0.03187   0.11105  -0.04890 
  0.00746   0.00864   0.03851  -0.06394  -0.00450   0.03500  -0.02013  -0.00514   0.03906  -0.02019   0.01029  -0.02792   0.02962   0.01578   0.02187  -0.09747  -0.16927   0.05989   0.07848  -0.02485 
 -0.00857   0.02168   0.02008  -0.03851  -0.03034   0.03461   0.03387  -0.04611   0.04714  -0.00497   0.02895  -0.07225   0.00604   0.02146   0.03801  -0.09382  -0.16594   0.04325   0.12166  -0.06227 
 -0.02221   0.02293   0.05343  -0.06865  -0.01670   0.03733   0.00163  -0.02069   0.07181  -0.02704   0.02043  -0.06782   0.03572   0.00067   0.02479  -0.08558  -0.15064   0.03430   0.11280  -0.04828 
  0.00380   0.01011   0.03604  -0.05822  -0.00163   0.03011  -0.00153  -0.02520   0.04684  -0.01899   0.01495  -0.04188   0.03994  -0.00141  -0.00097  -0.05317  -0.16774   0.02770   0.10212  -0.01352 
 -0.00260   0.00785   0.02584  -0.03540  -0.00649   0.02466   0.01194  -0.03145   0.05957  -0.02560   0.02458  -0.06024   0.01112   0.00859   0.03317  -0.07186  -0.17733   0.05220   0.10586  -0.04429 
 -0.01318   0.01515   0.04182  -0.05294  -0.01395   0.01890   0.01015  -0.01565   0.06705  -0.02912   0.03718  -0.08077   0.02712  -0.02177   0.03705  -0.05365  -0.16541   0.02523   0.11846  -0.03356 
 -0.00380  -0.00322   0.04780  -0.04899  -0.01187   0.01864   0.02142  -0.03200   0.04399  -0.02056   0.02170  -0.04502   0.02798  -0.00372   0.02690  -0.06872  -0.15546   0.01899   0.10322  -0.01245 
 -0.00843   0.00340   0.04051  -0.04222  -0.06562   0.05090   0.03460  -0.02973   0.05929  -0.02416   0.03844  -0.07826  -0.00137  -0.00112   0.04785  -0.05890  -0.19343   0.05878   0.10129  -0.03652 
 -0.03270   0.02031   0.05326  -0.05369   0.00387   0.03574  -0.01974  -0.01499   0.06731  -0.02390   0.02947  -0.07663   0.02392  -0.02103   0.05349  -0.07418  -0.15534   0.02037   0.11252  -0.02633 
  0.00144   0.00104   0.04165  -0.05182  -0.03312   0.04700  -0.00563  -0.00561   0.05083  -0.02098   0.01006  -0.03882   0.01786  -0.00741   0.03853  -0.06384  -0.18530   0.03039   0.10508  -0.00931 
 -0.01943   0.01066   0.03436  -0.03139  -0.04310   0.04490   0.02673  -0.03433   0.05652  -0.02355   0.03291  -0.06882  -0.00690  -0.00454   0.06349  -0.06912  -0.16851   0.02974   0.11772  -0.03626 
 -0.02711   0.01078   0.05794  -0.05414  -0.00861   0.01585  -0.00874   0.00429   0.06224  -0.04122   0.01809  -0.04131   0.02320  -0.03054   0.04737  -0.04947  -0.15443   0.01461   0.11369  -0.02140 
 -0.00300  -0.01123   0.03965  -0.03026  -0.01101   0.04629  -0.01588  -0.01473   0.05424  -0.02033  -0.00279  -0.02933   0.01736  -0.00224   0.03659  -0.06856  -0.17510   0.02979   0.10930  -0.02053 
 -0.01379   0.01316   0.02995  -0.03476  -0.05806   0.03671   0.02718  -0.01216   0.06310  -0.02363   0.02016  -0.06088  -0.00048  -0.00417   0.05196  -0.06145  -0.18031   0.03785   0.12603  -0.05076 
 -0.02816   0.01078   0.05392  -0.04758   0.00329   0.02669  -0.00047  -0.02835   0.05286  -0.03401   0.03214  -0.05389   0.04157  -0.02531   0.04995  -0.09098  -0.16983   0.03063   0.11734  -0.03599 
  0.00051  -0.00152   0.04696  -0.05474  -0.01480   0.02808   0.01040  -0.02418   0.04701  -0.00285   0.01748  -0.06062   0.04528  -0.01814   0.02443  -0.07010  -0.16739   0.02854   0.09414  -0.00485 
 -0.00374   0.00699   0.03384  -0.04309  -0.05421   0.03681   0.03744  -0.02944   0.06231  -0.03214   0.02963  -0.06304  -0.00951   0.00829   0.06150  -0.08357  -0.18382   0.03688   0.11026  -0.02518 
 -0.03050   0.01231   0.05756  -0.05190  -0.01574   0.01176  -0.00086   0.00597   0.07149  -0.02145   0.01321  -0.06443   0.03062  -0.02733   0.04796  -0.06660  -0.14846  -0.00354   0.12259  -0.01575 
  0.00130  -0.01072   0.04256  -0.03916  -0.00581   0.03205  -0.02431   0.00369   0.06088  -0.02621   0.00716  -0.04141   0.03062  -0.02664   0.04238  -0.05938  -0.16895   0.02146   0.10015  -0.00270 
 -0.00454  -0.00115   0.02931  -0.02721  -0.05038   0.03058   0.02722  -0.01319   0.04910  -0.03891   0.04450  -0.06020  -0.00836  -0.01256   0.06709  -0.05983  -0.18692   0.01444   0.13016  -0.02178 
 -0.03528  -0.00196   0.06532  -0.04047  -0.00508   0.00925   0.00044  -0.00376   0.05408  -0.04097   0.01654  -0.03130   0.03359  -0.03369   0.04973  -0.06432  -0.16995   0.00560   0.13040  -0.02252 
 -0.00407  -0.01458   0.04645  -0.03397  -0.01437   0.03350  -0.02211   0.00827   0.04421  -0.01391  -0.00117  -0.02675   0.01800  -0.01043   0.04127  -0.06327  -0.15348   0.01354   0.10955  -0.01532 
 -0.01332   0.00532   0.03001  -0.02622  -0.06105   0.04190   0.03490  -0.02484   0.04728  -0.03131   0.03825  -0.05771   0.00035  -0.01430   0.05514  -0.05156  -0.18005   0.02337   0.13220  -0.04049 
 -0.03421   0.00396   0.06300  -0.04537  -0.02071   0.00593  -0.00039   0.01535   0.08073  -0.03412   0.00946  -0.05870   0.00877  -0.01407   0.05604  -0.06563  -0.16783   0.01841   0.11325  -0.01638 
 -0.00776  -0.00455   0.04193  -0.03555  -0.01543   0.02550  -0.00729   0.00031   0.05641  -0.01676   0.00003  -0.03780   0.01840  -0.00730   0.02746  -0.04913  -0.17349   0.01636   0.10413   0.00128 
 -0.01304   0.00427   0.02872  -0.02376  -0.05103   0.02730   0.03484  -0.01926   0.05508  -0.02887   0.03014  -0.05875   0.00495  -0.01489   0.06997  -0.08049  -0.19932   0.02378   0.12715  -0.02134 
 -0.03135   0.00135   0.06360  -0.04603   0.00507   0.00147  -0.02581   0.02225   0.08717  -0.04055   0.01091  -0.06190   0.04002  -0.03945   0.04437  -0.05810  -0.15978   0.01933   0.10678  -0.01448 
  0.01166  -0.01484   0.03170  -0.03239   0.00071   0.01494  -0.02433   0.01314   0.06205  -0.03711   0.01128  -0.03729   0.04047  -0.02716   0.04212  -0.07404  -0.16392   0.02182   0.11350  -0.02354 
  0.00031  -0.00752   0.03384  -0.03075  -0.05523   0.03582   0.01060   0.00655   0.06616  -0.03426   0.02348  -0.05810  -0.00974  -0.00382   0.06276  -0.06502  -0.18013   0.03290   0.13261  -0.05379 
 -0.03064   0.00779   0.05552  -0.04353  -0.01089   0.03128  -0.03880   0.02456   0.08674  -0.04499   0.00286  -0.04835   0.02423  -0.02030   0.04463  -0.06242  -0.15233   0.00841   0.10452  -0.00366 
  0.00334  -0.00670   0.02643  -0.02594  -0.03675   0.03473  -0.03297   0.03871   0.07200  -0.03422  -0.01855  -0.01964   0.01853  -0.00782   0.01960  -0.03795  -0.15411   0.02237   0.08139   0.00899 
 -0.01223   0.00347   0.01072  -0.00312  -0.03938   0.03940  -0.00522   0.00724   0.07578  -0.02973   0.00061  -0.04734   0.01585  -0.00789   0.03742  -0.05843  -0.15262   0.02740   0.09170  -0.01023 
 -0.01414   0.00705   0.02989  -0.02721  -0.01727   0.04244  -0.04805   0.02941   0.07855  -0.02345  -0.02329  -0.03143   0.02356  -0.02835   0.04261  -0.04640  -0.10782   0.00025   0.09130  -0.00937 
  0.00413  -0.00423   0.01443  -0.01551   0.00356   0.03669  -0.07492   0.04060   0.06882  -0.03184  -0.04921   0.00937   0.03203  -0.00417  -0.00700  -0.02937  -0.12225   0.02840   0.04984   0.01548 
  0.00492   0.00699  -0.02152   0.00971  -0.05953   0.05704  -0.01592   0.01964   0.04731  -0.04448   0.01536  -0.02027  -0.00236   0.01307   0.03786  -0.06602  -0.17786   0.04074   0.09842  -0.01867 
 -0.03939   0.01654   0.03361  -0.01751  -0.02871   0.04212  -0.03797   0.03001   0.11215  -0.04059  -0.02226  -0.05583   0.03166  -0.01791   0.01965  -0.04235  -0.14274   0.04515   0.07969  -0.02494 
  0.00882   0.00705   0.00796  -0.02573   0.02352   0.06979  -0.12631   0.03445   0.12852  -0.06136  -0.07783  -0.00626   0.08810  -0.02173  -0.06799  -0.02228  -0.07782   0.01271   0.03599   0.01568 
  0.05198  -0.00165  -0.06008   0.00581   0.05901   0.04291  -0.08234  -0.01709   0.15416  -0.03613  -0.10359  -0.03739   0.12922   0.04318  -0.16098  -0.11290  -0.12071   0.07568   0.02160  -0.01586 
  0.06737   0.03098  -0.07336  -0.03713   0.13758   0.01896  -0.12008  -0.06318   0.21596  -0.04039  -0.11893  -0.11443   0.21066  -0.00691  -0.09299  -0.34501   0.00541   0.05439  -0.00185  -0.07457 
  0.15276   0.00098  -0.08340  -0.11906   0.22327  -0.05546  -0.22792  -0.04409   0.25837  -0.11138  -0.23798  -0.03400   0.28487  -0.13177  -0.19280  -0.21963  -0.03181   0.00191   0.01238   0.01422 
  0.21358  -0.08465  -0.16463  -0.05287  -0.27335  -0.39295   0.34074  -0.21207  -0.10773  -0.23088   0.24647  -0.09146  -0.03823  -0.23466   0.26809  -0.15133  -0.41087  -0.30413   0.40040  -0.17340 
 -0.20372  -0.31482   0.33487  -0.16048  -2.05290  -4.43143   0.54164  -4.43143  -1.60506  -4.43143   0.57908  -4.43143  -2.23209  -4.43143   0.62045  -4.43143  -1.74298  -4.43143   0.61681  -4.43143 
 -1.97066  -4.43143   0.58894  -4.43143  -4.43143  -4.43143  -4.43143   0.61058  -4.43143  -4.43143  -4.43143  -4.43143  -4.43143  -1.16359  -4.43143   0.67463  -4.43143  -4.43143  -4.43143  -4.43143 
 -4.43143  -1.11246  -4.43143   0.60640  -4.43143  -4.43143  -4.43143  -4.43143   0.55878  -1.15422  -0.34142  -0.83910  -4.43143  -4.43143  -4.43143  -4.43143   0.47686  -0.81038  -0.03958  -0.79756 
  0.45938  -0.78066  -0.07210  -0.78846   0.24888   0.05928  -0.48800  -0.05860   0.43393  -0.11630  -0.45419  -0.40694   0.41106  -0.15967  -0.48625  -0.68612   0.18977   0.08791  -0.25073  -0.18126 
  0.31046  -0.02784  -0.44843  -0.15382  -0.92753  -1.18361   0.51369  -1.07447  -0.67307  -0.89453   0.52525  -0.80210  -0.73760  -0.85547   0.56531  -0.81178  -0.63828  -0.99382   0.56147  -0.77542 
 -0.78617  -1.04786   0.54750  -0.89973  -0.31582   0.00571  -0.05543   0.21807  -0.07570  -0.10884  -0.02191   0.13944  -0.49319  -0.11786  -0.59565   0.48513  -0.09855  -0.10181   0.03058   0.13196 
 -0.42435  -0.06708  -0.51394   0.39996  -0.01892   0.10366  -0.15918   0.06467   0.10003   0.03943  -0.20686   0.02728  -0.00498   0.11249  -0.25137   0.04443   0.03613   0.02116  -0.06819   0.00150 
  0.02840   0.05404  -0.13129   0.02861  -0.10088   0.11239  -0.18280   0.12948   0.01595   0.04497  -0.16417   0.07069  -0.08623   0.11305  -0.12653   0.04301  -0.15978   0.06683  -0.04613   0.07909 
 -0.07894   0.07684  -0.12842   0.09079  -0.00955   0.12738  -0.19656   0.05783   0.04878   0.10443  -0.26780   0.04337  -0.01764   0.10589  -0.17216   0.01774  -0.12312   0.10049  -0.10459   0.05945 
 -0.02739   0.10703  -0.18532   0.05416  -0.07134   0.15849  -0.17647   0.06053  -0.04936   0.20717  -0.26899  -0.00161  -0.06140   0.17111  -0.19288  -0.04321  -0.21855   0.16840  -0.10105   0.01697 
 -0.10242   0.17442  -0.18417   0.02224  -0.10809   0.18253  -0.20420   0.07703  -0.07945   0.23048  -0.27783  -0.00947  -0.12325   0.16300  -0.19905   0.04158  -0.24867   0.19141  -0.13781   0.02123 
 -0.13791   0.19437  -0.21201   0.03471  -0.07825   0.15216  -0.20832   0.09232  -0.07496   0.19099  -0.22214   0.01372  -0.07193   0.13588  -0.22498   0.05924  -0.23734   0.15580  -0.09374   0.04071 
 -0.11993   0.16060  -0.18436   0.05451  -0.06093   0.12713  -0.17334   0.08383  -0.05389   0.16410  -0.19221   0.01619  -0.08964   0.13392  -0.17190   0.04470  -0.23457   0.13338  -0.08632   0.06534 
 -0.11155   0.14004  -0.15585   0.05801  -0.04881   0.12523  -0.17675   0.07896  -0.03012   0.13374  -0.16833   0.02046  -0.05120   0.10298  -0.14841   0.04165  -0.22032   0.12321  -0.09669   0.07857 
 -0.08898   0.12059  -0.14751   0.06119  -0.06527   0.10469  -0.11488   0.06786  -0.03590   0.12818  -0.17919   0.03750  -0.09338   0.10213  -0.12086   0.06254  -0.22432   0.13238  -0.09270   0.06611 
 -0.10435   0.11789  -0.13129   0.06434  -0.05911   0.10917  -0.16468   0.09414  -0.02469   0.14507  -0.20177   0.02335  -0.08193   0.10258  -0.13465   0.06183  -0.19435   0.11672  -0.08503   0.06614 
 -0.09060   0.12031  -0.14963   0.06406  -0.05724   0.11208  -0.15996   0.08698  -0.02689   0.13140  -0.19306   0.03553  -0.06750   0.10015  -0.14784   0.06171  -0.16832   0.10798  -0.09056   0.06702 
 -0.08245   0.11237  -0.14963   0.06776  -0.04173   0.11803  -0.16484   0.07280  -0.01521   0.11961  -0.18091   0.03269  -0.05935   0.07809  -0.13204   0.07517  -0.18415   0.10444  -0.07256   0.06745 
 -0.07689   0.10409  -0.13829   0.06605  -0.04342   0.09808  -0.14390   0.07894   0.00348   0.09502  -0.17740   0.04196  -0.04203   0.06752  -0.11248   0.05879  -0.15084   0.08350  -0.07674   0.07712 
 -0.05955   0.08432  -0.13036   0.07036  -0.05482   0.09067  -0.14579   0.09543  -0.00691   0.08528  -0.16103   0.04968  -0.04566   0.07749  -0.11855   0.05267  -0.14556   0.06689  -0.04296   0.06875 
 -0.06559   0.07715  -0.11591   0.07278  -0.06108   0.07896  -0.10799   0.08346   0.01137   0.06078  -0.13033   0.03971  -0.03249   0.06035  -0.11306   0.05970  -0.15722   0.05466  -0.02988   0.07878 
 -0.06046   0.06105  -0.09368   0.07030  -0.03000   0.06677  -0.12710   0.08476   0.01011   0.07210  -0.12321   0.02509  -0.03573   0.05589  -0.08988   0.05067  -0.15302   0.06013  -0.01924   0.06215 
 -0.05345   0.06333  -0.08844   0.05870  -0.02537   0.05618  -0.09930   0.06924   0.02608   0.05578  -0.12964   0.03200  -0.03525   0.06907  -0.10035   0.03972  -0.13357   0.04205  -0.00887   0.06216 
 -0.04186   0.05421  -0.08317   0.05527  -0.04436   0.06648  -0.09353   0.07073   0.01579   0.06430  -0.11281   0.02080  -0.01207   0.04208  -0.08433   0.03983  -0.12744   0.04886  -0.00104   0.04421 
 -0.04237   0.05399  -0.07166   0.04685  -0.01986   0.05633  -0.07090   0.04037   0.01343   0.06333  -0.10878   0.02083   0.00003   0.03103  -0.07008   0.02864  -0.12956   0.02507   0.03540   0.03858 
 -0.03399   0.04241  -0.05189   0.03582  -0.03473   0.04385  -0.05341   0.04848   0.03889   0.03859  -0.08309   0.00325   0.01345   0.00674  -0.04023   0.01713  -0.11373   0.04310   0.03488   0.00765 
 -0.02158   0.03249  -0.03549   0.02091  -0.02113   0.02996  -0.04813   0.04409   0.04100   0.04568  -0.08728  -0.00228   0.02277   0.00354  -0.03457   0.00366  -0.12882   0.01969   0.04579   0.03379 
 -0.01681   0.02388  -0.03117   0.02179   0.00224   0.03194  -0.08145   0.05170   0.05169   0.03125  -0.08248  -0.00216   0.00829   0.02990  -0.05073   0.00128  -0.12102   0.03034   0.03823   0.02433 
 -0.01060   0.03040  -0.04358   0.02053  -0.01569   0.03862  -0.06814   0.05019   0.06830   0.02998  -0.08573  -0.01465   0.00436   0.02825  -0.05049   0.00849  -0.12335   0.03643   0.03248   0.02463 
 -0.01148   0.03197  -0.04261   0.01876  -0.04133   0.06792  -0.08103   0.05670   0.05767   0.04314  -0.08245  -0.01980  -0.00475   0.02257  -0.04822   0.02547  -0.10877   0.03464   0.02038   0.02856 
 -0.02019   0.03957  -0.04796   0.02331  -0.01871   0.04224  -0.06749   0.04906   0.05296   0.03335  -0.08765  -0.00124  -0.01423   0.04821  -0.05101   0.00194  -0.11684   0.01578   0.03624   0.03957 
 -0.02054   0.03324  -0.04213   0.02525  -0.00773   0.02774  -0.05600   0.04151   0.05032   0.03233  -0.07603  -0.00715  -0.00736   0.02456  -0.04774   0.02531  -0.09239   0.02393   0.03789   0.01188 
 -0.01223   0.02636  -0.03508   0.01857  -0.03609   0.04278  -0.05263   0.04984   0.03729  -0.00764  -0.07072   0.03564  -0.03879   0.06912  -0.07050   0.01700  -0.10094  -0.00086   0.06025   0.02223 
 -0.03235   0.02541  -0.03130   0.03410  -0.04456   0.09717  -0.06649   0.01714   0.01335  -0.03589  -0.10441   0.09724  -0.05953   0.10857  -0.06050  -0.03852  -0.06004  -0.00870   0.07036  -0.01197 
 -0.03802   0.04139  -0.03746   0.02756  -0.01539   0.09788  -0.08710   0.00918  -0.04866  -0.07916  -0.11640   0.16570  -0.03136   0.10947  -0.08861  -0.04568   0.01102  -0.06037   0.08336  -0.03788 
 -0.02318   0.01864  -0.04754   0.04744   0.02878   0.13353  -0.13518  -0.03580  -0.05149  -0.11028  -0.16363   0.20325  -0.01548   0.12463  -0.13047  -0.05619   0.05209  -0.07948   0.10107  -0.08930 
  0.00341   0.02204  -0.06813   0.03770   0.05575   0.14877  -0.18288  -0.04720  -0.04205  -0.13582  -0.20240   0.22437   0.06148   0.10116  -0.14645  -0.11347   0.06521  -0.11050   0.10766  -0.08222 
  0.03474   0.00612  -0.08828   0.03995   0.05707   0.18436  -0.25476  -0.04439  -0.01930  -0.13684  -0.18074   0.20567   0.09752   0.08875  -0.20608  -0.09747   0.10391  -0.14755   0.11516  -0.11042 
  0.06012   0.00711  -0.10509   0.02587   0.06065   0.18475  -0.27217  -0.03735  -0.00417  -0.09972  -0.15544   0.17061   0.13166   0.04806  -0.17608  -0.11284   0.08373  -0.11122   0.10322  -0.10014 
  0.06652   0.01224  -0.10573   0.01397   0.03824   0.19746  -0.26379  -0.03463   0.01687  -0.10131  -0.16394   0.16301   0.11403   0.02959  -0.12457  -0.09270   0.06515  -0.10397   0.10561  -0.08602 
  0.05548   0.01425  -0.09845   0.01825   0.01423   0.19466  -0.26942   0.00007   0.03223  -0.05202  -0.14611   0.11788   0.12591   0.02869  -0.15843  -0.08087   0.05199  -0.09899   0.08600  -0.04705 
  0.05286   0.02287  -0.10757   0.01927   0.02182   0.16130  -0.20692  -0.00521   0.03648  -0.05219  -0.11582   0.09804   0.09017   0.02937  -0.11132  -0.06049   0.01460  -0.08151   0.09884  -0.03985 
  0.03736   0.01443  -0.07328   0.01647   0.01075   0.14196  -0.18880   0.01725   0.05463  -0.03628  -0.11603   0.07380   0.06470   0.03431  -0.11148  -0.02587   0.01449  -0.03715   0.07947  -0.06276 
  0.03437   0.02417  -0.07641   0.01185  -0.01456   0.15519  -0.18190   0.02071   0.03947  -0.01276  -0.11184   0.06650   0.06246   0.04769  -0.14205  -0.01634   0.00891  -0.04826   0.06420  -0.02492 
  0.02210   0.03353  -0.08469   0.02129  -0.02984   0.14222  -0.12706   0.00727   0.08000  -0.00935  -0.14304   0.04938   0.02113   0.05228  -0.12647   0.02086   0.01415  -0.03382   0.06572  -0.04837 
  0.02097   0.03376  -0.07492   0.01391  -0.03334   0.10317  -0.05084  -0.01597   0.12906  -0.02007  -0.14543   0.01044   0.01300   0.05690  -0.09297  -0.00531   0.03268  -0.04365   0.04756  -0.03533 
  0.03821   0.02001  -0.05536  -0.00674  -0.07219   0.06886   0.02481  -0.03029   0.14861  -0.02943  -0.16533   0.00911   0.00293   0.05453  -0.09406   0.01235   0.04218  -0.01444   0.02920  -0.05873 
  0.03492   0.01696  -0.04089  -0.01366  -0.07998   0.05166   0.06445  -0.06031   0.16559  -0.03553  -0.15698  -0.01204  -0.00173   0.03484  -0.03849  -0.00614   0.04700  -0.03695   0.00914  -0.01599 
  0.03899   0.00123  -0.01995  -0.02209  -0.11526   0.02867   0.10598  -0.06956   0.18366  -0.04100  -0.16389  -0.02634   0.00354   0.02513  -0.04008   0.00344   0.06559  -0.03443   0.02638  -0.05954 
  0.04218  -0.00638  -0.00135  -0.03786  -0.11372   0.01584   0.11533  -0.07333   0.15715  -0.03311  -0.15489  -0.00500  -0.01729   0.03218  -0.02545   0.00326   0.04200  -0.02880   0.03472  -0.04767 
