IntronPotTab 1 1024 -33.96795 4.30111 32.67229 14696 6 16  156.12
    0.03810
    0.01701
   -0.06924
   -0.02177
   -0.06935
    0.10911
   -0.03859
   -0.05346
    0.07179
    0.03038
   -0.08826
   -0.02619
   -0.08300
    0.06545
   -0.07451
    0.01976
    0.03077
    0.01542
   -0.21462
    0.10666
   -0.05589
    0.14445
   -0.08016
   -0.14642
   -0.04202
    0.11354
   -0.20390
   -0.06823
   -0.29616
    0.16849
    0.01301
   -0.31018
    0.01826
    0.09421
   -0.09380
   -0.06776
   -0.08208
    0.05652
    0.02966
   -0.06586
    0.29956
   -0.18189
   -0.22152
   -0.40774
   -0.12475
   -0.00429
   -0.02957
    0.10406
   -0.05378
    0.11311
   -0.17730
    0.01329
   -0.14199
    0.26386
   -0.16102
   -0.12877
    0.13265
    0.00838
   -0.09229
   -0.13316
    0.06535
    0.04405
   -0.12016
   -0.01422
    0.12823
   -0.01018
   -0.24401
    0.19944
    0.17633
   -0.04773
   -0.30261
    0.42645
    0.12723
   -0.08393
   -0.09295
    0.15514
   -0.05759
   -0.01503
   -0.30420
    0.38604
    0.19596
    0.03910
   -0.27853
   -0.03747
   -0.06154
    0.21192
   -0.18011
   -0.07196
    0.10585
    0.02753
   -0.12908
   -0.09712
    0.16227
    0.07212
   -0.14327
   -0.08149
   -0.03333
    0.11484
   -0.26372
   -0.00355
   -0.22681
    0.22481
   -0.14726
   -0.07640
    0.04673
    0.00847
   -0.05224
   -0.01657
   -0.19621
   -0.00951
   -0.17852
    0.26974
    0.21614
   -0.15605
    0.01621
    0.09439
   -0.06452
    0.26495
   -0.34971
   -0.03953
    0.38696
   -0.53221
    0.05976
   -0.31116
   -0.15756
   -0.16897
   -0.42914
    0.31392
    0.08156
   -0.02812
   -0.05409
    0.10062
   -0.03847
   -0.01666
   -0.01890
    0.12845
    0.06326
   -0.03936
   -0.01750
    0.00275
   -0.02337
    0.08729
   -0.17991
    0.10227
    0.05413
    0.00760
   -0.08538
    0.07680
   -0.03717
    0.12990
   -0.02981
   -0.11262
    0.04194
   -0.01818
    0.00459
   -0.02261
    0.09805
   -0.03017
    0.03641
   -0.01781
   -0.21292
    0.28487
   -0.19445
   -0.21455
   -0.07801
   -0.04958
    0.03324
   -0.02287
   -0.09781
   -0.06433
   -0.08827
    0.21256
   -0.21260
   -0.01979
    0.02623
    0.08830
    0.05608
   -0.09397
    0.01630
    0.17612
    0.06450
   -0.04136
   -0.02643
    0.08739
    0.11375
   -0.07547
   -0.03217
    0.05843
    0.05694
   -0.06048
   -0.19822
    0.19333
   -0.02697
    0.09652
   -0.13745
    0.03876
    0.02513
   -0.16700
    0.15999
   -0.38887
    0.00392
    0.01476
    0.01836
   -0.04816
   -0.15372
    0.07244
   -0.21118
    0.10928
   -0.02692
    0.07957
   -0.17903
    0.03873
   -0.15658
    0.17423
   -0.21419
    0.07190
    0.06435
    0.06759
   -0.20398
   -0.08598
   -0.07961
    0.10686
   -0.04892
   -0.14774
    0.12710
    0.02255
   -0.16670
   -0.06291
   -0.05959
    0.08977
   -0.00783
   -0.07486
    0.10097
   -0.09292
    0.01397
   -0.08150
   -0.11740
   -0.01240
    0.03247
    0.05714
    0.01892
   -0.06300
    0.00500
    0.03812
   -0.03096
    0.09424
   -0.05090
   -0.00523
    0.02889
    0.01560
   -0.07075
    0.02054
   -0.09984
   -0.00676
   -0.08179
    0.08683
    0.04135
    0.07842
   -0.26509
    0.07989
   -0.24707
   -0.14116
   -0.28169
    0.44819
    0.01771
    0.01114
   -0.02409
    0.00164
   -0.17779
    0.15899
   -0.44832
   -0.09029
   -0.15349
    0.27337
   -0.43701
   -0.09746
   -0.26892
    0.34106
   -0.25091
   -0.07283
   -0.03205
    0.07457
   -0.12610
    0.01672
   -0.21725
   -0.10478
    0.25314
   -0.15946
   -0.08906
    0.01624
   -0.07759
    0.12463
   -0.05624
    0.12110
   -0.04215
   -0.02357
   -0.13634
   -0.01308
    0.24287
   -0.24572
   -0.05919
    0.07669
   -0.07796
   -0.00168
   -0.35112
    0.31757
   -0.54431
   -0.32340
   -0.10650
    0.09420
   -0.07306
    0.11474
   -0.00609
    0.08262
   -0.06742
   -0.01102
   -0.23467
    0.06838
   -0.30268
    0.09588
    0.03043
    0.10115
   -0.32979
    0.22271
   -0.10060
    0.20827
   -0.22630
   -0.10772
    0.08174
   -0.07520
    0.08032
   -0.10131
    0.49043
   -0.00393
   -0.57189
    0.01990
   -0.14298
    0.01457
   -0.21485
    0.21261
   -0.02595
    0.01442
   -0.02336
    0.06534
    0.07981
    0.00808
   -0.16510
    0.06262
    0.04635
    0.10077
   -0.34680
   -0.07248
   -0.11911
    0.10948
   -0.32979
    0.24463
   -0.18398
    0.03502
   -0.02641
    0.10592
   -0.05622
    0.11159
   -0.18217
    0.05716
   -0.13398
    0.05051
   -0.33519
    0.19210
    0.08447
   -0.15871
   -0.03293
    0.10949
   -0.09015
    0.00365
    0.00374
    0.04302
    0.31797
   -0.16895
   -0.20422
   -0.06420
    0.37656
   -0.29840
   -0.64778
    0.47240
    0.06481
    0.05568
   -0.18837
    0.16968
   -0.00934
    0.19571
   -0.08486
    0.08946
    0.12288
   -0.02670
   -0.04924
   -0.00654
   -0.07357
    0.15139
   -0.26844
    0.03188
   -0.04282
   -0.01644
   -0.24940
    0.29177
   -0.21088
    0.22908
   -0.14970
    0.18562
   -0.05787
    0.07911
   -0.20508
    0.11831
   -0.17301
   -0.04649
   -0.18690
    0.28359
    0.08304
    0.01753
   -0.10009
    0.08059
   -0.13312
   -0.00876
    0.03116
   -0.10578
    0.02486
    0.01896
   -0.01582
   -0.03377
   -0.09535
   -0.00092
   -0.15731
    0.26437
    0.04555
   -0.09161
   -0.23569
    0.30664
   -0.15896
    0.05639
   -0.02208
    0.09468
   -0.08829
   -0.14324
    0.13055
    0.06318
   -0.22153
    0.04373
   -0.27648
    0.16121
   -0.06564
    0.20295
   -0.25227
    0.00660
    0.01184
    0.10779
   -0.08645
    0.00198
   -0.02249
   -0.09277
    0.13702
    0.01910
   -0.04031
   -0.00408
    0.01920
    0.01247
   -0.15776
    0.21880
   -0.26540
   -0.03211
    0.06378
    0.15347
   -0.01661
   -0.21911
    0.02152
    0.07755
   -0.12458
   -0.07357
   -0.31223
    0.18023
   -0.30663
   -0.19741
   -0.41544
    0.39366
   -0.55290
   -0.34237
   -0.07198
    0.07215
   -0.02422
    0.02163
   -0.27358
   -0.13223
   -0.22032
    0.37565
   -0.10337
    0.02072
   -0.07502
    0.09947
    0.37752
   -0.31115
   -0.52505
   -0.39550
   -0.06374
    0.15690
   -0.09399
    0.00685
    0.09695
   -0.05327
   -0.15995
    0.08336
   -0.32781
    0.14615
   -0.18867
   -0.05020
    0.06467
    0.03652
   -0.17115
    0.07208
   -0.31853
   -0.03147
    0.05552
    0.12425
    0.04952
   -0.00794
    0.00310
   -0.11899
   -0.12207
    0.04541
   -0.05323
    0.04876
   -0.08121
    0.14331
   -0.22295
    0.03236
   -0.28923
    0.09525
    0.07886
   -0.18359
   -0.08223
    0.14277
   -0.16917
   -0.04294
   -0.33455
   -0.13520
   -0.00825
    0.17857
   -0.01840
    0.06866
   -0.06245
    0.00556
   -0.11173
    0.10521
    0.05055
   -0.14103
    0.07265
    0.01572
   -0.01787
   -0.18502
   -0.07659
    0.07481
   -0.04919
   -0.01340
   -0.02173
   -0.01314
   -0.10265
    0.08917
   -0.32980
    0.19449
   -0.00184
   -0.13223
    0.04181
    0.05861
   -0.08910
   -0.04284
   -0.01591
    0.09458
   -0.21131
    0.01464
    0.05919
   -0.01066
   -0.18780
    0.25109
   -0.05367
    0.04552
   -0.02931
    0.04197
    0.05202
   -0.03150
   -0.00918
    0.01620
   -0.10781
    0.07621
   -0.30811
    0.15626
    0.07768
    0.01778
   -0.15339
    0.01766
    0.08512
    0.08540
   -0.07350
   -0.05449
    0.10337
   -0.04092
   -0.09008
    0.06079
    0.08101
   -0.16546
   -0.44878
    0.32159
   -0.01248
    0.05928
   -0.14937
    0.09737
   -0.11082
   -0.01310
    0.03761
   -0.06445
   -0.00348
    0.02808
   -0.04360
   -0.01956
   -0.31066
   -0.00408
   -0.00297
    0.09584
    0.13766
   -0.10213
   -0.04890
    0.04158
   -0.03438
   -0.03708
    0.03005
   -0.01774
    0.29960
   -0.19188
   -0.11538
   -0.12883
   -0.24701
   -0.04906
   -0.47360
    0.35377
    0.09619
    0.01358
   -0.13573
    0.11533
   -0.22177
   -0.06141
   -0.12780
    0.46987
    0.00946
   -0.03345
    0.03853
   -0.08671
   -0.00176
    0.04695
   -0.10469
    0.07029
    0.11847
    0.01044
   -0.12003
   -0.01643
   -0.12144
    0.13731
    0.00413
   -0.10958
   -0.06831
    0.04634
   -0.04833
    0.08138
    0.03614
    0.01322
   -0.01611
   -0.01333
    0.05571
    0.01252
   -0.05968
    0.00227
   -0.01283
    0.01754
    0.00948
   -0.04277
   -0.01376
   -0.00827
    0.05930
   -0.06503
   -0.17899
    0.10554
   -0.13211
    0.05543
    0.26271
   -0.11598
   -0.17204
    0.03420
   -0.26120
    0.29096
   -0.11865
   -0.18027
    0.26495
   -0.08752
   -0.16286
   -0.24542
   -0.15711
   -0.04158
   -0.34234
    0.26703
   -0.05866
    0.06095
    0.06729
   -0.09524
   -0.05916
    0.00545
    0.05244
   -0.05358
    0.02641
    0.04389
   -0.03595
   -0.03868
   -0.18982
   -0.03419
    0.15068
   -0.06192
   -0.03522
    0.09942
   -0.20638
    0.06702
   -0.25288
    0.30361
   -0.09338
   -0.16571
   -0.09160
    0.06456
   -0.07477
    0.02024
   -0.25652
    0.14654
   -0.13684
   -0.14733
    0.30524
   -0.14493
   -0.34080
   -0.22829
    0.02994
    0.10968
   -0.05981
   -0.06466
   -0.13467
   -0.17512
   -0.14228
    0.33176
   -0.19198
    0.11899
   -0.08209
    0.02616
    0.01844
    0.00863
   -0.06219
    0.01506
   -0.23661
    0.12943
    0.05069
   -0.10846
   -0.09842
   -0.00988
    0.08551
    0.02029
   -0.28469
    0.13602
   -0.22928
    0.06060
   -0.00842
    0.04485
   -0.11311
    0.03574
   -0.05828
    0.13584
   -0.10888
    0.01332
   -0.34074
   -0.56562
    0.35645
   -0.53428
   -0.23570
    0.11019
   -0.16099
    0.15167
   -0.07451
    0.23772
   -0.29876
   -0.22107
   -0.14814
    0.19032
   -0.08173
   -0.11600
    0.28590
   -0.21144
   -0.24922
   -0.26832
    0.02525
   -0.06659
   -0.00133
    0.04622
   -0.01748
    0.05151
   -0.11732
    0.06121
   -0.05164
   -0.02928
    0.07180
   -0.02393
   -0.11379
   -0.05685
    0.13465
   -0.10077
   -0.00639
    0.00670
   -0.09389
    0.06573
   -0.30113
    0.35240
   -0.35862
   -0.28130
   -0.01844
   -0.02291
   -0.12052
    0.18910
    0.05300
   -0.12862
    0.09336
   -0.11234
   -0.19042
   -0.00321
   -0.20864
    0.14444
   -0.27294
    0.20507
   -0.63857
    0.32829
    0.20967
    0.01592
   -0.15107
    0.13203
    0.12769
   -0.09677
   -0.05426
    0.12838
   -0.02799
    0.03048
   -0.36217
    0.31090
    0.02969
    0.13500
   -0.44692
    0.01796
   -0.11091
    0.08491
   -0.08237
    0.05385
   -0.02019
    0.06305
   -0.27283
    0.05385
   -0.00660
   -0.06353
   -0.31997
    0.23682
   -0.07466
    0.10593
   -0.28106
    0.17702
   -0.15861
   -0.11304
   -0.01892
    0.31262
   -0.02939
    0.04361
   -0.17752
    0.14201
   -0.07310
    0.01244
   -0.21759
    0.19113
    0.05400
   -0.10042
   -0.04552
    0.10870
   -0.05214
   -0.01039
   -0.24242
    0.35495
    0.40379
   -0.28922
   -0.33324
   -0.02944
    0.17584
   -0.02877
   -0.36060
    0.24534
   -0.22997
    0.27564
   -0.43488
   -0.04299
   -0.16098
    0.11726
   -0.02458
   -0.07795
    0.10860
   -0.13823
    0.06682
    0.03358
   -0.00619
    0.08432
   -0.17706
    0.15282
    0.00632
    0.07057
   -0.18647
    0.09072
   -0.05844
    0.06879
   -0.08058
    0.10714
    0.02237
   -0.01232
   -0.06617
    0.06371
    0.07276
   -0.06627
   -0.03039
    0.14004
    0.08791
    0.04368
   -0.17691
    0.08233
    0.01455
   -0.10237
    0.02667
    0.02001
    0.00737
    0.01361
   -0.04729
    0.03047
   -0.45766
    0.00537
    0.04710
    0.06206
   -0.03512
   -0.12974
   -0.15555
    0.32612
    0.11969
   -0.13212
   -0.11752
    0.36465
    0.14580
   -0.08489
   -0.11739
    0.12099
    0.02088
   -0.12177
   -0.18163
    0.28547
   -0.44335
   -0.29004
    0.35044
   -0.20857
    0.04451
   -0.02420
   -0.10314
    0.11071
    0.05739
   -0.09580
    0.05467
   -0.04355
   -0.09130
   -0.00163
   -0.15570
    0.09235
    0.37898
   -0.21547
   -0.58732
   -0.26796
   -0.25131
    0.19127
   -0.16231
    0.01416
   -0.00010
    0.07106
   -0.24513
    0.02332
   -0.00150
    0.02457
    0.04554
   -0.05695
    0.07361
    0.00221
   -0.18941
    0.04343
   -0.17435
    0.23077
   -0.13090
   -0.12469
   -0.06481
    0.08517
   -0.10339
    0.02111
    0.01971
   -0.11630
   -0.02487
    0.10365
   -0.02162
    0.04641
   -0.15313
    0.06338
    0.27511
   -0.06806
   -0.27356
   -0.02737
    0.12842
    0.00677
   -0.26963
    0.04870
   -0.18595
    0.03366
   -0.15607
    0.09355
