8 20 7 1 43 -3.6342 1.7266 2.9739 13609
  0.02996   0.03767  -0.12084   0.08285   0.08222   0.07810  -0.24987   0.02976  -0.05941   0.12888  -0.11135   0.09722   0.14437   0.02138  -0.22110  -0.02797  -0.04875  -0.01747  -0.16122   0.17609 
  0.03451   0.05440  -0.14845   0.08135   0.00332   0.14141  -0.28577   0.01437  -0.03062   0.12399  -0.10799   0.08001   0.06296   0.01861  -0.11359   0.01263  -0.07326  -0.00031  -0.18429   0.17240 
 -0.01842   0.06959  -0.13135   0.08029   0.12664   0.06076  -0.34330   0.06913  -0.05056   0.09968  -0.11960   0.15284   0.10513   0.01226  -0.17603   0.01969  -0.07042  -0.01418  -0.17518   0.18517 
  0.02070   0.03821  -0.14748   0.11844   0.05303   0.10338  -0.25045   0.01425  -0.02261   0.14018  -0.14740   0.11812   0.08298   0.08180  -0.25964  -0.02278  -0.04112  -0.03116  -0.14690   0.18334 
  0.00375   0.07484  -0.17001   0.09441   0.09509   0.06664  -0.26440   0.04696  -0.05038   0.14189  -0.13228   0.10710   0.11991  -0.03008  -0.11603   0.01496  -0.07225  -0.04264  -0.15277   0.20822 
  0.01178   0.03902  -0.13188   0.10823   0.11143   0.09327  -0.34876   0.02973   0.01097   0.08636  -0.18304   0.22473   0.12998  -0.00937  -0.16351   0.00721  -0.13355  -0.00605  -0.13744   0.16908 
  0.03885   0.04073  -0.18255   0.13327   0.05039   0.11056  -0.25021   0.00079   0.00221   0.11867  -0.13024   0.10780   0.15093   0.02256  -0.23074  -0.03501  -0.03512  -0.03578  -0.13588   0.18108 
  0.02945   0.05535  -0.15290   0.08897   0.10137   0.08712  -0.32723   0.04258  -0.01048   0.09677  -0.10584   0.10774   0.15142  -0.01465  -0.14965  -0.03652  -0.09173  -0.03719  -0.13527   0.19724 
  0.04167   0.03277  -0.13282   0.09397   0.08915   0.13241  -0.36610  -0.01820  -0.00831   0.14932  -0.17035   0.12988   0.14176   0.00608  -0.19276  -0.01676  -0.04989   0.00687  -0.07018   0.07803 
  0.04512   0.07583  -0.17249   0.05846   0.02789   0.13953  -0.29406  -0.00454   0.05089   0.12202  -0.18802   0.15854   0.17101  -0.01767  -0.19195  -0.02814  -0.07994   0.01054  -0.08463   0.09362 
  0.04887   0.06283  -0.16725   0.07344   0.17709   0.09937  -0.40023  -0.06389  -0.03101   0.11343  -0.13251   0.14207   0.13017  -0.00713  -0.13932  -0.02131  -0.07804   0.01795  -0.07037   0.06832 
  0.05259   0.05596  -0.14049   0.05238  -0.02104   0.19310  -0.40395  -0.01388  -0.02747   0.17745  -0.20383   0.14238   0.16681  -0.01950  -0.19362  -0.01456  -0.02506   0.00644  -0.05859   0.05951 
  0.02809   0.09325  -0.18843   0.05750   0.00346   0.15222  -0.31314   0.00781   0.00084   0.12783  -0.20736   0.20692   0.13167  -0.00939  -0.18820   0.02624  -0.05662   0.01005  -0.04463   0.05174 
  0.01072   0.06799  -0.16668   0.09733  -0.01976   0.17859  -0.38612   0.01469  -0.00919   0.13516  -0.13347   0.09331   0.11516   0.00460  -0.11936  -0.03923  -0.01848   0.00849  -0.02751   0.02238 
  0.00176   0.08003  -0.12331   0.03311   0.04913   0.13658  -0.38339   0.03788  -0.03968   0.20180  -0.21241   0.11666   0.18130  -0.05758  -0.19556   0.02497   0.00267   0.01302  -0.06846   0.04527 
  0.04984   0.07970  -0.18661   0.06146  -0.00890   0.16740  -0.31526  -0.01679   0.04649   0.17315  -0.20525   0.10009   0.13319   0.02828  -0.19865  -0.04199  -0.03244  -0.00857  -0.01023   0.04178 
  0.02690   0.09205  -0.16323   0.03311  -0.00413   0.19002  -0.41325  -0.01922  -0.08339   0.18767  -0.16373   0.09584   0.14934  -0.02962  -0.12127  -0.03392  -0.03588   0.00073  -0.03501   0.05162 
  0.00104   0.09150  -0.14185   0.03328   0.05512   0.14485  -0.46341   0.05420  -0.08074   0.18422  -0.16819   0.10849   0.13996  -0.02654  -0.14650   0.00453   0.02057  -0.01732  -0.07800   0.09791 
  0.02001   0.07492  -0.15938   0.06928  -0.00212   0.13561  -0.28543   0.03433  -0.10119   0.19632  -0.16599   0.09263   0.16168  -0.01803  -0.18081  -0.01911  -0.02355   0.00578  -0.10540   0.09870 
  0.00321   0.08628  -0.15598   0.05861  -0.01574   0.15928  -0.42591   0.07995  -0.04920   0.17410  -0.16172   0.09779   0.13597  -0.04824  -0.17299   0.06922  -0.04696   0.03073  -0.13358   0.08498 
 -0.00005   0.08215  -0.16798   0.08225   0.08231   0.09856  -0.40742   0.09074  -0.03216   0.14986  -0.13959   0.09374   0.14708  -0.00469  -0.21728   0.01528   0.03159   0.00948  -0.09429   0.06196 
  0.03552   0.06520  -0.15374   0.06695   0.03243   0.12999  -0.35858   0.05766  -0.04345   0.20453  -0.18458   0.06969   0.17647  -0.03154  -0.26895   0.04703  -0.04306   0.03523  -0.15046   0.08752 
  0.03266   0.09269  -0.19949   0.06570   0.03237   0.14728  -0.40652   0.04625  -0.06958   0.18809  -0.16362   0.08623   0.08815  -0.01076  -0.15041   0.06292  -0.10675   0.03581  -0.18802   0.12972 
 -0.02607   0.09539  -0.17219   0.08270   0.03406   0.14053  -0.43442   0.07404  -0.02795   0.17413  -0.18256   0.11757   0.09532  -0.00348  -0.19040   0.07316  -0.01152   0.02869  -0.19940   0.11865 
 -0.00242   0.08636  -0.19055   0.09892  -0.00837   0.07886  -0.29151   0.15276  -0.10736   0.20313  -0.20158   0.13762   0.04059   0.05955  -0.24609   0.07460  -0.09804   0.03932  -0.17389   0.11302 
 -0.06711   0.10244  -0.19423   0.12010  -0.00541   0.12031  -0.38592   0.12950  -0.10153   0.16858  -0.17039   0.15161   0.07355   0.00273  -0.12548   0.03839  -0.11201   0.04168  -0.17683   0.11474 
 -0.06310   0.08636  -0.16137   0.11483   0.07936   0.11189  -0.49853   0.10924  -0.11263   0.21309  -0.22598   0.15441   0.08700  -0.00365  -0.18409   0.07995  -0.14404   0.04491  -0.27049   0.16606 
 -0.03681   0.10080  -0.23213   0.13487   0.04813   0.12645  -0.34797   0.04045  -0.11364   0.21326  -0.18669   0.09836   0.04107   0.06118  -0.18219   0.02267  -0.10755   0.04454  -0.21323   0.12966 
 -0.07009   0.11734  -0.18465   0.08510   0.06451   0.11838  -0.39990   0.06863  -0.09491   0.18372  -0.17502   0.12828   0.00646   0.03980  -0.14860   0.07794  -0.07880   0.01807  -0.18534   0.14825 
 -0.06205   0.09086  -0.16624   0.11105   0.08320   0.10489  -0.46537   0.10449  -0.09425   0.22009  -0.24201   0.15216   0.07973  -0.02302  -0.18996   0.12173  -0.03986   0.00841  -0.23148   0.17472 
 -0.02300   0.08958  -0.23213   0.14423   0.00959   0.12369  -0.32256   0.07371  -0.12504   0.22623  -0.20535   0.10586   0.05140   0.00031  -0.15703   0.09782   0.05803   0.03070  -0.28388   0.13308 
 -0.05272   0.10861  -0.20434   0.10837  -0.02283   0.10640  -0.47470   0.20161  -0.12811   0.20855  -0.16799   0.08558   0.04355  -0.01393  -0.17706   0.14113   0.02061   0.00660  -0.07921   0.05903 
 -0.06775   0.08773  -0.15486   0.10907   0.04816   0.08910  -0.50106   0.17951  -0.14543   0.22341  -0.20990   0.12880  -0.00960  -0.06246  -0.22654   0.26603  -0.02121   0.02732  -0.13905   0.08581 
 -0.07309   0.08572  -0.20576   0.16123   0.03253   0.07841  -0.35657   0.15200  -0.13136   0.25068  -0.21042   0.06049   0.02567  -0.02020  -0.02258   0.03223   0.28077   0.00026  -0.25258   0.04173 
 -0.00646   0.09916  -0.17897   0.06648  -0.04164   0.00959  -0.56964   0.34572  -0.08082   0.19585  -0.17485   0.09628   0.10460  -0.05334  -0.07798   0.03785  -0.05661   0.04945  -0.25167   0.12677 
 -0.03484   0.06833  -0.18255   0.14514   0.04781   0.12760  -0.56392   0.13620  -0.09535   0.19990  -0.20620   0.14383   0.05346  -0.03955  -0.12000   0.12314  -0.21515   0.01110  -0.01326   0.06680 
 -0.06289   0.08531  -0.16365   0.11872  -0.00963   0.11657  -0.35810   0.12617  -0.15708   0.23301  -0.20274   0.10385  -0.05713  -0.06328   0.09417   0.03604  -0.17608   0.04854  -0.24293   0.15498 
 -0.12851   0.10041  -0.13941   0.10837   0.12721   0.05791  -0.47547   0.13719  -0.06794   0.19703  -0.19018   0.11054   0.21542  -0.07887  -0.21680   0.00808  -0.11852   0.04816  -0.31940   0.17519 
  0.04117   0.07243  -0.21550   0.11006   0.31562  -0.05761  -0.63734   0.06260  -0.08453   0.15699  -0.21733   0.22149   0.06909  -0.02275  -0.14618   0.10241  -0.14122   0.06147  -0.37529   0.18009 
  0.05484   0.05440  -0.25716   0.15985  -0.06650   0.19891  -0.55258   0.08746  -0.05066   0.16716  -0.12359   0.04101   0.01119   0.05616  -0.21116   0.09096  -0.13424   0.09645  -0.33319   0.10097 
 -0.08841   0.13573  -0.20718   0.08210   0.02680   0.12723  -0.53155   0.14634  -0.06829   0.10648  -0.05003   0.00674   0.04211   0.04343  -0.20507   0.07362  -0.16735   0.04213  -0.18685   0.13399 
 -0.06542   0.06833  -0.09365   0.07329   0.09698   0.09508  -0.60027   0.15278   0.02805   0.16391  -0.17238   0.07974   0.23387  -0.09472  -0.16402  -0.05826   0.03633   0.04649  -0.28317   0.11502 
  0.10470   0.05708  -0.20798   0.06866  -0.09505   0.23939  -0.60449   0.02183   0.03064   0.13154  -0.18235   0.15025  -0.03948   0.09565  -0.26507   0.10478  -0.12189   0.08106  -0.30472   0.11466 
 -0.06416   0.13609  -0.25257   0.10481  -0.03107   0.09072  -0.48577   0.23292  -0.14236   0.23385  -0.18634   0.06759  -0.00088   0.01681  -0.11559   0.09673  -0.21047   0.07737  -0.31817   0.14799 
 -0.12973   0.12071  -0.18949   0.12065   0.03662   0.19209  -0.53297  -0.01234   0.01393   0.32932  -0.37448  -0.04456  -0.02851   0.14379  -0.26726  -0.01465  -0.08320   0.15571  -0.50085   0.01179 
 -0.05068   0.21711  -0.36109  -0.01945   0.25752  -0.14876  -0.31708   0.13971  -0.01165  -0.32407   0.08023   0.09878   0.20516  -0.07521  -0.08772  -0.11591   0.17468  -0.10579   0.08131  -0.01795 
  0.07806  -0.21796   0.09096   0.04178  -0.29750   0.35361  -0.54804  -0.41136   0.03670   0.28877  -0.13904  -0.64653  -0.31595   0.34341  -0.42077  -0.63956  -0.17873   0.26782  -0.57393  -0.50881 
 -0.20292   0.33805  -0.38595  -0.54257   0.67041  -4.13386  -4.13386  -4.13386   0.86020  -4.13386  -4.13386  -4.13386   0.63119  -4.13386  -4.13386  -4.13386   1.00080  -4.13386  -4.13386  -4.13386 
  0.75535  -4.13386  -4.13386  -4.13386  -4.13386  -2.78700   0.55405  -4.13386  -4.13386  -4.13386  -4.13386  -4.13386  -4.13386  -4.13386  -4.13386  -4.13386  -4.13386  -4.13386  -4.13386  -4.13386 
 -4.13386  -2.77993   0.48847  -4.13386  -4.13386  -4.13386  -4.13386  -4.13386   0.49223   0.06520  -0.51261  -0.02411  -0.04299  -0.22553   0.28441  -0.20621  -4.13386  -4.13386  -4.13386  -4.13386 
  0.08139  -0.20310   0.16444  -0.19877  -0.03126  -0.02191  -0.08600   0.16353  -0.03230   0.00279  -0.08136   0.19898   0.01450  -0.03332  -0.11608   0.15232   0.11352  -0.06490   0.05911  -0.01471 
  0.05001  -0.02254  -0.11567   0.14721   0.03085   0.06950  -0.07967  -0.06928  -0.04255  -0.04576   0.02248   0.03520   0.02034   0.04017  -0.06537  -0.02468   0.01809  -0.04073   0.06550  -0.01477 
 -0.01352   0.01336  -0.00294  -0.00635   0.05985   0.05032  -0.14131   0.01308   0.11602  -0.04270  -0.00317  -0.04814   0.03437  -0.02952   0.01169  -0.00870   0.10450  -0.04566   0.04145  -0.02006 
  0.06824  -0.02285  -0.00772  -0.01907   0.15110  -0.01020  -0.24892   0.08928   0.05797  -0.03116  -0.05461   0.12911   0.11142  -0.01070  -0.09333  -0.03134   0.11867  -0.05284  -0.04834   0.08300 
  0.11528  -0.02368  -0.09598   0.06461  -0.01039   0.05880   0.00504  -0.13030  -0.01333   0.03009   0.00855  -0.07081  -0.00942   0.03130   0.00734  -0.06462  -0.10566   0.03724   0.05501  -0.12001 
 -0.02898   0.04385   0.01309  -0.09053   0.05174  -0.02509   0.00070  -0.02248   0.10571  -0.07106   0.01257  -0.04404   0.09028  -0.05976   0.01852  -0.05397   0.07850  -0.02968   0.06132  -0.06566 
  0.08974  -0.05908   0.02717  -0.05261   0.14522  -0.02549  -0.15047   0.03679   0.10395  -0.02789  -0.06170   0.10111   0.08147  -0.00324  -0.07966  -0.01089   0.08334  -0.00947  -0.04762   0.02891 
  0.11764  -0.01230  -0.09098   0.03730  -0.01745   0.03989   0.04227  -0.14994  -0.03893   0.03496   0.01729  -0.08790  -0.02309   0.05696   0.00721  -0.10965  -0.08847   0.04374   0.05208  -0.14288 
 -0.03800   0.04669   0.02569  -0.11826   0.05344  -0.02299   0.01319  -0.05072   0.09931  -0.08512   0.03183  -0.08573   0.03887  -0.05046   0.03845  -0.01798  -0.00397  -0.01721   0.07116  -0.06046 
  0.06230  -0.05840   0.04481  -0.05694   0.14507  -0.07024  -0.08642   0.03499   0.08889  -0.05477  -0.04244   0.10455   0.10801  -0.03333  -0.01581  -0.08569   0.08426  -0.07111   0.01379   0.06696 
  0.12642  -0.05070  -0.04599   0.02168  -0.03441   0.02416   0.06894  -0.14569  -0.08147  -0.03383   0.05757  -0.07485  -0.00791   0.01907   0.02562  -0.06853  -0.13911   0.00904   0.09140  -0.09384 
 -0.04119   0.01163   0.05037  -0.08986   0.02425  -0.00607   0.03128  -0.07606   0.12924  -0.13108   0.04497  -0.11266   0.03679  -0.05869   0.06381  -0.04211   0.10151  -0.03707   0.04355  -0.03800 
  0.07486  -0.06716   0.04975  -0.06956   0.11965  -0.02806  -0.12377   0.05091   0.07161  -0.05176  -0.03529   0.10022   0.07211  -0.02528  -0.04731   0.00603   0.10366  -0.05344  -0.01569   0.06088 
  0.10427  -0.03452  -0.06395   0.05028  -0.07590   0.06236   0.06411  -0.18307  -0.00482  -0.00875   0.03234  -0.09452  -0.02308   0.03304   0.01994  -0.06961  -0.12243   0.02513   0.07949  -0.12244 
 -0.04641   0.03386   0.03883  -0.10858  -0.01520   0.00586   0.01395  -0.01554   0.10959  -0.07979   0.02478  -0.08082   0.04556  -0.03987   0.03180  -0.03711   0.05329  -0.04509   0.07246  -0.03557 
  0.06151  -0.05114   0.03694  -0.05118   0.12478  -0.05565  -0.09608   0.05497   0.07425  -0.04621  -0.05615   0.13596   0.07626  -0.03424  -0.04049   0.00707   0.05024  -0.07294   0.02576   0.07269 
  0.09924  -0.04718  -0.05706   0.06476  -0.05830   0.03588   0.07745  -0.16475  -0.02544   0.02252   0.02498  -0.10623  -0.02082   0.03411   0.02309  -0.08102  -0.13477   0.04007   0.06448  -0.13193 
 -0.04763   0.04055   0.03422  -0.11257   0.03771  -0.01463   0.00162  -0.02387   0.09252  -0.08426   0.03585  -0.09409   0.04284  -0.04431   0.03300  -0.02651   0.04681  -0.02579   0.04764  -0.03397 
  0.06308  -0.05504   0.03991  -0.05282   0.12925  -0.07159  -0.08584   0.05961   0.11071  -0.06441  -0.03997   0.08991   0.10031  -0.05088  -0.01882  -0.03166   0.04637  -0.03067  -0.02640   0.06284 
  0.11958  -0.05159  -0.05049   0.03846  -0.05381   0.02827   0.06528  -0.11899  -0.00530  -0.01205   0.03116  -0.08276  -0.01645   0.05061   0.00025  -0.09062  -0.13494   0.02620   0.08866  -0.13758 
 -0.03523   0.03204   0.03295  -0.10187   0.01564  -0.01080   0.04102  -0.07273   0.12603  -0.11029   0.03285  -0.08854   0.05249  -0.07104   0.04841  -0.01880   0.04242  -0.01779   0.06419  -0.07429 
  0.07318  -0.06727   0.04773  -0.06215   0.13525  -0.05711  -0.07845   0.02082   0.12670  -0.04642  -0.04961   0.07484   0.08013  -0.03345  -0.02816  -0.01634   0.07025  -0.02699  -0.03273   0.05173 
  0.12013  -0.03709  -0.05908   0.02837  -0.07227   0.02850   0.08549  -0.14478  -0.01333   0.01031   0.03064  -0.11724  -0.05828   0.06207  -0.00113  -0.05832  -0.07750   0.04170   0.05985  -0.15737 
 -0.05355   0.04198   0.03495  -0.11139   0.02131  -0.00681   0.02038  -0.04921   0.10555  -0.09103   0.03477  -0.09700   0.03358  -0.03686   0.02746  -0.01761   0.09561  -0.03574   0.04147  -0.03395 
  0.06371  -0.05459   0.03991  -0.05446   0.12753  -0.04552  -0.10325   0.04407   0.11339  -0.05599  -0.06063   0.12246   0.06840  -0.01544  -0.04750  -0.00597   0.08519  -0.04356   0.00338   0.03434 
  0.10882  -0.03389  -0.06601   0.04703  -0.07412   0.03785   0.07561  -0.14223  -0.03621   0.00795   0.03319  -0.09780  -0.03619   0.04336   0.01889  -0.07435  -0.10648   0.04163   0.06385  -0.14937 
 -0.05726   0.03866   0.03901  -0.10905   0.03944  -0.00309  -0.01638  -0.01909   0.09178  -0.09495   0.03148  -0.05886   0.03416  -0.04295   0.04135  -0.02914   0.07593  -0.04343   0.06904  -0.04714 
  0.06167  -0.05818   0.03973  -0.04489   0.11397  -0.04032  -0.09554   0.04692   0.11635  -0.05551  -0.05048   0.09783   0.09094  -0.03446  -0.06010   0.00824   0.09225  -0.05791  -0.01347   0.07123 
  0.11598  -0.04227  -0.06693   0.05270  -0.06812   0.03422   0.06973  -0.12573  -0.05641   0.02350   0.02779  -0.08766  -0.04714   0.03259   0.03639  -0.06291  -0.11215   0.03699   0.07176  -0.14756 
 -0.06521   0.03785   0.03919  -0.09866   0.05092  -0.02123   0.02993  -0.08258   0.09312  -0.07672   0.03480  -0.10335   0.05378  -0.05641   0.04612  -0.04299   0.06358  -0.02996   0.05787  -0.05027 
  0.07118  -0.05874   0.04685  -0.07320   0.13301  -0.06695  -0.08712   0.04920   0.09320  -0.04620  -0.05346   0.11474   0.07502  -0.00713  -0.05161  -0.02740   0.04787  -0.04260   0.00578   0.04859 
  0.10840  -0.03293  -0.06236   0.04079  -0.09708   0.02672   0.09437  -0.12982  -0.03549  -0.00376   0.03329  -0.07556  -0.02984   0.04574   0.00942  -0.07346  -0.12163   0.04511   0.06117  -0.14746 
 -0.06101   0.03486   0.04081  -0.09981   0.02509  -0.03979   0.04976  -0.04565   0.11570  -0.08392   0.02397  -0.07965   0.03130  -0.05001   0.05101  -0.02772   0.03193   0.00442   0.04631  -0.09196 
  0.06151  -0.05381   0.04357  -0.06153   0.11469  -0.04917  -0.09820   0.06196   0.09416  -0.05677  -0.03831   0.09287   0.06441  -0.01828  -0.04914   0.00734   0.03812  -0.01841  -0.01175   0.03057 
  0.09634  -0.03102  -0.05830   0.04572  -0.09935   0.05541   0.08338  -0.18007  -0.02586   0.00890   0.02349  -0.07165  -0.01858   0.06042  -0.01732  -0.08435  -0.06340   0.03741   0.06570  -0.16341 
 -0.04905   0.04669   0.02956  -0.11517   0.01773  -0.02809   0.02147  -0.00588   0.12600  -0.09084   0.02757  -0.09803   0.04538  -0.05160   0.04546  -0.03726   0.07412  -0.02551   0.06965  -0.08596 
  0.07256  -0.06270   0.04535  -0.06405   0.10364  -0.04652  -0.09190   0.06603   0.08173  -0.02623  -0.06313   0.12156   0.04898  -0.01145  -0.04053   0.00704   0.10648  -0.04304  -0.04526   0.07156 
  0.09107  -0.02587  -0.07131   0.06194  -0.09580   0.02676   0.09208  -0.12559  -0.04255   0.00627   0.03128  -0.08011  -0.02455   0.05826  -0.00147  -0.09571  -0.11930   0.04024   0.05930  -0.13009 
 -0.06416   0.04010   0.03802  -0.10256   0.01320   0.00633   0.01306  -0.05176   0.10743  -0.08072   0.02113  -0.06236   0.02581  -0.04458   0.05862  -0.04237   0.02172  -0.00886   0.05307  -0.06475 
  0.05339  -0.04685   0.04143  -0.05902   0.13178  -0.06358  -0.09222   0.05199   0.09620  -0.04603  -0.05694   0.11915   0.07145  -0.01914  -0.05930   0.01046   0.11447  -0.05077  -0.01510   0.05034 
  0.10925  -0.03892  -0.06716   0.05575  -0.08810   0.04172   0.08611  -0.16186   0.00035   0.02884   0.01179  -0.09543  -0.04418   0.04116   0.02710  -0.07168  -0.15222   0.04443   0.04564  -0.10348 
 -0.05976   0.04509   0.03030  -0.10072  -0.00382  -0.02201   0.03906  -0.02027   0.11544  -0.07358   0.02324  -0.09351   0.03099  -0.04602   0.05205  -0.03632   0.07924  -0.01727   0.05043  -0.07672 
  0.05898  -0.05258   0.04473  -0.06320   0.11495  -0.03974  -0.10426   0.05436   0.13207  -0.03438  -0.07467   0.10916   0.07427  -0.02574  -0.03794  -0.00825   0.09052  -0.02182  -0.02992   0.02950 
  0.11361  -0.02818  -0.07351   0.04326  -0.08363   0.03931   0.08630  -0.16162  -0.04191   0.03615   0.00709  -0.04963  -0.04001   0.04996   0.01054  -0.07143  -0.10690   0.04539   0.06981  -0.17341 
 -0.06331   0.04722   0.03103  -0.10417   0.02088  -0.00535   0.02803  -0.06617   0.13542  -0.08260   0.01821  -0.08841   0.01198  -0.04705   0.07321  -0.04267   0.07105  -0.01438   0.04418  -0.06817 
  0.06104  -0.05236   0.04641  -0.07041   0.09899  -0.06340  -0.07698   0.07905   0.09010  -0.03411  -0.06038   0.11800   0.05630  -0.02991  -0.03649   0.02413   0.05651  -0.02498  -0.00881   0.03021 
  0.09004  -0.03538  -0.05999   0.06162  -0.09134   0.03322   0.09097  -0.14613  -0.02641   0.01703   0.03320  -0.12836  -0.01438   0.02968   0.00794  -0.05454  -0.10468   0.05075   0.06868  -0.19062 
 -0.05150   0.03920   0.03991  -0.11945   0.02017   0.00730   0.00259  -0.04482   0.12721  -0.07982   0.00991  -0.04995   0.04240  -0.02703   0.03242  -0.05839   0.02750  -0.00187   0.04109  -0.06574 
  0.07010  -0.03902   0.02587  -0.06048   0.14304  -0.06587  -0.11106   0.05949   0.08646  -0.02092  -0.05362   0.09100   0.04942  -0.01890  -0.04084   0.02012   0.10126  -0.04607  -0.02477   0.05955 
