IntronPotTab 1 1024 0.76054
   -0.00950
    0.05269
   -0.01365
   -0.01375
    0.02034
    0.01946
   -0.03918
   -0.02206
    0.00493
    0.05046
   -0.00489
   -0.05200
    0.00005
    0.01148
   -0.02312
    0.02893
    0.04482
   -0.13303
    0.05440
   -0.07805
    0.01739
    0.02788
   -0.05363
   -0.00824
    0.00234
    0.03883
    0.00698
   -0.07265
    0.08535
    0.03366
   -0.03695
   -0.05330
    0.02095
    0.00072
   -0.03685
    0.00780
   -0.00135
   -0.01052
    0.01508
   -0.00251
   -0.01789
    0.02860
   -0.01359
   -0.00193
   -0.01325
    0.02413
   -0.00497
   -0.00671
    0.02564
    0.02227
   -0.03682
   -0.01979
    0.03965
   -0.00193
   -0.03811
   -0.02748
    0.03094
   -0.00108
    0.02812
   -0.07028
   -0.02110
    0.04814
   -0.03561
    0.02564
   -0.08160
    0.14308
   -0.16372
   -0.03042
    0.02684
   -0.03121
   -0.06377
    0.02399
   -0.10561
    0.09118
   -0.16478
   -0.05031
    0.03413
    0.04634
   -0.10140
    0.00172
   -0.00264
    0.05173
   -0.04494
   -0.01139
   -0.01352
    0.04059
   -0.01311
    0.00992
    0.00038
    0.02673
   -0.05789
   -0.00525
    0.05424
    0.06964
   -0.06810
   -0.03117
   -0.04837
    0.03051
   -0.07395
    0.08183
    0.02996
    0.01581
    0.01560
   -0.06152
   -0.01733
    0.02611
   -0.05390
   -0.00188
   -0.04314
    0.02757
   -0.00895
    0.00478
   -0.05641
    0.02510
   -0.00791
    0.01102
    0.02050
    0.01660
   -0.08742
    0.03499
    0.10370
    0.00134
   -0.08246
   -0.02354
   -0.02790
    0.02273
   -0.02349
    0.01384
    0.00177
   -0.02167
    0.01838
   -0.01060
    0.05939
   -0.06737
   -0.01116
   -0.02879
    0.01226
    0.00391
   -0.04041
    0.00668
    0.03229
   -0.02014
   -0.01430
    0.01124
    0.05719
   -0.13130
    0.05111
   -0.10961
    0.02854
    0.01592
   -0.04219
   -0.03073
    0.03341
   -0.03922
   -0.01787
    0.01822
    0.07752
    0.04030
   -0.04205
   -0.01247
   -0.05177
   -0.01071
    0.03230
    0.02779
   -0.00011
   -0.03416
   -0.02812
    0.03589
    0.02572
    0.00001
   -0.01667
   -0.02721
   -0.01271
    0.04469
   -0.00205
   -0.02141
    0.02759
   -0.07394
    0.01553
    0.00935
    0.03643
   -0.01877
   -0.07153
    0.02674
    0.00188
   -0.00394
    0.01479
   -0.01413
   -0.00356
    0.03437
   -0.03840
    0.02790
   -0.13304
    0.10384
   -0.10597
    0.07083
    0.02435
   -0.02808
   -0.15649
    0.05383
   -0.03313
    0.03935
   -0.21055
    0.04368
    0.05182
   -0.02501
   -0.01761
    0.00538
   -0.00766
   -0.00658
    0.00374
    0.01041
   -0.00103
    0.08275
   -0.04603
   -0.01448
   -0.00335
    0.00141
   -0.03796
    0.03067
    0.06946
    0.02797
   -0.02826
   -0.03889
   -0.04634
    0.00922
   -0.09338
    0.08465
    0.02952
   -0.01702
   -0.06627
    0.01745
    0.01224
    0.00545
   -0.03860
   -0.00593
   -0.00422
   -0.00081
    0.00267
    0.00087
   -0.08929
    0.06305
   -0.04649
    0.04400
    0.03333
   -0.02404
   -0.02638
   -0.00531
    0.02990
    0.00118
   -0.06717
    0.01929
    0.00689
   -0.03545
   -0.01869
    0.04944
   -0.00290
    0.04047
   -0.03743
   -0.00854
    0.09588
   -0.08751
   -0.12459
   -0.09077
   -0.03259
    0.06157
   -0.07231
    0.00185
    0.02819
    0.02328
   -0.02157
   -0.02268
   -0.05290
    0.06959
   -0.02835
    0.00495
   -0.01967
    0.07512
   -0.06476
    0.05881
   -0.03074
    0.04369
   -0.05261
    0.01813
    0.01687
    0.05994
   -0.06540
    0.00251
   -0.00289
    0.04316
   -0.07775
    0.03906
    0.10561
   -0.05462
   -0.11866
   -0.10884
   -0.03574
    0.05947
   -0.06212
   -0.01903
    0.04993
    0.04047
   -0.05388
   -0.01882
   -0.10577
    0.09208
   -0.13668
    0.03337
    0.02174
    0.03085
   -0.08107
    0.00484
    0.00210
    0.01710
   -0.02660
    0.00445
   -0.01623
    0.03821
   -0.05963
    0.04537
   -0.06715
    0.05985
   -0.07721
    0.06092
    0.03501
   -0.00521
   -0.07964
    0.01138
   -0.06155
    0.04420
   -0.13085
    0.03478
   -0.11235
    0.06981
   -0.11375
    0.01376
   -0.02897
    0.11455
   -0.10795
    0.01544
   -0.07300
    0.07899
   -0.05455
    0.06823
   -0.01185
    0.01368
   -0.14417
    0.07311
    0.04369
    0.04705
   -0.10056
    0.00133
   -0.00848
    0.03098
   -0.06913
    0.05067
    0.03349
   -0.01402
   -0.07916
    0.02905
   -0.02303
    0.01910
   -0.08110
    0.02103
   -0.04838
    0.04472
   -0.01979
   -0.01035
   -0.09544
   -0.00713
   -0.05738
    0.08149
   -0.00950
    0.03992
   -0.13567
    0.06590
   -0.00741
    0.04573
   -0.12648
    0.06730
   -0.07226
    0.04285
   -0.17433
    0.11410
   -0.01129
    0.03085
   -0.01462
   -0.00463
    0.04373
   -0.02865
   -0.03525
   -0.00650
   -0.00346
    0.01303
   -0.01835
    0.00039
   -0.01147
    0.02172
   -0.00040
   -0.00867
   -0.01544
    0.04549
   -0.02305
    0.00068
   -0.01904
    0.06315
   -0.02156
    0.04244
   -0.02848
    0.04201
   -0.08071
    0.04554
    0.07639
    0.01169
   -0.04171
    0.02232
   -0.00723
   -0.01352
    0.00911
    0.00673
    0.03954
   -0.02558
   -0.04509
    0.01050
   -0.00546
    0.02856
   -0.08218
    0.01717
   -0.03625
   -0.03352
   -0.00524
    0.05937
   -0.05680
   -0.02333
   -0.06388
    0.09837
    0.02554
    0.03553
   -0.07006
    0.01732
   -0.03940
    0.00911
   -0.06198
    0.07926
    0.01028
    0.03361
   -0.08173
    0.05764
   -0.11908
    0.06427
   -0.04634
    0.04739
    0.04381
   -0.07385
   -0.14218
    0.05303
   -0.10620
    0.04292
   -0.03895
    0.03478
   -0.02376
    0.00960
   -0.05885
    0.03247
   -0.07165
    0.10143
   -0.04808
    0.02200
   -0.05075
    0.13768
   -0.09409
    0.04677
   -0.04478
    0.06678
   -0.10330
    0.02872
   -0.04176
    0.08390
   -0.09498
   -0.00611
   -0.05959
    0.17598
   -0.13470
   -0.02040
    0.01666
    0.00645
   -0.02965
   -0.00267
   -0.03196
    0.03626
   -0.11226
    0.03216
    0.00025
    0.06292
   -0.04502
   -0.01045
   -0.09061
    0.04448
   -0.15093
    0.08622
   -0.02805
    0.06759
   -0.07510
    0.01485
   -0.04423
    0.06783
   -0.08365
    0.04687
   -0.08165
    0.09499
   -0.13133
    0.08329
   -0.03885
    0.06242
   -0.04406
    0.02512
    0.00456
    0.01816
   -0.02680
    0.00063
    0.04256
    0.01804
   -0.03471
   -0.08414
    0.01701
    0.02643
   -0.02086
   -0.01548
   -0.01078
   -0.00765
   -0.02084
    0.03719
   -0.01448
    0.01261
   -0.02526
    0.05639
    0.06134
   -0.02402
   -0.07264
   -0.03046
    0.08546
    0.02902
   -0.04506
   -0.01759
    0.02957
    0.03595
   -0.02083
   -0.03902
    0.04323
   -0.01608
   -0.01918
   -0.03159
    0.05434
   -0.03349
   -0.01682
   -0.04860
   -0.01068
    0.01113
    0.01599
   -0.02391
    0.01668
   -0.01680
   -0.06277
    0.03660
    0.01616
    0.00361
   -0.00906
   -0.02106
    0.11205
   -0.07399
   -0.04934
   -0.06966
    0.03444
    0.06647
   -0.07435
    0.00914
   -0.09788
    0.14054
   -0.13269
   -0.01519
    0.01784
   -0.00994
   -0.09225
    0.04197
   -0.11435
    0.07962
   -0.14924
   -0.01735
   -0.02783
    0.03050
   -0.02527
   -0.01031
   -0.03265
    0.07624
   -0.03793
   -0.00282
   -0.05658
    0.09951
   -0.01145
    0.04075
    0.00166
    0.05967
   -0.07171
   -0.05015
    0.12164
    0.05587
   -0.03865
   -0.07415
   -0.01126
    0.04742
   -0.05896
    0.02762
    0.02407
    0.00341
   -0.01990
   -0.01387
    0.00863
    0.03204
   -0.06468
   -0.03383
   -0.05248
    0.03125
   -0.00851
    0.00556
   -0.03150
    0.00800
   -0.04618
    0.03425
    0.01120
    0.05143
   -0.07004
    0.01647
    0.01452
    0.05529
   -0.06113
   -0.04676
   -0.01323
    0.00668
   -0.07367
    0.09574
    0.04973
   -0.02051
   -0.01608
   -0.01025
    0.02254
   -0.01812
   -0.00444
   -0.01588
   -0.02965
   -0.04878
    0.04733
    0.02979
    0.02873
    0.01264
   -0.03325
    0.01652
   -0.01114
    0.04092
    0.00278
   -0.02950
    0.01016
    0.05576
   -0.00921
   -0.06694
    0.03200
   -0.03773
    0.02271
   -0.05288
    0.05141
    0.08181
   -0.06338
   -0.00169
   -0.03719
    0.04569
    0.00565
    0.00729
   -0.02957
   -0.02028
    0.01931
    0.03926
    0.05203
   -0.05277
    0.01401
   -0.06533
   -0.08189
    0.02437
    0.03438
   -0.01700
    0.02144
    0.00375
   -0.03889
    0.01546
    0.03823
    0.03820
   -0.02343
   -0.06151
   -0.02935
   -0.01400
    0.05309
   -0.03925
    0.02358
    0.04378
   -0.05273
    0.03062
   -0.06766
    0.12575
   -0.13535
    0.01581
    0.00392
    0.03431
   -0.08039
    0.02159
   -0.02976
    0.05430
   -0.09949
   -0.00495
    0.00386
    0.04433
   -0.06053
   -0.00330
   -0.05804
    0.06788
   -0.01496
    0.02459
   -0.04631
    0.09599
    0.01854
    0.00944
   -0.02972
    0.03880
   -0.05590
    0.02359
    0.06383
    0.03165
   -0.03226
   -0.02964
   -0.02715
    0.03765
   -0.04211
    0.02729
    0.02787
   -0.05397
   -0.01528
    0.01693
   -0.01903
    0.00242
   -0.09971
    0.05017
   -0.03376
    0.01808
    0.00704
   -0.00225
   -0.04815
    0.07308
   -0.09772
    0.02571
    0.00056
    0.04535
   -0.04316
   -0.01061
    0.00678
   -0.01987
   -0.06179
    0.05208
   -0.01828
    0.00683
   -0.06301
    0.10784
   -0.05429
    0.06460
   -0.02219
    0.00974
    0.06191
   -0.02553
   -0.05662
   -0.04741
    0.01680
    0.00861
    0.00825
   -0.04191
    0.05113
   -0.09121
    0.04218
   -0.03085
   -0.02331
    0.03269
   -0.01069
    0.00555
    0.00477
    0.01884
   -0.07708
    0.04648
   -0.05219
    0.04304
   -0.04871
    0.06802
    0.01857
    0.00486
    0.01044
   -0.03529
    0.00238
    0.02940
   -0.04322
    0.01526
    0.06352
   -0.09394
    0.00631
   -0.02300
    0.03511
    0.01518
   -0.04997
   -0.03654
    0.01472
   -0.08585
    0.05104
   -0.01452
   -0.06435
    0.06937
   -0.16587
    0.06258
    0.02496
    0.00427
   -0.06554
    0.01103
    0.00400
   -0.00911
   -0.04190
    0.04439
   -0.03501
    0.00722
   -0.01427
    0.03684
   -0.00717
    0.06581
   -0.08755
   -0.00129
    0.03418
   -0.01244
   -0.15048
    0.04164
   -0.06285
    0.05033
   -0.09518
    0.00028
   -0.08396
    0.05226
   -0.11825
    0.00983
   -0.03724
    0.09335
   -0.08970
    0.02111
   -0.07480
    0.10917
   -0.14343
    0.09692
    0.03092
    0.02003
   -0.07274
   -0.01184
    0.06567
    0.05596
   -0.12258
   -0.00888
    0.01339
    0.03788
   -0.08781
    0.02890
    0.05506
   -0.00962
   -0.04204
   -0.01727
   -0.00322
    0.02499
   -0.06068
   -0.01339
   -0.05700
    0.02457
   -0.02364
    0.01759
   -0.07034
    0.00194
   -0.01358
    0.04735
   -0.06521
    0.00497
   -0.13495
    0.11598
   -0.03420
    0.03108
   -0.06454
    0.04234
   -0.04633
   -0.02155
   -0.13281
    0.11392
    0.00054
    0.01654
   -0.01486
    0.00101
    0.06470
   -0.06761
   -0.05951
    0.00116
   -0.00318
   -0.00756
    0.01797
   -0.00069
    0.02880
   -0.02994
   -0.00269
    0.00208
   -0.01300
    0.01287
   -0.01928
    0.02455
   -0.04480
    0.03085
   -0.01176
    0.07372
   -0.03319
    0.01117
   -0.03802
    0.05876
    0.10683
    0.04082
   -0.07918
    0.08327
    0.03508
    0.01243
   -0.02567
   -0.01312
    0.01831
   -0.05851
    0.00711
    0.00592
   -0.02582
    0.00647
    0.00017
    0.02109
    0.02280
   -0.04416
    0.02320
   -0.02094
   -0.07319
    0.00260
   -0.07628
    0.08981
   -0.01088
   -0.00966
   -0.06013
    0.07908
   -0.04345
    0.00797
   -0.14358
    0.11828
    0.05789
    0.00302
   -0.08231
    0.09105
   -0.08218
    0.05723
   -0.03594
    0.04390
   -0.00704
   -0.05900
   -0.12815
    0.07525
   -0.03679
    0.03771
   -0.04991
    0.01243
   -0.02598
    0.01332
   -0.05251
    0.02697
   -0.02981
    0.03524
   -0.04158
    0.03271
   -0.08895
    0.07411
   -0.03161
    0.07611
   -0.03554
   -0.01196
   -0.02261
    0.05813
    0.00927
    0.03083
   -0.09343
    0.02811
   -0.05378
    0.05605
   -0.11246
    0.06195
    0.03149
    0.00520
   -0.08907
    0.00740
    0.00144
    0.00969
   -0.04177
    0.00331
   -0.04962
   -0.04617
   -0.04222
    0.06005
   -0.13657
    0.03280
   -0.03469
    0.07802
   -0.08850
   -0.01276
   -0.12621
    0.10530
   -0.03589
    0.01692
   -0.08161
    0.07325
   -0.09820
    0.02615
   -0.08456
    0.07371
