38 4 20 1 30 -2.5658 1.3258 2.8650 3068
  0.01915   0.02642  -0.07622   0.02068 
 -0.01906   0.03073   0.00074  -0.01292 
  0.03323   0.00418   0.00477  -0.04563 
  0.03066   0.01931  -0.07553   0.01535 
 -0.01675   0.02370  -0.00979   0.00227 
  0.02074   0.01599  -0.00861  -0.02986 
  0.01915   0.00189  -0.05141   0.02438 
 -0.01103   0.01097  -0.01396   0.01320 
  0.01382   0.00074   0.00305  -0.01811 
  0.01113   0.02315  -0.05864   0.01802 
  0.01220   0.01153  -0.02241  -0.00273 
  0.03783   0.00645   0.00876  -0.05816 
  0.02755   0.02696  -0.07830   0.01320 
  0.02285  -0.03772   0.01607  -0.00442 
  0.04036   0.01710  -0.02979  -0.03285 
  0.03783   0.00074  -0.04238  -0.00162 
  0.02755  -0.00331  -0.03290   0.00503 
  0.03169   0.00189   0.00534  -0.04194 
  0.00405  -0.00331  -0.04430   0.03783 
  0.02807  -0.00331  -0.00158  -0.02512 
  0.02074   0.00645   0.01496  -0.04439 
  0.02285   0.02804  -0.06330   0.00503 
  0.01059  -0.01210  -0.00625   0.00667 
  0.00733   0.00074  -0.00743  -0.00106 
  0.01862  -0.01151  -0.04752   0.03374 
  0.01113  -0.01686  -0.00158   0.00613 
  0.01809   0.02151  -0.02917  -0.01292 
  0.01059   0.01986  -0.05076   0.01535 
  0.01756  -0.00622  -0.01516   0.00227 
 -0.00092   0.03287  -0.01277  -0.02043 
  0.04388  -0.02472  -0.07761   0.04290 
  0.03935  -0.05112  -0.03983   0.03986 
  0.00569   0.04394  -0.04366  -0.01064 
  0.04538   0.01710  -0.12127   0.03528 
  0.02494   0.00645  -0.04302   0.00722 
  0.00074   0.03923  -0.03041  -0.01235 
  0.06442  -0.00563  -0.12127   0.03579 
  0.00842  -0.02778   0.00705   0.01049 
 -0.02255   0.03553  -0.01636   0.00172 
  0.04187  -0.01151  -0.07553   0.03219 
  0.01328  -0.02047   0.00591   0.00005 
 -0.03378   0.06379  -0.07622   0.03219 
  0.05133  -0.01746  -0.12666   0.06259 
  0.02390  -0.04024  -0.03041   0.03885 
  0.00624   0.06824  -0.04366  -0.03949 
  0.10584  -0.08830  -0.17068   0.08373 
  0.13400  -0.02717   0.01496  -0.17903 
 -0.12323   0.28559  -0.23731  -0.12243 
  0.59262  -3.48700  -3.48700  -3.48700 
 -3.48700  -1.26197   0.60586  -2.79426 
 -0.00933   0.12837  -0.14085  -0.01985 
 -0.02724   0.03073  -0.08038   0.06163 
  0.01649  -0.07236   0.03890   0.00831 
 -0.01560   0.05525   0.02272  -0.06910 
  0.02442  -0.00215  -0.03604   0.00995 
 -0.00989   0.00758   0.04988  -0.05122 
  0.01328   0.06873  -0.03983  -0.05185 
  0.01915  -0.00099  -0.04366   0.02068 
 -0.00933   0.00872   0.03678  -0.03767 
 -0.00370   0.04446   0.00189  -0.04563 
  0.05378   0.00303  -0.02425  -0.03949 
 -0.00595   0.01209   0.03571  -0.04378 
  0.04137   0.03976  -0.03793  -0.05185 
  0.01703   0.01876  -0.05468   0.01320 
 -0.00426   0.00016   0.01774  -0.01350 
 -0.00259   0.04757   0.00876  -0.05816 
  0.02179   0.01599  -0.05798   0.01373 
 -0.01675   0.00418   0.06857  -0.06327 
  0.01435   0.01766  -0.00450  -0.02867 
  0.02337  -0.00389  -0.02241   0.00061 
 -0.02080   0.00872   0.02981  -0.01811 
  0.00460   0.03073  -0.00567  -0.03105 
  0.01220   0.02912  -0.05600   0.00886 
  0.01382  -0.00041   0.02491  -0.04010 
  0.03426   0.02041  -0.00567  -0.05373 
  0.01649   0.01766  -0.04622   0.00777 
 -0.03139  -0.01151   0.04936  -0.00893 
  0.01809   0.01209  -0.00920  -0.02219 
  0.01968   0.00475  -0.01157  -0.01407 
 -0.02783   0.00531   0.04154  -0.02043 
  0.02127   0.02804  -0.01456  -0.03767 
  0.02547   0.00758  -0.03920   0.00227 
 -0.01790   0.01097   0.02764  -0.02102 
  0.01968   0.01655  -0.01277  -0.02512 
 -0.00315   0.00588  -0.00100  -0.00162 
 -0.03079   0.02804   0.01215  -0.01007 
 -0.01046   0.04498  -0.01157  -0.02512 
  0.01703  -0.01567  -0.02425   0.01962 
 -0.02313   0.01432   0.02926  -0.02102 
  0.00787   0.01766   0.00477  -0.03105 
  0.01489   0.00588  -0.03478   0.01103 
 -0.02430   0.01488   0.00819   0.00117 
  0.00514   0.02206  -0.00802  -0.01985 
 -0.01848  -0.00856   0.00876   0.01749 
 -0.04654   0.01821   0.04312  -0.01753 
 -0.02196   0.02533   0.02217  -0.02630 
  0.02285  -0.01388  -0.02732   0.01481 
 -0.01103   0.04081   0.00074  -0.03225 
  0.02911   0.02096   0.00762  -0.06263 
