IntronPotTab 1 1024 1.79857
    0.03344
    0.04506
   -0.06582
    0.05524
    0.00287
    0.00383
   -0.06905
    0.09456
   -0.11134
    0.13590
   -0.09422
   -0.01636
    0.03948
   -0.00107
    0.02760
   -0.06078
   -0.05185
    0.06854
   -0.02582
    0.02747
   -0.02433
   -0.03422
   -0.10973
    0.11653
   -0.03865
    0.07676
   -0.10860
    0.03224
   -0.07791
    0.03280
    0.07211
   -0.10550
   -0.20936
    0.09219
    0.03133
   -0.00073
   -0.06248
   -0.12811
   -0.11784
    0.18969
   -0.11315
    0.03589
    0.05565
    0.00398
    0.00043
   -0.03589
    0.06503
   -0.02139
    0.05199
    0.00043
   -0.06802
    0.02534
    0.03841
    0.00722
   -0.12294
    0.07201
   -0.01231
    0.08442
   -0.18710
    0.03357
    0.04124
   -0.00903
   -0.02156
    0.02601
   -0.01067
   -0.02498
   -0.00897
    0.05091
    0.03632
   -0.11634
   -0.02240
    0.07953
   -0.03095
    0.05478
   -0.07495
    0.02113
    0.04354
   -0.05860
    0.06560
   -0.03794
   -0.05063
    0.04847
   -0.01876
    0.02655
   -0.05224
    0.02601
   -0.01447
    0.04912
   -0.10596
    0.05001
   -0.05354
    0.09983
    0.00837
   -0.00074
    0.01662
   -0.02299
   -0.00065
   -0.04321
    0.01812
    0.01852
   -0.05936
   -0.17613
    0.01369
    0.13796
    0.03287
   -0.02614
   -0.00214
    0.01018
   -0.05448
   -0.03703
    0.08086
    0.00761
    0.22134
   -0.15280
    0.05187
    0.02222
    0.13348
    0.10846
   -0.14542
    0.00414
    0.23734
   -0.09554
   -0.23040
   -0.07312
    0.20255
   -0.07550
    0.04415
   -0.05335
   -0.01466
    0.02260
   -0.02076
    0.03253
    0.02289
   -0.05925
   -0.12987
    0.15224
   -0.04916
    0.11875
   -0.20589
    0.01028
    0.00458
   -0.00909
   -0.00050
    0.01686
   -0.06721
    0.07816
   -0.08069
    0.10837
   -0.05731
    0.04553
   -0.09755
    0.10511
   -0.08225
    0.09758
   -0.12825
    0.04592
    0.02711
   -0.05022
    0.11332
   -0.11730
   -0.10847
    0.05015
    0.02311
    0.00198
   -0.12563
    0.00592
   -0.21763
    0.23199
   -0.05499
    0.03887
   -0.02777
    0.00617
   -0.04434
   -0.02760
    0.00591
    0.09056
   -0.04597
   -0.02840
   -0.00749
    0.05642
    0.02911
    0.03299
   -0.13209
    0.07797
   -0.01511
    0.05493
   -0.13552
    0.04415
    0.06551
   -0.01243
   -0.01666
    0.03073
   -0.01610
    0.08847
   -0.01131
   -0.05603
    0.04964
   -0.12981
   -0.08815
    0.12388
   -0.11594
    0.08435
   -0.00630
   -0.01810
    0.05902
   -0.04654
    0.07147
   -0.08087
   -0.14634
    0.07284
   -0.00853
    0.06159
   -0.02265
    0.05841
   -0.06856
    0.03329
   -0.09353
    0.09791
   -0.06882
    0.02662
    0.03926
   -0.01429
    0.04666
   -0.07484
   -0.06250
    0.06069
   -0.03200
   -0.00266
   -0.07688
   -0.16357
   -0.07404
    0.19378
    0.00864
    0.02675
   -0.06295
   -0.01154
   -0.04301
   -0.03910
    0.10641
   -0.02813
   -0.10303
   -0.02082
    0.11815
   -0.05921
    0.09703
   -0.00415
   -0.06183
   -0.00104
    0.06723
    0.00865
   -0.12303
    0.00901
    0.06450
   -0.05351
    0.02402
   -0.00312
    0.02330
    0.12016
   -0.08596
    0.04146
   -0.04816
    0.08171
   -0.05375
    0.08326
   -0.13321
    0.11793
   -0.08449
   -0.00147
    0.02448
    0.00688
   -0.01006
   -0.01478
   -0.06619
    0.12084
   -0.09297
    0.05451
   -0.06769
    0.07471
   -0.07176
    0.07148
   -0.10118
    0.07513
   -0.07629
    0.08108
   -0.03149
    0.02583
    0.03465
   -0.08029
   -0.11084
    0.07458
   -0.00503
   -0.01627
   -0.09049
   -0.02751
   -0.06758
    0.14236
   -0.05923
    0.06127
    0.00108
   -0.07267
   -0.01858
    0.01998
    0.00298
   -0.05852
   -0.02873
    0.05083
   -0.09120
    0.03897
    0.02831
    0.05313
   -0.09423
    0.03868
   -0.06014
    0.13152
   -0.20946
    0.00622
    0.01203
    0.01658
   -0.03605
    0.04923
    0.01780
    0.04367
   -0.05027
    0.01416
    0.02840
   -0.11790
   -0.02986
    0.09528
   -0.08587
    0.08565
   -0.06454
    0.01202
   -0.06032
    0.00540
    0.02557
   -0.01195
   -0.01729
    0.09371
   -0.08477
    0.02820
   -0.09791
    0.10015
   -0.06589
    0.08271
   -0.06531
    0.04437
   -0.06291
    0.06060
   -0.03968
    0.00124
    0.01485
   -0.00329
   -0.08873
   -0.02954
    0.04848
    0.02882
   -0.02162
   -0.17139
    0.03545
    0.12437
   -0.01588
    0.02810
    0.04074
   -0.07196
   -0.08009
   -0.03623
    0.06840
    0.04957
   -0.00986
   -0.02739
   -0.00160
    0.03960
    0.01747
    0.04831
   -0.09142
    0.06192
    0.08573
    0.01663
   -0.19317
    0.00460
    0.11541
   -0.04170
   -0.01325
    0.03146
   -0.00878
    0.08339
   -0.08291
    0.03990
   -0.04913
    0.01623
   -0.09016
    0.14028
   -0.07051
    0.09178
   -0.09686
   -0.04660
   -0.04332
    0.01509
   -0.00824
    0.02966
   -0.08928
    0.08308
   -0.07040
    0.09967
   -0.06486
    0.03681
   -0.07171
    0.09484
   -0.09378
    0.09276
   -0.15506
    0.04984
   -0.02216
   -0.00662
    0.06628
   -0.07059
   -0.12649
    0.02506
    0.00301
    0.04701
   -0.10804
   -0.00013
   -0.11466
    0.18932
   -0.01469
    0.03140
   -0.05479
   -0.01873
   -0.07273
   -0.00704
    0.02284
    0.06286
   -0.05063
    0.01878
   -0.07822
    0.07672
    0.00153
    0.06633
   -0.11243
    0.07104
   -0.12118
    0.08939
   -0.10532
    0.04024
   -0.02121
    0.00131
   -0.02383
    0.04852
   -0.10682
    0.12050
   -0.03699
   -0.00106
   -0.01639
   -0.01059
   -0.10359
    0.11995
   -0.04506
    0.03368
   -0.11467
    0.07866
    0.03651
   -0.02788
    0.02985
   -0.02846
   -0.17875
    0.11091
   -0.06244
    0.09743
   -0.07370
    0.06796
   -0.08568
    0.06198
   -0.12494
    0.08473
   -0.08195
    0.07909
   -0.03093
    0.08899
   -0.03882
   -0.04065
   -0.14688
    0.09722
   -0.15675
    0.06365
   -0.03823
   -0.05940
   -0.06173
    0.10564
   -0.00926
    0.01865
   -0.06340
    0.02242
   -0.06709
    0.00145
    0.04050
   -0.00459
    0.04961
   -0.00134
   -0.02921
    0.00544
    0.03522
    0.06599
   -0.09496
    0.01501
   -0.06661
    0.08240
   -0.12710
    0.00469
    0.08864
    0.06310
   -0.07584
    0.03644
   -0.04875
    0.05848
   -0.02318
    0.03567
   -0.02043
    0.00253
   -0.03924
    0.08822
   -0.18722
    0.12824
   -0.08854
    0.06597
   -0.06820
    0.01711
    0.03129
   -0.04051
   -0.06652
    0.12605
   -0.06184
    0.03259
   -0.00666
    0.02072
   -0.05617
    0.05651
   -0.11701
    0.12924
   -0.07260
    0.08887
   -0.03585
    0.02645
    0.06527
   -0.11751
   -0.14536
    0.10090
    0.02379
   -0.03821
   -0.10487
   -0.07450
   -0.16750
    0.20837
   -0.07800
    0.12532
   -0.11336
   -0.02592
   -0.06624
    0.04476
   -0.01638
    0.00673
   -0.03907
    0.01918
   -0.04798
    0.05147
    0.04525
    0.03760
   -0.08535
    0.01744
   -0.04276
    0.08603
   -0.09950
    0.02826
   -0.02651
   -0.00442
   -0.00327
    0.02453
   -0.04179
    0.02035
   -0.03200
    0.08538
    0.02186
   -0.09740
   -0.03581
    0.09048
   -0.03041
    0.03112
   -0.07999
    0.07652
    0.01241
   -0.06939
    0.06109
    0.00604
   -0.07090
    0.06983
   -0.03705
    0.05972
   -0.09825
    0.13068
   -0.06344
    0.09773
   -0.07256
    0.04234
   -0.03180
    0.06950
   -0.01212
    0.03885
   -0.01020
   -0.02381
   -0.02533
    0.00990
   -0.00862
    0.02014
   -0.06824
   -0.14000
   -0.02420
    0.15297
    0.03183
    0.00235
   -0.01922
   -0.02347
   -0.04254
   -0.02822
    0.02623
    0.04542
    0.33706
   -0.08206
   -0.08234
   -0.04522
    0.16131
    0.01467
   -0.16667
    0.00406
    0.31538
   -0.19249
   -0.30309
   -0.15168
    0.23814
   -0.07719
   -0.02467
    0.03170
    0.01985
    0.07942
   -0.11307
    0.09645
   -0.04146
    0.01319
   -0.14586
    0.18549
   -0.10955
    0.13407
   -0.17069
    0.05783
    0.02550
    0.04176
   -0.03269
   -0.05581
   -0.09183
    0.10339
   -0.08781
    0.11936
   -0.03435
    0.10896
   -0.09444
    0.06555
   -0.17440
    0.16748
   -0.15736
    0.08422
   -0.02263
    0.00994
    0.08441
   -0.12170
   -0.02376
    0.03587
   -0.00658
   -0.00908
   -0.13875
    0.03171
   -0.23255
    0.27683
   -0.00687
    0.03382
   -0.05014
   -0.01285
   -0.14706
    0.06768
   -0.03163
    0.06123
   -0.08265
    0.10195
   -0.08015
    0.00604
    0.01226
    0.04783
   -0.11702
    0.07138
   -0.10937
    0.06592
   -0.05358
    0.08385
    0.02702
    0.01631
   -0.03539
    0.02389
   -0.00901
    0.08056
   -0.01875
   -0.02769
    0.02828
   -0.05270
   -0.13915
    0.13970
   -0.08800
    0.09003
   -0.05142
   -0.01650
    0.05406
   -0.01445
   -0.01541
    0.00736
   -0.14851
    0.05823
   -0.00948
    0.08894
   -0.03309
    0.09545
   -0.05890
    0.02854
   -0.08304
    0.09102
   -0.04642
    0.02975
   -0.07623
    0.03573
    0.04232
   -0.07835
   -0.10312
    0.11787
   -0.15354
    0.06004
   -0.03932
   -0.14562
   -0.13892
    0.19539
   -0.08548
    0.07288
   -0.11090
    0.03623
   -0.06993
   -0.02980
    0.06833
    0.01329
    0.00745
    0.02238
   -0.05142
    0.01552
    0.04078
    0.00543
   -0.07593
    0.04572
    0.05338
    0.06650
   -0.10260
   -0.11409
    0.07879
   -0.02285
   -0.01447
    0.03344
    0.02259
    0.09345
   -0.05322
   -0.00203
    0.08091
   -0.10954
   -0.05308
    0.08297
   -0.05714
    0.06316
   -0.09859
    0.01010
    0.03657
   -0.02055
    0.04705
   -0.07932
   -0.10526
    0.05219
   -0.03128
    0.09322
    0.03152
   -0.00712
   -0.04815
    0.02476
   -0.07284
    0.09482
   -0.12238
    0.04006
   -0.02977
    0.00612
    0.07047
   -0.10366
   -0.10158
    0.07862
   -0.03476
   -0.00585
   -0.02944
   -0.05199
   -0.16162
    0.16669
    0.04556
    0.02055
    0.00868
   -0.11289
   -0.09696
    0.01660
    0.05491
   -0.04299
   -0.07553
    0.04068
   -0.07342
    0.05690
    0.03325
   -0.02175
   -0.07502
    0.07660
   -0.00958
    0.08664
   -0.14673
   -0.03083
   -0.11840
   -0.03262
    0.02818
    0.02742
   -0.05490
    0.00882
   -0.04554
    0.10965
    0.03154
   -0.09476
   -0.04118
    0.08321
   -0.06026
    0.05592
   -0.02712
   -0.00900
    0.07468
   -0.06648
    0.05182
    0.01397
   -0.08840
    0.09232
   -0.07319
    0.06342
   -0.08190
    0.10853
   -0.09479
    0.07958
   -0.04586
    0.02615
   -0.10422
    0.09731
    0.04179
   -0.04158
    0.02689
    0.01495
   -0.06440
   -0.02393
    0.00535
    0.05869
   -0.01672
   -0.18157
    0.00308
    0.12669
    0.01131
    0.01584
   -0.00190
   -0.04039
   -0.00191
   -0.07120
    0.08706
    0.04624
    0.14186
   -0.02798
   -0.04464
    0.02302
    0.06029
    0.04980
   -0.13330
    0.07877
    0.13293
    0.00875
   -0.24331
    0.00574
    0.20828
   -0.05966
   -0.01112
    0.03658
   -0.02049
    0.06273
   -0.06608
    0.07251
    0.01408
    0.01699
   -0.11583
    0.11696
   -0.04653
    0.07669
   -0.14123
   -0.01508
   -0.00599
    0.01513
   -0.02660
    0.03499
   -0.07714
    0.10462
   -0.12395
    0.12396
   -0.04221
    0.06374
   -0.12970
    0.10905
   -0.07270
    0.09005
   -0.16876
    0.03579
   -0.00058
   -0.01209
    0.04049
   -0.04547
   -0.12126
    0.02497
    0.04463
    0.01408
   -0.07935
    0.04584
   -0.21148
    0.17526
   -0.08622
    0.06474
   -0.06266
   -0.01015
   -0.01937
    0.02336
   -0.06508
    0.06578
   -0.05036
    0.03062
   -0.06182
    0.05678
    0.00240
    0.06241
   -0.16201
    0.12174
   -0.10163
    0.07138
   -0.11894
    0.07291
    0.06539
    0.04084
   -0.09406
    0.09494
   -0.04985
    0.03125
   -0.00920
    0.02764
    0.02243
    0.00395
   -0.10307
    0.07349
   -0.12424
    0.09163
   -0.08622
   -0.05353
   -0.10421
   -0.00480
    0.06385
   -0.02186
   -0.16424
    0.12734
   -0.04770
    0.05462
   -0.07780
    0.08724
   -0.03098
    0.02639
   -0.09732
    0.09468
   -0.11591
    0.07222
    0.06779
    0.03575
    0.01209
   -0.08324
   -0.10074
    0.05973
   -0.09690
    0.07123
   -0.01166
   -0.09843
   -0.07641
    0.13182
    0.01876
    0.02861
   -0.09195
   -0.00454
   -0.13557
    0.01189
    0.08244
   -0.02626
   -0.00964
    0.01934
    0.02051
   -0.04058
    0.06044
    0.04863
   -0.09243
    0.01782
   -0.09018
    0.08562
   -0.05005
   -0.04077
    0.12199
    0.03795
   -0.03491
   -0.04500
