IntronPotTab 1 1024 2.50795
   -0.01307
   -0.03139
   -0.07470
    0.05445
    0.02028
   -0.15115
   -0.05658
    0.03981
    0.04029
   -0.08429
   -0.08667
    0.03220
    0.05340
   -0.15315
   -0.10310
    0.02127
    0.03547
   -0.18732
   -0.12195
    0.04584
    0.03258
   -0.07035
   -0.16810
    0.01858
    0.08468
   -0.08433
   -0.13853
   -0.01725
    0.11335
   -0.14043
   -0.13574
   -0.03142
    0.00715
   -0.07499
   -0.04287
    0.02808
    0.02595
   -0.14384
   -0.08448
    0.04005
    0.06376
   -0.04520
   -0.06688
   -0.02860
    0.01809
   -0.16647
   -0.12442
    0.05593
    0.03559
   -0.18209
   -0.11957
    0.04833
    0.07441
   -0.20902
   -0.07740
    0.00222
    0.06573
   -0.16223
   -0.15557
    0.05137
    0.06915
   -0.15892
   -0.12351
    0.02027
   -0.03321
   -0.05141
   -0.17986
    0.10298
    0.05419
   -0.25618
   -0.12711
    0.07451
    0.03801
   -0.09037
   -0.18200
    0.07105
    0.09061
   -0.21177
   -0.10536
    0.02951
    0.02396
   -0.15441
   -0.20767
    0.09916
   -0.02607
   -0.04386
   -0.14443
    0.07772
    0.05698
   -0.05026
   -0.34719
    0.07025
    0.05536
   -0.07757
   -0.15606
    0.02596
   -0.01289
   -0.17989
   -0.11756
    0.08676
   -0.03347
   -0.06604
   -0.04436
    0.04690
    0.04976
   -0.13730
   -0.17006
    0.05327
    0.04579
   -0.20642
   -0.22810
    0.07642
    0.09152
   -0.26552
   -0.20080
    0.01376
    0.07276
   -0.17848
   -0.15959
    0.01638
    0.09262
   -0.16144
   -0.28001
    0.08441
    0.09658
   -0.21763
   -0.14673
    0.02723
   -0.00171
   -0.07971
   -0.15012
    0.09626
    0.05625
   -0.29799
   -0.05230
    0.04889
    0.03006
   -0.10903
   -0.12143
    0.06998
    0.04389
   -0.23061
   -0.11550
    0.06179
    0.06921
   -0.15378
   -0.17785
    0.04558
    0.03279
   -0.20304
   -0.03497
    0.03882
    0.07667
   -0.22106
   -0.07405
    0.10806
    0.06821
   -0.13331
   -0.21081
    0.03684
   -0.01685
   -0.05941
   -0.13857
    0.08267
   -0.00832
   -0.15195
   -0.18576
    0.07958
    0.05712
   -0.08491
   -0.03277
   -0.01646
   -0.08183
   -0.07109
   -0.10486
    0.12609
    0.00469
   -0.15079
   -0.09689
    0.07654
    0.02321
   -0.21098
   -0.08195
    0.07286
    0.03718
   -0.07862
   -0.15407
    0.08639
    0.04025
   -0.18791
   -0.11694
    0.04746
   -0.12526
   -0.04498
   -0.16024
    0.15838
    0.01627
   -0.27268
   -0.14177
    0.08416
    0.03143
   -0.14182
   -0.21755
    0.08767
    0.06444
   -0.24734
   -0.17120
    0.04445
    0.01495
   -0.11439
   -0.18236
    0.06184
   -0.00087
   -0.07430
   -0.08454
    0.05844
    0.06166
   -0.21283
   -0.14840
    0.04097
    0.10045
   -0.08154
   -0.16381
   -0.01943
   -0.02725
   -0.08462
   -0.11120
    0.08440
   -0.00369
   -0.21746
   -0.04162
    0.05842
    0.02021
   -0.07963
   -0.11287
    0.06670
    0.02870
   -0.16617
   -0.18239
    0.05236
    0.04386
   -0.25465
   -0.23073
    0.06788
    0.06887
   -0.21152
   -0.09030
    0.00438
    0.06145
   -0.18741
   -0.28608
    0.08577
    0.08991
   -0.20728
   -0.15034
    0.00485
   -0.01598
   -0.01281
   -0.09306
    0.05887
   -0.01130
   -0.12125
   -0.12691
    0.06991
    0.01734
   -0.06334
   -0.12525
    0.06206
    0.07978
   -0.11461
   -0.13996
   -0.00235
    0.02478
   -0.09613
   -0.21901
    0.05720
   -0.03665
    0.02653
   -0.03588
    0.04303
    0.09617
   -0.15568
   -0.34316
    0.03047
    0.08992
   -0.08940
   -0.15563
   -0.00921
   -0.00953
   -0.11471
   -0.06920
    0.05728
    0.04032
   -0.06024
   -0.09738
   -0.00200
    0.08525
   -0.09002
   -0.07284
   -0.01866
    0.00594
   -0.16622
   -0.11427
    0.05838
    0.02556
   -0.10042
   -0.11560
    0.03721
    0.05031
   -0.07758
   -0.12250
    0.00747
    0.05985
   -0.07974
   -0.23620
    0.07732
    0.03345
   -0.10724
   -0.16263
    0.04384
    0.02416
    0.00974
   -0.20351
    0.03891
    0.04871
   -0.27964
   -0.18665
    0.12287
   -0.05738
   -0.03795
   -0.12777
    0.11459
    0.01216
   -0.13782
   -0.12578
    0.06808
   -0.02465
   -0.02535
   -0.09089
    0.05522
   -0.05031
    0.03555
   -0.09008
    0.07950
   -0.09368
   -0.06966
   -0.10293
    0.15351
   -0.01805
    0.01222
   -0.19211
    0.04745
   -0.06581
   -0.10338
   -0.04498
    0.09360
    0.05245
   -0.17951
    0.05722
    0.03030
    0.04211
   -0.02547
   -0.11349
    0.00599
   -0.12475
   -0.08792
   -0.14895
    0.11544
   -0.03390
   -0.12805
   -0.16822
    0.11071
   -0.00633
   -0.13723
   -0.19725
    0.10141
   -0.02606
   -0.18878
   -0.04067
    0.12643
    0.06518
   -0.15281
   -0.13569
    0.04526
   -0.00561
   -0.15570
   -0.15609
    0.11107
    0.09780
   -0.14933
   -0.11892
    0.00881
   -0.04651
   -0.22349
   -0.00982
    0.11345
    0.10460
   -0.20701
   -0.27823
    0.03894
    0.08777
   -0.05849
   -0.34477
    0.01919
    0.00332
   -0.13303
    0.00924
    0.04162
    0.12416
   -0.13320
   -0.01926
   -0.06278
    0.06911
   -0.08112
   -0.03767
   -0.01960
    0.03065
   -0.22230
   -0.09871
    0.04021
    0.00592
   -0.19285
   -0.12960
    0.06993
   -0.00111
   -0.11036
   -0.04290
    0.05186
   -0.07916
   -0.15079
   -0.18635
    0.14615
   -0.01107
   -0.13587
   -0.04955
    0.07452
    0.05202
   -0.30457
   -0.34496
    0.13286
   -0.12685
   -0.30935
   -0.14995
    0.29627
    0.03808
   -0.25277
   -0.09837
    0.06252
   -0.10076
    0.04121
   -0.15865
    0.12073
    0.03875
   -0.15115
   -0.13273
    0.03897
   -0.01788
   -0.12886
   -0.21158
    0.11114
    0.02495
   -0.18195
   -0.15719
    0.05311
    0.00145
    0.01565
   -0.26294
    0.06018
   -0.05686
    0.03105
   -0.10837
    0.06608
   -0.01766
   -0.01905
   -0.10011
    0.06372
    0.07117
   -0.00823
   -0.25779
    0.00607
   -0.08248
   -0.04237
   -0.10658
    0.11691
   -0.09185
   -0.12348
    0.13739
    0.05205
    0.04371
    0.03899
   -0.12747
   -0.00626
   -0.03173
   -0.14714
   -0.08269
    0.06442
   -0.01505
   -0.21789
   -0.18374
    0.12063
    0.05345
   -0.11005
   -0.07237
   -0.00907
    0.01991
   -0.15792
   -0.19129
    0.11334
    0.05603
   -0.18842
   -0.13504
    0.03356
   -0.03770
   -0.01372
   -0.11924
    0.08837
    0.02809
   -0.14507
   -0.20046
    0.06341
    0.02089
   -0.11281
   -0.10837
    0.08142
    0.05995
   -0.20345
   -0.06816
    0.02421
    0.05496
   -0.07734
   -0.07095
   -0.02700
   -0.03898
   -0.14284
    0.13000
    0.07883
    0.05035
   -0.00655
   -0.05569
   -0.04935
    0.10128
   -0.10492
   -0.14394
   -0.01893
   -0.01780
   -0.06577
   -0.05803
    0.05327
   -0.00470
   -0.12322
   -0.16149
    0.07014
    0.06690
   -0.07935
   -0.00808
   -0.05722
    0.04126
   -0.12501
   -0.09896
    0.02556
    0.00087
   -0.11954
   -0.08035
    0.06302
    0.05064
   -0.17516
   -0.20574
    0.06798
    0.06825
   -0.13483
   -0.15346
    0.04270
    0.06824
   -0.16375
   -0.15207
    0.03607
   -0.01306
   -0.02848
   -0.13041
    0.06529
    0.04077
   -0.18777
   -0.11578
    0.08277
    0.02182
   -0.07060
   -0.14151
    0.07611
    0.08037
   -0.17534
   -0.18330
    0.04488
    0.00265
   -0.11551
   -0.05937
    0.05025
    0.08752
   -0.28729
   -0.26739
    0.03386
    0.00287
   -0.28806
    0.07414
    0.09713
    0.02514
   -0.05739
   -0.10589
    0.02714
   -0.00798
   -0.15338
   -0.05044
    0.05819
   -0.03319
   -0.22304
   -0.12742
    0.05893
    0.05545
   -0.20702
    0.01016
   -0.00606
    0.09407
   -0.17799
   -0.39688
    0.05111
    0.03781
   -0.16683
   -0.11821
    0.04010
    0.04285
   -0.17592
   -0.04558
    0.03811
    0.11024
   -0.27506
   -0.17149
    0.08342
    0.08538
   -0.27399
   -0.16121
    0.05682
   -0.04015
   -0.04881
   -0.11354
    0.11135
    0.07541
   -0.30394
   -0.09789
    0.05647
    0.06539
   -0.16974
   -0.06765
    0.03986
    0.06572
   -0.29629
   -0.06954
    0.05958
    0.04482
   -0.22449
   -0.05453
    0.04007
   -0.03385
   -0.08327
   -0.05164
    0.08704
    0.08783
   -0.12290
   -0.16761
    0.05124
    0.09492
   -0.08640
   -0.04564
   -0.03599
   -0.00612
   -0.08541
   -0.01574
    0.02560
   -0.11449
   -0.43781
    0.10521
    0.12674
    0.00907
   -0.18254
    0.05367
    0.02711
   -0.05505
   -0.01607
   -0.13368
    0.08500
   -0.03620
   -0.21778
   -0.06670
    0.12722
    0.06262
   -0.20940
   -0.20254
    0.06631
    0.06484
   -0.12892
   -0.09877
    0.07064
    0.03541
   -0.24911
   -0.18301
    0.09159
   -0.03746
   -0.05154
   -0.27677
    0.12252
    0.06629
   -0.25875
   -0.31364
    0.08264
    0.01796
   -0.15687
   -0.23631
    0.11181
    0.08475
   -0.26366
   -0.18333
    0.03552
   -0.00643
   -0.06150
   -0.11687
    0.05562
   -0.02626
   -0.05486
   -0.03973
    0.06561
    0.06815
   -0.01224
   -0.17964
   -0.03860
    0.03958
   -0.17415
   -0.10365
    0.03583
   -0.00656
   -0.01027
   -0.10449
    0.03776
   -0.03091
   -0.05990
   -0.33183
    0.05086
    0.03117
   -0.08707
   -0.03653
    0.01181
    0.00602
   -0.13395
   -0.12787
    0.04391
    0.02264
   -0.19890
   -0.23527
    0.08920
    0.06871
   -0.23039
   -0.09633
    0.01847
    0.05202
   -0.10093
   -0.21684
    0.07231
    0.04436
   -0.21412
   -0.15463
    0.05316
   -0.01719
   -0.04673
   -0.14874
    0.08350
    0.07159
   -0.15772
   -0.13513
   -0.00421
    0.06170
   -0.10642
   -0.15136
    0.04622
    0.09187
   -0.18415
   -0.19167
   -0.01712
    0.03325
   -0.12600
   -0.20942
    0.05305
    0.04513
   -0.11102
   -0.07537
   -0.00904
    0.05548
   -0.02278
   -0.25606
    0.02583
    0.11158
   -0.17158
   -0.16398
   -0.02604
    0.04008
   -0.12986
   -0.09179
    0.01325
    0.04004
   -0.15836
   -0.09403
    0.02275
    0.09096
   -0.02701
   -0.15019
   -0.02885
    0.00928
   -0.16764
   -0.16789
    0.06493
    0.00635
   -0.13143
   -0.14946
    0.07024
    0.07651
   -0.17891
   -0.10765
   -0.01473
    0.06583
   -0.13918
   -0.23104
    0.08502
    0.05235
   -0.18820
   -0.16028
    0.03021
   -0.01365
   -0.05381
   -0.16226
    0.08275
    0.06448
   -0.13413
   -0.26389
    0.04266
    0.00780
   -0.07055
   -0.18362
    0.09238
    0.07537
   -0.23757
   -0.15743
    0.05265
    0.03784
   -0.11463
   -0.23973
    0.06595
   -0.04464
   -0.02609
   -0.29429
    0.10209
    0.01230
   -0.19052
   -0.06535
    0.11026
    0.06340
   -0.13829
   -0.27967
    0.05517
    0.02320
   -0.09483
   -0.11723
    0.03991
    0.07566
   -0.30736
    0.03147
    0.04885
   -0.02011
    0.03212
   -0.15321
    0.05809
    0.04251
   -0.20804
   -0.12452
    0.06068
   -0.05287
   -0.21581
   -0.12435
    0.13149
    0.09122
   -0.19072
   -0.10999
    0.01213
    0.06469
   -0.15431
   -0.27861
    0.13234
    0.12954
   -0.28039
   -0.17879
    0.04414
   -0.00165
   -0.09045
   -0.16479
    0.10092
    0.06306
   -0.19316
   -0.11544
    0.03243
    0.02638
   -0.09586
   -0.14921
    0.07336
    0.06065
   -0.23985
   -0.18994
    0.05921
    0.04008
   -0.14491
   -0.11139
    0.04319
    0.01553
   -0.19933
   -0.01169
    0.06239
    0.09926
   -0.07997
   -0.08296
   -0.03667
    0.09998
   -0.22113
   -0.21739
    0.02994
    0.03561
   -0.18453
   -0.14431
    0.06378
   -0.00055
   -0.10947
   -0.09234
    0.04869
    0.06688
   -0.09294
   -0.11200
    0.04049
   -0.00661
   -0.12687
   -0.19019
    0.10913
   -0.01428
   -0.14426
   -0.16969
    0.09528
    0.04644
   -0.20382
   -0.07586
    0.04600
    0.03436
   -0.13943
   -0.20676
    0.10583
    0.06635
   -0.26283
   -0.20793
    0.05722
   -0.08626
   -0.03601
   -0.18240
    0.13247
    0.02652
   -0.30302
   -0.24132
    0.09472
   -0.01161
   -0.12112
   -0.23066
    0.11453
    0.01259
   -0.25415
   -0.21612
    0.07483
    0.02662
   -0.15827
   -0.25362
    0.06612
   -0.01183
   -0.01794
   -0.14414
    0.05341
    0.03826
   -0.06128
   -0.21963
    0.05542
    0.13519
   -0.16363
   -0.14406
   -0.04656
   -0.01171
   -0.10990
   -0.13691
    0.07396
    0.00859
   -0.14572
   -0.13785
    0.04211
    0.03049
   -0.08455
   -0.09132
    0.03806
    0.01634
   -0.22319
   -0.23172
    0.06408
   -0.03716
   -0.19591
   -0.22473
    0.12840
    0.07370
   -0.24795
   -0.09337
    0.01624
    0.01008
   -0.17948
   -0.23018
    0.12370
    0.09247
   -0.25666
   -0.13925
    0.00652
