IntronPotTab 1 1024 -12.20555 0.60230 21.29940 9126 6 16  123.73
   -0.01246
    0.06476
   -0.01880
   -0.02305
   -0.03853
   -0.02127
    0.06696
    0.00682
   -0.00445
    0.03403
   -0.02410
   -0.00545
   -0.05658
    0.00088
    0.01611
    0.03007
   -0.00474
    0.06904
   -0.09388
    0.02966
   -0.03334
    0.00180
    0.04345
    0.00790
    0.04131
    0.00462
   -0.04099
   -0.02885
   -0.02004
    0.04351
   -0.03194
    0.00046
   -0.01676
    0.01756
    0.01370
   -0.00089
   -0.01004
   -0.04419
    0.03935
    0.01923
    0.03001
   -0.00373
   -0.01481
   -0.03241
   -0.04481
    0.01839
    0.01863
    0.00779
   -0.06333
    0.02468
   -0.02093
    0.03883
   -0.06977
   -0.02754
    0.06428
    0.04214
   -0.01498
    0.05408
   -0.04640
    0.01404
   -0.06598
   -0.00461
    0.00266
    0.03131
   -0.01072
    0.02713
   -0.07625
    0.04412
    0.02773
   -0.11222
    0.03373
    0.02871
   -0.02801
   -0.02072
   -0.05557
    0.07834
   -0.03481
   -0.00960
   -0.05609
    0.06910
   -0.00507
    0.00754
   -0.06265
    0.04636
   -0.04187
   -0.01131
    0.06854
    0.00346
    0.03927
    0.03063
   -0.12573
    0.03972
    0.00459
    0.02007
   -0.03557
    0.00492
    0.03400
   -0.00578
   -0.08144
    0.02476
    0.04288
   -0.08665
   -0.01779
    0.04664
    0.02909
   -0.02648
   -0.01519
    0.00145
   -0.06803
   -0.01788
    0.00762
    0.06157
    0.08321
   -0.05029
   -0.05308
    0.02765
    0.10602
   -0.19981
    0.01832
    0.01672
    0.00141
    0.02276
   -0.09271
    0.04781
   -0.00788
   -0.04778
   -0.06054
    0.08353
    0.03365
    0.02547
   -0.06168
   -0.00319
   -0.03147
   -0.04291
    0.04279
    0.03056
    0.05147
   -0.01320
   -0.04994
   -0.01195
   -0.05263
   -0.01402
    0.00508
    0.03975
    0.00431
    0.04599
   -0.02570
   -0.01915
   -0.06264
   -0.03008
    0.06596
    0.03878
    0.05085
   -0.02040
   -0.04616
   -0.00825
    0.04197
   -0.00694
   -0.01896
   -0.00331
    0.00810
    0.03161
   -0.05634
    0.01440
   -0.01090
   -0.01564
    0.05231
   -0.01748
    0.01494
   -0.02607
   -0.05161
    0.04547
   -0.01937
   -0.00915
   -0.02879
    0.04788
   -0.05108
    0.02604
   -0.00961
    0.02272
   -0.05049
   -0.08132
    0.04934
    0.07481
   -0.02443
    0.01763
   -0.05400
    0.05487
   -0.04208
    0.00102
   -0.02952
    0.04397
   -0.02901
    0.04465
   -0.06383
    0.03686
   -0.00880
   -0.03841
    0.04528
    0.00730
   -0.03780
    0.02136
   -0.02032
    0.03484
    0.07230
   -0.02424
   -0.03424
   -0.00371
   -0.02305
    0.09228
   -0.08010
    0.00390
   -0.06598
   -0.02028
    0.06196
    0.04694
   -0.00912
    0.05310
   -0.03829
    0.00134
    0.00401
    0.09079
   -0.04421
   -0.04776
    0.02372
   -0.00440
   -0.07343
    0.02083
   -0.00320
   -0.06515
    0.07381
    0.00509
    0.04250
   -0.00656
   -0.06631
   -0.00373
   -0.06437
   -0.01559
    0.01029
    0.04800
   -0.05505
   -0.02145
   -0.06390
    0.08048
   -0.06004
   -0.05836
    0.06371
    0.05808
   -0.01703
    0.02107
   -0.08445
    0.06258
   -0.01465
    0.01996
   -0.05940
    0.03593
   -0.01474
    0.07259
   -0.07101
    0.01034
   -0.05327
   -0.01240
    0.06443
    0.03081
   -0.02328
    0.01713
    0.00438
    0.00656
   -0.03469
    0.00239
    0.00358
    0.01982
   -0.06887
    0.17215
   -0.13043
   -0.02319
   -0.08762
    0.01707
    0.07513
    0.04345
   -0.02357
    0.05027
   -0.04068
    0.02438
   -0.07995
    0.11121
   -0.04738
   -0.01033
   -0.01847
    0.05096
   -0.03071
    0.00993
   -0.04919
   -0.00565
    0.05471
    0.03261
    0.01392
    0.02588
   -0.02372
   -0.02503
   -0.05306
    0.01371
    0.03422
   -0.00105
   -0.08422
    0.06490
   -0.08413
    0.04546
   -0.09424
   -0.00527
    0.08303
    0.03342
   -0.07580
    0.09643
   -0.06397
    0.05073
   -0.04047
    0.01140
   -0.03069
    0.03633
   -0.01627
    0.06096
   -0.07298
    0.01943
   -0.01667
   -0.06179
    0.04462
    0.04929
   -0.01040
    0.03340
   -0.07997
    0.02900
   -0.04855
   -0.02732
   -0.00246
    0.04984
   -0.02711
    0.08056
   -0.08710
    0.02088
   -0.06687
    0.00028
    0.06126
    0.02292
    0.02869
    0.01877
   -0.11861
    0.04608
   -0.02494
    0.03755
   -0.06356
    0.02504
    0.00560
    0.02396
   -0.04159
   -0.00021
    0.02382
   -0.04123
   -0.02095
    0.03339
    0.03383
   -0.00862
   -0.04745
    0.00044
   -0.08183
   -0.01948
    0.03666
    0.04433
    0.00834
    0.01744
   -0.12068
    0.03718
    0.04615
   -0.14698
    0.02495
    0.08550
   -0.03862
    0.04586
   -0.10055
    0.06459
   -0.00170
   -0.07659
   -0.06903
    0.11672
   -0.00291
    0.03769
   -0.04244
    0.01039
   -0.00136
   -0.03504
   -0.01051
    0.04806
    0.00514
   -0.01734
   -0.03188
    0.03678
   -0.00006
   -0.04608
    0.01000
    0.02838
   -0.04253
    0.05026
   -0.08252
    0.07520
   -0.01298
   -0.00264
   -0.02391
    0.05433
    0.02148
   -0.03339
   -0.03593
    0.03442
    0.01401
    0.03763
   -0.07388
    0.02797
    0.02232
    0.01071
   -0.04178
   -0.00514
    0.02996
   -0.06372
   -0.02154
    0.03297
   -0.00662
   -0.03365
   -0.00127
    0.03764
   -0.07301
    0.00453
   -0.00857
    0.07755
   -0.07544
   -0.01237
   -0.03485
    0.09096
   -0.06665
   -0.03295
    0.01060
    0.08600
   -0.03501
    0.01033
   -0.09560
    0.09080
   -0.04023
    0.01616
   -0.06211
    0.06305
   -0.09865
    0.21704
   -0.27566
   -0.01931
   -0.04571
   -0.03872
    0.05602
    0.03401
    0.03587
    0.02799
   -0.07620
   -0.01508
    0.00519
   -0.03013
   -0.02400
    0.03907
   -0.19658
    0.31643
   -0.35377
   -0.04236
   -0.09612
    0.02459
    0.06176
    0.03970
   -0.03738
    0.00945
   -0.03334
    0.04741
   -0.03946
    0.11058
   -0.05486
   -0.04336
   -0.08621
    0.19584
   -0.16271
   -0.02290
   -0.06070
    0.00673
    0.08356
   -0.00028
   -0.00654
    0.02072
   -0.03567
    0.01537
   -0.09076
    0.02992
    0.01515
    0.02258
   -0.16462
    0.14449
   -0.12563
   -0.00719
   -0.09695
   -0.05598
    0.06806
    0.06871
   -0.06707
    0.05149
   -0.09666
    0.08286
   -0.07007
    0.01611
   -0.05717
    0.05887
   -0.03481
    0.03927
   -0.01670
    0.02189
   -0.06144
   -0.06260
    0.08848
    0.03597
   -0.03171
    0.03328
   -0.00784
    0.02198
   -0.04433
   -0.03002
    0.03853
    0.02312
   -0.01706
    0.06126
   -0.05359
    0.01346
   -0.03454
   -0.00640
    0.04986
   -0.00112
    0.00816
    0.00218
   -0.01486
   -0.00043
   -0.01746
    0.03116
    0.00294
   -0.02050
    0.01613
   -0.00335
    0.01159
   -0.03066
   -0.04325
   -0.04899
    0.08752
    0.01146
   -0.00345
    0.02247
   -0.00435
   -0.01203
   -0.04591
    0.00886
    0.03252
   -0.00061
   -0.03395
    0.02563
   -0.00262
    0.00025
   -0.04283
   -0.05023
    0.03473
    0.05680
   -0.04888
    0.05622
   -0.02653
    0.03342
   -0.08140
   -0.01225
    0.00169
    0.04014
   -0.00933
    0.04044
   -0.06766
    0.02228
   -0.03160
   -0.05477
    0.05818
    0.03831
    0.02248
   -0.03264
   -0.07457
    0.06814
   -0.09999
   -0.01059
    0.00062
    0.05968
   -0.00580
    0.05214
   -0.08227
    0.01803
   -0.05206
   -0.03294
    0.03539
    0.05226
    0.04952
    0.00459
   -0.07807
    0.00018
    0.02210
    0.03360
   -0.03594
   -0.01112
    0.01549
   -0.00163
   -0.08914
    0.05376
    0.03870
   -0.03535
   -0.07950
    0.04738
    0.05175
   -0.04529
   -0.06700
    0.03692
   -0.04078
   -0.05542
    0.04011
    0.03867
    0.05844
   -0.01599
   -0.04440
    0.00763
    0.08533
   -0.15369
    0.01837
    0.02712
    0.04116
   -0.01081
   -0.07397
    0.03454
    0.09364
   -0.07935
   -0.06163
    0.08491
    0.00375
    0.02600
   -0.06473
    0.03377
   -0.02692
   -0.04582
    0.06123
   -0.00241
    0.02712
    0.02165
   -0.06613
    0.01721
   -0.04329
   -0.04726
    0.02124
    0.04396
   -0.03132
    0.07591
   -0.04046
    0.00836
   -0.02002
   -0.00933
    0.03764
   -0.00858
    0.02968
   -0.00207
   -0.02235
   -0.00874
    0.01882
    0.03245
   -0.01437
   -0.02176
   -0.00409
    0.03616
   -0.03464
    0.00514
   -0.04074
   -0.05311
    0.07365
    0.02191
    0.03788
   -0.03865
    0.01265
   -0.03907
   -0.07202
    0.01564
   -0.00828
    0.04471
   -0.04348
    0.01790
   -0.03332
    0.04239
   -0.06894
   -0.05199
    0.06726
    0.03695
   -0.05297
    0.02817
   -0.06120
    0.08325
   -0.12299
   -0.02193
   -0.00911
    0.06652
    0.04827
    0.07058
   -0.11388
   -0.03883
   -0.01055
    0.01397
   -0.00204
   -0.00013
   -0.00391
    0.05126
   -0.09879
    0.02858
    0.00791
    0.00724
   -0.02534
    0.00761
   -0.01951
    0.05526
   -0.02380
   -0.00928
   -0.05328
    0.00028
    0.00402
    0.05890
    0.01833
   -0.01479
   -0.06415
    0.03666
    0.01217
    0.08226
   -0.04129
   -0.04840
    0.01732
    0.02230
   -0.09297
    0.02451
   -0.03764
   -0.05093
    0.03304
    0.05382
    0.02715
   -0.01173
   -0.04776
    0.01078
   -0.10388
   -0.05735
    0.09687
    0.01101
   -0.07999
    0.05273
   -0.03631
    0.02566
   -0.06510
   -0.05601
    0.07024
    0.04488
   -0.03608
    0.00660
   -0.06037
    0.06289
   -0.04614
   -0.00825
   -0.03106
    0.05092
   -0.03112
    0.08056
   -0.03546
    0.00416
   -0.04769
   -0.03873
    0.08533
    0.02363
   -0.02470
    0.07126
   -0.00961
   -0.02379
   -0.06728
   -0.01553
    0.02323
    0.03765
   -0.05088
    0.10322
   -0.07555
    0.03403
   -0.07429
   -0.01261
    0.06578
    0.03470
   -0.01156
    0.06305
   -0.01643
   -0.01748
   -0.09648
    0.06390
    0.02962
   -0.00551
   -0.03919
    0.05247
    0.00701
    0.00347
   -0.03261
   -0.06978
    0.04369
    0.05150
    0.02202
    0.03324
   -0.02493
   -0.03285
   -0.08747
    0.01378
   -0.01218
    0.09331
   -0.10942
    0.03913
   -0.06106
    0.05764
   -0.13364
   -0.03955
    0.10230
    0.07153
   -0.09005
    0.06160
   -0.05363
    0.07329
   -0.06354
    0.00049
    0.00390
    0.02154
   -0.01137
    0.05486
   -0.12138
    0.05012
    0.01825
   -0.06885
    0.02791
    0.01988
    0.03055
    0.00173
   -0.05198
    0.00156
   -0.08471
   -0.02925
   -0.07535
    0.11191
   -0.02989
    0.03814
   -0.08261
    0.06414
   -0.07032
   -0.03333
    0.01854
    0.08941
   -0.00067
   -0.01675
   -0.10749
    0.08853
   -0.00136
   -0.03844
   -0.03777
    0.05255
    0.01011
    0.01395
   -0.04002
    0.00302
    0.01491
   -0.05547
   -0.02399
    0.04869
    0.04505
   -0.03529
   -0.06280
    0.02082
   -0.12993
   -0.06337
    0.02270
    0.11568
    0.13651
   -0.07492
   -0.05402
    0.00417
    0.13513
   -0.21011
   -0.04952
    0.06005
    0.02118
    0.01291
   -0.12872
    0.06375
    0.07412
   -0.09637
   -0.05302
    0.09473
    0.03662
    0.02094
   -0.09683
    0.02164
   -0.03263
   -0.04564
    0.01478
    0.05404
    0.06113
   -0.01859
   -0.04743
   -0.01690
   -0.08512
    0.01388
   -0.02749
    0.06298
   -0.03634
    0.03394
   -0.07139
    0.07566
   -0.05791
   -0.02518
    0.01425
    0.07443
    0.03398
   -0.06813
   -0.07498
    0.07358
    0.01614
    0.03727
   -0.08201
    0.04608
    0.00497
    0.01672
   -0.11688
    0.06664
   -0.02132
   -0.04913
    0.01605
    0.04409
    0.03362
    0.03310
   -0.04509
   -0.03530
   -0.06276
    0.02599
   -0.05179
    0.08097
   -0.04715
    0.01230
   -0.13369
    0.10567
   -0.09563
   -0.07887
    0.03894
    0.11084
   -0.07462
    0.01520
   -0.13426
    0.11970
   -0.11232
    0.00831
   -0.05860
    0.09428
   -0.00767
    0.04123
   -0.09882
    0.04164
    0.00908
   -0.02480
   -0.00103
    0.01101
   -0.03011
    0.05150
   -0.09654
    0.04366
    0.00738
   -0.03378
   -0.03022
    0.03522
   -0.05806
    0.09711
   -0.09131
    0.04214
   -0.08707
   -0.01034
    0.05862
    0.05191
   -0.03912
    0.03519
   -0.07926
    0.06190
   -0.02231
    0.10973
   -0.04619
   -0.03780
   -0.02396
    0.06492
   -0.07150
    0.01192
   -0.06501
   -0.06107
    0.07663
    0.04725
    0.00611
    0.00670
   -0.04856
    0.01720
   -0.10004
   -0.03582
    0.04591
    0.03978
   -0.07696
    0.04859
   -0.13769
    0.07043
   -0.11069
   -0.06491
    0.04769
    0.09143
   -0.07024
    0.02374
   -0.09918
    0.10620
   -0.06713
    0.00670
   -0.03577
    0.05259
