23 20 23 1 27 -4.5809 1.7879 3.6566 8990
 -0.02201   0.00403  -0.05428   0.05845   0.00014   0.02808  -0.07342   0.02954  -0.03995  -0.05651  -0.00355   0.09023   0.00836   0.02911  -0.11055   0.04781  -0.04076  -0.00267  -0.02426   0.04354 
 -0.02411   0.00197  -0.04339   0.05431  -0.03237   0.07236  -0.09404   0.03646  -0.03715  -0.04937  -0.00149   0.08124  -0.02628   0.02210  -0.07729   0.06606  -0.06387   0.05206  -0.08716   0.05470 
 -0.04528   0.03185  -0.06330   0.06113  -0.01188   0.04013  -0.08986   0.04231  -0.01311  -0.06140   0.01289   0.05415  -0.03507   0.04201  -0.10554   0.07517  -0.05635   0.00587  -0.05213   0.06431 
 -0.03378   0.00831  -0.04985   0.06176  -0.05294   0.08203  -0.09448   0.04749  -0.04129  -0.04275   0.02706   0.05778  -0.01898   0.01680  -0.06488   0.05542  -0.06409   0.02272  -0.02507   0.03547 
 -0.05175   0.02467  -0.03142   0.05014  -0.00066   0.04417  -0.11079   0.03948  -0.01513  -0.08647  -0.00150   0.08434   0.00952   0.02159  -0.08686   0.03779  -0.05042   0.02054  -0.04247   0.04374 
 -0.01822   0.00485  -0.05218   0.05319  -0.01833   0.07288  -0.11576   0.03465  -0.02698  -0.07832  -0.01954   0.10350  -0.00587  -0.00122  -0.10216   0.08014  -0.08082  -0.01414  -0.02342   0.06910 
 -0.03633   0.00011  -0.05499   0.07339  -0.03889   0.08745  -0.09765   0.03052  -0.06974  -0.03454   0.00776   0.09347  -0.03010   0.02786  -0.09292   0.07460  -0.06062   0.01462  -0.04488   0.05473 
 -0.05916   0.02779  -0.04869   0.06536  -0.02178   0.08608  -0.11209   0.02308  -0.04849  -0.03833   0.00240   0.08122   0.00435   0.01663  -0.09922   0.05505  -0.04281   0.00835  -0.07818   0.07331 
 -0.03574   0.02054  -0.06474   0.06364  -0.03105   0.06791  -0.13802   0.06420  -0.01166  -0.06591  -0.03139   0.08912  -0.03543   0.05490  -0.12469   0.07582  -0.08267   0.03250  -0.07090   0.06802 
 -0.04448   0.02681  -0.08190   0.07628  -0.01268   0.05291  -0.11562   0.04714  -0.04116  -0.03643  -0.01348   0.08482  -0.05696   0.01260  -0.07114   0.09533  -0.06849   0.01114  -0.05033   0.06455 
 -0.05155   0.01336  -0.05428   0.07461  -0.00971   0.08446  -0.14688   0.03198  -0.02841  -0.09007  -0.00003   0.09827  -0.04679   0.05285  -0.08603   0.06459  -0.06882   0.03176  -0.05186   0.04994 
 -0.04528   0.02642  -0.06019   0.06348  -0.01529   0.07295  -0.10038   0.02201  -0.02560  -0.08510  -0.01581   0.10380  -0.04088   0.04084  -0.09805   0.07672  -0.03613  -0.00770  -0.07911   0.08207 
 -0.03614   0.00770  -0.06787   0.07583  -0.04552   0.10403  -0.13012   0.03950  -0.02135  -0.06225  -0.04518   0.10523  -0.00687   0.01966  -0.11045   0.07027  -0.08021   0.04870  -0.06949   0.05318 
 -0.04669   0.03701  -0.08015   0.06877  -0.04223   0.10347  -0.13343   0.03873  -0.02483  -0.04385  -0.05171   0.10067  -0.01285   0.01408  -0.11350   0.08175  -0.04333   0.02966  -0.07950   0.05845 
 -0.03930   0.03108  -0.08618   0.07155  -0.02611   0.09888  -0.15251   0.03774  -0.04054  -0.07144  -0.03340   0.12057  -0.04875   0.04813  -0.11320   0.08617  -0.10684   0.03030  -0.07128   0.07953 
 -0.06019   0.03146  -0.08215   0.08441  -0.03240   0.11486  -0.17736   0.04062  -0.01403  -0.08910  -0.06188   0.12494  -0.02806   0.03394  -0.11435   0.08054  -0.04947   0.04226  -0.08892   0.05728 
 -0.04049   0.03358  -0.09925   0.07825  -0.05359   0.10007  -0.17707   0.07483  -0.02871  -0.08504  -0.04443   0.12518  -0.01467   0.03425  -0.11178   0.06676  -0.07650   0.04519  -0.09812   0.07241 
 -0.05237   0.03185  -0.09873   0.08812  -0.02428   0.11751  -0.18812   0.03500  -0.02631  -0.07122  -0.07547   0.13333  -0.02748   0.00499  -0.10789   0.09792  -0.08435   0.03694  -0.07581   0.06841 
 -0.04952   0.03127  -0.09847   0.08634  -0.04903   0.12083  -0.17507   0.04938  -0.04004  -0.10689  -0.03736   0.14250  -0.04137   0.02374  -0.15602   0.12038  -0.06671   0.04247  -0.06231   0.04752 
 -0.05957   0.03088  -0.08922   0.08857  -0.05577   0.12609  -0.18536   0.05519  -0.03552  -0.09374  -0.07450   0.15299  -0.02285   0.04510  -0.12478   0.07285  -0.04249   0.04817  -0.10560   0.05955 
 -0.05114   0.04023  -0.11193   0.08812  -0.03924   0.13980  -0.18205   0.02265  -0.04009  -0.12020  -0.07873   0.17208  -0.00857   0.03720  -0.12340   0.06537  -0.05695   0.07256  -0.10657   0.04618 
 -0.04810   0.04679  -0.11274   0.08112  -0.03863   0.11531  -0.18945   0.05216  -0.01969  -0.08418  -0.09665   0.14641  -0.01636   0.04559  -0.16523   0.08796  -0.05472   0.05615  -0.10027   0.05537 
 -0.04168   0.04118  -0.12389   0.08694  -0.02721   0.14004  -0.24702   0.04083  -0.02965  -0.12663  -0.07259   0.16380  -0.00328   0.01740  -0.13718   0.08354  -0.06342   0.06926  -0.12347   0.06203 
 -0.04168   0.04174  -0.13195   0.09078  -0.05388   0.18207  -0.21992   0.00484  -0.02236  -0.09321  -0.07922   0.14434  -0.02607   0.04726  -0.16180   0.09336  -0.04653   0.05220  -0.08915   0.04789 
 -0.04851   0.05908  -0.11923   0.07491  -0.01829   0.14878  -0.26734   0.03040  -0.02376  -0.09057  -0.08452   0.14696  -0.04503   0.06895  -0.15020   0.08587  -0.06912   0.04636  -0.07805   0.05587 
 -0.04468   0.04902  -0.12306   0.08247  -0.04132   0.13854  -0.20775   0.03887  -0.01183  -0.09038  -0.07347   0.13039  -0.02376   0.02588  -0.12015   0.08622  -0.06970   0.04420  -0.08697   0.06352 
 -0.04468   0.03910  -0.10846   0.08232  -0.02561   0.14686  -0.32516   0.06178  -0.04305  -0.06478  -0.09316   0.15301  -0.07070   0.08427  -0.17296   0.10442  -0.06171   0.02180  -0.09165   0.08001 
 -0.05771   0.04976  -0.14362   0.10195  -0.08080   0.16368  -0.26520   0.07142  -0.06763  -0.03677  -0.06736   0.14181  -0.07520   0.04064  -0.15014   0.13058  -0.05313   0.02952  -0.07090   0.05749 
 -0.08215   0.05417  -0.11166   0.09850  -0.03788   0.12316  -0.28769   0.08412  -0.03804  -0.08664  -0.05183   0.13849  -0.05786   0.03364  -0.07635   0.08347  -0.15069   0.03456  -0.08224   0.09859 
 -0.07823   0.03165  -0.10108   0.10736  -0.04974   0.16097  -0.30367   0.06159  -0.06905  -0.06707  -0.10076   0.17753  -0.07700   0.05389  -0.14532   0.11992  -0.07429  -0.00778  -0.08525   0.10171 
 -0.08106   0.03644  -0.12999   0.12059  -0.03195   0.12715  -0.28681   0.07454  -0.07162  -0.06696  -0.03596   0.14465  -0.06124   0.02585  -0.16376   0.13715  -0.09998  -0.00258  -0.11225   0.12255 
 -0.08171   0.02349  -0.12251   0.12645  -0.07183   0.14686  -0.31681   0.09950  -0.11268  -0.09268  -0.05591   0.19706  -0.08691   0.07840  -0.23256   0.14519  -0.06067  -0.00572  -0.11282   0.11016 
 -0.10092   0.03300  -0.14304   0.14109  -0.04840   0.13605  -0.38663   0.11121  -0.10663  -0.05199  -0.06142   0.17514  -0.11942   0.10500  -0.23964   0.14783  -0.09961  -0.02144  -0.09331   0.12402 
 -0.11155   0.03530  -0.14103   0.14461  -0.05319   0.14594  -0.40281   0.11000  -0.11541  -0.12520  -0.05975   0.21528  -0.11622   0.07817  -0.16176   0.13537  -0.10872   0.00452  -0.12186   0.12598 
 -0.11815   0.02798  -0.14275   0.15386  -0.05629   0.15476  -0.49517   0.12499  -0.15457  -0.07741  -0.08204   0.22591  -0.13034   0.06252  -0.16739   0.15774  -0.10778   0.02193  -0.14154   0.12404 
 -0.13412   0.04306  -0.16671   0.16242  -0.07851   0.14881  -0.45885   0.13957  -0.16423  -0.08442  -0.07952   0.23292  -0.09314   0.07525  -0.18021   0.13074  -0.09055  -0.04991  -0.12509   0.15262 
 -0.13313   0.01316  -0.15383   0.17555  -0.05766   0.16975  -0.45325   0.10238  -0.14616  -0.05955  -0.09900   0.22044  -0.05328   0.02809  -0.19919   0.14491  -0.11416  -0.01337  -0.11517   0.13541 
 -0.12317   0.03088  -0.15649   0.16054  -0.08078   0.15904  -0.53397   0.14632  -0.14142  -0.04893  -0.05632   0.19221  -0.05996   0.04882  -0.14447   0.11083  -0.11999   0.01811  -0.15087   0.13496 
 -0.12800   0.04549  -0.16157   0.15551  -0.05818   0.15942  -0.50304   0.12362  -0.12398  -0.04140  -0.06018   0.17962  -0.03980   0.02964  -0.11985   0.09676  -0.11775  -0.01511  -0.12509   0.14241 
 -0.11202   0.03050  -0.14362   0.14926  -0.01998   0.14119  -0.53001   0.11468  -0.09302  -0.02641  -0.06797   0.15448  -0.07166  -0.01007  -0.10924   0.14201  -0.12767  -0.00783  -0.08594   0.12133 
 -0.09955   0.02701  -0.13083   0.13873  -0.03978   0.11346  -0.45536   0.14035  -0.10631   0.00155  -0.02467   0.11984  -0.15591   0.04051  -0.08168   0.14737  -0.09818   0.01041  -0.12444   0.11984 
 -0.11484   0.04137  -0.12693   0.13569   0.01928   0.11293  -0.62685   0.12099  -0.08698  -0.02662  -0.03258   0.12956  -0.07903   0.05547  -0.19070   0.14036  -0.11898  -0.00316  -0.14364   0.14441 
 -0.08347   0.03165  -0.16732   0.14253   0.00753   0.10584  -0.55486   0.12618  -0.09574  -0.05350  -0.01115   0.13927  -0.07215  -0.03052  -0.06335   0.13048  -0.11231  -0.01747  -0.10708   0.13316 
 -0.08588   0.00709  -0.12251   0.13991  -0.05181   0.15103  -0.54515   0.13430  -0.13097   0.02653  -0.03155   0.12376  -0.07659   0.06494  -0.13525   0.10615  -0.14019   0.04675  -0.15342   0.12357 
 -0.12005   0.07453  -0.16187   0.13036  -0.02093   0.10005  -0.47291   0.13986  -0.06899  -0.04343  -0.04001   0.13098  -0.05813   0.02111  -0.18910   0.14883  -0.21970  -0.04470  -0.15956   0.20002 
 -0.10459   0.00259  -0.16127   0.17032   0.25077  -0.09233  -0.37015  -0.14050   0.13138  -0.20966   0.12258  -0.20728   0.12637  -0.12306   0.05009  -0.13733   0.14788  -0.10702   0.05394  -0.08225 
  0.14307  -0.12117   0.02781  -0.11659  -0.33015   0.43471  -0.96094  -0.06604  -0.21207   0.29439  -0.53377   0.08617  -0.32865   0.32679  -0.70270   0.12206  -0.49179   0.29335  -0.92552   0.13666 
 -0.30895   0.35399  -0.78973   0.05718   0.51812  -3.95381  -3.95381  -3.95381   0.51542  -3.95381  -3.95381  -3.95381   0.53910  -3.95381  -3.95381  -3.95381   0.75004  -3.95381  -3.95381  -3.95381 
  0.57358  -3.95381  -3.95381  -3.95381  -3.95381  -2.25696   0.66923  -3.95381  -3.95381  -3.95381  -3.95381  -3.95381  -3.95381  -3.95381  -3.95381  -3.95381  -3.95381  -3.95381  -3.95381  -3.95381 
 -3.95381  -2.27103   0.63173  -3.95381  -3.95381  -3.95381  -3.95381  -3.95381   0.31913  -0.09872  -0.38774  -0.42969  -0.03153  -0.02930   0.13036  -0.08302  -3.95381  -3.95381  -3.95381  -3.95381 
  0.00367  -0.04502   0.12022  -0.09759  -0.04283   0.03587  -0.14463   0.10406  -0.06992   0.03726  -0.07510   0.09557  -0.04222   0.05380  -0.11478   0.07699  -0.03240   0.03264   0.04142  -0.05106 
 -0.03831   0.03796  -0.07348   0.05718   0.04614   0.06068  -0.29178   0.05811  -0.07907   0.02958   0.05605   0.00727  -0.04987   0.03241   0.03157  -0.00554  -0.00745   0.00362  -0.02299   0.02051 
 -0.02661   0.03146  -0.03276   0.02420  -0.02447   0.10063  -0.13471   0.02435  -0.03336   0.01131   0.07514  -0.04760  -0.03691   0.02387   0.07351  -0.05599  -0.08569   0.02714   0.03380  -0.00873 
 -0.04368   0.04268   0.02194  -0.01766   0.03050   0.06757  -0.16149   0.01065  -0.08230  -0.01328   0.08666   0.01829  -0.00770   0.02633  -0.00325  -0.01243  -0.06425   0.02262  -0.01813   0.03025 
 -0.02430   0.02545  -0.01290   0.01169   0.01051   0.08806  -0.06175  -0.05347  -0.07713   0.01069   0.11145  -0.03896  -0.04188   0.03833   0.09391  -0.09191  -0.08387  -0.00180   0.07946  -0.03165 
 -0.04408   0.03377   0.06306  -0.05098  -0.00034   0.05015  -0.04821  -0.00836  -0.05661   0.00818   0.09210  -0.03607  -0.00592  -0.00261   0.09321  -0.09211  -0.06816   0.00478   0.05530  -0.01934 
 -0.02239   0.01336   0.05291  -0.04111   0.01532   0.05530  -0.08588  -0.00535  -0.06505   0.02776   0.07077  -0.02167   0.02569   0.01627  -0.01799  -0.02949  -0.06223   0.02943   0.00606   0.00327 
 -0.00981   0.03108  -0.00486  -0.01447   0.02404   0.07009  -0.06404  -0.04902  -0.04753  -0.00679   0.10309  -0.04546  -0.00004   0.03375   0.08512  -0.13173  -0.10199   0.02785   0.04043  -0.00800 
 -0.01973   0.03185   0.04421  -0.05343  -0.00656   0.05264  -0.00130  -0.04233  -0.02430  -0.05274   0.12435  -0.05867   0.01042  -0.00426   0.05813  -0.06814  -0.05906  -0.00082   0.01319   0.02077 
 -0.00870  -0.00114   0.04849  -0.03675   0.02236   0.04012  -0.03418  -0.03821  -0.05055   0.00522   0.09364  -0.04221  -0.01657   0.04882   0.03627  -0.06486  -0.07310   0.00314   0.01116   0.02608 
 -0.01803   0.02388   0.02587  -0.02797  -0.01400   0.05094   0.02034  -0.05140  -0.06350  -0.01532   0.12840  -0.05070  -0.00474   0.00817   0.05590  -0.05836  -0.06389   0.00052   0.06279  -0.02581 
 -0.02970   0.01095   0.06716  -0.04692  -0.02814   0.00716   0.04116  -0.01022  -0.03523  -0.02056   0.08829  -0.02885  -0.01635   0.04319   0.05960  -0.08604  -0.06821   0.02705   0.01553  -0.00014 
 -0.02795   0.01457   0.04905  -0.03244   0.02210   0.06235  -0.11652  -0.00054  -0.07241   0.00017   0.09421  -0.01263   0.01123   0.06699   0.01662  -0.10191  -0.06322  -0.00272   0.00900   0.02785 
 -0.01540   0.03165   0.00651  -0.01974  -0.02572   0.06149   0.01007  -0.03863  -0.06979   0.04053   0.08575  -0.04780   0.02607   0.02837   0.03507  -0.09823  -0.05003   0.03382   0.03926  -0.03948 
 -0.02526   0.04080   0.04252  -0.05528  -0.01000   0.01930  -0.01298   0.00495  -0.00925  -0.02694   0.08924  -0.05782   0.01084   0.03521   0.03012  -0.07849  -0.04549   0.00507   0.02022   0.00285 
 -0.00320   0.00709   0.03130  -0.03263   0.00572   0.04494  -0.04627  -0.01198  -0.05649   0.01114   0.08616  -0.03212   0.04068   0.02433   0.01684  -0.09425  -0.07853   0.01650   0.01348   0.01579 
 -0.00944   0.02369   0.01719  -0.02817  -0.00312   0.04531   0.01091  -0.05020  -0.05667   0.02561   0.08943  -0.05141  -0.00573   0.05121   0.02439  -0.06825  -0.09231   0.04363   0.03916  -0.02629 
 -0.02892   0.04080   0.04045  -0.04915   0.01451   0.01558  -0.02055  -0.01487  -0.06151   0.01732   0.08227  -0.02804   0.00652   0.02873   0.08085  -0.12921  -0.05549   0.00772   0.02643   0.00008 
 -0.01390   0.01597   0.04308  -0.04211   0.02813   0.03245  -0.01792  -0.05224  -0.01651   0.02184   0.04931  -0.05097   0.00131   0.04680   0.01470  -0.06196  -0.10185   0.05059   0.00779   0.00165 
 -0.00576   0.03720   0.01198  -0.04071   0.01883   0.01655  -0.00302  -0.03648  -0.08131   0.02722   0.09353  -0.02940  -0.02790   0.02797   0.05679  -0.05146  -0.12957   0.02159   0.05369  -0.00304 
 -0.03771   0.02211   0.04979  -0.03088   0.00632   0.02437   0.00861  -0.03838  -0.04711  -0.00301   0.11478  -0.06546   0.03120   0.02175   0.03647  -0.09994  -0.06225   0.02723   0.02911  -0.01619 
 -0.00815   0.01716   0.04738  -0.05425  -0.01941   0.01972  -0.01288   0.01499  -0.08283   0.01897   0.07909  -0.00276   0.02216   0.04475   0.02756  -0.10297  -0.11303   0.06203  -0.02006   0.01966 
 -0.03105   0.03549   0.01639  -0.01729   0.00286   0.04883   0.01091  -0.06213  -0.07585  -0.00186   0.12201  -0.04121   0.00678   0.02690   0.03092  -0.06475  -0.08476   0.03826   0.04579  -0.03178 
 -0.02970   0.02817   0.05420  -0.04996  -0.01012   0.03179   0.02092  -0.03645  -0.03075   0.00377   0.09137  -0.06318  -0.00530   0.01967   0.08724  -0.10979  -0.05338   0.01168   0.04339  -0.02106 
 -0.01578   0.01537   0.06019  -0.05837   0.00013   0.03662  -0.04816   0.00422  -0.06935   0.01910   0.07562  -0.01343   0.03254   0.02744   0.00626  -0.07406  -0.12569   0.02321   0.00452   0.03842 
 -0.01917   0.02506   0.00875  -0.01167   0.02169   0.03925   0.01383  -0.08105  -0.06468   0.00094   0.09093  -0.01809  -0.03444   0.04035   0.03857  -0.03694  -0.10613   0.06237   0.01666  -0.01586 
 -0.03535   0.03701   0.03932  -0.03735  -0.00577   0.01027   0.01698  -0.01708  -0.04096  -0.01965   0.12565  -0.07110   0.00052   0.05799   0.03791  -0.10042  -0.07646   0.00140   0.03964   0.00340 
 -0.02068   0.01216   0.05566  -0.04471   0.01361   0.04076  -0.03356  -0.02780  -0.05029  -0.01624   0.07427   0.00060   0.02652   0.00720   0.01312  -0.05167  -0.06253   0.01342   0.00447   0.01845 
 -0.00594   0.01075   0.01379  -0.01616   0.01436   0.02907  -0.02045  -0.02785  -0.07327   0.03530   0.08626  -0.03847   0.01276   0.04746   0.01522  -0.07861  -0.09238   0.02884   0.01846   0.00732 
 -0.02373   0.03434   0.02469  -0.03146   0.01968   0.01696  -0.02669  -0.01773  -0.02414  -0.04675   0.09845  -0.03072  -0.01253   0.05227   0.05556  -0.09702  -0.08767   0.02781   0.03780  -0.01229 
 -0.01409   0.01316   0.04271  -0.03873  -0.00094   0.03187  -0.01956  -0.01216  -0.09410   0.05126   0.08607  -0.03284  -0.00615   0.03271   0.03375  -0.05741  -0.06075   0.05211  -0.03078   0.01310 
 -0.03144   0.04099   0.01600  -0.02203  -0.02300   0.03830   0.02696  -0.03307  -0.04769   0.02030   0.08627  -0.05276   0.01056   0.01804   0.03779  -0.06795  -0.06733   0.01255   0.06245  -0.03447 
 -0.02545   0.02152   0.05420  -0.04753  -0.00402   0.03936   0.02776  -0.05910  -0.05086  -0.01744   0.11333  -0.04386   0.00232   0.00305   0.07460  -0.08497  -0.07972   0.04963   0.01394  -0.01375 
 -0.02106   0.01856   0.05620  -0.05139   0.01095   0.03419  -0.00175  -0.04508  -0.04284   0.01675   0.03286   0.00396   0.03420   0.02841   0.01335  -0.08525  -0.09685   0.02317   0.01633   0.01615 
 -0.00631   0.02427   0.01339  -0.02836  -0.00934   0.04292   0.04954  -0.07910  -0.07519  -0.00430   0.11262  -0.02743  -0.02634   0.05736   0.02153  -0.04676  -0.06603   0.03755   0.01763  -0.01275 
 -0.03732   0.03319   0.04905  -0.04171  -0.00446   0.02809   0.01629  -0.03543  -0.03646   0.00127   0.07341  -0.03126   0.02716   0.02327   0.03347  -0.09205  -0.04765   0.01731   0.04266  -0.02861 
 -0.00631   0.01637   0.04083  -0.04834   0.01822   0.03996  -0.03658  -0.03053  -0.04281   0.01219   0.05687  -0.01612   0.02626   0.04605  -0.01780  -0.06138  -0.06946   0.01318  -0.03329   0.05153 
 -0.00320   0.02681  -0.00971  -0.01279  -0.00692   0.01321   0.07244  -0.07541  -0.05687  -0.00857   0.11212  -0.04384  -0.03383   0.03687   0.05046  -0.04680  -0.07532   0.04256   0.00759  -0.00343 
 -0.03692   0.02152   0.05874  -0.04071   0.01755   0.01014   0.02901  -0.05889  -0.04868  -0.02469   0.12480  -0.05470  -0.03017   0.01590   0.08985  -0.07594  -0.06914  -0.00548   0.04436   0.00091 
 -0.02316  -0.00176   0.07193  -0.04672   0.01304   0.04705  -0.00504  -0.05884  -0.04160  -0.03072   0.07892  -0.00139   0.00246   0.03484   0.01877  -0.05463  -0.06182   0.00212  -0.01803   0.04514 
 -0.01074   0.01397   0.01639  -0.01672  -0.00739   0.02774   0.00626  -0.02229  -0.08280   0.00427   0.11883  -0.03542  -0.02347   0.01934   0.04377  -0.03359  -0.13439   0.02731   0.03753   0.00971 
 -0.04952   0.01975   0.05144  -0.01899   0.00708   0.04437   0.02402  -0.07625  -0.06235  -0.03590   0.11919  -0.02035   0.01256   0.02087   0.06083  -0.10160  -0.07037   0.05409  -0.00445  -0.00601 
 -0.02049   0.02270   0.04960  -0.04895   0.00793   0.04286  -0.03857  -0.01865  -0.07210  -0.00273   0.08389   0.00142   0.01440   0.04327   0.02914  -0.09172  -0.07288  -0.00449   0.00945   0.03335 
 -0.01803   0.01895   0.02096  -0.01842   0.03111  -0.00030   0.03442  -0.07341  -0.03400   0.02791   0.07204  -0.06137  -0.01724   0.02151   0.02062  -0.01936  -0.06472   0.01332   0.05884  -0.03266 
 -0.01260   0.01497   0.04682  -0.04652  -0.00305   0.04027   0.00726  -0.04143  -0.04141  -0.01722   0.11299  -0.05552  -0.01291   0.03779   0.02812  -0.04844  -0.04660   0.01754   0.02949  -0.01614 
 -0.01784   0.01935   0.04308  -0.04131   0.01017   0.03330  -0.03639  -0.01367  -0.05527   0.02260   0.07541  -0.03286  -0.00653   0.06799   0.01549  -0.07732  -0.05308  -0.00409   0.00552   0.02695 
 -0.01728   0.02914   0.01460  -0.02298   0.01503   0.03812   0.01023  -0.06642  -0.08313   0.01690   0.10434  -0.02974  -0.01231   0.04265   0.04557  -0.07385  -0.04800   0.02222   0.03397  -0.02409 
 -0.02603   0.02914   0.04831  -0.04834   0.01713   0.04457   0.00143  -0.06803  -0.02428  -0.04624   0.10365  -0.03745   0.01755   0.02711   0.02587  -0.07394  -0.12044   0.05258  -0.00093   0.01568 
 -0.00833   0.02034   0.03168  -0.04051   0.01263   0.02765   0.00042  -0.04252  -0.08051   0.03138   0.06609  -0.00348   0.05697   0.02717   0.00324  -0.10782  -0.03650   0.01914  -0.00648   0.00979 
