9 20 3 1 47 -2.8737 2.2432 4.0479 8981
 -0.02579   0.03209  -0.00317  -0.00130   0.00372   0.03779   0.01572  -0.05578  -0.04530  -0.02847   0.08146  -0.00196   0.02814   0.04607   0.01881  -0.10324  -0.06804   0.01928   0.03024  -0.00710 
 -0.01515   0.01899   0.03747  -0.03790  -0.02422   0.01287   0.02041  -0.00105  -0.03220  -0.01447   0.08438  -0.03382   0.01632   0.03915   0.03790  -0.09999  -0.03747   0.02295   0.03245  -0.02919 
 -0.01291   0.01480   0.04220  -0.04108  -0.00853   0.01862  -0.01036   0.00179  -0.08640   0.03086   0.06822   0.00085   0.01349   0.02976   0.01918  -0.06401  -0.04287   0.02013  -0.01698   0.02093 
 -0.02310   0.02353   0.01302  -0.01031  -0.05027   0.04438   0.03747  -0.01792  -0.06421   0.00885   0.10417  -0.04277  -0.00393   0.01544   0.04915  -0.05915  -0.06872   0.03580   0.00140   0.00494 
 -0.04344   0.02666   0.04651  -0.02638  -0.01807   0.03547   0.02814  -0.03727  -0.04836  -0.00712   0.11608  -0.06123   0.02529   0.03012   0.05266  -0.12126  -0.08965   0.00393   0.03382   0.01307 
 -0.02196   0.01480   0.05755  -0.04811   0.01653   0.02369  -0.04056  -0.00912  -0.06225  -0.01028   0.09369  -0.01328   0.00936   0.04966   0.00699  -0.06768  -0.08283   0.02867   0.00079   0.01846 
 -0.01572   0.02275   0.01503  -0.01874  -0.02236   0.03470   0.02762  -0.03076  -0.09354   0.05900   0.10216  -0.06286  -0.00805   0.03778   0.02116  -0.04709  -0.02959   0.01189   0.02685  -0.01801 
 -0.03629   0.03478   0.04389  -0.03889  -0.02522   0.03320   0.03481  -0.03271  -0.02150  -0.07671   0.12251  -0.03835   0.01369   0.02257   0.06103  -0.10548  -0.02216   0.00726   0.01517  -0.00708 
 -0.00845  -0.00257   0.05773  -0.04568   0.03056   0.03656  -0.04535  -0.03646  -0.06503  -0.00568   0.11033  -0.03476   0.05135   0.00556  -0.00031  -0.07117  -0.13951   0.03296   0.01691   0.02553 
 -0.00532   0.01700   0.01981  -0.02850  -0.02435   0.07571   0.01969  -0.06616  -0.09668   0.00600   0.11347  -0.01548  -0.01142   0.02141   0.07573  -0.08793  -0.12073   0.01504   0.05426  -0.00179 
 -0.05132   0.02997   0.06475  -0.04167  -0.01365   0.04904   0.02446  -0.05382  -0.02803  -0.03087   0.10395  -0.04743   0.01667   0.01725   0.06312  -0.10643  -0.07170   0.01847   0.03347  -0.00763 
 -0.01309   0.01279   0.05609  -0.05402  -0.01658   0.05672  -0.03784  -0.00384  -0.07176   0.03123   0.08836  -0.03828   0.01813   0.03721  -0.00509  -0.05326  -0.10540   0.03005   0.01347   0.01661 
 -0.02752   0.03745   0.01383  -0.02026   0.02149   0.04186  -0.00024  -0.06961  -0.04578   0.00245   0.07825  -0.02673   0.01585   0.04061   0.03065  -0.09241  -0.09444   0.03685   0.04537  -0.02504 
 -0.01440   0.03016   0.03956  -0.05238   0.00043   0.04251   0.00433  -0.04561  -0.05257  -0.05540   0.11859  -0.01369   0.01232   0.01079   0.04564  -0.07162  -0.05835   0.00980   0.04139  -0.01471 
 -0.01365   0.00220   0.05188  -0.03829  -0.01347   0.01858  -0.00694   0.00470  -0.07540   0.01034   0.08314  -0.00663   0.00444   0.01616   0.02349  -0.04271  -0.10381   0.00279   0.01242   0.03894 
 -0.03354   0.01078   0.02630  -0.00094  -0.01044   0.03528   0.00848  -0.02809  -0.08237   0.01822   0.12108  -0.05369  -0.00542   0.00389   0.03902  -0.03479  -0.05544   0.01960   0.03431  -0.01796 
 -0.03570   0.01939   0.05170  -0.03220   0.00153  -0.01521   0.01599  -0.00224  -0.04539  -0.03043   0.11863  -0.04487   0.00714   0.01714   0.08755  -0.12549  -0.04560   0.01050   0.01277   0.00510 
 -0.01365  -0.00425   0.05882  -0.03968   0.00641   0.05291  -0.07093  -0.00255  -0.06178   0.02552   0.05444  -0.00535   0.03550   0.04695  -0.03622  -0.05759  -0.09125   0.01267   0.03286   0.00746 
 -0.01216   0.03363  -0.00380  -0.01554   0.00431   0.01788   0.00982  -0.03041  -0.07356   0.01772   0.08350  -0.01634  -0.00577   0.04334   0.03325  -0.06905  -0.06841   0.03213   0.05763  -0.04738 
 -0.02945   0.02725   0.04707  -0.04147  -0.00408   0.03911  -0.00193  -0.03056  -0.05615   0.00344   0.12283  -0.07204   0.00418   0.00655   0.07604  -0.09320  -0.07190   0.00985   0.04556  -0.01187 
 -0.02177   0.01360   0.06152  -0.05156  -0.01500   0.04457   0.00294  -0.02707  -0.07101   0.04257   0.07555  -0.03640  -0.00647   0.05635   0.02067  -0.06920  -0.13992   0.05195   0.01621   0.00957 
 -0.03946   0.04760   0.02689  -0.03161   0.00204  -0.00253   0.02678  -0.02380  -0.05871  -0.00194   0.09982  -0.03276   0.01339   0.00843   0.05906  -0.08663  -0.04986   0.01218   0.04038  -0.02038 
 -0.01666   0.00343   0.05646  -0.04127  -0.00667   0.02078   0.02108  -0.02982  -0.05621  -0.00617   0.09401  -0.02445   0.02852   0.01159   0.04847  -0.09902  -0.13160   0.02109   0.02608   0.02425 
 -0.02234   0.01118   0.04539  -0.03103   0.02589   0.02167  -0.04214  -0.01791  -0.07327   0.00749   0.09219  -0.01647   0.03424   0.04192   0.00963  -0.09691  -0.05540  -0.01713   0.02489   0.02140 
 -0.00624   0.01259   0.02218  -0.02561  -0.00466   0.02905   0.02872  -0.04815  -0.08499   0.01384   0.13082  -0.05927   0.01017  -0.00509   0.03920  -0.04568  -0.06206   0.01730   0.03836  -0.01638 
 -0.02752   0.01360   0.05827  -0.04187   0.01293   0.02118   0.02688  -0.06176  -0.02471  -0.03885   0.10638  -0.04725   0.00740   0.02829   0.07028  -0.11526  -0.05590   0.02692   0.03228  -0.02243 
 -0.00496   0.00997   0.05773  -0.06210  -0.00472   0.00186  -0.02643   0.02452  -0.07520   0.01817   0.07229  -0.00257   0.02011   0.04659  -0.00673  -0.06459  -0.08284   0.01793  -0.03325   0.05370 
 -0.01987   0.01978  -0.00109   0.00268  -0.00220  -0.00819   0.03423  -0.02038  -0.05823   0.02260   0.06861  -0.02165   0.00948   0.00742   0.04062  -0.05865  -0.05674  -0.02741   0.05158   0.00508 
 -0.02387  -0.00236   0.04948  -0.02102  -0.00517   0.01013   0.00769  -0.00948  -0.01578  -0.04969   0.08923  -0.02764   0.00621   0.02560   0.06182  -0.09920  -0.03536   0.02640   0.03245  -0.03368 
 -0.00771   0.00528   0.04725  -0.04267   0.01008   0.05352  -0.03287  -0.03720  -0.07688   0.02541   0.06996  -0.00545   0.03357   0.04006   0.00857  -0.09249  -0.05638   0.05229  -0.02322   0.00461 
 -0.01030   0.04218   0.00367  -0.03298  -0.02194   0.03235   0.04547  -0.04649  -0.08811   0.05217   0.08899  -0.04404   0.00683   0.00987   0.04490  -0.06249  -0.13686   0.01729   0.04639   0.01095 
 -0.04565   0.02764   0.05518  -0.03435   0.01533   0.01329   0.03645  -0.06672  -0.03252  -0.02132   0.10006  -0.04599   0.02086   0.01990   0.06033  -0.11216  -0.08569   0.01039   0.03573   0.00406 
 -0.00790   0.00508   0.05736  -0.05340   0.01204   0.04050  -0.05855  -0.00612  -0.05404  -0.01333   0.07872  -0.00271   0.03753   0.04111   0.01029  -0.10171  -0.11494   0.03322   0.00685   0.02375 
 -0.00919   0.02530   0.00857  -0.02178  -0.00232   0.04771  -0.00261  -0.04122  -0.05419   0.00792   0.08754  -0.03316   0.01842   0.02161   0.04081  -0.08620  -0.09558   0.00609   0.05703  -0.00851 
 -0.02272   0.02038   0.04632  -0.04068  -0.01535   0.04400   0.00917  -0.03167  -0.06782  -0.00608   0.12438  -0.04948   0.01000   0.00892   0.09358  -0.12878  -0.05837   0.02124   0.04002  -0.02363 
 -0.02425   0.01640   0.06689  -0.05794   0.00842   0.00552  -0.01727  -0.00082  -0.05559   0.01089   0.04203   0.01452   0.04993   0.04817  -0.01027  -0.10681  -0.08416   0.01058   0.00375   0.03148 
 -0.00240   0.01800   0.00243  -0.01610   0.01067  -0.00476   0.01099  -0.01821  -0.05128   0.02438   0.08830  -0.05533   0.00172   0.03543   0.03040  -0.06681  -0.08810   0.02642   0.04377  -0.01677 
 -0.02196   0.01978   0.04314  -0.03750  -0.00453   0.00988   0.01015  -0.01216  -0.00981  -0.05378   0.08870  -0.03112  -0.00222   0.01775   0.09279  -0.11981  -0.09068  -0.00271   0.04760   0.00593 
 -0.01422  -0.00698   0.05972  -0.03750   0.01599   0.01755  -0.06323   0.01380  -0.04199   0.01239   0.04877  -0.00873   0.02878   0.02305   0.01794  -0.07648  -0.04644   0.01807  -0.02919   0.03395 
 -0.00058   0.01680  -0.00716  -0.00827   0.02833   0.02944  -0.02358  -0.04433  -0.06805   0.00534   0.11917  -0.05414   0.00630   0.00431   0.05977  -0.07336  -0.16007   0.02693   0.05527   0.00351 
 -0.03023   0.01740   0.05408  -0.03829  -0.02717   0.05304  -0.01597  -0.00541  -0.00544  -0.00575   0.07251  -0.06407   0.04768   0.01000   0.04291  -0.12033  -0.05566   0.02998  -0.00002   0.00478 
  0.00087   0.02137   0.02434  -0.04407   0.01264   0.02949  -0.08034   0.01870  -0.06654   0.01437   0.05466   0.01035   0.03198   0.04762  -0.01223  -0.07677  -0.05242   0.03209  -0.03061   0.02643 
 -0.00753   0.02977  -0.01783  -0.00422  -0.01203   0.04162  -0.02295  -0.00576  -0.03603   0.03431   0.06090  -0.05257   0.03802  -0.00886   0.03171  -0.07148  -0.10651   0.03843   0.00696   0.01549 
 -0.02006   0.02841   0.01882  -0.02350   0.03875  -0.00374   0.00999  -0.05644  -0.00215  -0.01324   0.08943  -0.08271   0.01287   0.02989   0.05271  -0.10224  -0.03172   0.01519   0.05371  -0.04780 
  0.01193   0.00671   0.05170  -0.07162  -0.00016   0.02951  -0.06766   0.02479  -0.04220   0.00050   0.05090   0.00069   0.08180   0.00920   0.01205  -0.14001  -0.04043  -0.02399  -0.01701   0.05335 
  0.01614   0.00282  -0.00800  -0.01217   0.01938   0.07360  -0.04935  -0.05872   0.02152   0.02787   0.02519  -0.08590   0.05412   0.04417   0.03060  -0.15890  -0.02270   0.01684   0.03276  -0.03247 
  0.02358   0.04086   0.01020  -0.07721   0.13230   0.01786  -0.11439  -0.13323   0.16297  -0.05847  -0.03531  -0.20744   0.14088   0.04097  -0.03306  -0.26006   0.16312   0.03622  -0.01309  -0.16350 
  0.15671   0.00814  -0.05174  -0.18926   0.19496  -0.00841  -0.29140  -0.12193   0.16942  -0.07266  -0.16774  -0.07609   0.20635  -0.02147  -0.25983  -0.11991  -0.03173   0.06592  -0.12202   0.04938 
  0.19035  -0.01441  -0.22652  -0.07917  -0.27445  -0.29808   0.44565  -0.30180  -0.20121  -0.26703   0.37385  -0.18579  -0.10201  -0.08860   0.25428  -0.15984  -0.28759  -0.31297   0.34958  -0.20534 
 -0.21681  -0.26221   0.37635  -0.23349  -2.03739  -3.95337   0.66856  -3.95337  -1.69590  -3.95337   0.65088  -3.95337  -2.36872  -3.95337   0.64150  -3.95337  -2.08879  -3.95337   0.57320  -3.95337 
 -2.09494  -3.95337   0.63134  -3.95337  -3.95337  -3.95337  -3.95337   0.58968  -3.95337  -3.95337  -3.95337  -3.95337  -3.95337  -2.15149  -3.95337   0.58754  -3.95337  -3.95337  -3.95337  -3.95337 
 -3.95337  -2.16780  -3.95337   0.57327  -3.95337  -3.95337  -3.95337  -3.95337   0.32354  -0.20344  -0.19149  -0.53439  -3.95337  -3.95337  -3.95337  -3.95337   0.57125  -0.49244  -0.13499  -0.69761 
  0.39478  -0.45764  -0.07674  -0.64198   0.19831   0.18322  -0.51243  -0.36323   0.14067  -0.05733  -0.01662  -0.17250   0.29958  -0.01886  -0.36161  -0.37265   0.12346   0.01307  -0.04275  -0.06340 
  0.25344   0.11238  -0.39001  -0.33084  -0.67708  -0.72387   0.60350  -0.86417  -0.70032  -0.61269   0.57535  -0.70436  -0.08645  -0.18957   0.33330  -0.30922  -0.36380  -0.23295   0.38573  -0.37763 
 -0.51806  -0.52645   0.53014  -0.65326  -0.03374   0.06613  -0.01564  -0.01175  -0.01658  -0.03228   0.06048  -0.00968  -0.43403  -0.37326  -0.65388   0.46204  -0.11849  -0.06723   0.06279   0.05021 
 -0.29544  -0.27413  -0.40083   0.38563   0.07242  -0.02260  -0.01475  -0.06636   0.03676  -0.08510  -0.02969   0.04760   0.08290  -0.01934  -0.04506  -0.05083   0.18646  -0.11049  -0.06532  -0.00202 
  0.04940  -0.06892  -0.02239   0.02189  -0.06275   0.12386  -0.05088  -0.01722  -0.02067  -0.07141   0.06231   0.02507  -0.00286   0.07601  -0.06998  -0.01228  -0.06794  -0.04586  -0.02254   0.08383 
 -0.04144   0.03247  -0.02152   0.02754   0.02870   0.04636  -0.07076  -0.02427   0.02405  -0.01730   0.00420  -0.01928   0.03481   0.00163  -0.07995   0.02194   0.00784  -0.02358  -0.00694   0.02005 
  0.02169   0.00158  -0.03099   0.00250   0.01548  -0.00041  -0.04765   0.01890  -0.05283  -0.09441   0.09735   0.04026   0.04428   0.00625  -0.05028  -0.01603  -0.04404  -0.03181  -0.00180   0.04883 
 -0.00477  -0.02791   0.00181   0.02601   0.00535   0.01600  -0.03768   0.00927  -0.02795  -0.07632   0.07727   0.02177   0.00799  -0.01881  -0.02372   0.02659  -0.04037  -0.02204   0.00987   0.03061 
 -0.01403  -0.02133   0.00817   0.02412  -0.00242   0.01895  -0.02101   0.00291  -0.00830  -0.10908   0.06397   0.03616   0.00582  -0.01945  -0.06182   0.05702  -0.03743  -0.03611   0.00798   0.04081 
 -0.01142  -0.03146   0.00036   0.03597   0.01021   0.04178  -0.02271  -0.03350  -0.01146  -0.06931   0.07325   0.00146   0.02730  -0.01165  -0.04084   0.01272  -0.03786  -0.03990   0.03477   0.02065 
 -0.00441  -0.01635   0.01603   0.00412  -0.00041  -0.00112   0.01877  -0.01473  -0.05285  -0.03468   0.08765   0.00501   0.01765  -0.02261  -0.02290   0.01835  -0.03458  -0.05875   0.03550   0.03152 
 -0.01515  -0.02968   0.03077   0.01195   0.00364  -0.00695   0.01451  -0.01066  -0.02928  -0.09463   0.09540   0.01748   0.00556  -0.00403  -0.04415   0.03303  -0.03375  -0.03440   0.01508   0.03188 
 -0.01253  -0.03146   0.02060   0.01999  -0.02489   0.01186   0.02196  -0.00076  -0.02906  -0.03730   0.06728   0.00236  -0.01574  -0.01156  -0.03776   0.05550  -0.03435  -0.03643   0.01149   0.03663 
 -0.02810  -0.01764   0.01643   0.02686  -0.02456   0.03854  -0.04231   0.02557  -0.05476  -0.04060   0.09445   0.00456   0.00921   0.01290  -0.05591   0.02385  -0.05842  -0.04705   0.05583   0.01643 
 -0.03276  -0.00866   0.02139   0.01947  -0.00858   0.00556  -0.01818   0.01947  -0.04182  -0.06545   0.09169   0.01356  -0.02081   0.02566  -0.06387   0.04929  -0.00924  -0.02559  -0.00804   0.03186 
 -0.02329  -0.01313   0.00284   0.03042   0.01117   0.01204   0.00358  -0.02791   0.00201  -0.06314   0.03496   0.01886   0.00905   0.01247  -0.05649   0.02481  -0.02020  -0.04389   0.01657   0.03037 
 -0.00167  -0.01959   0.00387   0.01476   0.00463   0.05393  -0.06281  -0.00728  -0.03705  -0.05668   0.08370   0.00999   0.02177  -0.03253  -0.04735   0.04005  -0.02181  -0.02454   0.00842   0.02417 
 -0.00790  -0.01078  -0.00150   0.01808  -0.00917   0.00561   0.00385   0.00252  -0.02396  -0.02322   0.06264  -0.01112   0.02033  -0.02617  -0.03997   0.03141  -0.01186  -0.04433   0.01655   0.02629 
 -0.00808  -0.02198   0.01302   0.01494   0.01518   0.01695  -0.01429  -0.02224  -0.04404  -0.08456   0.09010   0.03187  -0.01749   0.00318  -0.05051   0.05492  -0.03781  -0.06230   0.03752   0.03373 
 -0.01968  -0.02946   0.01941   0.02601  -0.01774  -0.02407   0.00525   0.03518  -0.02409  -0.06449   0.04951   0.03603  -0.00404   0.00558  -0.05592   0.04369  -0.04888  -0.07337   0.02403   0.05758 
 -0.02502  -0.03888   0.00918   0.04619  -0.01698  -0.01344   0.01926   0.01462  -0.02164  -0.08908   0.09486   0.00523  -0.01076   0.03538  -0.07325   0.03764  -0.05220  -0.07397   0.04097   0.04522 
 -0.02965  -0.03325   0.02689   0.03127  -0.02166   0.02412  -0.01280   0.01344  -0.03595  -0.07914   0.07334   0.03646  -0.01082  -0.00363  -0.02371   0.03413  -0.04143  -0.04548   0.03424   0.02692 
 -0.03042  -0.02329   0.02120   0.02924  -0.03733   0.03136  -0.01390   0.02434  -0.05967  -0.06284   0.05738   0.06359   0.01116   0.01412  -0.03930   0.00796  -0.04465  -0.05169   0.02801   0.03827 
 -0.03472  -0.01592   0.01202   0.03496  -0.00926  -0.00199   0.01234   0.00213  -0.04305  -0.04025   0.05430   0.03320  -0.00645  -0.02141  -0.00524   0.02900  -0.05038  -0.04401   0.02228   0.04066 
 -0.02965  -0.02659   0.02317   0.02941  -0.02032   0.04009  -0.03483   0.01417  -0.02162  -0.06512   0.05808   0.02557  -0.00366   0.04092  -0.06665   0.02076  -0.02018  -0.01490   0.00584   0.01819 
 -0.02025   0.00364  -0.00569   0.02103  -0.01135   0.00568  -0.03741   0.03643  -0.05565  -0.05060   0.05804   0.05035  -0.01578   0.03068  -0.05733   0.03559  -0.04069  -0.04121   0.04389   0.01461 
 -0.03218  -0.01398   0.00939   0.03346  -0.02048   0.00583   0.01069   0.00934  -0.02298  -0.05054   0.04286   0.03046  -0.02935   0.01212  -0.04391   0.05441  -0.04467  -0.03812   0.02676   0.02993 
 -0.03257  -0.01699   0.01343   0.03278  -0.01807   0.02214  -0.02606   0.02145  -0.03579  -0.05712   0.07461   0.01852  -0.00574  -0.00348  -0.04993   0.04829  -0.05351  -0.06907   0.02684   0.05474 
 -0.03042  -0.02681   0.01161   0.03995  -0.03040   0.03375  -0.00462   0.00759  -0.02140  -0.04947   0.04328   0.02749  -0.00392   0.02285  -0.02406   0.00458  -0.02183  -0.06014   0.01490   0.04364 
 -0.02483  -0.01292   0.01040   0.02532  -0.02514   0.00609   0.00777   0.01659  -0.02851  -0.07211   0.06889   0.02775  -0.02811   0.04159  -0.05589   0.03714  -0.08170  -0.05081   0.01923   0.06171 
 -0.04045  -0.01742   0.01343   0.03979  -0.02730   0.01581  -0.00670   0.02204  -0.00714  -0.08335   0.06845   0.01214  -0.00433   0.00189  -0.06502   0.05314  -0.03760  -0.06680   0.00843   0.06074 
 -0.02329  -0.03191   0.00551   0.04259  -0.01674   0.02343  -0.04020   0.02918  -0.01629  -0.04545   0.04838   0.01355  -0.01655   0.02980  -0.03320   0.01911  -0.03038  -0.04580   0.01762   0.03604 
 -0.02502  -0.00888   0.00284   0.02856  -0.02228   0.01376  -0.01371   0.02390  -0.03255  -0.07066   0.06073   0.03901  -0.01536   0.02562  -0.04733   0.03228  -0.03560  -0.04724   0.01476   0.04201 
 -0.02945  -0.01850   0.00735   0.03630  -0.02523   0.00904  -0.05719   0.06097  -0.00894  -0.06873   0.07118   0.00015   0.00174   0.02198  -0.06410   0.02999  -0.05172  -0.00476   0.00207   0.02967 
 -0.02368  -0.00698  -0.00674   0.03362   0.00286   0.02621  -0.05681   0.01687  -0.02047  -0.03296   0.02434   0.03073  -0.01548   0.01033  -0.06263   0.05572  -0.02539  -0.04487   0.02063   0.03028 
 -0.01760  -0.01057  -0.01118   0.03463  -0.02309   0.01933  -0.00478   0.01294  -0.04375  -0.06032   0.06490   0.03912  -0.02485   0.00084  -0.04247   0.05800   0.00356  -0.03281   0.01176   0.01350 
 -0.02791  -0.01656   0.01080   0.03059  -0.01939   0.01830  -0.01361   0.01679  -0.04007  -0.06516   0.11772  -0.01893  -0.00382   0.01419  -0.08554   0.05645  -0.01838  -0.02663  -0.00038   0.03124 
 -0.02444  -0.01270   0.00939   0.02566  -0.00396   0.02216  -0.03418   0.01188  -0.02947  -0.05287   0.05023   0.03243  -0.00952   0.00236  -0.03804   0.03888  -0.05942  -0.01254   0.01519   0.02832 
 -0.02559  -0.00803   0.00202   0.02907  -0.02977   0.02733  -0.00670   0.01448  -0.02967  -0.02108   0.03164   0.02450  -0.01675   0.00431  -0.04449   0.04911  -0.00223  -0.05380   0.00114   0.04048 
 -0.02483  -0.01164  -0.00192   0.03446  -0.00485   0.02975  -0.05262   0.01945  -0.06642  -0.03533   0.06099   0.04649   0.00250   0.00184  -0.04459   0.03183  -0.00476  -0.01169  -0.00046   0.01260 
 -0.02272  -0.00216  -0.00506   0.02754  -0.02926   0.04629  -0.04869   0.02791  -0.03259  -0.03381   0.03016   0.03935  -0.00746   0.04879  -0.05377   0.00788  -0.05582   0.02487  -0.02144   0.02697 
 -0.03296   0.02412  -0.02086   0.02703  -0.02581   0.06332  -0.04753   0.00714  -0.04226  -0.06605   0.03021   0.07261  -0.00591   0.01894  -0.07263   0.04625  -0.05531  -0.00906   0.01072   0.02748 
 -0.03413   0.00384  -0.01246   0.03846  -0.03642   0.04222  -0.04432   0.03583  -0.05129  -0.08338   0.03197   0.09085  -0.02906   0.03484  -0.05160   0.04086  -0.03628   0.02152  -0.05719   0.04660 
 -0.04344   0.00916  -0.02943   0.05459  -0.01124   0.05310  -0.04012  -0.00461  -0.01680  -0.05309  -0.02053   0.07797  -0.00118   0.03576  -0.09807   0.04407  -0.02967   0.04026  -0.04648   0.02003 
 -0.02101   0.02432  -0.04617   0.03547  -0.00612   0.04987  -0.06771   0.01277  -0.05540  -0.07433   0.00977   0.10571  -0.01390   0.03771  -0.05644   0.02689  -0.04772   0.01503  -0.02206   0.03153 
 -0.03354   0.01037  -0.02943   0.04554  -0.01110   0.08007  -0.08864   0.00247  -0.03566  -0.07279   0.00968   0.08704  -0.00272   0.01147  -0.04638   0.03066  -0.03234   0.05788  -0.04416   0.00366 
 -0.02559   0.02822  -0.03863   0.03059  -0.00153   0.09048  -0.08008  -0.02641  -0.02225  -0.10018   0.02280   0.08122  -0.04255   0.03484  -0.03395   0.04066  -0.02236   0.01086  -0.03604   0.03280 
