IntronPotTab 1 1024 0.14144
   -0.00688
    0.00723
    0.02851
   -0.00303
   -0.00237
    0.00985
   -0.00478
    0.00005
    0.00365
   -0.01371
    0.01988
   -0.00725
   -0.00181
   -0.01196
   -0.00463
    0.00850
   -0.00424
   -0.01350
    0.00217
    0.01160
   -0.03808
    0.03995
   -0.03144
    0.03880
   -0.02071
   -0.02239
    0.00897
    0.02747
    0.00334
   -0.02142
   -0.02289
    0.01898
   -0.00185
   -0.01728
    0.00617
    0.00850
   -0.01778
    0.01324
   -0.03001
    0.03002
   -0.00248
   -0.01423
    0.01468
    0.00121
   -0.00915
   -0.00066
   -0.02146
    0.01984
   -0.00248
   -0.00797
    0.01285
    0.00187
   -0.01498
    0.02506
   -0.02054
    0.01667
    0.00213
   -0.02298
   -0.00907
    0.01175
    0.00993
   -0.02451
   -0.00322
    0.00093
    0.00916
   -0.02729
   -0.01350
    0.00679
   -0.00233
    0.00440
   -0.01885
    0.01236
    0.00961
   -0.02989
   -0.00342
    0.00904
    0.00992
   -0.02050
   -0.02217
    0.00789
   -0.00178
    0.00155
   -0.02029
    0.01183
   -0.02660
    0.01187
   -0.04510
    0.05248
   -0.01237
    0.00042
   -0.01941
    0.02378
   -0.02761
    0.01752
   -0.04313
    0.05048
   -0.00449
   -0.01547
   -0.01895
    0.02565
   -0.02315
    0.02893
   -0.04081
    0.03884
    0.00398
   -0.01875
   -0.01045
    0.01406
   -0.00780
   -0.02450
   -0.03947
    0.04135
    0.01182
   -0.01825
   -0.00331
   -0.00132
   -0.00796
   -0.00352
   -0.02878
    0.03274
    0.00943
   -0.03430
   -0.01766
    0.01980
   -0.00260
   -0.00843
   -0.02333
    0.01556
    0.00839
   -0.00964
   -0.01833
    0.00123
   -0.01009
    0.04208
   -0.03444
    0.00874
    0.04183
   -0.04371
   -0.01753
   -0.03415
    0.00027
    0.02124
   -0.01813
    0.00143
   -0.00381
   -0.01796
   -0.01883
    0.02867
   -0.04805
    0.02785
    0.00328
    0.04342
   -0.02274
   -0.09433
    0.05035
    0.03586
   -0.00133
    0.00436
   -0.05479
    0.03626
   -0.00554
   -0.01090
   -0.01321
    0.02255
   -0.01364
    0.01339
   -0.03592
    0.03079
   -0.00177
    0.00167
   -0.01998
    0.01601
   -0.04872
    0.05680
   -0.03462
    0.05089
   -0.00005
   -0.00346
    0.01344
   -0.00489
   -0.00976
    0.01734
   -0.04120
    0.03156
    0.00824
   -0.03700
   -0.00999
    0.01661
   -0.00033
    0.00403
   -0.02264
    0.00947
    0.00739
   -0.00440
   -0.00268
   -0.00541
    0.00177
   -0.01096
   -0.01290
    0.01090
    0.00509
   -0.00204
   -0.00999
    0.00206
   -0.00605
   -0.00098
    0.00170
    0.00505
   -0.00725
   -0.01135
    0.00450
    0.01180
   -0.03390
    0.03395
   -0.03590
    0.04028
   -0.00532
   -0.03741
   -0.00825
    0.02747
   -0.01438
    0.02889
   -0.03355
    0.01534
    0.00861
   -0.02980
    0.00622
    0.00248
   -0.01982
    0.01440
   -0.02360
    0.03176
   -0.00515
   -0.01434
    0.01357
    0.00661
    0.00670
   -0.02697
   -0.01631
    0.01245
    0.01914
   -0.01047
    0.00184
   -0.01264
   -0.00331
   -0.01094
   -0.02270
    0.02324
    0.01326
   -0.02559
   -0.01719
    0.00639
    0.00501
   -0.00272
   -0.01085
    0.00110
   -0.00274
   -0.00510
    0.00621
    0.00387
   -0.02582
    0.04031
    0.01053
    0.00279
   -0.00343
   -0.00458
    0.03193
   -0.01139
   -0.00640
    0.00130
   -0.02456
    0.01668
   -0.01052
    0.01890
   -0.01427
    0.00410
   -0.02267
    0.04895
   -0.02886
    0.01175
    0.04480
   -0.02559
   -0.02533
   -0.02452
   -0.00180
    0.02723
   -0.01557
   -0.00495
    0.00194
    0.01831
   -0.01018
   -0.00901
   -0.02341
    0.01178
    0.01458
    0.01104
   -0.01310
    0.01006
    0.05963
   -0.03328
   -0.00259
   -0.00758
   -0.00712
    0.00976
    0.00127
   -0.00885
   -0.00494
    0.00479
   -0.02222
    0.01930
   -0.03161
    0.03523
    0.00415
   -0.01738
   -0.01057
    0.01094
   -0.00516
    0.00562
   -0.01329
    0.00636
   -0.00516
   -0.00426
   -0.00223
    0.01082
   -0.01738
   -0.01021
    0.00970
    0.01921
    0.00163
   -0.03673
    0.02753
    0.00338
   -0.00798
   -0.00406
   -0.01411
    0.01357
   -0.01726
    0.00985
    0.01388
    0.00335
   -0.01414
   -0.00611
   -0.02117
    0.03244
    0.00084
    0.01086
    0.00126
   -0.01061
   -0.03080
    0.02016
   -0.01030
    0.01180
   -0.00042
   -0.01380
    0.00395
    0.00808
   -0.01572
   -0.03975
   -0.04422
    0.07730
   -0.00917
   -0.00071
    0.02122
   -0.00497
   -0.03750
   -0.01297
   -0.01203
    0.04261
   -0.00195
    0.00369
    0.01655
   -0.00732
   -0.01076
    0.00348
   -0.03693
    0.02932
    0.01176
   -0.03185
    0.00389
    0.00678
   -0.00433
    0.00266
   -0.02739
    0.01380
    0.00062
    0.01718
   -0.00387
   -0.00878
    0.00019
    0.04613
   -0.03914
   -0.00406
   -0.00738
   -0.00257
    0.02323
   -0.00640
    0.01005
    0.03187
   -0.04197
   -0.00154
   -0.01119
   -0.01466
   -0.01172
    0.02970
   -0.05361
    0.04181
   -0.01157
    0.05270
   -0.01675
   -0.02032
   -0.00336
    0.03067
   -0.00876
    0.00638
   -0.00838
    0.00792
    0.00072
    0.01157
   -0.00844
   -0.00486
   -0.02703
    0.01226
   -0.03964
    0.05691
    0.00609
   -0.04532
    0.02199
    0.00941
   -0.03343
    0.02754
   -0.02506
    0.02490
    0.00145
   -0.01993
    0.01040
    0.00499
   -0.01286
    0.01310
   -0.02650
    0.03081
    0.01587
   -0.03095
   -0.00199
    0.00461
    0.00226
   -0.01099
   -0.01387
    0.00893
   -0.01342
    0.02641
   -0.01234
    0.00866
   -0.00866
    0.02579
   -0.02969
    0.00596
   -0.00892
    0.00782
    0.00830
   -0.00059
   -0.02805
    0.04206
   -0.00961
    0.01278
    0.00107
    0.01841
   -0.00924
   -0.00890
   -0.03680
    0.04390
   -0.03345
    0.02666
   -0.01275
   -0.00286
    0.01195
    0.00603
   -0.05982
    0.09950
   -0.07867
   -0.02552
    0.00013
   -0.00145
    0.00624
   -0.00257
   -0.02545
    0.03265
   -0.03073
    0.02505
   -0.01574
   -0.00007
    0.03055
   -0.00295
   -0.01096
    0.00751
   -0.02493
    0.01924
    0.00769
   -0.00524
   -0.00720
   -0.00293
   -0.00964
    0.01541
   -0.02344
    0.01207
    0.01174
   -0.02533
   -0.01648
    0.01108
   -0.01221
    0.03106
   -0.02978
    0.00624
   -0.00591
   -0.01157
    0.04403
   -0.00491
   -0.00953
    0.02763
   -0.01609
    0.00321
   -0.00726
   -0.05261
    0.04925
    0.00289
    0.00035
    0.00454
    0.00148
   -0.00288
   -0.00211
    0.00377
    0.01349
   -0.00753
   -0.02466
   -0.01466
   -0.01636
    0.05221
   -0.01778
   -0.02688
    0.00773
    0.02879
   -0.00484
   -0.02452
   -0.01409
    0.02269
   -0.04284
   -0.07899
    0.08608
   -0.00365
   -0.01837
    0.01231
   -0.01001
    0.02033
   -0.02061
   -0.04125
    0.04686
    0.00745
    0.00594
   -0.03017
    0.02226
   -0.00817
   -0.00127
   -0.03252
    0.04154
   -0.00303
   -0.01834
   -0.01094
   -0.00416
    0.03257
   -0.00297
   -0.03416
    0.00184
    0.01832
    0.01414
   -0.00822
   -0.00506
   -0.00378
    0.00754
   -0.04149
   -0.00421
    0.01520
    0.00516
   -0.02554
   -0.00331
    0.01313
    0.00522
   -0.05638
    0.02446
    0.01866
    0.01714
   -0.04042
   -0.00501
    0.00596
   -0.00112
   -0.03412
    0.01947
    0.01300
   -0.03427
    0.00361
   -0.05879
    0.07410
    0.01398
   -0.04848
    0.01124
    0.01703
   -0.02143
   -0.02414
   -0.00023
    0.03245
    0.01099
   -0.03460
    0.00997
    0.00468
   -0.01103
   -0.02914
    0.01657
    0.02303
   -0.00740
   -0.05857
    0.04062
    0.02873
    0.01434
   -0.04685
   -0.00470
    0.01667
   -0.00095
   -0.03797
    0.02747
    0.00900
    0.00522
   -0.02590
   -0.03045
    0.03122
    0.01234
   -0.06002
   -0.00220
    0.03130
    0.00492
   -0.04167
   -0.01358
    0.02260
    0.01145
   -0.02249
    0.01232
   -0.01445
    0.00066
    0.01621
   -0.03088
    0.01178
    0.01032
   -0.04646
    0.02099
   -0.00567
   -0.00465
   -0.01365
   -0.01900
    0.01958
   -0.00686
    0.00918
   -0.01104
    0.00950
   -0.01727
    0.00963
   -0.03214
    0.04636
    0.01361
   -0.09549
   -0.02984
    0.06774
    0.01626
   -0.01062
   -0.04142
    0.02354
   -0.00460
   -0.04634
    0.01451
    0.02127
   -0.01446
   -0.00146
   -0.02851
    0.03764
   -0.00228
   -0.01957
   -0.00775
    0.02332
   -0.02696
   -0.03146
   -0.00693
    0.03731
   -0.00827
   -0.03893
    0.05367
    0.00340
   -0.01196
   -0.00755
   -0.01752
    0.03669
   -0.00522
   -0.05169
   -0.00926
    0.03838
   -0.01039
    0.00082
   -0.00076
    0.00621
    0.00163
   -0.01727
   -0.00643
    0.00756
    0.01359
   -0.03341
   -0.03056
    0.02413
    0.01283
   -0.03517
    0.00813
   -0.00214
   -0.01125
   -0.00851
    0.00485
    0.01195
    0.00136
   -0.01269
    0.01834
   -0.00372
   -0.03743
   -0.00119
    0.00269
    0.04527
   -0.01658
   -0.04397
    0.00860
    0.03066
   -0.01666
   -0.01305
    0.01075
    0.01231
    0.00132
   -0.02155
    0.04097
   -0.01186
   -0.02604
    0.04182
   -0.02796
    0.02108
   -0.01430
   -0.03874
    0.03584
    0.01238
   -0.00701
   -0.00777
    0.00950
    0.00274
    0.01512
   -0.03409
    0.02025
   -0.00822
   -0.00588
   -0.02157
    0.00102
    0.01958
    0.02001
   -0.05563
   -0.00597
    0.00920
    0.00207
   -0.00109
   -0.01919
    0.00672
   -0.00736
    0.00719
    0.01147
    0.00309
   -0.00725
    0.01666
   -0.00591
    0.00265
   -0.00030
   -0.00179
    0.03901
   -0.01633
   -0.02508
    0.01503
   -0.01043
    0.02582
   -0.00288
   -0.01589
   -0.01942
    0.01892
   -0.01112
    0.04224
   -0.02988
    0.00398
   -0.01042
    0.01432
   -0.03072
    0.01708
   -0.01360
    0.01302
   -0.01438
    0.01209
    0.00197
   -0.01976
    0.01081
    0.00186
   -0.01940
    0.03155
   -0.02839
    0.01441
    0.02124
   -0.00061
    0.03711
   -0.02248
   -0.01592
   -0.00778
   -0.00477
    0.01763
    0.00015
   -0.01215
   -0.01708
    0.00970
   -0.02581
    0.00877
   -0.00515
    0.02866
   -0.00709
   -0.00445
   -0.02306
    0.01667
   -0.01894
    0.00646
   -0.00152
    0.01391
   -0.00848
   -0.00640
   -0.00098
    0.01473
   -0.01092
   -0.01686
    0.00852
    0.01695
   -0.00266
   -0.03253
    0.02540
    0.00724
   -0.00153
   -0.02182
   -0.01212
    0.01618
   -0.01063
   -0.01115
   -0.00299
    0.02091
   -0.02765
    0.00119
   -0.03734
    0.05179
    0.00446
   -0.01927
   -0.01362
    0.01688
   -0.01660
   -0.00683
   -0.02995
    0.03241
    0.02366
   -0.04436
   -0.02167
    0.01001
   -0.01004
    0.01626
   -0.04971
    0.03110
   -0.00326
   -0.00254
    0.01479
   -0.00370
   -0.01784
   -0.04741
    0.04148
    0.01271
   -0.00865
    0.00047
   -0.00732
    0.01090
   -0.01636
   -0.04090
   -0.09466
    0.06655
    0.00181
   -0.03376
   -0.01299
    0.02481
   -0.00720
   -0.01425
   -0.02414
    0.02201
    0.00334
   -0.00161
   -0.00567
   -0.00123
   -0.00124
    0.02040
   -0.04169
    0.01271
    0.03338
   -0.02522
    0.01065
   -0.02793
   -0.00443
    0.01282
   -0.02676
    0.01401
   -0.00340
   -0.01109
   -0.02261
    0.02400
   -0.00684
    0.01386
   -0.04918
    0.03263
    0.00249
   -0.06793
    0.01453
    0.02965
    0.00167
    0.00782
   -0.04458
    0.02501
    0.00517
   -0.02477
   -0.00117
    0.00785
    0.01935
    0.01641
   -0.07539
    0.01122
   -0.00245
   -0.03016
    0.01275
    0.01127
   -0.01106
    0.01148
   -0.02723
    0.01933
    0.00456
   -0.00766
    0.00321
   -0.00175
   -0.01135
    0.01052
   -0.02240
    0.02079
   -0.00282
   -0.02062
   -0.01286
    0.01615
    0.00111
    0.00147
   -0.03679
    0.01487
   -0.01012
    0.00406
   -0.00656
    0.01283
    0.00636
   -0.01830
   -0.02813
    0.01489
   -0.00959
   -0.00422
   -0.00240
    0.01161
   -0.01363
    0.00252
    0.00027
    0.00916
   -0.00840
    0.00035
   -0.00638
    0.01334
   -0.03582
    0.02735
   -0.02987
    0.03861
    0.01321
   -0.02806
   -0.00750
    0.00267
   -0.01571
    0.00922
   -0.02311
    0.01777
   -0.00160
   -0.01127
    0.02465
   -0.00454
   -0.01924
    0.02618
   -0.04112
    0.02675
   -0.01471
   -0.01011
    0.01052
    0.01345
   -0.00216
   -0.00841
   -0.01673
    0.01235
    0.00018
   -0.01078
   -0.02211
    0.01045
   -0.01465
    0.00150
   -0.02517
    0.02570
   -0.00590
   -0.01880
   -0.02122
    0.02267
    0.00203
    0.00749
   -0.00695
   -0.00147
