IntronPotTab 1 1024 1.12617
   -0.00185
   -0.10406
   -0.02531
    0.04318
   -0.00915
   -0.11049
   -0.02909
    0.06782
   -0.00537
   -0.06662
   -0.04433
    0.06197
   -0.01842
   -0.14506
   -0.01343
    0.05303
   -0.02343
   -0.07464
    0.01270
    0.06179
    0.00706
   -0.07055
   -0.03128
    0.04774
    0.02337
   -0.08627
   -0.06859
    0.05986
    0.00037
   -0.13689
   -0.02875
    0.05941
    0.01299
   -0.11667
   -0.02669
    0.03119
    0.02499
   -0.16200
   -0.01676
    0.02768
    0.00495
   -0.06279
    0.00372
    0.03082
    0.01045
   -0.18257
   -0.03797
    0.06100
   -0.01113
   -0.11929
   -0.00523
    0.05544
    0.01852
   -0.10057
   -0.06136
    0.05050
    0.01453
   -0.06130
   -0.08885
    0.06484
    0.00432
   -0.14156
   -0.01736
    0.04247
   -0.01164
   -0.02774
   -0.04589
    0.05019
    0.02502
   -0.12024
   -0.01936
    0.03132
   -0.02635
   -0.05217
   -0.08740
    0.07070
    0.00764
   -0.14700
   -0.03093
    0.05818
   -0.02150
   -0.01994
   -0.02623
    0.05977
    0.01665
   -0.00628
   -0.06069
    0.02386
    0.01790
   -0.04793
   -0.08448
    0.05823
    0.02908
   -0.08717
   -0.05072
    0.05919
    0.02841
   -0.09977
   -0.04571
    0.05041
    0.03482
   -0.15230
   -0.01369
    0.04393
    0.00381
   -0.07528
   -0.02418
    0.05477
    0.02746
   -0.14221
   -0.02731
    0.05754
    0.00348
   -0.06842
   -0.00523
    0.04402
    0.02023
   -0.12535
   -0.05381
    0.06148
    0.00205
   -0.08275
   -0.11787
    0.09185
    0.00449
   -0.15499
   -0.03230
    0.06209
    0.00557
   -0.11375
   -0.03704
    0.06076
    0.02665
   -0.14379
   -0.04840
    0.07477
    0.02251
   -0.09011
   -0.02887
    0.05012
    0.00707
   -0.16356
   -0.02808
    0.06745
   -0.03381
   -0.07554
    0.01231
    0.06363
    0.01001
   -0.04642
   -0.05126
    0.06785
    0.02245
   -0.05997
   -0.06497
    0.05270
    0.01396
   -0.12628
   -0.03765
    0.05918
    0.02613
   -0.14786
   -0.01249
    0.02133
    0.04793
   -0.14142
   -0.07645
    0.04126
    0.03231
   -0.11407
    0.03299
    0.00603
    0.00473
   -0.10264
   -0.06383
    0.08117
   -0.00748
   -0.11397
    0.00629
    0.05221
    0.04145
   -0.11973
   -0.06287
    0.05593
    0.01534
   -0.06358
   -0.09270
    0.08202
    0.02066
   -0.14416
   -0.03682
    0.06076
   -0.04700
   -0.09814
   -0.03154
    0.07956
    0.00357
   -0.16141
   -0.03839
    0.07207
   -0.00110
   -0.07282
   -0.02945
    0.06243
    0.02435
   -0.17019
   -0.03031
    0.03184
   -0.02718
   -0.08092
   -0.00514
    0.06833
    0.01641
   -0.06191
   -0.05441
    0.04729
    0.04703
   -0.11883
   -0.07370
    0.03498
    0.02436
   -0.09447
   -0.01687
    0.03457
   -0.00211
   -0.10204
   -0.04316
    0.05440
    0.02498
   -0.18722
   -0.04723
    0.04628
    0.01103
   -0.08822
   -0.03076
    0.05518
    0.01753
   -0.18925
   -0.02791
    0.05353
   -0.01477
   -0.13272
   -0.05411
    0.06277
    0.02090
   -0.11891
   -0.08126
    0.05705
    0.01792
   -0.07647
   -0.11635
    0.06865
    0.02677
   -0.12656
   -0.03102
    0.04198
   -0.00994
   -0.08978
   -0.04390
    0.06425
    0.02633
   -0.09082
   -0.08767
    0.04617
   -0.01411
   -0.06892
   -0.06398
    0.08675
   -0.00342
   -0.11319
   -0.05345
    0.05887
   -0.03076
   -0.01428
   -0.02618
    0.05945
    0.02764
   -0.03629
   -0.05245
    0.01613
    0.00596
   -0.00532
   -0.08755
    0.03671
    0.00098
   -0.07689
   -0.03582
    0.04739
    0.01299
   -0.10391
   -0.04065
    0.04877
    0.04726
   -0.15599
   -0.05762
    0.01565
   -0.02196
   -0.04765
   -0.00523
    0.05404
   -0.00225
   -0.13248
   -0.04446
    0.06433
   -0.00842
   -0.12693
   -0.04988
    0.07234
    0.02791
   -0.09536
   -0.08474
    0.05246
    0.00734
   -0.04087
   -0.13416
    0.07807
    0.00860
   -0.09807
   -0.04570
    0.04377
   -0.00969
   -0.06000
   -0.04323
    0.07095
   -0.00473
   -0.03940
   -0.08843
    0.06812
   -0.01820
   -0.08186
   -0.08946
    0.09425
   -0.00043
   -0.12830
   -0.05936
    0.07436
   -0.03852
   -0.02403
   -0.03252
    0.07486
   -0.02449
    0.03615
   -0.13221
    0.04956
   -0.03130
   -0.00576
   -0.05966
    0.06613
    0.00320
   -0.01980
   -0.08170
    0.06196
    0.02306
   -0.10836
   -0.02420
    0.06702
    0.00084
   -0.06844
   -0.00538
    0.04872
   -0.01455
   -0.03252
   -0.03956
    0.05706
    0.01052
   -0.15185
   -0.03024
    0.07734
   -0.03715
   -0.04941
    0.01201
    0.06332
    0.02334
   -0.04593
   -0.12455
    0.06295
   -0.01203
   -0.05606
   -0.11666
    0.11526
    0.04360
   -0.12766
   -0.06418
    0.07181
    0.01737
   -0.09525
   -0.06605
    0.06690
    0.02752
   -0.07369
   -0.04148
    0.05587
   -0.00045
   -0.07044
   -0.02159
    0.07641
    0.03066
   -0.14060
   -0.04045
    0.07478
   -0.03609
   -0.07278
   -0.01462
    0.07890
   -0.00941
   -0.05601
   -0.01824
    0.06161
   -0.01509
   -0.00183
   -0.11689
    0.06590
    0.00256
   -0.08634
   -0.03687
    0.05086
    0.04690
   -0.11534
   -0.03336
    0.01434
    0.02686
   -0.07625
   -0.01900
    0.02188
    0.04843
   -0.09122
   -0.00856
    0.02305
    0.01830
   -0.14630
   -0.05508
    0.10215
    0.01092
   -0.12707
   -0.04883
    0.07316
    0.04431
   -0.08181
   -0.05358
    0.04543
    0.01005
   -0.05375
   -0.12349
    0.09923
    0.04413
   -0.13310
   -0.06508
    0.08466
   -0.05091
   -0.05074
   -0.03103
    0.08144
   -0.01756
   -0.10323
   -0.06900
    0.07631
   -0.03064
   -0.05846
   -0.05403
    0.08562
   -0.01003
   -0.09604
   -0.06840
    0.05380
   -0.02910
   -0.07265
   -0.02448
    0.07844
   -0.00876
    0.00681
   -0.08689
    0.05125
   -0.00442
   -0.03365
   -0.12226
    0.07427
    0.00948
    0.00370
   -0.05884
    0.02962
   -0.00482
   -0.08445
   -0.05254
    0.06510
    0.01012
   -0.12669
   -0.05406
    0.05054
    0.00381
   -0.06806
   -0.02192
    0.05278
    0.01671
   -0.15572
   -0.04909
    0.05656
    0.01849
   -0.17574
   -0.03217
    0.07414
    0.01405
   -0.11053
   -0.14435
    0.08359
    0.01457
   -0.06782
   -0.14738
    0.08846
    0.02020
   -0.13114
   -0.07107
    0.06727
   -0.01008
   -0.09406
   -0.05190
    0.06504
    0.01546
   -0.14974
   -0.06138
    0.07650
   -0.00198
   -0.06151
   -0.05858
    0.07728
    0.00397
   -0.18497
   -0.01921
    0.05604
   -0.01990
   -0.08625
    0.01521
    0.05912
   -0.01644
   -0.00620
   -0.03671
    0.08556
    0.02233
   -0.06786
   -0.08886
    0.05679
    0.01187
   -0.14799
   -0.01926
    0.05664
    0.01320
   -0.14775
    0.00757
    0.02943
    0.03397
   -0.21801
   -0.04227
    0.04855
    0.01758
   -0.08101
    0.04433
    0.00083
    0.02352
   -0.21408
   -0.02919
    0.06279
    0.01144
   -0.16100
   -0.01699
    0.04987
    0.04944
   -0.13126
   -0.06588
    0.03088
    0.03941
   -0.08818
   -0.08995
    0.05291
    0.02463
   -0.18143
   -0.02130
    0.05138
   -0.00736
   -0.06091
   -0.02338
    0.05391
    0.02651
   -0.13131
   -0.04170
    0.05026
   -0.04116
   -0.01932
   -0.09524
    0.07493
    0.00798
   -0.15267
    0.00740
    0.04795
   -0.01652
   -0.04951
   -0.03617
    0.07287
   -0.00652
   -0.01804
   -0.03917
    0.05534
   -0.00136
    0.00942
   -0.08934
    0.05563
    0.04747
   -0.10085
   -0.03531
    0.04814
    0.03106
   -0.11933
   -0.01845
    0.04092
    0.03057
   -0.15767
    0.01301
    0.03540
    0.00220
   -0.05155
   -0.02156
    0.04702
    0.04334
   -0.15338
   -0.01163
    0.04324
    0.01500
   -0.09194
   -0.03124
    0.04542
    0.04303
   -0.12071
   -0.08068
    0.04803
   -0.00679
   -0.05879
   -0.12857
    0.10244
    0.05048
   -0.15143
   -0.03682
    0.05966
    0.02309
   -0.13079
   -0.05305
    0.05030
    0.02683
   -0.13555
   -0.02989
    0.06801
    0.01766
   -0.09892
    0.02349
    0.02591
    0.03429
   -0.20678
   -0.01861
    0.06836
   -0.01049
   -0.10314
   -0.01190
    0.07192
   -0.01561
   -0.04258
   -0.01841
    0.09023
    0.00770
   -0.02076
   -0.03236
    0.03078
    0.06132
   -0.15403
   -0.03221
    0.03617
    0.03251
   -0.18554
    0.00597
    0.01417
    0.02060
   -0.13819
   -0.05692
    0.08191
    0.03034
   -0.13483
    0.04098
   -0.00461
    0.02027
   -0.15214
   -0.03121
    0.07581
    0.00793
   -0.13157
    0.01206
    0.04186
    0.05557
   -0.17403
   -0.04197
    0.04547
    0.03497
   -0.09701
   -0.05740
    0.07159
    0.04134
   -0.20026
   -0.02818
    0.07637
   -0.01409
   -0.10632
   -0.08865
    0.08018
    0.01806
   -0.17422
   -0.07966
    0.08379
   -0.01105
   -0.09346
   -0.07370
    0.08593
    0.01982
   -0.16946
   -0.03500
    0.04847
   -0.03779
   -0.08371
   -0.01794
    0.09190
    0.00001
   -0.02302
   -0.05773
    0.06534
    0.00430
   -0.05016
   -0.09336
    0.06776
    0.02563
   -0.12522
   -0.01357
    0.04918
    0.02149
   -0.11998
   -0.06653
    0.03774
    0.04273
   -0.19049
   -0.05483
    0.03480
    0.00411
   -0.11656
   -0.00169
    0.05515
    0.01682
   -0.19706
   -0.00058
    0.04670
    0.01014
   -0.14659
   -0.06344
    0.06503
    0.02978
   -0.14097
   -0.09038
    0.07163
   -0.00227
   -0.10215
   -0.15193
    0.10657
    0.02601
   -0.14593
   -0.03088
    0.05777
   -0.02151
   -0.08026
   -0.04163
    0.06056
   -0.01667
   -0.11539
   -0.02355
    0.07275
   -0.00758
   -0.05076
   -0.04845
    0.05844
   -0.02908
   -0.11519
   -0.03323
    0.05727
   -0.03683
   -0.04377
   -0.02298
    0.07091
    0.01238
   -0.03397
   -0.03014
    0.01787
   -0.00293
   -0.04188
   -0.10080
    0.07074
   -0.00019
   -0.11047
   -0.01978
    0.04097
   -0.00037
   -0.10166
   -0.02208
    0.04846
    0.02231
   -0.16688
   -0.03099
    0.04805
    0.00907
   -0.04443
   -0.02922
    0.03471
   -0.00766
   -0.14917
   -0.03664
    0.06587
   -0.02956
   -0.10903
   -0.07218
    0.06448
    0.01005
   -0.11479
   -0.05024
    0.06373
   -0.00248
   -0.06215
   -0.11260
    0.09042
    0.00257
   -0.11901
   -0.03760
    0.04453
   -0.00672
   -0.09601
   -0.01749
    0.06853
    0.01913
   -0.13946
   -0.06050
    0.06934
   -0.02939
   -0.10344
   -0.11704
    0.10960
    0.00756
   -0.13629
   -0.03399
    0.06467
   -0.02607
   -0.05802
   -0.07836
    0.09290
   -0.01755
    0.03210
   -0.10483
    0.05694
    0.01401
   -0.06430
   -0.14187
    0.10637
    0.03685
   -0.08012
   -0.05166
    0.05612
    0.01971
   -0.14209
   -0.05840
    0.09078
    0.03277
   -0.14722
   -0.01224
    0.05588
   -0.00778
   -0.09503
   -0.05023
    0.09028
    0.02499
   -0.13754
   -0.01770
    0.07201
   -0.01126
   -0.07162
   -0.06269
    0.07016
    0.00664
   -0.12061
   -0.10744
    0.08198
   -0.01594
   -0.09360
   -0.15872
    0.12471
    0.05477
   -0.14343
   -0.06867
    0.07946
   -0.00012
   -0.10479
   -0.06671
    0.07416
    0.01699
   -0.12813
   -0.02244
    0.06791
    0.01945
   -0.07479
   -0.05422
    0.07038
    0.00599
   -0.15137
   -0.04019
    0.07443
   -0.04344
   -0.06034
   -0.04530
    0.09147
    0.00271
   -0.03255
   -0.05933
    0.06367
    0.00832
   -0.05365
   -0.07930
    0.06605
    0.00808
   -0.11664
   -0.05733
    0.06714
    0.03206
   -0.13575
   -0.06471
    0.03971
    0.03289
   -0.12703
   -0.05360
    0.05698
    0.03095
   -0.10144
    0.00770
    0.04138
    0.01829
   -0.18832
   -0.03619
    0.10099
    0.00473
   -0.13185
   -0.06925
    0.07605
    0.03441
   -0.12592
   -0.05145
    0.06011
    0.01479
   -0.06908
   -0.13525
    0.08842
    0.01123
   -0.15008
   -0.03458
    0.07293
   -0.02736
   -0.09484
   -0.04800
    0.06646
    0.00762
   -0.16383
   -0.05956
    0.07445
   -0.01871
   -0.06684
   -0.06212
    0.08478
   -0.03750
   -0.14116
   -0.04207
    0.05526
   -0.01324
   -0.07751
   -0.04189
    0.07048
    0.00391
   -0.04237
   -0.08685
    0.05662
    0.01705
   -0.08089
   -0.10494
    0.06781
    0.00519
   -0.08946
   -0.04685
    0.05195
    0.00167
   -0.11781
   -0.05962
    0.05898
    0.02634
   -0.15466
   -0.08156
    0.05049
   -0.00787
   -0.09885
   -0.03528
    0.07981
   -0.01755
   -0.16084
   -0.05016
    0.06681
    0.00430
   -0.11007
   -0.08803
    0.05430
    0.00880
   -0.10530
   -0.11741
    0.07275
   -0.00160
   -0.06857
   -0.13500
    0.08568
    0.01252
   -0.11603
   -0.02468
    0.05362
