IntronPotTab 1 1024 -24.40041 0.89918 22.50236 224132 6 16  180.82
    0.02962
   -0.04552
   -0.08379
    0.02011
    0.01560
   -0.03847
   -0.02461
    0.02052
   -0.02441
    0.00818
   -0.04072
    0.05821
    0.02166
   -0.05364
   -0.02596
    0.02973
    0.00548
   -0.02713
   -0.05800
    0.04705
    0.00032
   -0.00919
   -0.00195
    0.00849
   -0.03276
    0.01004
   -0.01282
    0.05745
    0.04554
   -0.09104
   -0.01315
    0.04333
    0.00292
   -0.03455
   -0.04422
    0.05881
    0.00585
   -0.03820
   -0.01444
    0.03103
   -0.06557
    0.00611
    0.02607
    0.06818
    0.02883
   -0.06969
   -0.03155
    0.04509
   -0.00218
   -0.03511
   -0.01204
    0.02575
    0.02790
   -0.05336
   -0.01425
    0.01006
    0.00167
   -0.01162
   -0.06716
    0.06412
    0.04457
   -0.08554
   -0.02433
    0.03594
    0.03685
   -0.05675
   -0.08293
    0.03770
    0.02624
   -0.03192
   -0.05004
    0.02194
   -0.02239
   -0.03561
   -0.05316
    0.06859
    0.05512
   -0.12003
   -0.00560
    0.03957
    0.03943
   -0.06310
   -0.01557
    0.01745
    0.00547
   -0.00445
   -0.02974
    0.02053
   -0.01239
   -0.06149
    0.00348
    0.03500
    0.13855
   -0.13392
   -0.07676
    0.05828
    0.03669
   -0.09642
   -0.07054
    0.06326
    0.03474
   -0.10972
   -0.00914
    0.04256
   -0.10371
   -0.13595
   -0.05298
    0.14602
    0.02730
   -0.13293
   -0.01396
    0.07638
    0.01937
   -0.12252
    0.05744
    0.03612
    0.02417
   -0.07996
   -0.02937
    0.04313
    0.01072
   -0.11167
   -0.03486
    0.08025
    0.06723
   -0.12666
   -0.00803
    0.06066
    0.05905
   -0.01522
   -0.13494
    0.04872
    0.01749
   -0.01637
   -0.04933
    0.03718
   -0.01360
    0.00838
   -0.05604
    0.07753
    0.04247
   -0.06726
   -0.05519
    0.06193
    0.03503
   -0.02317
   -0.10336
    0.06272
    0.00185
   -0.03482
   -0.04436
    0.06318
   -0.01835
   -0.01375
   -0.02562
    0.06903
    0.08369
   -0.06388
   -0.06265
    0.04948
    0.01793
   -0.04208
   -0.07742
    0.08699
    0.00840
   -0.05271
   -0.02965
    0.05925
   -0.04502
   -0.07644
    0.03961
    0.09099
   -0.00319
   -0.07528
   -0.02146
    0.07456
   -0.00328
   -0.05646
    0.01107
    0.03261
    0.02535
   -0.04978
   -0.03987
    0.03540
   -0.00264
   -0.02797
   -0.03446
    0.05906
    0.04726
   -0.10141
   -0.01802
    0.05318
   -0.00789
   -0.02716
   -0.04535
    0.03635
   -0.00300
   -0.04999
    0.01325
    0.02509
   -0.03682
   -0.02103
    0.00510
    0.05124
    0.03600
   -0.08190
   -0.02461
    0.03108
    0.01790
   -0.03743
   -0.03843
    0.02711
    0.00630
   -0.02897
   -0.01376
    0.02610
    0.01143
   -0.04065
   -0.02335
    0.02424
    0.05466
   -0.10254
   -0.03840
    0.07644
    0.01119
   -0.03028
   -0.05094
    0.03858
    0.00067
   -0.03848
   -0.00300
    0.02662
   -0.05605
   -0.03873
    0.02458
    0.08260
    0.01662
   -0.10516
   -0.00698
    0.04855
    0.01851
   -0.04571
   -0.00544
    0.01403
    0.02975
   -0.04944
   -0.02160
    0.01980
    0.01403
   -0.05362
   -0.02762
    0.03535
    0.03944
   -0.09078
   -0.00569
    0.03991
    0.04662
   -0.05392
   -0.07475
    0.01654
    0.01550
   -0.01510
   -0.04891
    0.02526
   -0.01516
   -0.01370
   -0.02823
    0.05104
    0.04904
   -0.08398
   -0.03003
    0.03845
    0.01683
   -0.03163
   -0.04312
    0.03413
    0.02021
   -0.01363
   -0.01548
   -0.00047
   -0.00250
   -0.03507
    0.00723
    0.02856
    0.09153
   -0.11303
    0.00877
    0.02768
    0.03591
   -0.03901
   -0.02238
   -0.00286
   -0.00587
   -0.03961
   -0.00123
    0.03596
   -0.02265
   -0.02644
    0.05487
   -0.00168
    0.05424
   -0.11104
   -0.01379
    0.03707
    0.01632
   -0.05991
    0.01282
    0.01639
    0.04120
   -0.03673
   -0.03938
    0.01128
    0.02771
   -0.03874
   -0.04589
    0.03125
    0.05870
   -0.10594
   -0.01765
    0.05792
    0.06386
   -0.07138
   -0.07277
    0.01220
    0.03336
   -0.02989
   -0.02293
    0.00326
    0.00268
   -0.06121
   -0.00905
    0.04598
    0.08427
   -0.12030
    0.00123
    0.03998
    0.04223
   -0.03280
   -0.00420
   -0.01026
   -0.03182
    0.04905
   -0.01725
   -0.03764
   -0.00367
   -0.03430
    0.03648
    0.00387
    0.12505
   -0.09049
    0.02426
    0.01116
    0.06176
   -0.07835
   -0.06943
    0.02323
    0.04806
   -0.08423
    0.00106
    0.02521
   -0.02525
   -0.07209
    0.05137
    0.04282
    0.07555
   -0.15185
   -0.03855
    0.04296
    0.02851
   -0.08622
    0.07120
    0.00060
    0.06426
   -0.08464
   -0.02931
    0.03600
    0.02333
   -0.10585
    0.02098
    0.04954
    0.12133
   -0.15837
    0.00144
    0.09321
    0.08401
   -0.05548
   -0.13623
    0.00322
    0.03439
   -0.01862
   -0.08064
    0.05337
    0.01537
   -0.03267
   -0.05925
    0.04689
    0.05126
   -0.10184
   -0.08033
    0.07270
    0.05497
   -0.04497
   -0.08668
    0.03288
    0.01198
   -0.03890
   -0.03182
    0.05017
    0.00973
   -0.02669
   -0.01666
    0.02958
    0.10057
   -0.09416
   -0.04742
    0.05699
    0.05901
   -0.08303
   -0.08628
    0.03868
    0.04131
   -0.06011
   -0.04423
    0.04338
   -0.02056
   -0.11554
    0.03588
    0.07782
    0.12406
   -0.18437
   -0.07611
    0.00251
    0.05712
   -0.12487
    0.00985
    0.02780
    0.06565
   -0.07842
   -0.07377
    0.04794
    0.03471
   -0.06941
   -0.02225
    0.03242
    0.08092
   -0.10930
   -0.03426
    0.05683
    0.03355
   -0.05695
   -0.06163
    0.02286
   -0.00989
   -0.00303
   -0.00886
    0.01648
   -0.02112
   -0.03720
    0.01567
    0.03770
    0.04738
   -0.07951
   -0.00095
    0.03325
    0.04050
   -0.09057
   -0.03334
    0.04229
    0.01309
    0.00501
    0.00104
   -0.01474
    0.01668
   -0.02676
   -0.00576
    0.00602
    0.09907
   -0.06556
    0.04112
    0.00207
   -0.01225
   -0.00530
   -0.06655
    0.05342
   -0.02933
   -0.02018
    0.02627
    0.02946
   -0.07550
   -0.02963
    0.05777
    0.06820
    0.05766
   -0.09933
   -0.02155
    0.03452
    0.05115
   -0.07594
   -0.00774
    0.02589
    0.07378
   -0.05421
   -0.01080
   -0.02085
    0.02882
   -0.06294
   -0.03345
    0.03364
    0.06748
   -0.12021
    0.04234
    0.03805
    0.03069
    0.02844
   -0.11395
    0.01733
    0.00216
   -0.01678
   -0.05239
    0.04804
   -0.04365
    0.03682
   -0.02958
    0.08839
    0.03438
   -0.06582
   -0.04444
    0.05354
    0.02403
   -0.04792
   -0.05511
    0.04683
   -0.00039
    0.00385
   -0.04122
    0.03274
   -0.02707
   -0.01685
   -0.00805
    0.07306
    0.06711
   -0.11700
   -0.03140
    0.06093
   -0.00348
   -0.02940
   -0.01672
    0.04455
   -0.00692
   -0.01977
   -0.03442
    0.05536
   -0.07515
   -0.01509
    0.05659
    0.06320
    0.03905
   -0.10007
   -0.04253
    0.06766
   -0.01295
   -0.01980
    0.00475
    0.02408
    0.00083
   -0.07697
   -0.06231
    0.08225
    0.00442
   -0.04812
   -0.04173
    0.07248
    0.05590
   -0.11746
   -0.01492
    0.05309
    0.03671
   -0.05227
   -0.07823
    0.03547
    0.03165
   -0.05065
   -0.05281
    0.03042
    0.01100
   -0.11328
   -0.01480
    0.08976
    0.04700
   -0.12021
   -0.01520
    0.05671
    0.03505
   -0.05038
   -0.02205
    0.00999
    0.02294
    0.00736
   -0.04895
    0.00601
    0.00906
   -0.08329
    0.03332
    0.02734
    0.10664
   -0.11978
   -0.02960
    0.04483
    0.03844
   -0.08838
   -0.06040
    0.05640
    0.02752
   -0.08774
   -0.01877
    0.05043
    0.00246
   -0.12392
    0.01264
    0.08575
    0.02883
   -0.16587
   -0.01317
    0.09430
   -0.00055
   -0.08266
    0.04923
    0.02706
    0.04673
   -0.08733
   -0.05009
    0.04511
    0.04830
   -0.16537
    0.00637
    0.08883
    0.07189
   -0.11439
   -0.01053
    0.06994
    0.05068
   -0.02611
   -0.09862
    0.03564
    0.01414
    0.00595
   -0.09433
    0.06642
   -0.01889
   -0.02800
   -0.03049
    0.09817
    0.06191
   -0.10492
   -0.04357
    0.04753
    0.02536
   -0.01043
   -0.08653
    0.04785
   -0.00136
    0.02581
   -0.07873
    0.05414
    0.01418
   -0.02977
   -0.04812
    0.06123
    0.07921
   -0.05592
   -0.07669
    0.05410
    0.00315
   -0.04249
   -0.06360
    0.08897
    0.00468
   -0.00816
   -0.08484
    0.09601
   -0.07054
   -0.12738
    0.06165
    0.06684
    0.03352
   -0.10829
   -0.05022
    0.07959
   -0.06936
   -0.04495
    0.08599
   -0.00196
    0.02596
   -0.01276
   -0.08138
    0.05326
   -0.00557
   -0.05711
   -0.01563
    0.06936
    0.05656
   -0.10323
   -0.00767
    0.03930
    0.03151
   -0.00851
   -0.08718
    0.01846
   -0.01621
   -0.06083
    0.04447
    0.01905
   -0.03510
   -0.00157
    0.00850
    0.03236
    0.02223
   -0.06047
   -0.01997
    0.04045
    0.02618
   -0.03828
   -0.03808
    0.02390
    0.01288
    0.00848
   -0.03291
    0.00268
    0.01204
   -0.03313
    0.00099
    0.00613
    0.07595
   -0.08467
   -0.00848
    0.04287
    0.04394
   -0.04720
   -0.08784
    0.03991
    0.00554
   -0.02973
   -0.01633
    0.02547
   -0.04920
   -0.04255
    0.03258
    0.05763
    0.01306
   -0.10087
   -0.01046
    0.05658
    0.01221
   -0.01322
   -0.01917
    0.01178
    0.02506
   -0.04718
   -0.01747
    0.01995
    0.00009
   -0.05005
   -0.01995
    0.04298
    0.02132
   -0.03777
   -0.01633
    0.02996
    0.03898
   -0.05654
   -0.07136
    0.01151
    0.00799
   -0.03954
   -0.00468
    0.02155
   -0.00822
   -0.00825
   -0.02612
    0.03902
    0.02455
   -0.07709
   -0.02101
    0.03678
    0.01471
   -0.04397
   -0.04711
    0.04724
    0.02553
   -0.00956
    0.01478
   -0.03311
   -0.05624
   -0.09702
    0.10325
   -0.02885
    0.05060
   -0.11782
    0.03223
    0.03421
    0.01333
   -0.03170
   -0.04154
    0.03426
   -0.00185
   -0.03695
   -0.01528
    0.04073
   -0.00609
   -0.03225
    0.01700
    0.01604
    0.00587
   -0.06269
   -0.00590
    0.04197
   -0.00322
   -0.07142
   -0.01624
    0.04128
    0.01177
   -0.04338
    0.00230
    0.01446
    0.00841
   -0.04637
   -0.02014
    0.03727
    0.03843
   -0.09752
   -0.00211
    0.03555
    0.05330
   -0.08923
   -0.07845
    0.02741
    0.03900
   -0.07347
    0.00956
    0.00202
    0.00245
   -0.04070
   -0.06014
    0.05989
    0.06331
   -0.12939
    0.02348
    0.03925
    0.07375
   -0.05636
   -0.05182
   -0.00072
    0.02209
   -0.01112
    0.01021
   -0.01362
    0.01232
   -0.04097
    0.01777
    0.00468
    0.15611
   -0.14541
    0.04669
    0.02791
    0.05609
   -0.11056
   -0.08024
    0.03708
    0.04074
   -0.07866
   -0.01021
    0.02164
   -0.01131
   -0.09028
    0.01456
    0.07109
    0.07745
   -0.15222
   -0.00103
    0.06327
    0.05123
   -0.12566
    0.04024
    0.01764
    0.04385
   -0.09043
   -0.00831
    0.02091
    0.04228
   -0.10356
   -0.01998
    0.03746
    0.09790
   -0.16077
    0.01977
    0.10019
    0.06476
   -0.05155
   -0.09791
    0.00855
    0.02793
   -0.03258
   -0.04550
    0.02841
   -0.01945
    0.00604
   -0.04526
    0.05989
    0.01076
   -0.02730
   -0.05588
    0.04926
    0.03720
   -0.01861
   -0.12656
    0.06721
    0.03029
   -0.06729
   -0.03078
    0.04249
    0.00277
   -0.03785
   -0.00859
    0.04113
    0.10381
   -0.09146
   -0.05992
    0.06271
    0.02641
   -0.05685
   -0.07974
    0.05746
    0.02539
   -0.05087
   -0.03583
    0.03726
   -0.03594
   -0.06472
    0.03124
    0.07913
    0.03834
   -0.09946
   -0.01575
    0.05472
    0.01815
   -0.09668
    0.02340
    0.02379
    0.05195
   -0.07348
   -0.03321
    0.01934
    0.01353
   -0.04797
   -0.02686
    0.04015
    0.05355
   -0.10855
   -0.01094
    0.04761
    0.02193
   -0.05123
   -0.08335
    0.02278
   -0.01448
   -0.04238
    0.04095
    0.01285
   -0.01534
   -0.03801
   -0.00107
    0.04328
    0.02013
   -0.07513
   -0.00948
    0.03578
    0.04452
   -0.00898
   -0.12590
    0.03086
    0.01344
   -0.03547
    0.03245
   -0.00396
    0.02194
   -0.04394
   -0.00279
    0.00354
    0.09537
   -0.10069
    0.03251
    0.01904
    0.00901
   -0.05292
   -0.08020
    0.05722
   -0.01249
   -0.04368
    0.01218
    0.03488
   -0.03555
   -0.05843
    0.02940
    0.06541
    0.00456
   -0.09839
    0.00872
    0.04226
    0.03629
   -0.04467
   -0.05673
    0.01939
    0.02567
   -0.05999
    0.01581
    0.00259
    0.02484
   -0.06376
   -0.01237
    0.02173
    0.02318
   -0.08417
   -0.00185
    0.03672
