IntronPotTab 1 1024 -7.13378 1.88621 10.24232 5670 6 16  124.27
    0.06919
   -0.00448
   -0.23658
    0.02921
    0.01502
   -0.17106
    0.12342
    0.00358
    0.03324
    0.00006
   -0.08357
   -0.00255
    0.06173
   -0.07745
   -0.08196
    0.02767
    0.04525
    0.03085
   -0.34329
    0.04085
   -0.04781
   -0.04660
    0.19118
    0.01920
    0.02237
    0.02012
   -0.16992
    0.03340
    0.11648
   -0.02318
   -0.09981
   -0.02515
    0.02663
   -0.04182
   -0.03842
   -0.00493
   -0.02780
   -0.07149
    0.21726
   -0.02853
    0.03509
    0.08630
   -0.02396
   -0.12199
   -0.00715
    0.04864
   -0.05003
    0.01215
    0.02260
   -0.06666
   -0.32593
    0.10297
   -0.04086
   -0.14732
    0.14728
    0.05507
    0.05510
   -0.04634
   -0.17518
    0.05650
    0.06629
   -0.13105
   -0.10294
    0.07754
    0.04326
    0.02278
   -0.42837
    0.09344
    0.12482
   -0.26305
    0.01933
   -0.05870
   -0.02602
   -0.04583
   -0.14292
    0.10766
    0.12512
   -0.08336
   -0.10993
    0.01935
   -0.03555
    0.04360
   -0.25751
    0.10496
   -0.08777
    0.11494
    0.05828
    0.02746
   -0.03390
    0.01718
   -0.20357
    0.10998
    0.07737
   -0.01537
   -0.12592
    0.02228
    0.01203
   -0.00097
   -0.15919
    0.05067
    0.04054
   -0.08772
    0.03372
   -0.01764
    0.00876
   -0.00829
   -0.01899
    0.00324
   -0.02121
   -0.03365
   -0.06435
    0.06904
    0.10707
   -0.09703
   -0.39132
    0.10460
    0.12297
   -0.23116
   -0.06531
   -0.00311
   -0.01521
   -0.02549
   -0.30023
    0.13727
    0.13625
   -0.10291
   -0.15418
    0.08850
    0.05955
   -0.08629
   -0.03211
   -0.01482
   -0.03454
   -0.13556
    0.08483
    0.05580
    0.14766
   -0.22882
   -0.18462
   -0.04985
    0.06205
    0.05696
   -0.14308
    0.01304
   -0.05398
    0.09499
   -0.03732
    0.04777
   -0.14579
    0.13071
    0.09664
    0.07818
    0.02516
   -0.10676
   -0.17597
    0.11348
    0.07042
   -0.01105
   -0.12644
    0.03183
    0.02928
    0.02745
   -0.02987
   -0.03671
   -0.07499
   -0.06177
    0.09418
    0.07950
    0.00225
   -0.12777
    0.18116
   -0.08315
   -0.08797
    0.11377
   -0.04709
    0.04402
   -0.03180
   -0.00484
   -0.02898
    0.05508
   -0.00751
   -0.11040
    0.08913
    0.01135
   -0.07505
    0.00369
   -0.15520
    0.17186
    0.00634
   -0.03589
   -0.02439
    0.03178
   -0.13150
    0.02798
   -0.39555
    0.11932
    0.01595
   -0.16462
    0.03369
    0.04958
   -0.00044
   -0.04525
   -0.12764
    0.06545
    0.15420
   -0.15303
   -0.14438
    0.00259
   -0.04208
   -0.02554
   -0.38531
    0.12838
   -0.12715
    0.05274
    0.08656
    0.10007
   -0.04106
    0.04095
   -0.07710
    0.05592
    0.04409
    0.05547
   -0.17025
    0.01106
   -0.04712
   -0.00559
   -0.33316
    0.10411
    0.01536
   -0.13286
    0.19818
   -0.03051
   -0.00905
    0.02998
   -0.08834
    0.02654
    0.01719
   -0.11715
    0.06237
   -0.00060
    0.00309
   -0.13022
   -0.44006
    0.12439
   -0.01882
   -0.11861
    0.07954
    0.04591
    0.01567
   -0.06930
   -0.25436
    0.12044
    0.08384
   -0.07798
   -0.14109
    0.06215
    0.05903
   -0.00140
   -0.32484
    0.05136
    0.01414
   -0.07376
   -0.00414
    0.01500
    0.00059
   -0.01467
   -0.05471
    0.03081
    0.02275
   -0.03551
   -0.10838
    0.04950
   -0.14121
    0.31567
   -0.38704
    0.00649
   -0.11662
    0.17177
    0.10804
    0.05609
   -0.04967
    0.14795
   -0.10261
    0.02746
   -0.04201
    0.13041
   -0.14265
    0.00257
    0.01973
    0.07684
   -0.06823
   -0.02445
   -0.05489
   -0.05108
    0.15630
    0.05966
   -0.05897
    0.09270
    0.06761
    0.00164
    0.03169
    0.08858
   -0.09204
   -0.04069
   -0.05619
    0.03997
   -0.40521
    0.11774
   -0.01076
   -0.07923
    0.03191
    0.05063
    0.01362
    0.06431
   -0.22496
    0.05485
   -0.02506
    0.01869
   -0.14012
    0.08035
   -0.03573
    0.05618
   -0.23317
    0.08056
   -0.00535
   -0.07150
    0.05616
    0.05014
   -0.06515
    0.01691
   -0.12199
    0.08893
   -0.05817
    0.00267
   -0.00245
    0.02880
   -0.12014
    0.18365
   -0.28436
    0.09398
   -0.26656
    0.26934
   -0.17731
   -0.07145
   -0.08095
   -0.05839
   -0.12455
    0.14321
   -0.07399
    0.06218
   -0.14731
    0.03758
   -0.02962
    0.06357
   -0.20390
    0.05811
    0.03004
   -0.07686
   -0.03586
    0.04807
    0.01010
    0.00747
   -0.10511
    0.02154
    0.00732
    0.01626
   -0.05781
    0.01047
   -0.03178
    0.02919
   -0.27605
    0.08017
   -0.10916
   -0.09663
    0.08089
    0.11492
   -0.13191
    0.00415
   -0.15350
    0.13870
   -0.11325
   -0.02015
   -0.20270
    0.14364
   -0.00116
    0.02997
   -0.22409
    0.08784
   -0.07868
    0.02636
   -0.00835
    0.09155
    0.04887
   -0.11667
   -0.13447
    0.07187
   -0.01406
    0.04647
   -0.08423
    0.04885
   -0.08730
    0.10175
   -0.22160
    0.11068
   -0.10739
    0.04048
    0.09280
    0.04801
   -0.01115
   -0.00590
   -0.10000
    0.06532
   -0.02412
    0.09466
   -0.13609
    0.04101
    0.03394
   -0.05117
   -0.20419
    0.06584
    0.01286
   -0.12145
    0.01628
    0.02608
   -0.01081
   -0.27853
    0.13146
    0.01570
   -0.01860
    0.09428
   -0.14642
    0.07341
   -0.13491
    0.05753
   -0.24259
    0.13385
   -0.11410
   -0.10307
    0.09058
    0.06917
   -0.07753
   -0.05934
   -0.21578
    0.18021
   -0.03722
   -0.00047
   -0.15212
    0.12222
   -0.14764
    0.26335
   -0.52886
    0.04231
   -0.08318
   -0.03560
    0.07796
    0.04816
    0.03606
   -0.03314
   -0.05294
    0.00290
    0.02389
   -0.01682
   -0.13778
    0.03737
   -0.29786
    0.39446
   -0.49120
    0.05260
   -0.24365
    0.22028
    0.06242
    0.08012
   -0.09439
    0.12391
   -0.26722
    0.09883
   -0.05679
    0.23132
   -0.27979
   -0.08996
   -0.06949
    0.18558
   -0.26876
    0.04183
   -0.10550
   -0.03176
    0.16488
    0.04347
   -0.00920
    0.05850
    0.02500
   -0.02074
    0.00652
    0.02063
   -0.00132
   -0.01335
   -0.11668
    0.08917
   -0.29003
    0.08666
   -0.19062
   -0.03546
    0.00749
    0.12743
   -0.04224
    0.05858
   -0.26163
    0.10140
   -0.03571
    0.01789
   -0.18633
    0.08722
    0.02142
   -0.04532
   -0.08076
    0.04435
   -0.05183
   -0.06857
    0.12700
    0.03717
    0.03278
   -0.09856
   -0.03533
    0.01337
    0.04118
   -0.08655
   -0.00611
    0.01331
    0.00003
    0.08447
   -0.14213
    0.02527
   -0.07314
   -0.02599
    0.16931
    0.02906
   -0.00788
   -0.02836
   -0.07435
    0.07446
   -0.05572
    0.03571
   -0.02431
    0.03083
   -0.07595
   -0.08553
    0.15995
   -0.03409
   -0.12310
    0.04448
    0.22830
    0.00486
   -0.03335
   -0.05452
    0.18024
   -0.03204
   -0.00168
    0.06071
   -0.01311
   -0.01799
    0.00444
   -0.00455
   -0.19609
    0.07322
   -0.01491
   -0.22730
    0.13732
    0.06002
    0.06553
   -0.08948
   -0.20022
    0.05428
   -0.00445
   -0.04785
   -0.00771
    0.03379
   -0.00196
   -0.00275
   -0.18808
    0.08435
    0.01721
   -0.26656
    0.15473
    0.05865
   -0.04984
   -0.07460
   -0.06123
    0.13286
    0.02312
   -0.13034
    0.06774
    0.02973
   -0.06674
   -0.02071
   -0.12688
    0.11333
   -0.17541
    0.17415
    0.11276
    0.02722
   -0.04454
   -0.03440
   -0.12823
    0.10852
    0.06105
   -0.19417
   -0.00275
    0.05942
    0.04945
   -0.08969
   -0.21166
    0.07743
    0.00466
   -0.03611
   -0.05116
    0.05254
    0.04116
   -0.08443
   -0.00883
    0.02278
   -0.02045
   -0.09754
    0.03852
    0.04428
   -0.00348
    0.00459
   -0.08023
    0.04147
    0.04873
   -0.15341
    0.09444
   -0.00056
   -0.04709
    0.00604
   -0.18756
    0.10561
    0.10055
   -0.09882
   -0.08496
    0.07146
    0.02867
   -0.14056
   -0.18131
    0.12633
   -0.11926
   -0.05147
    0.11520
    0.06797
    0.00577
   -0.21466
    0.06496
    0.02437
    0.05009
   -0.11386
   -0.04494
    0.05328
   -0.03336
    0.11764
   -0.11604
    0.04147
   -0.15952
   -0.06014
    0.25514
    0.04875
   -0.01279
   -0.11185
   -0.04983
    0.11470
    0.12509
   -0.09007
   -0.06373
    0.00164
   -0.01356
   -0.03635
   -0.06782
    0.07340
   -0.09707
   -0.08320
    0.03852
    0.11814
   -0.09624
   -0.29413
    0.20708
   -0.07389
   -0.01582
    0.08919
   -0.03847
   -0.00210
   -0.11798
    0.03612
   -0.04453
    0.09248
   -0.02921
   -0.21155
    0.18658
   -0.00282
   -0.07126
   -0.01358
   -0.04897
    0.12098
    0.02592
   -0.03458
   -0.06074
    0.05166
   -0.01969
    0.08574
   -0.41786
    0.07840
   -0.05034
   -0.10183
    0.03805
    0.08083
   -0.01908
   -0.05518
   -0.16193
    0.08104
    0.06212
   -0.04228
   -0.06175
    0.01705
   -0.12187
    0.03714
   -0.12215
    0.12713
   -0.19103
    0.11198
    0.08865
    0.10897
   -0.11603
   -0.03258
   -0.16648
    0.11130
    0.02124
    0.04024
   -0.05678
   -0.00895
   -0.06894
    0.02003
   -0.29284
    0.12629
   -0.09386
   -0.10429
    0.15666
    0.06602
   -0.02322
   -0.04403
    0.07196
    0.01441
   -0.10451
   -0.12696
    0.23922
   -0.09387
   -0.08496
   -0.00840
   -0.25668
    0.13042
   -0.08894
   -0.11211
    0.15181
    0.06840
   -0.05082
   -0.06696
   -0.25607
    0.14116
   -0.01240
   -0.08210
   -0.08743
    0.10508
    0.00754
   -0.00250
   -0.26216
    0.07509
   -0.01267
   -0.06082
    0.03633
    0.03088
    0.07076
   -0.03703
   -0.16617
    0.03198
    0.05085
   -0.06638
   -0.16066
    0.05016
   -0.04127
    0.08469
   -0.25957
    0.12439
   -0.12361
    0.04102
    0.10151
    0.10941
   -0.06644
    0.05439
   -0.06297
    0.08687
    0.00226
   -0.03094
   -0.04298
    0.04273
   -0.02471
    0.01625
   -0.07911
    0.06753
   -0.13032
   -0.02203
    0.17830
    0.08093
    0.06176
    0.00662
   -0.05428
   -0.07497
   -0.02069
    0.01453
   -0.10248
    0.08005
   -0.09024
   -0.04547
   -0.38509
    0.14907
   -0.10424
   -0.11935
    0.03082
    0.16412
    0.00739
    0.01940
   -0.35446
    0.14914
    0.01874
   -0.06821
   -0.13808
    0.09616
   -0.00772
   -0.04724
   -0.31766
    0.12323
    0.02598
   -0.11530
    0.02023
    0.03832
   -0.02671
   -0.07441
   -0.19198
    0.13292
    0.01002
   -0.03968
   -0.06618
    0.05288
   -0.09817
    0.01026
   -0.26025
    0.16250
   -0.24716
    0.15458
    0.04295
    0.11713
   -0.07764
   -0.04382
   -0.15059
    0.13960
    0.04718
   -0.04784
   -0.14658
    0.06083
   -0.00471
    0.00843
   -0.20935
    0.06992
   -0.02035
   -0.14854
   -0.05438
    0.11488
    0.01971
   -0.08078
   -0.08816
    0.05190
   -0.06068
   -0.04197
   -0.08215
    0.10205
    0.03752
   -0.04983
   -0.36810
    0.09118
   -0.04455
   -0.22719
   -0.03917
    0.13238
   -0.04970
   -0.02381
   -0.28552
    0.16049
    0.07476
   -0.08227
   -0.18854
    0.12060
   -0.01898
    0.00248
   -0.29603
    0.13515
   -0.05324
   -0.09553
    0.02693
    0.09504
    0.05680
   -0.12175
   -0.13232
    0.06438
   -0.04579
   -0.00974
   -0.01825
    0.05522
   -0.09932
    0.08133
   -0.31490
    0.15991
   -0.13103
    0.00177
    0.13476
    0.08358
   -0.05137
   -0.05751
   -0.15854
    0.13846
    0.00300
    0.01448
   -0.08263
    0.06652
    0.01500
   -0.03041
   -0.21348
    0.08651
   -0.04870
   -0.05128
    0.05115
    0.05800
   -0.02738
    0.03637
    0.03397
   -0.00171
   -0.06676
    0.00771
   -0.05590
    0.09505
   -0.14762
   -0.00236
   -0.26657
    0.19212
   -0.11261
   -0.12225
    0.11487
    0.10165
   -0.14382
   -0.08898
   -0.34602
    0.24605
    0.00315
   -0.04563
   -0.10304
    0.11461
   -0.07503
   -0.00216
   -0.38840
    0.12655
   -0.09085
   -0.09850
    0.06510
    0.10771
   -0.07062
   -0.03380
   -0.11537
    0.11974
    0.04096
   -0.10503
   -0.12939
    0.05354
   -0.05154
    0.00393
   -0.37165
    0.13616
   -0.18867
    0.07395
    0.11834
    0.11015
   -0.06881
    0.02359
   -0.14969
    0.10547
    0.04180
    0.03244
   -0.16702
    0.01810
   -0.02728
   -0.03880
   -0.29877
    0.11756
   -0.07941
   -0.12294
    0.18009
    0.05570
    0.01188
   -0.07216
   -0.05668
    0.03405
   -0.04878
   -0.02697
   -0.01106
    0.03592
   -0.00607
   -0.07795
   -0.41015
    0.14765
   -0.15449
   -0.10062
    0.04696
    0.14561
   -0.05278
   -0.03634
   -0.27440
    0.17612
    0.00787
   -0.04359
   -0.12359
    0.08805
