7 20 7 1 43 -3.8615 1.6412 2.5041 5370
 -0.01876  -0.02255  -0.15213   0.09194  -0.01878  -0.01286  -0.19924   0.09802  -0.06241  -0.10164  -0.08742   0.14125  -0.07381  -0.11733  -0.10336   0.15955   0.05352  -0.04697  -0.07853   0.03206 
 -0.02619  -0.04550  -0.10485   0.09133  -0.03896  -0.01199  -0.16742   0.10545  -0.05085  -0.06554  -0.07334   0.11393  -0.09477  -0.16993  -0.07985   0.17963   0.03408  -0.02662  -0.10924   0.04920 
 -0.04088  -0.03706  -0.10600   0.09923  -0.01596  -0.02985  -0.17964   0.09714  -0.03543  -0.05187  -0.05152   0.08689  -0.14353  -0.17418  -0.06360   0.20433   0.03351  -0.01359  -0.10410   0.04078 
 -0.03758  -0.03363  -0.09971   0.09316  -0.03775  -0.00558  -0.10463   0.08257  -0.02807  -0.09730  -0.04668   0.09682  -0.17013  -0.23228  -0.05889   0.22832   0.04439  -0.04484  -0.13076   0.06026 
 -0.04227  -0.05411  -0.09295   0.10242  -0.03392  -0.01103  -0.17075   0.10199  -0.05394  -0.12711  -0.08301   0.14161  -0.20061  -0.26421  -0.00497   0.23047   0.06742  -0.06084  -0.13876   0.05554 
 -0.04283  -0.06973  -0.10715   0.11363  -0.01238  -0.00201  -0.16772   0.07918  -0.03243  -0.11918  -0.08648   0.12092  -0.18156  -0.19529  -0.07755   0.23237   0.06356  -0.04254  -0.12795   0.04534 
 -0.03158  -0.04953  -0.11296   0.09983  -0.01712  -0.02516  -0.14119   0.08504  -0.04538  -0.10942  -0.04325   0.11665  -0.15228  -0.24420  -0.09139   0.23133   0.10489  -0.05598  -0.18386   0.04383 
 -0.01510  -0.06656  -0.13027   0.09983  -0.00851  -0.05742  -0.17145   0.09894  -0.08674  -0.04773  -0.03045   0.12446  -0.19099  -0.25362  -0.25619   0.28719   0.07297  -0.09111  -0.15410   0.07053 
 -0.03484  -0.08265  -0.14388   0.12437   0.01426  -0.04308  -0.18569   0.07697  -0.04048  -0.10626  -0.09353   0.12564  -0.19869  -0.26849  -0.08956   0.25645   0.07760  -0.06073  -0.19871   0.07067 
 -0.01982  -0.07186  -0.15405   0.11285  -0.02567   0.01346  -0.20070   0.09310  -0.04974  -0.09073  -0.13610   0.13898  -0.20240  -0.28098  -0.23241   0.29158   0.05476  -0.03132  -0.15806   0.05799 
 -0.04255  -0.03903  -0.16315   0.11942  -0.02766   0.01255  -0.24322   0.10570  -0.05444  -0.11992  -0.01737   0.12027  -0.19897  -0.22074  -0.22331   0.27922   0.05485  -0.06337  -0.20626   0.08880 
 -0.04366  -0.05462  -0.17785   0.13020  -0.02317  -0.02886  -0.30176   0.13076  -0.01110  -0.14608  -0.11648   0.11781  -0.10846  -0.27297  -0.27452   0.25518   0.05494  -0.09088  -0.21283   0.10154 
 -0.02512  -0.08649  -0.21470   0.13834  -0.02845  -0.04384  -0.33051   0.14523  -0.05545  -0.11421  -0.12148   0.14836  -0.07401  -0.25251  -0.26712   0.23097   0.04608  -0.04361  -0.20053   0.08397 
 -0.03538  -0.05874  -0.21396   0.13558  -0.01656  -0.03535  -0.36752   0.13961   0.00886  -0.08249  -0.11236   0.07177  -0.05818  -0.19841  -0.33351   0.22288   0.03648  -0.05405  -0.25007   0.10870 
 -0.02035  -0.05411  -0.25335   0.13299  -0.03486  -0.03295  -0.51649   0.17169  -0.03509  -0.15059  -0.13767   0.14656  -0.05763  -0.13054  -0.35083   0.21039   0.03388  -0.07804  -0.21146   0.10839 
 -0.03538  -0.06867  -0.26565   0.15099  -0.02229   0.02749  -0.55718   0.14517  -0.04987  -0.05888  -0.14482   0.12923  -0.02791  -0.10467  -0.31879   0.17694   0.02693  -0.08736  -0.19877   0.11184 
 -0.03566  -0.03854  -0.25660   0.13853  -0.03286  -0.02627  -0.53375   0.16992  -0.02718  -0.10618  -0.14798   0.12728  -0.01323  -0.08155  -0.29088   0.15278   0.01239  -0.05391  -0.18630   0.10286 
 -0.03621  -0.04500  -0.24614   0.13889  -0.02229  -0.00529  -0.65618   0.16639  -0.04278  -0.10677  -0.11121   0.13250   0.03255  -0.11756  -0.28397   0.12065   0.02723  -0.03623  -0.21598   0.09665 
 -0.02486  -0.03315  -0.27320   0.13281  -0.00644  -0.02166  -0.69056   0.16317  -0.01158  -0.14429  -0.18595   0.13412   0.04936  -0.11764  -0.24848   0.09405   0.03107  -0.04310  -0.21127   0.09595 
 -0.00966  -0.04651  -0.28609   0.12983  -0.00715   0.00022  -0.56541   0.14508  -0.04127  -0.03936  -0.17259   0.12010   0.01395  -0.11181  -0.31810   0.14414   0.02494  -0.03409  -0.18409   0.08681 
 -0.02193  -0.01971  -0.26069   0.12266   0.01256  -0.02627  -0.71782   0.15212  -0.03539  -0.03660  -0.13650   0.10471   0.06500  -0.14439  -0.26099   0.08833   0.01649  -0.07657  -0.20810   0.11623 
 -0.00888  -0.05004  -0.28261   0.12983   0.00318  -0.03261  -0.66877   0.15799  -0.04344  -0.10174  -0.09652   0.12747   0.02193  -0.12246  -0.33179   0.14276   0.02417  -0.06943  -0.19872   0.10656 
 -0.01798  -0.05668  -0.27236   0.13651  -0.00412  -0.00400  -0.65968   0.15282  -0.06036  -0.08109  -0.04462   0.11987   0.03372  -0.11848  -0.26635   0.11547   0.04934  -0.06753  -0.20540   0.09354 
 -0.01406  -0.04350  -0.25741   0.12550  -0.00275  -0.01757  -0.59671   0.15121  -0.02492  -0.13393  -0.12760   0.12975   0.02092  -0.06850  -0.24788   0.10699   0.03156  -0.06728  -0.19711   0.10112 
 -0.01328  -0.05207  -0.25987   0.12870  -0.00054  -0.03156  -0.68664   0.16182  -0.03289  -0.11418  -0.19019   0.14452   0.01035  -0.13803  -0.31504   0.15413   0.02221  -0.05973  -0.19490   0.10261 
 -0.01903  -0.05513  -0.28522   0.13944   0.02057  -0.01586  -0.89245   0.15213  -0.01193  -0.08958  -0.12104   0.09950   0.01308  -0.10562  -0.18905   0.11061   0.02142  -0.07153  -0.21241   0.11300 
 -0.00940  -0.04903  -0.28783   0.13095   0.00442  -0.02878  -0.70601   0.15850  -0.03593  -0.16379  -0.10233   0.14270  -0.01809  -0.04415  -0.26860   0.13955   0.02459  -0.09390  -0.21219   0.11947 
 -0.02061  -0.06920  -0.28003   0.14435  -0.00529  -0.01428  -0.81180   0.16746  -0.01436  -0.10447  -0.11211   0.10525   0.00556  -0.10386  -0.25868   0.13598   0.03430  -0.10960  -0.21190   0.11966 
 -0.01614  -0.06814  -0.28609   0.14218   0.03253  -0.05638  -0.90790   0.15675  -0.03842  -0.10929  -0.13436   0.13527   0.02541  -0.15677  -0.36048   0.15451   0.02989  -0.04844  -0.24774   0.10946 
 -0.00607  -0.05565  -0.33202   0.13981   0.01332  -0.06646  -0.94425   0.17651  -0.03213  -0.09970  -0.14685   0.12924   0.05989  -0.12691  -0.31455   0.10202   0.03666  -0.12624  -0.20199   0.12104 
 -0.00581  -0.09259  -0.30479   0.14688   0.00229  -0.03568  -0.95827   0.17572  -0.03054  -0.12023  -0.15566   0.13696   0.02563  -0.18821  -0.23392   0.13469   0.03897  -0.13573  -0.21985   0.12802 
 -0.01328  -0.09427  -0.31029   0.15366   0.00316  -0.04865  -0.97973   0.17997  -0.03039  -0.10246  -0.17879   0.13588   0.04506  -0.24964  -0.20312   0.12190   0.08650  -0.08045  -0.23909   0.08565 
  0.00627  -0.07239  -0.32149   0.13466   0.02848  -0.02350  -1.03023   0.15391  -0.01539  -0.13635  -0.13011   0.12222   0.07418  -0.19894  -0.25342   0.09148   0.06316  -0.11155  -0.27071   0.12020 
  0.01439  -0.08155  -0.35185   0.13743   0.02169  -0.06428  -0.97844   0.17076  -0.02501  -0.18807  -0.17892   0.15771  -0.00177  -0.07549  -0.38060   0.15878   0.06934  -0.09810  -0.26410   0.11014 
  0.00428  -0.08649  -0.36628   0.14903   0.00013   0.01758  -1.07928   0.16295  -0.04127  -0.17850  -0.10003   0.15099   0.03718  -0.11794  -0.26930   0.11253   0.10355  -0.09298  -0.23446   0.07759 
  0.00924  -0.05719  -0.32434   0.12758   0.03212  -0.01102  -1.16322   0.15039  -0.01123  -0.14351  -0.14531   0.12431   0.08139  -0.14287  -0.32224   0.08393   0.07371  -0.07593  -0.28299   0.10417 
  0.02188  -0.05874  -0.37905   0.12851   0.03935  -0.02518  -1.04580   0.14589  -0.01787  -0.08949  -0.19558   0.12324   0.07565  -0.18087  -0.26752   0.08850   0.06089  -0.09838  -0.26298   0.11494 
  0.01755  -0.06709  -0.36733   0.13281   0.06388   0.02673  -1.19371   0.10733   0.03993  -0.11796  -0.13002   0.05426   0.06142  -0.24762  -0.19823   0.10258   0.10164  -0.10617  -0.19101   0.07000 
  0.04948  -0.05926  -0.30570   0.09092   0.04141   0.04624  -1.08971   0.11721   0.01962  -0.12197  -0.12206   0.07816   0.13278  -0.16993  -0.22441  -0.00916   0.09778  -0.11251  -0.17356   0.06905 
  0.04948  -0.05105  -0.30937   0.08846   0.08693   0.03144  -1.10670   0.07835   0.05932  -0.16176  -0.16244   0.05513   0.02784  -0.24035  -0.15748   0.12331   0.10518  -0.10099  -0.16280   0.05520 
  0.06645  -0.06185  -0.30297   0.07530   0.03198   0.06756  -1.19915   0.11921   0.04563  -0.08638  -0.11433   0.02815   0.06002  -0.17266  -0.15657   0.07039   0.05743  -0.07896  -0.15240   0.07506 
  0.03182  -0.02351  -0.30117   0.09092   0.06257  -0.03057  -1.28234   0.13325   0.04954  -0.17719  -0.12785   0.06373   0.07940  -0.14169  -0.15838   0.03640   0.06077  -0.11121  -0.23655   0.11234 
  0.04655  -0.08814  -0.34480   0.11247   0.09666  -0.11023  -1.20043   0.12443   0.01837  -0.18618  -0.20451   0.12138   0.10403  -0.28205  -0.28006   0.08282   0.10638  -0.13275  -0.29866   0.10767 
  0.06753  -0.13235  -0.41389   0.12114   0.02395   0.03660  -1.07561   0.13631  -0.00007  -0.10144  -0.00012   0.05181   0.05465  -0.12583  -0.13357   0.05295   0.13083  -0.11120  -0.22966   0.06315 
  0.03787  -0.04500  -0.31679   0.09802   0.11306  -0.12863  -1.31629   0.11514   0.06113  -0.22931  -0.17409   0.07823   0.10524  -0.15885  -0.34106   0.06302   0.19321  -0.19982  -0.35949   0.07815 
  0.11216  -0.16874  -0.45690   0.09641   0.29694  -0.39411  -0.94440  -0.15628   0.19151  -0.45645   0.06314  -0.22578   0.22046  -0.42511  -0.11798  -0.17480   0.28095  -0.29666  -0.17350  -0.04886 
  0.25313  -0.34845  -0.28175  -0.10630  -0.29221   0.28253  -1.92435   0.19640  -0.24860   0.25957  -1.15395   0.17425  -0.30311   0.27164  -1.17671   0.23376  -0.41968   0.11624  -1.51230   0.26428 
 -0.30498   0.22992  -1.58243   0.22001   0.45697  -3.73006  -3.73006  -3.73006   0.40804  -3.73006  -3.73006  -3.73006   0.43929  -3.73006  -3.73006  -3.73006   0.63793  -3.73006  -3.73006  -3.73006 
  0.49340  -3.73006  -3.73006  -3.73006  -3.14298  -1.35877   0.77702  -3.11308  -3.73006  -3.73006  -3.73006  -3.73006  -3.73006  -3.73006  -3.73006  -3.73006  -3.73006  -3.73006  -3.73006  -3.73006 
 -3.11568  -1.39006   0.74319  -3.11531   0.45697  -3.73006  -3.73006  -3.73006   0.09577  -0.00110   0.13141  -0.28512  -0.07885  -0.03337   0.19874  -0.04953   0.63793  -3.73006  -3.73006  -3.73006 
 -0.02246  -0.08593   0.19842  -0.08249  -0.06153   0.05287  -0.04981   0.05443  -0.12534   0.20186  -0.13884   0.03887  -0.06763   0.04635  -0.10583   0.09562  -0.05762  -0.06228   0.10146  -0.00229 
 -0.06419   0.03898  -0.01725   0.04410   0.03444   0.00918  -0.43272   0.08875  -0.05640   0.06919   0.08068  -0.01573  -0.06439   0.02982   0.18424  -0.09045  -0.01476  -0.05154   0.12474  -0.05620 
 -0.02246   0.00597   0.04517  -0.00813  -0.04521   0.09960  -0.14135   0.04851  -0.08674   0.03001   0.09520   0.03563  -0.09925   0.04795   0.21252  -0.09319  -0.08337  -0.00058   0.12288  -0.04041 
 -0.07304   0.04309   0.08105  -0.00787  -0.00660   0.05581  -0.14247   0.03758  -0.11558   0.09893   0.10653   0.01213  -0.11321   0.01436   0.11246   0.03499  -0.11301  -0.01767   0.08177   0.01893 
 -0.07693   0.03191   0.04598   0.02429  -0.02130  -0.02136  -0.06527   0.06078  -0.04099  -0.02210   0.14573  -0.01301  -0.02775  -0.10872   0.20046  -0.07581  -0.04367  -0.03047   0.12617  -0.04999 
 -0.03457  -0.03755   0.10826  -0.01564   0.00713   0.03279   0.00660  -0.03018  -0.01886   0.00891   0.09923  -0.03214  -0.04166  -0.02443   0.20411  -0.10834  -0.03830  -0.00465   0.13917  -0.08343 
 -0.01824   0.00195   0.12039  -0.06545   0.04897   0.00880  -0.02455  -0.05205  -0.00401   0.01995   0.00969  -0.01166   0.03796  -0.00054   0.00726  -0.05592  -0.07015   0.00559   0.08441  -0.01933 
  0.02212   0.00285   0.02307  -0.03928   0.04902  -0.01339  -0.02951  -0.03664  -0.01193   0.01184   0.11681  -0.05503  -0.04860  -0.06967   0.18156  -0.04806  -0.05358  -0.02633   0.11705  -0.03766 
  0.00078  -0.02446   0.08700  -0.04344   0.00363  -0.02275   0.05898  -0.02606  -0.02413  -0.00419   0.15180  -0.05063  -0.01722   0.00381   0.12693  -0.07662  -0.04536  -0.01499   0.09537  -0.03092 
 -0.01172  -0.01548   0.09794  -0.04344  -0.00434  -0.03311   0.02691   0.00691  -0.03440   0.04448   0.05285  -0.01008  -0.03886  -0.02360   0.11292  -0.02062  -0.09971  -0.02216   0.09537   0.00450 
 -0.03212  -0.01688   0.07350  -0.00454   0.02421  -0.03685   0.02780  -0.02444  -0.04616   0.06427  -0.00239   0.01642  -0.02985  -0.08073   0.14954  -0.03454  -0.04693  -0.08639   0.14510  -0.03440 
 -0.01771  -0.04300   0.10081  -0.02382  -0.01436   0.01745   0.10690  -0.06102  -0.01209   0.03272   0.08038  -0.04681  -0.04281  -0.03617   0.15269  -0.04424  -0.07312  -0.05951   0.12048  -0.01040 
 -0.03049  -0.01877   0.12039  -0.03956   0.00916   0.00372   0.02000  -0.02337  -0.05101  -0.01527   0.06846   0.03767  -0.03709   0.02259   0.06501  -0.01135  -0.02190  -0.03779   0.04959   0.00219 
 -0.01614  -0.01268   0.04679  -0.00480  -0.02219   0.02635   0.06518  -0.02798   0.00477   0.01755   0.06841  -0.05345  -0.02265  -0.02873   0.08458  -0.01481  -0.02737   0.01473   0.09212  -0.05938 
 -0.01693   0.01041   0.08068  -0.04066  -0.02062  -0.00030   0.08715  -0.02895  -0.00556   0.01149   0.03929  -0.01856  -0.04495   0.04132   0.12552  -0.06297  -0.01081  -0.01493   0.09157  -0.05121 
 -0.01536   0.00240   0.08848  -0.04316  -0.00978   0.02408   0.05061  -0.03140  -0.02955   0.06692   0.01254  -0.01210  -0.00009   0.02264   0.07680  -0.06788  -0.01956  -0.00402   0.03359  -0.00700 
 -0.00786   0.01957   0.04313  -0.02972   0.01653   0.02393   0.05143  -0.06429   0.00972   0.01410   0.04505  -0.04512  -0.02728  -0.01428   0.11348  -0.04020  -0.04584  -0.04613   0.11134  -0.02615 
 -0.00301  -0.00944   0.08329  -0.04539   0.00885  -0.01265   0.14677  -0.10615  -0.00083   0.01182   0.07111  -0.04275  -0.04757   0.00521   0.19868  -0.11311  -0.06265   0.04796   0.08696  -0.05459 
 -0.01484   0.01216   0.12718  -0.08218   0.01996  -0.04535   0.01510  -0.00794   0.00061   0.03522   0.00277  -0.02500   0.00999  -0.01386   0.03118  -0.02525  -0.05341  -0.00875   0.05577   0.00091 
  0.01047  -0.01735   0.02563  -0.01617  -0.00749   0.01139   0.09091  -0.05372  -0.00007  -0.01941   0.05473  -0.01471  -0.00148   0.01634   0.06287  -0.05062   0.00021  -0.05674   0.08909  -0.03237 
 -0.00124  -0.01735   0.07993  -0.04011   0.01203  -0.04527   0.07660  -0.03594  -0.01103   0.08021   0.07007  -0.08001   0.00132   0.00857   0.14462  -0.12626  -0.05547  -0.01548   0.07957  -0.01168 
 -0.00377  -0.00439   0.09068  -0.05330   0.00243   0.01984   0.06353  -0.05188  -0.01909   0.02867   0.06310  -0.02441  -0.01565   0.04194   0.07288  -0.05589  -0.02487  -0.01666   0.06221  -0.01678 
 -0.00530   0.01041   0.06192  -0.03956   0.02168  -0.04290   0.07032  -0.04500   0.00124  -0.00060   0.04231  -0.02167  -0.03660  -0.00222   0.13320  -0.05302  -0.02064  -0.00075   0.07585  -0.03998 
  0.00078  -0.01595   0.07955  -0.04288  -0.02060   0.02680   0.06686  -0.03112   0.02079   0.04495   0.03741  -0.08141   0.01287  -0.00044   0.13591  -0.12926  -0.00490  -0.03297   0.07383  -0.02976 
  0.00478   0.00240   0.07955  -0.05876   0.00460   0.00542   0.06930  -0.04978  -0.01623   0.02425  -0.01812   0.01358   0.01884  -0.01985   0.08054  -0.07213  -0.04788   0.00599   0.03600   0.00288 
  0.00103   0.00015   0.04558  -0.02891   0.01605  -0.00129   0.05474  -0.05044  -0.00337   0.02885   0.01807  -0.02249  -0.03575   0.02150   0.08394  -0.02643  -0.00919  -0.04694   0.07982  -0.02368 
 -0.00099  -0.00852   0.06348  -0.03379   0.00895  -0.00845   0.06075  -0.04139  -0.00175   0.02562   0.06124  -0.04539  -0.00224  -0.00627   0.11697  -0.08211  -0.04047  -0.01063   0.09585  -0.03714 
 -0.00174  -0.00530   0.08404  -0.04990   0.00829   0.02647   0.04118  -0.04855  -0.01574  -0.01537   0.08150  -0.01067  -0.00485   0.05895   0.01057  -0.03550  -0.05674  -0.01139   0.04618   0.01096 
 -0.00632   0.00996   0.03903  -0.02276   0.02062  -0.05214   0.06740  -0.03693  -0.01436  -0.01513   0.02112   0.01759  -0.02558  -0.04051   0.06949   0.00542  -0.04250   0.01278   0.07775  -0.03559 
 -0.00709  -0.02160   0.06387  -0.02011   0.01788  -0.02617   0.09628  -0.06787   0.03325   0.00616   0.06518  -0.08929  -0.02473   0.04725   0.10312  -0.07313  -0.01324  -0.05279   0.10459  -0.03824 
  0.00727  -0.01688   0.09686  -0.06311   0.01738  -0.03243   0.05776  -0.03676  -0.02402   0.06651   0.00816  -0.01682  -0.01664   0.06023   0.07692  -0.07053  -0.02569   0.00182   0.04759  -0.01643 
 -0.00023   0.01129   0.04922  -0.03680  -0.01583   0.01630   0.07432  -0.03523  -0.02751   0.00582   0.09258  -0.01481   0.00660   0.00799   0.05537  -0.05082  -0.00733   0.00729   0.06343  -0.04447 
 -0.00658   0.00731   0.06620  -0.03928   0.00233  -0.01699   0.09700  -0.05360  -0.01170  -0.02799   0.06889  -0.00173   0.00568  -0.01401   0.13528  -0.10752  -0.00123   0.01768   0.07663  -0.06712 
  0.00453  -0.00944   0.09177  -0.06049   0.03551   0.00271   0.00176  -0.04517  -0.03401  -0.02190   0.06815   0.02247   0.01833   0.01044   0.03960  -0.05698  -0.02966  -0.01983   0.05327  -0.00537 
  0.01219  -0.01175   0.03364  -0.02623   0.01381  -0.00644   0.05544  -0.04508  -0.02410   0.00911   0.07929  -0.01381  -0.02139  -0.02384   0.06499  -0.00447  -0.04934  -0.06165   0.08224   0.00738 
 -0.01172  -0.02686   0.06891  -0.01590   0.00161  -0.04158   0.08581  -0.03153  -0.00277   0.03911   0.05794  -0.05187   0.01948  -0.02952   0.10318  -0.08753  -0.04555   0.00465   0.08883  -0.03751 
 -0.00301  -0.01036   0.08774  -0.04820   0.01098   0.00426   0.00931  -0.01976  -0.00467   0.03226   0.02200  -0.02499  -0.01796   0.05729   0.04549  -0.04192  -0.02347  -0.03513   0.06049  -0.00603 
 -0.00023   0.00419   0.03489  -0.02302   0.01243  -0.02016   0.06131  -0.03954   0.00066  -0.03284   0.06335  -0.01234   0.00198  -0.00870   0.06173  -0.03953   0.00820  -0.05432   0.09692  -0.04621 
  0.00974  -0.03363   0.07350  -0.03818   0.03489  -0.02854   0.04201  -0.05124   0.00401   0.05074   0.07101  -0.07924  -0.00372  -0.01879   0.12956  -0.08430  -0.02581  -0.06679   0.10422  -0.02183 
  0.01170  -0.02782   0.08663  -0.05359   0.03681  -0.04823   0.03869  -0.04119   0.00798   0.04007   0.06206  -0.07145   0.00679  -0.01229   0.06646  -0.04767  -0.02459   0.00779   0.04988  -0.02249 
  0.01803  -0.01129   0.04922  -0.04344   0.01938  -0.01527   0.06241  -0.05177  -0.01957  -0.00677   0.07883  -0.00945   0.01738  -0.04221   0.03101  -0.02005  -0.00557  -0.01499   0.07867  -0.04398 
  0.01096  -0.02160   0.06153  -0.03790   0.01163  -0.05916   0.08315  -0.03291  -0.00926   0.05527   0.02991  -0.03925   0.00400   0.03159   0.06424  -0.06924  -0.02355   0.01500   0.06993  -0.04337 
  0.00278   0.00105   0.06620  -0.04567   0.01151   0.01908   0.02255  -0.03653  -0.01488   0.06827   0.04253  -0.04811  -0.03162   0.02230   0.12083  -0.06327  -0.04447  -0.00991   0.05345  -0.00205 
 -0.00940   0.01653   0.05522  -0.03434   0.00950  -0.00941   0.09236  -0.06368  -0.03276   0.02859   0.09266  -0.02314  -0.01608  -0.05385   0.11518  -0.03462   0.01151  -0.04004   0.08216  -0.04433 
 -0.00023  -0.02208   0.09068  -0.04652   0.01383   0.01043   0.04243  -0.04653  -0.02009   0.01436   0.09253  -0.03010  -0.01149   0.03133   0.13387  -0.11088  -0.03827   0.00347   0.09122  -0.04357 
 -0.00403   0.00908   0.08552  -0.05760  -0.00388   0.01570   0.02504  -0.01791  -0.02530   0.04054   0.04364  -0.01414   0.00589   0.00989   0.07109  -0.06348  -0.00385  -0.02724   0.01366   0.00907 
  0.00128   0.00195   0.03028  -0.02037   0.00170  -0.00610   0.05848  -0.03247   0.00858  -0.04145   0.06850  -0.02109   0.00200  -0.05827   0.10295  -0.04576  -0.02619   0.00139   0.08938  -0.04886 
  0.00002  -0.01971   0.07880  -0.03928  -0.00064  -0.00946   0.07662  -0.03979  -0.03017   0.01454   0.09016  -0.01564   0.02841  -0.01417   0.08130  -0.09116  -0.02981   0.02417   0.07663  -0.05080 
 -0.00048   0.00195   0.07767  -0.05103   0.02376  -0.03770   0.06420  -0.04628   0.01082   0.00786   0.00969  -0.02429   0.02368  -0.01797   0.06830  -0.07025  -0.02323   0.02681   0.00837  -0.00649 
