10 20 1 1 49 -4.3666 3.0735 4.5230 5354
  0.00583  -0.02942   0.05212  -0.02146   0.03419  -0.02334   0.05257  -0.06019   0.02281  -0.07389   0.05218  -0.01466  -0.01396  -0.02733   0.12295  -0.05854   0.01691  -0.07125   0.07978  -0.02902 
  0.01981  -0.05077   0.07745  -0.04298   0.01356  -0.04208   0.02780  -0.00917  -0.01097   0.01531   0.02199  -0.00529   0.01122  -0.04201   0.07870  -0.04699  -0.00351  -0.02278   0.05768  -0.02411 
  0.00930  -0.02990   0.04809  -0.02226   0.05008  -0.04290  -0.01850  -0.02829  -0.02259   0.02856   0.04614  -0.01081  -0.02856   0.06652   0.04171  -0.03201   0.01993   0.00845   0.04910  -0.05424 
  0.01471   0.00593   0.02735  -0.03551   0.01732  -0.01519   0.04369  -0.03702   0.01812  -0.01235   0.03585  -0.03506  -0.02110   0.02106   0.08636  -0.04627  -0.02973  -0.02020   0.06560  -0.01417 
  0.00433  -0.01232   0.05612  -0.03222   0.02093  -0.05123   0.06199  -0.03422  -0.00142  -0.06618   0.09548  -0.00873  -0.00119  -0.04225   0.14190  -0.08627  -0.01549   0.00666   0.07614  -0.04863 
  0.00757  -0.03429   0.08719  -0.04550  -0.00761   0.00245   0.03316  -0.01109  -0.04518   0.07617   0.07608  -0.03232   0.00552  -0.00442   0.04176  -0.03198  -0.00715  -0.03503   0.01420   0.01492 
 -0.00630  -0.00128   0.03242  -0.01200   0.00986  -0.00806   0.05392  -0.03828  -0.03960   0.01237   0.07877   0.00362   0.00460  -0.06522   0.07543  -0.02371  -0.02481   0.00331   0.06625  -0.03202 
 -0.00759  -0.01046   0.06556  -0.02708   0.00971  -0.01789   0.11147  -0.07366  -0.00930  -0.01157   0.10476  -0.03531  -0.00410  -0.01460   0.09757  -0.05684  -0.00616  -0.02439   0.03728  -0.00663 
  0.00257  -0.02078   0.08047  -0.04270   0.00456  -0.02645   0.02691  -0.00609  -0.01629   0.01436   0.04029  -0.00672   0.00412   0.00699   0.03324  -0.03064  -0.05158  -0.00319   0.05290  -0.00132 
 -0.00579  -0.00860   0.03743  -0.01148   0.02347  -0.03607   0.05477  -0.04055  -0.03740  -0.01078   0.07452   0.01698  -0.00848  -0.02356   0.09894  -0.04694  -0.03501  -0.01941   0.07282  -0.01678 
 -0.00733  -0.02460   0.07289  -0.02440   0.01588  -0.00547   0.06306  -0.05337   0.00363   0.05018   0.04411  -0.06204   0.00862   0.00514   0.10554  -0.09498  -0.01003  -0.02011   0.07351  -0.03349 
  0.00906  -0.00082   0.07365  -0.05717   0.00584   0.01554   0.01326  -0.02228  -0.00111  -0.01594   0.04260  -0.00915  -0.01545  -0.03038   0.09973  -0.03478  -0.00552  -0.01591   0.03082  -0.00739 
  0.00408  -0.01278   0.03909  -0.02040   0.04444  -0.08984   0.05031  -0.03824  -0.05434   0.04775   0.06377   0.00592   0.02667  -0.04214   0.07268  -0.06439  -0.02243  -0.05268   0.06536  -0.00094 
  0.00930  -0.04371   0.06126  -0.02359   0.01184  -0.03318   0.04239  -0.02008  -0.00488   0.03983   0.05664  -0.04857  -0.02309   0.00955   0.11381  -0.06004  -0.00026  -0.04949   0.05799  -0.01168 
  0.00031  -0.02031   0.06556  -0.02978   0.01178  -0.02099   0.04319  -0.02682  -0.01050   0.01389   0.01288  -0.00074  -0.01173   0.03795   0.06151  -0.04947  -0.06178  -0.05075   0.04111   0.03717 
 -0.00965  -0.01559   0.04156  -0.00632   0.03627  -0.04407   0.01574  -0.02882  -0.02023   0.03639   0.01846  -0.00546  -0.00798  -0.03047   0.10391  -0.04798  -0.03289  -0.05224   0.08442  -0.00898 
  0.00056  -0.03039   0.06204  -0.02200   0.01573  -0.01650   0.06182  -0.04602  -0.02080  -0.01335   0.05315   0.00935  -0.00931   0.00877   0.12301  -0.08734  -0.04580  -0.02808   0.08334  -0.01328 
 -0.00785  -0.01747   0.08197  -0.03441   0.02483  -0.00340   0.00788  -0.03150  -0.02087   0.02115   0.01694   0.00593  -0.00149   0.03700   0.05439  -0.05720  -0.05042  -0.00052   0.06342  -0.01122 
 -0.00172   0.00682   0.03867  -0.02547   0.01027  -0.01422   0.06541  -0.04287  -0.01698  -0.02621   0.08195  -0.00296   0.01844  -0.01388   0.10499  -0.09739  -0.04880  -0.07979   0.09675   0.00488 
 -0.00248  -0.03972   0.08533  -0.03005   0.01032   0.03978   0.04321  -0.06097   0.00766   0.00697   0.01093  -0.01984  -0.01638   0.03797   0.10300  -0.07811  -0.05079  -0.01445   0.07916  -0.01477 
 -0.00579   0.01302   0.06633  -0.04382   0.01506   0.00531   0.02081  -0.03182  -0.00460   0.04456   0.03492  -0.04052  -0.02931   0.05047   0.07187  -0.04300  -0.03570  -0.04429   0.07066  -0.00100 
 -0.00375   0.00324   0.04850  -0.02762   0.00298   0.00629   0.05408  -0.03821  -0.05968   0.00043   0.11771   0.01256  -0.02777  -0.04584   0.12825  -0.03534  -0.02503  -0.04694   0.08695  -0.01882 
 -0.01931  -0.02364   0.08867  -0.02386  -0.00914  -0.01265   0.08301  -0.03236  -0.01596  -0.02010   0.12880  -0.03591  -0.00715   0.01032   0.11411  -0.08294  -0.02508  -0.02064   0.04633  -0.00285 
 -0.01043  -0.01465   0.08310  -0.03414   0.00966  -0.01025  -0.00504  -0.00280  -0.00998  -0.02356   0.02426   0.01548   0.00760   0.01132   0.07129  -0.06701  -0.03753  -0.05858   0.07278   0.00588 
 -0.00020  -0.02700   0.04361  -0.01096   0.01299  -0.04000   0.05860  -0.02800  -0.01643  -0.03667   0.03994   0.02324  -0.01466  -0.13572   0.14797  -0.02753  -0.04045  -0.07258   0.07130   0.01549 
 -0.00965  -0.06791   0.08085  -0.00504   0.01464  -0.04235   0.04760  -0.02195  -0.00603   0.02138   0.11278  -0.06802  -0.05894  -0.02484   0.16689  -0.04476  -0.02114  -0.05352   0.09365  -0.02322 
 -0.01459  -0.03429   0.10318  -0.03359   0.00503   0.02163   0.04407  -0.04339  -0.02745  -0.00117   0.06667   0.00353  -0.01349  -0.01805   0.08023  -0.02838  -0.04329   0.00001   0.06905  -0.02017 
 -0.01198  -0.00082   0.06400  -0.02708   0.01697  -0.03156   0.06771  -0.04328  -0.02015   0.02876   0.02681  -0.00449  -0.00907  -0.04191   0.13242  -0.06582  -0.06448  -0.00921   0.08540  -0.01454 
 -0.00991  -0.01653   0.08197  -0.03277   0.01418   0.00177   0.03510  -0.03732  -0.00081  -0.00549   0.00910   0.00026  -0.00774   0.02601   0.09478  -0.07475  -0.03760  -0.01870   0.08188  -0.02263 
 -0.00070  -0.00447   0.06165  -0.03523   0.00855  -0.01366   0.02876  -0.01828  -0.02884   0.00564   0.05241   0.00833  -0.03974   0.00182   0.10320  -0.02556  -0.04960  -0.04081   0.07069   0.00542 
 -0.01773  -0.01889   0.06126  -0.00915   0.01186  -0.03087   0.04579  -0.02335   0.00516  -0.01386   0.06988  -0.03372  -0.01184  -0.05296   0.12049  -0.04517  -0.04849  -0.04232   0.10152  -0.01833 
 -0.00682  -0.03724   0.08719  -0.02816   0.01038  -0.04348   0.06655  -0.02820  -0.03532   0.03082   0.11759  -0.03655  -0.05824  -0.00442   0.18140  -0.07257   0.00081  -0.01222   0.08445  -0.05532 
 -0.01354  -0.01512   0.10673  -0.04860   0.01782  -0.02666   0.02113  -0.01805  -0.04796   0.05699  -0.02851   0.03386  -0.00017   0.01225   0.08969  -0.07204  -0.01536  -0.05034   0.05196   0.00297 
 -0.00045  -0.01418   0.04074  -0.01592  -0.01959  -0.02342   0.08596  -0.01688  -0.01663  -0.01586   0.11123  -0.02653  -0.01179  -0.04668   0.11891  -0.04716   0.00012  -0.09899   0.12029  -0.03702 
 -0.01094  -0.05282   0.10850  -0.03141  -0.00233   0.05515   0.03035  -0.04703  -0.00362   0.02007   0.07558  -0.04707  -0.03637   0.02332   0.14910  -0.08516  -0.06424  -0.00217   0.09676  -0.02813 
 -0.02037   0.02043   0.08977  -0.05030   0.00486   0.02141   0.03832  -0.03942  -0.00301  -0.01179   0.04841  -0.01205   0.01679  -0.00700   0.07162  -0.06932  -0.05086  -0.01546   0.04084   0.01345 
  0.00232  -0.00584   0.04443  -0.02600   0.00694  -0.04586   0.04255  -0.00825  -0.00313   0.01448   0.04138  -0.02492   0.01378  -0.02234   0.09560  -0.07621  -0.03796  -0.01164   0.10796  -0.04878 
  0.00031  -0.02078   0.07670  -0.03743  -0.02492   0.01266   0.06075  -0.01435   0.02807   0.02196   0.04678  -0.08103  -0.01094   0.00133   0.13545  -0.09245  -0.05959  -0.04460   0.10674  -0.01469 
 -0.01250  -0.00953   0.09124  -0.04103   0.03364  -0.00659  -0.01255  -0.02945  -0.00901  -0.01249   0.03552   0.00267  -0.03961   0.03420   0.07361  -0.02158  -0.07423  -0.06582   0.06459   0.03539 
 -0.00862  -0.02126   0.03991  -0.00325  -0.00540   0.01715   0.03953  -0.02554  -0.05131   0.01992   0.05993   0.02209  -0.00864  -0.03442   0.11624  -0.05567  -0.06583  -0.01705   0.05442   0.01348 
 -0.02839  -0.00401   0.06478  -0.00941  -0.01181   0.02179   0.06213  -0.03506  -0.00260  -0.02067   0.05195  -0.00910  -0.07224  -0.00627   0.16405  -0.03715  -0.02265   0.00072   0.06058  -0.02745 
 -0.02409   0.00054   0.08384  -0.02951  -0.02170   0.03559  -0.01908   0.01332  -0.00363   0.00810   0.03184  -0.01522  -0.02673   0.03296   0.05436  -0.02201  -0.07304   0.00129   0.04533   0.01346 
 -0.02516   0.01609   0.02693  -0.00020  -0.03953   0.01702   0.02824   0.01682  -0.06209   0.03259   0.06425   0.02404  -0.03820  -0.01583   0.14983  -0.05871  -0.05744   0.03163   0.05852  -0.02344 
 -0.04769   0.02000   0.07020  -0.00889  -0.03239   0.02221   0.05975  -0.01119   0.01702   0.00794   0.06317  -0.06239  -0.00874  -0.02435   0.12138  -0.06597  -0.05507   0.01399   0.12227  -0.06761 
 -0.01773   0.00727   0.09779  -0.05087   0.01841  -0.05889  -0.03223   0.02370   0.01678  -0.02929  -0.03605   0.01000   0.00190  -0.00568   0.03858  -0.02427  -0.00427  -0.11396   0.07113   0.01243 
  0.01617  -0.06264   0.01877   0.00533   0.03234  -0.01514   0.06049  -0.06784   0.07220  -0.00690   0.03019  -0.13126   0.05336   0.02708   0.02800  -0.11558   0.02938  -0.03089   0.07949  -0.06156 
  0.04215  -0.01278   0.06165  -0.08150   0.09079   0.03628  -0.06239  -0.11394   0.12754   0.00122  -0.11840  -0.18351   0.13196   0.06379   0.03223  -0.35986   0.09330   0.06381  -0.01694  -0.11136 
  0.11772   0.03862  -0.03810  -0.16538   0.15249  -0.11667  -0.12073  -0.10322   0.14510  -0.12318  -0.30403  -0.06939   0.15808  -0.15712  -0.17718  -0.08209   0.00326  -0.03557   0.00291   0.01556 
  0.14893  -0.10955  -0.12776  -0.06680  -0.36238  -0.39617   0.58285  -0.33573  -0.20634  -0.24074   0.50211  -0.10637  -0.15012  -0.20909   0.37836  -0.14133  -0.49232  -0.34420   0.45689  -0.22322 
 -0.31034  -0.33426   0.50626  -0.23902  -1.42430  -3.72876   0.77463  -3.72876  -0.89631  -3.72876   0.85526  -3.72876  -1.81339  -3.72876   0.74310  -3.72876  -1.05577  -3.72876   0.65166  -3.72876 
 -1.38822  -3.72876   0.74080  -3.72876  -3.72876  -3.72876  -3.72876   0.49684  -3.72876  -3.72876  -3.72876  -3.72876  -3.72876  -1.66395  -3.72876   0.52389  -3.72876  -3.72876  -3.72876  -3.72876 
 -3.72876  -1.72224  -3.72876   0.49244  -3.72876  -3.72876  -3.72876  -3.72876   0.15280  -0.20933  -0.37776  -0.02858  -3.72876  -3.72876  -3.72876  -3.72876   0.57262  -1.58374  -0.40469  -0.85760 
  0.42758  -1.50211  -0.31925  -0.81432   0.25818  -0.07423  -0.44932  -0.27770   0.18622  -0.03328  -0.12258  -0.34725   0.34825  -0.16369  -0.61590  -0.90631   0.21800  -0.44778  -0.67988   0.15809 
  0.29647  -0.12437  -0.49620  -0.26804  -1.30231  -1.60404   0.76568  -1.43066  -1.44704  -1.26595   0.86260  -1.48213  -0.96653  -1.08270   0.70227  -0.84586  -1.62629  -1.49273   0.64912  -1.39324 
 -1.29918  -1.48795   0.73082  -1.36957  -0.52304  -0.31094   0.02200   0.30272  -0.18014   0.09858   0.08499   0.07773  -0.82603  -0.76331  -1.03212   0.48049  -0.14612  -0.32486  -0.02664   0.18521 
 -0.74489  -0.77182  -0.89875   0.44302   0.13436  -0.23441  -0.09674  -0.03401   0.11764  -0.38536  -0.25287   0.05855   0.15587  -0.16874  -0.43398   0.01084   0.21809  -0.57267  -0.28073   0.11172 
  0.08781  -0.48602  -0.19958   0.13280  -0.10183  -0.02615  -0.00481   0.10223  -0.00109  -0.25925   0.08941   0.06959  -0.09760  -0.13112  -0.28095   0.22293  -0.06489  -0.41646  -0.18577   0.22218 
 -0.10777  -0.19423  -0.08721   0.18272  -0.02992  -0.13684  -0.26416   0.16184   0.01683  -0.14494   0.01421   0.04344  -0.00837  -0.19713  -0.46790   0.20802  -0.03753  -0.18508  -0.34348   0.20375 
 -0.05394  -0.15757  -0.27275   0.18964   0.00653  -0.07860  -0.05645   0.05440  -0.01291  -0.33098   0.11771   0.08739  -0.01707  -0.05186  -0.17126   0.11499   0.05993  -0.22320  -0.19791   0.13517 
 -0.01198  -0.16150  -0.09728   0.11822  -0.02981  -0.13308  -0.09450   0.11812   0.02086  -0.25573  -0.05630   0.10019  -0.00929  -0.18160  -0.34673   0.18715   0.08505  -0.22346  -0.17513   0.11355 
  0.00031  -0.18651  -0.14259   0.13056   0.03105  -0.12067  -0.21702   0.09705   0.01085  -0.20518  -0.02569   0.08662   0.03919  -0.21982  -0.32296   0.14982   0.10326  -0.18484  -0.18615   0.09434 
  0.03124  -0.16215  -0.17588   0.10906  -0.00326  -0.15562  -0.16380   0.12362   0.05392  -0.39332   0.05348   0.05255   0.03969  -0.22791  -0.21545   0.12577   0.09558  -0.20177  -0.15042   0.09231 
  0.02485  -0.20065  -0.12474   0.10965  -0.01558  -0.13532  -0.11042   0.11245   0.03017  -0.21005  -0.05853   0.07708   0.04440  -0.25786  -0.27284   0.14229   0.07246  -0.22455  -0.14095   0.11003 
  0.00955  -0.19000  -0.12353   0.11860  -0.01105  -0.12991  -0.16985   0.12426  -0.01253  -0.24743   0.00478   0.11258   0.02796  -0.17762  -0.20443   0.12171   0.05180  -0.22544  -0.09176   0.10414 
 -0.00528  -0.18373  -0.10126   0.12090  -0.01628  -0.12113  -0.11706   0.11080   0.03664  -0.26064   0.00885   0.06016  -0.03663  -0.20564  -0.24308   0.19236   0.06481  -0.17802  -0.08225   0.07819 
 -0.00528  -0.16479  -0.08555   0.11005  -0.01324  -0.12113  -0.15723   0.12003  -0.00057  -0.19118   0.08167   0.05125   0.00371  -0.16701  -0.11350   0.11318   0.03277  -0.14768  -0.08978   0.09087 
 -0.01276  -0.14034  -0.07736   0.10531  -0.02983  -0.16301  -0.11364   0.13236   0.00448  -0.13268   0.09293   0.01677   0.02176  -0.09180  -0.25598   0.11624   0.04767  -0.21215  -0.09511   0.10420 
 -0.00810  -0.16347  -0.08390   0.11122  -0.02815  -0.12443  -0.17715   0.13782  -0.00701  -0.15425   0.07199   0.04993   0.00506  -0.20044  -0.13554   0.12829   0.05169  -0.19476  -0.09207   0.09559 
 -0.01224  -0.16215  -0.08721   0.11512  -0.00252  -0.11824  -0.21462   0.12516   0.02788  -0.13017   0.02633   0.01780   0.02447  -0.16027  -0.27999   0.13974   0.06264  -0.16659  -0.09265   0.08029 
  0.00831  -0.13972  -0.11815   0.10292  -0.00836  -0.09965  -0.15559   0.10887   0.00227  -0.21058  -0.00080   0.08884   0.01317  -0.16073  -0.26094   0.14579   0.04618  -0.15721  -0.08266   0.08314 
 -0.00375  -0.13909  -0.10126   0.10650   0.00153  -0.12063  -0.19574   0.11789   0.01109  -0.20560   0.08010   0.04303   0.01942  -0.18308  -0.12661   0.10699   0.07417  -0.18702  -0.11714   0.08937 
  0.01128  -0.16150  -0.10183   0.10172  -0.01936  -0.17583  -0.19420   0.14910   0.04878  -0.19448  -0.01852   0.03384   0.01088  -0.12591  -0.21034   0.12517   0.05126  -0.17039  -0.09721   0.09044 
  0.00107  -0.16281  -0.11637   0.11512   0.00820  -0.12545  -0.16803   0.10632   0.02057  -0.19316   0.06710   0.03311  -0.00147  -0.16251  -0.19066   0.14115   0.04476  -0.18087  -0.07859   0.08989 
  0.00031  -0.15562  -0.08500   0.10272  -0.00913  -0.15827  -0.16952   0.13058  -0.03237  -0.19468   0.07661   0.08902  -0.00595  -0.16248  -0.18767   0.14420   0.04404  -0.17579  -0.04949   0.07571 
 -0.01302  -0.16479  -0.07092   0.11064  -0.00400  -0.14060  -0.25987   0.14274  -0.00057  -0.22073   0.01473   0.08919  -0.02621  -0.15682  -0.21129   0.16569   0.05828  -0.19873  -0.09818   0.09528 
 -0.00605  -0.17146  -0.12594   0.12604  -0.01323  -0.12239  -0.19344   0.12984  -0.02556  -0.15685   0.04488   0.08296  -0.00854  -0.23646  -0.20741   0.16896   0.08541  -0.20957  -0.11810   0.08925 
 -0.00197  -0.17079  -0.11460   0.11918   0.00696  -0.11640  -0.20975   0.11550  -0.02079  -0.22089  -0.01969   0.12163  -0.02845  -0.15888  -0.11755   0.14081   0.09564  -0.21811  -0.07631   0.06735 
  0.00707  -0.17146  -0.09446   0.10551  -0.02484  -0.04561  -0.24697   0.12674  -0.02192  -0.20200   0.01164   0.10663   0.00504  -0.30214  -0.15973   0.15761   0.09012  -0.20132  -0.11378   0.08197 
  0.00031  -0.15240  -0.12716   0.11609   0.01037  -0.06798  -0.28478   0.11383  -0.03919  -0.24553   0.09729   0.10152   0.02375  -0.12540  -0.20620   0.11140   0.10997  -0.20419  -0.10815   0.06665 
  0.01908  -0.14728  -0.12353   0.09831   0.03967  -0.08498  -0.31244   0.09870  -0.04250  -0.14014   0.11850   0.06064   0.06080  -0.14463  -0.17340   0.06655   0.13230  -0.19412  -0.14479   0.06146 
  0.04421  -0.13909  -0.14448   0.08061   0.01706  -0.03419  -0.32284   0.10337  -0.03311  -0.16321   0.05181   0.08992   0.01839  -0.08812  -0.18888   0.09944   0.14349  -0.20871  -0.14552   0.05754 
  0.03569  -0.12017  -0.16449   0.08831   0.02306  -0.05478  -0.31144   0.10334  -0.01728  -0.10381   0.06507   0.04457   0.04501  -0.12538  -0.19113   0.08442   0.13644  -0.20159  -0.13223   0.05561 
  0.04078  -0.12257  -0.15083   0.08019  -0.00207  -0.03224  -0.31652   0.11796   0.02607  -0.17472   0.03528   0.03406   0.00431  -0.12265  -0.26604   0.14442   0.11474  -0.15622  -0.12410   0.05372 
  0.02580  -0.10549  -0.16251   0.09119  -0.02152  -0.03240  -0.29020   0.12851   0.01617  -0.17228   0.00978   0.05632   0.01947  -0.15612  -0.26099   0.13883   0.07995  -0.13431  -0.11264   0.06606 
  0.00732  -0.10033  -0.15019   0.10092  -0.02059  -0.03603  -0.26616   0.12416   0.03185  -0.15876  -0.00399   0.03726  -0.01778  -0.16254  -0.23498   0.16629   0.05972  -0.18446  -0.08066   0.08277 
 -0.00197  -0.12197  -0.12413   0.10729   0.02034  -0.05693  -0.37354   0.11794   0.01522  -0.12808   0.04703   0.02400   0.01437  -0.10846  -0.21468   0.11772   0.06827  -0.13417  -0.11675   0.07545 
  0.01569  -0.09919  -0.15405   0.09487   0.00477  -0.07458  -0.30606   0.12507   0.03878  -0.20312   0.01190   0.03788  -0.01576  -0.10365  -0.20733   0.14143   0.06425  -0.14774  -0.07682   0.06590 
  0.01054  -0.11958  -0.12716   0.09750  -0.02009  -0.07998  -0.26116   0.13761  -0.01156  -0.10441   0.03645   0.05118  -0.02287  -0.18557  -0.15991   0.15621   0.08462  -0.17354  -0.09299   0.06825 
 -0.00172  -0.12862  -0.11697   0.10690  -0.00563  -0.12065  -0.19777   0.12431   0.01439  -0.17877   0.01553   0.05843  -0.02264  -0.09654  -0.21099   0.14602   0.05299  -0.11685  -0.08114   0.06377 
 -0.00426  -0.11601  -0.10298   0.09992  -0.01882  -0.10232  -0.14732   0.11595   0.00179  -0.07943   0.09804  -0.00757  -0.02478  -0.13452  -0.14672   0.14046   0.07857  -0.12284  -0.11056   0.06185 
 -0.00146  -0.10549  -0.08666   0.08810  -0.03715  -0.11890  -0.14796   0.13528   0.01332  -0.19681   0.05425   0.04943  -0.01517  -0.11761  -0.14122   0.12553   0.07632  -0.14952  -0.11078   0.07316 
 -0.00349  -0.13661  -0.09390   0.10292  -0.03989  -0.17001  -0.07109   0.12848   0.03720  -0.17592   0.06571   0.00484  -0.02395  -0.11961  -0.13397   0.13138   0.08208  -0.16005  -0.13922   0.08408 
 -0.00172  -0.15304  -0.08171   0.10232  -0.02829  -0.07490  -0.06214   0.08686  -0.00895  -0.18613   0.06576   0.06640  -0.00163  -0.18118  -0.24624   0.16033   0.07324  -0.13054  -0.08762   0.05844 
 -0.00528  -0.11958  -0.06880   0.08934  -0.05690  -0.10715  -0.01019   0.10073  -0.01628  -0.14875   0.09443   0.04759  -0.02989  -0.10888  -0.08491   0.11591   0.08180  -0.15801  -0.05602   0.04775 
 -0.01563  -0.12923  -0.01783   0.07977  -0.05498  -0.13583  -0.03093   0.11615  -0.01302  -0.23833   0.05021   0.09352  -0.02249  -0.07782  -0.12524   0.11382   0.07935  -0.14407  -0.06283   0.04770 
 -0.01302  -0.13785  -0.03958   0.08996  -0.03681  -0.10336  -0.06337   0.10399  -0.03264  -0.12584   0.09422   0.05676  -0.03777  -0.06688  -0.08297   0.10795   0.06840  -0.12219  -0.07863   0.05448 
 -0.01800  -0.10376  -0.04307   0.08354  -0.03022  -0.14215  -0.11250   0.12661  -0.00596  -0.10368   0.01228   0.05459  -0.00552  -0.17043  -0.05042   0.09827   0.06867  -0.15220  -0.02929   0.04122 
 -0.00451  -0.13972  -0.03859   0.08333  -0.04208  -0.05612  -0.05934   0.09031  -0.03594  -0.13331   0.08461   0.06774  -0.02848  -0.07896  -0.09753   0.10954   0.07197  -0.12645  -0.05649   0.04306 
 -0.01694  -0.09410  -0.03613   0.07617  -0.03697  -0.05968  -0.11150   0.10533  -0.00823  -0.12569   0.07613   0.03803  -0.00969  -0.08142  -0.12848   0.10449   0.04641  -0.15073  -0.04285   0.06251 
