IntronPotTab 1 1024 -45.25309 0.77533 20.00890 66090 6 16 1119.85
   -0.00933
   -0.00823
   -0.00822
    0.02783
   -0.02009
    0.00976
    0.02983
    0.01526
   -0.03039
    0.00922
   -0.01127
    0.03533
   -0.01203
   -0.00991
    0.01381
    0.00678
   -0.00489
   -0.01499
   -0.01429
    0.03034
   -0.01577
    0.00035
    0.01057
    0.01478
   -0.02653
   -0.01895
   -0.00852
    0.03775
    0.00756
   -0.02371
   -0.00207
    0.01264
   -0.00551
   -0.00791
   -0.02088
    0.03707
   -0.01226
   -0.01029
   -0.00090
    0.02126
   -0.01457
    0.00718
    0.00537
    0.00790
    0.00072
   -0.01890
   -0.00523
    0.01704
   -0.01561
   -0.00928
    0.01156
    0.01992
   -0.01263
   -0.01069
    0.03926
    0.01252
   -0.01901
    0.00110
   -0.01068
    0.02158
   -0.01193
   -0.01390
    0.01902
    0.00606
   -0.00442
   -0.01715
   -0.00683
    0.02825
   -0.03969
    0.03730
    0.04994
    0.07364
   -0.01865
   -0.00565
   -0.02592
    0.04723
   -0.00979
   -0.03001
   -0.00483
    0.02602
    0.00127
   -0.01270
   -0.01442
    0.02682
   -0.00668
   -0.00528
   -0.01653
    0.01907
   -0.00957
   -0.01583
   -0.02756
    0.04330
    0.03006
   -0.01783
   -0.02303
    0.02335
   -0.00198
   -0.03110
   -0.02802
    0.06030
   -0.00869
   -0.03077
    0.00086
    0.03230
   -0.02780
   -0.00916
   -0.01482
    0.04876
   -0.00367
   -0.03493
   -0.00990
    0.03619
    0.00225
   -0.03407
    0.02336
    0.01022
   -0.00210
   -0.03417
    0.01554
    0.02112
   -0.00568
   -0.00856
   -0.02554
    0.02699
    0.00383
   -0.03702
    0.01188
    0.01087
   -0.00026
   -0.01265
   -0.02829
    0.04207
   -0.02253
    0.00434
   -0.00368
    0.03331
   -0.05997
    0.03751
    0.00445
    0.07149
   -0.00777
   -0.03095
   -0.00564
    0.02972
   -0.00602
   -0.00919
   -0.01617
    0.03742
   -0.00864
   -0.00627
   -0.02427
    0.02507
   -0.01840
   -0.01150
   -0.03099
    0.05398
    0.02952
   -0.02997
   -0.01520
    0.02374
    0.01955
   -0.01540
   -0.04663
    0.04605
   -0.00421
   -0.01949
   -0.03737
    0.03227
   -0.01425
    0.00389
   -0.01563
    0.03456
   -0.03199
   -0.00966
   -0.02023
    0.04478
   -0.00564
   -0.02504
    0.01090
    0.01594
   -0.00058
   -0.02633
    0.00609
    0.01595
   -0.01677
   -0.00626
   -0.01719
    0.03102
   -0.00027
   -0.03571
    0.00993
    0.01033
   -0.01892
    0.00894
   -0.00098
    0.02429
   -0.01343
   -0.00225
    0.00372
    0.02186
   -0.01636
   -0.00229
   -0.01566
    0.03055
   -0.00869
   -0.00812
   -0.00962
    0.01645
   -0.01132
   -0.00936
   -0.00056
    0.01961
   -0.00905
   -0.00025
    0.00371
    0.01062
   -0.01500
   -0.02028
   -0.00875
    0.03544
    0.00277
   -0.01976
   -0.00132
    0.01400
   -0.00480
   -0.00561
   -0.01605
    0.02441
   -0.00564
   -0.01753
   -0.01270
    0.01984
   -0.02106
   -0.00139
    0.00091
    0.02733
    0.00057
   -0.01314
   -0.01192
    0.01630
   -0.00710
   -0.02058
    0.00731
    0.01548
    0.00009
   -0.01407
    0.01216
    0.00630
   -0.00418
   -0.00793
   -0.00839
    0.01236
    0.00283
   -0.02052
    0.00593
    0.00486
   -0.00961
   -0.01079
   -0.01022
    0.03163
   -0.01301
    0.00721
   -0.00385
    0.01849
   -0.02198
    0.01134
   -0.02411
    0.03242
    0.00170
   -0.01673
   -0.00229
    0.01198
    0.03059
   -0.06021
    0.02690
    0.06894
   -0.01523
    0.01345
   -0.00595
    0.01044
   -0.01117
   -0.01418
   -0.02959
    0.04241
    0.00561
   -0.01238
   -0.01174
    0.01856
    0.00682
   -0.00998
   -0.03217
    0.03722
   -0.01097
    0.00134
   -0.02537
    0.02047
   -0.01036
    0.01865
   -0.00101
   -0.00153
    0.00351
   -0.01864
   -0.01107
    0.02131
   -0.00169
   -0.01971
    0.00513
    0.01162
   -0.00555
   -0.00898
   -0.01166
    0.01578
   -0.01709
    0.00362
   -0.02776
    0.02652
   -0.00666
   -0.01536
    0.00967
    0.00567
    0.00942
   -0.02087
   -0.02274
    0.02287
   -0.00091
   -0.02116
   -0.02269
    0.02895
   -0.00232
   -0.01323
   -0.04601
    0.05338
    0.01507
   -0.03621
   -0.00878
    0.02807
    0.00807
   -0.00592
   -0.02642
    0.02802
   -0.02041
    0.01455
   -0.04855
    0.01946
   -0.00675
   -0.01400
   -0.03945
    0.05434
    0.02759
   -0.01579
   -0.02344
    0.02962
    0.01140
   -0.02224
   -0.03664
    0.05347
   -0.00162
   -0.02279
   -0.01279
    0.02736
   -0.02829
   -0.01894
   -0.01805
    0.05863
    0.01585
   -0.03403
   -0.01256
    0.03669
    0.01293
   -0.02948
    0.02039
   -0.00219
    0.00591
   -0.02194
   -0.02598
    0.02273
   -0.00151
   -0.01482
   -0.05233
    0.04834
    0.01161
   -0.03838
   -0.01324
    0.02544
    0.00957
   -0.01419
   -0.04138
    0.04425
   -0.01033
   -0.00313
   -0.03254
    0.03521
   -0.02436
    0.00372
   -0.02284
    0.04842
    0.03262
   -0.03002
   -0.03942
    0.03770
    0.00507
   -0.00956
   -0.02630
    0.04415
   -0.00734
   -0.00006
   -0.03135
    0.03080
   -0.00524
   -0.01121
   -0.03531
    0.04645
    0.03949
   -0.02369
   -0.01973
    0.02992
    0.02515
   -0.01927
   -0.04041
    0.04962
    0.00956
   -0.01140
   -0.05751
    0.03739
   -0.01870
   -0.00264
   -0.01838
    0.04544
    0.00859
   -0.03114
   -0.02289
    0.04297
    0.00399
   -0.04006
   -0.00320
    0.03241
    0.00653
   -0.02944
   -0.02417
    0.02332
   -0.00737
   -0.01440
   -0.04418
    0.03843
    0.02747
   -0.04318
   -0.01024
    0.01263
   -0.01373
    0.02075
   -0.02050
    0.01583
   -0.01404
   -0.00305
   -0.02508
    0.02888
   -0.02648
    0.02349
   -0.03035
    0.02540
    0.00738
   -0.02357
   -0.01871
    0.01878
   -0.00576
   -0.00410
   -0.01696
    0.02644
   -0.02610
    0.01775
   -0.02046
    0.01776
   -0.00483
   -0.00277
   -0.03083
    0.03041
    0.01539
   -0.02117
   -0.00365
    0.02267
   -0.00086
   -0.00007
   -0.02928
    0.02691
   -0.01051
   -0.00814
   -0.02303
    0.02069
   -0.02518
    0.00165
   -0.01213
    0.03675
    0.00347
   -0.01638
   -0.01542
    0.02355
    0.00987
   -0.02886
   -0.00719
    0.01130
   -0.00912
   -0.00707
   -0.02652
    0.01935
   -0.00577
   -0.00333
   -0.02523
    0.02129
    0.00095
   -0.01850
   -0.00960
    0.01529
   -0.01277
   -0.00433
   -0.01490
    0.03401
   -0.00919
   -0.00580
   -0.00189
    0.01912
   -0.03720
    0.01174
   -0.01996
    0.05537
    0.00221
   -0.01643
   -0.00394
    0.01279
   -0.01214
   -0.00447
   -0.02421
    0.04283
   -0.01461
   -0.00755
   -0.00603
    0.02322
   -0.03537
   -0.00132
   -0.03087
    0.05531
    0.01447
   -0.01992
   -0.00930
    0.01605
    0.03492
    0.01670
   -0.08526
    0.07818
   -0.00304
   -0.01415
   -0.03438
    0.02701
   -0.03615
    0.01892
   -0.00250
    0.04084
    0.00983
   -0.02117
   -0.01571
    0.02367
   -0.00298
   -0.01810
   -0.01899
    0.02468
    0.00462
   -0.02068
   -0.00258
    0.01017
   -0.02007
    0.00122
   -0.02335
    0.03720
    0.00182
   -0.02377
    0.00655
    0.00593
   -0.00229
   -0.01208
   -0.01009
    0.02374
   -0.00196
   -0.01980
   -0.01018
    0.02184
   -0.00848
   -0.01146
   -0.03471
    0.05552
    0.00600
   -0.03502
   -0.00212
    0.02119
   -0.00094
   -0.00954
   -0.01569
    0.02525
   -0.00407
   -0.00623
   -0.02668
    0.02194
   -0.01237
   -0.01427
   -0.03891
    0.05297
    0.02589
   -0.02543
   -0.01563
    0.02743
    0.00483
   -0.00769
   -0.04564
    0.05544
   -0.00084
   -0.03425
   -0.01384
    0.03049
   -0.02672
   -0.02228
   -0.01016
    0.05634
    0.00941
   -0.02730
   -0.01841
    0.03734
    0.01044
   -0.04185
    0.03437
   -0.00254
    0.01079
   -0.04010
   -0.00535
    0.02183
   -0.00427
   -0.01526
   -0.04116
    0.04449
    0.01586
   -0.04087
    0.00114
    0.01652
    0.00822
   -0.01959
   -0.02659
    0.03348
    0.00075
   -0.01855
   -0.03894
    0.03386
   -0.01294
    0.00779
   -0.03267
    0.06307
    0.01601
   -0.03124
   -0.02290
    0.03186
   -0.00486
   -0.01031
   -0.01392
    0.03444
   -0.00409
   -0.00973
   -0.03004
    0.02693
   -0.00499
   -0.00901
   -0.03556
    0.05049
    0.02624
   -0.02743
   -0.01631
    0.02789
    0.01915
   -0.02014
   -0.04338
    0.04905
   -0.00103
   -0.02498
   -0.03562
    0.03693
   -0.01753
   -0.00626
   -0.00338
    0.03312
   -0.00540
   -0.02980
   -0.02158
    0.04097
   -0.01530
   -0.02522
    0.00766
    0.03325
    0.00593
   -0.02896
   -0.02376
    0.02235
   -0.03212
    0.00453
   -0.02971
    0.05188
    0.00558
   -0.03484
   -0.00103
    0.01419
   -0.00419
    0.00965
   -0.04631
    0.02608
   -0.00302
   -0.01771
   -0.03041
    0.02722
   -0.01223
    0.00740
   -0.03859
    0.03338
    0.00106
   -0.01382
   -0.02638
    0.02195
   -0.01532
   -0.00494
   -0.00805
    0.02570
   -0.01310
    0.00260
   -0.01654
    0.01771
   -0.00334
   -0.00782
   -0.01956
    0.02510
   -0.00041
   -0.01948
   -0.00680
    0.02325
    0.00592
    0.00247
   -0.04564
    0.03253
    0.00004
   -0.01697
   -0.02697
    0.02017
   -0.02068
    0.00001
   -0.01219
    0.03306
    0.01597
   -0.00263
   -0.01950
    0.03492
   -0.00086
   -0.02739
    0.00284
    0.01749
   -0.00090
   -0.01642
   -0.01596
    0.01495
   -0.00773
   -0.00740
   -0.02466
    0.02510
    0.00448
   -0.02332
   -0.00402
    0.01137
   -0.01344
    0.00051
   -0.00067
    0.01811
   -0.02437
    0.01069
    0.04043
    0.01053
   -0.01335
    0.01269
   -0.01485
    0.01597
   -0.00848
   -0.00200
    0.00612
    0.00352
   -0.01082
   -0.00909
   -0.00844
    0.02380
   -0.00461
    0.00396
    0.00762
   -0.00012
   -0.01587
   -0.01737
   -0.02241
    0.03391
    0.01004
   -0.01448
   -0.01323
    0.01390
    0.00105
   -0.00458
   -0.02388
    0.02179
   -0.01699
   -0.00331
   -0.01698
    0.02454
   -0.01150
    0.00817
   -0.00252
    0.00878
   -0.00774
   -0.00831
   -0.01265
    0.01795
   -0.00408
   -0.01011
    0.00609
    0.00458
   -0.00949
   -0.01058
    0.03519
    0.00584
   -0.01312
    0.00040
   -0.01539
    0.01784
   -0.00674
   -0.01759
    0.00983
    0.00556
    0.00144
   -0.01342
   -0.01066
    0.01653
   -0.00746
   -0.03118
    0.01018
    0.02725
   -0.00652
   -0.01758
   -0.03046
    0.04116
    0.00725
   -0.03766
    0.00022
    0.01991
    0.00627
   -0.00827
   -0.02630
    0.02688
   -0.00828
   -0.00309
   -0.02570
    0.01813
   -0.00749
   -0.01680
   -0.03771
    0.04259
    0.02696
   -0.02280
   -0.01804
    0.02991
    0.00126
   -0.02083
   -0.02410
    0.03562
    0.00415
   -0.03365
   -0.00294
    0.02140
   -0.02583
   -0.02216
   -0.01423
    0.05142
    0.01917
   -0.05301
    0.00788
    0.02641
    0.01116
   -0.03002
    0.01508
    0.00100
    0.00752
   -0.03111
    0.00047
    0.01288
   -0.00360
   -0.01264
   -0.03752
    0.03146
    0.01600
   -0.04437
    0.00241
    0.01764
   -0.00087
   -0.00905
   -0.02592
    0.03050
   -0.02066
   -0.00246
   -0.00579
    0.02987
   -0.01089
    0.00628
   -0.02321
    0.02853
    0.00244
   -0.01563
   -0.01447
    0.02056
   -0.00784
   -0.00466
   -0.02085
    0.03366
   -0.00706
   -0.01416
   -0.01098
    0.02043
   -0.00730
   -0.01709
   -0.03610
    0.03470
    0.02436
   -0.01789
   -0.02136
    0.02373
    0.01598
   -0.02376
   -0.03482
    0.03535
   -0.00052
   -0.02547
   -0.03239
    0.02753
   -0.00826
   -0.01173
   -0.01388
    0.03052
   -0.00071
   -0.01992
   -0.02335
    0.03285
   -0.00152
   -0.02651
    0.00865
    0.01145
   -0.00306
   -0.02313
    0.00208
    0.01629
   -0.00003
   -0.00005
   -0.00852
    0.00251
    0.00031
   -0.02996
    0.00454
    0.00898
   -0.00914
    0.00185
   -0.00356
    0.01459
   -0.01073
   -0.01632
    0.01237
    0.01994
   -0.01472
    0.00163
   -0.02076
    0.02602
   -0.00662
   -0.01283
   -0.00914
    0.01228
   -0.01132
   -0.00586
   -0.00625
    0.01945
   -0.01419
    0.00109
   -0.01142
    0.01379
   -0.00708
   -0.01120
   -0.01629
    0.02570
    0.00581
   -0.02037
   -0.00148
    0.01191
   -0.00336
   -0.00403
   -0.00884
    0.01336
   -0.00629
   -0.01500
    0.00244
    0.01400
   -0.01510
   -0.00424
   -0.01041
    0.02499
   -0.00169
   -0.01445
   -0.00899
    0.01435
   -0.00297
   -0.02018
    0.00609
    0.01094
   -0.01005
   -0.00662
    0.00505
    0.01222
   -0.00823
   -0.00882
   -0.01416
    0.01840
   -0.00584
   -0.02286
   -0.00455
    0.01548
