IntronPotTab 1 1024 1.87131
   -0.07794
    0.08559
   -0.03704
    0.03902
    0.11800
   -0.01384
   -0.05950
   -0.10400
   -0.06162
   -0.01575
    0.05728
    0.01964
    0.03940
   -0.00882
    0.00960
   -0.03894
   -0.17637
    0.26059
   -0.22300
   -0.05742
    0.00691
    0.08875
   -0.07530
   -0.03956
   -0.05098
   -0.01616
    0.02657
    0.04523
    0.07343
   -0.00685
    0.00211
   -0.04667
   -0.01094
    0.00454
    0.00890
   -0.00133
    0.00799
    0.00853
    0.01611
   -0.03924
   -0.08822
   -0.07361
    0.17746
   -0.02521
    0.00461
   -0.08328
    0.12378
   -0.06865
   -0.03246
    0.00098
   -0.00699
    0.03563
   -0.00165
    0.05805
   -0.02334
   -0.04284
   -0.04614
    0.01125
    0.00738
    0.02926
    0.00939
   -0.03132
    0.04258
   -0.01868
   -0.02985
    0.05353
   -0.06777
    0.03378
    0.19873
   -0.19365
   -0.04728
   -0.14213
   -0.01049
   -0.07243
    0.05685
    0.03274
    0.11569
   -0.09908
    0.04723
   -0.05081
   -0.13952
    0.16001
   -0.14386
    0.01443
   -0.05099
    0.14156
   -0.16524
    0.05470
   -0.00998
   -0.00285
   -0.02976
    0.04961
    0.08797
   -0.04915
   -0.00402
    0.00535
   -0.10763
    0.07226
   -0.03069
    0.02483
    0.09362
   -0.15121
    0.09656
   -0.09233
   -0.03590
   -0.09513
    0.12791
    0.00729
   -0.03484
   -0.19651
    0.19377
   -0.07211
    0.03939
   -0.00401
   -0.05686
    0.01316
    0.04055
    0.04380
   -0.07884
   -0.02120
   -0.05628
   -0.10454
   -0.00608
    0.16148
    0.05053
   -0.04580
   -0.03015
    0.06700
    0.04058
    0.04965
   -0.04728
   -0.04616
    0.12234
    0.03605
   -0.05410
   -0.17073
   -0.01242
   -0.04372
    0.02508
    0.02840
    0.01262
   -0.01373
   -0.01712
    0.02803
   -0.10335
    0.22368
   -0.10965
   -0.13547
   -0.03282
    0.12680
   -0.06184
   -0.01011
   -0.03080
    0.04162
   -0.01524
    0.00820
    0.09925
    0.02170
   -0.02321
   -0.06810
   -0.01847
    0.04337
   -0.02555
    0.00537
    0.08704
   -0.01092
   -0.05757
   -0.02501
    0.01137
   -0.11414
    0.11218
   -0.04379
   -0.00118
   -0.05828
    0.02809
    0.03191
   -0.01438
    0.02826
   -0.09652
    0.07220
    0.07314
    0.00175
   -0.05617
   -0.01206
   -0.08271
   -0.03708
   -0.02479
    0.12137
    0.06111
   -0.03500
   -0.03446
    0.04656
    0.00543
   -0.02374
    0.00865
    0.00977
    0.11379
    0.02403
   -0.13882
   -0.06827
    0.01518
    0.03280
   -0.07071
    0.00123
    0.00111
   -0.07390
    0.06218
    0.00894
   -0.13247
    0.17066
   -0.11718
    0.03356
   -0.07798
    0.21957
   -0.11617
   -0.06835
   -0.01849
    0.05485
   -0.01321
   -0.02402
    0.10561
   -0.02031
    0.00077
   -0.04539
   -0.05496
    0.07617
   -0.02383
   -0.01672
    0.07124
   -0.01064
   -0.04185
   -0.02608
   -0.06665
   -0.06809
    0.05703
    0.07272
   -0.00842
   -0.09227
    0.10453
   -0.01991
   -0.04936
    0.09765
   -0.00534
   -0.07165
    0.03152
    0.07453
   -0.06891
   -0.05931
   -0.06918
   -0.00475
    0.01207
    0.05819
    0.09335
    0.02669
   -0.02508
   -0.05687
   -0.06825
    0.12727
   -0.10807
   -0.00595
    0.04363
    0.08094
   -0.06023
   -0.09908
   -0.07118
    0.04140
    0.03841
   -0.00650
    0.00503
    0.04043
   -0.01965
   -0.02619
   -0.35261
    0.24473
   -0.26570
   -0.11547
    0.00175
    0.13836
   -0.17547
   -0.00471
   -0.13200
    0.04410
   -0.10285
    0.14463
    0.02837
   -0.02543
   -0.06920
    0.07759
   -0.08460
    0.09826
   -0.04098
   -0.00701
    0.01777
    0.01926
   -0.04346
    0.00092
   -0.09380
   -0.01885
    0.16838
   -0.06495
   -0.10022
    0.00459
    0.04353
    0.00945
   -0.10136
    0.11419
   -0.12886
    0.02764
    0.03588
    0.06315
   -0.14281
    0.01122
   -0.03790
   -0.06555
   -0.04260
    0.12457
    0.03143
    0.03402
   -0.03369
   -0.02439
   -0.06177
    0.02094
   -0.01713
    0.06580
    0.02062
    0.07311
   -0.12648
   -0.03255
    0.00765
    0.00433
   -0.03154
    0.01558
    0.06271
   -0.01934
   -0.02866
    0.00853
   -0.13069
    0.14821
   -0.12453
    0.03834
   -0.15038
    0.18794
   -0.25407
    0.04647
   -0.01229
   -0.00532
    0.00485
    0.01419
    0.07994
    0.04368
   -0.11735
    0.00520
   -0.00030
    0.04997
   -0.05791
   -0.01454
    0.02968
   -0.00177
   -0.03827
    0.00689
   -0.06669
   -0.05746
    0.12349
    0.00330
    0.03410
   -0.04931
    0.05457
   -0.02036
   -0.12062
    0.07576
   -0.02337
   -0.01124
   -0.07337
    0.11109
   -0.16051
    0.02938
   -0.01762
    0.01606
   -0.04695
    0.04993
    0.06042
    0.00655
   -0.05599
    0.01843
   -0.01272
    0.06803
   -0.08502
    0.03538
    0.03432
    0.09510
   -0.08226
   -0.07811
   -0.04668
    0.04162
   -0.04734
    0.04691
   -0.03420
    0.05297
   -0.03435
    0.00984
   -0.17833
    0.23837
   -0.18795
   -0.05074
   -0.03129
    0.15679
   -0.09726
   -0.00956
   -0.08303
    0.07610
   -0.10214
    0.08387
    0.02131
   -0.01928
   -0.03472
    0.05490
    0.03715
    0.03857
   -0.06953
   -0.00497
    0.02138
    0.07662
   -0.06266
   -0.03570
   -0.01013
   -0.05701
    0.07617
   -0.01713
   -0.03065
    0.02691
   -0.05332
    0.05595
   -0.04363
    0.05506
   -0.05493
    0.02969
    0.00394
    0.08797
   -0.08712
   -0.00656
   -0.14678
   -0.09335
   -0.14291
    0.22577
    0.04270
    0.00440
   -0.06911
    0.05302
   -0.09754
    0.11002
   -0.05952
    0.00922
   -0.00411
    0.10715
   -0.13275
   -0.03909
   -0.04215
    0.05212
   -0.03525
    0.00878
    0.02481
    0.01605
    0.03436
   -0.08122
   -0.09445
    0.20132
   -0.13900
   -0.04796
   -0.12599
    0.26589
   -0.17876
   -0.03126
   -0.04747
    0.01792
    0.01239
    0.01550
    0.02421
    0.07612
   -0.03796
   -0.06833
   -0.12958
    0.10726
   -0.02395
    0.01893
    0.03880
    0.06867
   -0.08091
   -0.05264
   -0.09491
   -0.03107
    0.09553
    0.03062
   -0.05119
   -0.02383
    0.06520
   -0.01329
   -0.07956
    0.10443
   -0.11553
    0.01380
   -0.04620
    0.19278
   -0.14231
   -0.09022
   -0.03667
   -0.01369
   -0.01939
    0.06731
   -0.01285
    0.07660
   -0.01969
   -0.06144
    0.02372
    0.00840
   -0.01438
   -0.02175
    0.11326
   -0.03276
   -0.05469
   -0.06719
   -0.04883
   -0.04013
    0.05295
    0.04066
    0.08977
   -0.08542
    0.03426
   -0.04401
   -0.13696
    0.23380
   -0.14509
   -0.05886
    0.01062
    0.03620
   -0.03946
   -0.01012
   -0.04116
    0.00918
   -0.00565
    0.05275
    0.04524
   -0.02518
    0.04383
   -0.05384
   -0.06505
    0.03366
    0.03022
   -0.00571
    0.05813
   -0.02458
   -0.00979
   -0.04071
   -0.08090
   -0.07814
    0.19334
   -0.05945
   -0.05053
   -0.01668
    0.10544
   -0.08506
   -0.02173
    0.02251
   -0.04171
    0.03136
    0.06378
   -0.03685
   -0.01990
   -0.00721
   -0.10423
    0.00641
    0.05462
    0.04084
    0.08680
   -0.05169
    0.02955
   -0.04145
    0.02868
    0.00054
   -0.04255
    0.01601
    0.23783
   -0.20917
   -0.08596
   -0.13016
   -0.01905
    0.01749
    0.00107
   -0.00639
    0.08123
   -0.06722
    0.05887
   -0.04643
   -0.11536
    0.11440
   -0.04992
    0.00992
   -0.05132
    0.08464
   -0.05055
    0.01669
   -0.01853
   -0.02177
    0.02668
    0.01483
    0.14485
   -0.04150
    0.02329
   -0.04877
   -0.04171
   -0.01045
    0.03971
    0.01192
    0.11400
   -0.18584
    0.09254
   -0.07808
   -0.06569
   -0.03312
    0.11764
   -0.01907
   -0.05073
   -0.07829
    0.14137
   -0.06430
   -0.03179
    0.04354
   -0.09239
    0.04133
    0.06627
    0.01651
   -0.04376
   -0.04692
    0.02263
   -0.04058
   -0.00962
    0.04458
    0.06468
   -0.04633
    0.04376
   -0.02923
    0.00785
    0.03098
   -0.02322
   -0.01345
    0.10497
    0.04943
   -0.10428
   -0.07380
   -0.01148
   -0.04618
    0.03776
    0.00397
    0.07736
   -0.02014
   -0.02253
   -0.01696
   -0.10741
    0.19146
   -0.07553
   -0.07249
   -0.06722
    0.12493
   -0.04420
    0.00627
   -0.01817
   -0.04708
    0.03067
    0.02017
    0.03198
    0.00925
    0.00865
   -0.04217
   -0.05875
    0.03837
    0.01300
   -0.00148
    0.02401
   -0.01883
   -0.00431
   -0.00488
   -0.06173
   -0.08191
    0.10364
   -0.01784
   -0.02601
   -0.02507
    0.02857
    0.01152
   -0.02544
    0.01020
    0.00500
    0.00485
    0.03780
    0.07841
   -0.09812
   -0.00447
   -0.07759
   -0.06968
    0.00841
    0.11006
    0.10620
   -0.07012
    0.02791
   -0.03991
   -0.02592
    0.12612
   -0.07381
   -0.06660
    0.05634
    0.03310
   -0.12186
    0.01065
   -0.07316
    0.03795
    0.00940
    0.01337
    0.10178
   -0.09543
    0.06059
   -0.07073
   -0.08771
    0.17761
   -0.11109
   -0.01718
   -0.00767
    0.11243
   -0.13658
    0.02219
   -0.03730
    0.05786
    0.00378
   -0.02833
    0.01022
    0.00772
    0.06593
   -0.08787
   -0.04894
    0.06871
   -0.03604
    0.00799
    0.12603
   -0.10968
    0.01488
   -0.06691
   -0.09357
   -0.03769
    0.09693
    0.02000
   -0.12334
   -0.23857
    0.19048
   -0.13927
   -0.07684
    0.06894
   -0.03540
    0.00991
    0.03272
    0.06269
   -0.05787
   -0.04282
   -0.03944
    0.00784
   -0.01648
    0.04393
   -0.05956
    0.02512
    0.06511
   -0.10738
   -0.03999
    0.03160
   -0.02204
    0.03665
    0.11235
    0.03376
   -0.07767
   -0.12237
   -0.05334
    0.05494
   -0.03980
    0.03165
    0.00096
   -0.01697
    0.01230
    0.00059
   -0.20693
    0.27472
   -0.25299
    0.01974
   -0.07337
    0.14717
   -0.10866
    0.01714
   -0.03633
   -0.01522
   -0.02827
    0.08116
    0.06474
   -0.05000
    0.00007
    0.00461
   -0.00541
    0.01464
    0.01473
   -0.03242
    0.07169
   -0.02011
   -0.03588
   -0.03006
   -0.09033
   -0.00439
    0.07303
    0.01162
   -0.03384
   -0.07862
    0.05509
    0.03941
   -0.10147
    0.03837
   -0.15281
    0.11486
    0.03465
    0.04531
   -0.12013
    0.02271
   -0.09469
    0.00315
   -0.06804
    0.12725
    0.05793
   -0.00122
   -0.04710
    0.00990
   -0.09813
    0.03689
   -0.00284
    0.05507
    0.08780
   -0.00003
   -0.08689
   -0.01749
    0.00957
   -0.07561
    0.02620
    0.04677
    0.02155
   -0.06225
    0.05865
    0.00031
   -0.18371
    0.14083
   -0.10065
    0.08635
   -0.17590
    0.17799
   -0.15694
    0.08731
   -0.00852
   -0.01713
   -0.05138
    0.07714
    0.13174
   -0.02918
   -0.01219
   -0.01434
   -0.06891
    0.04892
   -0.03451
    0.04930
    0.13015
   -0.06061
   -0.04178
   -0.03325
   -0.06202
   -0.08543
    0.09975
    0.04389
   -0.00295
   -0.06017
    0.05393
    0.02848
   -0.12229
    0.00662
    0.05113
    0.03407
    0.03768
   -0.01624
   -0.07174
    0.05959
   -0.03676
   -0.04682
   -0.00192
    0.08208
    0.10309
   -0.04922
    0.01139
    0.00694
   -0.01916
    0.09326
   -0.17405
    0.11769
    0.09613
    0.06435
   -0.12649
   -0.04377
   -0.02408
   -0.02895
   -0.00138
    0.04388
   -0.00529
    0.05502
   -0.02242
   -0.02226
   -0.14395
    0.23532
   -0.25546
    0.04493
   -0.01647
    0.13632
   -0.13209
    0.01852
   -0.08042
    0.12186
   -0.08305
    0.01876
    0.05443
   -0.05322
   -0.01379
    0.03887
   -0.09130
    0.12937
   -0.09503
    0.02999
    0.04680
    0.01293
   -0.07466
    0.02303
   -0.02202
   -0.11288
    0.05593
    0.05097
   -0.08377
   -0.04701
    0.03610
    0.05732
   -0.05545
    0.00653
   -0.12996
    0.13523
    0.05036
    0.05181
   -0.12936
    0.02517
   -0.17049
    0.03529
   -0.21434
    0.17314
    0.01946
   -0.01830
   -0.05162
    0.06892
   -0.04322
    0.02486
   -0.09728
    0.08548
    0.05412
    0.06739
   -0.16136
    0.00390
   -0.02005
   -0.10667
    0.08895
    0.03537
    0.00615
   -0.01206
    0.05852
   -0.04674
   -0.11537
    0.21600
   -0.13959
   -0.02077
   -0.11541
    0.21055
   -0.11662
   -0.01574
    0.00484
    0.00387
    0.01349
   -0.02583
    0.07381
    0.02035
   -0.03562
   -0.02104
   -0.09032
    0.10826
   -0.03425
   -0.00594
    0.09903
   -0.06094
    0.00242
   -0.04369
   -0.10025
   -0.01362
    0.07906
    0.02697
   -0.05594
   -0.06002
    0.06186
    0.02488
   -0.12779
    0.09575
   -0.10370
    0.05840
   -0.00015
    0.08407
   -0.10359
    0.00766
   -0.07780
    0.04154
   -0.04798
    0.07213
    0.02813
    0.02723
    0.00504
   -0.04370
