18 4 4 1 46 -3.6699 2.1103 4.0806 3310
  0.08101  -0.02275  -0.08402   0.02493 
  0.06323  -0.01359  -0.03698  -0.01139 
  0.07245  -0.03900  -0.01172  -0.02261 
  0.07101  -0.01208  -0.06550   0.00743 
  0.05879  -0.02172  -0.02649  -0.00849 
  0.10927  -0.05421  -0.03964  -0.02141 
  0.08101  -0.01967  -0.05986  -0.00159 
  0.04724  -0.01713  -0.01777  -0.01023 
  0.08336  -0.04329  -0.01172  -0.03167 
  0.07865  -0.02740  -0.07005   0.01953 
  0.06519  -0.01713  -0.01930  -0.02984 
  0.09400  -0.04491  -0.02649  -0.02621 
  0.07723  -0.02740  -0.05986   0.01132 
  0.06470  -0.02636  -0.03118  -0.00503 
  0.07532  -0.02688  -0.01373  -0.03782 
  0.08383  -0.00363  -0.06436  -0.01903 
  0.07675  -0.03740  -0.01676  -0.02380 
  0.09719  -0.01258  -0.04773  -0.04406 
  0.06519  -0.02740  -0.05431   0.01953 
  0.07389  -0.03580  -0.02909  -0.00791 
  0.09900  -0.04006  -0.03592  -0.02742 
  0.08007  -0.02018  -0.07120   0.01132 
  0.07532  -0.02481  -0.01575  -0.03782 
  0.08755  -0.03053  -0.03486  -0.02440 
  0.07912  -0.02844  -0.04448  -0.00560 
  0.06665  -0.01058  -0.02598  -0.03167 
  0.08101  -0.04654  -0.02083  -0.01431 
  0.09900  -0.03846  -0.06211  -0.00102 
  0.08054  -0.00958  -0.04178  -0.03228 
  0.10170  -0.04437  -0.04178  -0.01963 
  0.08848  -0.03158  -0.07466   0.01681 
  0.07197  -0.03740  -0.03858   0.00631 
  0.08523  -0.02121  -0.04556  -0.02022 
  0.07818  -0.02172  -0.06380   0.00799 
  0.07628  -0.01611  -0.03645  -0.02500 
  0.11453  -0.03846  -0.06267  -0.02082 
  0.09990  -0.05643  -0.05155   0.00575 
  0.06859  -0.00958  -0.03014  -0.03045 
  0.09491  -0.00069  -0.07235  -0.02863 
  0.09217  -0.02585  -0.11023   0.03813 
  0.08289  -0.00560  -0.10091   0.01953 
  0.10170  -0.04167  -0.07698   0.01352 
  0.06519   0.00224  -0.12819   0.05295 
  0.07004   0.00803  -0.08580   0.00519 
  0.10394  -0.00166  -0.09784  -0.01373 
  0.10572  -0.02740  -0.12688   0.03761 
  0.13455  -0.00215  -0.12363  -0.03106 
  0.23219  -0.02326  -0.15451  -0.15352 
  0.26515  -0.07925  -0.20148  -0.10536 
  0.11322  -0.14287   0.11543  -0.17168 
 -2.53530  -3.51996   0.56972  -3.51996 
 -3.51996  -2.15205  -3.51996   0.63539 
  0.54838  -0.76095  -0.45814  -0.73375 
  0.44602  -0.24143  -0.44436  -0.34809 
 -0.37566  -0.33828   0.40543  -0.38643 
  0.01666   0.12128  -0.32019   0.07690 
  0.09719   0.04827  -0.13879  -0.03106 
  0.06713   0.10009  -0.15730  -0.05294 
  0.00895   0.12969  -0.15312  -0.03597 
  0.05380   0.15192  -0.20930  -0.08281 
  0.06274   0.12932  -0.22293  -0.04155 
 -0.02156   0.14743  -0.14419  -0.04218 
  0.03694   0.09424  -0.12558  -0.03535 
 -0.05309   0.14323  -0.12623  -0.02022 
  0.02317   0.08148  -0.10835  -0.01667 
 -0.01037   0.07166  -0.07582   0.00068 
 -0.00632   0.06288  -0.06436  -0.00274 
 -0.03550   0.06582  -0.06891   0.02493 
  0.02317   0.02263  -0.05155   0.00575 
  0.02745   0.03900  -0.07815   0.00743 
  0.00110   0.05478  -0.07698   0.01297 
 -0.00575   0.05348  -0.07350   0.01790 
  0.01721   0.05692  -0.08878   0.00519 
  0.01006   0.06708  -0.07178  -0.01785 
  0.00895   0.04784  -0.05763  -0.00503 
  0.02101   0.05305  -0.12233   0.03552 
 -0.03121   0.05392  -0.04664   0.01462 
  0.00616   0.04123  -0.10772   0.05144 
 -0.01682   0.05478  -0.07178   0.02493 
 -0.01623   0.04740  -0.12363   0.07595 
 -0.04799   0.02678  -0.06948   0.08022 
 -0.05567   0.03900  -0.07990   0.08163 
 -0.01505   0.03632  -0.07756   0.05043 
 -0.02037   0.03090  -0.08166   0.06436 
 -0.01037  -0.00215  -0.06948   0.07974 
 -0.01918   0.03766  -0.08878   0.06190 
 -0.02636   0.04433  -0.05819   0.03342 
 -0.02395   0.03316  -0.03539   0.02224 
 -0.00403   0.01042  -0.04394   0.03865 
 -0.02335   0.03362  -0.01879   0.00350 
 -0.00231   0.02448  -0.04232   0.01953 
  0.00951   0.01704  -0.04882   0.02332 
  0.02209   0.03542  -0.03804  -0.02380 
  0.02478   0.01891  -0.05652   0.01352 
 -0.02096   0.02031  -0.03434   0.03342 
 -0.00346   0.01704  -0.03171   0.01845 
 -0.02878   0.01232  -0.01777   0.03237 
  0.01502   0.00659  -0.03066   0.01132 
 -0.00806  -0.00858  -0.03014   0.04891 
