IntronPotTab 1 1024 -115.01167 3.23090 47.66598 83352 6 16  226.65
    0.02423
    0.04104
   -0.13433
    0.05578
    0.02780
    0.03308
   -0.12026
    0.02850
   -0.01843
    0.02322
   -0.05577
    0.06297
    0.00900
   -0.07301
    0.02078
    0.03881
   -0.00086
    0.11041
   -0.36995
    0.06425
   -0.02310
    0.11142
   -0.15671
    0.03187
   -0.12213
    0.07159
   -0.21339
    0.14054
   -0.01601
    0.06401
   -0.04277
   -0.02498
   -0.10481
    0.00735
    0.08701
    0.03141
   -0.03341
    0.02392
   -0.03117
    0.10785
   -0.05203
   -0.05986
    0.13747
   -0.04604
   -0.13474
   -0.17530
    0.06474
    0.09984
   -0.15734
    0.03963
   -0.13634
    0.13243
    0.01381
    0.06116
   -0.09590
    0.00958
   -0.15296
    0.05967
   -0.17463
    0.14101
   -0.01146
    0.00371
   -0.00115
    0.00316
   -0.04349
    0.08194
   -0.27743
    0.10615
    0.02062
   -0.12845
   -0.12828
    0.13442
    0.01424
   -0.02968
   -0.17315
    0.23559
    0.05919
   -0.11901
    0.01797
    0.02973
   -0.09828
    0.10990
   -0.50609
    0.07881
   -0.00736
    0.09500
   -0.25333
    0.07767
   -0.04203
    0.02547
   -0.28567
    0.09193
    0.13862
    0.03835
   -0.09442
    0.03438
    0.04394
    0.01156
   -0.17342
    0.12741
    0.07503
   -0.15345
   -0.09537
    0.04374
   -0.03937
   -0.03633
   -0.06192
    0.14068
    0.01319
   -0.16387
    0.04740
    0.04211
    0.14157
   -0.06221
   -0.08541
    0.09751
    0.14008
   -0.18784
   -0.25195
   -0.00798
    0.02764
   -0.01849
   -0.25746
    0.16604
    0.18312
   -0.07219
    0.01738
   -0.02754
    0.02759
   -0.00435
   -0.07737
    0.19995
    0.04456
   -0.05746
   -0.16016
    0.17242
    0.12296
   -0.22930
   -0.17116
    0.13650
    0.06104
   -0.11653
    0.01124
    0.02956
   -0.03891
    0.08652
   -0.17840
    0.21467
   -0.02244
    0.03499
   -0.15904
    0.18353
   -0.04238
   -0.03862
   -0.18034
    0.20840
    0.13917
   -0.01252
   -0.06499
    0.09417
    0.00551
   -0.13222
    0.02474
    0.09234
    0.02327
   -0.13877
   -0.06840
    0.20750
    0.00987
   -0.22419
    0.12993
    0.05033
   -0.13470
   -0.18757
    0.02924
    0.13948
   -0.04100
   -0.08109
   -0.08487
    0.23660
    0.02843
   -0.06958
   -0.12661
    0.19014
   -0.07440
   -0.07477
   -0.21067
    0.21627
    0.07125
   -0.12275
    0.02464
    0.02713
   -0.20045
    0.11937
   -0.09934
    0.11751
    0.01811
   -0.04595
   -0.08209
    0.08244
   -0.07241
    0.01180
   -0.07242
    0.11556
    0.07044
   -0.09692
    0.01577
    0.01350
   -0.19508
    0.09583
   -0.37053
    0.10906
   -0.03047
    0.11959
   -0.17755
    0.02175
   -0.13355
    0.03428
   -0.19858
    0.09751
    0.02387
    0.03329
    0.00452
   -0.05916
   -0.03626
   -0.03177
   -0.13801
    0.11835
    0.00740
   -0.08342
   -0.00598
    0.06102
   -0.08169
   -0.06049
    0.01852
    0.09871
    0.00410
   -0.19575
    0.06554
   -0.06458
   -0.07541
    0.02232
   -0.14056
    0.06764
    0.04701
   -0.00057
   -0.12099
    0.03100
   -0.16453
    0.03168
   -0.17093
    0.13494
    0.01864
   -0.04585
    0.01455
    0.02068
   -0.07511
    0.09345
   -0.31143
    0.16370
   -0.00252
    0.07657
   -0.20784
    0.14600
   -0.12198
    0.04811
   -0.19540
    0.19702
   -0.00535
    0.01908
   -0.07472
    0.13895
   -0.22174
    0.05636
   -0.52521
    0.02450
    0.00112
    0.12084
   -0.21563
    0.01434
   -0.17606
    0.08627
   -0.38697
    0.07393
   -0.11200
    0.13253
   -0.18707
   -0.05250
   -0.09389
    0.03585
   -0.02231
    0.03298
   -0.05945
    0.08138
   -0.10537
    0.16309
   -0.07877
    0.02235
    0.05995
   -0.01773
   -0.10885
   -0.04325
    0.01930
    0.06083
   -0.15214
    0.03575
   -0.30912
    0.06609
    0.01590
    0.04252
   -0.18405
    0.08642
   -0.18641
    0.04494
   -0.28987
    0.13979
   -0.02575
    0.06127
   -0.10684
    0.09137
   -0.08286
    0.10080
   -0.32425
    0.16569
   -0.04074
    0.07256
   -0.19415
    0.10182
   -0.10328
    0.01219
   -0.25362
    0.23813
    0.01954
   -0.02559
   -0.02722
    0.09868
   -0.05684
    0.09103
   -0.49090
    0.10523
   -0.14859
    0.13588
   -0.32179
    0.02925
   -0.11603
    0.02622
   -0.26254
    0.10720
    0.02717
    0.05676
   -0.15553
    0.03852
    0.04405
    0.03856
   -0.24610
    0.15772
   -0.03328
    0.02160
   -0.12923
    0.09745
   -0.09935
   -0.03714
   -0.06258
    0.15868
   -0.02437
   -0.07665
    0.01408
    0.08661
   -0.00014
   -0.02492
   -0.17479
    0.10565
    0.04752
    0.01723
   -0.24638
    0.09532
   -0.12274
   -0.00779
   -0.34716
    0.18950
    0.13742
   -0.00798
   -0.07311
    0.09033
   -0.07639
    0.11949
   -0.23891
    0.17992
   -0.00665
    0.10219
   -0.18807
    0.19344
   -0.00675
   -0.02215
   -0.21150
    0.23193
    0.02139
    0.04958
   -0.08676
    0.16824
   -0.19020
    0.13297
   -0.50745
    0.11009
   -0.03772
    0.11050
   -0.26775
    0.15537
   -0.25127
    0.07963
   -0.42359
    0.13052
    0.04505
    0.08018
   -0.15479
    0.11943
   -0.03257
   -0.00617
   -0.09742
    0.15769
   -0.04685
    0.01793
   -0.16778
    0.24148
   -0.06811
   -0.12920
    0.04039
    0.14498
   -0.14055
   -0.04949
   -0.03195
    0.16584
   -0.14564
   -0.02423
   -0.32020
    0.21031
   -0.05701
    0.01825
   -0.18036
    0.22078
   -0.27474
   -0.02230
   -0.34436
    0.16976
    0.04337
   -0.00201
   -0.08617
    0.12415
   -0.20067
    0.12256
   -0.24648
    0.05488
   -0.04964
    0.07179
   -0.13578
    0.09362
   -0.09817
    0.01720
   -0.15577
    0.12397
   -0.00045
   -0.00394
   -0.01571
    0.03058
   -0.37427
    0.17729
   -0.55217
   -0.02674
   -0.11487
    0.18158
   -0.23144
    0.00117
   -0.18497
    0.08440
   -0.30104
    0.07168
   -0.07626
    0.10458
   -0.12540
   -0.11353
   -0.11808
    0.10225
   -0.16604
    0.06691
   -0.07484
    0.06385
   -0.04722
    0.03931
   -0.20249
    0.00545
   -0.04139
    0.11748
   -0.10972
    0.02315
    0.06962
   -0.13274
   -0.13431
    0.04279
   -0.20712
    0.06479
   -0.05601
    0.07501
   -0.10956
    0.02442
   -0.23293
    0.04223
   -0.24131
    0.14373
    0.01736
    0.05204
   -0.07921
    0.08444
   -0.08136
    0.00977
   -0.01191
    0.09981
   -0.03595
    0.03596
   -0.03409
    0.11770
   -0.09135
   -0.00918
    0.00374
    0.17518
   -0.05031
   -0.13615
    0.04415
    0.04145
   -0.13217
    0.09672
   -0.15651
    0.13696
   -0.01031
    0.07507
   -0.09682
    0.02927
   -0.12803
    0.05226
   -0.15273
    0.18769
   -0.11103
    0.04315
    0.02463
   -0.04724
   -0.22332
   -0.14077
    0.14859
   -0.09299
   -0.05536
   -0.01563
    0.03485
    0.05042
   -0.10233
   -0.09809
    0.16806
   -0.01495
   -0.17368
   -0.19016
    0.08183
   -0.08946
   -0.10717
   -0.01390
   -0.05809
    0.12019
   -0.02515
   -0.03521
    0.01219
    0.05897
   -0.06223
   -0.00999
   -0.09373
    0.17466
   -0.04481
   -0.06015
    0.01337
    0.03868
   -0.05159
    0.03557
   -0.11619
    0.17703
    0.04483
   -0.14022
   -0.04464
    0.11039
   -0.05463
   -0.06227
   -0.10176
    0.25205
    0.01349
   -0.21398
    0.07776
    0.03019
   -0.11183
    0.09896
   -0.30525
    0.14030
   -0.03312
    0.14235
   -0.20230
    0.06421
   -0.08724
   -0.02179
   -0.20539
    0.14332
    0.08232
   -0.05048
    0.01601
    0.01294
    0.02000
   -0.08222
   -0.02630
    0.11748
   -0.05181
   -0.20817
    0.13040
    0.00713
   -0.07260
   -0.13236
    0.01938
    0.15452
   -0.07001
   -0.32095
    0.09649
   -0.10013
    0.03381
   -0.07854
   -0.04214
    0.12358
    0.11070
   -0.12769
   -0.13096
    0.07707
   -0.05995
   -0.04399
   -0.17195
    0.16615
    0.12243
   -0.13400
    0.01863
    0.08524
   -0.03576
   -0.04794
   -0.02477
    0.17944
    0.02394
   -0.07399
   -0.08899
    0.18844
   -0.03188
   -0.15019
    0.01823
    0.18150
    0.01148
   -0.18818
    0.00933
    0.12638
   -0.10196
    0.06740
   -0.16135
    0.20773
   -0.04627
    0.06539
   -0.11401
    0.12143
   -0.11730
   -0.06220
   -0.08617
    0.20768
    0.01565
   -0.03207
   -0.03331
    0.09366
   -0.06196
   -0.12671
    0.03562
    0.10116
   -0.05442
   -0.09798
   -0.01780
    0.17179
   -0.12898
   -0.23442
    0.13112
    0.01296
   -0.13957
   -0.25729
    0.06497
    0.01672
   -0.11392
   -0.08851
   -0.05308
    0.21073
   -0.03975
   -0.09319
   -0.04012
    0.17515
   -0.20431
   -0.11663
   -0.01068
    0.19620
    0.00340
   -0.11205
   -0.02158
    0.12700
   -0.08506
    0.06386
   -0.10721
    0.13292
    0.01148
   -0.06515
   -0.01480
    0.05455
   -0.13030
   -0.00741
   -0.01738
    0.08921
    0.00116
   -0.15090
    0.04537
   -0.05495
   -0.15147
    0.09699
   -0.19006
    0.10334
   -0.08098
    0.10994
   -0.01615
    0.01668
   -0.13745
   -0.03575
   -0.12556
    0.11595
   -0.00697
   -0.10099
    0.09473
   -0.18308
    0.00743
   -0.04234
   -0.05070
    0.09086
   -0.06850
   -0.13921
    0.10155
   -0.02593
   -0.15320
   -0.12468
    0.06987
    0.09058
   -0.06038
   -0.10241
    0.02543
   -0.11168
   -0.05706
   -0.02976
   -0.10881
    0.11793
   -0.02747
   -0.04990
    0.01785
    0.05242
   -0.19060
   -0.05141
   -0.16016
    0.12287
   -0.02367
   -0.10555
    0.02382
    0.02691
   -0.11517
    0.02248
   -0.18122
    0.19786
   -0.05484
    0.07464
   -0.10862
    0.15139
   -0.12792
   -0.10103
   -0.21205
    0.24318
   -0.05548
   -0.05483
   -0.02069
    0.12152
   -0.20418
    0.07222
   -0.42052
    0.12346
   -0.04098
    0.10527
   -0.20353
    0.07619
   -0.26847
    0.03459
   -0.33788
    0.17890
   -0.11499
    0.04958
   -0.06633
    0.03768
   -0.09934
    0.00803
   -0.02989
    0.09908
   -0.06555
   -0.03193
   -0.09555
    0.19494
   -0.09598
   -0.08309
   -0.01699
    0.14482
   -0.16364
   -0.16425
    0.07133
    0.07971
   -0.16983
   -0.03328
   -0.23198
    0.09926
   -0.06584
   -0.03363
   -0.15120
    0.17792
   -0.28074
   -0.05557
   -0.30642
    0.12244
   -0.05361
   -0.01059
   -0.04539
    0.07918
   -0.07181
    0.09979
   -0.27819
    0.17273
    0.01505
   -0.07476
   -0.14170
    0.17171
   -0.04578
   -0.04848
   -0.22219
    0.27135
    0.03779
   -0.07107
    0.03157
    0.11021
   -0.03464
    0.06314
   -0.48136
    0.15439
   -0.08008
    0.06730
   -0.27109
    0.09867
   -0.16041
   -0.04367
   -0.31951
    0.18494
    0.12383
   -0.01028
   -0.08796
    0.06876
    0.02065
   -0.02048
   -0.15201
    0.15637
    0.01668
   -0.10181
   -0.07057
    0.12245
   -0.10820
   -0.11562
   -0.06524
    0.22366
   -0.09388
   -0.20031
    0.10725
    0.09583
    0.02601
   -0.13088
   -0.14472
    0.17918
    0.02032
   -0.18181
   -0.26848
    0.15100
   -0.22674
   -0.18790
   -0.46213
    0.21167
    0.19147
   -0.09751
    0.00145
    0.12294
   -0.02832
    0.03029
   -0.21638
    0.22200
    0.01485
    0.02283
   -0.19528
    0.24150
   -0.04325
   -0.11251
   -0.22913
    0.22029
    0.03936
   -0.04341
   -0.04662
    0.16455
   -0.11581
    0.04603
   -0.40021
    0.22346
   -0.07832
    0.02531
   -0.24900
    0.21309
   -0.24117
   -0.13171
   -0.40886
    0.19715
    0.10278
    0.03121
   -0.13091
    0.14990
   -0.05388
   -0.07064
   -0.10978
    0.20012
   -0.03844
   -0.09708
   -0.11742
    0.23397
   -0.13877
   -0.19925
   -0.03003
    0.20830
   -0.09950
   -0.12963
   -0.02103
    0.14779
   -0.17567
   -0.09656
   -0.28615
    0.15094
   -0.18057
   -0.14720
   -0.26278
    0.24250
   -0.25746
   -0.07749
   -0.28137
    0.05586
   -0.00419
   -0.04818
   -0.08052
    0.15666
   -0.15866
    0.06171
   -0.00178
    0.06138
   -0.01249
    0.00327
   -0.09352
    0.10179
   -0.07648
   -0.01204
   -0.15879
    0.15234
    0.00679
   -0.06653
    0.01654
    0.03817
   -0.15406
    0.11571
   -0.34786
    0.09576
   -0.07182
    0.08224
   -0.17210
    0.04707
   -0.16134
   -0.03389
   -0.19540
    0.13749
    0.00620
    0.02309
   -0.01478
   -0.01134
   -0.00681
    0.01255
   -0.14938
    0.12082
   -0.00968
   -0.07518
   -0.03470
    0.07100
   -0.10492
   -0.11475
   -0.00882
    0.13867
   -0.04161
   -0.14445
    0.05190
    0.00812
    0.00895
   -0.01974
   -0.16039
    0.06397
   -0.00449
   -0.00646
   -0.09910
    0.07084
   -0.23637
   -0.03538
   -0.21273
    0.14739
   -0.01983
   -0.07274
    0.01327
    0.04363
