IntronPotTab 1 1024 1.02614
   -0.09393
    0.06857
   -0.01213
    0.05189
   -0.06082
    0.07933
   -0.01248
    0.02430
   -0.09869
    0.01770
   -0.04311
    0.08883
   -0.06552
    0.01017
    0.06017
    0.04272
   -0.08899
    0.04811
   -0.07542
    0.08238
   -0.07164
    0.08123
   -0.07309
    0.04473
   -0.08565
    0.00309
   -0.05703
    0.09612
    0.00840
    0.00078
   -0.00462
   -0.00509
   -0.07475
    0.00873
   -0.01849
    0.09151
   -0.00105
   -0.04436
   -0.02539
    0.05295
   -0.08761
   -0.03818
    0.03769
    0.07315
    0.00836
   -0.09022
    0.03857
    0.00651
   -0.16526
    0.02020
   -0.00275
    0.07032
   -0.02924
   -0.01774
    0.00257
    0.04528
   -0.10219
    0.01370
   -0.06993
    0.09374
   -0.02763
   -0.00385
    0.03020
   -0.00251
   -0.04461
   -0.01428
   -0.02155
    0.07623
   -0.01416
   -0.01633
    0.01183
    0.04367
   -0.04621
   -0.02295
   -0.05033
    0.09375
   -0.04001
   -0.02003
    0.06648
    0.02996
   -0.04031
    0.01938
   -0.10220
    0.08582
   -0.02669
   -0.00935
   -0.06921
    0.07662
   -0.04605
   -0.00607
   -0.07970
    0.09465
    0.05035
   -0.06078
   -0.01021
    0.00513
   -0.00127
   -0.05745
   -0.01699
    0.05998
    0.01644
   -0.08017
    0.00528
    0.03041
   -0.03199
   -0.04377
   -0.00964
    0.06970
    0.01360
   -0.09517
    0.04011
   -0.00701
   -0.03148
   -0.04171
   -0.02479
    0.05694
    0.04004
   -0.08069
   -0.00387
   -0.00011
   -0.03459
   -0.01876
   -0.09482
    0.08297
    0.00971
   -0.04599
    0.02330
    0.00731
   -0.05350
    0.00529
   -0.07930
    0.11239
   -0.00715
   -0.01242
   -0.02098
    0.03199
   -0.07559
   -0.00480
   -0.04024
    0.09617
   -0.00344
   -0.05262
    0.00533
    0.03426
   -0.06111
    0.01841
   -0.09506
    0.10206
   -0.01885
   -0.01696
   -0.04655
    0.06292
   -0.06689
   -0.02772
   -0.08097
    0.11660
    0.00796
   -0.04005
   -0.00128
    0.02418
   -0.02917
   -0.03273
   -0.04730
    0.08443
    0.01269
   -0.08999
   -0.02655
    0.06235
   -0.11122
   -0.08284
   -0.01639
    0.11800
   -0.00919
   -0.09499
    0.01877
    0.04934
   -0.14867
   -0.01105
   -0.04150
    0.08802
   -0.01277
   -0.03972
   -0.02190
    0.05035
   -0.11344
   -0.01040
   -0.09132
    0.11047
   -0.01308
   -0.05539
    0.00599
    0.03761
   -0.08280
    0.04399
    0.04824
    0.04770
   -0.02987
   -0.00515
    0.02799
    0.04656
   -0.06384
   -0.01028
   -0.00975
    0.06668
   -0.00315
   -0.02115
    0.04402
   -0.02167
   -0.04706
    0.03527
   -0.07948
    0.06769
   -0.01270
    0.00942
   -0.02523
    0.02786
   -0.04613
    0.01009
   -0.06068
    0.07405
    0.02568
   -0.02385
    0.01042
   -0.02263
   -0.02115
   -0.02820
   -0.01388
    0.05014
    0.01305
   -0.07376
   -0.00293
    0.03199
   -0.05331
   -0.03621
    0.00182
    0.06887
    0.01260
   -0.09207
    0.03747
   -0.02154
   -0.09178
    0.01199
   -0.01642
    0.05744
    0.00203
   -0.03596
   -0.01153
    0.02781
   -0.05897
    0.00799
   -0.06002
    0.07045
   -0.01689
   -0.01381
    0.04359
   -0.01178
   -0.08944
    0.01952
   -0.05827
    0.08855
   -0.04979
    0.04425
   -0.03827
    0.05335
   -0.11298
    0.02148
   -0.08902
    0.10937
   -0.04281
    0.00249
   -0.00254
    0.05026
   -0.07067
    0.02154
   -0.14027
    0.08680
   -0.04858
    0.04269
   -0.08626
    0.06138
   -0.09392
    0.01966
   -0.11409
    0.10027
   -0.03620
    0.01994
   -0.03317
    0.03736
   -0.04243
   -0.02566
   -0.04108
    0.08531
   -0.03625
   -0.03822
   -0.03466
    0.09697
   -0.07574
   -0.00241
   -0.01726
    0.06544
   -0.00451
   -0.05994
    0.00887
    0.04427
   -0.10082
   -0.02684
   -0.04441
    0.07040
   -0.05528
    0.00648
   -0.05020
    0.08142
   -0.12290
    0.01926
   -0.10807
    0.09154
   -0.04273
    0.00664
   -0.00806
    0.02539
   -0.04531
   -0.02053
   -0.05439
    0.08948
   -0.00964
   -0.03064
   -0.03207
    0.05706
   -0.04738
   -0.02987
   -0.07149
    0.10615
    0.00768
   -0.05112
    0.01390
    0.02279
   -0.03463
    0.01355
   -0.16433
    0.10903
   -0.03005
    0.01602
   -0.10738
    0.07684
   -0.07433
    0.00317
   -0.12893
    0.11797
    0.07552
   -0.06990
   -0.04947
    0.02354
   -0.01750
   -0.06310
   -0.04299
    0.09068
    0.02674
   -0.10716
   -0.01598
    0.06512
   -0.03084
   -0.03423
   -0.03030
    0.06567
    0.01321
   -0.09678
    0.01963
    0.03571
   -0.03794
   -0.01280
   -0.06624
    0.05870
    0.02771
   -0.09003
   -0.03562
    0.05732
   -0.06248
   -0.00502
   -0.13733
    0.10652
    0.02471
   -0.06530
   -0.00650
    0.04446
   -0.05550
   -0.00162
   -0.09124
    0.10219
   -0.01555
   -0.00008
   -0.07767
    0.06970
   -0.07045
   -0.02426
   -0.09595
    0.11891
   -0.00499
   -0.05188
   -0.03595
    0.07463
   -0.07511
    0.01732
   -0.12902
    0.10763
   -0.03469
    0.00523
   -0.09230
    0.08658
   -0.08174
   -0.00693
   -0.13839
    0.12054
   -0.00279
   -0.01790
   -0.04579
    0.05555
   -0.03408
   -0.04572
   -0.05984
    0.09063
    0.00409
   -0.07001
   -0.06470
    0.08857
   -0.05433
   -0.04675
   -0.04109
    0.08872
   -0.02270
   -0.07779
    0.00737
    0.06589
   -0.15139
   -0.04232
   -0.05300
    0.09872
   -0.04351
   -0.03054
   -0.07786
    0.10190
   -0.11708
   -0.01065
   -0.12754
    0.10359
   -0.04515
   -0.02331
   -0.02593
    0.05768
   -0.02964
    0.03521
   -0.06339
    0.05318
   -0.01541
   -0.00429
   -0.01219
    0.02984
   -0.06674
   -0.03113
   -0.01452
    0.07742
   -0.00009
   -0.00212
   -0.00692
    0.00755
   -0.06727
    0.05321
   -0.14414
    0.09705
   -0.03268
    0.04695
   -0.06006
    0.03728
   -0.05529
    0.01822
   -0.10908
    0.08920
    0.00410
   -0.00396
   -0.00082
    0.00164
   -0.02683
   -0.00545
   -0.05656
    0.06663
    0.00915
   -0.04481
   -0.02069
    0.03419
   -0.07000
   -0.01433
   -0.04070
    0.08410
    0.00119
   -0.04833
    0.01381
    0.01553
   -0.09883
    0.00467
   -0.06474
    0.08709
   -0.00637
   -0.02593
   -0.02394
    0.03407
   -0.08644
    0.00398
   -0.10748
    0.09626
   -0.02854
    0.00465
    0.00937
    0.00913
   -0.07198
    0.01251
   -0.00437
    0.05868
   -0.03072
    0.01669
    0.00653
    0.02553
   -0.11030
    0.00491
   -0.04595
    0.11235
   -0.02417
   -0.04395
    0.04078
    0.01699
   -0.07432
    0.01950
   -0.06577
    0.08773
   -0.02383
   -0.01327
   -0.06210
    0.07853
   -0.10702
   -0.00419
   -0.06008
    0.13969
    0.02596
   -0.08625
    0.01637
    0.02218
   -0.04819
   -0.03424
   -0.02942
    0.09494
   -0.00588
   -0.10106
    0.00305
    0.06789
   -0.10952
   -0.05051
    0.01366
    0.10551
   -0.01979
   -0.14482
    0.06350
    0.02600
   -0.12487
   -0.01412
   -0.01635
    0.06849
   -0.01940
   -0.05566
   -0.00769
    0.06208
   -0.13814
    0.00170
   -0.07128
    0.12535
   -0.01660
   -0.04308
    0.02251
    0.01601
   -0.03942
   -0.04847
   -0.00374
    0.07581
   -0.00540
   -0.06177
    0.01972
    0.03781
   -0.04391
   -0.05794
   -0.03964
    0.10786
    0.00339
   -0.09821
    0.05424
   -0.00072
   -0.04066
   -0.00203
   -0.06402
    0.07863
   -0.00786
   -0.04866
   -0.03470
    0.06296
   -0.05652
   -0.03951
   -0.05852
    0.10726
    0.07147
   -0.10346
    0.01040
    0.00271
   -0.01061
   -0.08401
   -0.00677
    0.06965
    0.02297
   -0.11720
    0.01364
    0.03283
   -0.03429
   -0.08206
   -0.00080
    0.08895
    0.01236
   -0.14338
    0.05379
   -0.00524
   -0.06438
   -0.04258
   -0.00719
    0.06152
    0.02314
   -0.11353
    0.00089
    0.02909
   -0.06185
   -0.04343
   -0.09113
    0.11237
    0.02227
   -0.08106
    0.03136
    0.01216
   -0.04549
   -0.03740
   -0.03285
    0.09099
   -0.01358
   -0.04515
   -0.01344
    0.05221
   -0.05435
   -0.03162
   -0.07638
    0.12147
   -0.00535
   -0.08195
    0.02872
    0.02196
   -0.06639
    0.00329
   -0.07174
    0.09977
   -0.02004
   -0.03851
   -0.04398
    0.07869
   -0.08484
   -0.01779
   -0.11050
    0.14241
   -0.01950
   -0.06310
   -0.00068
    0.05938
   -0.03715
   -0.07409
   -0.00263
    0.07628
    0.00636
   -0.13134
   -0.01107
    0.08264
   -0.10155
   -0.11505
    0.03625
    0.08286
   -0.06588
   -0.15469
    0.04114
    0.06763
   -0.15564
   -0.03732
   -0.00119
    0.08162
   -0.02069
   -0.08399
   -0.00914
    0.06944
   -0.12796
   -0.04149
   -0.08485
    0.12348
   -0.03951
   -0.08291
    0.01040
    0.04765
   -0.04763
    0.00220
    0.02065
    0.04130
   -0.00929
   -0.04512
    0.00742
    0.03553
   -0.06916
   -0.02825
    0.00238
    0.06342
    0.00563
   -0.04339
    0.03116
   -0.02994
   -0.04125
    0.01154
   -0.06816
    0.07248
   -0.02590
   -0.03003
   -0.01828
    0.06029
   -0.07669
   -0.01152
   -0.07099
    0.10680
    0.01486
   -0.07931
    0.03766
    0.00064
   -0.02403
   -0.04579
   -0.01219
    0.05910
    0.00424
   -0.09290
    0.01772
    0.03255
   -0.08464
   -0.06071
    0.02693
    0.07095
    0.00417
   -0.08694
    0.02004
   -0.00467
   -0.09626
   -0.01979
   -0.01018
    0.07356
   -0.00350
   -0.08491
    0.00111
    0.04667
   -0.09635
   -0.01909
   -0.06802
    0.09601
   -0.00072
   -0.05545
    0.03563
   -0.00251
   -0.10177
    0.08296
   -0.03290
    0.03799
   -0.02210
    0.02475
   -0.02483
    0.02379
   -0.09335
    0.01901
   -0.03520
    0.06713
   -0.05263
    0.02945
    0.00896
    0.04231
   -0.06633
    0.04392
   -0.08165
    0.03408
   -0.03928
    0.00506
   -0.07838
    0.07180
   -0.09615
    0.00899
   -0.08447
    0.08495
   -0.03017
   -0.02084
   -0.00182
    0.04163
   -0.04741
   -0.02138
   -0.05346
    0.08214
   -0.00877
   -0.07687
   -0.01433
    0.07039
   -0.09783
   -0.01842
    0.02513
    0.05146
   -0.03043
   -0.02632
    0.00863
    0.04578
   -0.13889
   -0.03096
   -0.03081
    0.03106
   -0.04049
   -0.03301
   -0.03374
    0.06956
   -0.12627
   -0.00069
   -0.08725
    0.06144
   -0.02391
    0.02572
    0.02950
   -0.01708
   -0.05317
   -0.02826
   -0.03540
    0.08778
   -0.00030
   -0.04680
   -0.01492
    0.04110
   -0.06027
   -0.03378
   -0.04891
    0.10300
    0.01308
   -0.08830
    0.02415
    0.03427
   -0.03956
    0.00677
   -0.11954
    0.09135
    0.01340
   -0.04445
   -0.04818
    0.04569
   -0.06047
   -0.01821
   -0.10741
    0.10949
    0.05764
   -0.06844
   -0.00596
    0.01268
   -0.01236
   -0.07897
   -0.02363
    0.07537
    0.03352
   -0.09644
   -0.02910
    0.04816
   -0.03154
   -0.04679
   -0.02869
    0.07400
    0.02970
   -0.12401
    0.02598
    0.03280
   -0.08681
   -0.04036
   -0.05883
    0.08209
    0.03237
   -0.07779
   -0.02897
    0.02983
   -0.08163
   -0.03300
   -0.10951
    0.11232
    0.03352
   -0.07664
    0.00279
    0.03452
   -0.07155
   -0.01063
   -0.07018
    0.10627
   -0.00281
   -0.01820
   -0.06555
    0.05217
   -0.07318
   -0.02177
   -0.07148
    0.10177
   -0.00134
   -0.04207
   -0.02999
    0.05557
   -0.06903
    0.00498
   -0.12600
    0.09853
   -0.02694
   -0.01585
   -0.08663
    0.08659
   -0.07870
   -0.02026
   -0.12687
    0.11191
    0.00453
   -0.02066
   -0.05421
    0.05846
   -0.06126
   -0.04524
   -0.05006
    0.10479
   -0.00165
   -0.07982
   -0.04986
    0.08483
   -0.07789
   -0.05668
   -0.04479
    0.10310
   -0.02451
   -0.07537
    0.00764
    0.05979
   -0.15395
   -0.03407
   -0.06246
    0.06886
   -0.03814
   -0.06110
   -0.05872
    0.09338
   -0.11981
   -0.02749
   -0.09983
    0.06346
   -0.00527
   -0.04531
   -0.01829
    0.03997
   -0.07101
    0.02851
   -0.00681
    0.06277
   -0.00969
   -0.02811
   -0.00007
    0.03087
   -0.07961
   -0.01553
   -0.00168
    0.07113
    0.00895
   -0.02105
    0.03309
   -0.02356
   -0.05219
    0.01696
   -0.08552
    0.08131
   -0.03189
    0.00425
   -0.02887
    0.04955
   -0.05071
   -0.00711
   -0.08840
    0.09480
    0.03539
   -0.01718
    0.01443
   -0.03065
   -0.03347
   -0.01618
   -0.03254
    0.06037
    0.01817
   -0.07253
   -0.01670
    0.03727
   -0.06627
   -0.04271
   -0.00384
    0.07448
    0.00749
   -0.05783
    0.03588
   -0.01032
   -0.08455
   -0.03252
   -0.02138
    0.06755
   -0.01479
   -0.05289
   -0.01044
    0.04630
   -0.09346
   -0.00081
   -0.07157
    0.08430
   -0.01852
    0.00459
    0.03917
   -0.01511
