IntronPotTab 1 1024 0.12486
    0.01039
   -0.02332
   -0.02905
    0.00933
    0.00286
   -0.02631
   -0.01263
    0.02139
   -0.00765
   -0.01754
   -0.03107
    0.03629
   -0.00508
   -0.02403
   -0.01788
    0.02272
   -0.00282
   -0.00485
   -0.03157
    0.02818
   -0.00394
   -0.00670
   -0.01937
    0.02624
    0.00173
    0.00083
   -0.03507
    0.01700
    0.00825
   -0.02173
   -0.02600
    0.02168
    0.00283
   -0.01574
   -0.02081
    0.02213
    0.00602
   -0.02511
   -0.01840
    0.02346
   -0.00726
   -0.02146
    0.00201
    0.02273
    0.00692
   -0.03182
   -0.01698
    0.02018
   -0.00013
   -0.00980
   -0.01068
    0.00865
    0.00158
   -0.02227
   -0.00805
    0.02109
   -0.00075
   -0.02203
   -0.03418
    0.03248
   -0.00325
   -0.02391
   -0.01433
    0.01840
    0.00906
   -0.02224
   -0.02851
    0.01693
   -0.00009
   -0.03237
    0.00297
    0.02065
   -0.00679
   -0.02327
   -0.03943
    0.04953
    0.00908
   -0.04233
   -0.00925
    0.01839
    0.00626
   -0.00741
   -0.04161
    0.03011
    0.01189
   -0.01500
   -0.02495
    0.02104
    0.00316
   -0.02049
   -0.02920
    0.03401
    0.02252
   -0.02603
   -0.04156
    0.03061
    0.00653
   -0.02955
   -0.01723
    0.02662
   -0.00609
   -0.05522
    0.02381
    0.00865
   -0.00178
   -0.03067
   -0.00418
    0.03105
    0.00747
   -0.03885
    0.00712
    0.01195
    0.02055
   -0.02531
   -0.01950
    0.00682
    0.00588
   -0.03224
   -0.00705
    0.02408
    0.00220
   -0.02630
   -0.04462
    0.04268
    0.01727
   -0.04229
   -0.00275
    0.01296
    0.01405
   -0.01636
   -0.05070
    0.02288
    0.00832
   -0.02056
   -0.02394
    0.02814
   -0.01536
   -0.00578
   -0.01336
    0.05475
    0.00767
   -0.02498
   -0.03094
    0.02510
    0.01320
    0.00241
   -0.04544
    0.03080
    0.00817
   -0.00889
   -0.02678
    0.02759
   -0.00102
   -0.01788
   -0.03882
    0.04767
    0.00846
   -0.01625
   -0.03474
    0.03419
    0.02023
   -0.02490
   -0.03470
    0.01693
    0.01399
   -0.02453
   -0.03306
    0.03524
    0.00725
   -0.03784
   -0.00796
    0.02582
   -0.01183
   -0.01889
   -0.02621
    0.04713
    0.00576
   -0.01377
   -0.01569
    0.01179
    0.01732
   -0.02856
   -0.01937
    0.02161
   -0.00624
   -0.01211
   -0.02437
    0.03183
    0.01210
   -0.03710
   -0.01423
    0.01694
   -0.00421
   -0.00918
   -0.01530
    0.01474
    0.01143
   -0.03256
   -0.01882
    0.02152
   -0.00366
   -0.01786
   -0.02415
    0.03060
   -0.00608
   -0.02362
   -0.00722
    0.01951
    0.00223
   -0.00896
   -0.02805
    0.01960
    0.00280
    0.00419
   -0.02448
    0.01246
    0.00748
   -0.02326
   -0.02576
    0.02240
    0.01320
   -0.01658
   -0.02524
    0.01764
    0.00118
   -0.00853
   -0.02618
    0.01709
    0.01553
   -0.02837
   -0.01865
    0.01233
   -0.00323
   -0.02172
   -0.00681
    0.02638
    0.00407
   -0.03266
   -0.00228
    0.01371
    0.00927
   -0.01573
   -0.01719
    0.00529
    0.00384
   -0.01304
   -0.01616
    0.01824
    0.00119
   -0.01542
   -0.02864
    0.02246
    0.00588
   -0.02738
   -0.00788
    0.01285
   -0.00072
   -0.01245
   -0.03130
    0.02664
   -0.01048
   -0.00956
   -0.00767
    0.02693
   -0.01809
    0.00028
   -0.03418
    0.03976
    0.00058
   -0.02489
   -0.01729
    0.01978
   -0.00245
   -0.01119
   -0.04202
    0.04304
   -0.00814
    0.00111
   -0.01664
    0.02366
   -0.00239
    0.00064
   -0.03811
    0.02479
    0.01052
   -0.02184
   -0.02165
    0.02275
    0.01211
   -0.01571
   -0.02120
    0.01411
   -0.00616
   -0.00510
   -0.01959
    0.02853
   -0.00253
   -0.01229
    0.00168
    0.01143
    0.00651
   -0.03417
   -0.00882
    0.02245
    0.00324
   -0.00567
   -0.02488
    0.01120
    0.00614
   -0.01971
   -0.00744
    0.01716
    0.00088
   -0.01537
   -0.04397
    0.03582
    0.00290
   -0.02623
   -0.01394
    0.01685
    0.02024
   -0.02477
   -0.02937
    0.01250
    0.01267
   -0.04567
    0.01356
    0.02114
   -0.00031
   -0.01480
   -0.04027
    0.04935
    0.01043
   -0.03210
   -0.01247
    0.02114
    0.04403
   -0.00974
   -0.06441
    0.00525
    0.01430
   -0.00321
   -0.02832
    0.01949
   -0.00020
   -0.01607
   -0.02526
    0.03946
    0.01859
   -0.01654
   -0.02926
    0.02569
    0.00071
   -0.02873
   -0.01082
    0.03037
   -0.01030
   -0.03110
    0.01542
    0.01916
   -0.01271
   -0.01779
    0.00046
    0.03201
    0.00281
   -0.03851
    0.01445
    0.01494
    0.01147
   -0.01776
   -0.01644
    0.01166
    0.00488
   -0.01908
   -0.00988
    0.02431
   -0.00627
   -0.01612
   -0.04132
    0.05135
    0.01697
   -0.03807
   -0.01402
    0.02473
    0.01077
   -0.01310
   -0.03274
    0.01839
   -0.00005
   -0.00723
   -0.00778
    0.01771
    0.00047
   -0.00547
   -0.02869
    0.03070
    0.00425
   -0.01279
   -0.01377
    0.01560
    0.01515
   -0.00479
   -0.04902
    0.03161
    0.00280
    0.00588
   -0.02021
    0.02244
   -0.00189
   -0.02480
   -0.03867
    0.05675
    0.00346
   -0.01084
   -0.02647
    0.03260
    0.01882
   -0.02291
   -0.02688
    0.01830
   -0.00313
    0.00216
   -0.02172
    0.03041
    0.00472
   -0.01609
   -0.00652
    0.01994
   -0.00617
   -0.01745
   -0.00826
    0.02730
    0.00396
   -0.01675
   -0.00890
    0.01260
    0.00351
   -0.01788
   -0.00441
    0.01844
   -0.01339
   -0.01352
   -0.00806
    0.02598
   -0.00599
   -0.02030
    0.00161
    0.01599
   -0.00026
    0.00126
   -0.02603
    0.01053
    0.00685
   -0.02494
   -0.02654
    0.03106
    0.00011
   -0.02213
   -0.02670
    0.03451
   -0.00338
   -0.02191
   -0.01365
    0.02216
    0.01013
   -0.02043
   -0.03976
    0.02838
   -0.00065
    0.01295
   -0.02616
    0.01116
    0.00484
   -0.02079
   -0.02594
    0.03006
    0.02422
   -0.02928
   -0.00079
    0.02860
    0.00573
   -0.00179
   -0.03871
    0.01527
    0.00509
   -0.00470
   -0.02395
    0.01521
   -0.01169
   -0.00532
   -0.00988
    0.02552
    0.00523
   -0.02081
   -0.00873
    0.01440
    0.01272
   -0.01970
   -0.01858
    0.00772
    0.01171
   -0.01253
   -0.01831
    0.01423
    0.00648
   -0.01404
   -0.03280
    0.02509
    0.00571
   -0.02227
   -0.01375
    0.01679
   -0.00190
   -0.00836
   -0.02030
    0.01941
    0.00099
   -0.02003
   -0.00332
    0.01608
   -0.02285
   -0.00283
   -0.02078
    0.05184
   -0.00467
   -0.02644
   -0.01615
    0.02504
    0.00396
    0.00093
   -0.03287
    0.02147
   -0.00312
   -0.00481
   -0.00899
    0.01682
   -0.00655
    0.00841
   -0.03273
    0.02369
    0.01298
   -0.01559
   -0.02536
    0.02189
    0.02297
    0.00641
   -0.04636
    0.03707
    0.00277
   -0.00387
   -0.02076
    0.02174
   -0.00751
   -0.01307
   -0.00124
    0.02563
    0.00524
   -0.02073
   -0.00995
    0.01717
    0.00834
   -0.00958
   -0.01636
    0.00429
    0.00008
   -0.02534
    0.00739
    0.00951
    0.00091
   -0.01613
   -0.02794
    0.03221
    0.00553
   -0.02869
   -0.01330
    0.01715
    0.00815
   -0.01929
   -0.02477
    0.02028
    0.00473
   -0.03022
    0.00241
    0.01647
    0.00431
   -0.02578
   -0.03398
    0.05432
    0.00560
   -0.03519
    0.00999
    0.01439
    0.00436
   -0.00000
   -0.03460
    0.02422
   -0.00606
    0.00739
   -0.01165
    0.01075
   -0.00408
   -0.01382
   -0.01905
    0.04036
    0.01253
   -0.01044
   -0.02441
    0.02255
    0.01019
   -0.02171
   -0.02314
    0.02871
   -0.00311
   -0.01551
    0.00466
    0.00882
    0.00033
   -0.02575
    0.00000
    0.03386
   -0.00397
   -0.03480
    0.01625
    0.01529
    0.01160
   -0.02563
   -0.00795
    0.01339
   -0.00704
   -0.01981
    0.00250
    0.01604
    0.00287
   -0.02292
   -0.02435
    0.04424
    0.02473
   -0.04069
   -0.00520
    0.01758
    0.01235
   -0.02171
   -0.04141
    0.02579
    0.00615
   -0.01995
   -0.00741
    0.01811
    0.00318
   -0.01737
   -0.01364
    0.03074
    0.00221
   -0.02556
   -0.02368
    0.03063
    0.01235
    0.00107
   -0.03593
    0.02041
    0.00484
   -0.00154
   -0.01293
    0.01445
   -0.00551
   -0.00069
   -0.02597
    0.03642
    0.00492
   -0.00839
   -0.02231
    0.02651
    0.02049
   -0.02294
   -0.03640
    0.02299
    0.00095
   -0.00871
   -0.01730
    0.02849
    0.01709
   -0.01782
   -0.00914
    0.00781
   -0.00168
   -0.02241
   -0.01264
    0.03102
    0.00271
   -0.00867
   -0.02023
    0.01562
    0.01252
   -0.03029
   -0.00300
    0.01600
   -0.00748
   -0.00325
   -0.02622
    0.03623
    0.01707
   -0.02934
   -0.01231
    0.01319
    0.00262
   -0.00299
   -0.04114
    0.01727
    0.01530
   -0.02662
   -0.02829
    0.02433
    0.00378
   -0.02589
   -0.02173
    0.03136
   -0.00217
   -0.01960
   -0.01199
    0.02039
   -0.00128
   -0.00029
   -0.02526
    0.01951
    0.00085
    0.00925
   -0.01986
    0.00865
    0.00909
   -0.01305
   -0.03193
    0.02046
    0.01263
   -0.01074
   -0.01881
    0.01459
    0.00570
    0.00710
   -0.04558
    0.01718
    0.01804
   -0.01681
   -0.02558
    0.01554
    0.00367
   -0.01651
   -0.01011
    0.01780
    0.00299
   -0.02296
   -0.00591
    0.01865
    0.01547
   -0.01438
   -0.01331
    0.00004
    0.00678
   -0.01881
   -0.01050
    0.01802
   -0.00002
   -0.01568
   -0.02119
    0.02647
    0.00375
   -0.02087
   -0.00936
    0.01621
    0.00467
   -0.01719
   -0.02501
    0.01276
    0.00760
   -0.00460
   -0.03292
    0.02483
   -0.00099
   -0.01092
   -0.02577
    0.02325
   -0.00496
   -0.01634
   -0.01218
    0.01548
   -0.00195
   -0.00727
   -0.04395
    0.03026
    0.01105
   -0.01005
   -0.02553
    0.01519
   -0.00286
   -0.00621
   -0.03230
    0.02112
    0.00890
   -0.02939
   -0.02374
    0.02221
    0.00871
   -0.01296
   -0.02327
    0.01121
    0.00929
   -0.02146
   -0.02666
    0.02507
    0.00376
   -0.02882
    0.00353
    0.01061
    0.00017
   -0.02909
   -0.01306
    0.02135
    0.00494
   -0.00759
   -0.01533
    0.00532
    0.00664
   -0.03643
   -0.01197
    0.02620
   -0.00081
   -0.02122
   -0.03039
    0.02655
   -0.00021
   -0.02644
   -0.01394
    0.01597
    0.00954
   -0.02735
   -0.02156
    0.01726
    0.00897
   -0.03276
   -0.00610
    0.02237
    0.00666
   -0.03383
   -0.04631
    0.05093
    0.01266
   -0.04468
   -0.00146
    0.01968
    0.02079
   -0.00409
   -0.06362
    0.02354
    0.01259
    0.00679
   -0.04117
    0.01411
    0.00391
   -0.01579
   -0.04373
    0.03855
    0.02240
   -0.02055
   -0.03756
    0.02832
    0.00837
   -0.02458
   -0.02135
    0.02264
    0.00127
   -0.03845
    0.01237
    0.01075
   -0.00351
   -0.02997
   -0.00937
    0.03621
    0.00735
   -0.04095
    0.00473
    0.02036
    0.02074
   -0.02727
   -0.02173
    0.00942
    0.02432
   -0.02593
   -0.00726
    0.00504
    0.00438
   -0.02543
   -0.04262
    0.03975
    0.02947
   -0.04752
   -0.00909
    0.02036
    0.01159
   -0.01603
   -0.04238
    0.01430
    0.01201
   -0.01531
   -0.03132
    0.02640
    0.01288
   -0.02908
   -0.03302
    0.02941
    0.00926
   -0.02549
   -0.02250
    0.01866
    0.00859
    0.00151
   -0.06384
    0.03721
    0.00756
   -0.00838
   -0.03482
    0.03244
   -0.00443
   -0.01653
   -0.03817
    0.04421
    0.02159
   -0.01311
   -0.04830
    0.03716
    0.02295
   -0.03167
   -0.03056
    0.00894
    0.00912
   -0.01319
   -0.02750
    0.02640
    0.00972
   -0.04322
    0.00508
    0.01608
    0.01209
   -0.02695
   -0.02725
    0.02719
   -0.00221
   -0.00994
   -0.01185
    0.01331
    0.01959
   -0.02619
   -0.02946
    0.02450
   -0.00939
   -0.01979
   -0.01739
    0.02506
    0.00944
   -0.03096
   -0.02158
    0.02031
    0.00134
   -0.00359
   -0.01726
    0.00676
    0.00399
   -0.02530
   -0.02347
    0.03042
    0.00130
   -0.03058
   -0.01750
    0.03054
   -0.00968
   -0.01726
   -0.00759
    0.01702
    0.00438
   -0.01361
   -0.03679
    0.02272
    0.00358
    0.00690
   -0.02980
    0.01106
    0.00882
   -0.02332
   -0.03851
    0.02680
    0.01188
   -0.01657
   -0.01648
    0.01204
    0.00725
   -0.01675
   -0.01822
    0.00980
    0.01314
   -0.02199
   -0.02650
    0.01886
    0.00131
   -0.03147
    0.01278
    0.01472
    0.00136
   -0.02554
   -0.00089
    0.01214
    0.01157
   -0.02227
   -0.01769
    0.00712
    0.00450
   -0.01366
   -0.02490
    0.02006
   -0.00121
   -0.01843
   -0.02057
    0.02352
    0.00195
   -0.03450
   -0.01737
    0.02100
