IntronPotTab 1 1024 0.40142
    0.01011
   -0.00272
   -0.05883
    0.02284
    0.01778
   -0.05378
   -0.02087
    0.00448
   -0.00894
   -0.02533
   -0.04626
    0.04338
    0.02865
   -0.05629
   -0.05229
    0.01960
   -0.02760
    0.04211
   -0.07163
    0.04637
   -0.00080
   -0.00975
   -0.05815
    0.02461
   -0.01943
    0.00665
   -0.05552
    0.04767
    0.03250
   -0.01113
   -0.09242
    0.01467
   -0.05576
    0.03055
    0.00888
    0.04707
    0.02951
   -0.05855
    0.00652
   -0.00986
   -0.04106
    0.00991
    0.03408
    0.02906
    0.01446
   -0.00985
   -0.02626
    0.00408
   -0.02044
    0.00337
   -0.00964
    0.02448
    0.01498
   -0.04802
   -0.06093
    0.02402
    0.00514
   -0.00791
   -0.08804
    0.04408
    0.04743
   -0.04233
   -0.06820
    0.00943
    0.00844
   -0.00151
   -0.08196
    0.02169
   -0.00681
   -0.00959
   -0.05431
    0.03371
   -0.02942
    0.02958
   -0.06366
    0.04239
    0.02364
   -0.01657
   -0.07024
    0.01462
   -0.00792
    0.00133
   -0.05926
    0.03237
   -0.02348
   -0.01320
   -0.07445
    0.06633
   -0.00027
    0.00982
   -0.05344
    0.02363
    0.01702
   -0.03962
   -0.11944
    0.04557
   -0.01576
    0.00048
   -0.00528
    0.01929
    0.01598
   -0.04701
   -0.05719
    0.02910
   -0.04503
    0.02084
    0.01569
    0.03028
    0.00771
   -0.02321
   -0.05770
    0.03094
    0.05219
   -0.06128
   -0.04544
   -0.01614
   -0.00754
   -0.01982
   -0.03431
    0.03574
   -0.00030
    0.02740
   -0.08272
    0.02852
    0.03535
   -0.00682
   -0.06068
    0.00647
   -0.01009
    0.02334
   -0.06053
    0.04586
    0.02025
   -0.05218
   -0.06861
    0.02554
   -0.02900
    0.02030
   -0.06465
    0.05857
    0.04337
   -0.03709
   -0.07097
    0.02355
   -0.02552
    0.03202
   -0.07838
    0.05608
    0.00413
   -0.01129
   -0.14599
    0.05712
    0.01558
    0.01662
   -0.12547
    0.04095
    0.02916
   -0.05190
   -0.13374
    0.06030
   -0.02599
    0.01779
   -0.06038
    0.06369
    0.02800
   -0.07816
   -0.01347
    0.00102
   -0.03198
    0.01858
   -0.01151
    0.03463
    0.01416
    0.00047
   -0.04034
    0.01219
   -0.00883
    0.00221
    0.02130
   -0.00232
    0.00374
   -0.03286
   -0.04020
    0.02755
    0.00241
    0.02239
   -0.07085
    0.02810
    0.02159
   -0.03675
   -0.04736
    0.02818
   -0.02252
    0.02720
   -0.00360
    0.01822
    0.00731
   -0.02177
   -0.07571
    0.02237
   -0.01182
    0.00709
   -0.03309
    0.02104
    0.01764
   -0.02115
   -0.05641
    0.01602
   -0.02342
    0.02281
   -0.03944
    0.03383
   -0.00250
    0.00215
   -0.08280
    0.02793
   -0.01803
    0.01538
   -0.05471
    0.03443
    0.02070
   -0.03477
   -0.09414
    0.03210
   -0.05360
    0.04323
    0.03230
    0.02098
    0.02709
   -0.04152
   -0.02627
    0.00149
   -0.03473
   -0.00598
    0.01473
    0.03588
    0.01769
   -0.04712
   -0.00661
    0.00947
    0.03404
   -0.03316
   -0.01424
   -0.02080
    0.00891
   -0.04630
   -0.06898
    0.04019
    0.01402
   -0.00123
   -0.07033
    0.02171
    0.04582
   -0.03858
   -0.04765
    0.00073
    0.02335
   -0.01155
   -0.08765
    0.01559
    0.00127
   -0.02655
   -0.06513
    0.02867
    0.00353
   -0.02298
   -0.07362
    0.04336
    0.02763
   -0.02315
   -0.08070
    0.02013
   -0.02056
    0.01895
   -0.06616
    0.03488
   -0.00044
    0.00490
   -0.08975
    0.02820
   -0.02069
   -0.01009
   -0.11836
    0.07979
    0.01460
   -0.03167
   -0.08972
    0.02953
   -0.02148
   -0.01086
   -0.00577
    0.03244
    0.01704
   -0.04575
    0.01004
    0.00052
   -0.02234
    0.04700
   -0.02648
    0.00911
   -0.00408
    0.00048
   -0.05180
    0.02197
    0.00902
   -0.02150
   -0.00565
    0.00289
    0.00582
   -0.01084
   -0.09999
    0.03094
    0.00883
    0.02434
   -0.09913
    0.02707
    0.01900
   -0.01201
   -0.08412
    0.02120
    0.01176
    0.00424
   -0.09835
    0.02519
    0.02136
   -0.04595
   -0.05293
    0.02897
    0.00958
    0.00154
   -0.05150
    0.01534
    0.04004
   -0.01877
   -0.08684
    0.01494
   -0.00407
    0.01388
   -0.09159
    0.03219
   -0.00841
   -0.04618
   -0.10731
    0.07615
   -0.00367
   -0.02174
   -0.02440
    0.02782
    0.03360
   -0.07280
   -0.11387
    0.05022
   -0.03170
    0.04552
    0.01766
    0.00572
    0.01233
   -0.07376
    0.00471
    0.04120
    0.00069
   -0.00949
   -0.02093
    0.01684
    0.00384
   -0.03204
   -0.02115
    0.02491
    0.00925
   -0.01657
   -0.01100
    0.00273
   -0.00725
   -0.05800
   -0.05329
    0.07298
    0.02973
    0.01003
   -0.11697
    0.02612
    0.02361
   -0.03440
   -0.08364
    0.03741
    0.01148
    0.02280
   -0.09523
    0.03622
    0.01307
   -0.02889
   -0.10430
    0.04238
    0.00473
    0.01155
   -0.11619
    0.06161
    0.04239
    0.00145
   -0.07891
    0.01934
   -0.01105
    0.02238
   -0.09418
    0.04076
    0.01451
   -0.04684
   -0.11348
    0.04521
   -0.00041
    0.00325
   -0.08069
    0.04311
    0.02373
   -0.02432
   -0.13775
    0.04777
   -0.00801
    0.00206
   -0.03412
    0.03441
    0.01455
   -0.05430
   -0.04497
    0.02540
    0.01330
   -0.02932
   -0.04030
    0.02484
   -0.01517
    0.03160
   -0.04074
    0.02479
    0.00550
   -0.01452
   -0.02106
    0.01047
    0.01412
   -0.04269
   -0.07743
    0.03124
   -0.01105
    0.03959
   -0.08350
    0.04123
    0.02935
   -0.02997
   -0.08660
    0.03821
   -0.01331
    0.00699
   -0.04085
    0.02636
    0.00282
    0.01729
   -0.09977
    0.01492
   -0.02689
    0.01375
   -0.04761
    0.03811
    0.01587
   -0.01215
   -0.08901
    0.02114
   -0.03949
    0.02666
   -0.01569
    0.04367
   -0.00891
    0.01715
   -0.14265
    0.04910
   -0.03073
    0.01296
   -0.04148
    0.04721
   -0.00034
   -0.04027
   -0.10090
    0.04434
   -0.06512
    0.03940
    0.03769
    0.03365
    0.02252
    0.00551
   -0.04121
   -0.01483
   -0.03366
    0.03407
   -0.03296
    0.03439
   -0.01858
   -0.00925
   -0.03253
    0.02605
    0.02836
   -0.05267
   -0.02403
    0.00347
    0.00261
   -0.01460
   -0.11565
    0.04098
    0.01924
    0.02083
   -0.09200
    0.01773
    0.02350
   -0.00301
   -0.07934
    0.02098
    0.00362
    0.00986
   -0.03969
    0.01529
    0.03453
   -0.06193
   -0.04881
    0.00275
   -0.03561
   -0.00958
   -0.02847
    0.06593
    0.03029
   -0.02686
   -0.01897
   -0.00311
   -0.03064
    0.03802
   -0.07027
    0.04760
    0.01595
   -0.03434
   -0.06006
    0.01701
   -0.03948
   -0.00460
   -0.04023
    0.06962
    0.02411
   -0.02430
   -0.07127
    0.02387
   -0.04300
    0.03229
    0.00821
    0.02611
    0.04154
   -0.06915
   -0.02678
   -0.01271
   -0.06858
    0.04187
    0.04600
    0.03948
    0.00194
   -0.01468
    0.00376
    0.00331
   -0.00527
    0.00157
    0.00968
    0.00113
    0.01846
   -0.07771
   -0.04013
    0.03545
   -0.01955
   -0.00360
   -0.05755
    0.05948
    0.04401
   -0.03274
   -0.01519
   -0.01006
   -0.01213
    0.01184
   -0.06140
    0.03360
    0.00590
   -0.06854
   -0.03283
    0.04509
   -0.03964
   -0.01044
   -0.03385
    0.06383
    0.01959
   -0.02319
   -0.03721
    0.01273
   -0.00992
    0.02207
   -0.04647
    0.01910
   -0.01085
   -0.04918
   -0.06098
    0.06597
   -0.03827
   -0.02485
    0.02612
    0.03863
    0.04203
   -0.07051
   -0.07459
    0.03433
   -0.05489
    0.05502
   -0.02991
    0.03442
    0.02678
   -0.03433
   -0.03131
    0.00052
   -0.03533
   -0.04326
    0.01883
    0.06473
    0.03316
   -0.04479
   -0.06334
    0.02972
    0.02149
   -0.00345
   -0.05420
   -0.00308
    0.01291
   -0.07830
   -0.03861
    0.05765
    0.00041
   -0.03112
   -0.05001
    0.05219
    0.03322
   -0.01737
   -0.04406
    0.01015
   -0.00529
    0.03402
   -0.04403
    0.02114
    0.02532
   -0.04959
   -0.03829
    0.00800
    0.00696
   -0.03580
   -0.03083
    0.03393
    0.06115
   -0.03281
   -0.03459
   -0.01521
   -0.01027
    0.01261
   -0.10413
    0.05351
    0.00836
   -0.07735
   -0.09400
    0.06070
    0.02391
   -0.02645
   -0.04504
    0.01189
    0.02851
   -0.02759
   -0.16752
    0.06482
   -0.01563
    0.02235
   -0.07023
    0.05290
    0.01833
   -0.09273
   -0.04660
    0.03563
   -0.01560
   -0.04064
    0.01648
    0.03273
    0.01014
   -0.01993
   -0.04216
    0.02916
   -0.02726
    0.00853
   -0.00504
    0.03208
    0.00163
   -0.04860
   -0.06634
    0.04916
   -0.00890
    0.03921
   -0.06130
    0.03674
    0.03575
   -0.03362
   -0.05851
    0.03011
   -0.00040
    0.01911
   -0.07259
    0.02270
    0.01404
   -0.02373
   -0.08200
    0.02174
   -0.00370
   -0.00838
   -0.04465
    0.02655
    0.02373
   -0.00849
   -0.08471
    0.02463
   -0.03284
    0.02702
   -0.04006
    0.04365
   -0.00427
   -0.01989
   -0.05196
    0.03466
   -0.00056
   -0.00650
   -0.03079
    0.01766
    0.00475
   -0.01068
   -0.09025
    0.03405
   -0.04950
    0.04512
    0.00407
    0.02325
    0.02383
   -0.05146
    0.00265
    0.00323
   -0.04126
    0.02719
   -0.02453
    0.03460
    0.01698
   -0.03079
   -0.02390
    0.01450
    0.02198
   -0.03076
   -0.01146
   -0.00655
    0.00944
   -0.06442
   -0.06917
    0.05364
    0.00843
   -0.00578
   -0.05134
    0.02292
    0.04309
   -0.02108
   -0.03798
   -0.00125
    0.01956
    0.01052
   -0.07464
    0.00364
   -0.00173
   -0.01451
   -0.06192
    0.02466
    0.01034
    0.01704
   -0.10373
    0.02601
    0.00887
   -0.00423
   -0.07670
    0.02358
   -0.02256
    0.02373
   -0.08285
    0.03797
    0.01329
   -0.01239
   -0.07313
    0.01060
   -0.01348
    0.01044
   -0.07874
    0.04473
    0.01799
   -0.00553
   -0.12059
    0.02514
   -0.02544
    0.04056
   -0.01313
    0.01123
    0.00218
   -0.03581
   -0.01841
    0.01859
   -0.04270
    0.00988
    0.01836
    0.03212
   -0.00673
   -0.00698
   -0.07164
    0.03529
    0.00387
    0.00312
   -0.03517
    0.00508
   -0.00376
   -0.01446
   -0.05381
    0.02711
   -0.00385
    0.00753
   -0.09244
    0.03851
    0.01673
   -0.01799
   -0.06705
    0.01641
    0.02279
   -0.00911
   -0.06747
    0.00277
    0.01031
    0.00894
   -0.09241
    0.00993
   -0.03364
    0.03886
   -0.03382
    0.02179
    0.01383
   -0.02400
   -0.07618
    0.02607
   -0.00431
    0.02446
   -0.10393
    0.03440
   -0.00071
   -0.01821
   -0.11713
    0.05337
    0.00166
   -0.00838
   -0.09801
    0.05152
    0.01640
   -0.05035
   -0.13504
    0.05723
   -0.02488
    0.00043
   -0.01759
    0.04394
    0.01293
   -0.02320
   -0.07252
    0.02593
   -0.04497
    0.01429
   -0.02355
    0.05504
    0.01832
   -0.04408
   -0.05909
    0.03659
    0.02688
   -0.05089
   -0.02421
    0.00263
   -0.00169
   -0.02418
   -0.06064
    0.03763
   -0.01178
    0.01654
   -0.04197
    0.02650
    0.03063
   -0.04801
   -0.06049
    0.03150
    0.00144
    0.00246
   -0.05901
    0.03095
    0.00655
    0.00335
   -0.07924
    0.02555
    0.00958
   -0.01265
   -0.07996
    0.04180
    0.02454
    0.01008
   -0.08035
    0.02398
   -0.02651
    0.03901
   -0.08314
    0.04756
    0.02259
   -0.02751
   -0.14031
    0.03690
    0.01119
   -0.01179
   -0.10201
    0.04571
    0.02713
   -0.04006
   -0.14253
    0.05789
   -0.01814
    0.01890
   -0.05066
    0.04426
    0.02357
   -0.03932
   -0.07846
    0.01799
   -0.01404
   -0.02090
   -0.04556
    0.05430
    0.00753
   -0.00538
   -0.02835
    0.01555
   -0.02138
    0.00493
    0.02113
    0.00925
    0.00259
   -0.00753
   -0.05977
    0.02240
   -0.00629
    0.01761
   -0.06348
    0.03051
    0.01201
   -0.03160
   -0.05242
    0.03169
    0.00864
    0.01698
   -0.03812
   -0.00358
   -0.00228
   -0.00927
   -0.05565
    0.02355
   -0.01231
    0.00473
   -0.03734
    0.02550
   -0.00914
   -0.03032
   -0.07548
    0.03671
   -0.02792
    0.02311
   -0.05297
    0.04438
   -0.01041
    0.00863
   -0.08261
    0.03301
    0.00201
   -0.00102
   -0.07023
    0.03710
    0.00072
   -0.01379
   -0.09114
    0.03134
   -0.04330
    0.02488
    0.01753
    0.02401
    0.01536
    0.00221
   -0.05276
   -0.00272
   -0.05213
    0.01708
   -0.01387
    0.04849
    0.00741
   -0.00827
   -0.02363
    0.00805
    0.01028
   -0.01224
   -0.04336
    0.00933
   -0.00873
   -0.01475
   -0.05209
    0.03479
    0.01438
   -0.00421
   -0.07496
    0.02373
    0.03161
   -0.02366
   -0.03553
    0.00484
