IntronPotTab 1 1024 1.09363
    0.08597
   -0.05877
   -0.05394
   -0.05525
    0.02007
   -0.03543
    0.02818
   -0.01861
    0.09937
   -0.05917
   -0.03397
   -0.05230
   -0.02949
   -0.06009
   -0.03040
    0.10328
    0.03685
    0.03018
   -0.05830
   -0.02493
    0.03316
    0.04122
   -0.06807
   -0.03141
    0.06904
   -0.03733
    0.00398
   -0.08328
    0.13217
   -0.07886
   -0.04515
    0.01277
    0.05179
   -0.10119
    0.00273
   -0.00874
    0.03847
   -0.04089
    0.04095
   -0.04368
    0.00367
   -0.03205
    0.06359
   -0.03237
   -0.04172
   -0.09517
    0.06814
    0.04547
   -0.04344
   -0.01350
   -0.06398
    0.08475
    0.04713
    0.01466
   -0.00712
   -0.05495
    0.13286
   -0.05917
   -0.06640
   -0.04178
   -0.00154
   -0.07627
   -0.04269
    0.10890
    0.06108
    0.02238
   -0.02419
   -0.06205
    0.11346
   -0.11487
    0.02152
   -0.06340
    0.03483
    0.01174
   -0.09354
    0.01706
    0.05129
   -0.02432
    0.01682
   -0.02277
    0.04098
    0.05223
   -0.09088
   -0.01617
    0.03560
    0.05528
   -0.01480
   -0.09086
   -0.01427
    0.00711
    0.01088
   -0.00037
    0.10439
   -0.01932
   -0.05013
    0.00946
    0.03093
    0.02330
   -0.08660
    0.02443
    0.00128
   -0.16658
    0.18424
   -0.01031
    0.03501
   -0.05510
   -0.00101
    0.02172
    0.02281
   -0.06659
    0.03428
    0.01474
    0.12767
   -0.05410
   -0.07524
   -0.00975
    0.11658
   -0.05696
   -0.13761
    0.03284
    0.07902
   -0.01769
   -0.11655
    0.05441
    0.04724
   -0.06953
   -0.03940
    0.05953
    0.09394
   -0.00729
   -0.06393
   -0.02967
    0.09928
   -0.13798
   -0.00081
   -0.00074
    0.17287
   -0.13414
   -0.07404
   -0.05890
    0.06185
   -0.03885
   -0.03526
    0.01870
    0.04621
    0.03676
   -0.09190
    0.02337
   -0.03072
   -0.02080
    0.09859
   -0.04259
   -0.00287
   -0.01327
    0.03282
   -0.01970
    0.12266
   -0.07913
   -0.03977
    0.04000
    0.05783
   -0.02278
   -0.06548
    0.02426
    0.00249
   -0.17382
    0.07771
    0.04558
    0.04158
   -0.10528
    0.07019
   -0.00270
   -0.03832
   -0.10004
   -0.00709
    0.10896
   -0.03483
    0.00666
   -0.05220
    0.06143
    0.04934
   -0.07894
   -0.00987
    0.01573
    0.00671
   -0.00244
    0.01413
   -0.02117
    0.04596
   -0.04931
   -0.07442
    0.07370
    0.00923
    0.02655
   -0.00456
   -0.02427
    0.02153
   -0.00488
   -0.01425
   -0.01035
    0.05243
   -0.03295
   -0.01559
   -0.02772
    0.01904
   -0.08219
    0.02351
    0.03324
    0.04816
    0.02693
   -0.06459
   -0.03510
    0.02331
    0.00634
    0.06221
   -0.09251
    0.05487
    0.07288
   -0.08554
   -0.08543
    0.07414
   -0.03801
   -0.03625
    0.01684
    0.04833
   -0.10322
   -0.02130
    0.03754
    0.02059
   -0.07957
    0.03755
    0.01585
    0.05316
   -0.06545
   -0.00512
    0.00393
   -0.04593
   -0.10050
    0.08724
    0.04335
   -0.02130
   -0.04369
   -0.03019
    0.05992
    0.07129
   -0.03183
   -0.04665
   -0.01362
    0.05492
   -0.05674
   -0.05252
    0.02613
   -0.00127
   -0.10166
   -0.04726
    0.10739
    0.07690
   -0.02536
   -0.07481
    0.00219
    0.02910
   -0.04897
   -0.02901
    0.02670
    0.07502
   -0.01255
   -0.09442
    0.00013
   -0.01143
   -0.01658
   -0.07507
    0.08562
   -0.01097
    0.16214
   -0.09192
   -0.08702
   -0.00773
    0.08315
   -0.02743
   -0.03929
    0.06308
    0.04642
   -0.05643
   -0.09034
    0.04123
   -0.00111
   -0.09243
    0.06480
    0.02245
   -0.02463
   -0.05183
    0.04239
   -0.03451
    0.02460
    0.01074
    0.01747
    0.01009
   -0.10490
    0.03184
    0.04784
   -0.00474
   -0.08908
    0.01710
    0.05952
   -0.00782
    0.00073
   -0.13922
    0.08316
    0.00955
   -0.04136
   -0.02614
    0.03665
    0.04690
   -0.01199
   -0.08830
    0.04264
   -0.02249
   -0.05371
   -0.05649
    0.11085
    0.03487
    0.01257
   -0.04279
   -0.00882
    0.03095
   -0.02054
   -0.03468
    0.01043
    0.02631
    0.00397
   -0.05479
    0.00941
    0.06204
   -0.03917
    0.00632
   -0.00938
    0.03924
    0.05808
   -0.09863
    0.00171
   -0.09639
    0.17052
   -0.12494
    0.02949
   -0.03366
    0.10015
   -0.03630
   -0.04620
    0.04369
    0.00771
   -0.05596
    0.02542
   -0.00948
    0.01422
   -0.05386
    0.05938
    0.01738
   -0.00891
    0.11317
   -0.10332
    0.02878
   -0.03802
   -0.06313
    0.04989
   -0.10571
   -0.07558
    0.10838
    0.03746
    0.01600
   -0.11078
   -0.06161
    0.12184
   -0.01308
   -0.01816
   -0.04069
    0.07037
    0.04047
    0.00586
   -0.11455
    0.06926
    0.06249
   -0.06391
   -0.08223
    0.11012
    0.10799
   -0.01611
   -0.10821
   -0.02518
    0.04149
   -0.02843
   -0.02919
    0.00139
    0.07361
   -0.04739
   -0.02442
   -0.02115
    0.05030
   -0.10103
   -0.04031
    0.06532
   -0.02619
    0.08226
   -0.05873
    0.00359
   -0.03398
    0.05256
    0.03900
   -0.04842
   -0.02849
    0.06998
   -0.13266
    0.07335
    0.13889
   -0.04021
   -0.04649
   -0.00507
    0.01550
   -0.03261
   -0.12509
    0.10582
   -0.02574
   -0.15397
    0.03169
    0.11318
    0.01294
   -0.07634
    0.00378
    0.05339
   -0.02906
   -0.14402
    0.01674
    0.12203
   -0.07931
    0.02938
   -0.09708
    0.09521
    0.00187
   -0.09080
   -0.00486
    0.06892
    0.00227
   -0.02763
   -0.04504
    0.07759
   -0.02785
   -0.04550
   -0.02228
    0.07002
   -0.00356
    0.04108
    0.02740
   -0.05351
    0.04060
   -0.05504
    0.02210
   -0.01018
    0.00762
   -0.04213
   -0.02098
    0.04037
   -0.00655
   -0.09214
    0.00974
    0.06315
    0.02228
    0.08172
   -0.07795
   -0.02568
    0.02036
    0.06668
   -0.06117
   -0.03526
    0.06589
    0.01017
   -0.07317
   -0.03335
    0.00053
    0.09297
   -0.14595
    0.02660
    0.04277
   -0.02212
   -0.08122
    0.04301
    0.05286
   -0.04368
   -0.00170
   -0.01323
    0.00513
    0.02683
   -0.04848
    0.00223
   -0.02222
   -0.07147
    0.01093
    0.05981
    0.03155
   -0.07878
    0.00876
    0.02845
    0.01655
    0.01979
   -0.03775
   -0.00709
    0.03950
    0.01683
   -0.05785
   -0.00899
   -0.02751
   -0.01258
   -0.11585
    0.10674
    0.03076
   -0.03143
   -0.01808
   -0.00095
    0.01577
   -0.06084
    0.00872
    0.02728
    0.02967
   -0.08486
    0.02253
    0.01081
    0.01883
   -0.11461
   -0.00318
    0.07959
    0.02113
   -0.06005
    0.01970
   -0.00285
   -0.01151
    0.05759
    0.01085
   -0.05571
    0.00967
    0.00118
    0.02522
   -0.05746
    0.14211
   -0.03730
   -0.05422
   -0.02317
   -0.00911
   -0.10501
    0.08728
    0.00141
    0.00457
    0.02247
    0.06894
   -0.07312
    0.03418
   -0.08456
    0.04064
   -0.01447
    0.01972
   -0.12587
    0.02586
    0.05782
    0.01636
   -0.01835
   -0.03227
    0.02028
    0.01918
   -0.04098
   -0.00173
    0.01617
    0.06344
   -0.12112
    0.03094
   -0.02922
    0.02579
   -0.11892
   -0.02253
    0.09673
    0.01479
    0.01586
   -0.01207
   -0.01747
    0.03556
   -0.05514
    0.03088
   -0.00767
   -0.01314
    0.01546
   -0.00783
   -0.00031
   -0.02539
   -0.04790
    0.02820
    0.03009
   -0.03150
    0.09663
   -0.02726
   -0.01880
   -0.04286
    0.10889
   -0.01069
   -0.03250
   -0.04793
    0.12486
   -0.11834
   -0.03483
    0.04086
    0.03624
   -0.05810
   -0.00613
    0.05344
   -0.03077
   -0.07627
    0.05029
   -0.01865
   -0.03427
    0.14379
   -0.07787
   -0.04159
    0.03769
    0.03743
   -0.05232
   -0.05918
   -0.08583
    0.05525
    0.07008
    0.10881
   -0.09675
   -0.08150
    0.04327
   -0.03969
    0.00678
   -0.04843
    0.07230
    0.00672
    0.01306
   -0.10289
    0.08133
    0.07182
   -0.10552
   -0.04405
    0.09779
    0.09958
   -0.06454
   -0.04945
   -0.02165
    0.02102
   -0.05004
    0.01929
    0.00429
    0.12896
   -0.11868
   -0.01597
   -0.06637
    0.03258
   -0.11869
    0.02913
    0.05029
    0.05149
    0.01665
   -0.07082
   -0.01235
   -0.01335
    0.00719
    0.05725
   -0.05799
    0.00998
   -0.00410
    0.01104
   -0.02447
    0.05072
   -0.06117
    0.01156
    0.02322
    0.03005
   -0.04666
   -0.01779
    0.01823
   -0.01036
   -0.05234
    0.08018
    0.00280
    0.01807
   -0.03222
    0.08027
   -0.06369
   -0.07220
   -0.11567
    0.07258
    0.07888
   -0.03468
   -0.01774
   -0.04106
    0.07299
    0.00028
    0.02281
   -0.03153
    0.00717
    0.03866
   -0.00545
   -0.02392
   -0.01024
   -0.06171
   -0.04464
   -0.07276
    0.14131
    0.05131
    0.01933
   -0.15431
    0.02227
    0.05242
   -0.07869
    0.00068
    0.00015
    0.05067
   -0.04354
   -0.03947
    0.00293
    0.08938
   -0.08610
   -0.07013
    0.05118
    0.01200
    0.05772
   -0.01556
   -0.05184
   -0.01159
    0.05954
    0.04403
   -0.05909
   -0.00144
    0.02753
    0.01191
   -0.03191
    0.07857
   -0.01106
   -0.11473
    0.05086
    0.04074
   -0.06997
   -0.02020
    0.02623
    0.02824
   -0.10162
    0.06344
    0.00435
   -0.04281
    0.01763
    0.01080
    0.02068
   -0.02562
   -0.13502
    0.12867
   -0.01039
   -0.03202
    0.04663
   -0.19301
    0.10388
    0.01221
   -0.05157
   -0.02626
    0.04262
    0.00333
   -0.00976
   -0.09427
    0.08356
   -0.04341
   -0.06571
   -0.07259
    0.14419
    0.06399
   -0.01268
   -0.00781
   -0.05957
    0.04099
   -0.09084
   -0.03234
    0.05228
    0.05771
   -0.07419
    0.01551
   -0.01759
   -0.04387
   -0.01134
   -0.00683
    0.05403
   -0.02093
    0.02139
    0.02208
   -0.01223
   -0.02074
    0.07777
   -0.01544
   -0.03260
    0.01799
   -0.00831
    0.02400
   -0.05363
    0.16481
   -0.07113
   -0.03578
   -0.06009
    0.05105
   -0.08193
   -0.00261
    0.00519
    0.00903
   -0.08788
    0.04139
    0.02325
    0.00786
   -0.08653
    0.08068
   -0.00964
   -0.08770
   -0.05700
    0.04252
    0.08069
   -0.02506
   -0.03117
   -0.06292
    0.06678
    0.02299
   -0.06021
   -0.03918
    0.05323
    0.08233
   -0.05518
   -0.04258
   -0.00391
    0.01206
   -0.05583
   -0.06865
    0.08236
    0.06299
   -0.01420
   -0.05261
   -0.00889
    0.06355
   -0.05123
   -0.04434
    0.01612
    0.01441
   -0.02009
    0.01145
   -0.00442
    0.05671
   -0.05076
    0.00690
    0.01095
    0.05928
   -0.05404
   -0.07604
    0.04138
   -0.09435
    0.16306
   -0.07865
   -0.00345
    0.05618
   -0.03499
    0.00934
   -0.05438
    0.10281
   -0.01465
   -0.02936
   -0.00771
    0.04942
   -0.02754
   -0.01528
   -0.00869
    0.01216
   -0.00110
    0.04454
   -0.03708
    0.05716
   -0.05139
    0.07843
   -0.07679
   -0.10267
   -0.10074
    0.08783
    0.10734
    0.06323
   -0.10066
    0.00666
    0.02971
   -0.01922
   -0.05828
   -0.11640
    0.14132
    0.07696
   -0.03511
   -0.14224
    0.09544
    0.04307
   -0.10281
   -0.07037
    0.13994
    0.08050
   -0.07854
   -0.09007
    0.05769
    0.03916
   -0.08876
   -0.01565
    0.05174
    0.12430
   -0.09269
   -0.07538
    0.00505
    0.03959
   -0.06259
   -0.03148
    0.05301
    0.02825
    0.01887
   -0.06146
    0.01058
   -0.03643
    0.01687
    0.01035
    0.02417
    0.01255
    0.00194
    0.01167
   -0.03470
    0.14378
   -0.08336
   -0.02200
    0.00266
    0.05992
   -0.06365
   -0.06875
    0.04873
    0.00549
   -0.11107
    0.02564
    0.07413
    0.03745
   -0.12106
    0.05360
    0.02452
   -0.04342
   -0.09947
    0.03437
    0.08259
   -0.01357
   -0.00824
   -0.11493
    0.09431
   -0.00016
   -0.05175
   -0.05566
    0.09598
    0.05051
   -0.05443
   -0.09346
    0.09044
    0.02157
   -0.14384
   -0.01894
    0.11209
    0.04287
   -0.08008
    0.04476
   -0.02469
    0.07892
   -0.22079
    0.03680
    0.04662
    0.06921
   -0.15351
    0.05882
   -0.00347
    0.03214
   -0.17925
   -0.03672
    0.11151
    0.04135
   -0.03241
   -0.07190
    0.01999
   -0.00805
    0.06446
   -0.01844
   -0.02696
    0.07311
   -0.07766
   -0.00537
   -0.03221
    0.10474
   -0.06182
   -0.05749
    0.02663
    0.10526
   -0.11741
   -0.04435
    0.00503
    0.03544
   -0.10125
    0.01480
    0.03503
    0.02921
   -0.08580
    0.04091
    0.01813
   -0.07751
   -0.13324
    0.07713
    0.08411
    0.06954
   -0.10349
   -0.04134
    0.03608
    0.03236
   -0.06583
   -0.03738
    0.04189
    0.06430
   -0.09508
   -0.05191
    0.05135
   -0.07515
   -0.12802
   -0.08001
    0.13511
