12 20 3 1 47 -3.4680 2.5342 4.4591 4292
  0.03117   0.01886  -0.02546  -0.02821   0.03150  -0.00336   0.02012  -0.05568   0.03621  -0.04907   0.04531  -0.04085   0.06078   0.02014  -0.06033  -0.04767  -0.07170   0.04930   0.00699  -0.01285 
  0.02754   0.00490   0.00441  -0.03869   0.05391   0.01986  -0.01622  -0.06998   0.01667  -0.04504   0.09031  -0.06345   0.09568  -0.02552  -0.01067  -0.10360   0.05762   0.03204  -0.03256  -0.04222 
  0.05985  -0.00396   0.00357  -0.06901  -0.00688   0.05128  -0.01139  -0.02898  -0.00789  -0.06960   0.06635   0.00948   0.06850   0.01784  -0.10300  -0.01952  -0.02557  -0.02226  -0.01571   0.04878 
  0.01721  -0.00354  -0.01659   0.00064  -0.00135   0.02376   0.03267  -0.05468   0.04603  -0.06570   0.01050  -0.01018   0.02067   0.03637  -0.02864  -0.04000   0.00798  -0.04837   0.00394   0.03236 
  0.01908  -0.01257   0.00691  -0.01475   0.02522   0.04401  -0.01557  -0.05655   0.03680  -0.09484   0.05663  -0.01615   0.04056   0.02727  -0.00032  -0.08855   0.04176   0.01705  -0.00353  -0.04340 
  0.03656   0.00364   0.00650  -0.05031   0.00270   0.07181  -0.04264  -0.03176   0.02457  -0.01463   0.04415  -0.05498   0.07182  -0.02582  -0.03571  -0.03557  -0.03901   0.02675  -0.01765   0.01530 
  0.02645   0.01521  -0.01703  -0.02697   0.03981   0.04878  -0.02611  -0.07055   0.05690  -0.00065   0.00382  -0.07741   0.04125  -0.01494  -0.02414  -0.01396   0.01856  -0.00770   0.01307  -0.01868 
  0.04435   0.00573  -0.00919  -0.04597   0.00369   0.05843  -0.01629  -0.04404   0.03804  -0.05194   0.09114  -0.08856   0.00134   0.01071   0.01397  -0.02757  -0.04861   0.03325   0.01125  -0.01376 
  0.00930   0.01398   0.02042  -0.04382   0.01187   0.08065  -0.07405  -0.02434   0.00624  -0.00658  -0.00296   0.00084   0.00520  -0.00884  -0.03993   0.03815  -0.03516   0.00592  -0.00641   0.02213 
  0.00548   0.01765  -0.03360   0.00756   0.01963   0.02731  -0.01970  -0.02840   0.01450  -0.04007   0.02076   0.00023   0.05782   0.03000  -0.04333  -0.07236  -0.06172   0.02470   0.01340   0.00032 
  0.01346   0.01152  -0.00532  -0.02000   0.00902   0.03870  -0.00838  -0.03797   0.02583  -0.03394   0.04726  -0.04194   0.05809   0.02996  -0.04606  -0.06992   0.00503  -0.00043   0.00465  -0.00755 
  0.02827   0.00864  -0.00149  -0.03742   0.01728   0.00287  -0.03922   0.01369   0.01426  -0.00849   0.02788  -0.03229   0.06722   0.01965  -0.09335  -0.02759  -0.06788   0.05282  -0.01439   0.00242 
  0.02093   0.01643  -0.03041  -0.00996  -0.01453   0.04061   0.05377  -0.08206   0.02221  -0.04273   0.06697  -0.04855   0.05181  -0.01268  -0.03783  -0.01813   0.00586   0.01813  -0.00105  -0.02056 
  0.01759   0.00196   0.02203  -0.04253   0.00358   0.04550  -0.04348  -0.00538   0.05682  -0.01108   0.01904  -0.08097   0.04624   0.01372  -0.00472  -0.07458  -0.00683   0.02520   0.00475  -0.02523 
  0.03298   0.01805  -0.00919  -0.04511   0.04848   0.06272  -0.09588  -0.03267   0.05998  -0.04047  -0.00703  -0.03506   0.04724   0.00559  -0.01612  -0.05353  -0.03132   0.06336  -0.02948  -0.01622 
  0.04400   0.02409  -0.04143  -0.03405   0.01987   0.01444   0.00730  -0.04369   0.00807  -0.09332   0.08261  -0.00621   0.01818   0.00947  -0.02254  -0.01112   0.03423   0.02890  -0.00991  -0.04354 
  0.02204  -0.00910   0.01270  -0.02697   0.01849   0.01568  -0.00917  -0.02628   0.04646  -0.06229   0.03987  -0.03868   0.08265   0.00383  -0.07880  -0.04559  -0.04441   0.00184   0.02594  -0.00059 
  0.03692  -0.00867  -0.00447  -0.02738   0.03525   0.05735  -0.00737  -0.09459   0.03157  -0.01762   0.03750  -0.05536   0.07779  -0.01486  -0.05950  -0.03424  -0.03407   0.01159   0.00319   0.00715 
  0.03728   0.00988  -0.00661  -0.04425   0.01323  -0.00119   0.01261  -0.02654   0.01169  -0.09000   0.03605   0.02737   0.04737   0.00129  -0.04066  -0.02438   0.00432   0.00957   0.00952  -0.02190 
  0.02462  -0.01914   0.00357  -0.01155   0.01338  -0.00016   0.01376  -0.02886   0.03395  -0.00716   0.03217  -0.06370   0.05443   0.01946  -0.02307  -0.07460   0.04452   0.04792  -0.01413  -0.06937 
  0.03621   0.01643   0.00147  -0.05822   0.00934   0.01438   0.00940  -0.03289  -0.00026  -0.03310   0.04416  -0.00779   0.08787  -0.02979  -0.05701  -0.03630  -0.03109   0.03934  -0.02650   0.00637 
  0.02827  -0.00311  -0.00919  -0.01838  -0.01509   0.06456  -0.00171  -0.04331   0.05445  -0.04720   0.06370  -0.08748   0.06589   0.00559   0.00293  -0.10596   0.01213   0.00412   0.00156  -0.01363 
  0.03226   0.00864   0.01393  -0.05822   0.04689   0.03542  -0.04157  -0.05043   0.01426  -0.07787   0.07477  -0.01746   0.04537   0.01551   0.01385  -0.09772   0.01361   0.02676  -0.02309  -0.01279 
  0.03799   0.00154   0.00063  -0.04382   0.02348   0.01889  -0.01293  -0.03169   0.00363   0.00406   0.02534  -0.02857   0.08385   0.01095  -0.06036  -0.07376  -0.02506   0.00266   0.00757   0.00580 
  0.03153   0.00739  -0.01092  -0.03070   0.00899   0.06416   0.00538  -0.08067   0.04520  -0.04754   0.03102  -0.04123   0.00608   0.02250   0.02111  -0.05594  -0.05341   0.04322   0.02543  -0.03706 
  0.01195   0.02249   0.01881  -0.05425  -0.02225   0.05420   0.00246  -0.02856   0.04482  -0.09388   0.02716  -0.00157   0.05951   0.00260  -0.00149  -0.08566  -0.01463   0.03225  -0.02369   0.00083 
  0.02718   0.00112  -0.00276  -0.02738   0.01587   0.04050  -0.03649  -0.02088   0.02178  -0.01589   0.00584  -0.01648   0.07984  -0.00950  -0.00724  -0.09867  -0.04652   0.05549   0.00616  -0.03394 
  0.02791   0.01886  -0.00962  -0.03954  -0.04971   0.06349   0.01193  -0.01865   0.00404  -0.09678   0.05938   0.02129   0.00025   0.02941  -0.03357  -0.00082   0.03759   0.04332   0.01832  -0.09650 
 -0.00226   0.01358   0.01270  -0.02286   0.00730   0.05914  -0.03562  -0.03031   0.01464  -0.01527   0.02103  -0.02078   0.04007   0.03542  -0.02082  -0.07541   0.02091  -0.01504   0.01185  -0.01215 
  0.02315   0.01602  -0.00746  -0.03321   0.03227   0.01783  -0.01964  -0.03507   0.01219  -0.02141   0.03546  -0.02485   0.04823   0.01236  -0.01979  -0.05939  -0.00207   0.00174   0.00604  -0.00632 
  0.02863   0.00154  -0.00191  -0.03029  -0.00879  -0.00417   0.05926  -0.04996   0.03710  -0.06438   0.03876  -0.02353   0.02472   0.03294   0.03312  -0.11323  -0.02387  -0.02920   0.07218  -0.03747 
  0.01346  -0.01562   0.05191  -0.05337  -0.00843   0.04653   0.00707  -0.04118   0.04515  -0.06230   0.06341  -0.05959   0.05752  -0.01459  -0.04531  -0.01733   0.02496  -0.02884   0.02918  -0.02092 
  0.03585  -0.01300   0.01023  -0.03658  -0.02267   0.01156   0.03210  -0.01782   0.00259  -0.02513   0.06633  -0.03834   0.07912  -0.02074  -0.02590  -0.06277   0.01717  -0.02291   0.01535  -0.00601 
  0.02278  -0.01518   0.02083  -0.03029  -0.00293  -0.00000   0.03831  -0.03625   0.05511  -0.03719   0.03421  -0.06765   0.05250  -0.00925   0.04645  -0.12001  -0.02387   0.02061   0.02643  -0.03264 
  0.02791  -0.00567   0.03548  -0.06179   0.02137  -0.00345  -0.01195  -0.00988   0.04302  -0.08111   0.06082  -0.03859   0.07855   0.00340  -0.02708  -0.09004   0.00763   0.01900   0.01783  -0.04316 
  0.04749  -0.01387   0.00566  -0.04511   0.04753  -0.01305  -0.01795  -0.02802   0.04209  -0.03644   0.03685  -0.05200   0.10607  -0.02856  -0.04885  -0.07669  -0.09699   0.00232   0.04969   0.00253 
  0.04645  -0.02002   0.00483  -0.03700  -0.02003   0.00096   0.04404  -0.02409   0.04292  -0.06901   0.06221  -0.04957   0.02498  -0.00501   0.01425  -0.04159  -0.01958  -0.01239   0.02887  -0.00558 
  0.01233  -0.02046   0.03626  -0.02987   0.02566   0.00705  -0.02491  -0.01203   0.03934  -0.00778   0.04147  -0.08001   0.05550  -0.01162   0.00174  -0.06533  -0.02671   0.00474   0.03722  -0.02669 
  0.03226  -0.00226   0.01228  -0.04511   0.02801  -0.01801  -0.00870  -0.00847   0.02915  -0.04600   0.02129  -0.01309   0.08425  -0.00739  -0.06782  -0.04518  -0.03643  -0.02298   0.03554   0.00709 
  0.03870  -0.02446  -0.00447  -0.01475  -0.00070   0.02745   0.01118  -0.03539   0.06182  -0.09969   0.03346  -0.02510   0.03978  -0.04813   0.06059  -0.07078  -0.05164   0.01110   0.04104  -0.02176 
  0.01982  -0.02179   0.03626  -0.03700   0.02071   0.04633  -0.04740  -0.02254   0.05785  -0.02442   0.00788  -0.05912   0.04453  -0.01323  -0.02427  -0.02016   0.01536   0.04371  -0.00232  -0.05406 
  0.03976   0.01439  -0.01879  -0.03997  -0.00177  -0.00697  -0.02228   0.02747  -0.00644  -0.00519  -0.06164   0.05242   0.07418  -0.02243  -0.07377  -0.00839  -0.03393   0.07498  -0.09739   0.02978 
  0.01609   0.01070  -0.06336   0.02696  -0.03067   0.03131  -0.02867   0.02996   0.00952  -0.06307   0.00832   0.03233   0.06892   0.00690  -0.08750  -0.02044  -0.07632   0.03202   0.01748  -0.00305 
 -0.00539   0.00531  -0.01483   0.01362   0.01991   0.02478  -0.02731  -0.01912   0.04728  -0.03356  -0.00451  -0.02563   0.02186   0.04268  -0.01242  -0.06681   0.04427   0.00320  -0.02176  -0.01261 
  0.03153   0.01029  -0.01703  -0.02780   0.04762  -0.06457  -0.05912   0.04592   0.08504  -0.08602  -0.05523   0.00145   0.12991  -0.01862  -0.13644  -0.05191   0.01721  -0.02830  -0.04846   0.05563 
  0.07808  -0.04975  -0.07225   0.01849   0.11606  -0.04693  -0.04704  -0.07029   0.14055  -0.12069  -0.03359  -0.07755   0.15057   0.01579  -0.12234  -0.15334   0.04127   0.03133  -0.05781  -0.00520 
  0.11418  -0.02357  -0.05801  -0.06403   0.16934  -0.02713  -0.05726  -0.18763   0.14841  -0.07685  -0.13643  -0.05164   0.22268  -0.02440  -0.12803  -0.29950   0.12194   0.09353  -0.05076  -0.17174 
  0.17510  -0.00781  -0.08388  -0.16658   0.15294  -0.13900  -0.09111  -0.02143   0.12734  -0.09492  -0.11767  -0.01417   0.22343  -0.06273  -0.14666  -0.21314  -0.02554   0.00593  -0.03514   0.04177 
  0.15762  -0.08991  -0.09742  -0.03658  -0.15808  -0.29673   0.33229  -0.17894  -0.10898  -0.26340   0.30502  -0.06371  -0.02389  -0.17889   0.19508  -0.06167  -0.31371  -0.31208   0.30359  -0.08823 
 -0.13451  -0.27327   0.30076  -0.10903  -2.04907  -3.63276   0.61140  -3.63276  -1.21406  -3.63276   0.68264  -3.63276  -1.97876  -3.63276   0.63682  -3.63276  -1.49832  -3.63276   0.55643  -3.63276 
 -1.68185  -3.63276   0.61846  -3.63276  -3.63276  -3.63276  -3.63276   0.58920  -3.63276  -3.63276  -3.63276  -3.63276  -3.63276  -1.67809  -3.63276   0.62245  -3.63276  -3.63276  -3.63276  -3.63276 
 -3.63276  -1.66511  -3.63276   0.58178  -3.63276  -3.63276  -3.63276  -3.63276   0.29463  -0.40371  -0.17453  -0.16514  -3.63276  -3.63276  -3.63276  -3.63276   0.66081  -0.92986  -0.44286  -0.90678 
  0.50533  -0.88760  -0.38020  -0.86609   0.08988   0.00176  -0.92763   0.19924   0.14747  -0.14386   0.04398  -0.15070   0.31768  -0.12325  -0.35967  -0.29057  -0.02773   0.08191  -0.19142   0.07838 
  0.14723  -0.04178  -0.70388   0.15170  -0.89440  -1.10187   0.57460  -0.92435  -0.86676  -0.95180   0.63990  -0.78188  -0.11796  -0.19722   0.36404  -0.40382  -0.88072  -1.06040   0.52387  -0.95662 
 -0.80231  -0.93582   0.57247  -0.85206  -0.01193  -0.04023  -0.02019   0.05976  -0.06101   0.02438   0.09228  -0.03797  -0.27327  -0.43378  -0.52432   0.46247  -0.02540  -0.19833  -0.01365   0.14913 
 -0.21071  -0.36756  -0.43527   0.39634   0.10212  -0.13891  -0.18361   0.10385   0.11169  -0.14355  -0.06161   0.00628   0.15437  -0.14516  -0.11859   0.00747   0.12085  -0.32831  -0.04838   0.14309 
  0.04470  -0.24047  -0.03773   0.13324  -0.02485   0.04089  -0.23743   0.13864  -0.01038  -0.06216  -0.03553   0.08003   0.12465  -0.07011  -0.15686   0.02178   0.01968  -0.21723  -0.11631   0.19556 
  0.01158  -0.08015  -0.13208   0.13637   0.06293  -0.02398  -0.27413   0.12038   0.04143  -0.10971  -0.20776   0.13734   0.13470  -0.08989  -0.11436  -0.00692   0.05520  -0.22398  -0.11007   0.17856 
  0.05372  -0.11890  -0.15501   0.13495   0.05983  -0.04120  -0.12591   0.06236   0.01197  -0.06814  -0.06259   0.07815   0.16351  -0.06412  -0.05419  -0.14913   0.02392  -0.14919  -0.13596   0.17594 
  0.04505  -0.08680  -0.09636   0.09348   0.04211  -0.03426  -0.17334   0.10222   0.00097  -0.03010  -0.09469   0.08121   0.12617  -0.06976  -0.13731   0.00604  -0.02819  -0.23109  -0.07655   0.20013 
  0.02572  -0.09936  -0.10867   0.12400   0.00330  -0.04365  -0.11322   0.11067   0.00660  -0.05772  -0.02612   0.05511   0.15079  -0.15185  -0.06078  -0.02789  -0.03726  -0.18689  -0.08466   0.19160 
  0.01422  -0.11338  -0.06828   0.11783   0.05085  -0.08121  -0.04520   0.04256   0.04273  -0.08508  -0.04963   0.04935   0.13783  -0.19224   0.01274  -0.04687  -0.03284  -0.18072  -0.03223   0.15706 
  0.03692  -0.13588  -0.01967   0.07883   0.05024  -0.09162  -0.04623   0.05052   0.00297  -0.02120  -0.03627   0.03939   0.13370  -0.17481  -0.00758  -0.03087  -0.00448  -0.19073  -0.03312   0.14949 
  0.04224  -0.12618  -0.02367   0.07132   0.09214  -0.11340  -0.06309   0.02758  -0.00293  -0.05248  -0.03084   0.06398   0.12962  -0.12294  -0.01750  -0.05583   0.01191  -0.20894  -0.03846   0.15288 
  0.05748  -0.13186  -0.03223   0.06635   0.06243  -0.03301  -0.07169   0.01618  -0.01269  -0.09656   0.00914   0.07513   0.11055  -0.13389  -0.01709  -0.01433   0.00800  -0.13098  -0.01063   0.09857 
  0.04012  -0.09618  -0.01879   0.05109   0.05155  -0.11762  -0.00029   0.02712  -0.01985   0.01386  -0.03486   0.03399   0.12241  -0.13992  -0.02036  -0.02579   0.01966  -0.12442  -0.02879   0.10230 
  0.04294  -0.09618  -0.01396   0.04448   0.04535  -0.07215   0.00266   0.00175  -0.00716  -0.04034  -0.02654   0.05717   0.11523  -0.11626  -0.03126  -0.02280   0.04399  -0.18415  -0.01952   0.11279 
  0.04714  -0.10793  -0.01135   0.04588   0.08006  -0.07826  -0.06301   0.02009   0.02891  -0.10226  -0.01479   0.05301   0.10550  -0.16232  -0.00243   0.00091   0.06460  -0.14454  -0.03031   0.08861 
  0.06657  -0.12168  -0.02501   0.04553   0.07687  -0.10540  -0.06782   0.04487   0.01655  -0.04876  -0.04435   0.05023   0.09582  -0.12160  -0.03053   0.01091   0.02882  -0.11016  -0.03132   0.09098 
  0.05337  -0.09989  -0.03773   0.05487   0.08202  -0.06945  -0.03589  -0.01141   0.04709  -0.03165  -0.00931  -0.02318   0.12221  -0.15675  -0.05483   0.01807   0.04220  -0.10593  -0.01683   0.06933 
  0.06922  -0.09147  -0.02278   0.02072   0.06311  -0.06544  -0.05481   0.02555   0.08680  -0.09557  -0.02309  -0.01709   0.11813  -0.14837  -0.02245  -0.01012   0.00829  -0.11752   0.00822   0.07553 
  0.06956  -0.10577  -0.01791   0.02623   0.13767  -0.10259  -0.06290  -0.04577   0.06241  -0.09269  -0.00878   0.00329   0.07979  -0.09212  -0.01131  -0.00738   0.06224  -0.05930  -0.03868   0.04251 
  0.08866  -0.08526  -0.02996  -0.00052   0.11685  -0.15150  -0.02344  -0.01628   0.07050  -0.08791   0.02154  -0.03570   0.12769  -0.18080  -0.02767   0.00279   0.04710  -0.12306   0.01880   0.04618 
  0.09588  -0.13878  -0.00022   0.00219   0.08476  -0.08683  -0.00539  -0.03123   0.06480  -0.07440   0.00492  -0.02398   0.09317  -0.10544  -0.03693   0.00765   0.06856  -0.09714   0.00654   0.02564 
  0.07775  -0.09356  -0.00234  -0.00561   0.09083  -0.06351  -0.06333  -0.00410   0.03916  -0.03798  -0.04598   0.01834   0.13755  -0.10550  -0.08346  -0.02295   0.03660  -0.06422  -0.02306   0.05002 
  0.08260  -0.07011  -0.04941   0.01136   0.03940  -0.03839  -0.01465  -0.00012  -0.00387  -0.13418  -0.05262   0.12310   0.08335  -0.08082  -0.03193  -0.00314   0.10242  -0.10816  -0.03704   0.04660 
  0.05062  -0.08732  -0.02770   0.04167   0.06293   0.02161  -0.02706  -0.07353  -0.00024  -0.18684  -0.02724   0.13036   0.03472  -0.01539  -0.02993   0.00053   0.18287  -0.16723  -0.03019   0.01018 
  0.06490  -0.07560  -0.02367   0.01475   0.09991   0.02360  -0.10451  -0.05860  -0.02241  -0.21256  -0.09348   0.18763   0.07512   0.01489  -0.03396  -0.09148   0.21609  -0.17540  -0.06815   0.01438 
  0.09150  -0.07110  -0.07175   0.01886   0.11054   0.03984  -0.09918  -0.09879  -0.01473  -0.25033  -0.17469   0.22295   0.04693   0.03240  -0.07138  -0.03194   0.26271  -0.23686  -0.02843  -0.03909 
  0.10329  -0.08117  -0.07777   0.01662   0.11665   0.05606  -0.14116  -0.09108  -0.05753  -0.15983  -0.11309   0.19928   0.06075   0.01152  -0.04784  -0.04914   0.27485  -0.25728  -0.02190  -0.05013 
  0.10513  -0.07011  -0.07425   0.00335   0.13600   0.09314  -0.21253  -0.11704   0.01572  -0.18385  -0.14744   0.16969   0.05877   0.03303  -0.05629  -0.06476   0.27599  -0.19058  -0.07960  -0.03685 
  0.12421  -0.03946  -0.12301  -0.01075   0.11291   0.08847  -0.19640  -0.08088   0.04741  -0.27435  -0.21000   0.19576   0.03570   0.03019  -0.03837  -0.04385   0.29009  -0.21718  -0.05885  -0.05863 
  0.12246  -0.06176  -0.12245   0.00947   0.12576   0.07918  -0.22179  -0.07370   0.01684  -0.24088  -0.13903   0.18588   0.05814   0.03798  -0.05799  -0.06861   0.28526  -0.23991  -0.07414  -0.02393 
  0.12392  -0.06371  -0.12470   0.01060   0.10100   0.07659  -0.19236  -0.05027   0.05330  -0.18372  -0.15728   0.14128   0.04815   0.00805  -0.08154   0.00253   0.27978  -0.21651  -0.08686  -0.01937 
  0.11893  -0.05885  -0.12809   0.01550   0.10433   0.06791  -0.18551  -0.05040   0.01079  -0.13673  -0.16908   0.16220   0.05508  -0.01377  -0.08710   0.01986   0.24904  -0.22621  -0.11412   0.04246 
  0.10452  -0.06273  -0.13785   0.04202   0.07429   0.06460  -0.16011  -0.02079   0.03466  -0.16259  -0.17943   0.15723   0.08543  -0.04351  -0.13189   0.03866   0.26965  -0.20699  -0.12503   0.01715 
  0.10968  -0.07310  -0.14134   0.04553   0.08268   0.04968  -0.08161  -0.08021   0.03438  -0.15843  -0.21481   0.16760   0.02783  -0.02980  -0.06786   0.05321   0.24485  -0.18725  -0.14414   0.04625 
  0.09557  -0.07061  -0.11358   0.04273   0.05183   0.01694  -0.05573  -0.02575   0.08948  -0.14257  -0.25948   0.12360   0.04927  -0.06010  -0.00715   0.00306   0.24217  -0.18651  -0.09932   0.01765 
  0.09991  -0.08680  -0.08388   0.02915   0.02314   0.01806   0.03710  -0.08624   0.08497  -0.20136  -0.12734   0.10469   0.04141  -0.00060  -0.04666  -0.00864   0.27414  -0.18128  -0.15133   0.01526 
  0.09712  -0.07863  -0.05273   0.00296   0.04029   0.00846   0.01109  -0.06907   0.08241  -0.19210  -0.14581   0.11149   0.08115  -0.05949  -0.08785   0.02745   0.28524  -0.15090  -0.18713   0.00628 
  0.11268  -0.08629  -0.08337   0.01287   0.04157  -0.00431   0.00535  -0.05195   0.08867  -0.17430  -0.15228   0.09958   0.00505  -0.02013  -0.01606   0.02881   0.26647  -0.17137  -0.10448  -0.01602 
  0.09432  -0.08423  -0.04941   0.00794   0.02348  -0.01462   0.04960  -0.06911   0.05315  -0.08351  -0.11328   0.07216   0.04906  -0.00705  -0.02972  -0.02796   0.26006  -0.18390  -0.13013   0.01858 
  0.08770  -0.07110  -0.03727  -0.00404   0.02478   0.04099   0.03032  -0.10587   0.06500  -0.11312  -0.11993   0.07975   0.06568  -0.06193  -0.02884   0.00244   0.24478  -0.10595  -0.15508   0.00228 
  0.09055  -0.05165  -0.05273  -0.01035   0.02935  -0.00205   0.04646  -0.08574   0.09030  -0.17367  -0.11438   0.08007   0.04032  -0.05293  -0.00281   0.00419   0.22721  -0.10736  -0.09181  -0.02465 
  0.08834  -0.07611  -0.02546  -0.01115   0.03886   0.02279   0.02112  -0.09410   0.04350  -0.12818  -0.07501   0.08785   0.03684  -0.02332  -0.03428   0.00951   0.21087  -0.12648  -0.09101   0.00660 
  0.07515  -0.05595  -0.03451  -0.00325   0.01427  -0.02456   0.04651  -0.04428   0.03237  -0.09073  -0.02489   0.04875   0.06983  -0.01236  -0.04683  -0.03651   0.17234  -0.11641  -0.10248   0.04515 
  0.06389  -0.06078  -0.02367   0.00450  -0.00604  -0.00081   0.03428  -0.02744   0.01742  -0.10426  -0.01019   0.06316   0.03937  -0.03864   0.01367  -0.02488   0.10101  -0.07085  -0.03922   0.02333 
  0.03081  -0.05023   0.00357   0.00832  -0.00050   0.01659   0.02331  -0.03811   0.04126  -0.09903  -0.01832   0.03978   0.03175  -0.03921  -0.01546   0.01424   0.13705  -0.07815  -0.04457   0.00362 
  0.04505  -0.04645  -0.01092   0.00296   0.01763  -0.02059   0.02561  -0.02847   0.03315  -0.06331  -0.00311   0.01433   0.07022  -0.06133  -0.01439  -0.01816   0.14996  -0.07629  -0.05795   0.00219 
