13 20 13 1 37 -2.5229 1.8693 3.7016 4296
  0.03365  -0.07450   0.02002   0.00906   0.03457  -0.04646   0.02286  -0.02480   0.02761  -0.02864   0.03145  -0.03446  -0.03131  -0.09267  -0.04768   0.14153   0.11723  -0.11946   0.02470  -0.01542 
  0.03113  -0.07450   0.01188   0.01920   0.03828  -0.04947   0.02399  -0.02822   0.06225  -0.05744   0.04273  -0.06836  -0.00967  -0.19364   0.03897   0.11787   0.14074  -0.14915  -0.00268   0.01211 
  0.05056  -0.11269   0.02603   0.01284   0.05830  -0.09964   0.03433  -0.02718   0.03830  -0.04217   0.08755  -0.09417  -0.03126  -0.15208  -0.03269   0.16516   0.13212  -0.15911   0.02865  -0.00537 
  0.04359  -0.11819   0.03038   0.01994   0.01385  -0.08479   0.06173  -0.01313   0.01266  -0.05811   0.03445   0.00514  -0.03712  -0.18218   0.00043   0.16309   0.15447  -0.14989   0.01382  -0.01657 
  0.02787  -0.12209   0.03273   0.03630   0.02224  -0.03521   0.01011  -0.00592  -0.00932  -0.06535   0.10131  -0.02521  -0.04402  -0.24945   0.01484   0.18726   0.17364  -0.18673   0.02516  -0.02341 
  0.02896  -0.13398   0.03624   0.03950   0.02849  -0.09016   0.04534  -0.00844  -0.00511  -0.04785   0.06016  -0.00449  -0.07912  -0.12528  -0.02287   0.17944   0.17695  -0.19627   0.00454   0.00074 
  0.02421  -0.12041   0.02403   0.04653   0.00699  -0.07932   0.06587  -0.01388   0.01488  -0.10532   0.11875  -0.04275  -0.11357  -0.25210   0.01858   0.22898   0.19867  -0.24809   0.04667  -0.03769 
  0.02163  -0.17301   0.06298   0.04443   0.00045  -0.08284   0.03905   0.02401   0.00174  -0.07808   0.12073  -0.04945  -0.07579  -0.22949  -0.03906   0.23169   0.19590  -0.22752   0.00965  -0.00546 
  0.02200  -0.16063   0.02919   0.06761  -0.00522  -0.03481   0.01451   0.01956  -0.02121  -0.08721   0.09890   0.00660  -0.07044  -0.25727  -0.03030   0.23364   0.19303  -0.28601   0.02898   0.00777 
  0.01830  -0.16802   0.02959   0.07453  -0.00552  -0.09408   0.02833   0.04724  -0.04485  -0.07339   0.13178  -0.01162  -0.10126  -0.28741   0.01302   0.23712   0.15087  -0.25535   0.02318   0.03766 
 -0.00619  -0.18318   0.04660   0.08867   0.00392  -0.01775  -0.03383   0.03945  -0.03896  -0.13483   0.16888  -0.01608  -0.08298  -0.20816  -0.06651   0.24170   0.18689  -0.25620   0.01572   0.01269 
  0.01231  -0.15517   0.01759   0.08262  -0.01458  -0.07556  -0.01238   0.07841  -0.05313  -0.11256   0.16174  -0.00800  -0.03348  -0.23713  -0.11512   0.24427   0.17919  -0.23095  -0.00677   0.02850 
  0.01494  -0.16678   0.00609   0.09526   0.00715  -0.03142  -0.08194   0.08065  -0.02370  -0.11473   0.13278  -0.00572  -0.00983  -0.15549  -0.08562   0.18048   0.10673  -0.26718  -0.00093   0.09680 
  0.00966  -0.14503  -0.00830   0.09898   0.03549  -0.06074  -0.04968   0.04935   0.01171  -0.15071   0.08569   0.02367   0.03211  -0.22266  -0.05395   0.15867   0.07543  -0.21903   0.01090   0.08681 
  0.02641  -0.16185   0.00275   0.08550   0.03104  -0.09173  -0.05102   0.07399  -0.03522  -0.03126   0.03319   0.03627   0.07268  -0.24843  -0.10723   0.16125   0.08749  -0.21946  -0.02648   0.10835 
  0.03257  -0.15396  -0.03264   0.10145   0.02729  -0.09173  -0.09404   0.10560  -0.00092  -0.03915  -0.00346   0.03469   0.08631  -0.12403  -0.11090   0.08454   0.04807  -0.20613   0.01169   0.09680 
  0.02859  -0.12433  -0.03264   0.08899   0.06825  -0.06012  -0.09006   0.04210  -0.05538  -0.01765   0.04058   0.03917   0.05785  -0.10963  -0.07891   0.08768   0.00427  -0.19367  -0.01196   0.13233 
  0.01531  -0.10296  -0.02901   0.08550   0.05054  -0.08063  -0.09550   0.07785   0.01843  -0.03397  -0.02293   0.02355   0.13105  -0.20196  -0.07083   0.04642   0.01457  -0.17716  -0.05828   0.15054 
  0.04674  -0.12602  -0.05745   0.09056   0.07276  -0.11206  -0.04364   0.03533   0.04659  -0.06997  -0.03740   0.02713   0.10718  -0.15649  -0.09381   0.06797  -0.03307  -0.18591  -0.02911   0.15737 
  0.04148  -0.13629  -0.03813   0.08804   0.10453  -0.10680  -0.07976   0.02015   0.03254  -0.11155  -0.05515   0.07915   0.08653  -0.21663   0.02205   0.03988   0.01371  -0.19842  -0.04527   0.15200 
  0.05400  -0.15941  -0.03264   0.08518   0.05808  -0.10508  -0.03998   0.04520   0.06973  -0.11862  -0.05514   0.04222   0.10806  -0.14913  -0.03602   0.01813   0.01149  -0.18798   0.00346   0.11482 
  0.05159  -0.14268  -0.01611   0.06628   0.08643  -0.11898  -0.07284   0.04520   0.06495  -0.12166  -0.00300   0.01498   0.10019  -0.20625  -0.02144   0.05357   0.00946  -0.24263   0.00839   0.13546 
  0.06080  -0.17617  -0.01480   0.07453   0.10361  -0.09041  -0.03764  -0.02475   0.07064  -0.16936  -0.00888   0.03987   0.13970  -0.17216  -0.00703  -0.04422   0.01872  -0.14650   0.00951   0.08522 
  0.07929  -0.13802  -0.00147   0.02253   0.08511  -0.11273  -0.01039  -0.00860   0.05350  -0.15773   0.04412   0.01456   0.16061  -0.21247  -0.04213  -0.01859   0.02934  -0.16260   0.00336   0.09286 
  0.08603  -0.15880   0.00107   0.02546   0.10504  -0.08265  -0.04226  -0.02833   0.08274  -0.13335   0.02171  -0.02084   0.15081  -0.23786  -0.01906  -0.00647   0.06261  -0.08536  -0.00490   0.03209 
  0.10074  -0.12602  -0.00959  -0.00405   0.08223  -0.12845  -0.01065   0.00560   0.10351  -0.16613  -0.00264  -0.01028   0.15621  -0.21849  -0.08565   0.02871   0.09901  -0.14221  -0.00881   0.04680 
  0.10806  -0.16124  -0.02008   0.01883   0.08567  -0.09422  -0.04325   0.00761   0.08852  -0.08660   0.00083  -0.04562   0.14498  -0.16169  -0.07289   0.00002   0.08460  -0.16926  -0.01188   0.07479 
  0.09734  -0.13112  -0.02676   0.01846   0.06230  -0.08350  -0.00855  -0.00055   0.09200  -0.12325   0.03722  -0.05578   0.15388  -0.20421  -0.06168   0.00483   0.05370  -0.19482   0.05026   0.05341 
  0.08730  -0.14977   0.01270   0.00792   0.11866  -0.11501  -0.06114  -0.00899   0.10912  -0.13880  -0.01666  -0.02510   0.14334  -0.16693  -0.03647  -0.02537   0.06243  -0.14595   0.00725   0.06042 
  0.11078  -0.14151  -0.02229   0.00486   0.11785  -0.09693  -0.06845  -0.01398   0.06713  -0.09355  -0.00417  -0.00578   0.13132  -0.12952  -0.04422  -0.02666   0.05076  -0.10767  -0.01197   0.06110 
  0.09703  -0.10888  -0.03082   0.00716   0.11999  -0.11167  -0.06788  -0.00754   0.07739  -0.17969  -0.00608   0.03515   0.13169  -0.14073  -0.07600   0.00889   0.15572  -0.20638  -0.02438   0.05161 
  0.11853  -0.15819  -0.04137   0.02142   0.10267  -0.04220  -0.05508  -0.04527   0.12671  -0.25291  -0.08078   0.05330   0.12052  -0.08017  -0.06545  -0.03216   0.17384  -0.16149  -0.01309  -0.00054 
  0.12147  -0.11598  -0.04044  -0.01116   0.10222  -0.03629  -0.09084  -0.01869   0.03992  -0.22550  -0.12298   0.15574   0.10063  -0.00683  -0.09801  -0.04593   0.20642  -0.22477  -0.00606  -0.00228 
  0.10957  -0.10726  -0.06621   0.01883   0.07970   0.03047  -0.05445  -0.08051  -0.03378  -0.25481  -0.15758   0.23098   0.06248   0.04470  -0.07732  -0.06590   0.28405  -0.24217  -0.03459  -0.05877 
  0.09981  -0.07903  -0.06181   0.00716   0.12552   0.08662  -0.15401  -0.13604  -0.06396  -0.32736  -0.15282   0.26489   0.01399   0.11407  -0.11351  -0.06076   0.34285  -0.33048  -0.07716  -0.05786 
  0.11793  -0.06070  -0.11729   0.01096   0.10076   0.14863  -0.21368  -0.13181  -0.18557  -0.42763  -0.26538   0.35889  -0.02453   0.17999  -0.19218  -0.05790   0.36398  -0.25461  -0.05377  -0.17077 
  0.09392  -0.01690  -0.15845   0.03128   0.11377   0.20778  -0.30476  -0.19926  -0.17140  -0.42344  -0.35539   0.36836  -0.02434   0.18590  -0.13631  -0.11495   0.42744  -0.31578  -0.13921  -0.17924 
  0.12293  -0.01297  -0.22114   0.02802   0.14848   0.21043  -0.40068  -0.22255  -0.18632  -0.38417  -0.33100   0.36372  -0.06883   0.19062  -0.21323  -0.01088   0.46484  -0.31827  -0.19161  -0.22980 
  0.14600  -0.00865  -0.28132   0.02400   0.16234   0.23870  -0.64741  -0.20751  -0.10413  -0.35763  -0.26776   0.31786  -0.03243   0.16872  -0.19493  -0.02682   0.46196  -0.33804  -0.20217  -0.19598 
  0.16684   0.00156  -0.32993   0.00754   0.14353   0.24625  -0.58163  -0.20305  -0.03915  -0.22421  -0.24775   0.25034   0.06255   0.10188  -0.31147   0.01451   0.43994  -0.32775  -0.19211  -0.15163 
  0.16974   0.01481  -0.33084  -0.00877   0.13928   0.21201  -0.57634  -0.12407   0.03863  -0.25302  -0.26100   0.21054   0.08490   0.05415  -0.21050  -0.01114   0.38995  -0.24275  -0.21869  -0.07422 
  0.16737  -0.00224  -0.33356   0.01171   0.12219   0.15850  -0.55030  -0.02050   0.08104  -0.21134  -0.36520   0.18705   0.07703   0.07882  -0.26941   0.00316   0.29011  -0.12982  -0.29748   0.04584 
  0.14210  -0.00097  -0.38673   0.06327   0.12932   0.09766  -0.38232  -0.01615   0.03792  -0.16717  -0.26007   0.18162   0.13023  -0.12812  -0.23888   0.09981   0.25826  -0.13700  -0.26093   0.06775 
  0.13076  -0.05349  -0.29276   0.08133   0.15308   0.06484  -0.39078  -0.01508   0.10317  -0.09104  -0.18908   0.05387   0.17304  -0.18993  -0.18901   0.05156   0.20864  -0.17300  -0.19653   0.10174 
  0.14683  -0.07101  -0.24496   0.05412   0.15534  -0.00937  -0.47230   0.07125   0.05439  -0.10530  -0.19004   0.11651   0.13298  -0.25352  -0.27763   0.17355   0.02161  -0.15133  -0.23441   0.21815 
  0.09579  -0.10510  -0.29693   0.14799   0.17711   0.10545  -0.37354  -0.11593   0.10709  -0.07121  -0.11975   0.00020   0.14892  -0.09304  -0.00511  -0.14097   0.17958  -0.02340  -0.13554  -0.00885 
  0.13873   0.00449  -0.16396  -0.04422  -0.25852   0.23633  -1.09670   0.24245  -0.21051   0.06139  -0.72382   0.28400  -0.32889   0.19775  -0.69111   0.25654  -0.46608   0.13526  -1.02979   0.29683 
 -0.28004   0.16120  -0.90090   0.27070   0.55227  -3.63317  -3.63317  -3.63317   0.52309  -3.63317  -3.63317  -3.63317   0.54598  -3.63317  -3.63317  -3.63317   0.73905  -3.63317  -3.63317  -3.63317 
  0.58422  -3.63317  -3.63317  -3.63317  -3.63317  -1.71145   0.61063  -3.63317  -3.63317  -3.63317  -3.63317  -3.63317  -3.63317  -3.63317  -3.63317  -3.63317  -3.63317  -3.63317  -3.63317  -3.63317 
 -3.63317  -1.75163   0.61897  -3.63317  -3.63317  -3.63317  -3.63317  -3.63317   0.26784  -0.14058  -0.08741  -0.37893   0.04158  -0.12251   0.10797  -0.06395  -3.63317  -3.63317  -3.63317  -3.63317 
  0.08123  -0.10726   0.08988  -0.10546   0.00097  -0.02319  -0.15382   0.12200  -0.10332  -0.07181   0.04073   0.11237   0.00981   0.01218  -0.13960   0.08257  -0.06447  -0.05775   0.07938   0.00362 
 -0.01735  -0.03026  -0.05171   0.08069   0.09146   0.03291  -0.28845   0.05617  -0.02454  -0.00232   0.02859   0.00620   0.01533   0.00062  -0.02563   0.00474  -0.01398  -0.05578   0.00680   0.04828 
  0.01231  -0.00822  -0.04839   0.03559   0.03284   0.09007  -0.19806   0.02788  -0.01578  -0.02239   0.03858   0.00542   0.06082   0.00677  -0.03780  -0.05345  -0.00500   0.03070  -0.00313  -0.02405 
  0.01569   0.03003  -0.04370  -0.00641   0.01808   0.06063  -0.14439   0.03936  -0.02665  -0.01059   0.02654   0.01689   0.08810  -0.01123  -0.04474  -0.06954  -0.06538   0.02283   0.02293  -0.00561 
  0.01079   0.01603  -0.03173   0.00217   0.05861   0.04724  -0.12893  -0.00490   0.00513  -0.07505   0.10461  -0.03841   0.03688   0.02600  -0.00783  -0.07237  -0.03098  -0.00473   0.03676  -0.01418 
  0.02274  -0.00013   0.00442  -0.02820   0.00587   0.03839  -0.04400  -0.00079   0.00070  -0.07820   0.10642  -0.03240   0.08813  -0.04047   0.01949  -0.10851  -0.01447   0.01660   0.00805  -0.01479 
  0.02714  -0.01297   0.01840  -0.03487   0.06637  -0.04548  -0.00853  -0.03484   0.00504  -0.05453   0.09938  -0.04963   0.10314  -0.05445  -0.07644  -0.01843   0.01949   0.01714  -0.00178  -0.02846 
  0.05707  -0.03344   0.00149  -0.03403   0.00997  -0.01167   0.03042  -0.03227   0.01241  -0.02559   0.07897  -0.06346   0.07018  -0.02122  -0.06163  -0.01416   0.02522   0.02698  -0.00109  -0.04396 
  0.03221  -0.00822   0.01229  -0.03910   0.03601   0.02270  -0.00755  -0.05713   0.01852  -0.03434   0.07908  -0.06364   0.06188  -0.01458  -0.01156  -0.05728   0.00801  -0.02940   0.01747   0.00369 
  0.03758  -0.01428   0.01597  -0.04336   0.02228   0.00621  -0.01746  -0.01421   0.03275  -0.06625   0.02691  -0.00644   0.06688   0.01623  -0.09550  -0.02137   0.00536  -0.01145  -0.09633   0.08360 
  0.03865  -0.01254  -0.04698   0.01171  -0.04092  -0.00461   0.04361   0.00291  -0.00997  -0.09527   0.10734  -0.00818   0.05360  -0.05262  -0.01740   0.00001  -0.03825   0.00040  -0.00338   0.02599 
 -0.00975  -0.03344   0.03312   0.00754  -0.01246   0.05032  -0.02164  -0.01199   0.00496   0.00479   0.05797  -0.06148   0.05460   0.04118  -0.04165  -0.08407  -0.06210   0.03251   0.00763  -0.00143 
  0.00238   0.03434  -0.00020  -0.03656   0.03010   0.00800   0.00542  -0.04856   0.02281  -0.11266   0.05712   0.01259   0.04460   0.03398  -0.08600  -0.01800  -0.01801   0.00148  -0.01250   0.02169 
  0.02823  -0.01515  -0.00916  -0.00719  -0.04464   0.06563   0.03658  -0.05314  -0.00293  -0.06099   0.12947  -0.06809   0.05221  -0.01775   0.02074  -0.07504   0.00910   0.00014   0.03043  -0.03886 
  0.00277   0.00030   0.05188  -0.05730   0.02063   0.01621   0.00347  -0.04229   0.03923  -0.03684   0.04523  -0.05563   0.02104  -0.00876  -0.02107   0.00317   0.03749  -0.04364  -0.03126   0.04100 
  0.03401  -0.01822  -0.00530  -0.01435   0.01486   0.04081   0.00542  -0.06213   0.00306  -0.01436   0.04275  -0.02644   0.03191  -0.01266   0.00049  -0.02801   0.01200   0.03362  -0.06399   0.01772 
  0.01681   0.01317  -0.00658  -0.02408  -0.01630  -0.01698   0.04249  -0.01092  -0.02543  -0.01527   0.09956  -0.04741   0.07191  -0.03692  -0.03097  -0.02865  -0.06044   0.01703   0.03925  -0.02044 
  0.00123  -0.01297   0.03779  -0.02655   0.00614   0.02785   0.03675  -0.07331   0.02190  -0.04396   0.07316  -0.05331   0.07239  -0.00559   0.03222  -0.14188   0.00226   0.00881  -0.00103  -0.00886 
  0.03185  -0.00182   0.03195  -0.06669   0.04225   0.00219   0.00903  -0.06320   0.03226  -0.08092   0.05656  -0.02057   0.05820  -0.00292  -0.01858  -0.05763  -0.06415   0.01356   0.01764   0.00815 
  0.03544  -0.01603   0.01229  -0.03529   0.02321  -0.01307   0.04813  -0.06841   0.02770  -0.04722   0.05969  -0.04475   0.04790  -0.00948  -0.02837  -0.02496  -0.00039   0.00342   0.02244  -0.02644 
  0.03041  -0.01646   0.02563  -0.04293   0.01349  -0.01143  -0.00425  -0.00135   0.04690  -0.07297   0.06385  -0.05353   0.02277   0.02208  -0.01583  -0.03830   0.04272  -0.00355   0.02425  -0.05368 
  0.03365  -0.01428   0.01393  -0.03656  -0.02088   0.00692   0.01865  -0.00179  -0.00971  -0.03031   0.03488   0.00828   0.03975  -0.01622  -0.01320  -0.02114   0.01002   0.00469   0.03372  -0.04812 
  0.00737  -0.00908   0.01800  -0.01636  -0.04894   0.03642   0.03495  -0.01661  -0.00463  -0.07365   0.12657  -0.05170   0.03173  -0.01015   0.02295  -0.05516  -0.03103   0.01081   0.02606  -0.01755 
 -0.00935  -0.00607   0.04925  -0.03445   0.00148   0.00740   0.02182  -0.03017  -0.01496   0.00028   0.08391  -0.05837   0.03482  -0.04644   0.00969  -0.00693  -0.00355  -0.02374   0.01723   0.00649 
  0.00966  -0.01690   0.02919  -0.02285   0.02283   0.01440  -0.02593  -0.01430  -0.00709  -0.04634   0.09647  -0.03843   0.07402  -0.00496  -0.05103  -0.04739  -0.00824   0.01580  -0.03255   0.02069 
  0.02714  -0.00351  -0.00701  -0.01878   0.00535  -0.00816   0.06552  -0.07164   0.01928  -0.00601   0.07085  -0.08358   0.03082   0.00813  -0.02656  -0.02247  -0.05805  -0.00362   0.04731  -0.01066 
  0.00737  -0.00351   0.04165  -0.04681  -0.02379   0.05376   0.04493  -0.07415   0.03526  -0.05134   0.08822  -0.08165   0.05330  -0.00630   0.00097  -0.06733  -0.03771   0.02127   0.04538  -0.04637 
  0.01793   0.00574   0.04165  -0.06896   0.04673  -0.01988  -0.00391  -0.03493  -0.00798  -0.02281   0.05624  -0.01822   0.07083  -0.02226  -0.03365  -0.03990  -0.00282   0.02577   0.01990  -0.04531 
  0.03865  -0.01124   0.00526  -0.03656  -0.03815   0.02556   0.03564  -0.01814  -0.01276  -0.02332   0.05677  -0.01282   0.00427   0.00259   0.04885  -0.06225  -0.04796   0.00628   0.07291  -0.05833 
 -0.01816   0.00240   0.05263  -0.03740   0.03893   0.01442  -0.02012  -0.03991   0.01064  -0.05106   0.08738  -0.04706   0.05755  -0.02519  -0.00178  -0.04911   0.00172   0.01812   0.02599  -0.04727 
  0.03473  -0.00994   0.01921  -0.04767   0.01042   0.01861   0.04091  -0.07425   0.01332  -0.01096   0.00619  -0.01078   0.01843   0.03304  -0.07725   0.01000   0.00265   0.00611  -0.00297  -0.00459 
  0.01643   0.01112  -0.00572  -0.02244  -0.00636   0.01925   0.03019  -0.04135   0.00329  -0.01506   0.07528  -0.05754   0.02672   0.01190   0.02790  -0.08064   0.00040  -0.00152   0.02939  -0.02981 
  0.00852   0.00282   0.03818  -0.05071   0.00426   0.04796   0.01009  -0.06145  -0.00506  -0.01610   0.08189  -0.05278   0.04711   0.00953   0.01104  -0.08912  -0.04693   0.03142   0.01558  -0.01745 
  0.01155   0.01805   0.02523  -0.05597  -0.04258   0.02739   0.04913  -0.03013   0.02275  -0.05261   0.03851  -0.01451   0.06371  -0.02923  -0.03563  -0.01995   0.01095  -0.01426   0.05030  -0.04938 
  0.02090  -0.01778   0.02483  -0.02986  -0.01490   0.03244   0.03000  -0.04422  -0.01981   0.02658   0.05768  -0.05221   0.01145   0.05799  -0.02045  -0.06393   0.02321  -0.00683   0.01117  -0.02084 
  0.00045   0.02726   0.01800  -0.04551  -0.00411   0.01511   0.02869  -0.03833  -0.03092  -0.04054   0.10877  -0.02847   0.04987  -0.05962   0.03122  -0.03806   0.02792   0.01364   0.01190  -0.04595 
  0.01381  -0.01822   0.04088  -0.03867   0.00959   0.03637  -0.03009  -0.01542   0.00013  -0.02233   0.04470  -0.01774   0.06467  -0.05355  -0.02929  -0.00342  -0.00399   0.03162  -0.01993  -0.00892 
  0.02495  -0.00139  -0.01262  -0.01315   0.00882   0.06023   0.02025  -0.09348   0.01580  -0.05554   0.07226  -0.03456   0.00285   0.05728  -0.01114  -0.06091   0.00865   0.03945  -0.00116  -0.04540 
  0.01041   0.02845   0.01840  -0.05863   0.01429   0.02853   0.01873  -0.06335   0.04325  -0.02506   0.06801  -0.09658   0.05827   0.00260  -0.02693  -0.05557  -0.02589   0.02355   0.02350  -0.03112 
  0.03509   0.00616   0.01759  -0.06309   0.05167   0.01032  -0.01800  -0.05524   0.01231  -0.03481   0.07684  -0.05258   0.05155   0.01618  -0.02800  -0.06061   0.04991   0.01826  -0.02719  -0.02666 
  0.04674   0.00156  -0.00359  -0.05028  -0.05320   0.03107   0.06231  -0.03788   0.02227  -0.04010   0.04952  -0.03408   0.03987   0.02297   0.02924  -0.11898  -0.02911   0.03867   0.02270  -0.04462 
  0.00161   0.01317   0.04011  -0.05597   0.02310   0.03407   0.01086  -0.07192   0.03526  -0.02457   0.04701  -0.06314   0.06076  -0.00164  -0.02320  -0.05831  -0.00344   0.01767   0.02237  -0.03892 
  0.03901   0.00574   0.01065  -0.05996  -0.00910   0.05772  -0.00249  -0.04213   0.04893  -0.03832   0.05982  -0.08325   0.03106   0.06366   0.01500  -0.14761  -0.01182   0.02489   0.00297  -0.01969 
  0.02348   0.02805   0.01434  -0.06942  -0.00536   0.01871   0.05482  -0.07133   0.00889  -0.05866   0.08785  -0.03891   0.02331   0.03792   0.00080  -0.07746  -0.00489  -0.01499   0.03429  -0.01864 
  0.01344  -0.00437   0.04126  -0.05246  -0.00066   0.02060   0.05682  -0.08197   0.00774  -0.02428   0.06814  -0.04738   0.05009  -0.03175   0.01767  -0.05210  -0.06984  -0.01603   0.04105   0.01403 
  0.01155  -0.01384   0.04318  -0.04293   0.01446   0.01251  -0.01965  -0.00864  -0.00132  -0.03482   0.05185  -0.01190   0.04697   0.01951   0.02054  -0.11461   0.00027  -0.02038  -0.00456   0.02230 
  0.02163  -0.00479   0.00817  -0.02614  -0.03234   0.07223   0.02069  -0.05623   0.04045  -0.05214   0.05218  -0.05054   0.00856   0.01446   0.03444  -0.06516   0.03015  -0.00734   0.05335  -0.07570 
  0.01231   0.00906   0.03895  -0.06264   0.02274   0.02826  -0.02365  -0.02931   0.02530  -0.07230   0.13149  -0.10005   0.05718  -0.00048  -0.00305  -0.07611   0.04283  -0.01818   0.03206  -0.04804 
  0.04254  -0.01471   0.02959  -0.06399   0.01973   0.02168   0.01258  -0.05642  -0.00337  -0.00236   0.06763  -0.05342   0.06892   0.01044  -0.08553  -0.02607   0.00457  -0.01151   0.02118  -0.01400 
