IntronPotTab 1 1024 0.78925
    0.00452
   -0.00291
   -0.00339
    0.00167
    0.03054
   -0.05244
   -0.05484
    0.05596
    0.00181
    0.00801
   -0.00392
   -0.00820
    0.01043
   -0.03580
    0.02353
   -0.00147
   -0.00977
    0.04153
   -0.06537
    0.03128
   -0.02635
    0.06615
   -0.06542
    0.03199
    0.02118
    0.05833
   -0.00621
   -0.07096
    0.08863
    0.00938
    0.03991
   -0.05441
   -0.00532
    0.00327
    0.02493
   -0.01330
   -0.01142
   -0.01677
   -0.02325
    0.04197
    0.00729
    0.01439
    0.08973
   -0.08072
    0.03850
    0.00873
   -0.01432
   -0.02513
   -0.02036
    0.05255
   -0.02223
   -0.01430
    0.02625
   -0.01789
   -0.07377
    0.03504
    0.03548
    0.02221
   -0.03974
   -0.04420
    0.02841
    0.01042
   -0.03549
    0.01147
    0.00955
    0.01662
   -0.05637
    0.02267
    0.03266
   -0.05236
   -0.09109
    0.05491
    0.04534
    0.00024
   -0.09737
    0.00617
    0.03025
   -0.00479
   -0.02954
    0.00725
   -0.03121
    0.04241
   -0.06374
    0.03773
   -0.08157
    0.06162
   -0.06306
    0.09274
    0.05555
    0.02783
   -0.09855
   -0.01602
    0.01347
    0.05978
   -0.10183
    0.01479
    0.01271
    0.02872
   -0.01582
   -0.01779
   -0.02049
    0.02359
    0.02756
   -0.01145
    0.01431
    0.04074
   -0.01955
   -0.04567
   -0.00985
    0.07246
   -0.02469
   -0.02442
    0.26666
   -0.12607
   -0.10611
   -0.11483
    0.01494
   -0.01549
   -0.05921
    0.02450
    0.29319
   -0.17666
   -0.26069
   -0.12669
    0.20173
    0.01082
   -0.15408
    0.01582
    0.02973
   -0.02293
   -0.02118
    0.00886
    0.03129
   -0.08091
   -0.02816
    0.04167
    0.03042
   -0.02786
   -0.01030
   -0.01565
    0.04773
   -0.03996
    0.00762
   -0.00770
    0.00323
   -0.00253
   -0.00990
    0.00751
   -0.04091
    0.11477
    0.01437
   -0.02253
    0.02715
    0.04482
    0.00222
   -0.08048
    0.10803
    0.00374
    0.01701
   -0.06260
    0.02471
   -0.00409
   -0.00395
   -0.02331
    0.00036
   -0.04337
   -0.02606
    0.03978
    0.03369
   -0.02481
    0.05216
   -0.06486
   -0.00195
    0.02518
   -0.00393
   -0.01309
   -0.02285
    0.02216
    0.00719
   -0.00449
    0.03587
    0.00806
   -0.08508
    0.00134
   -0.01470
    0.03647
   -0.00139
   -0.01554
    0.03341
   -0.00656
   -0.03963
    0.03456
    0.00251
    0.02463
    0.02690
   -0.03412
    0.01898
   -0.09160
   -0.12699
    0.12613
   -0.00681
    0.02529
   -0.02874
    0.00089
    0.03595
   -0.04731
    0.02801
   -0.01071
   -0.02785
    0.00310
   -0.04145
    0.04781
   -0.06832
    0.05316
   -0.01431
    0.05382
    0.02767
    0.03688
   -0.01211
   -0.05300
    0.04793
    0.02116
   -0.00903
   -0.02203
   -0.01105
    0.01936
    0.00656
   -0.00196
   -0.01329
   -0.07862
   -0.02135
    0.06274
    0.00264
    0.00428
    0.00984
   -0.01362
    0.01720
   -0.01101
    0.02952
   -0.02732
    0.03847
    0.03365
   -0.07536
   -0.01882
    0.02146
   -0.03620
   -0.08985
    0.05357
    0.05197
    0.01289
   -0.09744
   -0.00346
    0.03556
    0.02989
   -0.07806
    0.03835
    0.01343
   -0.00259
   -0.03148
    0.01871
    0.00733
    0.00544
   -0.05181
    0.02992
   -0.00948
    0.02082
   -0.02809
    0.01335
    0.01841
    0.00735
   -0.01306
   -0.00832
   -0.03080
    0.02086
   -0.01278
    0.03388
   -0.03493
    0.04234
   -0.04471
    0.03839
   -0.00439
    0.06064
   -0.02652
   -0.03555
    0.05208
    0.02017
    0.04950
   -0.05659
    0.01312
    0.02080
    0.01631
   -0.03927
   -0.00343
    0.02238
   -0.03852
    0.00735
   -0.00817
    0.06483
    0.07464
   -0.08109
    0.01890
    0.02723
   -0.00566
   -0.05045
   -0.00909
    0.06132
   -0.07416
   -0.02125
    0.01107
    0.02008
   -0.06367
    0.00648
    0.03052
    0.01528
   -0.07162
   -0.00255
    0.03767
    0.01505
   -0.08348
    0.03044
   -0.01528
    0.04927
   -0.08011
    0.03412
    0.04054
   -0.01261
   -0.13278
    0.03678
    0.02642
   -0.01034
   -0.00651
   -0.02118
    0.03674
    0.04137
   -0.06453
   -0.03500
   -0.06704
    0.12015
    0.01376
   -0.00790
   -0.13211
    0.05267
    0.03427
    0.07054
    0.00327
    0.02841
   -0.02417
   -0.01654
   -0.00128
    0.04748
   -0.05658
   -0.00752
   -0.02833
    0.05230
    0.01696
   -0.00382
    0.01088
   -0.02661
    0.00908
    0.00751
    0.04576
   -0.01289
    0.03222
   -0.05293
   -0.00109
    0.01643
    0.07657
   -0.04642
    0.00867
   -0.02043
   -0.04222
    0.03444
    0.04219
   -0.05850
   -0.07154
    0.03864
    0.06703
   -0.01785
   -0.07903
   -0.00392
    0.10914
   -0.00792
   -0.10364
    0.02753
    0.06535
   -0.03852
   -0.02528
   -0.02669
    0.04781
   -0.07327
   -0.06749
    0.03716
    0.06542
   -0.03433
   -0.00977
   -0.07469
   -0.02620
   -0.00359
    0.02035
    0.00387
   -0.00537
    0.00529
   -0.02397
    0.01722
   -0.05953
    0.08033
    0.00914
    0.01572
   -0.02858
    0.04961
   -0.00605
   -0.01024
   -0.01265
    0.01788
    0.05459
   -0.03677
   -0.00783
    0.01902
    0.02086
   -0.01294
   -0.09250
   -0.00936
    0.06340
    0.06911
   -0.03534
   -0.00988
    0.17669
   -0.05683
   -0.01155
    0.01320
    0.00702
   -0.00755
   -0.04410
    0.06506
   -0.09556
    0.02731
    0.01154
   -0.01637
   -0.05129
    0.02161
   -0.01219
   -0.00071
   -0.01929
    0.03051
    0.10525
    0.01208
   -0.08237
    0.01029
   -0.14979
    0.27392
   -0.20568
    0.03908
    0.00469
   -0.05586
   -0.04453
    0.06027
    0.02620
   -0.01380
   -0.04229
    0.00081
    0.03416
   -0.05385
   -0.01174
    0.03206
   -0.05679
    0.07484
   -0.04614
    0.04012
   -0.07992
    0.08950
   -0.04252
    0.04267
    0.01885
    0.02819
    0.03272
   -0.05672
    0.03662
    0.07133
   -0.08195
   -0.02468
   -0.21626
    0.39302
   -0.23304
   -0.07799
    0.00605
   -0.04646
   -0.02086
    0.02343
   -0.00996
    0.04625
   -0.00048
   -0.03508
   -0.03365
    0.00645
    0.02555
    0.00136
   -0.03021
    0.07177
   -0.10037
   -0.01219
    0.00661
   -0.01946
   -0.05414
    0.02469
    0.01779
    0.01777
   -0.05671
   -0.00157
    0.02675
    0.05574
   -0.12014
    0.03507
    0.04523
   -0.01263
   -0.02848
   -0.01414
    0.03704
   -0.04463
   -0.06545
    0.05293
    0.01010
   -0.00346
   -0.00758
   -0.00959
    0.00396
   -0.01325
    0.02655
   -0.02290
   -0.03660
    0.13050
   -0.07452
    0.02453
   -0.02608
    0.11189
   -0.06202
    0.02389
    0.02163
    0.06348
   -0.01877
   -0.06694
    0.09498
    0.04951
   -0.02190
   -0.05251
   -0.01897
    0.01104
    0.04441
   -0.01572
   -0.00043
   -0.00878
   -0.01027
    0.01372
   -0.00001
    0.02382
    0.12773
   -0.11166
    0.00658
   -0.00392
    0.00900
   -0.01565
   -0.01741
    0.03831
   -0.01990
   -0.00121
    0.03229
   -0.02498
   -0.03405
    0.00353
    0.02350
    0.00999
   -0.04924
   -0.00465
    0.05741
    0.02872
   -0.05113
    0.00234
    0.01315
    0.00628
   -0.01750
   -0.00632
    0.04735
   -0.04804
   -0.05032
    0.02134
    0.00626
    0.00014
   -0.04242
    0.03224
    0.08528
   -0.06390
    0.00863
   -0.01057
   -0.01272
    0.05733
   -0.01785
   -0.00549
   -0.11709
    0.16793
   -0.01233
    0.04458
    0.02387
   -0.00301
   -0.03898
    0.00325
    0.01642
    0.02541
   -0.07267
    0.02141
    0.00331
   -0.03326
   -0.00611
    0.01158
    0.00525
    0.02654
    0.02517
   -0.04077
    0.03387
    0.02053
   -0.02557
   -0.04514
    0.04198
    0.00339
   -0.03331
   -0.01216
    0.16082
   -0.09158
   -0.13222
   -0.04972
    0.05554
   -0.02631
   -0.05749
   -0.01090
    0.18821
   -0.13560
   -0.09182
   -0.05347
    0.18674
   -0.00497
   -0.10944
   -0.00211
    0.02333
   -0.02466
    0.00612
   -0.02398
    0.01086
   -0.01435
   -0.03864
    0.03649
    0.00832
   -0.03775
    0.02112
   -0.00624
    0.01721
   -0.02940
    0.03120
   -0.02245
   -0.00213
    0.00890
   -0.01426
    0.01139
   -0.06989
    0.11929
    0.00280
    0.03814
   -0.01376
    0.04286
    0.00508
   -0.02163
    0.09324
   -0.02350
    0.03017
   -0.06087
    0.01201
    0.00636
    0.00155
   -0.02168
   -0.01221
   -0.00608
    0.03510
   -0.01080
   -0.03390
    0.07566
    0.09296
   -0.09442
   -0.04665
    0.04152
   -0.01820
    0.04002
   -0.02518
    0.00453
   -0.02443
    0.03744
    0.00968
   -0.03048
   -0.02504
    0.02673
   -0.00743
   -0.01599
    0.03875
   -0.02250
    0.04392
    0.01074
   -0.02652
   -0.00056
    0.01214
   -0.01924
   -0.00995
    0.00194
    0.00412
   -0.06780
   -0.08925
    0.11221
    0.01293
   -0.04198
   -0.02747
    0.04185
    0.04185
   -0.05274
   -0.00576
    0.01342
   -0.03188
    0.03813
    0.00196
    0.02293
   -0.07706
    0.06872
    0.02110
    0.06026
   -0.01250
    0.05885
    0.01293
   -0.02696
    0.04924
    0.06730
   -0.05098
   -0.02969
    0.01096
    0.01634
   -0.04283
    0.00120
   -0.00498
   -0.02432
   -0.01300
    0.02431
   -0.01679
    0.00800
    0.09071
   -0.03328
    0.03442
   -0.05128
    0.02028
   -0.02101
    0.00613
    0.00559
   -0.05935
    0.02113
   -0.00759
   -0.00412
   -0.05628
    0.05038
    0.01791
   -0.00612
   -0.03615
    0.01132
    0.06288
   -0.00700
   -0.07649
    0.05538
    0.01311
    0.03427
   -0.03966
    0.00272
    0.02972
    0.02931
   -0.10273
    0.02663
   -0.01583
    0.03908
   -0.01240
   -0.01827
   -0.04950
    0.03272
    0.02428
   -0.01840
   -0.03702
    0.04326
   -0.03610
    0.03666
   -0.01516
    0.03363
   -0.01766
    0.00854
   -0.00109
    0.06107
    0.00198
   -0.05785
    0.04479
   -0.05196
    0.14142
   -0.10581
   -0.00440
    0.03412
    0.02506
   -0.03842
   -0.00082
   -0.04814
    0.00575
    0.03262
   -0.00100
    0.04947
    0.02789
   -0.06449
    0.02596
    0.01331
   -0.01429
   -0.03146
   -0.05223
    0.04180
   -0.01619
    0.01724
    0.02297
   -0.00344
   -0.13837
    0.07052
    0.01282
    0.02305
   -0.04591
   -0.00757
   -0.02290
    0.02293
    0.01396
   -0.02127
    0.01300
    0.01864
   -0.06083
    0.01496
    0.04832
   -0.01944
   -0.10465
    0.02956
    0.04057
   -0.02393
   -0.04366
    0.01197
    0.03376
   -0.03193
   -0.03621
    0.04022
   -0.04314
    0.06906
   -0.03509
    0.01873
   -0.11050
    0.13685
   -0.09894
    0.09359
    0.03610
   -0.02057
   -0.01106
   -0.01977
    0.09502
    0.02242
   -0.06290
   -0.01912
   -0.00270
    0.07104
   -0.03738
   -0.01437
   -0.00437
    0.01977
   -0.03167
    0.00393
    0.05333
    0.00684
    0.03008
   -0.10491
   -0.04181
    0.04465
    0.01730
   -0.01992
    0.07671
   -0.04101
   -0.03213
   -0.00136
    0.02677
   -0.04564
   -0.08699
    0.04716
    0.14400
   -0.06617
   -0.09918
   -0.02855
    0.12843
    0.00251
   -0.10598
    0.02387
    0.04113
    0.00066
   -0.04314
   -0.00295
    0.07425
   -0.04198
   -0.17386
    0.07209
    0.06341
   -0.03144
   -0.03609
   -0.03660
    0.06022
   -0.03667
   -0.01819
    0.01552
    0.00986
   -0.02859
   -0.01274
    0.01352
   -0.03906
    0.02464
   -0.00429
    0.04595
   -0.03063
    0.06724
    0.04792
   -0.05399
    0.11653
   -0.04680
    0.04713
   -0.06944
   -0.00828
   -0.00983
    0.03555
   -0.00948
   -0.01619
   -0.00688
    0.02475
    0.00722
    0.01144
   -0.00874
    0.08618
   -0.06477
    0.02569
   -0.04296
    0.00483
    0.00453
   -0.00410
    0.02120
   -0.05995
    0.01560
    0.03265
   -0.09791
   -0.03131
    0.04246
   -0.01145
   -0.00532
   -0.04088
    0.04306
    0.04695
   -0.01034
   -0.06498
    0.05837
    0.00528
    0.06534
   -0.02755
   -0.02737
    0.01990
   -0.07475
   -0.10514
    0.13907
    0.02773
   -0.02618
    0.02026
   -0.02847
   -0.03456
    0.00350
   -0.00983
    0.02534
   -0.01791
    0.01700
   -0.04754
    0.03164
   -0.05097
    0.06326
   -0.06862
    0.06110
    0.01842
    0.05743
   -0.02545
   -0.04908
    0.05593
    0.05231
   -0.05821
   -0.02393
    0.01236
    0.03182
   -0.09269
    0.01283
   -0.04500
   -0.02569
   -0.02630
    0.07396
    0.01530
    0.00548
    0.00827
   -0.03341
   -0.00597
   -0.02033
    0.00305
    0.01288
   -0.01444
    0.01312
   -0.09021
    0.03973
    0.01148
   -0.03910
   -0.07473
    0.05414
   -0.00215
    0.02127
   -0.04575
    0.01758
   -0.00272
    0.03397
   -0.08529
    0.05673
