10 20 3 1 47 -3.1251 2.4313 4.5514 4966
  0.03598  -0.01268  -0.01597  -0.01642   0.02739  -0.01648   0.03214  -0.04791   0.04057  -0.08565   0.03683  -0.02717   0.03493  -0.06556   0.06144  -0.04246   0.03328  -0.02297   0.03668  -0.03304 
  0.03570  -0.04425   0.03932  -0.03800   0.01341   0.00408   0.04124  -0.05206   0.04242  -0.00383  -0.06863  -0.00881   0.02693   0.02350   0.03406  -0.09966  -0.04953   0.06864  -0.02588  -0.01252 
  0.02012   0.02714  -0.00147  -0.04272   0.03323   0.02118  -0.05498  -0.01582   0.05177  -0.04988  -0.03395  -0.01351   0.04809   0.01150  -0.01048  -0.07853   0.02308   0.03220  -0.01708  -0.02526 
  0.04717   0.00529  -0.03315  -0.03068   0.00955   0.01343   0.01454  -0.03135   0.02809  -0.06055   0.02870  -0.01835   0.04612  -0.04634   0.04050  -0.05908   0.03150   0.05551   0.00844  -0.07568 
  0.03086  -0.00320   0.01843  -0.04612   0.01051   0.00739   0.00694  -0.02233   0.04091  -0.04489   0.01522  -0.03666   0.03702  -0.00511   0.02124  -0.06928  -0.00307   0.03940  -0.02742  -0.00870 
  0.03000   0.00208  -0.00229  -0.03201   0.05117   0.01130  -0.03372  -0.04747   0.05363  -0.02481  -0.05630  -0.01820   0.03759  -0.02742   0.01588  -0.04110   0.03282   0.03769  -0.01843  -0.03486 
  0.05047   0.00127  -0.02534  -0.03733   0.00034   0.02301   0.02648  -0.03672   0.01543  -0.06383   0.02881   0.00070   0.02855  -0.06235   0.08777  -0.06278   0.06458   0.03685   0.01009  -0.08137 
  0.02654  -0.01102   0.03146  -0.04612   0.00339   0.04835   0.01938  -0.05417  -0.00038   0.02269   0.02915  -0.03871   0.03479  -0.01487   0.05083  -0.08419   0.02073   0.04065  -0.03446  -0.01743 
  0.02012   0.02370   0.00859  -0.04818   0.02814   0.04048  -0.04383  -0.03095   0.04727  -0.07896  -0.03051   0.00822   0.03690  -0.08004   0.03880  -0.01144   0.01499   0.02477  -0.01434  -0.01647 
  0.04105  -0.01772  -0.01850  -0.01642  -0.00405  -0.00587   0.07976  -0.05852   0.04450  -0.04484   0.01728  -0.04381   0.01047   0.01512   0.01091  -0.03993  -0.02470   0.01718   0.05431  -0.05045 
  0.01092  -0.00279   0.04740  -0.04955   0.03734   0.01650   0.00733  -0.06445   0.02287  -0.01109   0.01686  -0.03545   0.03662   0.01542   0.04363  -0.11746  -0.00374   0.05278  -0.01433  -0.03085 
  0.03485   0.02101   0.00660  -0.06177   0.03832  -0.04507   0.02166  -0.03482   0.04997  -0.03708  -0.02569  -0.02499   0.00998   0.02123  -0.00773  -0.03013   0.03445   0.02103  -0.04664   0.00042 
  0.04329  -0.01143  -0.01808  -0.02414   0.00837   0.01146   0.04108  -0.05083   0.07024  -0.11439   0.03954  -0.05873   0.04060  -0.06960   0.04390  -0.03089   0.01578   0.01235   0.00805  -0.02531 
  0.03683  -0.03057   0.02957  -0.04103   0.02901  -0.00165   0.04631  -0.07371   0.02873   0.02322   0.02376  -0.07785   0.03668  -0.00493   0.00224  -0.05134  -0.03987   0.05036   0.00363  -0.02473 
  0.02682   0.01635   0.01726  -0.05719   0.04148  -0.04568  -0.02606  -0.00281   0.03414  -0.02804  -0.00844  -0.02033   0.01344   0.00257  -0.04032   0.00917   0.00391   0.01234  -0.02056   0.00453 
  0.03570  -0.01603  -0.02792  -0.00477   0.03747  -0.02916   0.04744  -0.06678   0.06653  -0.03922   0.02806  -0.09429  -0.01025  -0.02026   0.11022  -0.07055   0.05854   0.01893   0.00899  -0.05878 
  0.03853  -0.01478   0.04374  -0.06927  -0.00065  -0.01584   0.07432  -0.05045   0.06736   0.02645  -0.02768  -0.10327   0.02991  -0.02070   0.05585  -0.07439  -0.00944   0.04061  -0.01558  -0.01573 
  0.03371   0.00449   0.02153  -0.05895   0.03295  -0.03884  -0.00979  -0.00767   0.03753  -0.00968  -0.03776  -0.01754   0.02059  -0.01315  -0.01629  -0.00304   0.05059   0.04589  -0.01181  -0.05975 
  0.04217  -0.00442  -0.02148  -0.02577  -0.00693   0.02705   0.04707  -0.04862   0.06219  -0.08599   0.05746  -0.07992   0.03203  -0.05197   0.06310  -0.05253   0.02658   0.02653   0.02174  -0.05693 
  0.02971  -0.01352   0.04264  -0.05825   0.02617   0.01311   0.01621  -0.05393   0.01639  -0.00922   0.02962  -0.03787   0.01390   0.00982   0.03788  -0.06441   0.04802   0.01477  -0.00700  -0.03377 
  0.03200   0.00649   0.01216  -0.05024  -0.00119   0.00472   0.03485  -0.02877   0.05025  -0.01600  -0.01760  -0.04635   0.02657  -0.00048  -0.02631  -0.01670   0.01706   0.03590  -0.00552  -0.03477 
  0.02971   0.00569  -0.00311  -0.03399   0.02869  -0.05383   0.05588  -0.04607   0.02109  -0.03976  -0.01037   0.00650   0.01968  -0.03023   0.06738  -0.05917   0.01435  -0.01918   0.05762  -0.04526 
  0.02740  -0.03758   0.04411  -0.03766   0.01396  -0.00314   0.03041  -0.03823   0.05086  -0.00112  -0.02630  -0.05220   0.03372   0.05380   0.02927  -0.15106   0.07001   0.01687   0.00155  -0.05789 
  0.04217   0.01830   0.00859  -0.07036   0.06364  -0.04059   0.00775  -0.06188   0.05467  -0.05932   0.01569  -0.04851   0.01862   0.03784   0.01116  -0.08062   0.06200  -0.01932   0.02909  -0.04710 
  0.06049  -0.02239   0.01137  -0.06107   0.04005  -0.03151   0.06258  -0.08358   0.04359  -0.02570  -0.00862  -0.03574   0.04517  -0.06717   0.09994  -0.10154   0.02592  -0.00634   0.02623  -0.03212 
  0.04855  -0.03581   0.04338  -0.06426   0.03891   0.00767   0.05384  -0.10329   0.03986  -0.01704   0.01377  -0.05397   0.04674  -0.00152   0.02273  -0.09235   0.02315   0.04476  -0.01774  -0.03607 
  0.04772   0.00927   0.01491  -0.07508   0.03582  -0.00340  -0.00992  -0.03397   0.02410  -0.02315  -0.01609  -0.00436   0.00995  -0.03214   0.05303  -0.02798   0.03596   0.00476  -0.01266  -0.01342 
  0.03712  -0.01688  -0.00393  -0.02382  -0.02170   0.03917   0.05815  -0.05015   0.03696  -0.04568   0.04498  -0.05503   0.01930  -0.07557   0.06820  -0.01609   0.05277   0.01709   0.04408  -0.08867 
  0.01894  -0.01060   0.05175  -0.05649   0.02068  -0.00587   0.04918  -0.06169   0.02843   0.01393   0.04847  -0.09214   0.03227   0.01832   0.06612  -0.13986   0.01338   0.02116  -0.00196  -0.02276 
  0.03286   0.01086   0.03334  -0.07471   0.03217  -0.01495   0.04033  -0.06278   0.05102  -0.11726  -0.00295   0.00564   0.02211  -0.00236   0.00242  -0.03117   0.04932  -0.03048   0.00117  -0.00569 
  0.04772  -0.03802   0.00700  -0.02904  -0.01869   0.00110   0.10358  -0.06968   0.04901   0.01528   0.00247  -0.08591   0.03961  -0.04216   0.06094  -0.07315   0.03167   0.00824   0.04592  -0.06770 
  0.02450  -0.00647   0.05854  -0.07362   0.03305  -0.01796   0.03720  -0.05905   0.01861   0.02836   0.03851  -0.07967   0.00878  -0.00013   0.09670  -0.10938  -0.00948   0.06437   0.01786  -0.06821 
  0.02740   0.01752   0.04006  -0.08059   0.03515  -0.00156   0.00628  -0.04711   0.06040  -0.01844  -0.03080  -0.05092   0.03360  -0.04515   0.01679  -0.01837   0.03546  -0.01523   0.00983  -0.01615 
  0.05320  -0.02367  -0.00393  -0.03766   0.02158  -0.03690   0.10952  -0.10311   0.03351  -0.04881   0.04179  -0.04475   0.01448  -0.03124   0.07910  -0.06223   0.03300  -0.01551   0.06684  -0.06992 
  0.02971  -0.03450   0.07626  -0.07471   0.01079  -0.00702   0.06795  -0.06542   0.05570  -0.05331   0.03825  -0.07392   0.02972   0.01073   0.09075  -0.15626  -0.00838   0.05131  -0.00163  -0.03778 
  0.03485   0.00609   0.04301  -0.08244   0.05495  -0.14669   0.05682  -0.03055   0.05884  -0.05181  -0.01290  -0.03789   0.06200  -0.08186   0.00819  -0.02292  -0.00508  -0.00119   0.03333  -0.02514 
  0.06183  -0.07156   0.02037  -0.03333   0.05653  -0.04232   0.02254  -0.06287   0.03655  -0.08361   0.04729  -0.03118   0.04588  -0.09182   0.08092  -0.05643   0.04844  -0.02125   0.05247  -0.05986 
  0.05211  -0.05607   0.04667  -0.05614   0.03924  -0.01386   0.04554  -0.07860   0.06128  -0.00894   0.02053  -0.10277   0.03220   0.00128   0.09184  -0.14936   0.03840   0.02349   0.01617  -0.05635 
  0.04965   0.00006   0.03932  -0.09297   0.02110  -0.04973   0.02854  -0.01560   0.05357  -0.02279   0.03002  -0.08620   0.04675  -0.01949   0.02311  -0.07176   0.04378  -0.00285   0.01522  -0.03586 
  0.05211  -0.02840   0.01726  -0.05059   0.02025  -0.07271   0.07431  -0.04044   0.03939  -0.08899   0.07011  -0.05235   0.00525  -0.04878   0.10546  -0.05881   0.00545  -0.03606   0.06972  -0.03908 
  0.02596  -0.06164   0.07524  -0.04783   0.00840  -0.01614   0.06208  -0.05018   0.04292  -0.02617   0.02609  -0.06229   0.01990   0.01175   0.04908  -0.08831   0.03761  -0.02541  -0.00260   0.00051 
  0.03028  -0.01185   0.02995  -0.04852   0.02053  -0.04222  -0.00918   0.00869   0.04523  -0.04341  -0.05940   0.00787   0.02441   0.00103   0.01744  -0.05172   0.02697   0.00229   0.00465  -0.02057 
  0.03570  -0.01983  -0.01178  -0.01387  -0.00134   0.01610   0.07485  -0.07374   0.05971  -0.06538  -0.00667  -0.03491   0.02233  -0.05374   0.07972  -0.05243   0.01287   0.01955   0.06559  -0.08766 
  0.02421  -0.01436   0.05818  -0.06604   0.00838  -0.01767   0.07700  -0.06343   0.06275  -0.04575   0.07478  -0.12977   0.05071  -0.06843   0.10003  -0.11091  -0.00403  -0.05523   0.09079  -0.04154 
  0.04189  -0.04876   0.08067  -0.08356   0.06839  -0.13059  -0.03084   0.01059   0.13256  -0.09443  -0.13517  -0.05776   0.09860  -0.09789  -0.05484  -0.02239   0.11928  -0.08620   0.02376  -0.03265 
  0.11050  -0.10429  -0.04200  -0.02577   0.08129  -0.03843   0.03016  -0.11262   0.16310  -0.15312  -0.03390  -0.16337   0.08073   0.01410  -0.04389  -0.11475   0.10454  -0.05042   0.03232  -0.05578 
  0.10498  -0.05012   0.00978  -0.10104   0.15646  -0.06065  -0.00142  -0.22241   0.16394  -0.03251  -0.15355  -0.16578   0.14583   0.03360  -0.00035  -0.41552   0.21340   0.00367  -0.06557  -0.11081 
  0.17635  -0.02111  -0.04786  -0.21120   0.19334  -0.19345  -0.09320  -0.13056   0.18698  -0.06931  -0.22126  -0.15076   0.19911  -0.09722  -0.12719  -0.21121   0.11241  -0.09272  -0.00676   0.00245 
  0.21025  -0.14136  -0.11013  -0.12005  -0.15688  -0.26166   0.39434  -0.24710  -0.05587  -0.16478   0.25680  -0.09451  -0.03177  -0.15985   0.29144  -0.18700  -0.27065  -0.16197   0.28692  -0.13927 
 -0.10932  -0.21517   0.33094  -0.18456  -1.84323  -3.69609   0.68288  -3.69609  -1.74442  -3.69609   0.71309  -3.69609  -2.25627  -3.69609   0.71978  -3.69609  -1.58761  -3.69609   0.58201  -3.69609 
 -1.91199  -3.69609   0.66522  -3.69609  -3.69609  -3.69609  -3.69609   0.54206  -3.69609  -3.69609  -3.69609  -3.69609  -3.69609  -1.74815  -3.69609   0.61285  -3.69609  -3.69609  -3.69609  -3.69609 
 -3.69609  -1.70357  -3.69609   0.54383  -3.69609  -3.69609  -3.69609  -3.69609   0.22057  -0.60236   0.23867  -0.75804  -3.69609  -3.69609  -3.69609  -3.69609   0.34164  -0.57765   0.28297  -0.70428 
  0.11643  -0.51805   0.36517  -0.65029   0.26095  -0.13878  -0.31615  -0.20530   0.15855   0.00010  -0.12393  -0.20771   0.40632  -0.53189  -0.47777  -0.86007   0.14222   0.07916  -0.02923  -0.15717 
  0.37983  -0.26814  -0.36167  -0.41855  -0.66980  -1.06162   0.62760  -0.86947  -0.15837  -0.28638   0.41923  -0.23906  -0.05121  -0.26992   0.36060  -0.22656  -0.15268  -0.44446   0.40620  -0.40139 
 -0.39355  -0.68935   0.55265  -0.59614   0.01023  -0.02138   0.03964  -0.02905   0.00968  -0.07676   0.05662  -0.00583  -0.65014  -0.53429  -0.80018   0.53202   0.00414  -0.03433   0.03867  -0.00958 
 -0.36768  -0.34429  -0.43359   0.39150   0.06621  -0.02195   0.01376  -0.08428   0.08751   0.01157  -0.11863  -0.06127   0.03341  -0.00306   0.03892  -0.08309   0.44247  -0.41613  -0.02845  -0.22254 
  0.19245  -0.23350   0.02461  -0.14592  -0.11846  -0.09032  -0.04325   0.16339   0.08035  -0.11317  -0.11693   0.02963   0.01298  -0.11437  -0.05677   0.10867   0.04712  -0.11526   0.03447   0.02219 
 -0.01314  -0.11524  -0.03933   0.10449   0.05969  -0.12542   0.02128  -0.01793   0.09282  -0.12337  -0.03767  -0.03096   0.10558  -0.13251   0.00946  -0.05915   0.12748  -0.07733   0.02289  -0.04423 
  0.07315  -0.09917   0.02230  -0.03068   0.01587  -0.03337  -0.01274   0.01137   0.05512  -0.05905  -0.00829  -0.03072   0.11286  -0.03082   0.01542  -0.19369   0.06640  -0.04109   0.01825  -0.02306 
  0.06183  -0.04068   0.00258  -0.04069   0.00320  -0.02973  -0.02266   0.02970   0.08270   0.00199  -0.10628  -0.05276   0.07317   0.00580  -0.05592  -0.07858   0.02672  -0.02672   0.04022  -0.02952 
  0.04937  -0.01772  -0.02319  -0.02252   0.01729  -0.12002   0.06577  -0.00359   0.06716  -0.14977  -0.03413   0.01969   0.06868  -0.04037  -0.02298  -0.04687   0.10281  -0.09225   0.00275   0.00096 
  0.05942  -0.10019   0.01137  -0.00446   0.01456  -0.03515   0.05573  -0.03948   0.02786  -0.02000   0.00074  -0.02374   0.06542  -0.09086   0.05106  -0.06034   0.06935  -0.10073   0.04344  -0.00721 
  0.03937  -0.06681   0.04338  -0.02970   0.03461  -0.08893   0.02875  -0.01031   0.05054  -0.07052  -0.04608   0.00868   0.07508  -0.08038  -0.05533   0.00304   0.08986  -0.09985   0.02448  -0.00404 
  0.06183  -0.08712  -0.00311  -0.00415  -0.00093  -0.02973   0.03464  -0.00650   0.08292  -0.21051   0.02810  -0.01940   0.06936  -0.09083   0.03094  -0.04774   0.09044  -0.09790   0.07330  -0.05284 
  0.05074  -0.09210   0.04740  -0.02970   0.02884  -0.07135   0.02620  -0.01079   0.04675  -0.06612   0.01585  -0.03183   0.02204   0.00507   0.01318  -0.04857   0.05865  -0.05393   0.08868  -0.08033 
  0.03881  -0.04380   0.04154  -0.04408   0.04552  -0.18666   0.05646   0.00016   0.06276  -0.13316  -0.04777   0.02614   0.05659  -0.11299   0.00966   0.00937   0.05919  -0.07884   0.04713  -0.01837 
  0.06049  -0.12539   0.02384  -0.00075   0.01429  -0.10079   0.05236   0.00139   0.03892  -0.09168  -0.01570   0.01698   0.07527  -0.08740   0.01971  -0.05092   0.09882  -0.07840   0.05663  -0.05515 
  0.04910  -0.08811   0.03932  -0.02317   0.03914  -0.06448   0.03649  -0.03639   0.05691  -0.06103  -0.05591   0.00015   0.06177  -0.04956   0.00230  -0.04725   0.06055  -0.04569   0.03891  -0.03490 
  0.05483  -0.05424   0.01570  -0.03300   0.01183  -0.05325  -0.00624   0.02257   0.05240  -0.06876  -0.14276   0.05621   0.08144  -0.02768  -0.06186  -0.05176   0.11025  -0.04318  -0.01217  -0.02507 
  0.05969  -0.04831  -0.04156   0.00079   0.02148  -0.10738   0.00331   0.03271   0.06501  -0.12232   0.00118  -0.01493   0.05573  -0.08278   0.02740  -0.02851   0.07950  -0.05536   0.02172  -0.02435 
  0.04882  -0.08910   0.01491  -0.00198   0.01124  -0.02932   0.07087  -0.05310   0.04244  -0.04822  -0.04620   0.00656   0.05134  -0.04643   0.03248  -0.06016   0.10726  -0.06543   0.01200  -0.02766 
  0.04468  -0.04786   0.02729  -0.03533   0.01120  -0.03323  -0.01654   0.01906   0.05885  -0.07797  -0.13930   0.05130   0.06585  -0.01726  -0.05487  -0.04035   0.09390  -0.06049   0.01801  -0.02712 
  0.05483  -0.04605  -0.03359  -0.00075   0.01183  -0.08607   0.07381  -0.02178   0.08485  -0.10610  -0.05339  -0.01719   0.06660  -0.04590  -0.02951  -0.03256   0.09002  -0.04686   0.02992  -0.04551 
  0.05537  -0.06918   0.02230  -0.02871   0.02021  -0.03747   0.00763  -0.00575   0.07787  -0.03183  -0.07778  -0.03734   0.03642  -0.02568   0.03079  -0.05475   0.07273  -0.06403   0.00894  -0.00297 
  0.04937  -0.04291  -0.00147  -0.02058   0.04120  -0.13400  -0.00480   0.02803   0.06858  -0.09734  -0.06186   0.00790   0.05802  -0.09246  -0.06410   0.04336   0.08390  -0.04538   0.00572  -0.02042 
  0.06129  -0.09060  -0.02233   0.01258   0.00537  -0.03545   0.05953  -0.03123   0.02104  -0.10263  -0.00358   0.03753   0.08965  -0.06329  -0.04823  -0.04188   0.08982  -0.04258   0.01104  -0.03116 
  0.04189  -0.05469   0.01726  -0.01865   0.01483  -0.04031   0.06167  -0.04186   0.05757  -0.04098  -0.04740  -0.01897   0.07488  -0.06169  -0.03585  -0.02689   0.08977  -0.00869  -0.02914  -0.02339 
  0.05510  -0.03625  -0.00475  -0.02970   0.02048  -0.04203   0.00790  -0.00357   0.05182  -0.06744  -0.08770   0.02927   0.08465  -0.08088  -0.05101  -0.01527   0.07699  -0.04501   0.00120  -0.01235 
  0.05699  -0.05931  -0.02233  -0.00229  -0.03882   0.01365   0.06156  -0.01509   0.03813  -0.03636  -0.00947  -0.01966   0.08859  -0.09531  -0.02860  -0.02664   0.06718  -0.04809  -0.00893   0.00410 
  0.02913  -0.03979   0.01176  -0.01040   0.01396  -0.00329   0.00179  -0.01538   0.05762  -0.02770  -0.02899  -0.04096   0.06711  -0.03252   0.01806  -0.08976   0.06256  -0.02360  -0.02572   0.00262 
  0.04745  -0.02153  -0.00970  -0.02773   0.00760  -0.00162  -0.02493   0.00976   0.04832  -0.09308  -0.04972   0.02645   0.08649  -0.06576  -0.05836  -0.02637   0.10650  -0.02126  -0.03615  -0.01960 
  0.05753  -0.04112  -0.04066  -0.00229  -0.03662  -0.00426   0.04953   0.00435   0.06233  -0.13266  -0.04786   0.02654   0.07020  -0.02485   0.01760  -0.10426   0.09599  -0.01981   0.01116  -0.05361 
  0.03627  -0.03669   0.01609  -0.02414  -0.00191   0.02433  -0.01093  -0.00621   0.06458  -0.04084  -0.07077  -0.01470   0.06278   0.00212  -0.03467  -0.07261   0.08903  -0.02624  -0.01454  -0.02107 
  0.04937  -0.00895  -0.02836  -0.02544   0.01647  -0.00807  -0.06994   0.03161   0.05628  -0.12838  -0.09315   0.05711   0.07385  -0.03325  -0.07612  -0.02249   0.08876  -0.05519  -0.01712   0.00187 
  0.05564  -0.05286  -0.05841   0.01939  -0.02483   0.03713   0.01754  -0.01083   0.03537  -0.14037   0.00807   0.03053   0.02963   0.02870  -0.01216  -0.06600   0.09855  -0.08971   0.02812  -0.01949 
  0.02129  -0.03406   0.01804  -0.01103  -0.01803   0.06469  -0.01609  -0.01382   0.02023  -0.08894  -0.10124   0.08487   0.04500   0.02535  -0.02131  -0.08031   0.10325   0.01915  -0.02637  -0.05918 
  0.03057   0.01596  -0.03535  -0.01865  -0.00784   0.07810  -0.07358   0.00248  -0.01192  -0.10118  -0.12342   0.13148   0.08307   0.00018  -0.15266  -0.02309   0.09438  -0.05901   0.05112  -0.06060 
  0.03371  -0.01645  -0.04967   0.01258  -0.02950   0.06576   0.00135  -0.01480  -0.03949  -0.21848  -0.07253   0.17434   0.10183   0.03769  -0.08866  -0.15523   0.10397  -0.08729   0.05857  -0.05463 
  0.02334  -0.03406  -0.00147   0.00201  -0.02007   0.13444  -0.07971  -0.02762  -0.02864  -0.18301  -0.19029   0.19605   0.10551   0.04942  -0.11679  -0.15769   0.12007  -0.05659   0.05075  -0.08241 
  0.03712   0.00888  -0.05150  -0.00883  -0.02540   0.18427  -0.14187  -0.03388  -0.06082  -0.20878  -0.21254   0.23143   0.11988   0.03075  -0.20399  -0.10049   0.18631  -0.12239   0.05422  -0.09633 
  0.04412  -0.00238  -0.08473   0.01348  -0.06825   0.18126  -0.02587  -0.05937  -0.07696  -0.17458  -0.18155   0.22439   0.14454  -0.01554  -0.06249  -0.21572   0.11946  -0.09861   0.08200  -0.08481 
  0.01539  -0.00279  -0.01095  -0.00539  -0.04256   0.24528  -0.13363  -0.09260  -0.01348  -0.10361  -0.23228   0.16985   0.15064   0.01599  -0.07494  -0.27634   0.11915  -0.05059   0.03785  -0.07272 
  0.04745   0.04976  -0.07209  -0.04170  -0.01045   0.18679  -0.24719  -0.00263  -0.03762  -0.08613  -0.16813   0.16326   0.15509  -0.03678  -0.18726  -0.10935   0.13098  -0.04951   0.03409  -0.07951 
  0.05184   0.01830  -0.11805   0.00899  -0.05719   0.20608  -0.12199  -0.03395  -0.00502  -0.04554  -0.22196   0.13543   0.16355  -0.05129  -0.11498  -0.16925   0.12261  -0.09412   0.03214  -0.03761 
  0.03796   0.02101  -0.07449  -0.00415  -0.06310   0.20399  -0.16013  -0.00491  -0.00318  -0.03052  -0.21800   0.12537   0.10750  -0.01944  -0.06384  -0.11205   0.10512  -0.00892  -0.05162  -0.01642 
  0.02392   0.04940  -0.11381   0.01139  -0.03511   0.20443  -0.20294  -0.01330  -0.03955   0.03798  -0.28085   0.14029   0.12678  -0.02193  -0.18615  -0.06258   0.09102   0.03177  -0.11230   0.00165 
  0.02129   0.07194  -0.17915   0.02898  -0.07035   0.14908  -0.10388   0.02448  -0.05298   0.00132  -0.18756   0.14289   0.12015  -0.04602  -0.09598  -0.08297   0.04827   0.00396  -0.07678   0.02628 
 -0.00935   0.03356  -0.10648   0.05111  -0.03971   0.15418  -0.16742   0.02310  -0.04983   0.12421  -0.31840   0.10426   0.10098   0.01255  -0.05909  -0.14358  -0.01206   0.07642  -0.20242   0.06724 
 -0.01378   0.09500  -0.18409   0.04423  -0.05947   0.13777  -0.21023   0.07192  -0.08172   0.08579  -0.23608   0.13319   0.09411  -0.05259  -0.10743  -0.01815  -0.02561   0.07302  -0.18076   0.06607 
