IntronPotTab 1 1024 1.17240
    0.10139
   -0.06901
   -0.10143
    0.07426
    0.05741
   -0.01768
   -0.05866
    0.01723
    0.01512
   -0.00883
    0.00980
   -0.01968
    0.12185
   -0.08650
   -0.03469
    0.07324
    0.01664
   -0.01100
   -0.01795
    0.01524
    0.00371
    0.02082
   -0.03388
    0.00753
   -0.02166
   -0.00925
    0.00660
    0.03563
    0.09558
   -0.09440
    0.05082
    0.02838
    0.03903
   -0.01404
   -0.00473
   -0.03026
    0.03554
   -0.02453
   -0.02008
    0.00277
   -0.03413
   -0.00025
    0.07364
   -0.03074
    0.00259
   -0.04693
    0.01591
    0.03985
    0.14246
   -0.13164
    0.02416
    0.02297
    0.08564
   -0.07940
   -0.04965
    0.05260
    0.04410
   -0.00790
   -0.02331
   -0.01072
    0.13165
   -0.08140
   -0.04528
    0.08502
    0.07163
   -0.04554
   -0.09086
    0.11419
    0.12130
   -0.13417
   -0.06472
    0.08760
    0.06055
   -0.07356
   -0.01751
    0.08790
    0.15176
   -0.07286
   -0.02622
    0.09291
    0.04170
   -0.01668
   -0.08599
    0.05722
   -0.04665
    0.01548
   -0.04913
    0.06708
   -0.01232
    0.00621
   -0.02644
    0.03013
    0.09930
   -0.04955
   -0.02828
    0.05572
    0.03594
   -0.02211
   -0.03315
    0.03680
    0.05163
   -0.05776
   -0.01150
    0.01233
    0.05207
   -0.02847
    0.01029
   -0.02300
    0.02214
   -0.06419
    0.00204
    0.07902
    0.31780
   -0.21207
    0.10070
    0.02645
    0.07799
    0.00546
   -0.12380
    0.10590
    0.20226
   -0.07579
   -0.20751
    0.06523
    0.20115
   -0.04471
   -0.02903
    0.02846
    0.15950
   -0.08251
   -0.09008
    0.07232
    0.13261
   -0.06614
   -0.09899
    0.07951
    0.09951
   -0.05019
   -0.07067
    0.02977
    0.15602
   -0.09428
   -0.05308
    0.17101
    0.05029
    0.00063
   -0.05987
    0.03767
    0.02910
    0.00121
   -0.03947
    0.01248
    0.02399
   -0.02765
    0.01357
   -0.01643
    0.16512
   -0.06184
   -0.01039
    0.02520
    0.06178
   -0.01811
   -0.03045
   -0.00924
    0.04699
   -0.04028
   -0.06380
    0.05615
   -0.01163
   -0.02079
    0.03684
    0.00400
   -0.03464
   -0.00954
   -0.02778
    0.08226
    0.19711
   -0.14350
   -0.02795
    0.08279
    0.10948
   -0.05002
   -0.10330
    0.09437
    0.05261
   -0.02506
   -0.10284
    0.08364
    0.25782
   -0.03840
   -0.05887
    0.07670
    0.03966
   -0.03392
   -0.04855
    0.04567
    0.10560
   -0.12213
   -0.10440
    0.12566
    0.03083
   -0.04022
    0.01461
    0.00661
    0.15693
   -0.09088
   -0.05748
    0.08396
   -0.01850
    0.02199
   -0.00525
    0.00234
   -0.02604
    0.04887
   -0.00973
    0.00039
   -0.01906
    0.03929
   -0.03974
    0.01230
    0.08587
   -0.00429
   -0.02146
   -0.00313
    0.08269
   -0.05063
   -0.04619
    0.01203
    0.08534
   -0.08344
   -0.06227
    0.03227
    0.02386
   -0.01441
   -0.02696
    0.01142
    0.01294
   -0.05105
    0.03605
    0.01603
    0.07663
   -0.12087
    0.03821
    0.04827
    0.06165
   -0.03696
   -0.06852
    0.06995
    0.01747
    0.00853
   -0.07638
    0.04273
    0.14668
   -0.02670
   -0.08905
    0.08658
    0.08361
   -0.02655
   -0.08616
    0.08397
    0.02252
    0.01660
   -0.06106
    0.03575
   -0.02842
    0.02862
   -0.03924
    0.05044
    0.03303
   -0.00593
   -0.07781
    0.10016
   -0.01200
    0.03698
   -0.02394
   -0.01078
    0.00647
    0.04373
   -0.06301
    0.02691
   -0.00399
    0.02334
   -0.02103
   -0.00888
    0.03096
   -0.03663
    0.00336
    0.02609
    0.03704
    0.00721
   -0.00620
   -0.03870
    0.00364
    0.04128
   -0.07125
    0.02619
   -0.05445
    0.04288
    0.05483
   -0.04455
    0.05787
   -0.03002
   -0.00994
    0.01834
    0.08519
   -0.05639
   -0.03756
    0.06509
    0.03856
   -0.01256
   -0.06989
    0.06023
   -0.01557
    0.06338
   -0.11002
    0.04416
    0.11931
   -0.03627
   -0.06262
    0.09435
    0.06815
   -0.04215
   -0.07351
    0.10782
    0.08283
   -0.09207
   -0.01693
    0.08269
    0.02575
   -0.02974
   -0.02498
    0.05475
    0.12288
   -0.04057
   -0.06926
    0.13103
   -0.02364
    0.04844
   -0.05991
    0.01565
   -0.08523
    0.07150
   -0.07512
    0.07912
   -0.02679
    0.03046
   -0.06207
    0.03425
   -0.03365
   -0.06317
    0.00276
    0.07587
    0.03859
    0.00370
   -0.05629
    0.02978
    0.01813
   -0.05862
   -0.00664
    0.04937
    0.01194
   -0.00269
    0.02142
   -0.02329
   -0.04821
   -0.03688
    0.02051
    0.06739
    0.19760
   -0.16685
    0.05678
    0.07344
    0.01570
   -0.03181
   -0.07042
    0.10724
    0.06229
   -0.03052
   -0.10818
    0.08756
    0.15173
   -0.06480
   -0.06344
    0.12419
    0.07539
   -0.00329
   -0.09314
    0.06276
    0.04234
    0.02491
   -0.10300
    0.08021
    0.03705
    0.00045
   -0.05151
    0.01609
    0.06302
   -0.01370
   -0.09115
    0.15506
    0.01141
    0.03154
   -0.05759
    0.02757
   -0.03878
    0.06869
   -0.06618
    0.06711
   -0.01398
    0.00015
    0.00251
    0.01633
    0.08832
   -0.03559
   -0.04181
    0.05810
    0.04305
    0.01853
   -0.02582
   -0.03746
    0.00640
    0.01178
   -0.07676
    0.07639
    0.01222
    0.00529
    0.01436
   -0.03211
   -0.01936
    0.01625
   -0.06759
    0.11805
    0.16202
   -0.07007
   -0.08097
    0.09030
    0.01671
   -0.00944
   -0.06127
    0.08319
    0.01804
   -0.01147
   -0.05249
    0.05268
    0.14603
   -0.03097
   -0.07360
    0.12811
   -0.00243
    0.00633
   -0.04356
    0.05345
    0.05783
   -0.07335
   -0.10431
    0.13610
    0.02607
   -0.04417
   -0.02504
    0.08457
    0.10463
   -0.05000
   -0.08194
    0.11873
   -0.06976
    0.04590
    0.01573
    0.01510
   -0.04646
    0.06132
    0.00285
   -0.00707
   -0.02833
    0.05622
   -0.04314
    0.00876
    0.00305
    0.01882
   -0.01776
   -0.00662
   -0.06577
    0.14281
   -0.10018
   -0.03732
    0.07449
   -0.00337
   -0.06435
   -0.01885
   -0.01248
    0.03803
   -0.03524
   -0.01125
    0.02490
   -0.00661
    0.00445
   -0.01147
    0.07774
   -0.08319
    0.03906
    0.04203
    0.02337
    0.01808
   -0.08020
    0.04152
   -0.02031
    0.03564
   -0.07773
    0.05477
    0.05346
    0.03527
   -0.08547
    0.05334
    0.04162
   -0.01770
   -0.06308
    0.07465
    0.05263
    0.02167
   -0.05485
   -0.01654
   -0.03018
    0.00437
    0.00746
    0.03844
    0.06519
   -0.05453
   -0.03427
    0.09519
   -0.01890
    0.04179
   -0.00553
   -0.01905
   -0.01641
    0.09215
   -0.08418
    0.03486
   -0.05863
    0.02872
    0.02312
    0.03935
    0.06201
   -0.03737
    0.01137
    0.00504
    0.01241
   -0.01505
    0.02775
   -0.03306
    0.01949
    0.03095
   -0.04009
   -0.00123
   -0.05561
    0.05407
    0.06255
   -0.04467
   -0.05377
   -0.02438
    0.05328
   -0.00826
    0.09078
   -0.06983
    0.01245
    0.02258
    0.06080
   -0.01857
   -0.04226
    0.01594
   -0.01065
    0.00875
   -0.03195
    0.04594
    0.15845
   -0.05149
   -0.04207
    0.07365
    0.01914
   -0.01431
   -0.05654
    0.09776
    0.09948
   -0.09864
   -0.02794
    0.04116
    0.00873
   -0.02822
   -0.01891
    0.08261
    0.12150
   -0.07950
    0.01084
    0.08431
    0.02249
    0.02325
   -0.03430
   -0.01526
   -0.03458
    0.05754
   -0.02502
    0.02404
   -0.01387
    0.01608
    0.00174
   -0.00095
    0.06921
   -0.02934
    0.00462
    0.00940
    0.04568
   -0.02675
   -0.01817
    0.00884
    0.00090
   -0.01528
   -0.00701
    0.01770
    0.00875
   -0.00561
    0.02824
   -0.02575
   -0.04755
   -0.06306
    0.06421
    0.03335
    0.17856
   -0.13775
    0.02999
    0.04650
    0.02618
   -0.00431
   -0.04784
    0.05109
    0.09603
   -0.04586
   -0.09161
    0.06379
    0.18670
   -0.07238
   -0.02429
    0.08281
    0.12199
   -0.03535
   -0.09220
    0.06748
    0.07686
    0.02237
   -0.09371
    0.03558
    0.00587
   -0.01766
   -0.02626
    0.07890
    0.07367
   -0.03884
   -0.05400
    0.12925
    0.01885
    0.01158
   -0.02072
   -0.00571
   -0.03305
    0.09048
   -0.04759
    0.03343
   -0.02280
    0.01357
    0.00599
    0.01152
    0.03411
   -0.00334
    0.00365
   -0.01538
    0.04861
    0.01676
   -0.04404
   -0.01486
   -0.02874
    0.05418
   -0.03518
    0.03734
   -0.04935
    0.03289
    0.03734
   -0.00221
   -0.04884
    0.01400
   -0.02920
    0.05310
    0.13539
   -0.01549
   -0.07211
    0.01289
    0.02144
    0.02736
   -0.05361
    0.03193
    0.00842
   -0.01191
   -0.03399
    0.05519
    0.11466
   -0.02115
   -0.03920
    0.06277
    0.02256
    0.01903
   -0.05841
    0.04823
    0.07769
    0.00850
   -0.13199
    0.04633
   -0.00495
    0.03440
   -0.04060
   -0.00348
    0.15038
   -0.11135
   -0.00285
    0.08483
   -0.04072
    0.04357
    0.01664
   -0.01192
   -0.01084
    0.06104
   -0.02361
   -0.00628
   -0.03603
    0.06680
   -0.00921
   -0.00911
    0.05241
    0.01675
   -0.00426
   -0.03640
    0.01621
   -0.00409
   -0.00295
   -0.00608
    0.06956
   -0.05241
   -0.02684
   -0.00270
   -0.04014
    0.01508
    0.06169
   -0.02388
   -0.02304
   -0.08448
    0.08560
   -0.01224
    0.04727
   -0.04187
   -0.01089
    0.04417
    0.05968
   -0.01375
   -0.04906
    0.02151
   -0.03399
    0.06037
   -0.07333
    0.05058
    0.09855
    0.01078
   -0.06367
    0.05884
    0.03114
   -0.00584
   -0.10510
    0.12268
    0.02847
   -0.00729
   -0.10260
    0.10279
   -0.00949
   -0.00004
   -0.07702
    0.10192
    0.12582
   -0.06804
   -0.09114
    0.10559
   -0.02702
   -0.00201
    0.04802
   -0.03078
    0.00202
    0.00993
   -0.05504
    0.04650
   -0.02878
    0.04152
   -0.04491
    0.03719
    0.13330
   -0.10318
    0.07249
   -0.04659
    0.04229
    0.00262
   -0.02807
   -0.01239
    0.02392
   -0.04043
   -0.05616
    0.07021
    0.03510
   -0.00133
   -0.01543
   -0.02683
   -0.00334
   -0.04621
    0.02303
    0.03924
    0.12322
   -0.08642
   -0.05083
    0.04640
    0.07759
   -0.08278
   -0.08246
    0.10819
    0.01364
   -0.00797
   -0.04901
    0.05583
    0.19231
   -0.07226
   -0.06337
    0.07263
    0.07804
   -0.05152
   -0.09459
    0.14646
    0.07694
   -0.11185
   -0.03838
    0.12301
    0.02760
   -0.06180
   -0.01276
    0.11489
    0.17540
   -0.08814
   -0.04107
    0.17092
    0.00222
    0.00086
   -0.07135
    0.06915
   -0.04892
    0.04790
   -0.05679
    0.05638
   -0.02153
   -0.00519
   -0.03728
    0.06930
    0.15342
   -0.05997
   -0.01771
    0.05628
    0.06683
   -0.01989
   -0.05369
    0.02996
    0.02858
   -0.07422
   -0.05690
    0.08271
    0.02134
   -0.00364
   -0.00018
   -0.01937
   -0.00672
   -0.09342
    0.08725
    0.08262
    0.17368
   -0.15392
    0.07794
    0.08439
    0.05828
   -0.06077
   -0.09387
    0.13220
    0.07040
   -0.02491
   -0.12780
    0.10024
    0.22539
   -0.06616
   -0.06456
    0.12666
    0.11817
   -0.02171
   -0.13485
    0.10049
    0.12980
   -0.01538
   -0.17342
    0.11396
    0.04899
   -0.03697
   -0.07902
    0.12119
    0.09541
   -0.03373
   -0.09280
    0.18036
    0.02900
   -0.01702
   -0.05110
    0.05820
   -0.02892
    0.02001
   -0.07703
    0.11000
   -0.00427
   -0.00162
   -0.02459
    0.03342
    0.11323
   -0.05040
   -0.03344
    0.06579
    0.03352
    0.02598
   -0.04980
   -0.00601
   -0.00110
   -0.00545
   -0.10868
    0.11784
    0.01056
   -0.01293
    0.02061
   -0.01356
    0.01726
   -0.01406
   -0.04482
    0.09470
    0.15118
   -0.05570
   -0.11066
    0.10491
    0.07921
   -0.01460
   -0.12109
    0.11940
    0.02662
   -0.03595
   -0.09514
    0.10337
    0.18186
   -0.02315
   -0.08378
    0.11996
    0.05901
   -0.03822
   -0.10180
    0.08177
    0.07071
   -0.07930
   -0.11307
    0.13923
    0.03073
   -0.00979
   -0.07854
    0.07270
    0.09897
   -0.11182
   -0.06277
    0.13661
   -0.02538
    0.01089
   -0.02051
    0.03667
   -0.05299
    0.06725
   -0.02787
    0.02520
   -0.02259
    0.03298
   -0.01960
    0.01419
    0.09778
   -0.00146
   -0.00934
   -0.01891
    0.05447
    0.00977
   -0.07670
    0.02138
    0.08522
   -0.05883
   -0.09532
    0.05113
   -0.01866
    0.01371
   -0.02893
    0.02247
   -0.02647
   -0.04126
    0.01806
    0.04559
    0.07514
   -0.07275
    0.02258
    0.02649
    0.04747
   -0.00467
   -0.10203
    0.08317
   -0.00912
   -0.02244
   -0.03910
    0.08631
    0.11135
   -0.04228
   -0.08302
    0.09816
