24 4 24 1 26 -2.3188 2.1822 5.0877 3457
 -0.00231   0.02307  -0.07811   0.06000 
  0.01086   0.02768  -0.09603   0.05950 
  0.03392   0.01627  -0.07917   0.03571 
  0.03765   0.00893  -0.10049   0.06100 
  0.03177   0.02601  -0.10613   0.05137 
  0.03605   0.02053  -0.10954   0.05697 
  0.03817  -0.00254  -0.08238   0.05697 
  0.02908   0.00937  -0.11414   0.08013 
 -0.00757   0.02893  -0.08185   0.06100 
  0.03499   0.01841  -0.11299   0.06350 
  0.01702   0.00323  -0.11012   0.09382 
  0.03338   0.00279  -0.09107   0.06350 
 -0.00057   0.04042  -0.14841   0.09707 
 -0.00934   0.01798  -0.13729   0.11998 
 -0.00405   0.01969  -0.14405   0.11911 
 -0.02559   0.04526  -0.14654   0.10935 
 -0.00698   0.02976  -0.13913   0.10710 
 -0.03488   0.02559  -0.14592   0.13630 
 -0.01111   0.03676  -0.16759   0.12260 
 -0.04567   0.04042  -0.15598   0.13504 
 -0.05019   0.06099  -0.17418   0.12779 
 -0.06403   0.04285  -0.14904   0.13966 
 -0.06403   0.07243  -0.19526   0.13715 
 -0.06403   0.05711  -0.17684   0.14258 
 -0.05344   0.04964  -0.19596   0.15528 
 -0.09672   0.08063  -0.21232   0.15729 
 -0.05937   0.03880  -0.21232   0.17845 
 -0.09098   0.05122  -0.17618   0.16406 
 -0.08111   0.06941  -0.21669   0.16288 
 -0.11291   0.06253  -0.19179   0.17345 
 -0.12354   0.05476  -0.20656   0.19423 
 -0.13680   0.05201  -0.19110   0.19497 
 -0.18448   0.09336  -0.23234   0.19644 
 -0.17142   0.06827  -0.19806   0.19864 
 -0.18714   0.05241  -0.21669   0.22862 
 -0.27129   0.04164  -0.20017   0.25826 
 -0.25022   0.05594  -0.23845   0.25698 
 -0.23506   0.03676  -0.22631   0.26238 
 -0.25022   0.06330  -0.23082   0.24762 
 -0.23307   0.07243  -0.21377   0.22623 
 -0.17486   0.07729  -0.17418   0.17807 
 -0.21091   0.09228  -0.22407   0.20408 
 -0.21658   0.08503  -0.24465   0.22279 
 -0.16545   0.09479  -0.26380   0.20155 
 -0.17142   0.10468  -0.27121   0.19717 
 -0.12200   0.05633  -0.25492   0.21512 
  0.23390  -0.20936  -0.01623  -0.07990 
 -0.48444   0.41687  -1.43025  -0.08129 
  0.66297  -3.53882  -3.53882  -3.53882 
 -3.53882  -3.53882   0.54879  -3.53882 
  0.07763   0.00806   0.01148  -0.12749 
 -0.00464   0.03431  -0.19876   0.14008 
 -0.01111   0.02852  -0.09216   0.07385 
  0.02034   0.06789  -0.08725  -0.01377 
  0.04864   0.00937  -0.04385  -0.00962 
  0.02419   0.02685  -0.01900  -0.03827 
  0.01199   0.02517  -0.03750   0.00087 
  0.04812   0.03101  -0.06811  -0.01080 
  0.00746   0.03921  -0.05379   0.00488 
  0.05986   0.01110  -0.04929  -0.01856 
  0.03070   0.01756  -0.04780   0.00374 
  0.03817   0.01370  -0.03799  -0.01080 
  0.04291   0.01841  -0.04780  -0.01080 
  0.03499   0.04486  -0.08888   0.00659 
  0.00973   0.03921  -0.03799  -0.01616 
  0.05121   0.04164  -0.08508  -0.01080 
  0.02199   0.05004  -0.06397  -0.01436 
  0.01142   0.04123  -0.04631  -0.01080 
  0.03870   0.03635  -0.08024   0.00545 
  0.05683   0.03921  -0.08346  -0.01556 
  0.01979   0.07280  -0.05229  -0.06357 
  0.02254   0.03839  -0.05329  -0.01021 
  0.05224   0.04204  -0.07229  -0.02707 
  0.00916   0.05004  -0.03364  -0.03764 
  0.03445   0.02727  -0.04929  -0.01198 
  0.05070   0.03961  -0.06656  -0.02830 
  0.02254   0.05083  -0.08508   0.00716 
  0.02582   0.02096  -0.04140  -0.00318 
  0.02528   0.04526  -0.06656  -0.00785 
  0.03499   0.03307  -0.03799  -0.03513 
  0.05173   0.01713  -0.05329  -0.01258 
  0.03976   0.05555  -0.08562  -0.01796 
  0.03392   0.03839  -0.05835  -0.01676 
  0.03338   0.04042  -0.04631  -0.03388 
  0.02419   0.05122  -0.05581  -0.02830 
  0.01030   0.04083  -0.04237  -0.01377 
  0.01255   0.03348  -0.04631  -0.00086 
  0.04344   0.05789  -0.07282  -0.04080 
  0.00632   0.05672  -0.05430  -0.01916 
  0.02364   0.04805  -0.06346  -0.01377 
  0.03177   0.03635  -0.07020   0.00202 
 -0.00347   0.05398  -0.04681  -0.01377 
 -0.00405   0.04725  -0.03896  -0.01258 
  0.00916   0.05241  -0.07971   0.01280 
  0.00404   0.04405  -0.04532  -0.00844 
  0.02691   0.05789  -0.07282  -0.02158 
  0.00461   0.03554  -0.06346   0.02331 
  0.03976   0.02685  -0.06552   0.00145 
  0.01979   0.02307  -0.04189   0.00087 
