IntronPotTab 1 1024 0.34552
    0.01174
   -0.02628
   -0.04061
    0.00835
    0.00267
   -0.04472
   -0.05409
    0.04317
   -0.04145
    0.01643
   -0.02472
    0.05006
    0.00514
   -0.04080
   -0.02288
    0.01709
   -0.01629
   -0.00305
   -0.03234
    0.03687
   -0.00314
   -0.04461
   -0.02231
    0.04881
   -0.03273
    0.03311
   -0.02074
    0.03979
   -0.01971
   -0.04200
   -0.01251
    0.03878
    0.01126
   -0.03296
   -0.06427
    0.02777
    0.01430
   -0.04474
   -0.06100
    0.03834
   -0.01502
    0.01553
   -0.01129
    0.01644
   -0.02671
   -0.02079
   -0.01274
    0.03383
   -0.00330
   -0.03671
   -0.05310
    0.02950
    0.00710
   -0.03188
   -0.04801
    0.03253
   -0.01278
    0.02481
   -0.06853
    0.03860
    0.00642
   -0.04534
   -0.02299
    0.01578
    0.01685
   -0.06425
   -0.07088
    0.02856
    0.00562
   -0.06247
   -0.04014
    0.04865
   -0.01855
   -0.01725
   -0.04895
    0.05165
    0.00008
   -0.06942
   -0.04166
    0.03867
    0.00987
   -0.01914
   -0.04870
    0.02199
   -0.01633
    0.02596
   -0.05058
    0.03539
   -0.03565
    0.00338
   -0.02637
    0.07501
   -0.01337
   -0.01446
   -0.00981
    0.01934
    0.01967
   -0.03127
   -0.05287
    0.01997
   -0.01885
   -0.03775
    0.01051
    0.04962
   -0.01201
   -0.02071
   -0.05419
    0.06811
    0.01232
   -0.05898
    0.01004
    0.01533
    0.02307
   -0.06598
   -0.04049
    0.02077
    0.01279
   -0.02458
   -0.04294
    0.02437
    0.00017
   -0.00853
   -0.05924
    0.03870
    0.01201
   -0.03534
   -0.04225
    0.02173
    0.01350
   -0.03586
   -0.07848
    0.02815
    0.02227
   -0.05022
   -0.10879
    0.06088
   -0.02833
    0.01668
   -0.02961
    0.05082
    0.00294
   -0.04456
   -0.06591
    0.04339
   -0.01369
    0.01022
   -0.05627
    0.05000
    0.00613
   -0.02600
   -0.06496
    0.05129
   -0.03527
    0.04460
   -0.04661
    0.05436
    0.00480
   -0.06772
   -0.03231
    0.05584
    0.00531
   -0.03051
   -0.05898
    0.04052
    0.02034
   -0.07143
   -0.03662
    0.04141
   -0.01426
    0.00851
    0.02708
   -0.00646
   -0.01458
   -0.06874
    0.00253
    0.04366
    0.00306
   -0.00298
   -0.06129
    0.02804
    0.01323
   -0.05104
   -0.05403
    0.04114
    0.01696
    0.00911
   -0.09304
    0.03724
   -0.00016
   -0.04432
   -0.04511
    0.03427
   -0.00764
   -0.05474
   -0.02195
    0.02209
    0.02494
   -0.07483
   -0.03073
    0.01766
   -0.01264
    0.00747
   -0.03882
    0.02721
    0.02173
   -0.06806
   -0.05565
    0.01638
    0.00566
    0.01051
   -0.01973
   -0.00283
    0.00602
   -0.02380
   -0.05866
    0.03805
    0.01883
   -0.01216
   -0.03683
    0.00158
    0.02026
   -0.05119
   -0.01310
    0.01561
    0.01972
   -0.01566
   -0.03401
   -0.00455
    0.00990
   -0.04666
   -0.04244
    0.03224
   -0.01618
    0.03327
   -0.03245
    0.02096
    0.00441
   -0.03201
   -0.00121
    0.00979
   -0.01205
   -0.05939
   -0.05177
    0.03085
    0.02319
   -0.02942
   -0.06777
    0.01680
    0.01798
   -0.00451
   -0.04752
    0.00534
    0.01378
   -0.02166
   -0.02238
    0.00489
    0.01034
   -0.02591
   -0.06421
    0.01985
    0.00164
   -0.03518
   -0.07896
    0.05495
   -0.02285
    0.01312
   -0.06057
    0.05400
    0.02078
   -0.05143
   -0.04474
    0.01881
    0.00982
   -0.03207
   -0.03500
    0.02267
    0.00945
   -0.05252
   -0.05542
    0.05467
   -0.01055
   -0.04526
   -0.02192
    0.06372
   -0.00543
   -0.07277
    0.00638
    0.03232
    0.00656
   -0.00078
   -0.04961
    0.01722
    0.01889
   -0.03542
   -0.06017
    0.02415
   -0.02852
    0.00584
    0.00988
    0.02365
   -0.01752
   -0.01537
   -0.00763
    0.02313
    0.01263
   -0.05083
   -0.03419
    0.01732
    0.01891
   -0.05087
   -0.05089
    0.02866
   -0.00291
    0.00422
   -0.06730
    0.03734
   -0.00241
   -0.04721
   -0.03298
    0.02799
    0.03180
   -0.07424
   -0.07956
    0.03114
    0.03438
   -0.06455
   -0.04751
    0.02428
   -0.03095
   -0.02922
   -0.00677
    0.05479
    0.01135
   -0.06105
   -0.04509
    0.03474
    0.01976
   -0.05466
   -0.03432
    0.02493
   -0.02205
    0.06006
   -0.10905
    0.02740
   -0.00659
   -0.00351
   -0.01836
    0.02159
   -0.00621
   -0.01844
    0.01191
    0.00842
    0.02566
   -0.03635
   -0.08152
    0.03511
    0.00245
   -0.02422
    0.00139
    0.01472
   -0.01487
   -0.09003
    0.00445
    0.07307
    0.00403
   -0.04181
   -0.00433
    0.01945
    0.02485
   -0.05002
   -0.01812
    0.00484
    0.03907
   -0.01054
   -0.08938
    0.01571
    0.01386
   -0.04691
   -0.03760
    0.03596
    0.01929
   -0.03864
   -0.07220
    0.04053
    0.02607
   -0.09024
   -0.05671
    0.02241
    0.03554
   -0.06080
   -0.10575
    0.05665
   -0.00660
   -0.04868
   -0.04084
    0.06115
    0.00460
   -0.04553
   -0.06192
    0.03971
    0.00291
   -0.05150
   -0.08131
    0.06985
    0.03531
   -0.05967
   -0.09600
    0.05226
   -0.03079
    0.01004
   -0.06509
    0.07034
    0.02427
   -0.07189
   -0.02248
    0.03431
    0.01615
   -0.03526
   -0.04338
    0.01437
    0.04231
   -0.04073
   -0.06594
    0.01906
    0.02657
   -0.02776
   -0.01415
   -0.00332
   -0.01148
   -0.03730
   -0.03284
    0.04053
    0.00462
   -0.03186
   -0.04418
    0.02816
    0.06602
   -0.04082
   -0.09297
   -0.00157
    0.01086
   -0.04256
   -0.07727
    0.05794
    0.01575
   -0.04553
   -0.06346
    0.04032
    0.00800
   -0.05909
   -0.03113
    0.02210
    0.03418
   -0.05160
   -0.03524
    0.00332
    0.00219
   -0.01478
   -0.01443
    0.01231
    0.01527
   -0.06356
   -0.03526
    0.02480
    0.00683
   -0.00708
   -0.04021
    0.01247
    0.02167
    0.01441
   -0.06015
   -0.00720
    0.02199
   -0.01262
   -0.05112
    0.01380
    0.02784
   -0.05383
   -0.00533
    0.01293
    0.01748
   -0.00749
   -0.04863
    0.00274
    0.03953
   -0.03332
   -0.06287
    0.00313
    0.01180
   -0.01434
   -0.02923
    0.01241
    0.01160
   -0.01274
   -0.01067
    0.00279
    0.01332
   -0.04827
   -0.04023
    0.01982
    0.05937
   -0.04994
   -0.06215
   -0.01178
    0.01370
   -0.00329
   -0.06338
    0.02098
    0.00285
   -0.01477
   -0.04364
    0.02248
   -0.01048
   -0.02342
   -0.03817
    0.03352
    0.01511
   -0.06246
   -0.06911
    0.05222
   -0.03356
   -0.00680
   -0.02483
    0.06236
    0.02070
   -0.05568
   -0.03966
    0.01841
   -0.01200
   -0.00064
   -0.01605
    0.02336
    0.01684
   -0.02235
   -0.00565
   -0.00390
   -0.05386
    0.03604
    0.01164
    0.05090
   -0.00758
   -0.09099
    0.01229
    0.04210
   -0.00440
    0.00375
   -0.05951
    0.03729
    0.02374
   -0.04145
   -0.05777
    0.02318
   -0.05346
    0.04038
    0.01535
    0.04243
   -0.00523
   -0.06016
   -0.02034
    0.03871
    0.01216
   -0.06689
   -0.06412
    0.02946
    0.02025
   -0.05320
   -0.05312
    0.03379
   -0.01599
    0.00704
   -0.04486
    0.04485
    0.00951
   -0.06488
   -0.01927
    0.02049
    0.01938
   -0.05928
   -0.07986
    0.03736
    0.03772
   -0.05304
   -0.11857
    0.04258
   -0.03193
   -0.00185
   -0.05340
    0.06104
    0.01567
   -0.08201
   -0.04399
    0.03891
   -0.01231
    0.01989
   -0.07600
    0.04790
   -0.04288
    0.06436
   -0.06938
    0.06890
   -0.01603
    0.04574
   -0.08989
    0.06211
   -0.02526
   -0.00800
   -0.02420
    0.03538
    0.00531
   -0.01484
   -0.06505
    0.03710
    0.00572
   -0.00887
   -0.04351
    0.02355
   -0.02737
    0.00887
   -0.02093
    0.03826
    0.04099
   -0.04176
   -0.06157
    0.02946
    0.00644
   -0.04065
   -0.05237
    0.03553
    0.03796
   -0.02531
   -0.10893
    0.04101
    0.01998
   -0.01358
   -0.07938
    0.03635
    0.03440
   -0.06028
   -0.04843
    0.03017
    0.01151
   -0.03961
   -0.07242
    0.03478
    0.02324
   -0.01897
   -0.10681
    0.04424
   -0.02311
   -0.01433
   -0.00318
    0.04013
    0.02046
   -0.06587
   -0.07596
    0.04542
   -0.00346
   -0.01486
   -0.05100
    0.04177
    0.00559
    0.00163
   -0.04768
    0.02777
   -0.05986
    0.07752
   -0.02129
    0.04075
    0.01441
   -0.07070
   -0.02290
    0.04137
    0.00405
   -0.00618
   -0.02940
    0.01269
   -0.00793
    0.00787
   -0.05119
    0.03591
   -0.03988
    0.00386
    0.07248
   -0.02244
   -0.03092
   -0.02031
   -0.00813
    0.03124
    0.00920
   -0.00887
   -0.03407
    0.00971
    0.01013
   -0.01159
   -0.05659
    0.03270
    0.00877
    0.02216
   -0.06776
    0.02659
    0.00904
   -0.07093
   -0.04021
    0.03821
    0.00971
   -0.03590
   -0.03057
    0.01110
    0.02275
   -0.05651
   -0.03706
    0.02271
   -0.00412
    0.02538
   -0.01607
   -0.00045
    0.01265
   -0.07236
   -0.03544
    0.02802
   -0.00590
    0.02699
   -0.01447
    0.00080
    0.01608
   -0.00163
   -0.05760
    0.01210
    0.00648
    0.02255
   -0.03728
    0.00294
    0.01920
   -0.02895
    0.00033
    0.00094
    0.01219
    0.00737
   -0.05865
    0.00953
    0.04640
   -0.04274
   -0.10369
    0.02900
   -0.02352
    0.05992
   -0.06601
    0.03322
    0.02123
   -0.00873
   -0.01150
   -0.00528
    0.01107
   -0.03034
   -0.05348
    0.01821
    0.02966
   -0.02541
   -0.10074
    0.02811
    0.02505
   -0.00071
   -0.06652
    0.01383
    0.00689
   -0.02939
   -0.02800
    0.01701
   -0.00052
   -0.02012
   -0.05662
    0.02111
    0.00712
   -0.03373
   -0.05727
    0.02930
   -0.01136
    0.01788
   -0.05001
    0.02775
    0.00054
   -0.03879
   -0.04429
    0.02173
   -0.00437
    0.00543
   -0.03667
    0.01844
    0.02055
   -0.07458
   -0.01932
    0.02934
   -0.01701
    0.03855
   -0.05590
    0.03678
   -0.00857
   -0.04508
   -0.00066
    0.02527
    0.01166
   -0.02762
   -0.05737
    0.02009
    0.01328
   -0.04215
   -0.02860
    0.01839
    0.02827
   -0.01476
   -0.03567
   -0.00222
   -0.02751
   -0.00336
   -0.00783
    0.02597
    0.00546
   -0.06895
   -0.06609
    0.02766
    0.02253
   -0.03188
   -0.05683
    0.01597
    0.00937
    0.01433
   -0.06931
    0.01740
    0.00881
   -0.04803
   -0.01549
    0.00834
    0.01024
   -0.04617
   -0.08063
    0.03510
    0.03021
   -0.06595
   -0.06964
    0.03041
   -0.00606
   -0.01210
   -0.04047
    0.02895
    0.02776
   -0.08128
   -0.04095
    0.02794
    0.02406
   -0.03969
   -0.04219
    0.01040
    0.01159
   -0.00922
   -0.03597
    0.01184
    0.02599
   -0.03682
   -0.07418
    0.04118
    0.05077
   -0.08000
   -0.02502
    0.02207
    0.01227
   -0.03845
   -0.06269
    0.03228
    0.02712
   -0.07783
   -0.00693
    0.02691
    0.01395
   -0.02770
   -0.02559
    0.01639
    0.04319
   -0.08141
    0.00667
    0.01036
    0.01984
   -0.05157
   -0.03728
    0.01631
    0.05428
   -0.03838
   -0.06352
   -0.00361
    0.03941
   -0.03670
   -0.09120
    0.02944
    0.05151
   -0.04990
   -0.04530
    0.01227
    0.01257
   -0.05084
   -0.05025
    0.01856
    0.04575
   -0.08066
   -0.05631
    0.01807
    0.00654
   -0.01046
   -0.02897
    0.01308
    0.01028
   -0.03724
   -0.06446
    0.03099
    0.00606
    0.02196
   -0.05444
    0.00825
    0.02728
   -0.07550
   -0.04921
    0.03936
   -0.00842
    0.04710
   -0.04865
    0.01356
    0.01737
   -0.06590
   -0.01969
    0.03011
    0.02363
   -0.02234
   -0.03455
   -0.00439
    0.03324
   -0.05507
   -0.04186
    0.01579
    0.04270
   -0.05876
    0.03926
   -0.02989
   -0.00003
   -0.03974
   -0.01954
    0.02602
    0.01643
   -0.03158
   -0.04895
    0.01157
    0.04326
   -0.04827
   -0.06828
    0.00974
    0.02982
    0.01684
   -0.07183
   -0.00117
    0.01656
   -0.03997
   -0.04962
    0.02336
    0.00468
   -0.04000
   -0.02816
    0.01166
    0.03337
   -0.06494
   -0.03386
    0.00572
   -0.01197
   -0.00876
   -0.02647
    0.02734
    0.01873
   -0.06059
   -0.04802
    0.01361
   -0.00145
    0.01137
   -0.03001
    0.00858
    0.02712
   -0.01950
   -0.05125
    0.00206
    0.00545
   -0.00658
   -0.02602
    0.01123
    0.02669
   -0.05765
   -0.00986
    0.01270
    0.01231
   -0.02539
   -0.04117
    0.01073
    0.03768
   -0.03804
   -0.05530
    0.00015
    0.01313
   -0.00847
   -0.03904
    0.01003
    0.01747
   -0.01326
    0.01217
   -0.01086
    0.00947
   -0.03622
   -0.05254
    0.01476
    0.03186
   -0.03441
   -0.05227
    0.00268
    0.00880
    0.00552
   -0.04238
    0.00806
    0.00205
   -0.04316
   -0.02203
    0.02595
