IntronPotTab 1 1024 -72.16300 4.44658 29.03960 93796 6 16 1805.95
   -0.00005
   -0.02115
   -0.02228
    0.02344
   -0.01573
   -0.00411
   -0.01199
    0.03847
   -0.05457
   -0.00854
    0.01254
    0.06290
   -0.02388
   -0.02009
    0.00500
    0.03324
   -0.00743
   -0.03770
   -0.00425
    0.04440
   -0.01873
    0.02405
   -0.01770
    0.01260
   -0.02258
   -0.02767
    0.00755
    0.04000
   -0.00282
   -0.03941
    0.00513
    0.02743
    0.00071
   -0.00016
   -0.03542
    0.04307
   -0.00617
   -0.00959
   -0.01626
    0.02831
   -0.04047
   -0.01093
    0.00609
    0.04449
   -0.01240
   -0.01781
    0.00400
    0.01898
   -0.00162
   -0.01964
   -0.00364
    0.01357
   -0.01152
   -0.01373
    0.00194
    0.02116
   -0.02327
   -0.01510
   -0.00802
    0.03416
   -0.01965
   -0.03153
    0.01832
    0.02322
    0.01733
   -0.05392
   -0.00722
    0.03372
   -0.03662
    0.02931
    0.00681
    0.10141
   -0.03371
   -0.04479
    0.00802
    0.07251
   -0.02778
   -0.04304
    0.01471
    0.04530
    0.02107
   -0.05323
    0.00471
    0.03579
   -0.02425
   -0.02310
   -0.04059
    0.06203
   -0.00980
   -0.03594
    0.01035
    0.03883
    0.03487
   -0.04375
   -0.01862
    0.02235
    0.02605
   -0.06061
   -0.00737
    0.03727
   -0.03659
    0.00776
    0.01290
    0.06190
   -0.03039
   -0.02765
    0.00802
    0.05253
   -0.00589
   -0.04701
    0.01080
    0.03170
    0.02020
   -0.04464
    0.03317
    0.00103
   -0.00881
   -0.00036
    0.00501
    0.00530
   -0.00552
   -0.03162
   -0.01352
    0.04050
   -0.00013
   -0.06163
    0.03012
    0.01757
   -0.00389
   -0.00908
   -0.05274
    0.06929
   -0.00753
    0.02453
   -0.05716
    0.05967
   -0.05034
    0.06127
    0.03160
    0.14800
   -0.02275
   -0.01800
   -0.00801
    0.05151
    0.02061
   -0.00094
   -0.05564
    0.05680
   -0.00053
    0.02421
   -0.04236
    0.02394
   -0.02424
   -0.01495
   -0.01304
    0.05223
    0.01093
   -0.00994
   -0.01157
    0.00999
    0.01804
    0.02053
   -0.04872
    0.04635
   -0.00266
    0.01113
   -0.03831
    0.03566
   -0.04884
    0.00868
   -0.02847
    0.07831
   -0.00993
   -0.01392
   -0.01223
    0.03625
    0.01544
   -0.00574
   -0.02852
    0.01656
    0.00476
   -0.00921
   -0.02504
    0.02065
   -0.01613
   -0.03014
   -0.00748
    0.03974
   -0.00534
   -0.03987
    0.01094
    0.01775
   -0.01053
   -0.01721
   -0.00321
    0.01899
   -0.01933
    0.00113
   -0.01868
    0.04805
   -0.04349
    0.00312
    0.01486
    0.04216
   -0.02434
   -0.00589
    0.02422
    0.03597
    0.00031
   -0.02289
    0.00401
    0.01415
    0.01224
   -0.02098
   -0.02258
    0.01655
   -0.00669
   -0.02411
    0.00626
    0.02265
   -0.01361
   -0.03585
    0.02566
    0.02937
    0.00953
   -0.03206
   -0.00834
    0.01722
    0.00728
   -0.00120
   -0.03280
    0.01864
   -0.04170
   -0.01114
    0.02068
    0.03826
   -0.01925
   -0.01301
    0.00672
    0.02425
    0.00509
   -0.03115
    0.01155
    0.00716
    0.00628
   -0.01987
   -0.00545
    0.00950
   -0.00361
   -0.01467
   -0.01111
    0.01900
   -0.00861
   -0.02801
    0.01351
    0.01588
    0.00903
   -0.04055
   -0.01365
    0.03055
   -0.01617
   -0.00458
   -0.01763
    0.04960
   -0.00290
   -0.04010
   -0.01324
    0.05057
   -0.00594
   -0.03121
    0.00247
    0.02596
    0.06235
   -0.06395
    0.05783
    0.08379
   -0.00756
    0.01348
   -0.02182
    0.01587
    0.01884
   -0.05163
    0.02192
    0.06530
   -0.01420
   -0.03858
    0.01775
    0.03506
    0.01452
   -0.03306
   -0.02130
    0.03623
   -0.03317
    0.01342
    0.00148
    0.04491
   -0.01576
   -0.03265
    0.03289
    0.01628
   -0.02231
   -0.02930
    0.01451
    0.03163
    0.02010
   -0.05728
   -0.00735
    0.03472
   -0.00944
   -0.00916
   -0.01986
    0.03423
   -0.01149
   -0.02467
   -0.00815
    0.03515
   -0.01842
   -0.03154
    0.01180
    0.02551
    0.03073
   -0.05003
   -0.01293
    0.02058
    0.00465
   -0.03359
   -0.02078
    0.05554
   -0.00597
   -0.05763
    0.02495
    0.05210
    0.01469
   -0.03883
    0.00065
    0.03226
    0.02322
   -0.04015
    0.01108
    0.02082
    0.00825
    0.00487
   -0.02418
    0.00058
    0.01373
   -0.03091
    0.00629
    0.02573
    0.06768
   -0.06430
    0.02530
    0.00352
    0.02763
   -0.05272
   -0.00240
    0.03164
    0.00446
   -0.02913
    0.01042
    0.01766
    0.01114
   -0.02452
   -0.00375
    0.02275
    0.00794
   -0.02831
    0.00499
    0.01837
    0.04108
   -0.04839
    0.01134
   -0.00067
    0.04290
   -0.03450
    0.01094
    0.00334
    0.01207
   -0.04483
    0.01565
    0.02878
    0.03189
   -0.06897
    0.02688
    0.03055
    0.02223
   -0.03868
   -0.02862
    0.02709
   -0.00529
    0.02355
   -0.04938
    0.06091
   -0.04069
   -0.00619
   -0.00864
    0.06452
    0.00548
   -0.02059
   -0.03445
    0.04750
    0.03797
   -0.05777
    0.02344
    0.06024
    0.01847
    0.00138
   -0.03691
    0.02412
    0.00546
   -0.03318
    0.01085
    0.03536
    0.00676
   -0.02170
   -0.00102
    0.02589
    0.02146
   -0.02160
   -0.02570
    0.02616
    0.02138
    0.00846
   -0.04116
    0.02472
   -0.02370
   -0.00480
    0.00546
    0.02228
    0.00542
   -0.00519
   -0.01852
    0.02404
    0.00383
   -0.02242
    0.00026
    0.01944
    0.00811
    0.04113
   -0.04842
    0.01440
   -0.00716
   -0.00466
   -0.00513
    0.01100
   -0.00308
   -0.02379
   -0.01218
    0.02906
   -0.00244
   -0.00322
   -0.01982
    0.01353
   -0.00950
   -0.00418
   -0.00875
    0.01693
   -0.00863
   -0.03599
   -0.00238
    0.04334
    0.00948
   -0.05701
    0.00047
    0.04061
    0.02011
   -0.03490
    0.00063
    0.02337
    0.02803
   -0.00009
   -0.00684
   -0.01325
    0.00980
   -0.03065
    0.01347
    0.02309
    0.06941
   -0.04076
    0.06358
    0.04526
    0.00286
   -0.01349
   -0.01442
    0.01772
    0.02328
    0.00892
   -0.00021
   -0.02250
   -0.02033
   -0.02057
    0.01397
    0.02485
    0.01241
   -0.03501
    0.00305
    0.01569
    0.02195
   -0.03955
    0.00713
    0.01116
    0.01630
   -0.01149
   -0.00858
   -0.00005
   -0.00040
   -0.03482
    0.00700
    0.02657
    0.02304
   -0.05246
    0.00780
    0.02557
    0.01136
   -0.01762
   -0.06901
    0.04721
   -0.00572
    0.01044
   -0.02846
    0.03287
   -0.05236
   -0.00164
   -0.00438
    0.08794
   -0.01323
   -0.02145
   -0.01079
    0.03533
   -0.00039
   -0.03010
   -0.02672
    0.05406
   -0.01060
    0.01982
   -0.03584
    0.02750
   -0.03840
   -0.01731
   -0.01379
    0.06502
    0.00677
   -0.01165
   -0.00238
    0.00648
    0.04544
    0.04911
   -0.04621
    0.10092
   -0.00244
    0.01748
   -0.03751
    0.04593
   -0.05278
    0.02091
   -0.00941
    0.08170
    0.00522
    0.00234
   -0.01646
    0.01488
    0.01472
   -0.01326
   -0.04323
    0.03062
    0.00635
   -0.01197
   -0.00923
    0.00956
   -0.01822
   -0.01114
   -0.02957
    0.05579
   -0.00799
   -0.03616
   -0.00243
    0.02678
    0.02147
   -0.03776
   -0.03378
    0.03307
    0.01155
    0.00496
   -0.04545
    0.06490
    0.00087
   -0.05454
    0.00547
    0.06885
   -0.01172
   -0.06057
    0.00923
    0.04526
    0.00601
   -0.02999
   -0.00595
    0.02804
    0.00375
   -0.00136
   -0.02478
    0.02084
   -0.01577
   -0.03149
    0.02266
    0.03703
    0.04477
   -0.05237
   -0.00250
    0.01003
    0.02818
   -0.04565
   -0.02374
    0.04326
    0.00263
   -0.00616
   -0.01240
    0.02719
   -0.01354
   -0.02640
    0.01215
    0.03432
    0.01588
   -0.04615
   -0.00035
    0.02335
    0.01669
   -0.04191
    0.00010
    0.02223
    0.02520
   -0.02565
   -0.01058
    0.00362
    0.01693
   -0.05159
   -0.00016
    0.05345
    0.01523
   -0.06236
    0.01613
    0.02683
    0.02546
    0.00743
   -0.07324
    0.03726
    0.00537
    0.03546
   -0.06160
    0.04328
   -0.04003
    0.02354
   -0.02748
    0.10330
    0.01678
   -0.01264
   -0.04540
    0.05475
   -0.00291
   -0.00304
   -0.02280
    0.03446
    0.00396
    0.02352
   -0.04710
    0.02914
   -0.00409
   -0.01880
   -0.01242
    0.03588
    0.03785
   -0.01914
   -0.02166
    0.00421
    0.01643
    0.02632
   -0.03386
    0.02607
    0.02102
    0.00926
   -0.04796
    0.03178
   -0.04201
   -0.00781
    0.01348
    0.03223
    0.00077
   -0.00807
   -0.02787
    0.03516
   -0.00787
    0.00307
   -0.02193
    0.02587
    0.02555
   -0.00189
   -0.05049
    0.02216
   -0.01325
   -0.01214
   -0.01883
    0.03604
    0.01115
   -0.02901
   -0.01645
    0.01822
    0.00758
   -0.02110
   -0.03666
    0.02790
   -0.01948
    0.02402
   -0.03338
    0.04890
   -0.01259
   -0.02826
    0.01111
    0.02562
   -0.00093
   -0.01430
   -0.02344
    0.03268
    0.01193
   -0.01791
   -0.00790
    0.01258
   -0.00142
   -0.01571
    0.01300
   -0.00145
   -0.00599
   -0.02351
    0.00715
    0.01864
    0.01942
   -0.04521
    0.00854
    0.01692
    0.02124
   -0.02563
   -0.03511
    0.03232
    0.01553
    0.00093
   -0.02083
    0.02416
   -0.01202
   -0.00865
    0.00051
    0.01476
    0.05894
    0.04120
   -0.05166
    0.07052
    0.00750
   -0.02083
   -0.00337
    0.01153
    0.01456
   -0.00915
   -0.02414
    0.00983
   -0.00766
   -0.01997
    0.00539
    0.01512
    0.00538
   -0.02614
    0.00130
    0.01133
    0.00584
   -0.02161
   -0.02034
    0.01637
   -0.02247
    0.02526
   -0.04116
    0.03876
   -0.01559
   -0.02147
   -0.00102
    0.03320
   -0.01582
   -0.01597
    0.00734
    0.02017
    0.00882
   -0.03551
    0.01361
    0.01312
    0.00466
    0.00914
   -0.02093
    0.00196
   -0.01704
   -0.02266
    0.00452
    0.02508
    0.00639
   -0.02286
   -0.01522
    0.02683
    0.01884
    0.01857
   -0.02104
   -0.01131
   -0.01151
    0.01809
   -0.03789
    0.02922
   -0.02688
    0.00049
    0.01221
    0.01039
   -0.00526
   -0.00389
   -0.01998
    0.02771
    0.01926
   -0.01033
    0.02082
   -0.01141
    0.02305
   -0.00017
   -0.02297
   -0.00903
   -0.00259
   -0.01726
    0.00750
    0.00845
   -0.01600
   -0.02581
    0.01367
    0.01868
    0.02253
   -0.04112
   -0.01267
    0.01513
    0.00910
   -0.04325
   -0.02460
    0.04158
    0.00306
   -0.05293
   -0.00070
    0.04715
    0.01636
   -0.07447
    0.01911
    0.03777
    0.02063
   -0.03201
   -0.01994
    0.02143
    0.02491
   -0.02611
   -0.01889
    0.01409
   -0.00721
   -0.04398
    0.00820
    0.03637
    0.06200
   -0.07423
    0.03061
    0.03010
    0.02245
   -0.04492
   -0.01350
    0.02387
    0.01527
   -0.02591
    0.00225
    0.00442
   -0.00089
   -0.04777
    0.02329
    0.03547
    0.02763
   -0.07139
    0.01840
    0.02759
    0.03325
   -0.04314
    0.03427
   -0.00873
    0.06798
   -0.00888
    0.02589
   -0.01857
    0.01853
   -0.04042
   -0.01579
    0.02698
    0.04445
   -0.06967
    0.03958
    0.00890
    0.01756
   -0.01825
   -0.05068
    0.02511
    0.00979
    0.00798
   -0.05770
    0.03943
   -0.02549
    0.00594
   -0.01481
    0.03481
    0.01037
   -0.02236
   -0.03318
    0.03867
    0.00829
   -0.03228
   -0.00967
    0.02461
    0.01564
   -0.00783
   -0.03150
    0.01473
   -0.00489
   -0.03160
   -0.00934
    0.02119
    0.02563
   -0.00994
   -0.03924
    0.04501
    0.02152
   -0.00805
   -0.01666
   -0.00256
    0.02500
    0.00304
   -0.05012
    0.01788
   -0.01053
   -0.01119
   -0.00342
    0.02049
    0.02833
   -0.01578
   -0.03910
    0.03391
    0.01801
   -0.02712
    0.00110
    0.00249
    0.02552
   -0.01252
   -0.03663
    0.00636
    0.05352
    0.02977
    0.03683
   -0.03545
    0.00751
   -0.02460
   -0.01878
    0.02195
    0.00115
   -0.01814
   -0.01641
    0.01537
   -0.00198
   -0.02281
   -0.03055
    0.03640
   -0.01870
   -0.02529
    0.00611
    0.03129
   -0.01297
   -0.03323
    0.00994
    0.02052
    0.00364
   -0.02043
   -0.00709
    0.01728
    0.01214
   -0.01546
   -0.00917
    0.00608
   -0.00187
   -0.03413
    0.00182
    0.02834
    0.02858
   -0.05503
    0.03642
    0.00844
    0.00956
   -0.00943
   -0.01315
    0.00523
    0.01952
   -0.01736
   -0.02952
    0.01076
   -0.00799
   -0.02539
    0.01978
    0.01509
    0.00618
   -0.03001
   -0.00469
    0.01554
   -0.00340
   -0.02035
    0.00564
    0.01248
    0.02316
   -0.01404
   -0.00773
   -0.00787
    0.00004
   -0.02061
    0.00427
    0.01227
    0.00775
   -0.03348
    0.01987
    0.00242
