IntronPotTab 1 1024 0.19567
   -0.00338
   -0.03785
   -0.00179
    0.03282
   -0.02479
    0.00704
    0.04161
    0.01326
   -0.05052
   -0.00157
    0.02264
    0.03648
   -0.04797
   -0.04505
    0.03680
    0.01613
   -0.02422
   -0.01757
    0.00056
    0.04343
   -0.02195
    0.00660
   -0.00851
    0.01768
   -0.03981
    0.01077
   -0.01459
    0.03121
   -0.07776
   -0.01721
    0.03241
    0.01376
   -0.01880
   -0.02369
    0.01389
    0.03215
   -0.00318
   -0.00351
   -0.02193
    0.01679
   -0.02212
   -0.00688
    0.01796
    0.01436
   -0.03684
   -0.04474
    0.05082
   -0.01135
   -0.01724
   -0.01032
   -0.00408
    0.02850
   -0.01931
   -0.00656
    0.03681
    0.01964
   -0.03010
    0.01223
   -0.00834
    0.02178
   -0.03901
   -0.02933
    0.01593
    0.02004
   -0.01365
   -0.04203
    0.01945
    0.03323
    0.04844
   -0.14955
   -0.08249
   -0.07919
   -0.03777
   -0.02697
    0.02459
    0.05767
   -0.00959
   -0.04568
    0.03034
   -0.00434
   -0.01556
   -0.01906
   -0.01789
    0.05047
   -0.03413
   -0.00084
   -0.04688
    0.04257
   -0.01453
   -0.01870
   -0.02538
    0.05403
   -0.05541
   -0.00786
    0.00970
    0.01794
   -0.01483
   -0.00540
   -0.01246
    0.03900
    0.01878
   -0.04756
    0.01456
   -0.00078
   -0.01578
   -0.02338
   -0.00436
    0.05352
   -0.03335
   -0.04600
    0.03332
    0.01509
    0.00052
   -0.01715
   -0.01056
    0.02908
    0.00283
   -0.02874
    0.02947
    0.01206
   -0.04636
    0.00842
   -0.02382
    0.05451
   -0.03014
   -0.03608
    0.02316
    0.01451
   -0.02585
   -0.02575
    0.01379
    0.04582
   -0.02778
    0.01281
    0.01827
    0.02118
   -0.03345
   -0.00156
    0.01548
    0.02142
   -0.04568
   -0.03021
    0.01962
    0.02222
   -0.01236
    0.00423
   -0.03902
    0.05860
   -0.02304
    0.01027
   -0.06209
    0.03781
   -0.01964
    0.01628
   -0.04372
    0.02409
   -0.03743
   -0.01097
    0.01626
    0.00245
    0.00570
   -0.01236
   -0.01657
    0.02520
   -0.00689
   -0.01361
   -0.02281
    0.03194
   -0.01580
   -0.01591
   -0.00794
    0.04072
   -0.06549
   -0.01549
    0.03249
    0.00435
   -0.00982
   -0.02310
    0.00330
    0.02741
   -0.00359
   -0.00191
    0.02046
   -0.00169
   -0.02505
    0.01298
   -0.02861
    0.02871
   -0.01849
   -0.03536
    0.02277
    0.00644
   -0.02596
   -0.01767
    0.01050
    0.03147
    0.01239
   -0.03796
    0.02654
    0.00284
   -0.02692
   -0.00039
    0.02370
    0.00096
    0.02007
   -0.06447
    0.01881
    0.00277
   -0.01916
   -0.00294
   -0.02396
    0.04004
   -0.02333
   -0.00024
   -0.01953
    0.03016
   -0.02632
    0.01264
   -0.01426
    0.02048
   -0.03877
   -0.00858
    0.01506
    0.00496
   -0.02644
   -0.00054
   -0.00495
    0.03331
    0.00166
   -0.02488
   -0.01279
    0.02155
   -0.01931
   -0.01385
    0.00697
    0.03014
   -0.02878
   -0.02409
    0.03109
   -0.00637
   -0.03529
    0.00169
   -0.02416
    0.04663
   -0.01529
    0.00147
    0.01428
    0.01269
   -0.02401
    0.01294
   -0.02928
    0.03489
   -0.04050
   -0.03486
    0.01836
    0.02071
    0.00643
   -0.04104
   -0.00156
    0.03053
   -0.02758
    0.01264
    0.00509
    0.03016
   -0.04598
   -0.00381
    0.01039
    0.03906
   -0.05997
   -0.01227
    0.02188
    0.01254
   -0.10259
    0.06336
   -0.07887
   -0.03767
   -0.02151
    0.01876
   -0.02523
    0.01377
   -0.05129
    0.01290
   -0.04309
    0.05068
   -0.07676
   -0.01494
    0.02302
    0.01388
   -0.00824
   -0.02648
    0.00194
    0.03224
   -0.02967
    0.00393
   -0.01665
    0.05179
   -0.02738
    0.00024
    0.00511
    0.02207
   -0.04510
   -0.02240
    0.03275
   -0.00494
   -0.01939
   -0.00020
   -0.00380
    0.02166
    0.00288
   -0.01339
    0.01855
    0.00263
   -0.03740
    0.00801
   -0.01583
    0.03264
   -0.05606
   -0.02081
    0.01500
    0.02234
    0.00550
   -0.02497
   -0.01479
    0.03323
   -0.00460
   -0.03226
   -0.00187
    0.04715
   -0.03035
   -0.01943
    0.01970
    0.04125
   -0.04820
   -0.03366
    0.02895
    0.01423
    0.00723
   -0.04673
   -0.01524
    0.05181
   -0.02642
    0.00974
   -0.03436
    0.02055
   -0.00186
   -0.01356
   -0.02333
    0.04384
   -0.05650
   -0.03212
    0.02465
    0.02506
    0.00143
   -0.00470
   -0.03815
    0.05171
    0.01478
   -0.04263
   -0.01985
    0.03117
   -0.01088
   -0.01624
    0.00265
    0.03438
   -0.00919
   -0.01906
    0.00618
    0.01536
   -0.00486
   -0.03165
    0.00585
    0.03751
   -0.00017
   -0.03093
    0.00731
    0.02923
   -0.03187
    0.00364
   -0.01953
    0.04064
   -0.04720
   -0.02972
    0.02115
    0.01960
    0.01027
   -0.01674
   -0.03053
    0.03804
   -0.02214
   -0.00041
   -0.01015
    0.03711
   -0.04690
   -0.01765
    0.00453
    0.06377
   -0.03540
   -0.02528
    0.00879
    0.02286
   -0.02080
    0.00082
   -0.03680
    0.05370
   -0.01183
   -0.00447
   -0.06610
    0.03798
   -0.05061
    0.03518
   -0.09383
    0.02436
   -0.02864
   -0.02234
    0.00712
    0.02095
    0.01480
   -0.02049
   -0.01510
    0.01852
    0.02194
   -0.01180
   -0.06024
    0.00799
   -0.02571
   -0.01172
    0.01093
    0.02964
   -0.03183
    0.00015
    0.00321
    0.02023
   -0.00018
   -0.00517
   -0.06550
    0.05823
    0.00956
   -0.02168
    0.00166
    0.00947
   -0.03536
    0.00775
   -0.03237
    0.03760
   -0.03168
   -0.04049
    0.01027
    0.02733
   -0.00615
   -0.04209
    0.02601
    0.01472
   -0.01114
    0.00620
   -0.04757
    0.03257
   -0.03475
   -0.00084
    0.03194
   -0.00337
   -0.00038
   -0.04086
    0.03513
   -0.00899
   -0.02571
   -0.00849
   -0.01870
    0.05088
   -0.02760
    0.00853
   -0.01076
    0.02145
   -0.04022
    0.02340
   -0.03431
    0.02869
   -0.06343
    0.00113
    0.01184
    0.00831
   -0.01521
    0.00598
   -0.00725
    0.02081
    0.00938
   -0.00856
   -0.03355
    0.00577
   -0.03653
    0.00574
    0.00312
    0.03016
   -0.03492
   -0.01914
    0.02894
   -0.00714
   -0.03329
   -0.01530
    0.01113
    0.03967
   -0.00821
   -0.00291
    0.00469
    0.01073
   -0.02814
    0.02118
   -0.04404
    0.02909
   -0.03306
   -0.03074
    0.02873
    0.00571
   -0.02559
   -0.03336
    0.01867
    0.03861
   -0.01259
    0.00566
    0.00724
    0.01048
   -0.03664
   -0.00030
    0.01192
    0.02254
   -0.04418
   -0.02748
    0.02679
    0.00729
   -0.00453
   -0.02504
   -0.00144
    0.02929
   -0.01802
    0.01329
   -0.01228
    0.01017
   -0.03268
    0.00569
   -0.01947
    0.03653
   -0.05365
   -0.01858
    0.03520
   -0.00878
   -0.01946
   -0.01842
    0.01081
    0.02494
   -0.00608
   -0.00956
   -0.02830
    0.02938
   -0.03068
    0.00559
   -0.00492
    0.03453
   -0.05466
   -0.02451
    0.04450
   -0.01555
    0.00727
   -0.01824
    0.00378
    0.00601
    0.00874
   -0.02791
    0.02423
    0.00600
   -0.01802
    0.01283
   -0.02132
    0.02506
   -0.02168
   -0.02811
    0.02821
   -0.00305
   -0.00467
   -0.03704
    0.00852
    0.02655
   -0.00861
   -0.01821
   -0.00854
    0.03797
   -0.00525
   -0.05196
    0.03626
    0.05015
   -0.04649
   -0.03020
    0.02154
    0.01083
   -0.00206
   -0.02424
   -0.01650
    0.03762
   -0.01400
   -0.00615
   -0.03766
    0.02862
    0.00370
   -0.03555
   -0.00762
    0.05591
   -0.04796
   -0.02148
    0.01688
    0.01604
    0.00068
   -0.01239
   -0.01284
    0.02893
   -0.00408
   -0.04049
    0.02454
    0.01373
   -0.01382
   -0.03762
    0.02498
    0.04473
   -0.02222
   -0.02470
    0.01230
    0.01469
   -0.00782
   -0.01960
   -0.00808
    0.03535
   -0.00034
   -0.01663
   -0.01654
    0.02223
   -0.01660
   -0.01877
   -0.00822
    0.05371
   -0.03303
   -0.03288
    0.01651
    0.01559
   -0.00429
   -0.03576
   -0.00373
    0.03959
   -0.01471
    0.00315
   -0.01419
    0.02812
   -0.04046
    0.00949
    0.00453
    0.02328
   -0.05742
   -0.04396
    0.02642
    0.02195
    0.00239
   -0.01046
   -0.02266
    0.03207
    0.00383
   -0.00207
   -0.05613
    0.01358
   -0.00057
    0.01486
   -0.05832
    0.03296
   -0.05169
   -0.00829
    0.00408
    0.02236
    0.00819
   -0.00988
   -0.01304
    0.01497
   -0.00565
   -0.00266
   -0.03755
    0.02845
   -0.04063
   -0.01886
    0.02765
    0.01088
   -0.04848
   -0.01019
    0.02551
   -0.00422
   -0.00357
   -0.03143
    0.01211
    0.02057
    0.01234
   -0.01847
    0.00956
   -0.00299
   -0.03563
    0.02077
   -0.03261
    0.03610
   -0.05611
   -0.02442
    0.01583
    0.02166
   -0.02246
   -0.04251
    0.00630
    0.05462
    0.01051
   -0.02964
    0.01021
    0.00643
   -0.02615
    0.01125
    0.00255
    0.01030
   -0.00376
   -0.03786
    0.01999
   -0.00382
   -0.01579
    0.00301
   -0.02138
    0.03654
   -0.01945
   -0.00012
   -0.03477
    0.03168
   -0.02234
    0.00344
   -0.01990
    0.03079
   -0.06657
   -0.00014
    0.01058
    0.01508
   -0.00748
    0.00031
   -0.00863
    0.01860
   -0.00224
   -0.01227
   -0.03240
    0.02864
   -0.03921
    0.00702
    0.00033
    0.02895
   -0.07803
   -0.05935
    0.02862
   -0.04728
    0.00086
   -0.01797
   -0.02571
    0.03892
    0.00117
   -0.01093
    0.01563
    0.00253
   -0.04642
    0.02448
   -0.02580
    0.03193
   -0.03208
   -0.02004
    0.01253
    0.01037
    0.00069
   -0.03201
    0.01120
    0.01175
   -0.00649
   -0.02987
    0.03058
    0.02849
   -0.01520
   -0.00123
    0.00030
    0.01624
   -0.01543
   -0.02405
    0.01585
    0.00682
   -0.03056
   -0.01688
    0.00123
    0.04125
   -0.02013
    0.00395
   -0.00896
    0.01897
   -0.05258
    0.00850
   -0.00096
    0.02837
   -0.06567
   -0.02983
    0.03101
    0.01850
   -0.01792
   -0.02665
    0.00114
    0.04497
   -0.00842
   -0.02099
   -0.00850
    0.03142
   -0.01543
    0.00662
    0.00170
    0.00554
   -0.03715
   -0.00233
    0.03904
   -0.02180
   -0.03557
   -0.00265
   -0.01508
    0.03147
    0.00254
   -0.02624
    0.02723
    0.01311
   -0.02902
    0.00291
   -0.02926
    0.04117
    0.00674
   -0.03815
    0.00308
    0.01377
   -0.00167
   -0.04873
    0.01216
    0.02677
    0.00669
   -0.04467
   -0.00525
    0.03884
   -0.01774
   -0.02287
    0.01537
    0.03122
   -0.04776
   -0.02650
    0.02861
    0.00865
   -0.02160
   -0.03045
   -0.02697
    0.06934
   -0.01760
   -0.01908
   -0.02743
    0.03572
   -0.01260
   -0.01579
   -0.01970
    0.04514
   -0.04688
   -0.03093
    0.02661
    0.01181
   -0.01216
   -0.00989
   -0.02758
    0.05552
    0.01711
   -0.03475
   -0.03301
    0.02196
   -0.01808
   -0.01331
   -0.00166
    0.03928
   -0.05851
   -0.02781
    0.03020
    0.01997
    0.00399
   -0.02254
   -0.02628
    0.04082
    0.00724
   -0.04160
   -0.00408
    0.02669
   -0.02459
    0.00930
   -0.03644
    0.03997
   -0.00613
   -0.03143
    0.03122
   -0.00674
   -0.00010
   -0.02426
   -0.01352
    0.03599
   -0.01361
    0.00371
   -0.00055
    0.01505
   -0.03780
   -0.00400
   -0.00103
    0.04307
   -0.03722
   -0.01257
    0.01452
    0.00668
   -0.02001
   -0.00850
   -0.02557
    0.04713
   -0.02778
   -0.01150
   -0.03117
    0.04327
   -0.01277
    0.00095
   -0.05340
    0.04075
   -0.04664
   -0.00467
   -0.01488
    0.04057
    0.00348
   -0.00955
   -0.02197
    0.02947
   -0.00578
    0.01010
   -0.04006
    0.01443
   -0.02753
   -0.00772
   -0.00210
    0.03460
   -0.04667
   -0.00279
    0.01199
    0.01338
   -0.03667
    0.00706
   -0.03105
    0.05112
    0.00432
   -0.00567
    0.00216
   -0.00051
   -0.05712
   -0.01026
   -0.06081
    0.03396
   -0.03527
   -0.02381
    0.00761
    0.01815
    0.00003
   -0.01342
   -0.00167
    0.00917
   -0.00177
   -0.01571
    0.01037
    0.01240
   -0.01374
   -0.00495
    0.01101
    0.00579
   -0.02359
   -0.02844
    0.02113
    0.00704
   -0.02881
    0.01306
   -0.01572
    0.03343
   -0.01981
    0.00305
   -0.00370
    0.01630
   -0.03634
    0.02343
   -0.00382
    0.01492
   -0.05307
   -0.00665
    0.02886
   -0.00405
   -0.02182
   -0.00299
   -0.00871
    0.03706
    0.00068
   -0.00182
   -0.03565
    0.01287
   -0.03693
    0.00058
    0.01413
    0.02074
   -0.05363
    0.00170
    0.02871
   -0.00489
   -0.00228
   -0.02288
   -0.00291
    0.02488
    0.00681
    0.00673
    0.04355
   -0.02310
   -0.03026
    0.02216
   -0.01731
    0.01750
   -0.01665
   -0.05498
    0.02635
    0.01600
