IntronPotTab 1 1024 -9.14778 0.92719 8.42321 136139 6 16  342.70
   -0.02356
    0.00242
   -0.01228
    0.03956
   -0.01854
    0.01521
   -0.02482
    0.03402
   -0.02369
    0.00443
   -0.00861
    0.03213
   -0.02449
   -0.01226
   -0.01621
    0.04322
   -0.01040
   -0.00187
   -0.02750
    0.03122
   -0.02284
    0.02219
   -0.02695
    0.02959
   -0.01603
    0.01858
   -0.01890
    0.01582
    0.01075
   -0.01378
   -0.01934
    0.01908
   -0.01026
   -0.00804
   -0.01392
    0.03243
   -0.00866
    0.00879
   -0.02943
    0.02938
   -0.02391
    0.01754
    0.01960
   -0.00107
   -0.00572
   -0.02759
   -0.00561
    0.02613
   -0.03294
   -0.01033
   -0.01010
    0.04673
    0.00120
   -0.01926
   -0.04599
    0.04500
   -0.01101
    0.00790
   -0.03947
    0.03318
   -0.00002
   -0.02675
   -0.01242
    0.02396
   -0.01213
   -0.02665
   -0.02879
    0.04615
   -0.01579
   -0.00375
   -0.02211
    0.04297
   -0.02365
   -0.00499
   -0.02444
    0.05166
    0.00121
   -0.04466
    0.00006
    0.02628
   -0.01240
   -0.00524
   -0.02576
    0.03573
   -0.03386
    0.02410
   -0.01847
    0.02684
   -0.01613
    0.00568
   -0.01967
    0.02912
    0.01527
   -0.00162
   -0.01336
    0.00479
   -0.00699
   -0.03031
   -0.00995
    0.03636
   -0.00685
   -0.02594
    0.00280
    0.02829
   -0.01998
   -0.00748
    0.01209
    0.02258
    0.01077
   -0.03875
    0.00875
    0.01472
    0.01763
   -0.04322
   -0.01347
    0.01701
   -0.00642
   -0.02410
   -0.01743
    0.03434
    0.00099
   -0.00930
   -0.05504
    0.04482
    0.02601
   -0.05369
   -0.00443
    0.02441
   -0.00257
   -0.01892
   -0.04547
    0.05118
   -0.01404
    0.00963
   -0.04035
    0.04162
   -0.01697
   -0.00434
   -0.01256
    0.04179
    0.00607
   -0.03137
   -0.03780
    0.05023
   -0.01545
    0.00079
   -0.04049
    0.04658
   -0.02750
    0.01600
   -0.02250
    0.04515
   -0.01003
    0.00922
   -0.02691
    0.02335
    0.01940
   -0.00898
   -0.02349
    0.01900
    0.00226
   -0.02643
   -0.02622
    0.03881
   -0.02508
    0.01497
   -0.02688
    0.04014
   -0.00847
   -0.00539
   -0.00591
    0.01957
   -0.02400
   -0.00097
   -0.01531
    0.03430
   -0.00138
   -0.02523
   -0.01758
    0.02657
    0.00572
   -0.03076
   -0.03573
    0.03532
   -0.01230
    0.00714
   -0.04113
    0.03886
    0.02900
   -0.04438
   -0.02169
    0.02378
   -0.03743
   -0.00739
   -0.00308
    0.03167
   -0.01381
   -0.00073
   -0.02140
    0.03112
   -0.01576
   -0.00267
   -0.02500
    0.03646
   -0.02074
   -0.01898
   -0.01382
    0.03601
   -0.01531
   -0.00634
   -0.02794
    0.03631
   -0.02123
    0.01484
   -0.00399
    0.01892
   -0.00662
    0.00372
   -0.02819
    0.02523
    0.01048
   -0.00367
   -0.01087
    0.00584
   -0.00955
   -0.02426
   -0.02724
    0.04046
    0.00395
   -0.02626
   -0.02851
    0.02576
   -0.01799
   -0.00371
    0.00088
    0.02271
    0.00357
   -0.03129
   -0.01022
    0.02234
    0.00270
   -0.02780
   -0.00518
    0.01002
    0.00542
   -0.02011
   -0.04619
    0.03136
    0.00196
   -0.00672
   -0.04306
    0.02851
    0.00987
   -0.02839
   -0.01538
    0.01997
   -0.01055
   -0.02614
   -0.03392
    0.04978
   -0.01917
    0.00722
   -0.02792
    0.03969
   -0.03027
    0.00835
   -0.02042
    0.04291
   -0.01103
   -0.01570
   -0.02377
    0.03559
   -0.00778
   -0.00209
   -0.03391
    0.03805
   -0.03199
    0.03183
   -0.02837
    0.03241
   -0.01837
    0.01229
   -0.02589
    0.02521
    0.00288
   -0.00503
   -0.02500
    0.02581
   -0.01162
   -0.00708
   -0.02766
    0.04315
   -0.01198
   -0.00428
   -0.01615
    0.02976
   -0.02775
    0.02077
    0.01189
    0.00394
    0.00117
   -0.01176
   -0.00806
    0.01490
    0.00503
   -0.03041
   -0.02651
    0.02342
   -0.00710
   -0.01712
   -0.03379
    0.04168
   -0.00632
    0.00906
   -0.05418
    0.03115
    0.00393
   -0.01438
   -0.02015
    0.02046
   -0.00837
   -0.03292
   -0.03965
    0.05496
   -0.01660
   -0.00206
   -0.01447
    0.03134
   -0.01352
   -0.00252
   -0.02329
    0.03605
    0.00922
   -0.04448
   -0.01268
    0.03383
   -0.00049
   -0.00009
   -0.05249
    0.03741
   -0.05976
    0.05315
   -0.05178
    0.02841
   -0.02170
    0.02052
   -0.02278
    0.02560
   -0.01931
    0.01942
   -0.03550
    0.02177
   -0.00505
   -0.01239
   -0.01858
    0.02643
   -0.02475
   -0.00524
    0.00825
    0.02299
   -0.04281
   -0.00030
    0.01837
    0.02756
    0.02257
   -0.03555
   -0.00553
    0.01561
    0.00243
   -0.03880
   -0.01529
    0.02959
   -0.02449
    0.01084
   -0.04228
    0.03686
   -0.01220
   -0.01269
   -0.04323
    0.05601
    0.02314
   -0.03154
   -0.01793
    0.02546
   -0.00724
   -0.01240
   -0.03856
    0.04178
   -0.02005
    0.01436
   -0.01455
    0.02280
   -0.01121
   -0.00320
   -0.01880
    0.03310
   -0.00173
   -0.00832
   -0.03212
    0.03159
   -0.02077
    0.01139
   -0.04471
    0.04323
   -0.04155
    0.03081
    0.00389
    0.02540
   -0.02595
    0.00717
   -0.00515
    0.02680
    0.00323
   -0.00560
   -0.01286
    0.01544
   -0.01186
   -0.02635
   -0.03875
    0.05371
   -0.03064
   -0.00600
    0.00626
    0.03235
   -0.03413
    0.02428
   -0.01326
    0.02781
   -0.00191
   -0.01472
   -0.01922
    0.02955
    0.00295
   -0.04213
   -0.04358
    0.04685
   -0.00473
   -0.03089
   -0.00818
    0.03290
   -0.01606
    0.00166
   -0.04570
    0.04479
    0.00512
   -0.02678
   -0.02202
    0.02928
   -0.02645
   -0.02687
   -0.04138
    0.05391
   -0.01516
   -0.01132
   -0.04280
    0.04519
   -0.01697
   -0.00333
   -0.03604
    0.03822
   -0.00963
   -0.03005
   -0.01004
    0.02922
   -0.01468
   -0.01374
   -0.03574
    0.04885
   -0.06417
    0.03540
   -0.03577
    0.05183
   -0.02179
    0.02387
   -0.03027
    0.02160
   -0.01290
    0.00948
   -0.03507
    0.02756
   -0.01556
   -0.00816
   -0.03296
    0.04322
   -0.02052
   -0.00523
   -0.02442
    0.03669
   -0.04038
    0.00955
    0.00259
    0.02997
    0.00129
   -0.03289
   -0.00594
    0.02403
    0.00471
   -0.04748
   -0.02100
    0.02978
   -0.01299
   -0.00419
   -0.05137
    0.04005
    0.00547
   -0.00967
   -0.05575
    0.03931
   -0.00051
   -0.02269
   -0.02297
    0.03107
   -0.02218
   -0.01164
   -0.03248
    0.04271
   -0.01453
    0.00788
   -0.03941
    0.03736
   -0.04018
    0.01896
   -0.01444
    0.04590
   -0.00715
   -0.02612
   -0.02206
    0.03801
   -0.01257
   -0.00342
   -0.01977
    0.02730
   -0.04241
    0.02274
   -0.04766
    0.04937
   -0.02984
    0.00869
   -0.01238
    0.03189
    0.01342
   -0.01063
   -0.00826
    0.00743
   -0.01825
   -0.00147
   -0.02356
    0.04284
   -0.01782
    0.01395
   -0.01109
    0.02208
   -0.03720
    0.01416
    0.01098
    0.02421
   -0.00052
   -0.01943
   -0.00680
    0.01924
    0.00518
   -0.03217
   -0.03710
    0.02342
    0.00708
   -0.03241
   -0.02698
    0.02949
   -0.01061
    0.00772
   -0.04240
    0.03788
    0.02268
   -0.04201
   -0.01431
    0.01838
   -0.02113
   -0.02168
   -0.04265
    0.05392
   -0.01840
   -0.01339
   -0.02133
    0.04164
   -0.02732
    0.00377
   -0.02668
    0.04615
   -0.00623
   -0.04739
    0.02026
    0.01648
   -0.00816
   -0.01271
   -0.03612
    0.03801
   -0.02260
    0.00843
   -0.02867
    0.03335
   -0.02016
    0.01313
   -0.03546
    0.03192
    0.01734
   -0.00690
   -0.02131
    0.01318
   -0.00514
   -0.03185
   -0.01007
    0.03198
   -0.01471
   -0.01326
   -0.00506
    0.02918
   -0.02809
    0.01077
    0.01417
    0.01011
    0.00525
   -0.03104
    0.00362
    0.01509
    0.01188
   -0.03827
   -0.02298
    0.01910
   -0.00005
   -0.03477
   -0.02191
    0.03424
   -0.01353
   -0.00140
   -0.05721
    0.05231
    0.03495
   -0.03746
   -0.01731
    0.02293
    0.00744
   -0.04194
   -0.05481
    0.05288
   -0.00918
    0.01228
   -0.03609
    0.03215
   -0.02039
    0.01345
   -0.01714
    0.03808
    0.01641
   -0.03807
   -0.03976
    0.04292
   -0.00867
   -0.00913
   -0.03963
    0.04157
   -0.02265
    0.01048
   -0.03018
    0.03618
   -0.02042
    0.01143
   -0.01878
    0.02602
    0.02177
   -0.01570
   -0.02551
    0.02518
    0.00487
   -0.03489
   -0.03001
    0.04098
   -0.03136
   -0.00164
    0.00118
    0.03692
   -0.01667
   -0.02212
    0.02759
    0.00118
   -0.00775
   -0.02629
   -0.00965
    0.02976
   -0.01217
   -0.01946
   -0.04119
    0.04234
   -0.00302
   -0.00705
   -0.02176
    0.02744
   -0.02505
   -0.00100
   -0.02690
    0.04771
    0.02240
   -0.04307
   -0.02819
    0.02971
   -0.02376
   -0.00221
   -0.07257
    0.04843
   -0.00117
   -0.00978
   -0.04637
    0.03144
   -0.01553
    0.01469
   -0.03226
    0.02605
   -0.00730
   -0.02151
   -0.02054
    0.02976
   -0.00570
    0.00027
   -0.04221
    0.03234
   -0.02273
    0.03073
   -0.02975
    0.02168
   -0.01385
    0.00514
   -0.02314
    0.02577
    0.01373
   -0.01317
   -0.01626
    0.01620
    0.00130
   -0.00332
   -0.05908
    0.03885
   -0.00634
   -0.03247
   -0.01586
    0.03595
   -0.02805
   -0.00703
    0.01339
    0.02561
    0.00209
   -0.03988
   -0.00113
    0.02180
    0.00715
   -0.02746
   -0.05477
    0.02566
    0.01644
   -0.04532
   -0.03835
    0.02518
    0.00444
   -0.00279
   -0.05713
    0.03191
    0.01906
   -0.03445
   -0.02738
    0.02651
   -0.02469
   -0.00025
   -0.02587
    0.03545
   -0.02090
    0.01308
   -0.04307
    0.04518
   -0.01842
    0.00853
   -0.01904
    0.02424
   -0.05028
    0.00237
   -0.01500
    0.04219
   -0.01734
   -0.00945
   -0.02268
    0.03085
   -0.01637
    0.01394
   -0.02037
    0.02036
   -0.02512
    0.01020
   -0.02577
    0.02976
    0.01276
   -0.02449
   -0.01045
    0.01380
   -0.00187
   -0.01529
   -0.03099
    0.03160
   -0.01530
   -0.00897
   -0.01781
    0.03420
   -0.02452
    0.01809
    0.00206
    0.00801
   -0.01250
   -0.01977
   -0.00969
    0.02934
    0.00513
   -0.01650
   -0.01361
    0.00755
    0.00104
   -0.02635
   -0.04287
    0.03777
   -0.00603
    0.00157
   -0.03649
    0.02578
   -0.01902
   -0.01209
   -0.00422
    0.02217
   -0.02157
   -0.02819
   -0.04388
    0.05608
   -0.02360
   -0.02101
   -0.01927
    0.04962
   -0.01518
   -0.01123
   -0.04798
    0.05369
   -0.00847
   -0.05615
    0.00379
    0.03738
   -0.00880
   -0.00761
   -0.06554
    0.05331
   -0.04557
    0.02738
   -0.04125
    0.03929
   -0.01235
    0.02117
   -0.05524
    0.02835
    0.02214
    0.00069
   -0.03524
    0.01528
   -0.00705
   -0.03510
   -0.01573
    0.03536
   -0.01253
   -0.01744
   -0.00281
    0.02454
   -0.01655
    0.00091
   -0.00122
    0.01661
    0.00985
   -0.05427
    0.00613
    0.02690
    0.01594
   -0.05270
   -0.02499
    0.02675
   -0.00149
   -0.04112
   -0.04617
    0.04674
    0.00489
   -0.01223
   -0.05618
    0.03886
    0.04158
   -0.05449
   -0.01318
    0.02853
   -0.01327
   -0.02033
   -0.06432
    0.06148
   -0.01759
    0.01310
   -0.05474
    0.04558
   -0.01736
   -0.00217
   -0.02168
    0.03501
   -0.00797
   -0.02377
   -0.04277
    0.04886
   -0.01764
   -0.00788
   -0.06433
    0.05243
   -0.02105
    0.00473
   -0.03065
    0.03694
   -0.02658
    0.00088
   -0.01458
    0.02806
    0.01343
   -0.01989
   -0.02624
    0.02937
    0.00625
   -0.03273
   -0.03712
    0.03916
   -0.00880
   -0.01866
   -0.03736
    0.04368
   -0.01420
   -0.01403
   -0.00613
    0.02813
   -0.00049
   -0.03257
   -0.02978
    0.04558
    0.00374
   -0.02623
   -0.04279
    0.03064
    0.00957
   -0.04412
   -0.03533
    0.03601
   -0.01531
    0.00289
   -0.04674
    0.03711
    0.01696
   -0.03513
   -0.02010
    0.02146
   -0.03628
   -0.01074
   -0.03077
    0.04465
   -0.01313
   -0.01397
   -0.02827
    0.04186
   -0.01387
   -0.00290
   -0.03611
    0.03730
   -0.00911
   -0.01190
    0.00218
    0.00878
   -0.01287
   -0.00074
   -0.06171
    0.04702
   -0.03067
    0.02863
   -0.04786
    0.03388
   -0.01475
    0.00499
   -0.01820
    0.02144
    0.01605
   -0.00539
   -0.00993
    0.00275
   -0.01096
   -0.01878
   -0.02528
    0.03545
   -0.00526
   -0.02623
   -0.02675
    0.03423
   -0.02991
   -0.00754
    0.01447
    0.02292
   -0.00128
   -0.03368
    0.00357
    0.01411
   -0.00488
   -0.03571
   -0.02899
    0.02813
   -0.00470
   -0.01212
   -0.05956
    0.03689
   -0.00191
   -0.00727
   -0.04484
    0.03146
    0.00154
   -0.03342
   -0.01778
    0.02082
