IntronPotTab 1 1024 -18.33718 1.32168 28.05236 65832 6 16  467.07
   -0.01351
    0.00150
    0.00882
    0.01118
    0.00542
   -0.02601
    0.01520
   -0.01116
   -0.00426
   -0.03576
    0.02877
    0.01189
    0.07834
   -0.06486
    0.01743
   -0.04836
   -0.04825
    0.01241
   -0.00716
    0.06057
   -0.02868
   -0.02740
    0.00746
    0.04376
   -0.04172
   -0.00440
   -0.02165
    0.08667
    0.01244
   -0.01798
    0.00770
    0.00669
   -0.02937
   -0.02915
    0.03213
    0.04963
    0.00560
   -0.04720
    0.01637
    0.01359
   -0.00641
   -0.05222
    0.05913
    0.01771
    0.00397
   -0.04162
    0.03097
    0.00249
   -0.08002
   -0.04011
   -0.00517
    0.08311
   -0.03266
   -0.02357
   -0.00878
    0.05718
   -0.07504
    0.01064
   -0.04112
    0.08074
    0.00696
   -0.01087
   -0.00612
    0.01412
    0.01820
   -0.02533
    0.00302
   -0.01013
    0.03303
   -0.07135
   -0.00050
    0.01122
    0.01656
   -0.06070
    0.00134
    0.04727
    0.10694
   -0.09916
    0.00642
   -0.05429
   -0.00424
   -0.00768
   -0.01569
    0.04175
    0.00345
   -0.02541
   -0.02250
    0.04351
   -0.01380
   -0.04091
   -0.03938
    0.09561
    0.07506
   -0.02498
   -0.02099
    0.01666
    0.00861
   -0.05148
    0.01116
    0.03667
    0.02699
   -0.08020
    0.01495
    0.02350
   -0.00124
   -0.07487
    0.03553
    0.06151
    0.04112
   -0.08585
    0.02613
    0.02800
   -0.00610
   -0.05629
    0.02880
    0.05571
    0.00086
   -0.04632
   -0.02101
    0.05724
   -0.03638
   -0.02585
   -0.02963
    0.08157
    0.02641
   -0.03577
   -0.01141
    0.04139
    0.02046
    0.01331
   -0.04198
    0.04207
    0.02395
   -0.03791
   -0.02940
    0.03684
    0.02446
   -0.06512
   -0.01598
    0.03632
    0.10536
   -0.08238
   -0.01048
   -0.03079
   -0.01648
    0.00180
   -0.03359
    0.08376
   -0.00826
   -0.02984
   -0.02976
    0.05994
   -0.01660
   -0.04619
   -0.02965
    0.10458
    0.04599
   -0.03218
   -0.01747
    0.03839
   -0.00200
   -0.01931
   -0.01356
    0.06687
    0.03486
   -0.06245
   -0.02070
    0.04228
    0.00952
   -0.08692
    0.03547
    0.03036
   -0.01964
   -0.05388
    0.00996
    0.05296
   -0.06235
   -0.07071
    0.01032
    0.10521
   -0.01890
   -0.03330
   -0.02656
    0.06411
   -0.05228
   -0.01622
   -0.03331
    0.08553
    0.02950
   -0.03525
   -0.01587
    0.03950
    0.03626
   -0.05743
   -0.00184
   -0.01909
    0.05710
   -0.10514
   -0.01737
   -0.05407
    0.06038
   -0.11861
    0.01403
   -0.04801
    0.04815
   -0.16143
   -0.01920
   -0.13412
    0.00291
   -0.01663
   -0.00621
    0.02433
    0.01840
   -0.02752
   -0.01367
    0.01592
   -0.01331
   -0.03116
   -0.01527
    0.06633
    0.12866
   -0.02960
   -0.01206
   -0.05448
    0.00925
   -0.04414
    0.02255
    0.00069
    0.04421
   -0.08644
    0.00933
   -0.02808
    0.01896
   -0.06842
    0.03215
    0.01722
    0.10115
   -0.10764
    0.01489
   -0.06047
   -0.02256
   -0.05165
    0.01864
    0.04800
    0.02251
   -0.03884
   -0.00088
    0.01282
   -0.02944
   -0.02258
   -0.01272
    0.05741
    0.08424
   -0.03630
    0.01172
   -0.01724
   -0.03427
    0.00529
   -0.01323
    0.06331
   -0.02303
   -0.01884
   -0.00902
    0.05123
   -0.03051
   -0.01287
   -0.00684
    0.06581
    0.01856
   -0.02556
   -0.00826
    0.02494
   -0.07501
    0.01116
   -0.04091
    0.09985
   -0.06248
    0.00210
   -0.02986
    0.07598
   -0.07775
   -0.00122
   -0.05091
    0.11694
   -0.05984
   -0.00808
   -0.01340
    0.04154
   -0.04277
   -0.02242
    0.00961
    0.07815
   -0.03202
   -0.01629
   -0.00751
    0.05491
   -0.02387
   -0.02981
    0.03271
    0.03744
   -0.04522
   -0.02098
    0.01281
    0.02521
   -0.14649
   -0.03568
   -0.09167
    0.10170
   -0.10375
   -0.01325
   -0.06401
    0.10941
   -0.14138
    0.01595
   -0.10051
    0.10543
   -0.06189
   -0.01943
   -0.05827
    0.05808
    0.00430
   -0.02597
   -0.00699
    0.04863
   -0.00017
   -0.04676
    0.00036
    0.04499
   -0.00853
   -0.04924
   -0.03169
    0.09760
    0.05047
   -0.04702
   -0.00570
    0.03158
   -0.03791
    0.00656
   -0.03917
    0.08807
   -0.05922
    0.01286
   -0.03940
    0.06872
   -0.07106
   -0.03730
   -0.05733
    0.13203
   -0.01874
   -0.01511
   -0.02828
    0.04980
   -0.01102
   -0.03690
   -0.00796
    0.08554
   -0.00763
   -0.07113
    0.00536
    0.07390
   -0.04281
   -0.06169
    0.01664
    0.10418
   -0.02792
   -0.06425
    0.03137
    0.05449
   -0.05950
   -0.05226
    0.01168
    0.09819
   -0.04509
   -0.06016
   -0.04224
    0.09324
   -0.09161
   -0.03486
   -0.06810
    0.12982
   -0.04554
   -0.05048
   -0.04166
    0.09103
    0.02246
   -0.00593
   -0.06109
    0.08304
    0.00480
   -0.03038
   -0.04635
    0.08176
    0.00942
   -0.04683
   -0.04507
    0.09547
    0.03508
   -0.05419
   -0.01951
    0.05436
   -0.04869
    0.01674
   -0.06771
    0.11466
   -0.04273
   -0.00356
   -0.06111
    0.08172
   -0.08160
   -0.02835
   -0.06611
    0.14449
   -0.05380
   -0.00910
   -0.04659
    0.07045
   -0.00961
   -0.02616
   -0.02580
    0.09241
   -0.01039
   -0.02759
   -0.03557
    0.08344
   -0.02693
   -0.07861
    0.02631
    0.07790
   -0.07470
   -0.04690
    0.00012
    0.07721
   -0.07466
   -0.07521
   -0.01629
    0.12371
   -0.06926
   -0.03019
   -0.06438
    0.09643
   -0.09427
   -0.00846
   -0.05918
    0.10370
   -0.07052
   -0.03487
   -0.06064
    0.07088
    0.00014
   -0.02451
    0.00693
    0.02491
    0.01957
   -0.02402
   -0.01644
    0.01656
    0.00075
   -0.03832
    0.02925
    0.01198
    0.07658
    0.01028
   -0.03431
   -0.06361
   -0.03619
    0.02345
   -0.03253
    0.05703
   -0.03177
    0.01452
   -0.02837
    0.03493
   -0.05693
   -0.00643
   -0.04619
    0.09407
   -0.02996
    0.01821
   -0.02397
    0.00463
   -0.02332
   -0.01306
    0.01563
    0.03479
   -0.00622
   -0.02575
    0.00801
    0.01970
   -0.02773
   -0.03108
    0.01652
    0.05961
    0.00453
   -0.02923
    0.02531
    0.00595
   -0.03225
   -0.05692
    0.01436
    0.08021
   -0.04184
   -0.00861
   -0.02886
    0.04395
   -0.07283
   -0.00815
   -0.05086
    0.08731
   -0.04232
    0.00063
   -0.03887
    0.03309
   -0.02966
    0.00273
    0.01992
    0.02245
   -0.00634
   -0.01986
    0.00660
    0.01592
   -0.03521
   -0.01326
    0.02074
    0.07239
    0.03854
   -0.03006
    0.01218
   -0.00875
   -0.04715
    0.00671
   -0.01070
    0.07452
   -0.02916
   -0.02435
   -0.01536
    0.06076
   -0.07959
    0.00590
   -0.02133
    0.12749
   -0.03251
   -0.00800
    0.00050
    0.01988
   -0.03807
   -0.03699
    0.03105
    0.07651
   -0.01048
   -0.03418
    0.00815
    0.03300
   -0.04358
   -0.04034
    0.06179
    0.06957
   -0.01092
   -0.03740
    0.02448
    0.01742
   -0.09745
   -0.05291
    0.04875
    0.06305
   -0.06167
   -0.03069
   -0.04205
    0.09508
   -0.11350
    0.00690
   -0.04273
    0.11032
   -0.03465
   -0.00904
   -0.02480
    0.03235
    0.02106
   -0.02552
   -0.00710
    0.01082
    0.02568
   -0.05676
   -0.00984
    0.02838
    0.01130
   -0.06468
   -0.01570
    0.08850
    0.07915
   -0.08934
    0.03131
   -0.01649
   -0.01323
    0.00591
   -0.02377
    0.04330
   -0.00500
   -0.01222
   -0.03509
    0.04674
   -0.03989
   -0.04491
   -0.04112
    0.12668
    0.04109
   -0.03481
   -0.00882
    0.04003
    0.00713
   -0.03676
   -0.00384
    0.06021
    0.01568
   -0.06482
    0.01250
    0.03836
   -0.01957
   -0.07685
    0.03206
    0.10430
    0.01695
   -0.07430
    0.03720
    0.04044
   -0.01576
   -0.04714
    0.02509
    0.05732
   -0.02038
   -0.05093
   -0.04576
    0.08128
   -0.05315
   -0.04386
   -0.04721
    0.11631
   -0.02683
   -0.04083
   -0.01754
    0.07026
    0.00756
   -0.00083
   -0.02571
    0.04761
    0.01745
   -0.04084
   -0.02869
    0.05069
   -0.00240
   -0.04409
   -0.01181
    0.07762
    0.04499
   -0.05944
    0.00727
    0.01599
   -0.03494
   -0.00341
   -0.01831
    0.07775
   -0.01034
   -0.04110
   -0.02597
    0.05861
   -0.04812
   -0.02997
   -0.04558
    0.13385
   -0.01154
   -0.02852
   -0.01692
    0.05011
   -0.01295
   -0.03211
    0.00586
    0.05823
    0.00799
   -0.05965
   -0.00407
    0.04957
   -0.01862
   -0.08526
    0.05146
    0.05127
   -0.04176
   -0.05834
    0.02084
    0.04979
   -0.10924
   -0.05915
    0.03127
    0.11302
   -0.05314
   -0.04300
   -0.03853
    0.09462
   -0.11304
   -0.01470
   -0.02677
    0.11123
   -0.05053
   -0.03205
   -0.03916
    0.06313
    0.06414
    0.00462
   -0.13548
    0.02875
    0.04943
   -0.03805
   -0.04503
    0.00049
    0.04444
   -0.04545
   -0.02382
   -0.00222
    0.09778
   -0.08940
    0.01466
   -0.07122
   -0.01315
    0.00713
   -0.01816
    0.03198
   -0.01489
   -0.01247
   -0.02572
    0.04287
   -0.02831
   -0.00872
   -0.03064
    0.07030
    0.01932
   -0.00335
   -0.00479
    0.00286
    0.02687
   -0.01057
   -0.05099
    0.03811
    0.02534
   -0.05127
    0.00433
    0.00955
   -0.00025
   -0.04295
    0.01045
    0.04375
    0.02033
   -0.04122
    0.03527
   -0.01507
   -0.02872
   -0.02601
    0.00508
    0.04876
   -0.02017
   -0.02146
   -0.03213
    0.05378
   -0.04234
   -0.01810
   -0.02720
    0.06896
   -0.01953
   -0.01080
   -0.02338
    0.03166
   -0.05827
   -0.02350
   -0.03428
    0.11208
   -0.02949
   -0.03183
   -0.01002
    0.06380
   -0.01581
   -0.03646
   -0.00287
    0.06258
    0.02130
   -0.03451
    0.00348
    0.01062
   -0.11482
   -0.03114
   -0.09216
    0.13657
   -0.07193
   -0.00266
   -0.03383
    0.07919
   -0.10667
   -0.01218
   -0.06789
    0.12692
   -0.05671
   -0.00140
   -0.03052
    0.04991
   -0.08743
   -0.03533
   -0.02809
    0.12482
   -0.03349
   -0.02948
   -0.00610
    0.06069
   -0.03528
   -0.03742
   -0.01878
    0.08210
   -0.03939
   -0.02824
    0.00653
    0.03950
   -0.16859
   -0.10455
   -0.12554
    0.04358
   -0.12877
   -0.06622
   -0.09206
    0.12658
   -0.16377
   -0.03287
   -0.12332
    0.11154
   -0.07390
   -0.03168
   -0.06845
    0.06564
    0.00586
   -0.02841
   -0.01118
    0.05464
    0.00418
   -0.06364
    0.00301
    0.05363
   -0.00087
   -0.06354
   -0.03947
    0.10804
    0.05454
   -0.06570
    0.01407
    0.03222
   -0.04101
    0.00533
   -0.06478
    0.10879
   -0.06980
   -0.00513
   -0.04449
    0.07109
   -0.06932
   -0.04651
   -0.06011
    0.12663
   -0.00084
   -0.03786
   -0.01211
    0.05666
   -0.00898
   -0.04090
   -0.01682
    0.09078
   -0.01962
   -0.06860
   -0.00577
    0.08300
   -0.03851
   -0.07184
    0.01017
    0.11428
   -0.02665
   -0.07860
    0.03680
    0.06850
   -0.07802
   -0.08371
   -0.05451
    0.14386
   -0.07261
   -0.06323
   -0.04800
    0.08718
   -0.08733
   -0.04523
   -0.07411
    0.11524
   -0.02876
   -0.05654
   -0.01919
    0.08770
   -0.00859
    0.00087
   -0.05453
    0.09825
   -0.00942
   -0.03872
   -0.03384
    0.07987
   -0.00659
   -0.04519
   -0.02671
    0.08547
    0.03229
   -0.04874
   -0.02217
    0.04738
   -0.08628
    0.00275
   -0.11377
    0.14127
   -0.06041
   -0.03543
   -0.04891
    0.09047
   -0.08067
   -0.04225
   -0.08204
    0.13390
   -0.04436
   -0.02186
   -0.05044
    0.07753
   -0.03725
   -0.01745
   -0.02313
    0.10816
   -0.01843
   -0.03010
   -0.01542
    0.06240
   -0.03333
   -0.05631
    0.01540
    0.07545
   -0.05577
   -0.04313
    0.00230
    0.06384
   -0.11564
   -0.10248
   -0.05801
    0.13203
   -0.08054
   -0.03740
   -0.04350
    0.07572
   -0.09420
   -0.02465
   -0.07284
    0.09561
   -0.06479
   -0.03408
   -0.05803
    0.06929
    0.00589
   -0.03243
    0.00817
    0.02059
    0.01508
   -0.05535
    0.02071
    0.01603
    0.01515
   -0.04383
    0.00690
    0.01946
    0.08020
   -0.05305
    0.01514
   -0.03634
   -0.02997
    0.01289
   -0.05427
    0.07694
   -0.03794
   -0.00547
   -0.01798
    0.03720
   -0.05362
   -0.01965
   -0.04294
    0.08375
   -0.02966
    0.01554
   -0.01080
   -0.00325
   -0.02604
   -0.02644
    0.01090
    0.05308
   -0.01768
   -0.03404
    0.02027
    0.02694
   -0.02180
   -0.04904
    0.01577
    0.06350
   -0.00401
   -0.03515
    0.04003
   -0.00148
   -0.07225
   -0.04276
   -0.02755
    0.08919
   -0.05736
   -0.01856
   -0.00868
    0.04312
   -0.07327
   -0.00962
   -0.04175
    0.07241
   -0.04406
   -0.00962
   -0.01602
    0.03054
