16 4 16 1 34 -1.4115 1.4371 3.1830 1324
  0.00680   0.04778  -0.02134  -0.03290 
  0.00206   0.02660   0.03964  -0.06376 
  0.02752   0.05035   0.03028  -0.11226 
  0.01613   0.03200  -0.04481  -0.00896 
  0.01382   0.04127   0.03297  -0.08660 
 -0.00637   0.04389   0.05139  -0.08514 
  0.05264   0.02796  -0.07131  -0.02647 
  0.01958   0.05419   0.01374  -0.08807 
  0.02187   0.03065   0.03699  -0.08954 
  0.04190   0.04519  -0.07647  -0.02647 
 -0.00274   0.07043  -0.01831  -0.04872 
  0.03643   0.05035  -0.01680  -0.07503 
  0.01729   0.07165  -0.06791  -0.03160 
 -0.00033   0.09312  -0.02134  -0.07503 
  0.00086   0.11358  -0.02748  -0.09699 
  0.01844   0.08490  -0.06791  -0.04738 
  0.01149   0.09660  -0.01982  -0.09549 
  0.02300   0.09428  -0.02440  -0.10303 
  0.03532   0.08252  -0.07994  -0.05549 
 -0.02121   0.07165   0.00236  -0.04872 
  0.01149   0.08371  -0.04320  -0.05823 
  0.04407   0.09079  -0.08520  -0.07219 
 -0.00033   0.08726  -0.00053  -0.08807 
 -0.00395   0.10799  -0.07820  -0.04074 
  0.03532   0.05673  -0.09954  -0.01389 
 -0.01620   0.10799  -0.02594  -0.07077 
  0.02977   0.07772  -0.05620  -0.06237 
 -0.01003   0.08252  -0.07302  -0.01018 
  0.02300   0.08608  -0.04320  -0.07503 
  0.00444   0.07043  -0.02287  -0.05277 
  0.03200   0.11023  -0.04965  -0.11226 
  0.05158   0.05546  -0.01530  -0.10303 
  0.02300   0.07287   0.02071  -0.12329 
  0.06725   0.08490  -0.11250  -0.07503 
  0.02187   0.13733  -0.06791  -0.12011 
  0.04838   0.10347  -0.10690  -0.07646 
  0.08926   0.04907  -0.17070  -0.02647 
  0.01844   0.04389  -0.12779   0.03307 
  0.09507   0.02388  -0.14973  -0.02265 
  0.06725   0.19160  -0.27452  -0.12011 
  0.01613   0.07530  -0.19272   0.04189 
  0.13897   0.01839  -0.16855  -0.06936 
  0.22473   0.03600  -0.28278  -0.19043 
  0.05158   0.17167  -0.14364  -0.15299 
 -0.00033   0.18600  -0.13962  -0.10609 
 -0.00881   0.01562  -0.18823   0.10754 
 -0.03527   0.22635  -0.12974  -0.14120 
 -0.07611   0.23230  -0.19047  -0.06237 
  0.56261  -3.12222  -3.12222  -3.12222 
 -3.12222  -1.35738   0.64114  -3.12222 
  0.06105   0.02660  -0.02748  -0.07219 
 -0.01373   0.12991  -0.12585  -0.02265 
  0.01958   0.11909  -0.06961  -0.08954 
  0.03422   0.11358  -0.05786  -0.11226 
  0.05476   0.05292  -0.10321  -0.03031 
  0.02527   0.03600   0.01932  -0.08078 
  0.01382   0.06673  -0.04965  -0.03680 
  0.04730   0.01283  -0.09052   0.00670 
  0.02865   0.05035  -0.03214  -0.05142 
  0.04515   0.06051  -0.03370  -0.08223 
  0.03643   0.07409  -0.06622  -0.05823 
  0.02640   0.04778  -0.00053  -0.07503 
  0.01498   0.08961  -0.04481  -0.06795 
  0.04730   0.07287  -0.10321  -0.04206 
  0.01382   0.07772  -0.01982  -0.07503 
  0.02640   0.07409  -0.04965  -0.05961 
  0.03311   0.07287  -0.07474  -0.04605 
  0.01032   0.05546  -0.01530  -0.05007 
  0.03753   0.03333  -0.02287  -0.05277 
  0.02865   0.06425  -0.07302  -0.03290 
  0.02300   0.08252  -0.04803  -0.06655 
  0.02977   0.05164  -0.03370  -0.05277 
 -0.00033   0.06051  -0.04803  -0.01637 
  0.01149   0.06550  -0.01230  -0.06515 
  0.03862   0.06176  -0.00933  -0.09849 
  0.01729   0.06797  -0.06285  -0.03160 
  0.03753   0.03732  -0.02902  -0.05142 
  0.04190   0.02388  -0.03370  -0.03942 
  0.03753   0.03333  -0.02594  -0.05007 
  0.01266   0.03600   0.00951  -0.05549 
 -0.00395   0.03864  -0.00345  -0.02774 
  0.03972   0.07043  -0.05620  -0.06655 
  0.03088   0.05799   0.00236  -0.09549 
  0.07538   0.01562  -0.04001  -0.06936 
  0.04730   0.07409  -0.11438  -0.03549 
 -0.00759   0.07409  -0.01680  -0.04872 
  0.03862   0.05546  -0.01081  -0.08954 
  0.03643   0.06051  -0.10321  -0.01637 
 -0.00637   0.08132   0.00092  -0.07503 
  0.04190   0.03600  -0.01380  -0.06936 
  0.00915   0.06920  -0.03058  -0.05007 
  0.02073   0.04649  -0.02134  -0.04738 
  0.02640   0.03467   0.02071  -0.08223 
  0.02300   0.03996  -0.06791  -0.00651 
  0.00798   0.05035   0.00380  -0.05961 
  0.02752   0.04258  -0.01081  -0.06099 
  0.02752   0.05546  -0.04160  -0.04738 
 -0.05794   0.09890   0.00380  -0.04338 
  0.02865   0.04519  -0.00638  -0.06936 
