10 4 3 1 47 -1.7167 1.3589 2.6041 1326
  0.04450   0.05226  -0.05521  -0.05343 
  0.04450   0.00369  -0.05194  -0.00961 
  0.05831   0.01773  -0.02352  -0.06303 
  0.02461   0.03134  -0.01896  -0.03876 
  0.04557   0.01773  -0.04226  -0.03097 
  0.06966   0.02186  -0.05851  -0.05207 
  0.01663   0.08896  -0.07197  -0.04670 
 -0.00581   0.04841  -0.01296  -0.02712 
  0.00850   0.04062  -0.02048  -0.02840 
  0.01316   0.06608  -0.03908  -0.04404 
  0.03577   0.03534  -0.00264  -0.07142 
  0.06966   0.02865  -0.02968  -0.08433 
  0.03906   0.08543  -0.06519  -0.07569 
  0.04665   0.02730   0.02555  -0.10674 
  0.05935   0.00936  -0.00410  -0.07426 
  0.06040   0.05985  -0.07368  -0.06720 
  0.02007   0.04323   0.01449  -0.07712 
  0.03356   0.03000   0.01309  -0.07855 
  0.01316   0.02730  -0.02813  -0.01454 
  0.02461   0.00936   0.02005  -0.05343 
  0.06557   0.00936  -0.01445  -0.07284 
  0.01548   0.07222  -0.03750  -0.05479 
  0.04124   0.02730  -0.01896  -0.05479 
  0.07170   0.00936  -0.01595  -0.07999 
  0.05093   0.03930  -0.05194  -0.05072 
  0.03245   0.06608  -0.06351  -0.04670 
  0.03797   0.04970   0.02005  -0.11448 
  0.02348   0.04453  -0.01296  -0.05615 
  0.02461   0.02459   0.02143  -0.07001 
  0.06247   0.01635  -0.03592  -0.05615 
  0.02799   0.09246  -0.04707  -0.08579 
  0.03906   0.03268  -0.02505  -0.05207 
  0.06454  -0.00351   0.01027  -0.08288 
  0.03906   0.06110  -0.08059  -0.03615 
  0.04772   0.04323   0.01309  -0.11292 
  0.06966   0.04712   0.00458  -0.14185 
  0.04341   0.04062  -0.06856  -0.02968 
  0.04233  -0.00061   0.03366  -0.07999 
  0.05621   0.04323   0.00885  -0.12077 
  0.06351   0.06110  -0.06351  -0.08143 
  0.03467   0.08305  -0.01296  -0.11604 
  0.03687   0.05098   0.01449  -0.10828 
  0.06454   0.06235  -0.07886  -0.07142 
  0.01663   0.02865   0.01867  -0.06164 
  0.05093   0.04323   0.02005  -0.12554 
  0.08958   0.04193  -0.08940  -0.07569 
  0.09920   0.00511  -0.03279  -0.10065 
  0.08860   0.05098   0.02962  -0.21402 
  0.11417   0.00226  -0.08059  -0.07855 
  0.09055  -0.14060   0.17139  -0.22395 
 -1.40549  -3.12287   0.64082  -3.12287 
 -3.12287  -1.09520  -3.12287   0.55575 
  0.20435  -0.08994  -0.07026  -0.16930 
  0.03687   0.10508  -0.12844  -0.04804 
 -0.10476  -0.11173   0.32024  -0.30062 
 -0.18845  -0.10252  -0.09657   0.22871 
  0.17499  -0.05101  -0.02659  -0.19108 
  0.00378   0.06360  -0.09838   0.01191 
  0.06454   0.06608  -0.03279  -0.11761 
  0.03134   0.01357   0.03500  -0.08143 
  0.03687   0.11069  -0.08762  -0.08579 
  0.01663   0.03401  -0.00556  -0.04404 
  0.04124   0.03268   0.03633  -0.11761 
  0.02461   0.03667  -0.03592  -0.02968 
  0.08172   0.00082   0.02005  -0.12394 
  0.06454  -0.00496   0.00601  -0.07712 
  0.07573   0.02595  -0.03279  -0.08726 
  0.00259   0.02865   0.03766  -0.06441 
  0.02235   0.04062   0.00743  -0.07001 
  0.01084   0.05860   0.00170  -0.07001 
  0.00140   0.06731  -0.00410  -0.06303 
  0.01084   0.06608   0.01867  -0.09614 
  0.02007   0.09479  -0.07026  -0.05889 
 -0.01438   0.07707   0.02281  -0.08288 
  0.07473   0.07222  -0.04546  -0.12876 
  0.04986   0.04453  -0.00410  -0.09914 
  0.00850   0.05734  -0.00264  -0.06164 
  0.03356   0.05860   0.00314  -0.10065 
  0.01778   0.07100  -0.00851  -0.08288 
 -0.00339   0.05985   0.03766  -0.09168 
  0.02121   0.06608  -0.03750  -0.05479 
  0.04772   0.05353  -0.04386  -0.06861 
  0.00378   0.04323   0.02281  -0.06581 
  0.02007   0.05226  -0.00264  -0.07001 
  0.10393   0.02730  -0.09838  -0.07426 
  0.02007   0.04193   0.03097  -0.09316 
  0.05093   0.08424  -0.04546  -0.10828 
  0.09055   0.02323  -0.10386  -0.04670 
  0.02348   0.02595  -0.00410  -0.04537 
  0.02687   0.07827  -0.02200  -0.09020 
  0.06660   0.04970  -0.08585  -0.05479 
  0.06454   0.03268  -0.00851  -0.10217 
  0.02574   0.09363  -0.01595  -0.11448 
  0.06966   0.05098  -0.06017  -0.08143 
  0.02235   0.04193   0.03633  -0.10217 
  0.04665   0.07100  -0.03592  -0.09465 
  0.06762   0.04323  -0.04546  -0.08288 
  0.02799   0.02049   0.04162  -0.09168 
  0.01663   0.07344   0.00170  -0.09465 
