IntronPotTab 1 1024 -80.55203 0.99550 72.43366 65822 6 16 2871.50
   -0.01400
   -0.00874
    0.00718
    0.02256
   -0.01202
    0.01003
    0.00547
    0.01175
   -0.01930
    0.00076
    0.00788
    0.01522
   -0.01755
   -0.00915
    0.01396
    0.01566
   -0.00912
   -0.02488
    0.00529
    0.02401
   -0.01525
   -0.00810
   -0.01070
    0.02702
   -0.01815
   -0.01548
   -0.00465
    0.02644
   -0.00985
   -0.02123
    0.00619
    0.01498
   -0.00333
   -0.01187
   -0.01354
    0.02775
   -0.00141
   -0.00102
   -0.02531
    0.00889
   -0.00724
   -0.00058
    0.00506
    0.00458
   -0.00431
   -0.01267
    0.00472
    0.00718
   -0.02001
   -0.00629
    0.03043
    0.01531
   -0.01660
    0.00377
    0.01919
    0.01409
   -0.01723
   -0.00338
    0.00329
    0.01514
   -0.01796
   -0.00997
    0.02933
    0.00483
   -0.00570
   -0.02420
    0.01813
    0.01231
   -0.02275
    0.01341
    0.01275
    0.03049
   -0.02362
   -0.01458
   -0.00502
    0.03543
   -0.01685
   -0.02358
    0.00744
    0.01650
   -0.01645
   -0.01626
    0.00899
    0.02352
   -0.01375
   -0.00037
   -0.02243
    0.02173
   -0.00870
   -0.01593
   -0.01702
    0.03534
   -0.00786
   -0.02473
   -0.00141
    0.02343
    0.00323
   -0.03870
   -0.00913
    0.03032
    0.00679
   -0.02575
   -0.00362
    0.01034
   -0.02362
   -0.01573
    0.01085
    0.02843
   -0.01291
   -0.03047
    0.01015
    0.01837
   -0.00270
   -0.02811
    0.02617
    0.00751
   -0.01387
   -0.00460
   -0.00030
    0.01713
   -0.01997
   -0.01087
   -0.00455
    0.02426
   -0.01373
   -0.02140
    0.02748
    0.00381
   -0.00861
   -0.01957
   -0.00055
    0.02924
   -0.00983
    0.00710
   -0.02439
    0.01788
   -0.03788
    0.02145
    0.00425
    0.03798
   -0.01944
   -0.01505
    0.00292
    0.02180
   -0.01010
   -0.01168
    0.00302
    0.01643
   -0.00944
   -0.00389
   -0.03606
    0.02476
   -0.01446
   -0.00349
   -0.01646
    0.03162
   -0.01793
   -0.02027
    0.00818
    0.01809
    0.00326
   -0.01632
   -0.01667
    0.02727
    0.00114
   -0.02076
   -0.03593
    0.02131
   -0.00702
    0.00473
   -0.00874
    0.01220
   -0.02753
   -0.01030
   -0.00327
    0.02873
   -0.01648
   -0.00664
    0.01757
    0.01225
   -0.00531
   -0.00798
   -0.01800
    0.01431
   -0.01438
    0.00802
   -0.00471
    0.00949
   -0.01060
   -0.01755
    0.01316
    0.00763
   -0.01477
   -0.00077
    0.01615
    0.01319
   -0.00979
    0.00835
   -0.01027
    0.01290
   -0.02138
   -0.00222
    0.00589
    0.02161
   -0.02383
    0.00573
    0.01349
    0.02003
   -0.01613
   -0.01109
    0.00753
    0.01672
   -0.01702
    0.00788
   -0.01777
    0.02187
   -0.01374
   -0.01123
    0.00516
    0.01757
   -0.02515
   -0.01722
    0.00667
    0.02430
   -0.00023
   -0.01273
   -0.00054
    0.00920
   -0.00282
   -0.01044
   -0.00742
    0.01025
   -0.01517
   -0.00190
    0.00958
    0.01262
   -0.00626
   -0.00548
    0.00466
    0.00411
   -0.00331
   -0.01914
    0.01103
    0.00764
   -0.01028
   -0.00014
   -0.00824
    0.01415
   -0.00488
    0.00591
   -0.01475
    0.00788
   -0.01466
   -0.00652
    0.01720
    0.00529
   -0.00585
   -0.02979
    0.01422
    0.01984
   -0.00483
   -0.00883
   -0.00622
    0.01569
   -0.01643
   -0.00776
    0.00699
    0.01946
   -0.00315
   -0.02815
   -0.00022
    0.01862
    0.00455
   -0.04387
    0.02020
    0.03220
   -0.01142
    0.00666
   -0.01932
    0.01341
   -0.01063
   -0.02126
   -0.00846
    0.03141
   -0.01879
   -0.01616
    0.00137
    0.02120
    0.00375
   -0.01669
   -0.01673
    0.02449
   -0.00713
    0.00271
   -0.03972
    0.01887
   -0.01054
    0.00296
    0.01075
    0.00059
   -0.00190
   -0.01825
    0.00059
    0.01179
   -0.00703
   -0.01595
    0.02562
    0.00491
   -0.01375
   -0.00844
   -0.00520
    0.02184
   -0.01287
   -0.00355
   -0.00386
    0.01460
   -0.02029
   -0.01905
    0.02865
    0.00744
    0.00304
   -0.03765
    0.02371
    0.00512
    0.00117
   -0.02203
   -0.02133
    0.02045
   -0.01291
   -0.02592
   -0.00810
    0.04262
   -0.00194
   -0.03855
    0.00566
    0.02299
   -0.01987
   -0.01658
    0.01155
    0.02295
   -0.00766
    0.00342
   -0.03540
    0.01541
   -0.00861
   -0.02628
   -0.01181
    0.04492
   -0.02078
   -0.02753
    0.00940
    0.02465
    0.01177
   -0.03718
   -0.01149
    0.02853
    0.01099
   -0.02659
   -0.00527
    0.01374
   -0.02026
   -0.01823
    0.00631
    0.03216
   -0.00197
   -0.03668
    0.00893
    0.02108
    0.00078
   -0.02016
    0.02243
    0.00073
   -0.00540
   -0.01712
   -0.02357
    0.02293
   -0.01841
   -0.01072
   -0.01290
    0.03111
   -0.01055
   -0.03236
    0.01846
    0.01431
    0.00529
   -0.03362
   -0.00273
    0.02058
    0.00388
   -0.01272
   -0.01860
    0.01192
   -0.00558
   -0.00531
   -0.01364
    0.02330
    0.00292
   -0.02299
   -0.01364
    0.02082
   -0.00752
   -0.01717
    0.00318
    0.01991
   -0.00940
    0.00130
   -0.03056
    0.02685
   -0.01108
   -0.01259
   -0.01034
    0.03520
   -0.01949
   -0.01905
   -0.00054
    0.03139
    0.02381
   -0.03689
   -0.01137
    0.01743
    0.01422
   -0.01003
   -0.02718
    0.00858
   -0.00512
   -0.00700
    0.00073
    0.01160
    0.00017
   -0.02235
   -0.00411
    0.01754
   -0.00519
   -0.02889
    0.01472
    0.01685
    0.00074
   -0.02635
   -0.02095
    0.02078
   -0.01309
   -0.00069
   -0.01935
    0.02203
   -0.00945
   -0.02622
    0.01196
    0.01141
   -0.01073
   -0.01636
    0.00948
    0.01868
   -0.00649
   -0.00951
   -0.02044
    0.01796
   -0.00252
   -0.01701
   -0.00829
    0.02001
   -0.00542
   -0.02421
    0.00569
    0.01321
   -0.01620
   -0.01493
    0.00548
    0.02194
   -0.01957
    0.01881
   -0.03377
    0.01705
   -0.01048
   -0.01184
    0.00479
    0.01512
   -0.02291
   -0.02152
    0.00689
    0.02799
   -0.00052
   -0.01152
   -0.00079
    0.00967
   -0.00909
    0.00316
   -0.01056
    0.01014
   -0.02066
    0.00191
    0.01315
    0.01270
   -0.01017
   -0.01033
    0.00354
    0.01236
    0.00235
   -0.02888
    0.01243
    0.00868
   -0.00633
   -0.00486
   -0.01734
    0.01250
   -0.00464
   -0.00899
   -0.01081
    0.01528
   -0.02207
   -0.00861
    0.01639
    0.01103
   -0.01012
   -0.01470
   -0.00393
    0.02645
   -0.00311
   -0.00570
   -0.02283
    0.01452
   -0.02631
   -0.00182
   -0.00189
    0.03531
   -0.01097
   -0.01581
   -0.00139
    0.01946
   -0.01678
   -0.01349
   -0.00363
    0.03114
   -0.01456
   -0.01126
   -0.00990
    0.02667
   -0.03161
   -0.00706
   -0.01878
    0.04139
   -0.00800
   -0.02272
   -0.00302
    0.02194
    0.00949
    0.00601
   -0.04077
    0.04085
   -0.00026
   -0.00021
   -0.04912
    0.01589
   -0.02276
    0.00792
   -0.00069
    0.02416
   -0.00306
   -0.01599
   -0.00257
    0.01374
   -0.00488
   -0.01669
   -0.00941
    0.01933
   -0.00783
   -0.00763
   -0.00415
    0.01397
   -0.01803
   -0.00312
   -0.01874
    0.03206
   -0.01265
   -0.01857
    0.01258
    0.00894
   -0.00157
   -0.02278
    0.01081
    0.01042
    0.00091
   -0.01791
   -0.01561
    0.01358
   -0.01326
   -0.02429
   -0.01052
    0.04140
    0.00113
   -0.02911
   -0.00026
    0.01419
   -0.02089
   -0.01945
    0.01420
    0.02241
   -0.01197
   -0.01254
   -0.02629
    0.02747
   -0.00557
   -0.02206
   -0.01441
    0.03737
   -0.01524
   -0.02942
    0.00210
    0.02723
    0.01021
   -0.01770
   -0.02861
    0.03414
   -0.00038
   -0.00057
   -0.02272
    0.00976
   -0.02078
   -0.02107
   -0.00042
    0.03868
   -0.00372
   -0.01986
    0.00249
    0.01300
   -0.00558
   -0.02228
    0.01646
    0.01272
    0.00047
   -0.02240
   -0.02383
    0.01814
   -0.01235
   -0.01964
   -0.01834
    0.03524
   -0.00993
   -0.02289
    0.01274
    0.00951
   -0.00296
   -0.02797
   -0.00344
    0.02639
   -0.00014
   -0.00588
   -0.05251
    0.02164
   -0.01064
   -0.00036
   -0.01863
    0.03675
    0.00507
   -0.01783
   -0.01815
    0.02200
   -0.01657
   -0.01067
    0.00528
    0.01848
   -0.00986
   -0.00475
   -0.02133
    0.02271
   -0.00561
    0.01469
   -0.03154
    0.02303
   -0.02164
   -0.01731
   -0.00134
    0.02741
    0.00313
   -0.02422
   -0.00657
    0.02075
   -0.00527
   -0.01272
   -0.03485
    0.02510
    0.00627
   -0.01768
   -0.00082
    0.00699
   -0.00508
   -0.02402
    0.00216
    0.01427
   -0.01945
   -0.00284
    0.00404
    0.02345
   -0.00781
   -0.01157
   -0.03376
    0.02326
   -0.01362
    0.00678
   -0.02602
    0.02617
   -0.00593
   -0.01929
   -0.00274
    0.01264
   -0.00979
   -0.00654
   -0.01607
    0.02564
   -0.00326
   -0.00678
   -0.03455
    0.01567
   -0.01722
   -0.00324
   -0.00059
    0.01869
   -0.01070
   -0.01495
   -0.00056
    0.01402
   -0.02384
   -0.01106
    0.00461
    0.02440
   -0.02357
    0.00499
   -0.02768
    0.02872
   -0.01189
   -0.01412
    0.00193
    0.02149
   -0.02795
   -0.02088
    0.00202
    0.02707
    0.00204
    0.00105
   -0.02439
    0.01664
   -0.00844
   -0.00359
   -0.01799
    0.01485
   -0.02157
    0.00331
    0.00496
    0.01592
   -0.00149
    0.01097
   -0.01730
    0.01808
   -0.00018
   -0.01690
    0.00021
    0.01025
   -0.00628
   -0.00398
   -0.02398
    0.01340
   -0.00681
   -0.00277
   -0.02165
    0.01866
   -0.01735
   -0.00654
    0.00410
    0.01144
   -0.00612
   -0.01570
    0.00573
    0.01316
   -0.00451
   -0.00017
   -0.00759
    0.00799
   -0.00748
   -0.00452
    0.00193
    0.00981
   -0.02059
   -0.00749
    0.01019
    0.01608
   -0.00627
   -0.02600
    0.01079
    0.01217
   -0.00216
   -0.00278
   -0.00700
    0.00569
   -0.01415
   -0.02487
   -0.00689
    0.02980
   -0.01799
   -0.01724
    0.00849
    0.01104
    0.00974
   -0.00862
   -0.01568
    0.00495
   -0.00053
    0.00008
   -0.02934
    0.00759
    0.00664
    0.00353
   -0.00917
   -0.00230
   -0.00887
   -0.00493
   -0.00255
    0.01063
    0.00298
    0.00088
    0.02213
   -0.00837
   -0.00361
   -0.00352
    0.01340
    0.00252
   -0.01215
    0.00095
   -0.00643
    0.01202
   -0.01398
   -0.00846
    0.02118
    0.00318
    0.00404
   -0.03131
    0.02068
   -0.00099
   -0.00057
   -0.01976
   -0.00999
    0.01435
   -0.01429
   -0.01636
   -0.01022
    0.03074
   -0.00559
   -0.03221
    0.01179
    0.01205
   -0.00856
   -0.02563
    0.00766
    0.01948
   -0.00442
    0.00144
   -0.02198
    0.00936
   -0.00327
   -0.02904
   -0.01609
    0.04077
    0.00083
   -0.03637
    0.00555
    0.02401
    0.00953
   -0.03841
   -0.00435
    0.01854
    0.02141
   -0.02343
   -0.01440
    0.00213
   -0.00760
   -0.01423
   -0.00282
    0.02205
   -0.00254
   -0.03918
    0.01710
    0.01292
    0.00892
   -0.03661
    0.03763
   -0.00824
    0.00497
   -0.01565
    0.00339
    0.00438
   -0.01790
   -0.00893
   -0.01499
    0.02682
   -0.00270
   -0.02580
    0.01928
    0.00559
    0.00487
   -0.02917
   -0.00045
    0.01171
    0.00017
   -0.01704
   -0.01498
    0.01483
   -0.00622
    0.00615
   -0.01284
    0.01204
   -0.00179
   -0.01124
   -0.00852
    0.01304
   -0.01306
   -0.01472
    0.00552
    0.01607
   -0.01147
   -0.01216
   -0.01364
    0.02378
   -0.00105
   -0.02023
   -0.01691
    0.02704
   -0.02261
   -0.01546
   -0.00357
    0.02744
    0.02131
   -0.03054
   -0.01378
    0.00663
    0.00201
   -0.01693
   -0.02880
    0.01637
   -0.00007
   -0.01124
    0.00632
    0.00215
    0.00327
   -0.01921
   -0.00625
    0.01390
   -0.00630
   -0.01071
    0.01292
    0.00516
   -0.00120
   -0.01262
   -0.01144
    0.01026
    0.00120
    0.01338
    0.00139
   -0.00678
   -0.00796
   -0.00864
    0.00555
    0.00453
   -0.00656
   -0.01182
    0.00614
    0.01156
   -0.00323
   -0.00698
   -0.00652
    0.00893
   -0.00151
   -0.01904
    0.00120
    0.01472
   -0.01162
   -0.00913
    0.00973
    0.00540
   -0.01312
   -0.01405
    0.00985
    0.01131
   -0.01149
   -0.00254
   -0.01613
    0.01575
   -0.00768
   -0.01591
   -0.00187
    0.01948
   -0.02005
   -0.01797
    0.01032
    0.01376
    0.00914
   -0.01081
   -0.00683
    0.00052
   -0.00092
   -0.00162
   -0.01728
    0.00511
   -0.00103
   -0.00130
   -0.00630
    0.00636
   -0.00411
   -0.00647
    0.00495
    0.00219
    0.00142
   -0.01961
    0.00612
    0.00572
   -0.00382
   -0.00484
   -0.01009
    0.00740
   -0.00526
    0.00071
   -0.02175
    0.01492
   -0.00952
   -0.00151
    0.01214
    0.00140
