IntronPotTab 1 1024 3.23593
   -0.06999
    0.03170
    0.04495
   -0.03923
    0.10797
   -0.06423
   -0.07173
   -0.22265
    0.08551
   -0.03831
   -0.00631
   -0.17376
   -0.05177
   -0.10549
    0.09620
   -0.08421
   -0.06235
    0.11092
   -0.11530
   -0.07265
    0.12054
   -0.06191
   -0.06661
   -0.16547
    0.02115
    0.01003
   -0.02145
   -0.02896
    0.10548
   -0.04991
    0.05202
   -0.08413
   -0.04873
    0.04413
    0.02701
   -0.05863
    0.11751
   -0.02730
   -0.04255
   -0.14426
    0.08034
   -0.02570
    0.05688
   -0.24671
   -0.06926
   -0.08532
    0.11809
   -0.12928
    0.00804
    0.01865
   -0.06084
    0.01383
    0.05081
    0.00138
   -0.07125
    0.00453
   -0.01650
   -0.00470
   -0.00581
    0.03801
    0.02600
   -0.06484
    0.07258
   -0.06684
    0.04628
    0.02385
   -0.08695
    0.01914
    0.05376
   -0.10922
   -0.06701
   -0.08916
    0.13796
   -0.13550
   -0.11041
   -0.16590
    0.05522
   -0.08487
    0.04132
   -0.02294
    0.02072
    0.08136
   -0.17887
    0.00533
    0.14162
   -0.05909
   -0.17776
   -0.10981
    0.08350
   -0.02759
   -0.09908
   -0.02088
    0.17839
   -0.03510
   -0.01157
   -0.03355
    0.09736
   -0.01100
   -0.05774
   -0.00588
    0.14027
   -0.13635
   -0.02703
   -0.12195
    0.19621
   -0.12950
    0.00031
   -0.10594
   -0.03300
   -0.13064
    0.12359
   -0.07837
    0.17850
   -0.10977
    0.03426
    0.00556
    0.12464
   -0.11823
   -0.20492
    0.07163
    0.05339
   -0.04797
   -0.13739
    0.12070
    0.19358
   -0.13669
    0.01182
    0.04508
    0.11528
   -0.01270
   -0.11197
    0.06856
    0.13122
   -0.19604
   -0.17462
   -0.18661
    0.17072
   -0.23346
   -0.10705
   -0.23574
    0.09016
   -0.07189
    0.01804
   -0.05708
    0.07508
    0.13713
   -0.18839
    0.03679
    0.17595
   -0.10175
   -0.16234
   -0.10354
    0.09054
    0.00304
   -0.09919
   -0.00975
    0.20596
   -0.05955
   -0.01212
   -0.00524
    0.11828
   -0.04187
   -0.05111
   -0.01035
    0.20584
   -0.17343
   -0.13030
   -0.13414
    0.23687
   -0.23374
   -0.06246
   -0.23211
   -0.05474
   -0.05367
    0.05319
   -0.00795
    0.03533
   -0.01228
   -0.08130
    0.07855
    0.15696
   -0.11416
   -0.18658
    0.03769
    0.02863
   -0.02479
   -0.08285
    0.08515
    0.25135
   -0.11311
    0.01046
    0.00263
   -0.01620
    0.01539
   -0.01317
    0.02377
    0.08513
   -0.07798
   -0.04350
   -0.15504
    0.11595
   -0.06280
   -0.05394
   -0.15734
    0.03568
   -0.09789
    0.06426
   -0.06422
    0.00776
    0.08671
   -0.14680
    0.03579
    0.13291
   -0.08728
   -0.13300
   -0.18625
    0.03933
   -0.03744
   -0.04861
    0.03469
    0.06928
   -0.01545
    0.04956
   -0.13601
    0.03909
   -0.00346
   -0.04531
    0.02059
    0.10093
   -0.07915
   -0.04168
   -0.07134
    0.15226
   -0.13083
   -0.03556
   -0.10265
   -0.08992
   -0.10383
    0.10363
   -0.12269
    0.03350
   -0.03948
   -0.06524
    0.05033
    0.06690
   -0.01837
   -0.11536
    0.01515
   -0.01457
   -0.03410
   -0.06226
    0.10803
    0.05031
   -0.01547
    0.04295
   -0.09300
   -0.09989
    0.07452
   -0.04512
    0.02001
    0.08913
    0.01133
   -0.12782
   -0.13068
    0.02813
    0.04737
   -0.04935
   -0.04469
   -0.01665
   -0.01278
    0.01848
   -0.01212
   -0.10027
    0.06252
   -0.11633
   -0.04609
    0.01285
    0.09827
   -0.11550
   -0.06492
   -0.05606
    0.05917
   -0.08522
    0.04038
   -0.07545
    0.03947
   -0.01081
   -0.04490
   -0.17258
    0.11587
   -0.05206
   -0.12272
    0.03061
    0.10034
   -0.11331
   -0.13215
   -0.05231
    0.13874
    0.04028
   -0.30029
   -0.06278
    0.05320
    0.01794
   -0.17267
   -0.05928
    0.02513
   -0.14021
    0.07138
   -0.09487
    0.12166
   -0.18171
    0.07284
   -0.11031
   -0.00962
   -0.05864
    0.13539
   -0.04959
    0.00271
   -0.00978
    0.02898
   -0.00233
    0.07211
   -0.18009
    0.09866
    0.14910
   -0.09528
   -0.12473
   -0.07225
    0.11368
    0.00734
   -0.11074
   -0.05089
   -0.01101
    0.00367
   -0.01965
    0.03026
   -0.11848
    0.09941
   -0.28985
    0.06196
   -0.01233
    0.11242
   -0.26223
   -0.01846
   -0.05369
   -0.01886
   -0.09759
    0.12744
   -0.04790
    0.04090
   -0.06769
   -0.01416
   -0.03430
    0.06534
   -0.15234
    0.05055
    0.12663
   -0.06870
   -0.04984
   -0.01522
    0.04283
   -0.01345
   -0.01949
    0.01166
   -0.03823
   -0.05959
    0.08055
    0.01282
   -0.03340
   -0.02403
   -0.08068
    0.09584
   -0.06227
    0.01983
   -0.31829
    0.16875
   -0.16449
   -0.02939
   -0.20120
    0.23365
    0.05237
   -0.03605
   -0.07216
    0.13602
    0.02662
    0.07058
   -0.15526
    0.09698
    0.12621
   -0.02128
   -0.14012
   -0.04138
    0.10547
   -0.03590
   -0.07649
   -0.00332
    0.00053
   -0.01144
   -0.02421
    0.08849
   -0.09946
    0.12344
   -0.22051
    0.05046
    0.04182
    0.01668
   -0.16188
    0.07946
   -0.10945
    0.07492
   -0.16487
    0.12302
   -0.00323
    0.01358
   -0.04585
    0.07318
   -0.07104
    0.06180
   -0.11423
    0.06869
    0.08601
   -0.02230
   -0.12883
    0.03907
    0.06401
   -0.02222
   -0.02967
    0.00643
   -0.10378
   -0.02397
    0.01463
    0.07156
   -0.10132
   -0.03856
   -0.24094
    0.19774
   -0.07050
    0.03253
   -0.20610
    0.19906
   -0.19396
   -0.12691
   -0.19258
    0.19255
   -0.04703
   -0.00170
   -0.04790
    0.08954
   -0.07930
    0.07994
   -0.10032
    0.08112
    0.08788
   -0.00834
   -0.09716
   -0.04187
    0.07252
   -0.01800
   -0.02772
   -0.03684
   -0.01640
   -0.02422
    0.04101
   -0.02790
   -0.23039
    0.10410
   -0.23200
    0.10669
   -0.07858
    0.15516
   -0.13952
   -0.11980
   -0.13463
    0.02737
   -0.10858
    0.13048
   -0.25451
    0.10706
   -0.03720
   -0.21628
   -0.10932
    0.04322
   -0.10987
    0.09217
    0.03055
    0.06208
   -0.04254
   -0.08759
   -0.03982
    0.02447
   -0.02080
    0.01332
   -0.21160
    0.02110
    0.06128
   -0.14057
   -0.02829
   -0.04738
   -0.11755
    0.14061
   -0.03649
    0.06759
   -0.13324
    0.04153
   -0.17647
   -0.01480
   -0.15229
    0.20395
   -0.06010
    0.03660
   -0.00043
   -0.03836
   -0.08919
   -0.00430
    0.05479
    0.00169
    0.08679
   -0.05103
    0.02652
   -0.21143
    0.01549
   -0.02459
    0.05498
   -0.15660
   -0.04699
   -0.10038
    0.07248
   -0.13923
   -0.15343
    0.07142
    0.03270
   -0.08886
    0.06223
    0.00370
   -0.00870
   -0.08565
   -0.10091
    0.03662
    0.04140
    0.02165
   -0.10286
   -0.04045
    0.08920
   -0.12546
   -0.16965
   -0.02221
    0.10511
   -0.14778
    0.07546
    0.01383
   -0.00002
   -0.13397
   -0.11521
   -0.08870
    0.17631
   -0.28235
   -0.11957
   -0.07519
    0.09489
   -0.19686
   -0.06768
    0.03432
   -0.03330
    0.03632
   -0.00305
    0.01053
   -0.04362
    0.03510
   -0.18559
   -0.05007
    0.08163
    0.07415
   -0.03104
   -0.06785
    0.08003
   -0.09243
    0.02294
   -0.00783
   -0.09938
    0.11932
    0.12380
   -0.15569
   -0.06863
   -0.01646
    0.14583
   -0.13866
    0.02424
    0.00488
    0.00017
   -0.08372
    0.04588
    0.05760
   -0.07279
    0.04001
   -0.04677
    0.04421
    0.09905
   -0.03476
   -0.07140
   -0.01858
   -0.00332
   -0.07411
    0.02583
    0.07706
    0.01905
   -0.11577
    0.09653
   -0.03031
    0.03973
   -0.02355
   -0.02769
    0.03871
    0.10943
   -0.12893
    0.03323
   -0.04127
    0.08872
   -0.13568
    0.09910
    0.02538
   -0.08354
   -0.16190
    0.12887
   -0.05552
    0.03462
   -0.09391
    0.01361
    0.06834
    0.07691
   -0.13872
   -0.15562
    0.15004
   -0.05821
   -0.12641
   -0.03612
    0.22728
    0.01171
   -0.11252
    0.03785
    0.09182
    0.04857
   -0.06479
   -0.03089
    0.07391
    0.10527
   -0.15643
   -0.01385
   -0.07129
    0.05753
   -0.24399
    0.07517
   -0.13238
   -0.09682
   -0.20226
    0.07415
   -0.09264
   -0.06578
    0.04177
   -0.01894
    0.03831
    0.08854
   -0.04323
   -0.06859
    0.00012
   -0.04200
    0.00157
   -0.01997
    0.07577
   -0.04882
   -0.08353
    0.04628
   -0.02739
   -0.06070
   -0.14523
    0.08893
   -0.05412
    0.11509
   -0.09686
   -0.03786
   -0.02702
    0.07287
   -0.15335
    0.07456
   -0.06172
   -0.09737
   -0.16644
    0.09512
   -0.12587
   -0.07855
   -0.06414
   -0.13693
    0.21297
   -0.01267
   -0.07845
   -0.06755
    0.14684
   -0.21103
   -0.09463
   -0.04932
    0.21080
   -0.09811
   -0.12439
    0.05704
    0.01973
    0.03712
    0.05738
   -0.12420
    0.14077
    0.07541
   -0.09822
    0.01176
   -0.03978
    0.05254
    0.01065
   -0.02926
   -0.04415
   -0.07870
   -0.09202
    0.07285
   -0.07750
   -0.07414
    0.06666
   -0.10469
    0.10832
    0.03747
   -0.03036
    0.03614
   -0.05885
   -0.07733
   -0.06877
    0.01684
    0.10673
   -0.15792
   -0.07792
    0.10250
   -0.19963
    0.02338
   -0.00348
   -0.08588
    0.11941
    0.03090
   -0.08782
    0.02848
    0.00387
    0.00989
   -0.11923
    0.04107
    0.05252
   -0.17766
   -0.12109
    0.06505
   -0.09084
    0.00547
   -0.07830
   -0.13199
    0.14503
   -0.00950
   -0.03891
   -0.02374
    0.06165
   -0.17918
   -0.09635
   -0.06334
    0.20414
   -0.09646
   -0.06721
    0.07425
   -0.08246
   -0.14230
    0.01157
   -0.05322
    0.14441
    0.06980
   -0.05717
   -0.07068
    0.02849
    0.05230
   -0.04055
   -0.02470
    0.02300
   -0.07163
   -0.06118
    0.05274
    0.00476
   -0.16871
    0.10020
   -0.17140
    0.04323
    0.03043
    0.05490
   -0.10682
   -0.00199
   -0.14521
    0.01125
   -0.07142
    0.11574
   -0.05112
   -0.02354
    0.03490
    0.00173
   -0.12672
    0.05272
   -0.09802
    0.10233
    0.08985
   -0.03093
   -0.08999
    0.01316
    0.06519
    0.01352
    0.00579
   -0.06142
   -0.03440
   -0.06859
    0.06084
   -0.00505
   -0.14816
   -0.03877
   -0.19270
    0.11990
   -0.08523
    0.02483
   -0.14158
    0.12940
   -0.23656
   -0.06317
   -0.09291
    0.14362
   -0.05012
   -0.02514
    0.05162
   -0.02452
   -0.04307
   -0.01696
   -0.19795
    0.23252
    0.13638
   -0.16692
   -0.10320
    0.07382
    0.08591
   -0.08703
   -0.14608
    0.15440
   -0.04269
   -0.12773
    0.04555
    0.14405
   -0.22730
   -0.03354
   -0.43809
    0.20193
   -0.06075
   -0.06655
   -0.28157
    0.15228
   -0.15550
   -0.14565
   -0.21020
    0.22426
    0.06564
   -0.10195
   -0.01589
    0.13207
   -0.11444
   -0.03138
   -0.21158
    0.20823
    0.10615
   -0.13142
   -0.05612
    0.09294
    0.00648
   -0.12864
   -0.09106
    0.17662
   -0.11536
   -0.17851
    0.14334
    0.09825
   -0.05131
   -0.16140
   -0.19250
    0.17029
   -0.18306
   -0.18444
   -0.41362
    0.23805
   -0.26260
   -0.21935
   -0.30114
    0.21818
    0.04532
   -0.12402
   -0.03792
    0.18098
   -0.01894
   -0.04540
   -0.23207
    0.22911
    0.11212
   -0.09933
   -0.14205
    0.13311
    0.08958
   -0.08013
   -0.13604
    0.12412
   -0.03153
   -0.09216
   -0.01290
    0.14391
   -0.01725
    0.09184
   -0.32066
    0.19152
    0.02546
   -0.08729
   -0.23629
    0.20275
   -0.14095
   -0.03709
   -0.22178
    0.21292
    0.04645
   -0.04383
   -0.03964
    0.14023
   -0.17123
   -0.10541
   -0.31630
    0.23130
    0.08779
   -0.11809
   -0.18152
    0.17444
   -0.00245
   -0.10654
   -0.08904
    0.14961
   -0.13386
   -0.12580
    0.01967
    0.14367
   -0.14184
   -0.13386
   -0.44136
    0.22077
   -0.16475
   -0.11941
   -0.27311
    0.20253
   -0.24979
   -0.17437
   -0.20532
    0.12585
   -0.06265
   -0.12478
    0.00849
    0.08103
   -0.11504
    0.00721
   -0.08713
    0.13299
    0.08994
   -0.08267
   -0.08292
    0.04875
    0.06708
   -0.04557
   -0.11242
    0.08489
   -0.02079
   -0.09286
    0.08268
    0.00724
   -0.18152
    0.09397
   -0.33545
    0.14829
   -0.05174
    0.02076
   -0.13137
    0.06873
   -0.18963
   -0.03587
   -0.14989
    0.19551
   -0.05565
    0.01797
    0.04009
   -0.05846
   -0.11180
    0.00388
   -0.23859
    0.19473
    0.07634
   -0.06947
   -0.08459
    0.06164
   -0.03104
   -0.10401
   -0.08434
    0.14720
   -0.19222
   -0.11196
    0.12050
   -0.03596
   -0.09530
   -0.04524
   -0.24360
    0.13457
   -0.05849
   -0.01371
   -0.17690
    0.11482
   -0.22962
   -0.08461
   -0.16706
    0.19218
    0.00250
   -0.01619
    0.03670
   -0.03126
