IntronPotTab 1 1024 1.47323
   -0.13137
    0.13888
    0.07558
    0.03288
   -0.07936
    0.01845
    0.11701
    0.01939
   -0.12197
    0.07403
    0.01877
    0.08123
   -0.15324
   -0.00112
    0.14512
    0.03527
   -0.13079
    0.02571
    0.15492
    0.04364
   -0.09436
    0.00180
    0.07512
    0.05809
   -0.02848
   -0.03808
   -0.06215
    0.08910
   -0.11937
   -0.02833
    0.17255
   -0.00754
   -0.04972
    0.02525
    0.08226
   -0.00858
   -0.04587
   -0.01754
    0.09100
    0.01906
   -0.01955
   -0.05578
    0.06963
    0.02068
   -0.08958
   -0.01464
    0.07547
    0.02590
   -0.11836
    0.11457
    0.08646
    0.01061
   -0.05399
   -0.07053
    0.17034
    0.02477
   -0.07658
    0.03246
   -0.03754
    0.07440
   -0.14081
    0.04734
    0.07109
    0.01350
   -0.08855
    0.01416
    0.02033
    0.07596
   -0.07574
   -0.02836
    0.06676
    0.07299
   -0.05567
   -0.02353
   -0.04321
    0.10046
   -0.11428
   -0.02038
    0.04809
    0.05688
   -0.11676
   -0.00249
    0.13911
    0.03905
   -0.05298
   -0.04528
   -0.00853
    0.07850
   -0.00568
   -0.09288
   -0.05313
    0.10600
   -0.06391
   -0.04591
    0.10786
   -0.00058
    0.02822
   -0.12441
   -0.01860
    0.06987
    0.00209
   -0.10063
   -0.06007
    0.09468
   -0.04599
   -0.08386
    0.00137
    0.11314
   -0.03440
   -0.04654
   -0.00245
    0.06143
   -0.01998
   -0.01106
    0.07884
   -0.02844
   -0.00923
   -0.10457
    0.06226
    0.04153
    0.02023
   -0.06484
   -0.03689
    0.05803
   -0.05270
   -0.02106
    0.04080
    0.01508
   -0.04847
    0.07269
   -0.04138
    0.05270
   -0.06660
   -0.00889
    0.06137
    0.04023
   -0.03607
   -0.00008
   -0.02220
    0.06211
   -0.09205
   -0.00378
    0.04655
    0.03073
   -0.11141
    0.03165
    0.04983
    0.05864
   -0.08066
    0.00759
    0.00766
    0.07560
   -0.02407
   -0.07187
   -0.06276
    0.12280
   -0.08870
   -0.03869
    0.12194
   -0.00653
    0.01801
   -0.00889
   -0.05828
    0.03517
   -0.02938
   -0.04402
   -0.07756
    0.09842
   -0.05378
   -0.05127
   -0.03679
    0.11016
   -0.17808
    0.02864
   -0.00516
    0.08897
   -0.06996
    0.02701
    0.04254
    0.01432
   -0.07352
   -0.02634
    0.07995
    0.04565
   -0.05994
    0.01231
   -0.03064
    0.08116
   -0.10534
    0.03106
    0.00138
    0.03454
   -0.11980
    0.15891
    0.05075
    0.02545
   -0.09114
    0.01361
    0.15674
    0.03063
   -0.10373
    0.07158
    0.02701
    0.06591
   -0.14970
    0.09412
    0.13312
    0.01490
   -0.15632
    0.05606
    0.19735
    0.03166
   -0.10856
    0.05496
    0.04005
    0.07328
   -0.06077
   -0.04974
   -0.03809
    0.11821
   -0.15078
    0.03765
    0.22893
   -0.05401
   -0.04425
    0.02453
    0.07318
   -0.00768
   -0.05537
   -0.03992
    0.05568
    0.05856
   -0.05624
   -0.05366
    0.06123
    0.06850
   -0.10015
   -0.00054
    0.04420
    0.04523
   -0.11748
    0.10934
    0.09288
   -0.01264
   -0.07400
   -0.01476
    0.14403
    0.02067
   -0.07627
    0.04189
   -0.05391
    0.08625
   -0.10814
    0.08791
    0.06533
   -0.02360
   -0.11381
    0.08374
    0.01906
    0.05463
   -0.09781
    0.00701
    0.07917
    0.06124
   -0.11320
    0.03529
   -0.01312
    0.10370
   -0.13633
    0.00640
    0.05437
    0.05125
   -0.10251
   -0.00517
    0.10421
    0.04818
   -0.07795
   -0.00466
    0.01600
    0.07349
   -0.03113
   -0.03320
   -0.03786
    0.07740
   -0.09049
   -0.07562
    0.11272
    0.02919
   -0.01821
   -0.00965
   -0.01959
    0.04077
   -0.04793
   -0.05985
   -0.04774
    0.10302
    0.00489
   -0.02411
    0.01713
   -0.00000
   -0.03690
   -0.04723
   -0.01080
    0.06374
   -0.07960
    0.04999
    0.04812
    0.00861
   -0.05504
   -0.04187
    0.07398
    0.04222
   -0.05544
    0.03031
   -0.02772
    0.04747
   -0.08709
    0.00283
   -0.00106
    0.04485
   -0.07466
    0.02994
    0.05855
    0.01693
   -0.04697
   -0.05111
    0.01764
    0.07700
   -0.04666
   -0.05731
   -0.02530
    0.11073
   -0.08623
   -0.03449
    0.05845
    0.03869
   -0.09047
   -0.02356
    0.07586
    0.06110
   -0.05682
    0.00579
   -0.06418
    0.08402
   -0.04165
   -0.07007
   -0.03100
    0.12042
   -0.08855
   -0.05576
    0.06644
    0.05075
   -0.00996
   -0.09039
    0.00319
    0.07676
    0.01669
   -0.13420
   -0.08130
    0.13741
    0.00573
   -0.13213
    0.00219
    0.10792
   -0.02777
   -0.07523
    0.01793
    0.07322
   -0.06934
    0.02123
    0.10834
   -0.01999
    0.00594
   -0.10922
    0.00514
    0.07498
    0.00574
   -0.09320
   -0.02292
    0.09821
   -0.00575
   -0.07094
    0.00595
    0.06873
    0.00042
   -0.00967
   -0.06949
    0.08294
   -0.02933
   -0.04684
   -0.04947
    0.10168
   -0.03262
   -0.05794
   -0.02624
    0.10875
   -0.06681
   -0.05543
   -0.00918
    0.08911
   -0.04761
   -0.02951
   -0.03872
    0.10409
   -0.00044
    0.01700
   -0.09988
    0.06009
    0.02395
   -0.12872
   -0.07206
    0.14590
   -0.01911
   -0.09016
    0.00377
    0.07935
    0.02815
   -0.04773
   -0.04690
    0.04606
    0.02468
   -0.05818
   -0.14067
    0.12247
   -0.01581
   -0.08430
   -0.00198
    0.08680
   -0.07936
   -0.04227
   -0.02580
    0.10583
   -0.03420
   -0.05075
    0.01485
    0.05662
   -0.00757
   -0.07626
   -0.05887
    0.10527
   -0.03002
   -0.04177
   -0.04999
    0.10133
   -0.01514
   -0.07550
   -0.02940
    0.08282
   -0.10648
    0.09734
    0.03431
    0.03408
   -0.06044
   -0.01226
    0.06913
    0.03539
   -0.09327
    0.01624
    0.06818
    0.05732
   -0.15921
    0.04377
    0.09524
    0.01720
   -0.13488
    0.03284
    0.09244
    0.07200
   -0.07110
    0.00242
   -0.01061
    0.06890
   -0.04698
   -0.05175
   -0.05162
    0.10999
   -0.10920
   -0.00671
    0.10817
    0.00049
   -0.02906
    0.01058
   -0.02046
    0.04172
   -0.01926
   -0.04278
   -0.04810
    0.06554
   -0.03410
   -0.06763
   -0.00823
    0.09277
   -0.04775
   -0.03937
   -0.00457
    0.06724
   -0.06359
    0.08839
    0.04784
   -0.03068
   -0.04243
   -0.01560
    0.06910
    0.01678
   -0.07073
    0.01401
    0.00263
    0.06024
   -0.10293
    0.05747
    0.00271
    0.01429
   -0.11078
    0.06898
    0.02229
    0.05303
   -0.06662
   -0.03615
    0.04340
    0.06121
   -0.09535
    0.03082
   -0.05261
    0.12574
   -0.11801
   -0.00798
    0.06879
    0.03226
   -0.12457
    0.02657
    0.09166
    0.05181
   -0.07546
   -0.03501
    0.00250
    0.08386
   -0.05119
   -0.04242
   -0.04934
    0.12596
   -0.07898
   -0.04169
    0.11317
   -0.00711
   -0.03748
   -0.00972
    0.02325
    0.02584
   -0.03008
   -0.07422
   -0.00094
    0.06140
   -0.04002
   -0.05543
    0.03658
    0.05953
   -0.05863
   -0.01816
    0.01043
    0.04065
   -0.09513
    0.07836
    0.03739
    0.01620
   -0.00553
   -0.08427
    0.08549
    0.00931
   -0.06101
    0.00597
   -0.03329
    0.08194
   -0.08775
    0.02647
    0.04875
   -0.00100
   -0.06553
   -0.00869
    0.00315
    0.06705
   -0.04604
   -0.08614
    0.02906
    0.08969
   -0.02755
   -0.08869
   -0.06964
    0.15274
   -0.08631
   -0.06589
    0.05825
    0.05290
   -0.09218
   -0.02803
    0.11077
    0.03977
   -0.03033
   -0.06209
   -0.04226
    0.08830
   -0.04138
   -0.07771
   -0.08622
    0.17434
   -0.01370
   -0.05765
    0.10690
   -0.01871
    0.03646
   -0.12523
   -0.02366
    0.07112
    0.00287
   -0.14847
   -0.07349
    0.14524
   -0.05320
   -0.11371
    0.02156
    0.13908
   -0.03873
   -0.10867
    0.02542
    0.08292
   -0.01216
   -0.03245
    0.05856
   -0.00680
    0.03965
   -0.14435
   -0.02222
    0.07050
    0.03044
   -0.13262
   -0.04271
    0.13168
    0.01351
   -0.08444
    0.01699
    0.04669
   -0.02735
    0.01444
   -0.04801
    0.06545
   -0.03875
   -0.06178
   -0.01069
    0.08292
   -0.01822
   -0.03711
   -0.04110
    0.08594
   -0.03870
   -0.04538
    0.04234
    0.01527
   -0.08906
   -0.00398
    0.02764
    0.06769
   -0.06028
   -0.04369
   -0.02888
    0.10151
   -0.01804
   -0.10798
   -0.07216
    0.16787
   -0.08341
   -0.07500
    0.05120
    0.05574
   -0.00014
   -0.03999
   -0.06227
    0.08607
   -0.01998
   -0.11528
   -0.03306
    0.10729
   -0.02364
   -0.07594
   -0.04428
    0.11637
   -0.08388
   -0.05335
   -0.02672
    0.08894
   -0.07836
   -0.05452
    0.06472
    0.04887
   -0.01846
   -0.10068
    0.00978
    0.07316
   -0.05312
   -0.02787
   -0.03176
    0.10323
   -0.07266
   -0.05178
   -0.01712
    0.07329
   -0.07835
    0.08094
   -0.01637
    0.04249
   -0.06693
   -0.05450
    0.05266
    0.07837
   -0.07303
    0.00110
    0.02120
    0.07013
   -0.11635
    0.03575
    0.06141
    0.01664
   -0.11563
   -0.00251
    0.11541
    0.05478
   -0.05946
   -0.01761
   -0.02194
    0.08123
   -0.02528
   -0.07109
   -0.04465
    0.09835
   -0.07293
   -0.02445
    0.13658
   -0.02608
   -0.02171
   -0.02362
    0.00343
    0.03494
   -0.03046
   -0.06835
   -0.02662
    0.08334
   -0.03672
   -0.09060
    0.02694
    0.08485
   -0.04445
   -0.02972
    0.01124
    0.03875
   -0.05951
    0.04391
    0.00246
    0.01871
   -0.02335
   -0.06073
    0.04250
    0.03438
   -0.05875
   -0.00317
   -0.01014
    0.06537
   -0.07095
    0.01940
    0.01009
    0.01770
   -0.14552
    0.18079
    0.07353
    0.03349
   -0.08101
    0.01749
    0.20479
   -0.00642
   -0.12882
    0.11154
    0.04192
    0.05687
   -0.18764
    0.06138
    0.16114
    0.01765
   -0.15923
    0.07457
    0.17348
    0.03304
   -0.08020
    0.03795
    0.08393
    0.02502
   -0.04351
   -0.03266
   -0.07323
    0.10202
   -0.14971
   -0.00211
    0.19084
   -0.01337
   -0.07709
    0.10438
    0.08424
   -0.01357
   -0.05028
   -0.05591
    0.12044
    0.03276
   -0.07987
    0.01768
    0.07060
    0.03966
   -0.12388
    0.02834
    0.07147
    0.03017
   -0.10510
    0.15037
    0.08002
   -0.01448
   -0.09791
    0.01491
    0.18015
    0.02386
   -0.08487
    0.06098
   -0.01144
    0.05097
   -0.15126
    0.09459
    0.07098
    0.00438
   -0.07571
    0.03897
    0.02796
    0.04015
   -0.06014
   -0.03802
    0.07469
    0.05115
   -0.04807
   -0.05055
   -0.04158
    0.11217
   -0.11025
   -0.03694
    0.07705
    0.04415
   -0.13199
    0.00585
    0.13878
    0.04362
   -0.07794
   -0.01332
   -0.00073
    0.08048
    0.00262
   -0.12411
   -0.03277
    0.11022
   -0.12308
   -0.05746
    0.14756
    0.02267
    0.02127
   -0.08961
   -0.02946
    0.06068
    0.01085
   -0.14592
   -0.02662
    0.10483
   -0.00710
   -0.16712
   -0.01085
    0.14264
   -0.02020
   -0.11272
    0.01904
    0.09151
   -0.06206
    0.03703
    0.09066
   -0.02527
   -0.01688
   -0.09221
    0.04650
    0.04430
    0.00590
   -0.07837
   -0.03884
    0.08206
   -0.05929
   -0.01844
    0.03387
    0.02307
   -0.06942
    0.08806
   -0.01957
    0.04470
   -0.06909
    0.00978
    0.09586
    0.01711
   -0.05328
    0.00536
   -0.00404
    0.05797
   -0.13095
    0.03954
    0.04498
    0.03641
   -0.09200
    0.01780
    0.02752
    0.06370
   -0.10225
    0.00580
    0.05286
    0.07366
   -0.01149
   -0.10474
   -0.06110
    0.13657
   -0.08285
   -0.03913
    0.06320
    0.02425
   -0.00723
    0.00509
   -0.01014
    0.01255
   -0.05184
   -0.05240
    0.00930
    0.07843
   -0.05029
   -0.05902
    0.00123
    0.09066
   -0.11229
   -0.00491
   -0.01095
    0.07886
   -0.06905
    0.01327
    0.05848
    0.01203
   -0.07226
   -0.03852
    0.07378
    0.05519
   -0.05716
    0.00074
   -0.00876
    0.06097
   -0.08125
    0.02331
   -0.03384
    0.05515
   -0.12911
    0.17505
    0.10066
   -0.00431
   -0.08898
    0.01411
    0.15055
    0.02787
   -0.13390
    0.07743
    0.05210
    0.07959
   -0.18196
    0.07533
    0.14806
    0.00103
   -0.13719
    0.04187
    0.16612
    0.02869
   -0.11106
    0.02135
    0.03555
    0.08805
   -0.04160
   -0.03807
   -0.09572
    0.12326
   -0.17344
    0.04705
    0.24278
   -0.04851
   -0.03792
    0.03922
    0.05943
   -0.01632
   -0.04931
   -0.03600
    0.07987
    0.03888
   -0.07433
   -0.05083
    0.09344
    0.06536
   -0.11799
   -0.00447
    0.07273
    0.03810
   -0.10969
    0.13945
    0.09353
   -0.03053
   -0.09221
    0.02858
    0.16390
    0.01249
   -0.08769
    0.04644
   -0.00272
    0.06328
   -0.12909
    0.12088
    0.07150
   -0.02734
