IntronPotTab 1 1024 2.24822
    0.04005
    0.05518
   -0.10552
    0.03167
   -0.06083
    0.01947
   -0.13277
    0.12426
   -0.02702
    0.14152
   -0.07046
   -0.03286
   -0.02200
   -0.03587
   -0.08904
    0.12423
   -0.01056
    0.05437
   -0.03587
    0.01235
   -0.08830
    0.05711
   -0.08829
    0.06453
   -0.03174
    0.10695
   -0.05944
    0.00373
    0.00771
   -0.08803
    0.18510
   -0.05585
    0.00130
    0.02576
   -0.02006
    0.00941
   -0.10270
   -0.09460
   -0.13774
    0.19603
    0.00656
    0.05716
    0.00130
   -0.05767
   -0.05100
   -0.00876
   -0.05856
    0.07696
    0.02673
   -0.02170
   -0.05430
    0.08272
   -0.03701
   -0.00131
   -0.06856
    0.11130
    0.02393
    0.09076
   -0.11827
   -0.00658
   -0.03441
   -0.03206
   -0.02574
    0.07542
    0.02931
    0.00363
   -0.08799
    0.12726
    0.02502
   -0.02561
   -0.10054
    0.10286
   -0.00114
    0.04632
   -0.07960
    0.02141
    0.07861
   -0.01477
   -0.10293
    0.07456
   -0.04045
    0.06058
   -0.06836
    0.05687
   -0.11018
    0.10753
   -0.07218
    0.03745
   -0.04712
    0.12486
   -0.08643
    0.02179
   -0.00746
   -0.01494
    0.01176
    0.01959
    0.00215
   -0.01069
   -0.03555
    0.07605
   -0.07033
   -0.06626
   -0.02353
    0.09784
    0.01817
   -0.00760
   -0.03205
    0.01200
   -0.08012
   -0.03967
   -0.00459
    0.08338
    0.37519
   -0.15413
   -0.04841
    0.01939
    0.02785
   -0.10290
   -0.06147
    0.12064
    0.28230
   -0.26030
   -0.37266
   -0.18307
    0.11752
   -0.05195
   -0.08376
    0.09731
    0.06599
    0.01435
   -0.08472
    0.06126
   -0.03742
   -0.01359
   -0.13083
    0.17080
   -0.00993
    0.10900
   -0.06231
   -0.00447
    0.05256
   -0.00344
   -0.09121
    0.06570
   -0.00972
    0.04905
   -0.05195
    0.05295
   -0.06516
    0.06526
   -0.08624
    0.09604
   -0.03825
    0.12040
   -0.08225
    0.04070
    0.00239
   -0.05327
    0.15484
   -0.10814
    0.01094
    0.05193
   -0.04014
    0.03409
   -0.05125
   -0.00241
   -0.11082
    0.17428
    0.00735
    0.06604
   -0.01331
   -0.04711
   -0.05400
    0.00913
   -0.04117
    0.05857
   -0.03206
   -0.01193
   -0.04850
    0.12416
   -0.03594
    0.01306
   -0.07529
    0.13819
   -0.03326
    0.05916
   -0.06101
    0.05300
    0.09499
   -0.02201
   -0.03853
    0.04115
   -0.08042
    0.09633
   -0.11539
    0.08285
   -0.10184
   -0.03382
   -0.11906
    0.17910
   -0.04424
    0.10751
   -0.07240
    0.00027
    0.01538
   -0.02472
   -0.09566
    0.09456
   -0.05596
    0.10935
   -0.07877
    0.05339
   -0.10575
    0.07583
   -0.05598
    0.04405
   -0.04205
    0.10501
   -0.08099
    0.02640
    0.01489
    0.04024
   -0.01434
   -0.06701
   -0.02266
    0.05943
   -0.06416
    0.03731
   -0.09244
   -0.04122
   -0.10674
    0.17171
    0.02097
    0.01508
   -0.01276
   -0.03791
   -0.06615
   -0.01672
   -0.01738
    0.07155
    0.10033
   -0.03617
   -0.08071
    0.06799
   -0.03990
    0.00523
   -0.09729
    0.13593
    0.07627
    0.00803
   -0.17093
   -0.00072
   -0.05856
    0.00272
   -0.16261
    0.14285
    0.06131
    0.01313
   -0.08212
    0.04407
   -0.09523
    0.01204
   -0.06151
    0.10833
   -0.07114
    0.12201
   -0.08224
    0.03006
   -0.02671
   -0.00554
   -0.05844
    0.06201
   -0.07208
    0.12775
   -0.08683
    0.03176
   -0.09195
    0.08866
   -0.08440
    0.04674
   -0.06016
    0.12538
   -0.08375
    0.03014
   -0.03462
   -0.01138
    0.07058
   -0.02686
    0.00257
    0.06319
   -0.04007
   -0.00501
   -0.08446
    0.00799
   -0.09345
    0.11227
   -0.02316
    0.06183
    0.02012
   -0.03540
   -0.01473
   -0.01268
   -0.01515
    0.03699
   -0.01285
    0.02292
   -0.12136
    0.10737
   -0.08589
    0.03852
   -0.08306
    0.11274
   -0.07101
    0.10443
   -0.09876
    0.05070
   -0.04944
    0.00882
   -0.06791
    0.05469
    0.01957
   -0.00894
   -0.05012
    0.06804
   -0.05021
   -0.04491
   -0.05044
    0.10711
   -0.01914
    0.04308
   -0.04666
    0.00722
   -0.01726
   -0.01468
   -0.08680
    0.09091
   -0.09460
    0.11943
   -0.06904
    0.01943
   -0.16878
    0.14494
   -0.17704
    0.01256
   -0.07512
    0.09871
   -0.06748
    0.04271
   -0.07807
    0.00226
   -0.07110
    0.03917
   -0.00745
    0.00315
   -0.02171
    0.04108
   -0.07780
   -0.07193
   -0.02632
    0.09907
   -0.01509
    0.02813
   -0.00790
   -0.00167
   -0.06626
   -0.02157
   -0.04570
    0.07953
    0.09928
   -0.06468
   -0.04483
    0.12110
   -0.11034
   -0.08848
   -0.07066
    0.18552
    0.08503
   -0.03553
   -0.16092
    0.03090
   -0.01411
   -0.04085
   -0.14481
    0.15093
    0.05501
    0.02330
   -0.14534
    0.09099
   -0.05632
   -0.00206
   -0.09500
    0.12893
   -0.02645
    0.13209
   -0.10837
    0.00828
    0.03618
   -0.02214
   -0.11167
    0.09499
   -0.01613
    0.06419
   -0.12523
    0.11647
   -0.11353
    0.10621
   -0.09888
    0.08770
   -0.08382
    0.13873
   -0.10037
    0.04462
   -0.00757
   -0.01917
    0.06985
   -0.02166
    0.02786
    0.05991
   -0.11784
    0.07284
   -0.06883
    0.00274
   -0.10768
    0.16707
   -0.05641
    0.12546
    0.01867
   -0.01651
   -0.10549
    0.00555
   -0.07767
    0.10604
   -0.02981
   -0.00811
   -0.11524
    0.17771
   -0.09540
    0.05218
   -0.09982
    0.15423
   -0.09487
    0.09814
   -0.10280
    0.07677
    0.00734
   -0.02299
   -0.10640
    0.11128
   -0.14741
    0.13453
   -0.26952
    0.09217
   -0.06429
   -0.00345
   -0.09836
    0.10925
   -0.01776
    0.08288
   -0.10986
    0.00514
   -0.04412
    0.02608
   -0.12849
    0.06498
   -0.13147
    0.06615
   -0.09172
    0.13474
   -0.12995
    0.13353
   -0.10774
   -0.00689
   -0.06587
    0.10455
   -0.08866
    0.03743
   -0.10364
    0.07759
   -0.15061
   -0.06983
   -0.25553
    0.22199
   -0.36448
    0.07190
   -0.08629
    0.01176
   -0.10092
    0.11965
   -0.05343
    0.09674
   -0.06114
    0.03066
   -0.09405
    0.04240
   -0.03862
    0.02081
    0.06902
   -0.05422
   -0.01885
    0.12204
   -0.11124
    0.04951
   -0.12659
    0.09837
   -0.06701
    0.10708
   -0.12829
    0.04432
   -0.10160
    0.03752
   -0.19838
    0.10872
    0.04819
    0.05274
   -0.09613
    0.01174
   -0.07229
    0.02108
   -0.08265
    0.14140
   -0.01826
    0.11169
   -0.07312
   -0.01419
   -0.00237
    0.00428
   -0.07427
    0.06390
   -0.06325
    0.14008
   -0.06505
    0.02240
   -0.09569
    0.10902
   -0.09753
    0.06285
   -0.05762
    0.17619
   -0.06252
    0.01318
   -0.05529
   -0.00860
    0.10627
   -0.08108
    0.00656
    0.10860
   -0.07199
    0.03001
   -0.11441
   -0.02007
   -0.14144
    0.18861
   -0.01997
    0.11991
   -0.00368
   -0.04504
   -0.01346
    0.01727
   -0.02973
    0.00960
   -0.03553
    0.03109
   -0.08484
    0.07349
   -0.03962
    0.01815
   -0.07630
    0.12494
   -0.01624
    0.08566
   -0.07481
    0.01670
    0.02569
    0.00217
   -0.05507
    0.04313
   -0.01590
    0.00533
   -0.05017
    0.11436
   -0.02188
   -0.06714
   -0.02591
    0.10167
   -0.00619
    0.02055
   -0.06959
    0.05045
    0.01717
   -0.03013
   -0.07528
    0.10608
   -0.04682
    0.10600
   -0.00144
   -0.01959
   -0.15546
    0.11642
   -0.08576
    0.06517
   -0.04498
    0.07229
   -0.04650
    0.03438
   -0.05024
    0.02317
   -0.03027
   -0.00358
    0.00553
    0.01658
   -0.03648
    0.04531
   -0.08654
   -0.04552
   -0.03639
    0.11236
    0.01982
   -0.01791
   -0.03261
    0.02464
   -0.11144
    0.00571
   -0.01635
    0.05439
    0.40749
   -0.16140
   -0.11237
   -0.02990
    0.06128
   -0.07508
   -0.09717
    0.12140
    0.31011
   -0.28355
   -0.38002
   -0.16700
    0.14643
   -0.03930
   -0.11020
    0.11216
    0.05980
    0.02600
   -0.10211
    0.05334
   -0.04407
    0.01347
   -0.07637
    0.12369
    0.00870
    0.09292
   -0.04821
   -0.01655
    0.06005
   -0.03280
   -0.05768
    0.07174
    0.01447
    0.06357
   -0.08953
    0.05628
   -0.09037
    0.11531
   -0.09738
    0.09856
   -0.04352
    0.14059
   -0.06225
    0.02554
    0.01057
   -0.01802
    0.10168
   -0.08163
    0.01698
    0.09104
   -0.08731
    0.05441
   -0.06166
    0.02779
   -0.11814
    0.17114
   -0.05232
    0.08776
    0.01081
    0.02024
   -0.06787
    0.01108
   -0.09033
    0.07766
   -0.09330
    0.02026
   -0.03682
    0.10583
   -0.07370
    0.07647
   -0.09968
    0.16543
   -0.07497
    0.05912
   -0.03616
    0.10109
    0.01961
   -0.01630
   -0.12034
    0.12581
   -0.04114
    0.08760
   -0.13971
    0.11981
   -0.06757
   -0.04180
   -0.13237
    0.18653
   -0.05475
    0.15620
   -0.09456
   -0.02467
    0.03307
   -0.00779
   -0.05037
    0.03393
   -0.04381
    0.15353
   -0.14605
    0.08206
   -0.12823
    0.08758
   -0.08104
    0.05937
   -0.06862
    0.13844
   -0.07881
    0.04466
   -0.03841
    0.05439
   -0.03506
   -0.05908
   -0.00300
    0.14168
   -0.15797
    0.09509
   -0.09572
   -0.02887
   -0.11902
    0.18730
   -0.03058
    0.11658
   -0.00893
   -0.02906
   -0.09832
    0.01745
    0.00657
    0.03332
    0.10176
   -0.03926
   -0.11370
    0.12269
   -0.07871
    0.03311
   -0.11615
    0.14671
    0.01501
    0.06173
   -0.14177
    0.03441
   -0.04407
    0.01721
   -0.16313
    0.13935
    0.02160
    0.07642
   -0.12774
    0.04018
   -0.09451
   -0.01392
   -0.06184
    0.14600
   -0.01096
    0.03395
   -0.03125
   -0.00449
   -0.05538
    0.01239
   -0.06916
    0.05630
   -0.06756
    0.09118
   -0.06568
    0.06945
   -0.08644
    0.07732
   -0.11218
    0.07612
   -0.03153
    0.09273
   -0.07902
    0.02682
   -0.08062
   -0.05178
    0.15232
   -0.04955
    0.00380
    0.07833
   -0.08056
    0.02476
   -0.07250
   -0.06391
   -0.12663
    0.14706
    0.00057
    0.04433
   -0.00732
   -0.02945
   -0.06126
    0.02028
   -0.03693
    0.03923
   -0.09100
    0.04284
   -0.12195
    0.10587
   -0.10865
   -0.00743
   -0.09714
    0.18573
    0.00564
    0.04016
   -0.10601
    0.04692
   -0.05877
   -0.01357
   -0.01659
    0.05158
    0.01104
    0.01772
   -0.10533
    0.11158
   -0.01002
   -0.04363
   -0.08397
    0.10381
    0.05131
    0.01349
   -0.04264
   -0.03887
    0.05460
   -0.03819
   -0.10817
    0.13015
   -0.05727
    0.07384
   -0.09779
    0.08089
   -0.17765
    0.08973
   -0.15583
    0.08969
   -0.07867
    0.13937
   -0.09578
    0.05376
    0.02440
   -0.05146
   -0.00371
    0.08894
   -0.02670
    0.01245
   -0.03980
    0.07607
   -0.10552
   -0.07693
   -0.08314
    0.14414
   -0.00932
    0.02018
   -0.01735
    0.00601
   -0.09329
   -0.05301
   -0.01967
    0.11860
    0.15009
   -0.07758
   -0.06183
    0.12207
   -0.15214
   -0.09597
   -0.17532
    0.20366
    0.08331
   -0.03941
   -0.19880
    0.06905
    0.08007
   -0.05218
   -0.18186
    0.17422
    0.03793
    0.03946
   -0.17492
    0.12118
   -0.02331
   -0.01611
   -0.11459
    0.14967
    0.03346
    0.09394
   -0.12012
   -0.07148
    0.00591
   -0.00793
   -0.12691
    0.12886
   -0.02888
    0.07869
   -0.11280
    0.10786
   -0.11977
    0.10608
   -0.13891
    0.13727
   -0.07338
    0.14776
   -0.08272
    0.04159
   -0.02717
   -0.00955
    0.03034
   -0.00752
   -0.00165
    0.07469
   -0.08611
    0.05219
   -0.09087
   -0.02715
   -0.11119
    0.18911
   -0.02694
    0.04620
    0.00770
   -0.00503
   -0.07228
    0.02009
   -0.14389
    0.12216
   -0.05788
    0.01559
   -0.13396
    0.16866
   -0.08646
    0.04272
   -0.13612
    0.20352
   -0.08930
    0.07887
   -0.14340
    0.11972
    0.04604
    0.01855
   -0.15454
    0.11544
   -0.11705
    0.10108
   -0.10779
    0.08131
   -0.10521
   -0.01730
   -0.08514
    0.15190
   -0.00717
    0.03991
   -0.01618
   -0.02875
   -0.04996
   -0.00553
   -0.10786
    0.08230
   -0.07503
    0.11472
   -0.11029
    0.07689
   -0.16921
    0.09367
   -0.10355
    0.05555
   -0.08707
    0.14484
   -0.09914
    0.05799
   -0.05045
    0.04070
   -0.05827
   -0.02097
   -0.06585
    0.14175
   -0.15085
    0.02717
   -0.08484
   -0.00931
   -0.10774
    0.15461
   -0.02643
    0.05921
   -0.03381
    0.00136
   -0.09482
    0.00687
   -0.01014
    0.03730
    0.02578
   -0.02034
   -0.11819
    0.11230
   -0.11994
    0.03271
   -0.14512
    0.15441
   -0.07221
    0.06415
   -0.08813
    0.08725
   -0.14831
    0.00795
   -0.16862
    0.09487
