IntronPotTab 1 1024 -20.95183 1.20496 22.64800 131288 8 16  149.39
   -0.02833
   -0.01010
   -0.01951
    0.05733
   -0.05564
   -0.06018
   -0.11645
    0.13228
   -0.06717
   -0.03773
   -0.09655
    0.15111
   -0.08033
   -0.03298
    0.02079
    0.07163
   -0.05572
   -0.03026
   -0.08181
    0.12064
   -0.01652
   -0.06148
   -0.11579
    0.10971
   -0.03625
   -0.07179
   -0.09515
    0.12473
   -0.02302
   -0.09642
    0.01009
    0.06194
   -0.03571
   -0.05176
   -0.08070
    0.12383
   -0.05617
   -0.10262
   -0.17940
    0.11510
   -0.04401
   -0.03194
   -0.01804
    0.07814
   -0.05364
   -0.07969
   -0.06315
    0.09279
   -0.05957
   -0.02777
    0.01783
    0.05722
   -0.05764
   -0.11805
   -0.09070
    0.12558
   -0.03251
   -0.02585
   -0.09938
    0.09915
   -0.08136
   -0.03483
    0.03312
    0.05033
   -0.01912
   -0.07256
   -0.04962
    0.10687
   -0.00864
   -0.13905
   -0.13212
    0.12295
   -0.02138
   -0.09992
   -0.18017
    0.15036
   -0.02140
   -0.11864
   -0.00968
    0.07972
   -0.00688
   -0.09981
   -0.09739
    0.10283
   -0.04893
   -0.02797
   -0.18738
    0.11764
    0.03730
   -0.13906
   -0.09881
    0.10182
   -0.00154
   -0.10822
   -0.06475
    0.08695
    0.01778
   -0.12153
   -0.07699
    0.09748
    0.02113
   -0.14266
   -0.14738
    0.10741
   -0.00385
   -0.11571
   -0.03023
    0.07281
   -0.00533
   -0.13152
   -0.08454
    0.10489
    0.00189
   -0.10982
    0.02733
    0.03844
   -0.01348
   -0.18762
   -0.17934
    0.13277
    0.02934
   -0.13480
   -0.10547
    0.08800
    0.00639
   -0.11366
   -0.00473
    0.05346
    0.00490
   -0.00459
   -0.16630
    0.14165
   -0.03352
   -0.06938
   -0.21547
    0.14433
   -0.04775
   -0.04566
   -0.11824
    0.16505
   -0.03061
   -0.06818
   -0.08949
    0.09873
   -0.04258
   -0.05971
   -0.12271
    0.14253
   -0.03170
   -0.10305
   -0.19996
    0.14696
   -0.02617
   -0.06980
   -0.15824
    0.14422
    0.01689
   -0.09665
   -0.06055
    0.06370
   -0.00022
   -0.03881
   -0.15542
    0.12694
   -0.03603
   -0.09151
   -0.22927
    0.13383
   -0.10702
   -0.09166
   -0.08197
    0.15370
   -0.15885
   -0.03662
   -0.09799
    0.13660
   -0.03367
   -0.08430
    0.00785
    0.06767
   -0.04480
   -0.11645
   -0.16855
    0.12955
   -0.02220
   -0.07696
   -0.11571
    0.11418
   -0.02005
   -0.08249
   -0.06306
    0.06759
   -0.05459
    0.01217
   -0.01381
    0.06262
   -0.03063
   -0.10120
   -0.09966
    0.11271
   -0.03514
   -0.04718
   -0.06429
    0.08734
   -0.02367
   -0.02014
    0.03718
    0.01380
   -0.05277
   -0.04077
   -0.04569
    0.09070
   -0.04363
   -0.06304
   -0.11423
    0.11865
   -0.01612
   -0.08793
   -0.09085
    0.10427
   -0.04143
   -0.07200
    0.04729
    0.04299
   -0.02321
   -0.07800
   -0.07826
    0.08517
   -0.03730
   -0.10512
   -0.11837
    0.10678
   -0.03465
   -0.08221
   -0.07471
    0.10307
   -0.06883
   -0.09743
    0.00500
    0.07538
   -0.06365
   -0.01772
    0.05777
    0.03240
   -0.04302
   -0.10007
   -0.07114
    0.10039
   -0.00049
   -0.04678
   -0.07070
    0.05988
   -0.05928
   -0.00192
    0.02791
    0.01778
   -0.02302
   -0.04416
   -0.06773
    0.09662
   -0.06491
   -0.07569
   -0.14761
    0.16075
   -0.05018
   -0.07436
   -0.14481
    0.15712
   -0.05422
   -0.06351
   -0.03890
    0.10000
   -0.06642
    0.00514
   -0.10059
    0.10707
   -0.03523
    0.01878
   -0.21268
    0.13405
   -0.04134
   -0.01679
   -0.11227
    0.09971
   -0.03842
   -0.08672
    0.01652
    0.06271
   -0.00878
   -0.07248
   -0.10130
    0.11277
   -0.06924
   -0.11199
   -0.17634
    0.12777
    0.00102
   -0.00392
   -0.00187
    0.00180
   -0.04273
   -0.09793
   -0.05282
    0.08973
   -0.04506
   -0.07602
   -0.00798
    0.06848
   -0.05139
   -0.12757
   -0.15035
    0.14106
   -0.02596
   -0.02874
   -0.11160
    0.09044
   -0.04979
   -0.06982
   -0.02290
    0.06783
   -0.00724
   -0.07265
   -0.08525
    0.11063
    0.00672
   -0.17239
   -0.17192
    0.16031
   -0.02879
   -0.12527
   -0.14798
    0.17271
   -0.00948
   -0.13634
   -0.01999
    0.09146
   -0.02763
   -0.02833
   -0.06890
    0.07197
   -0.08822
    0.01274
   -0.19244
    0.14422
   -0.01513
   -0.07214
   -0.08182
    0.11022
   -0.07766
   -0.06409
   -0.03192
    0.09713
    0.00028
   -0.12914
   -0.11333
    0.13299
    0.04010
   -0.16726
   -0.10954
    0.13049
   -0.04007
   -0.13270
   -0.02958
    0.10071
    0.00049
   -0.16969
   -0.05284
    0.11251
   -0.03148
   -0.07573
    0.02155
    0.07171
   -0.02324
   -0.19274
   -0.18220
    0.15099
   -0.01902
   -0.09491
   -0.08083
    0.12347
    0.02160
   -0.14114
   -0.06152
    0.09299
    0.02031
   -0.09569
   -0.19275
    0.13713
    0.00625
   -0.08199
   -0.20963
    0.16545
   -0.01030
   -0.06741
   -0.14272
    0.11723
   -0.06155
   -0.09550
   -0.13150
    0.15160
   -0.03459
   -0.01719
   -0.15592
    0.13178
    0.01147
   -0.03475
   -0.25150
    0.16921
    0.01033
   -0.03335
   -0.13249
    0.09152
   -0.01395
   -0.08342
   -0.07584
    0.08381
    0.02716
   -0.11721
   -0.20609
    0.14303
    0.02878
   -0.07612
   -0.23351
    0.14693
   -0.07054
   -0.08905
    0.00744
    0.08753
   -0.05409
   -0.09774
   -0.15829
    0.12621
   -0.03420
   -0.09671
   -0.00794
    0.08697
   -0.02742
   -0.07890
   -0.22285
    0.14946
   -0.01620
   -0.03491
   -0.14775
    0.11572
   -0.02860
   -0.11278
   -0.08400
    0.09014
   -0.06083
   -0.02001
   -0.04914
    0.10159
   -0.06725
   -0.08185
   -0.14326
    0.13057
   -0.05561
   -0.07539
   -0.02940
    0.10806
   -0.02579
   -0.04758
    0.01641
    0.03834
   -0.04253
   -0.02267
   -0.10151
    0.10215
   -0.05525
    0.01117
   -0.17954
    0.10569
   -0.03332
   -0.05689
   -0.12256
    0.11810
   -0.03786
   -0.04443
    0.03656
    0.03078
   -0.04320
   -0.04413
   -0.10438
    0.11096
   -0.05676
   -0.09111
   -0.15339
    0.11863
   -0.04818
   -0.06094
    0.00164
    0.06568
   -0.06691
   -0.10438
   -0.01221
    0.07515
   -0.03785
   -0.03660
   -0.00509
    0.05589
   -0.04803
   -0.10647
   -0.11516
    0.09287
   -0.01928
   -0.05485
   -0.10665
    0.09365
   -0.02103
   -0.04241
   -0.02612
    0.04690
   -0.04139
   -0.02009
   -0.07650
    0.11377
   -0.04503
   -0.07323
   -0.16684
    0.13789
   -0.07907
   -0.03033
   -0.11985
    0.20928
   -0.07197
   -0.03715
   -0.04327
    0.09728
   -0.05868
   -0.03360
   -0.10370
    0.12053
   -0.02511
   -0.07279
   -0.17471
    0.13445
   -0.03166
   -0.03457
   -0.15650
    0.15572
   -0.00834
   -0.09780
   -0.00440
    0.05753
   -0.01611
   -0.03796
   -0.12739
    0.12564
   -0.06028
   -0.13348
   -0.21814
    0.12798
   -0.06348
   -0.03235
    0.00789
    0.10179
   -0.04858
   -0.06814
   -0.06900
    0.08553
   -0.05252
   -0.04350
   -0.00545
    0.06600
   -0.04165
   -0.12159
   -0.14958
    0.13896
   -0.02707
   -0.02441
   -0.12646
    0.12757
   -0.03859
   -0.05187
   -0.01727
    0.05491
   -0.01109
   -0.08673
   -0.08013
    0.12172
    0.00567
   -0.14659
   -0.15505
    0.13663
   -0.00097
   -0.12943
   -0.16681
    0.18527
   -0.00729
   -0.12459
   -0.00532
    0.08154
   -0.02403
   -0.07693
   -0.06685
    0.09326
   -0.11060
    0.01988
   -0.20190
    0.17299
    0.02324
   -0.08119
   -0.11721
    0.10248
    0.01057
   -0.12863
   -0.04478
    0.08684
    0.01343
   -0.13133
   -0.07520
    0.10206
    0.03653
   -0.14177
   -0.13207
    0.10252
    0.00361
   -0.12893
   -0.02878
    0.07966
    0.00304
   -0.13553
   -0.07550
    0.09723
    0.00506
   -0.08951
   -0.01312
    0.05550
    0.01392
   -0.20735
   -0.19673
    0.13458
    0.04017
   -0.13779
   -0.12582
    0.13215
    0.06902
   -0.14185
   -0.04393
    0.07208
   -0.00831
   -0.01116
   -0.17360
    0.14806
   -0.02544
   -0.06360
   -0.22315
    0.13939
   -0.02382
   -0.06078
   -0.13748
    0.17358
   -0.02477
   -0.09238
   -0.11162
    0.11428
   -0.05683
   -0.03433
   -0.11388
    0.13391
   -0.02783
   -0.10281
   -0.19983
    0.14512
   -0.01591
   -0.05966
   -0.17212
    0.17872
    0.01528
   -0.10596
   -0.08658
    0.08057
   -0.00343
   -0.06525
   -0.15199
    0.12099
    0.00359
   -0.12046
   -0.20230
    0.09849
   -0.04489
   -0.11555
   -0.06089
    0.12457
   -0.10659
   -0.13121
   -0.12593
    0.11812
   -0.07003
   -0.07362
    0.05621
    0.07464
   -0.02432
   -0.09546
   -0.23679
    0.14739
   -0.01242
   -0.06107
   -0.14687
    0.15129
   -0.04193
   -0.10208
   -0.08388
    0.08726
   -0.03495
    0.01091
   -0.13130
    0.09928
   -0.03758
   -0.11104
   -0.15473
    0.13922
   -0.02965
   -0.03116
   -0.11654
    0.09725
   -0.01600
   -0.02865
   -0.01996
    0.04280
   -0.03594
   -0.03069
   -0.06888
    0.08406
   -0.04432
   -0.05356
   -0.17744
    0.12569
   -0.03719
   -0.04292
   -0.07864
    0.09467
   -0.02005
   -0.06020
   -0.00348
    0.04809
   -0.01624
   -0.06312
   -0.13013
    0.10415
   -0.04417
   -0.10819
   -0.15929
    0.11893
   -0.03227
   -0.08335
   -0.03914
    0.08428
   -0.05862
   -0.10335
    0.00102
    0.06857
   -0.03444
   -0.03501
   -0.00677
    0.05261
   -0.04485
   -0.11101
   -0.14990
    0.11436
   -0.00204
   -0.05915
   -0.09564
    0.07943
   -0.03504
   -0.01295
   -0.01997
    0.03456
   -0.04407
   -0.01863
    0.01638
    0.05625
   -0.04777
   -0.08023
   -0.10936
    0.12482
   -0.03749
   -0.00273
   -0.08407
    0.08568
   -0.07909
    0.01473
    0.02633
    0.03547
   -0.07560
   -0.02804
   -0.06843
    0.11152
   -0.02206
   -0.03479
   -0.13404
    0.08162
   -0.03409
   -0.03804
   -0.12360
    0.10394
   -0.05543
   -0.07602
    0.04946
    0.05160
   -0.02906
   -0.05737
   -0.07944
    0.09978
   -0.07288
   -0.14012
   -0.16119
    0.12558
   -0.02919
   -0.05445
    0.02021
    0.04310
   -0.06315
   -0.06479
   -0.01867
    0.07228
   -0.06667
   -0.02245
    0.02735
    0.03929
   -0.06797
   -0.09377
   -0.11720
    0.12089
   -0.03359
   -0.01673
   -0.08511
    0.07533
   -0.05441
    0.00136
    0.05269
    0.00670
   -0.01706
   -0.09140
   -0.08340
    0.12389
   -0.01619
   -0.15860
   -0.16658
    0.14401
   -0.02702
   -0.10666
   -0.18552
    0.17825
   -0.01627
   -0.13937
    0.01951
    0.09125
   -0.04420
   -0.08263
   -0.09399
    0.12002
   -0.07793
   -0.02408
   -0.18933
    0.13890
   -0.00140
   -0.11572
   -0.11995
    0.13927
   -0.01461
   -0.13205
   -0.00079
    0.08948
    0.00587
   -0.20267
   -0.13491
    0.14704
   -0.03290
   -0.16406
   -0.14040
    0.15334
   -0.03736
   -0.14131
   -0.09904
    0.13268
   -0.01950
   -0.17131
   -0.02782
    0.11034
   -0.01324
   -0.09559
   -0.00479
    0.06310
   -0.02617
   -0.20041
   -0.14112
    0.11478
   -0.00326
   -0.12416
   -0.09272
    0.10698
    0.04301
   -0.12643
   -0.00516
    0.06325
   -0.00271
   -0.04361
   -0.16297
    0.12792
   -0.02617
   -0.09240
   -0.21803
    0.13753
   -0.02815
   -0.04247
   -0.13514
    0.12309
   -0.05081
   -0.05935
   -0.08757
    0.10975
   -0.04223
   -0.05452
   -0.18714
    0.14701
   -0.03890
   -0.07806
   -0.21903
    0.12484
   -0.04583
   -0.06908
   -0.16975
    0.14925
    0.00551
   -0.10121
   -0.09470
    0.07980
    0.01071
   -0.10033
   -0.16466
    0.12643
   -0.03121
   -0.09862
   -0.24486
    0.12606
   -0.05536
   -0.19380
   -0.00778
    0.13083
   -0.05427
   -0.08941
   -0.11525
    0.11458
   -0.04865
   -0.07707
   -0.00227
    0.07380
   -0.04285
   -0.10981
   -0.20064
    0.12366
   -0.03235
   -0.05587
   -0.11094
    0.09568
   -0.03429
   -0.04417
   -0.06576
    0.06467
   -0.06921
    0.01259
    0.01943
    0.05787
   -0.04944
   -0.11214
   -0.12474
    0.12995
   -0.04226
   -0.03962
   -0.03576
    0.07648
   -0.04296
   -0.02012
    0.05560
    0.01120
   -0.05806
   -0.04732
   -0.06524
    0.10596
   -0.06495
   -0.03792
   -0.12144
    0.10464
   -0.02028
   -0.09494
   -0.11924
    0.10538
   -0.03541
   -0.05813
    0.05265
    0.02339
   -0.04064
   -0.08056
   -0.07063
    0.09705
   -0.06409
   -0.11975
   -0.13010
    0.11869
   -0.05389
   -0.07949
   -0.07201
    0.09916
   -0.08676
   -0.08578
    0.01908
    0.06036
   -0.06584
   -0.00752
    0.03491
    0.04000
   -0.05652
   -0.06905
   -0.06011
    0.07766
   -0.01237
   -0.03565
   -0.05937
    0.05918
   -0.06433
   -0.00500
    0.03745
    0.01369
