IntronPotTab 1 1024 3.82241
    0.04181
   -0.12973
   -0.37682
    0.08593
    0.06536
   -0.09108
   -0.07918
   -0.00698
   -0.05652
    0.02215
   -0.15802
    0.11300
    0.07283
   -0.20476
   -0.05338
    0.03404
   -0.00778
    0.00591
   -0.26725
    0.09536
    0.02921
    0.00209
   -0.04599
   -0.02528
    0.04288
   -0.05642
   -0.20597
    0.09733
    0.11646
   -0.08188
   -0.10004
   -0.02137
    0.04882
    0.05174
   -0.18118
    0.00492
    0.06278
   -0.08864
   -0.05780
   -0.00055
    0.00827
   -0.02554
   -0.10678
    0.08946
    0.01400
   -0.23082
   -0.05477
    0.09443
    0.03466
   -0.11119
   -0.25165
    0.07900
    0.09235
   -0.14401
   -0.03468
   -0.02229
    0.04474
   -0.05659
   -0.17918
    0.07897
    0.08860
   -0.17873
   -0.11194
    0.04824
   -0.00054
   -0.09381
   -0.24518
    0.10185
    0.07491
   -0.21228
   -0.06288
    0.02057
   -0.05309
   -0.02583
   -0.26842
    0.16959
    0.08739
   -0.25999
   -0.01052
    0.01809
   -0.00038
   -0.03604
   -0.33351
    0.15015
    0.02819
    0.00625
   -0.08514
   -0.01227
   -0.16036
   -0.10221
   -0.05679
    0.20204
    0.17611
   -0.23385
   -0.18073
    0.00619
    0.02619
   -0.19119
   -0.05561
    0.06764
    0.08077
   -0.13314
   -0.18154
    0.06496
    0.06604
   -0.05256
   -0.04648
    0.00502
    0.04303
   -0.22173
    0.00952
    0.04666
    0.02390
   -0.06873
   -0.20980
    0.09631
    0.09515
   -0.17717
   -0.02865
   -0.00743
    0.07234
   -0.17888
   -0.13859
    0.12900
    0.11743
   -0.22050
   -0.11162
    0.05846
    0.01844
    0.01404
   -0.26350
    0.08139
    0.04465
   -0.09088
   -0.05892
    0.02164
    0.00238
   -0.03703
   -0.14391
    0.10393
    0.07700
   -0.11502
   -0.22085
    0.07455
   -0.03660
   -0.10010
   -0.15127
    0.14796
    0.01755
   -0.03602
   -0.07523
    0.03395
    0.05035
   -0.27981
   -0.08134
    0.14471
    0.10708
   -0.14737
   -0.10002
    0.03406
    0.10995
   -0.07525
   -0.10202
   -0.05479
    0.05723
   -0.22195
   -0.04204
    0.07444
   -0.01718
    0.04618
   -0.00813
   -0.01134
    0.04255
   -0.16408
    0.01327
    0.00565
   -0.06369
   -0.06880
   -0.25518
    0.15027
    0.10511
   -0.00306
   -0.13068
   -0.10730
   -0.00413
   -0.09300
   -0.02993
    0.07404
    0.04009
   -0.09077
   -0.10842
    0.06401
    0.01392
   -0.10812
   -0.32375
    0.09307
    0.10212
   -0.17621
   -0.10319
   -0.01606
   -0.00940
   -0.05100
   -0.13933
    0.09645
    0.07834
   -0.22809
   -0.09377
    0.04556
   -0.01333
    0.00576
   -0.33865
    0.11159
    0.05701
   -0.07483
   -0.23560
    0.03701
   -0.01002
   -0.03728
   -0.08966
    0.08098
    0.10436
   -0.18284
   -0.10289
    0.03377
    0.01351
   -0.04124
   -0.20165
    0.06424
    0.09909
   -0.21087
   -0.04292
    0.02315
   -0.08674
   -0.06321
   -0.03552
    0.15566
    0.02317
   -0.21416
   -0.06732
    0.09514
    0.03803
   -0.09578
   -0.31681
    0.09229
    0.08292
   -0.17241
   -0.18057
    0.05580
    0.05579
   -0.05702
   -0.26756
    0.10394
    0.06997
   -0.13798
   -0.14851
    0.07390
    0.02210
   -0.12554
   -0.26721
    0.08917
    0.10605
   -0.06258
   -0.12062
   -0.07331
    0.07136
   -0.04839
   -0.01463
   -0.02639
    0.08264
   -0.12728
   -0.17276
    0.04710
   -0.01860
    0.05065
   -0.33984
    0.10391
    0.07148
   -0.15074
   -0.12488
    0.02907
   -0.02078
   -0.03244
   -0.06365
    0.08486
    0.08043
   -0.08016
   -0.17173
    0.05195
    0.02692
    0.00851
   -0.28703
    0.06567
    0.09317
   -0.11464
   -0.20472
    0.03838
    0.08609
   -0.00926
   -0.19299
    0.03962
   -0.10960
   -0.04225
   -0.08304
    0.13940
    0.01452
   -0.08686
   -0.34415
    0.11263
    0.02404
   -0.07145
   -0.13980
    0.06917
    0.05235
   -0.06459
   -0.21062
    0.10038
    0.08675
   -0.11159
   -0.15874
    0.04725
    0.04052
   -0.08012
   -0.22574
    0.05869
    0.08410
   -0.19412
   -0.18621
    0.06113
    0.00126
   -0.04006
   -0.21971
    0.11861
    0.08609
   -0.19488
   -0.04446
    0.03508
    0.00281
    0.02252
   -0.25402
    0.09259
    0.10971
   -0.13118
   -0.00289
   -0.02439
    0.04337
   -0.04752
   -0.30553
    0.13036
    0.20575
   -0.06063
   -0.20412
   -0.07471
   -0.01809
   -0.00157
   -0.30646
    0.11356
    0.17917
   -0.23989
   -0.19784
    0.02722
   -0.05155
   -0.42137
    0.01177
    0.21400
    0.08886
   -0.05318
   -0.19675
    0.05632
   -0.00537
   -0.08656
   -0.25366
    0.13725
    0.08902
   -0.09093
   -0.03530
   -0.01161
    0.03723
   -0.06568
   -0.41001
    0.19021
    0.10778
   -0.19914
   -0.18718
    0.10363
    0.07849
   -0.23174
   -0.18787
    0.06648
    0.02674
   -0.29904
   -0.10542
    0.14116
   -0.10585
   -0.00529
   -0.11719
    0.13503
   -0.02082
   -0.24275
   -0.12816
    0.14556
   -0.01743
    0.01410
   -0.31135
    0.13902
    0.04822
   -0.07184
   -0.23046
    0.07876
    0.06065
   -0.18216
   -0.26206
    0.19700
    0.11463
   -0.04535
   -0.10190
   -0.02378
    0.03402
    0.07532
   -0.30095
    0.07010
    0.03348
   -0.10135
    0.05343
   -0.02397
    0.09450
   -0.28745
    0.01909
    0.04364
    0.01261
   -0.14110
   -0.01125
    0.05030
   -0.00257
   -0.10715
   -0.30538
    0.14161
    0.08414
   -0.09856
   -0.22358
    0.04157
    0.08762
   -0.12189
   -0.21450
    0.12608
    0.12368
   -0.13653
   -0.18054
    0.04984
    0.02905
   -0.10572
   -0.28416
    0.08251
    0.13586
   -0.21841
   -0.07662
   -0.06129
   -0.01778
   -0.01603
   -0.21351
    0.10474
    0.08139
   -0.23976
   -0.09590
    0.07039
   -0.05005
    0.08396
   -0.13741
    0.07062
    0.01381
   -0.02723
    0.03867
   -0.01726
    0.06141
    0.01484
   -0.32064
    0.06593
    0.09914
   -0.21433
    0.00798
   -0.00279
   -0.06590
    0.09739
   -0.12072
    0.06462
    0.13095
   -0.11452
   -0.03393
   -0.09638
    0.00820
   -0.14562
   -0.02273
    0.09446
    0.04635
   -0.15794
   -0.09329
    0.06801
    0.06088
   -0.10814
   -0.38060
    0.10619
    0.08292
   -0.06989
   -0.17654
   -0.00089
    0.08817
   -0.13230
   -0.30367
    0.12398
    0.13638
   -0.16435
   -0.19430
    0.06126
    0.04750
   -0.09016
   -0.29592
    0.07629
    0.08627
   -0.14624
   -0.14836
    0.02903
   -0.02508
   -0.01871
   -0.22733
    0.16999
    0.12221
   -0.38101
   -0.00301
    0.03562
    0.00118
   -0.07397
   -0.08836
    0.07001
    0.03881
   -0.09563
    0.06889
   -0.00900
   -0.04605
   -0.06050
   -0.11575
    0.16184
    0.20094
   -0.13420
   -0.07982
   -0.11038
    0.15882
   -0.14262
   -0.29729
   -0.02279
    0.08093
   -0.04793
    0.00017
   -0.06819
    0.02493
   -0.17922
   -0.01084
    0.10361
    0.07719
   -0.12185
   -0.07190
    0.03000
   -0.01091
   -0.04882
   -0.21001
    0.09465
    0.13973
   -0.24614
    0.01535
   -0.07084
   -0.03227
   -0.11191
   -0.06838
    0.13974
    0.12412
   -0.25522
   -0.11693
    0.06428
    0.00210
   -0.08950
   -0.22348
    0.09297
    0.13328
   -0.30662
   -0.29620
    0.04666
   -0.04583
   -0.17799
   -0.12709
    0.19672
    0.13228
   -0.24806
    0.03221
   -0.03997
   -0.02349
   -0.09726
   -0.21637
    0.15531
    0.08967
   -0.04353
   -0.01607
   -0.09873
    0.21782
   -0.23473
   -0.15015
   -0.00232
    0.17734
   -0.17352
   -0.36654
    0.06434
    0.05965
   -0.07811
   -0.01801
   -0.00908
    0.08848
   -0.11011
   -0.00539
   -0.00457
    0.00728
    0.02682
   -0.46929
    0.14543
    0.09351
   -0.25763
    0.00810
    0.01986
    0.01515
   -0.19159
   -0.22637
    0.14619
    0.05019
   -0.17724
   -0.04450
    0.07657
   -0.03798
   -0.17852
   -0.06467
    0.18502
    0.08603
   -0.34971
   -0.16754
    0.16354
    0.07082
   -0.04937
   -0.30642
    0.06663
    0.03094
   -0.01136
   -0.11772
    0.03070
   -0.01511
   -0.06286
   -0.14420
    0.15742
    0.03426
   -0.23338
   -0.12417
    0.10999
    0.04458
    0.01167
   -0.39795
    0.08838
    0.09561
   -0.09829
   -0.20477
   -0.00135
   -0.05388
   -0.11713
   -0.14965
    0.20840
    0.08661
   -0.20311
   -0.19426
    0.12506
    0.09264
   -0.09518
   -0.23057
    0.03653
    0.03392
   -0.43375
    0.00858
    0.16765
    0.00575
   -0.38355
    0.01451
    0.15046
   -0.01241
   -0.21328
   -0.10816
    0.13708
   -0.02216
   -0.18165
   -0.15556
    0.14382
    0.16151
   -0.18495
   -0.25616
   -0.04121
   -0.08607
   -0.02526
   -0.26681
    0.21672
    0.09018
   -0.19925
   -0.06431
    0.03373
    0.09648
   -0.10125
   -0.46345
    0.04026
    0.07831
   -0.17467
   -0.19472
    0.06012
   -0.00534
   -0.09856
   -0.04097
    0.08175
    0.08641
   -0.25506
   -0.09169
    0.05356
    0.02133
   -0.03397
   -0.36676
    0.09522
    0.05156
   -0.09486
   -0.25015
    0.05925
    0.11252
   -0.14196
   -0.02309
   -0.02285
    0.07791
   -0.24172
    0.03822
   -0.02714
    0.01376
   -0.24748
   -0.41768
    0.15020
    0.10628
   -0.18068
   -0.11620
    0.05609
    0.02570
   -0.12863
    0.04866
    0.02965
   -0.01558
   -0.12055
   -0.07661
    0.10173
    0.07415
   -0.19216
   -0.29180
    0.09612
    0.06674
   -0.24313
    0.01899
    0.04238
   -0.05036
   -0.05510
   -0.19894
    0.16278
    0.11497
   -0.23081
   -0.14668
    0.06650
    0.01332
   -0.06314
   -0.29600
    0.07526
    0.01003
   -0.06725
   -0.14843
    0.07197
    0.04667
   -0.11410
   -0.07948
    0.06158
    0.05874
   -0.18181
   -0.09485
    0.04606
   -0.06371
    0.00637
   -0.28000
    0.13217
    0.07121
   -0.05520
   -0.15386
   -0.01993
   -0.05493
   -0.07853
   -0.08383
    0.13699
    0.05546
   -0.02239
   -0.08788
    0.00373
    0.01740
    0.00273
   -0.15520
    0.03783
    0.02544
   -0.05577
   -0.10505
    0.05757
    0.06875
    0.02673
   -0.05073
   -0.05365
   -0.11124
   -0.03271
   -0.05588
    0.13194
    0.00011
   -0.13925
   -0.39872
    0.12492
    0.03188
   -0.08698
   -0.15243
    0.07004
    0.03221
   -0.06065
   -0.19819
    0.09314
    0.04932
   -0.16693
   -0.14876
    0.07660
    0.00448
   -0.11875
   -0.22747
    0.10301
    0.12331
   -0.25239
   -0.11744
   -0.00217
   -0.03173
   -0.16413
   -0.24304
    0.19284
    0.11187
   -0.26363
   -0.07365
    0.06478
   -0.05377
    0.04516
   -0.34501
    0.14401
    0.09938
   -0.10170
   -0.13271
   -0.01600
    0.01855
   -0.05118
   -0.27234
    0.13709
    0.20215
   -0.24038
   -0.16100
    0.03160
   -0.00487
   -0.07623
   -0.26454
    0.11413
    0.02659
   -0.20061
   -0.26249
    0.15961
    0.07966
   -0.07444
   -0.11874
    0.03604
    0.00458
   -0.26043
   -0.02040
    0.11879
    0.03030
   -0.09455
   -0.26666
    0.12105
    0.09935
   -0.15975
   -0.12330
    0.04638
    0.04424
   -0.08255
   -0.25188
    0.15109
    0.19239
   -0.26204
   -0.14058
    0.06626
    0.02513
   -0.03944
   -0.55054
    0.13083
    0.05178
   -0.06067
   -0.16854
    0.03043
   -0.06694
    0.01509
   -0.10475
    0.10251
    0.00773
   -0.21432
   -0.12591
    0.12325
   -0.03366
    0.00727
   -0.43324
    0.17293
    0.03628
   -0.10634
   -0.16389
    0.06781
   -0.09913
    0.05389
   -0.22961
    0.16802
    0.12394
   -0.14434
   -0.20883
    0.05382
    0.01542
   -0.04519
   -0.10063
    0.04691
    0.04907
   -0.11701
   -0.05547
    0.04556
   -0.03069
   -0.09461
    0.00475
    0.08727
   -0.05606
   -0.13766
   -0.05365
    0.13770
   -0.00125
   -0.15152
   -0.33452
    0.14760
    0.09591
   -0.15064
   -0.23211
    0.01132
    0.02401
   -0.13901
   -0.28968
    0.16907
    0.05981
   -0.17293
   -0.17634
    0.09502
    0.03533
   -0.11581
   -0.32837
    0.08317
    0.11498
   -0.21587
   -0.13328
   -0.01096
    0.05109
   -0.00680
   -0.24868
    0.06196
    0.06617
   -0.21639
   -0.07550
    0.06691
   -0.01648
    0.06013
   -0.30939
    0.08255
    0.09985
   -0.09319
   -0.17186
   -0.05549
    0.01113
   -0.10630
   -0.18893
    0.13264
    0.16180
   -0.18772
   -0.13513
   -0.01683
    0.02439
   -0.11030
   -0.23472
    0.09603
    0.08596
   -0.14757
   -0.06856
    0.02165
   -0.05509
   -0.09767
   -0.03130
    0.13322
    0.01461
   -0.15998
   -0.08863
    0.09570
    0.06990
   -0.09854
   -0.41975
    0.10216
    0.08782
   -0.16538
   -0.10922
    0.02191
    0.02592
   -0.11799
   -0.20885
    0.13905
    0.07849
   -0.11020
   -0.16702
    0.07128
