22 4 2 1 48 -3.0908 2.0374 4.2375 1247
  0.01383   0.05375   0.01843  -0.06154 
 -0.05359   0.02405   0.09291  -0.02305 
  0.00743   0.01120   0.04874  -0.04549 
  0.00636  -0.00012   0.05046  -0.03828 
  0.00636  -0.02774   0.07868  -0.04187 
  0.01064  -0.01174   0.07707  -0.05530 
 -0.00676   0.02765   0.06397  -0.05159 
 -0.01347   0.02944   0.04528  -0.03236 
  0.01594  -0.01569   0.06563  -0.05037 
  0.01064   0.00179   0.06728  -0.05654 
  0.01064   0.01859   0.01472  -0.03118 
  0.00636  -0.02979   0.08188  -0.04307 
 -0.00015   0.01306   0.01658  -0.01733 
 -0.01347   0.00179   0.08188  -0.04067 
  0.00636  -0.00012   0.11119  -0.08612 
  0.00094   0.05205   0.01285  -0.04187 
 -0.00676   0.01306   0.02575  -0.01620 
  0.00203   0.01675   0.04701  -0.04187 
 -0.01800   0.02944   0.03474  -0.02076 
 -0.00015  -0.07732   0.11119  -0.03236 
 -0.02838   0.00179   0.11711  -0.05282 
  0.00636  -0.00784   0.01285  -0.00946 
  0.01594  -0.03805   0.01658  -0.00502 
  0.01277  -0.00396   0.05557  -0.04670 
 -0.00015   0.01306   0.05727  -0.04428 
 -0.01573   0.02223   0.02211  -0.01057 
 -0.00455  -0.00979   0.05727  -0.02536 
  0.02429   0.01306   0.01472  -0.04307 
 -0.01800   0.02765   0.09291  -0.06154 
  0.02532   0.04349   0.04528  -0.08745 
 -0.01010   0.02944  -0.01019  -0.00172 
  0.02222  -0.05724   0.05727  -0.02768 
 -0.01010   0.01675  -0.00044   0.00047 
  0.02118   0.00746  -0.00823  -0.02190 
 -0.01010   0.01306   0.04528  -0.02536 
 -0.01234   0.03828   0.05387  -0.04549 
  0.00851   0.01306   0.02211  -0.03001 
 -0.00787  -0.00012   0.01098   0.00156 
 -0.01010   0.01859   0.01472  -0.00946 
  0.02325   0.04002  -0.09009  -0.00172 
  0.02118  -0.01768   0.03474  -0.03354 
 -0.00899   0.00369   0.03296  -0.01281 
 -0.00565  -0.00396  -0.00237   0.00911 
 -0.02258   0.01859   0.01285   0.00373 
 -0.04745   0.02405   0.05387  -0.00172 
  0.00636   0.00179  -0.06477   0.02588 
  0.06939   0.00558  -0.01217  -0.07821 
  0.07310   0.10916  -0.07840  -0.12654 
  0.23470  -0.22880  -0.08538  -0.20826 
 -0.23321  -0.45787   0.48029  -0.19268 
 -2.23409  -3.09621   0.74226  -3.09621 
 -3.09621  -3.09621  -3.09621   0.49622 
  0.34486  -0.60690  -0.24515  -0.33419 
  0.23406  -0.33455  -0.21253  -0.09013 
 -0.22763  -0.24529   0.45805  -0.22626 
 -0.13942  -0.00784  -0.34788   0.20323 
  0.10082  -0.00204  -0.28043   0.00481 
  0.03651  -0.06163  -0.19407   0.07631 
  0.02222   0.01306  -0.27677   0.07814 
 -0.02143  -0.01174  -0.19709   0.10380 
  0.04349  -0.07278  -0.10701   0.04401 
  0.03248  -0.13330  -0.14836   0.09249 
  0.00420  -0.10078  -0.22528   0.12641 
 -0.01573  -0.05507  -0.22528   0.12478 
  0.06565  -0.24867  -0.17926   0.10638 
  0.04051  -0.23532  -0.24178   0.14085 
  0.00312  -0.20671  -0.24515   0.16241 
  0.03752  -0.25895  -0.21886   0.14321 
  0.03551  -0.15460  -0.26597   0.12885 
  0.01064  -0.20980  -0.18512   0.14321 
  0.01489  -0.17413  -0.12206   0.11147 
  0.08584  -0.17129  -0.20320   0.07171 
  0.06565  -0.32637  -0.00044   0.05664 
  0.04840  -0.17699  -0.06032   0.05951 
  0.05711  -0.21291  -0.11447   0.08357 
  0.03651  -0.15188  -0.19106   0.10808 
  0.02635  -0.19758  -0.10949   0.10466 
  0.04151  -0.14918  -0.13501   0.08537 
  0.03952  -0.11300  -0.15935   0.08267 
  0.05230  -0.15734  -0.16494   0.08805 
  0.05902  -0.16009  -0.13501   0.07263 
  0.07310  -0.11799  -0.17926   0.05855 
  0.04448  -0.09599  -0.07381   0.03905 
  0.02942  -0.12814  -0.08304   0.06985 
  0.08043  -0.14117  -0.10211   0.03099 
  0.04546  -0.12051  -0.12206   0.06706 
  0.04840  -0.13591  -0.10456   0.06330 
  0.05615  -0.10807  -0.09726   0.04203 
  0.03752  -0.14382  -0.12979   0.08537 
  0.03852  -0.15460  -0.09009   0.07355 
  0.02532  -0.15460  -0.07153   0.07814 
  0.05807  -0.12051  -0.09726   0.04499 
  0.02532  -0.09361  -0.10211   0.06799 
  0.05998  -0.06605  -0.10456   0.02278 
  0.03551  -0.08890  -0.10701   0.05855 
  0.04250  -0.13071  -0.07153   0.05376 
  0.02738  -0.14382  -0.04084   0.05951 
  0.07494  -0.08890  -0.14836   0.03403 
  0.05807  -0.13591  -0.11952   0.05951 
