23 4 22 1 28 -2.4312 2.1921 4.1648 1247
  0.03248  -0.10563  -0.04296   0.04104 
  0.06659  -0.17413  -0.05373   0.03705 
  0.03349  -0.15460  -0.05373   0.06330 
  0.04151  -0.16565  -0.09486   0.07631 
  0.05998  -0.14649  -0.12462   0.06330 
  0.01489  -0.08192  -0.09726   0.07078 
  0.05902  -0.10807  -0.08773   0.03504 
  0.06188  -0.11053  -0.11197   0.04302 
  0.02429  -0.11053  -0.10701   0.07722 
  0.00851  -0.13330  -0.07153   0.08537 
  0.04644  -0.07961  -0.16494   0.06518 
  0.05998  -0.11053  -0.08538   0.03403 
  0.02738  -0.09361  -0.12206   0.07355 
  0.01594  -0.08423  -0.13239   0.08357 
  0.01489  -0.11300  -0.17061   0.10723 
  0.04546  -0.10563  -0.18808   0.08357 
  0.03852  -0.08656  -0.15657   0.07263 
  0.02532  -0.08656  -0.12979   0.07539 
  0.03349  -0.07278  -0.21886   0.09072 
  0.06471  -0.10078  -0.16777   0.05664 
  0.08314  -0.13071  -0.21886   0.06518 
  0.05998  -0.09838  -0.17348   0.06235 
  0.05711  -0.09838  -0.18218   0.06799 
  0.09559  -0.16846  -0.17926   0.05279 
  0.07402  -0.11053  -0.18512   0.05664 
  0.03852  -0.22237  -0.12979   0.10808 
  0.02840  -0.20671  -0.07153   0.09160 
  0.02840  -0.25550  -0.04509   0.09425 
  0.00094  -0.19160  -0.24515   0.16015 
  0.09996  -0.25550  -0.19709   0.07996 
  0.05998  -0.20671  -0.15382   0.09249 
  0.06846  -0.17129  -0.15657   0.07447 
  0.06753  -0.11300  -0.23510   0.07905 
  0.09822  -0.14918  -0.23843   0.06141 
  0.09822  -0.14117  -0.17061   0.03705 
  0.12443  -0.04224  -0.25892  -0.01057 
  0.10599  -0.01967  -0.18808  -0.02305 
  0.11194  -0.03597  -0.23843  -0.00391 
  0.03349  -0.09599  -0.14566   0.07722 
  0.03146  -0.14649  -0.00627   0.04004 
  0.07218  -0.29136  -0.02832   0.05472 
 -0.03781   0.16357  -0.24515   0.02793 
 -0.34567  -0.46898  -0.62722   0.37259 
  0.18269  -0.14117  -0.20013  -0.07301 
  0.38941  -0.63897  -0.46546  -0.44044 
 -0.42228   0.22464  -0.62722   0.22196 
  0.00743  -0.25550  -0.05811   0.11651 
 -0.53739   0.11212  -0.68851   0.29914 
  0.49669  -3.09621  -3.09621  -3.09621 
 -3.09621  -2.01762   0.74226  -3.09621 
  0.04448  -0.32234   0.35133  -0.31349 
 -0.05483   0.04522  -0.07610   0.05951 
 -0.02721   0.01306   0.03474  -0.00172 
 -0.02489   0.05711   0.04004  -0.03590 
 -0.01010   0.02223   0.02937  -0.02076 
 -0.00455  -0.00979   0.06230  -0.02885 
  0.00528  -0.01371   0.11564  -0.07951 
  0.04250  -0.02979   0.02027  -0.04187 
  0.01699   0.00746   0.08664  -0.08346 
  0.01383  -0.01371   0.07383  -0.05530 
 -0.02605   0.05543   0.02027  -0.02076 
  0.00636  -0.04436   0.10669  -0.05406 
 -0.00676   0.03476   0.04874  -0.04549 
  0.00312   0.06045   0.01843  -0.05406 
 -0.01687   0.02223   0.06063  -0.03472 
  0.03752   0.01306   0.05895  -0.09147 
 -0.01122  -0.02774   0.07220  -0.01847 
  0.00851   0.02765   0.05217  -0.06028 
  0.00312  -0.02369   0.11268  -0.06787 
  0.00636   0.00746   0.05387  -0.04549 
 -0.04260   0.05711   0.09291  -0.05654 
  0.00528   0.01491   0.07707  -0.06660 
 -0.03425   0.05205   0.06063  -0.03709 
 -0.00015  -0.00589   0.07220  -0.04307 
 -0.01460  -0.03597   0.13300  -0.05778 
 -0.01687   0.05036   0.07220  -0.06280 
  0.00528   0.00558   0.09755  -0.07690 
  0.02738   0.00179   0.08979  -0.09554 
  0.01909  -0.00012   0.02393  -0.03472 
  0.01909   0.04349   0.04179  -0.07690 
  0.02222   0.01491   0.09135  -0.09964 
  0.03044  -0.00396   0.00720  -0.03472 
 -0.00234   0.01120   0.06563  -0.04670 
  0.00958   0.02585   0.07868  -0.08083 
  0.00528   0.01491   0.05895  -0.05282 
 -0.00565   0.00369   0.09447  -0.06028 
 -0.02489   0.00179   0.12296  -0.06154 
  0.01171   0.01491   0.06397  -0.06406 
 -0.00565   0.01675   0.08822  -0.06406 
 -0.01122   0.00933   0.11268  -0.07301 
 -0.00787   0.00933   0.09755  -0.06406 
 -0.02258   0.04522   0.09291  -0.06915 
 -0.01010   0.04002   0.09447  -0.08083 
  0.02014   0.03476   0.05387  -0.08083 
  0.01277   0.00369   0.06063  -0.05530 
  0.04250  -0.00784   0.10062  -0.11930 
 -0.00344   0.01859   0.05895  -0.04549 
 -0.02489   0.01491   0.08664  -0.04067 
  0.02429  -0.00204   0.09909  -0.09690 
