IntronPotTab 1 1024 -14.01194 2.19964 48.03603 2888 6 16 1225.53
   -0.00974
    0.01428
    0.00238
   -0.00144
   -0.01469
   -0.00962
    0.00938
    0.01972
    0.00655
   -0.00935
    0.03110
   -0.03064
   -0.02132
    0.01676
    0.01786
   -0.00828
   -0.01651
    0.01815
   -0.00471
    0.01901
   -0.00453
    0.00190
    0.01052
   -0.00100
    0.00014
   -0.00419
    0.00381
    0.00170
    0.02479
   -0.02907
    0.02397
   -0.00866
   -0.00648
    0.00339
    0.00791
    0.00108
    0.00641
   -0.00592
    0.00736
   -0.00809
    0.01375
    0.00233
    0.01341
   -0.02959
   -0.01479
   -0.00554
    0.02209
    0.00018
   -0.02059
    0.02132
   -0.00396
    0.01402
    0.00185
   -0.00528
   -0.00184
    0.00218
    0.00024
   -0.00226
    0.00879
   -0.00565
   -0.02359
    0.00504
    0.02583
   -0.00773
   -0.02037
    0.02944
    0.00078
    0.00237
    0.00723
    0.00342
   -0.00401
   -0.00925
    0.00291
   -0.00868
    0.01529
   -0.00675
   -0.02000
    0.00566
    0.02959
   -0.01450
   -0.00697
    0.01171
   -0.02195
    0.01832
   -0.01103
    0.01429
   -0.02095
    0.01452
    0.00456
    0.01355
   -0.00741
   -0.01698
   -0.02454
   -0.01067
    0.01314
    0.01421
    0.00546
   -0.00157
   -0.01264
    0.00778
   -0.00585
   -0.00673
   -0.00107
    0.01316
    0.01136
   -0.00030
    0.00076
   -0.01435
   -0.01637
    0.00263
    0.01259
   -0.00157
    0.10046
   -0.05912
   -0.04253
   -0.02610
   -0.00859
   -0.01013
   -0.00923
    0.02224
    0.05543
   -0.04227
    0.01027
   -0.02653
    0.00356
   -0.01712
    0.01275
   -0.00051
   -0.01129
    0.00142
    0.01942
   -0.01098
    0.00765
   -0.01001
   -0.00674
    0.00494
    0.01870
   -0.01059
    0.00339
   -0.02262
   -0.01895
   -0.01686
    0.02963
   -0.00041
    0.00002
   -0.00998
    0.00983
   -0.00444
   -0.00876
   -0.00054
   -0.00172
    0.01033
    0.01224
   -0.02097
    0.01771
   -0.00760
    0.00793
   -0.00391
   -0.00144
   -0.00022
   -0.01078
    0.00269
    0.01663
   -0.00932
    0.00130
    0.00588
   -0.00354
   -0.00373
    0.01433
   -0.02180
    0.02019
   -0.01001
   -0.02238
    0.01376
    0.00665
    0.00352
   -0.01479
   -0.00439
    0.00651
    0.01314
   -0.01689
   -0.00358
    0.01293
    0.01048
    0.00290
   -0.01650
    0.01834
   -0.00305
   -0.00377
   -0.01994
    0.03258
   -0.00998
   -0.01968
    0.00864
    0.00606
    0.01698
   -0.00639
   -0.01728
    0.00503
    0.01657
    0.01507
   -0.00414
    0.01902
   -0.02947
   -0.02750
   -0.00647
    0.04657
   -0.00456
    0.01880
   -0.00476
   -0.02431
   -0.00540
    0.00319
   -0.03216
   -0.00036
    0.01391
   -0.00429
   -0.00374
    0.01500
    0.00157
    0.00121
   -0.00268
    0.01120
   -0.00596
   -0.00776
    0.01744
   -0.00169
    0.00052
    0.00212
   -0.01858
    0.00690
    0.00541
    0.00989
    0.00032
    0.00314
   -0.01492
   -0.01188
   -0.01250
    0.03418
   -0.00788
   -0.01429
    0.02037
   -0.01433
    0.00828
   -0.02169
   -0.00128
    0.01103
    0.01633
    0.00636
   -0.01152
   -0.00394
    0.00618
   -0.00224
   -0.00328
    0.02655
   -0.01717
   -0.00509
   -0.01027
   -0.00492
    0.02248
   -0.00367
   -0.00825
    0.01514
   -0.00040
    0.00964
   -0.01131
    0.01243
   -0.01155
   -0.02042
    0.00425
    0.02391
   -0.01132
    0.00077
   -0.00055
   -0.01364
    0.01408
   -0.00672
    0.01559
    0.00960
   -0.00756
   -0.01180
   -0.00540
    0.01644
    0.00879
    0.00351
    0.00865
    0.00283
   -0.01249
   -0.00518
    0.00046
    0.00619
   -0.00079
    0.00301
   -0.01517
    0.02760
   -0.01533
    0.00619
    0.00660
    0.00963
   -0.02212
   -0.00192
   -0.00582
   -0.00315
    0.00967
   -0.00921
   -0.01210
   -0.02342
    0.03563
   -0.00212
   -0.00766
    0.00192
    0.00645
   -0.00726
   -0.00777
    0.01295
    0.00390
   -0.00223
   -0.01359
    0.02248
   -0.00587
   -0.00410
    0.01311
    0.00183
   -0.00975
    0.00825
    0.00786
   -0.00267
   -0.01498
    0.00739
    0.00174
    0.01639
   -0.03227
   -0.01274
   -0.00615
    0.02694
   -0.01289
    0.00126
    0.00414
   -0.00769
    0.00259
   -0.00046
   -0.01329
    0.03268
   -0.01232
   -0.01247
    0.01519
   -0.01391
    0.00616
   -0.05315
    0.01858
    0.01902
   -0.01222
   -0.00657
    0.01260
    0.00266
   -0.00695
   -0.01488
    0.01404
    0.01123
   -0.00774
   -0.01234
   -0.00155
    0.00207
    0.01411
   -0.00916
   -0.01828
    0.01793
    0.00347
    0.00036
   -0.01347
    0.01421
    0.00257
   -0.00195
   -0.01779
    0.01277
    0.00619
    0.00613
   -0.00591
    0.00437
   -0.00366
   -0.00423
    0.00178
    0.01508
   -0.01406
    0.00165
    0.00625
   -0.01249
    0.01194
    0.00859
   -0.01942
    0.00010
    0.00758
   -0.00064
   -0.01763
    0.02646
   -0.01124
   -0.00457
   -0.00411
    0.01250
   -0.00860
    0.01594
   -0.01001
   -0.00948
   -0.00226
   -0.01323
    0.01014
    0.01763
   -0.00624
   -0.00906
   -0.00639
    0.01312
    0.00788
   -0.01413
   -0.00218
    0.02080
   -0.01216
   -0.01023
    0.01966
   -0.01590
    0.02158
   -0.00721
   -0.02156
    0.03081
   -0.00978
   -0.01688
   -0.00115
    0.02407
   -0.00172
   -0.02985
    0.01316
    0.00556
    0.00383
   -0.00659
   -0.01456
   -0.00806
    0.02864
   -0.01350
   -0.00141
    0.00488
    0.00999
   -0.00409
   -0.01866
    0.01502
    0.01296
    0.00067
   -0.00770
    0.01332
   -0.00673
   -0.08446
    0.17027
   -0.06257
   -0.01286
    0.01442
   -0.00844
    0.01275
   -0.01421
    0.01095
   -0.00318
    0.01208
   -0.01796
    0.00581
   -0.01194
    0.01345
   -0.00455
   -0.00415
    0.01835
   -0.02191
    0.01082
   -0.02333
    0.01644
    0.00282
    0.01204
   -0.01269
   -0.00558
    0.01201
    0.01405
   -0.02673
    0.00365
   -0.00448
    0.01207
   -0.02777
    0.06826
   -0.02563
   -0.00022
   -0.01700
   -0.01561
   -0.00652
    0.02722
   -0.01075
   -0.00067
   -0.00870
    0.01869
   -0.03346
   -0.02357
    0.02410
    0.01675
   -0.03593
    0.00731
   -0.00205
    0.02559
   -0.00687
   -0.02375
    0.00269
    0.01603
   -0.03087
    0.01235
    0.01101
    0.01287
   -0.02830
    0.00066
    0.01141
    0.00306
   -0.00054
   -0.00541
   -0.00521
    0.01254
   -0.00102
   -0.02374
    0.01326
    0.00791
    0.01205
   -0.01133
    0.01644
   -0.03080
   -0.01343
   -0.00591
    0.00773
    0.00738
    0.00124
   -0.01439
   -0.00361
    0.01330
   -0.00836
   -0.03185
    0.03101
    0.01065
    0.00036
   -0.00992
   -0.00181
    0.01369
    0.05115
   -0.02944
    0.02584
   -0.02580
    0.00206
   -0.01277
    0.01448
   -0.01093
    0.01488
   -0.00148
    0.00381
   -0.01713
    0.02311
   -0.02159
    0.02221
   -0.02914
    0.00943
   -0.00879
    0.00463
   -0.00390
   -0.00171
   -0.00662
   -0.02164
    0.02450
    0.00114
   -0.01886
    0.00517
    0.00683
    0.00388
   -0.02404
    0.01806
    0.00110
    0.01787
   -0.03119
    0.02622
   -0.01377
   -0.00373
   -0.00417
    0.00295
    0.00533
   -0.00846
   -0.01628
    0.00778
    0.01628
    0.00698
   -0.01565
    0.02176
   -0.00809
   -0.02734
   -0.01233
    0.04779
   -0.01561
   -0.00181
   -0.00636
   -0.00973
    0.01685
   -0.01141
   -0.03179
    0.04125
    0.00584
   -0.00110
   -0.00104
    0.02481
   -0.01577
   -0.02096
   -0.01018
    0.01639
    0.00590
   -0.00465
   -0.00941
   -0.00890
    0.02565
    0.00034
   -0.00605
    0.02073
   -0.01034
    0.00203
    0.01086
    0.00042
   -0.01933
   -0.01593
   -0.03546
    0.04237
   -0.00432
    0.03087
   -0.02786
   -0.00556
    0.00409
    0.01416
   -0.02742
    0.00313
    0.00341
   -0.00244
   -0.00992
    0.01377
    0.00451
   -0.00529
   -0.02319
    0.01908
    0.00317
   -0.00181
   -0.01621
   -0.00848
    0.02615
   -0.00071
   -0.02884
    0.02494
    0.00427
    0.02323
   -0.02703
    0.01968
   -0.03295
    0.00495
   -0.03038
    0.02574
   -0.00883
   -0.00174
   -0.00686
   -0.00314
    0.01227
   -0.01003
   -0.01312
    0.01436
    0.00829
   -0.00129
   -0.03095
    0.03948
   -0.00363
    0.00314
   -0.01988
    0.02147
   -0.00524
   -0.00722
   -0.01553
    0.01342
    0.00536
    0.00283
   -0.01680
    0.01119
    0.00047
    0.01786
   -0.02703
    0.02660
   -0.02061
   -0.00494
   -0.02418
    0.03895
   -0.01336
    0.00253
   -0.02486
   -0.00034
    0.02195
   -0.00655
   -0.02699
    0.00896
    0.01623
    0.01153
   -0.01795
    0.01676
   -0.01185
   -0.01988
   -0.01715
    0.01944
    0.00421
   -0.00065
    0.01704
   -0.01427
    0.00394
    0.01258
   -0.04489
    0.01192
    0.01443
    0.00862
    0.00774
    0.00045
   -0.01727
   -0.00002
   -0.00400
   -0.00293
    0.00548
    0.00192
   -0.00706
   -0.00614
    0.00774
   -0.01223
   -0.00247
    0.00903
    0.00916
   -0.00914
   -0.01182
    0.00466
    0.01946
   -0.01589
   -0.00650
    0.00358
    0.00932
   -0.00762
    0.02081
   -0.01795
    0.01270
   -0.00628
   -0.01479
    0.02660
   -0.00130
    0.01829
   -0.02009
    0.02118
   -0.01639
   -0.00982
   -0.03634
    0.02099
    0.01464
   -0.02648
   -0.00172
   -0.00599
    0.02652
   -0.01229
   -0.01433
    0.00228
    0.01528
    0.01176
   -0.00897
    0.00088
   -0.00479
   -0.00190
   -0.02665
    0.02058
    0.00010
   -0.01956
    0.01700
   -0.00973
    0.02228
   -0.01099
   -0.04247
    0.02979
    0.02094
    0.01864
   -0.02118
    0.02153
   -0.01941
   -0.01090
   -0.01528
    0.04187
   -0.01162
   -0.00657
    0.00589
   -0.01640
    0.01531
   -0.00624
    0.00859
    0.00716
   -0.00187
   -0.02651
    0.00024
   -0.01011
    0.03753
   -0.01192
   -0.00321
    0.01857
   -0.00137
   -0.00691
   -0.00426
    0.00963
    0.00210
   -0.01857
   -0.01640
    0.00519
    0.02301
    0.01649
   -0.00273
    0.03099
   -0.02692
   -0.03309
    0.00167
    0.02132
    0.01396
   -0.01335
    0.01491
   -0.00247
    0.00314
   -0.00730
   -0.00559
   -0.00477
    0.01261
   -0.00713
    0.01459
   -0.00918
    0.00126
   -0.01716
   -0.00421
    0.03711
   -0.01161
   -0.01016
    0.00072
   -0.00064
    0.01145
   -0.00372
   -0.00517
    0.00585
    0.00335
    0.01015
   -0.01912
    0.00965
    0.00083
   -0.01688
   -0.00092
    0.02857
   -0.01077
   -0.00812
   -0.01210
   -0.00543
    0.02263
   -0.00102
   -0.01054
   -0.00994
    0.01295
   -0.00737
   -0.00081
   -0.01471
    0.01732
   -0.00480
   -0.01761
    0.01589
    0.00808
   -0.01277
    0.01548
   -0.01732
    0.02217
   -0.00450
   -0.01027
   -0.00688
    0.01648
    0.01415
   -0.00713
   -0.04510
    0.03059
   -0.02673
   -0.01971
    0.03305
    0.00477
   -0.00310
    0.00191
   -0.02638
    0.01806
   -0.01706
   -0.01034
   -0.00339
    0.02081
   -0.00434
   -0.01540
    0.01797
    0.00886
   -0.00196
   -0.01833
    0.01178
    0.00874
    0.00181
   -0.01103
   -0.00437
    0.01044
    0.00051
   -0.04976
    0.01764
    0.01988
    0.00837
   -0.02174
    0.02806
   -0.01652
   -0.01910
   -0.01115
    0.02424
   -0.00577
    0.00603
   -0.01223
   -0.01609
    0.01829
   -0.01631
   -0.00115
   -0.00675
    0.02056
   -0.01425
   -0.02229
    0.01015
    0.03167
   -0.02247
   -0.00501
   -0.00848
    0.02215
   -0.01827
    0.00063
   -0.01482
    0.03804
   -0.00695
   -0.01434
    0.00852
    0.01099
    0.00828
   -0.03037
    0.02551
    0.00194
   -0.04002
   -0.01389
    0.01298
    0.02386
   -0.02098
    0.00721
   -0.01556
    0.02457
   -0.01061
   -0.01645
   -0.00140
    0.01916
    0.00814
   -0.02530
    0.01006
    0.01072
   -0.03242
   -0.01367
    0.00867
    0.01227
   -0.02785
    0.02311
    0.00570
    0.02072
    0.00139
   -0.00881
   -0.00533
    0.00678
    0.00716
   -0.00446
    0.00600
   -0.00753
   -0.00384
   -0.01526
    0.02910
   -0.00506
   -0.00279
    0.01158
   -0.01765
    0.00591
   -0.01913
    0.01266
   -0.00518
    0.01072
   -0.01332
   -0.01195
    0.00212
    0.02291
   -0.02548
    0.00381
    0.01158
    0.00073
   -0.01558
    0.02253
   -0.01254
    0.01328
   -0.01447
   -0.02498
   -0.00954
    0.03072
   -0.00811
   -0.02672
    0.01036
    0.02598
   -0.01609
   -0.01492
    0.01949
    0.00411
   -0.02440
    0.01517
   -0.00834
    0.01667
   -0.01664
   -0.02157
    0.00053
    0.02228
   -0.00510
   -0.02345
    0.01024
    0.01904
   -0.02050
   -0.01593
    0.03255
    0.00067
