14 4 14 1 36 -2.0757 1.5175 2.9339 2521
  0.03869  -0.08157  -0.04673   0.05382 
  0.01988  -0.04457  -0.01009   0.02220 
  0.01505  -0.05830  -0.01009   0.03628 
 -0.00292  -0.01915  -0.03335   0.04258 
 -0.02366  -0.02638  -0.01402   0.05215 
  0.02762  -0.04542   0.00449   0.00331 
  0.04610  -0.07974  -0.05879   0.05326 
 -0.01773   0.00411  -0.03500   0.03973 
  0.01140  -0.07247  -0.03500   0.06585 
  0.03869  -0.07428  -0.05272   0.05326 
  0.01140   0.00108  -0.04166   0.01981 
 -0.01838  -0.06180  -0.02681   0.07912 
  0.01262  -0.04542  -0.08304   0.07755 
 -0.01381  -0.02963  -0.04758   0.06853 
  0.02466  -0.03953  -0.05445   0.04542 
  0.02703  -0.04711  -0.08768   0.06853 
  0.00149  -0.01756  -0.04929   0.04824 
  0.00274  -0.06092  -0.01480   0.05271 
 -0.00673  -0.04542  -0.05879   0.07965 
 -0.02699  -0.03208  -0.02843   0.06853 
 -0.02432  -0.03870  -0.04673   0.08225 
  0.00023  -0.05917  -0.05445   0.07965 
 -0.02167  -0.05138  -0.03088   0.07808 
 -0.03035  -0.05830  -0.01797   0.08069 
  0.01988  -0.05482  -0.09617   0.08432 
 -0.01773  -0.03621  -0.05705   0.08173 
 -0.03035  -0.05482  -0.06761   0.10845 
  0.00086  -0.04373  -0.07936   0.08432 
 -0.01838  -0.02800  -0.06054   0.07912 
 -0.02699  -0.04542  -0.07030   0.10205 
 -0.02101  -0.06180  -0.07844   0.11137 
 -0.01969  -0.06268  -0.09332   0.11860 
 -0.02432  -0.05830  -0.03749   0.08844 
 -0.00801  -0.07068  -0.07119   0.10254 
 -0.00546  -0.06268  -0.07030   0.09555 
 -0.01707  -0.08620  -0.08489   0.12476 
 -0.00292  -0.11502  -0.11365   0.14230 
 -0.08257  -0.11901  -0.10579   0.18980 
 -0.06837  -0.09845  -0.07209   0.15784 
  0.01928  -0.03621  -0.07390   0.06042 
  0.06382  -0.04288  -0.02438  -0.01579 
  0.07613  -0.08066  -0.05705   0.02100 
  0.10668  -0.12001  -0.11068   0.04372 
  0.01627  -0.10423  -0.18105   0.15169 
  0.07718  -0.03787  -0.08862   0.01133 
 -0.03035   0.11831  -0.29411   0.08432 
  0.31691  -0.35393  -0.03417  -0.34835 
 -0.32717   0.40451  -0.64400  -0.04681 
  0.56220  -3.40175  -3.40175  -3.40175 
 -3.40175  -0.99813   0.63634  -3.40175 
 -0.02900  -0.06180   0.14841  -0.07646 
 -0.06397   0.10535  -0.10095   0.03396 
 -0.04894  -0.04373  -0.08212   0.12287 
 -0.13162   0.03753   0.05705   0.02988 
 -0.03646   0.01160   0.05369  -0.02235 
 -0.01511   0.02114   0.06500  -0.06538 
 -0.02632   0.01086   0.05571  -0.03373 
  0.00149  -0.00891   0.06893  -0.05958 
  0.02228   0.00937   0.06958  -0.10428 
 -0.03851   0.03472   0.05839  -0.04681 
  0.07980  -0.01915   0.01567  -0.09481 
  0.03983  -0.03870   0.04690  -0.05529 
 -0.04404   0.03472   0.03369  -0.01710 
  0.04041   0.02041   0.00900  -0.07274 
  0.02939  -0.00581   0.04758  -0.07274 
 -0.02035   0.02476   0.05234  -0.04962 
  0.05726   0.01160   0.00222  -0.07947 
 -0.08563   0.00637   0.02007   0.05215 
 -0.03646  -0.00044   0.04000   0.00081 
 -0.01577  -0.02963   0.09544  -0.05174 
 -0.07579   0.02834   0.12560  -0.08174 
 -0.05247   0.06133   0.04690  -0.04821 
 -0.00994  -0.01047   0.07346  -0.05032 
  0.01017   0.03542   0.04000  -0.08249 
 -0.02366   0.03260   0.01714  -0.01972 
  0.00771  -0.03208   0.10692  -0.09092 
  0.02108   0.02114   0.03510  -0.07572 
  0.00274  -0.00504   0.07858  -0.07572 
 -0.01577  -0.00736   0.10573  -0.08478 
 -0.07504   0.01823   0.13464  -0.08401 
 -0.04404   0.02041   0.03369  -0.00423 
 -0.01511   0.00787   0.08239  -0.07200 
 -0.05818   0.09933   0.02513  -0.06320 
 -0.00673   0.04993   0.02943  -0.06684 
  0.02228  -0.01125   0.07023  -0.08401 
 -0.03851   0.04720   0.03086  -0.03170 
 -0.00610   0.01160   0.07217  -0.07423 
 -0.02900  -0.00659   0.11519  -0.08249 
 -0.07429   0.11715   0.03086  -0.07497 
 -0.01773   0.01823   0.06038  -0.05457 
 -0.01446   0.05801   0.00750  -0.04542 
 -0.11410   0.01160   0.02079   0.06746 
 -0.03920   0.01308   0.05839  -0.02567 
 -0.01773  -0.02963   0.10752  -0.06392 
 -0.07429   0.10654   0.04553  -0.07721 
 -0.02967   0.04583   0.05839  -0.06758 
  0.00149   0.00336   0.07795  -0.08174 
  0.00023   0.05934   0.03510  -0.09170 
 -0.01317   0.01603   0.06500  -0.06247 
