9 4 2 1 48 -3.4976 2.2496 3.7743 2473
 -0.01664   0.03882   0.06673  -0.08413 
 -0.00224   0.02364   0.05319  -0.06962 
 -0.01069   0.00253   0.08116  -0.07037 
 -0.07728   0.02584   0.11942  -0.06962 
 -0.04200   0.10949   0.02254  -0.09038 
 -0.04912   0.03166   0.08052  -0.05704 
 -0.04060   0.05760   0.02622  -0.03568 
 -0.13623   0.02949   0.02475   0.06548 
 -0.06076   0.06502   0.06473  -0.06291 
 -0.06969  -0.00291   0.16107  -0.10562 
 -0.07728   0.12257   0.04344  -0.09275 
 -0.03779   0.02437   0.06740  -0.04694 
 -0.04626   0.05691   0.10744  -0.12225 
 -0.01267   0.10888   0.03132  -0.13516 
 -0.03292  -0.01160   0.11527  -0.07339 
 -0.06744   0.04024   0.13451  -0.11636 
 -0.10007   0.11845   0.02254  -0.04410 
 -0.02811   0.02143   0.08501  -0.07415 
 -0.07575   0.10033   0.02695  -0.04908 
 -0.11904   0.02511   0.04133   0.04462 
 -0.01731   0.02803   0.06740  -0.07263 
  0.00289   0.05143   0.05112  -0.10399 
 -0.00807   0.03454   0.07072  -0.09434 
 -0.01531  -0.00213   0.09824  -0.08103 
 -0.01399   0.02876   0.07335  -0.08413 
 -0.01267   0.05828   0.04485  -0.08568 
 -0.00742   0.03382   0.06939  -0.09275 
  0.04530   0.02143  -0.01362  -0.05850 
 -0.00807   0.02584   0.07269  -0.08725 
 -0.08423   0.10279   0.03492  -0.05196 
 -0.02539   0.07624   0.03204  -0.07796 
  0.00033   0.05828   0.05933  -0.11887 
 -0.03989   0.02290   0.10926  -0.09275 
  0.02157   0.01920   0.02987  -0.06887 
 -0.05272   0.11845   0.05593  -0.12909 
 -0.04413   0.02143   0.06540  -0.03568 
 -0.05636   0.10279  -0.02914  -0.01999 
 -0.12669   0.03238  -0.01042   0.08221 
 -0.04984  -0.00842   0.12119  -0.06588 
 -0.03779   0.09098   0.03204  -0.08180 
 -0.02133   0.04935   0.03635  -0.05704 
 -0.01201  -0.02786   0.08883  -0.04980 
 -0.01399   0.02143   0.02402  -0.02539 
 -0.02607   0.03310   0.02107  -0.02134 
 -0.00742  -0.00448   0.05250  -0.03638 
 -0.03223   0.09537  -0.05484  -0.01467 
 -0.07881   0.03382  -0.02997   0.06216 
  0.09695   0.02437  -0.00253  -0.15026 
  0.19475  -0.10173  -0.05395  -0.15298 
 -0.07881  -0.25291   0.32972  -0.22615 
 -0.86131  -3.39340   0.62962  -3.39340 
 -3.39340  -0.59440  -3.39340   0.53584 
  0.45544  -0.61312  -0.27245  -0.80943 
  0.33425   0.01547  -0.29334  -0.66363 
 -0.80058  -0.62936   0.58102  -0.80126 
 -0.69666  -0.53194  -0.58796   0.47559 
 -0.19935  -0.22075  -0.01846   0.23802 
 -0.02403  -0.05082  -0.03081   0.07955 
  0.05161  -0.05698  -0.01362   0.00029 
 -0.00417   0.00561  -0.01765   0.01352 
  0.01913   0.00561  -0.04783   0.01289 
 -0.01267  -0.04132  -0.00331   0.04520 
 -0.00938  -0.04648   0.03132   0.01845 
  0.01667  -0.04995   0.01284   0.01103 
 -0.02066  -0.03538   0.03563   0.01722 
  0.02943   0.00021  -0.02336  -0.01203 
  0.00289  -0.02047   0.01057   0.00475 
 -0.00612  -0.02047   0.03991  -0.01203 
  0.00479  -0.04821   0.05797  -0.01866 
 -0.01531  -0.00057   0.00828   0.00853 
  0.00097  -0.01561   0.03132  -0.01533 
 -0.00482  -0.02703   0.02181   0.00790 
 -0.01865  -0.00135   0.02475  -0.00163 
 -0.01201  -0.01240   0.03059  -0.00421 
  0.00033  -0.01722   0.05661  -0.03777 
 -0.00677  -0.02869   0.00368   0.02575 
 -0.02811   0.00098   0.06069  -0.02811 
 -0.01865  -0.03538   0.05319  -0.00035 
 -0.00353  -0.00921   0.02695  -0.01203 
 -0.01465  -0.01240   0.02695   0.00157 
 -0.00031  -0.03119   0.04344  -0.01269 
 -0.02607  -0.00448   0.03276   0.00093 
 -0.04769   0.00330   0.07138  -0.02201 
  0.00479  -0.04389   0.04415  -0.00875 
  0.01481  -0.00842   0.00445  -0.01203 
  0.01233  -0.01400   0.02914  -0.02675 
 -0.01135  -0.05170   0.06271  -0.00421 
 -0.03086   0.01095   0.03991  -0.01401 
 -0.02200  -0.00369   0.04765  -0.01732 
 -0.00482  -0.01240   0.01809  -0.00035 
 -0.00938   0.02437  -0.01282  -0.00099 
 -0.01798  -0.03286   0.05250  -0.00227 
  0.01046  -0.00921   0.04274  -0.04198 
  0.01171  -0.01001   0.01284  -0.01467 
 -0.02948  -0.02047   0.04062   0.00978 
  0.00225  -0.02047   0.03707  -0.01799 
 -0.00938  -0.00921   0.01809   0.00157 
 -0.00353  -0.01080   0.02107  -0.00550 
 -0.00742  -0.02621   0.03563  -0.00227 
