IntronPotTab 1 1024 -9.60113 1.60086 17.42993 66702 6 16  183.72
    0.00405
   -0.00055
   -0.00043
   -0.00549
   -0.03535
   -0.02487
   -0.05239
    0.07245
   -0.04887
   -0.00877
   -0.07226
    0.10171
   -0.05506
    0.01042
    0.05670
    0.01982
   -0.03809
   -0.01328
   -0.05261
    0.07292
   -0.01121
   -0.04196
   -0.03480
    0.06310
   -0.02975
   -0.04386
   -0.06752
    0.09299
   -0.02998
   -0.05013
    0.02346
    0.03926
   -0.02389
   -0.02559
   -0.04509
    0.07654
   -0.05122
   -0.07986
   -0.13823
    0.10314
   -0.03525
   -0.01248
   -0.01889
    0.05964
   -0.04651
   -0.09039
   -0.02896
    0.07999
   -0.02112
   -0.00692
    0.02865
    0.01189
   -0.04840
   -0.08605
   -0.04192
    0.09468
   -0.02210
   -0.02239
   -0.07355
    0.07042
   -0.04035
   -0.01266
    0.07788
    0.00135
   -0.00789
   -0.03134
   -0.02511
    0.05180
   -0.00797
   -0.09294
   -0.09931
    0.09813
   -0.02042
   -0.08032
   -0.12714
    0.12534
   -0.03477
   -0.07095
    0.00252
    0.06549
    0.00450
   -0.06065
   -0.07484
    0.06646
   -0.02914
   -0.00775
   -0.12615
    0.09092
    0.01304
   -0.09578
   -0.02851
    0.05908
   -0.02265
   -0.08493
   -0.04123
    0.08112
    0.02342
   -0.10461
   -0.04676
    0.07874
    0.01062
   -0.06708
   -0.11947
    0.08099
   -0.02199
   -0.07519
   -0.05840
    0.08591
   -0.02005
   -0.12391
   -0.04546
    0.09923
    0.00431
   -0.06653
    0.04228
    0.00489
   -0.02449
   -0.14394
   -0.12914
    0.12007
    0.01643
   -0.10427
   -0.11097
    0.09497
   -0.00850
   -0.11772
    0.01359
    0.05561
    0.00565
    0.00835
   -0.10016
    0.08252
   -0.01013
   -0.05163
   -0.14629
    0.10472
   -0.02618
   -0.03715
   -0.09664
    0.12644
   -0.05261
   -0.02651
   -0.06503
    0.08899
   -0.02943
   -0.04714
   -0.08052
    0.10291
   -0.03485
   -0.06764
   -0.11614
    0.11686
   -0.04261
   -0.03564
   -0.08973
    0.11761
    0.00456
   -0.09040
   -0.05643
    0.07095
   -0.01610
   -0.00590
   -0.07786
    0.09270
   -0.04302
   -0.04836
   -0.08564
    0.09015
   -0.05439
   -0.05541
   -0.04055
    0.09141
   -0.11279
   -0.04908
   -0.05266
    0.10117
   -0.02383
   -0.07414
    0.03563
    0.03459
   -0.03271
   -0.11027
   -0.18468
    0.12845
   -0.02049
   -0.06684
   -0.11330
    0.10911
   -0.02287
   -0.06440
   -0.03953
    0.05196
   -0.03666
    0.02617
    0.00115
    0.03265
   -0.02257
   -0.08033
   -0.04031
    0.07700
   -0.02856
   -0.01415
   -0.04996
    0.05810
   -0.01281
   -0.01478
    0.05093
   -0.00568
   -0.04033
   -0.02203
   -0.04087
    0.06890
   -0.02875
   -0.04887
   -0.05896
    0.08436
   -0.03970
   -0.04433
   -0.04622
    0.09484
   -0.05608
   -0.03915
    0.03122
    0.04310
   -0.03176
   -0.06168
   -0.04310
    0.07242
   -0.04545
   -0.07329
   -0.07998
    0.09642
   -0.03207
   -0.07503
   -0.03395
    0.07979
   -0.07685
   -0.05890
    0.00837
    0.06507
   -0.04593
    0.00068
    0.08173
    0.00538
   -0.03015
   -0.08302
   -0.01105
    0.06819
    0.00865
   -0.04583
   -0.04989
    0.03722
   -0.04532
   -0.01036
    0.06928
   -0.00068
   -0.01007
   -0.01405
   -0.02554
    0.04046
   -0.04312
   -0.03875
   -0.10024
    0.10950
   -0.01964
   -0.04550
   -0.11845
    0.10900
   -0.04585
   -0.01240
    0.00237
    0.04653
   -0.05142
    0.02665
   -0.06810
    0.06605
   -0.02465
    0.00841
   -0.10828
    0.08574
   -0.03670
   -0.01140
   -0.08140
    0.07747
   -0.03823
   -0.02534
   -0.01513
    0.04795
   -0.01957
   -0.04346
   -0.05891
    0.08767
   -0.04524
   -0.08892
   -0.08302
    0.09625
   -0.01509
    0.00727
    0.00067
    0.01198
   -0.04208
   -0.09135
   -0.04140
    0.08060
   -0.03148
   -0.02700
    0.00039
    0.03537
   -0.03235
   -0.07910
   -0.14375
    0.10752
   -0.02372
   -0.02979
   -0.10642
    0.08444
   -0.03965
   -0.04314
    0.00087
    0.04039
    0.00883
   -0.04364
   -0.07754
    0.07315
   -0.00556
   -0.06525
   -0.11293
    0.10388
   -0.00803
   -0.05861
   -0.13117
    0.11591
   -0.02519
   -0.06525
   -0.02557
    0.07509
   -0.02088
   -0.01476
   -0.08377
    0.06620
   -0.05772
    0.01991
   -0.15857
    0.09775
   -0.01165
   -0.02104
   -0.01349
    0.04080
   -0.08462
   -0.01543
   -0.05749
    0.08653
    0.02525
   -0.06706
   -0.09927
    0.08789
    0.01400
   -0.04507
   -0.08756
    0.07394
   -0.04776
   -0.08826
   -0.03776
    0.09858
   -0.01330
   -0.11979
   -0.03471
    0.09586
    0.00545
   -0.06218
   -0.00448
    0.03052
   -0.02303
   -0.10449
   -0.14090
    0.11973
   -0.00349
   -0.06113
   -0.12183
    0.11934
   -0.01644
   -0.11474
   -0.07357
    0.10609
   -0.00195
   -0.01108
   -0.15126
    0.11944
   -0.00103
   -0.04143
   -0.09458
    0.09487
   -0.00933
   -0.06099
   -0.10010
    0.11385
   -0.05496
   -0.05698
   -0.11147
    0.13742
   -0.02190
   -0.00698
   -0.09231
    0.09277
   -0.03112
   -0.00980
   -0.11207
    0.12213
   -0.03060
   -0.00221
   -0.09238
    0.10032
   -0.03545
   -0.06681
   -0.04858
    0.08501
    0.01425
   -0.04473
   -0.12766
    0.09611
    0.01766
   -0.04088
   -0.08980
    0.07414
   -0.05442
   -0.05452
   -0.02023
    0.06766
   -0.07330
   -0.10088
   -0.11053
    0.10596
   -0.02822
   -0.05225
   -0.05049
    0.08697
    0.00071
   -0.07456
   -0.12277
    0.09330
   -0.01426
   -0.06148
   -0.11853
    0.11331
    0.00231
   -0.12185
   -0.08208
    0.08269
   -0.05516
    0.01550
   -0.03646
    0.07704
   -0.05497
   -0.05744
   -0.15004
    0.12587
   -0.04065
   -0.05225
   -0.07048
    0.10477
   -0.02006
   -0.03024
    0.02516
    0.01828
   -0.04015
   -0.00793
   -0.08113
    0.08858
   -0.04863
    0.01800
   -0.13177
    0.08433
   -0.01108
   -0.05231
   -0.10867
    0.09979
   -0.05450
   -0.01093
    0.00185
    0.03761
   -0.03833
   -0.02494
   -0.06760
    0.08681
   -0.06904
   -0.06530
   -0.08462
    0.11011
   -0.06580
   -0.05260
   -0.00121
    0.08443
   -0.07050
   -0.09558
   -0.01758
    0.08343
   -0.02631
   -0.01821
    0.01415
    0.02675
   -0.04450
   -0.10896
   -0.11789
    0.10284
   -0.01023
   -0.07092
   -0.11412
    0.09957
   -0.01983
   -0.05187
   -0.00033
    0.03618
   -0.02768
    0.02270
   -0.02227
    0.03948
   -0.03257
   -0.04712
   -0.09864
    0.10113
   -0.04452
    0.00392
   -0.07311
    0.10927
   -0.05975
    0.02495
   -0.00994
    0.03968
   -0.03384
   -0.02338
   -0.06779
    0.08119
   -0.00731
   -0.02611
   -0.06967
    0.06439
   -0.04531
    0.03627
   -0.10567
    0.11230
    0.01615
   -0.05089
   -0.02417
    0.02798
   -0.03642
   -0.02910
   -0.05327
    0.10404
   -0.05648
   -0.07659
   -0.12815
    0.10295
   -0.03965
   -0.02529
    0.01108
    0.06797
   -0.03795
   -0.05042
   -0.04445
    0.06110
   -0.02076
   -0.03541
    0.00030
    0.03316
   -0.05410
   -0.08708
   -0.13755
    0.13698
   -0.00791
   -0.02741
   -0.10286
    0.09208
   -0.02136
   -0.00445
    0.02696
    0.00149
    0.00363
   -0.04381
   -0.07310
    0.08441
    0.00710
   -0.08540
   -0.10987
    0.09924
   -0.01208
   -0.05331
   -0.10997
    0.12280
   -0.01155
   -0.07260
   -0.02403
    0.07242
   -0.00014
   -0.04859
   -0.06440
    0.06109
   -0.05551
    0.00099
   -0.13037
    0.11561
   -0.00164
   -0.03653
   -0.05154
    0.06237
    0.02076
   -0.09541
   -0.05318
    0.07006
    0.01484
   -0.10441
   -0.04747
    0.09222
   -0.02084
   -0.03971
   -0.03640
    0.06846
   -0.03728
   -0.04760
    0.00679
    0.06331
   -0.02058
   -0.06771
   -0.05373
    0.07723
    0.04074
   -0.09828
   -0.02073
    0.02651
    0.01110
   -0.13672
   -0.16254
    0.11662
    0.01819
   -0.06428
   -0.12572
    0.10800
    0.05242
   -0.11632
   -0.04726
    0.07265
   -0.00832
    0.01705
   -0.10753
    0.10839
   -0.00139
   -0.02335
   -0.16655
    0.09290
   -0.01723
   -0.03236
   -0.06354
    0.10596
   -0.04541
   -0.03013
   -0.06956
    0.09229
   -0.03278
   -0.03388
   -0.07950
    0.09902
   -0.02917
   -0.04023
   -0.10491
    0.10123
   -0.02379
    0.00657
   -0.08469
    0.10092
    0.01207
   -0.08448
   -0.07011
    0.07275
   -0.01329
   -0.04264
   -0.06844
    0.08931
   -0.01985
   -0.03756
   -0.08664
    0.06470
   -0.05577
   -0.05913
    0.01474
    0.07537
   -0.07412
   -0.08966
   -0.08016
    0.08636
   -0.03637
   -0.06209
    0.05842
    0.03347
   -0.03922
   -0.05532
   -0.14348
    0.12046
   -0.03306
   -0.04603
   -0.07473
    0.12143
   -0.02103
   -0.08176
   -0.06240
    0.06872
   -0.03725
    0.03752
   -0.10456
    0.07593
   -0.01974
   -0.07705
   -0.11409
    0.10170
   -0.01456
   -0.04378
   -0.09907
    0.08533
   -0.01817
   -0.01737
   -0.00106
    0.02574
   -0.03598
   -0.00389
   -0.03948
    0.06040
   -0.05625
   -0.04287
   -0.07978
    0.11514
   -0.03287
   -0.06079
    0.01495
    0.04886
   -0.03823
   -0.04736
   -0.00130
    0.05006
   -0.01563
   -0.04474
   -0.08969
    0.08220
   -0.04545
   -0.07608
   -0.10843
    0.10379
   -0.03457
   -0.07146
   -0.02357
    0.07965
   -0.07150
   -0.09957
    0.03995
    0.05315
   -0.03163
   -0.01431
    0.01859
    0.02656
   -0.04429
   -0.10065
   -0.08096
    0.10497
   -0.00108
   -0.05666
   -0.08913
    0.07554
   -0.03678
   -0.00888
    0.01040
    0.01965
   -0.03351
    0.01670
    0.05847
    0.00762
   -0.04217
   -0.04684
   -0.03581
    0.07899
   -0.02651
    0.01785
   -0.07038
    0.05586
   -0.06335
    0.05070
    0.05364
    0.00546
   -0.04860
   -0.01129
   -0.03296
    0.06417
   -0.03729
   -0.01615
   -0.06521
    0.07345
   -0.04410
   -0.01988
   -0.06859
    0.08157
   -0.04371
   -0.02912
    0.02583
    0.03429
   -0.04071
   -0.03014
   -0.04521
    0.07865
   -0.07074
   -0.10361
   -0.17262
    0.12717
   -0.02904
    0.02018
   -0.01020
    0.02612
   -0.05876
   -0.03428
   -0.00120
    0.04774
   -0.04867
   -0.00377
    0.04089
    0.02089
   -0.04998
   -0.07335
   -0.08758
    0.09395
   -0.03872
    0.01025
   -0.06228
    0.05406
   -0.02719
    0.02593
    0.07388
   -0.01787
   -0.01194
   -0.04900
   -0.04799
    0.08174
   -0.00911
   -0.10738
   -0.11096
    0.10900
   -0.02071
   -0.08897
   -0.16753
    0.14570
   -0.04568
   -0.07262
    0.00592
    0.07857
   -0.02274
   -0.03987
   -0.09508
    0.09132
   -0.07456
    0.01244
   -0.16628
    0.11397
   -0.00467
   -0.07841
   -0.06975
    0.09862
   -0.03503
   -0.08176
   -0.02966
    0.08694
    0.01465
   -0.15286
   -0.08171
    0.09888
   -0.00896
   -0.09735
   -0.09485
    0.09608
   -0.03692
   -0.12702
   -0.10007
    0.11622
   -0.02342
   -0.17203
   -0.01867
    0.12236
   -0.00146
   -0.06584
    0.01550
    0.02643
   -0.03707
   -0.16378
   -0.14111
    0.10863
    0.00923
   -0.10243
   -0.14624
    0.11710
    0.00661
   -0.11096
    0.01255
    0.05995
   -0.01154
   -0.01206
   -0.12032
    0.10168
   -0.02542
   -0.08499
   -0.14937
    0.12204
   -0.02008
   -0.03373
   -0.12068
    0.10679
   -0.07143
   -0.04944
   -0.04595
    0.09489
   -0.02524
   -0.04861
   -0.14309
    0.11192
   -0.05656
   -0.04994
   -0.14071
    0.11676
   -0.04718
   -0.06585
   -0.12735
    0.13703
   -0.01634
   -0.08166
   -0.06928
    0.07833
   -0.00417
   -0.08263
   -0.10149
    0.11053
   -0.04023
   -0.07887
   -0.13048
    0.10488
   -0.06309
   -0.13289
    0.00527
    0.10986
   -0.07504
   -0.06894
   -0.08638
    0.10337
   -0.02606
   -0.05854
    0.00322
    0.04448
   -0.06892
   -0.11359
   -0.18483
    0.13963
   -0.04456
   -0.07862
   -0.10970
    0.10680
   -0.03939
   -0.04462
   -0.03827
    0.05201
   -0.05238
    0.03770
    0.02169
    0.03362
   -0.03935
   -0.07893
   -0.09976
    0.10641
   -0.03909
    0.00591
   -0.05003
    0.05881
   -0.05466
    0.00332
    0.05659
    0.01503
   -0.05360
   -0.00941
   -0.04387
    0.07564
   -0.06506
   -0.01763
   -0.09986
    0.09245
   -0.01012
   -0.09600
   -0.05986
    0.08343
   -0.06886
   -0.04656
    0.02905
    0.04278
   -0.04696
   -0.06565
   -0.03960
    0.08425
   -0.06839
   -0.09773
   -0.10520
    0.11319
   -0.06205
   -0.07231
   -0.05618
    0.09661
   -0.08701
   -0.05428
    0.01502
    0.05702
   -0.04386
    0.00704
    0.04642
    0.01448
   -0.06086
   -0.06900
   -0.05646
    0.08347
   -0.02006
   -0.02600
   -0.04865
    0.05496
   -0.08691
   -0.02622
    0.03450
    0.03845
