IntronPotTab 1 1024 1.49143
    0.00523
    0.09428
   -0.07557
    0.00131
    0.01045
    0.08051
   -0.10048
    0.02179
    0.00570
    0.10074
   -0.09764
   -0.02426
   -0.07374
    0.04221
    0.04977
    0.03106
   -0.01967
    0.03462
   -0.02751
    0.02900
    0.01985
    0.07024
   -0.10391
   -0.00276
    0.01950
    0.04402
   -0.05903
   -0.00955
    0.03908
   -0.02502
    0.00492
   -0.01881
   -0.01110
    0.05345
   -0.02453
   -0.01679
    0.03796
   -0.02279
   -0.07963
    0.03209
   -0.00074
    0.06936
   -0.05760
   -0.06502
   -0.08854
    0.03650
    0.03683
    0.01311
   -0.13205
    0.12692
   -0.05910
    0.06387
   -0.02054
    0.05484
   -0.06331
    0.03430
    0.03118
    0.07382
   -0.06378
   -0.06822
   -0.16062
    0.04149
    0.08223
    0.03530
   -0.02551
    0.09061
   -0.09146
    0.02670
    0.05121
   -0.01962
   -0.08520
    0.05878
    0.00827
    0.05317
   -0.17436
    0.03814
    0.00614
   -0.00614
   -0.00949
    0.01709
   -0.00148
    0.04198
   -0.08767
    0.05403
   -0.00396
    0.07355
   -0.11069
    0.02731
    0.04025
   -0.00799
   -0.04313
    0.01149
    0.09770
    0.00081
   -0.05261
    0.01147
    0.05054
    0.02928
   -0.10116
    0.04853
    0.07925
   -0.05133
   -0.03121
    0.02328
    0.03680
    0.01137
   -0.03818
   -0.03296
   -0.09597
   -0.01606
    0.02132
    0.07397
    0.13386
   -0.05626
   -0.09758
    0.00633
    0.03511
    0.00197
   -0.12936
    0.11317
    0.12601
    0.01079
   -0.15446
    0.03167
   -0.05381
    0.00852
   -0.02132
    0.03240
    0.01103
    0.02833
   -0.04387
    0.03760
    0.04049
   -0.00866
   -0.07500
    0.06377
    0.07743
   -0.01951
   -0.08082
   -0.02947
    0.03192
   -0.03546
   -0.02546
    0.06028
    0.02004
   -0.05221
    0.01489
    0.00748
    0.03321
    0.04184
   -0.11812
    0.06321
    0.06985
   -0.02893
   -0.03929
   -0.00283
    0.16707
   -0.02849
   -0.08076
    0.03625
   -0.00687
    0.03303
   -0.02610
    0.01012
    0.06528
   -0.05611
   -0.08251
    0.08103
    0.08739
   -0.04915
   -0.01245
   -0.02472
   -0.00306
   -0.04235
    0.01835
    0.03236
   -0.05342
    0.00162
   -0.07838
    0.10730
    0.07053
    0.03878
   -0.15997
    0.08422
    0.01786
    0.03182
   -0.10248
    0.04698
   -0.05585
    0.00091
   -0.06764
    0.08748
   -0.04558
    0.07363
   -0.01192
    0.02258
    0.01418
    0.00292
   -0.12984
    0.07976
   -0.01187
    0.08739
   -0.06808
   -0.04722
   -0.02745
    0.03824
    0.03129
   -0.03197
   -0.04722
    0.06170
   -0.07523
    0.04623
   -0.01712
    0.09856
   -0.10225
   -0.00192
   -0.00174
    0.06926
   -0.05802
   -0.02682
    0.08424
   -0.00451
   -0.02433
   -0.02654
   -0.01408
    0.03301
   -0.06116
    0.02854
    0.03045
   -0.03408
   -0.08221
    0.06327
    0.00686
    0.03474
   -0.05267
   -0.02074
   -0.02629
   -0.01503
    0.01640
    0.02336
   -0.18829
    0.08779
   -0.04886
    0.07382
   -0.01144
    0.01746
   -0.07148
    0.03587
   -0.02160
    0.05558
   -0.07727
    0.00820
   -0.12443
    0.03820
    0.00503
    0.04135
    0.03067
    0.03848
   -0.10314
    0.06783
    0.05129
   -0.01197
   -0.10690
    0.05877
   -0.00217
    0.08147
   -0.12840
    0.04664
   -0.00363
    0.03236
   -0.08851
    0.14954
   -0.04106
    0.04246
   -0.06672
    0.07011
    0.01004
    0.09143
   -0.12357
    0.02819
    0.04815
    0.02799
   -0.09652
    0.01524
    0.03832
    0.00672
   -0.04211
    0.01849
    0.00924
    0.04134
   -0.05780
    0.00093
    0.12074
   -0.01643
   -0.19414
   -0.02557
    0.04483
    0.05973
   -0.06352
   -0.11027
   -0.02907
    0.03616
   -0.04946
    0.04058
   -0.07574
    0.03907
   -0.10023
    0.07232
   -0.00492
    0.02963
   -0.09101
    0.05730
   -0.00130
    0.07001
   -0.11886
    0.03172
   -0.03299
    0.03329
   -0.10252
    0.10688
    0.00646
    0.03852
   -0.10176
    0.09752
    0.04914
   -0.01385
   -0.09970
    0.07441
    0.03161
    0.03278
   -0.13624
    0.03749
    0.07648
   -0.00194
   -0.08458
    0.06060
    0.04051
    0.02191
   -0.13467
    0.08626
   -0.12157
    0.16476
   -0.16941
    0.03274
   -0.03780
    0.01685
   -0.05859
    0.06412
    0.03286
    0.02943
   -0.10184
    0.04118
    0.07586
   -0.01566
   -0.09246
    0.10510
    0.02994
   -0.00667
   -0.08227
    0.06388
    0.06856
   -0.00027
   -0.05532
   -0.00641
   -0.14778
    0.01087
   -0.01722
    0.08783
   -0.05835
   -0.01755
   -0.04695
    0.07958
    0.00342
    0.03206
   -0.18994
    0.15053
    0.00939
    0.02751
   -0.17158
    0.10969
   -0.04124
    0.01662
   -0.11595
    0.10052
   -0.00282
    0.09434
   -0.13232
    0.08362
    0.03001
    0.00516
   -0.05076
    0.04838
    0.07992
    0.02314
   -0.12720
    0.02729
    0.03431
    0.00330
   -0.07413
    0.11756
    0.01028
    0.00074
   -0.11352
    0.12134
    0.00691
    0.07678
   -0.11927
    0.09775
    0.05218
   -0.00920
   -0.08842
    0.06422
    0.10812
    0.00125
   -0.07160
    0.05939
    0.02826
    0.02470
   -0.06971
    0.02883
    0.02530
   -0.00624
   -0.09087
    0.10455
    0.05920
   -0.01256
   -0.02818
   -0.01158
   -0.03477
   -0.01474
   -0.04413
    0.13000
   -0.06238
    0.03212
   -0.23109
    0.16539
    0.00341
    0.04460
   -0.17269
    0.15244
    0.02054
    0.01568
   -0.11145
    0.06441
   -0.11524
    0.04922
   -0.08244
    0.09080
   -0.21643
    0.27410
   -0.28053
   -0.03403
    0.02698
    0.01108
   -0.11577
    0.05682
    0.02316
    0.01783
   -0.08909
    0.01465
    0.00697
    0.01515
   -0.02745
    0.00184
   -0.08703
    0.07151
   -0.07716
    0.06481
   -0.07751
    0.17847
   -0.16297
   -0.00084
   -0.02881
    0.04356
   -0.10254
    0.05710
   -0.00194
    0.07924
   -0.09324
   -0.01661
   -0.04574
    0.09996
   -0.12340
    0.00605
   -0.00318
    0.03103
   -0.12520
    0.04309
   -0.00765
    0.04591
   -0.09796
    0.01769
   -0.06364
    0.02912
   -0.05345
    0.04414
   -0.14948
    0.01176
   -0.10580
    0.09146
   -0.01596
    0.02324
   -0.12508
    0.04047
   -0.03445
    0.05670
   -0.14063
    0.06622
   -0.12499
    0.06881
   -0.09195
    0.05427
   -0.05378
    0.09492
   -0.03319
    0.03918
    0.02687
    0.05085
   -0.07650
   -0.00572
    0.04273
    0.03451
   -0.10902
   -0.04662
   -0.01395
    0.03426
   -0.03189
    0.04143
   -0.02947
    0.06528
   -0.04953
    0.03235
    0.03519
    0.07178
   -0.06404
   -0.03877
    0.06775
   -0.00236
   -0.07674
   -0.03127
    0.05842
   -0.00501
   -0.00832
   -0.03497
   -0.03515
    0.03009
    0.02917
   -0.03089
    0.01824
    0.02352
   -0.10321
    0.04209
    0.05498
    0.01595
   -0.03018
   -0.10270
   -0.08080
    0.01992
    0.01491
    0.04238
   -0.10340
    0.05376
   -0.05766
    0.06661
    0.00425
    0.03503
   -0.07096
    0.02704
    0.03775
    0.03382
   -0.07138
   -0.01559
   -0.06139
    0.04826
   -0.06492
    0.05897
   -0.04346
    0.11515
   -0.09784
    0.03659
    0.03366
    0.01239
   -0.11519
    0.08459
   -0.05165
    0.10509
   -0.22239
    0.02024
    0.02411
    0.00193
   -0.05405
    0.04845
   -0.00498
    0.02855
   -0.09435
    0.07755
   -0.04760
    0.14900
   -0.10349
    0.02308
   -0.01344
    0.02728
   -0.05225
    0.02311
    0.06176
    0.01438
   -0.05315
    0.01310
    0.05498
   -0.00725
   -0.09578
    0.11079
    0.03769
    0.01594
   -0.08805
    0.04397
   -0.03654
    0.02767
   -0.00569
   -0.03164
   -0.06416
   -0.00834
   -0.01999
    0.08329
    0.22960
   -0.08555
   -0.14999
    0.01162
   -0.04121
    0.02690
   -0.14690
    0.14666
    0.06020
    0.01645
   -0.13752
    0.06048
   -0.04084
   -0.01151
   -0.06905
    0.10379
    0.00797
    0.03629
   -0.07939
    0.10435
    0.03568
    0.01678
   -0.07922
    0.05630
    0.05721
    0.00248
   -0.04914
   -0.03198
    0.05499
   -0.02484
   -0.05834
    0.10145
   -0.00681
   -0.00426
   -0.04923
    0.07689
    0.01670
    0.06993
   -0.08997
    0.04749
    0.01480
   -0.00406
    0.01343
   -0.03488
    0.10302
   -0.00636
   -0.06128
    0.03530
   -0.01680
    0.04492
   -0.00674
   -0.01949
    0.02790
   -0.00304
   -0.07496
    0.06029
   -0.02727
   -0.04082
    0.12426
   -0.10622
   -0.03275
    0.00632
   -0.03037
    0.06588
   -0.04674
    0.01450
   -0.09067
    0.10511
    0.00603
    0.04343
   -0.13941
    0.11948
   -0.02341
    0.01599
   -0.03692
    0.04179
   -0.03123
    0.01331
   -0.10422
    0.13005
   -0.07208
    0.16666
   -0.06668
    0.03163
    0.02929
    0.07015
   -0.18898
    0.06227
   -0.02969
    0.10002
   -0.07782
   -0.02671
    0.02629
    0.01390
   -0.04444
    0.00616
   -0.06137
    0.07088
   -0.11981
    0.08299
   -0.04290
    0.16203
   -0.13216
    0.00595
   -0.02675
    0.06982
   -0.08767
    0.02308
    0.01656
    0.03782
   -0.07977
    0.02363
    0.02481
    0.04771
   -0.14514
    0.04274
    0.03506
    0.00681
   -0.18927
    0.07663
   -0.00899
    0.04003
   -0.09410
    0.01591
   -0.02895
   -0.00193
   -0.02823
    0.04949
   -0.17970
    0.14332
   -0.20832
    0.10551
   -0.04067
    0.02945
   -0.09426
    0.04734
   -0.05983
    0.08115
   -0.13790
    0.05953
   -0.08299
    0.04374
   -0.08753
    0.07586
   -0.03581
    0.06404
   -0.05117
    0.04287
    0.07234
    0.10825
   -0.20987
   -0.01561
    0.00077
    0.07689
   -0.09087
   -0.03169
   -0.09141
    0.10106
    0.05551
    0.00188
   -0.01289
    0.02822
   -0.04891
    0.02915
    0.03313
    0.08222
   -0.15586
    0.02211
   -0.01095
    0.05478
   -0.05880
    0.02337
    0.02723
   -0.04267
    0.04452
   -0.02275
   -0.01603
    0.03463
   -0.03962
    0.01646
    0.01171
   -0.03442
   -0.10942
    0.08752
    0.05318
   -0.03247
   -0.00431
   -0.02273
   -0.10627
    0.04613
   -0.00091
    0.05215
   -0.16209
    0.09078
   -0.04879
    0.06001
    0.01908
    0.01954
   -0.14541
    0.06496
    0.02717
    0.02938
   -0.07707
   -0.00209
   -0.16248
    0.05628
    0.02911
    0.04267
   -0.00992
    0.04470
   -0.10749
    0.09596
    0.03181
   -0.02842
   -0.11380
    0.10605
    0.04547
    0.00030
   -0.16701
    0.08997
    0.05269
   -0.02901
   -0.07420
    0.08347
    0.04188
    0.00985
   -0.14620
    0.09929
   -0.05326
    0.07748
   -0.12955
    0.06834
    0.01378
   -0.02102
   -0.05768
    0.04994
    0.09640
   -0.01184
   -0.05895
    0.02388
    0.09350
   -0.01033
   -0.10588
    0.08663
    0.10392
   -0.07829
   -0.09713
    0.09194
    0.10711
   -0.03008
   -0.05269
    0.01326
   -0.14897
   -0.01850
   -0.00299
    0.11782
    0.02351
   -0.03418
   -0.08181
    0.07613
   -0.04280
   -0.01094
   -0.18836
    0.13947
    0.05458
    0.02312
   -0.19682
    0.08530
   -0.02144
   -0.02241
   -0.08900
    0.08374
    0.02606
    0.03706
   -0.13183
    0.10725
    0.02339
    0.01308
   -0.14442
    0.14675
    0.06530
   -0.01858
   -0.13172
    0.09496
    0.06914
   -0.01454
   -0.09745
    0.09061
    0.02571
    0.01756
   -0.14115
    0.12011
    0.02267
    0.04634
   -0.14833
    0.12495
    0.08426
   -0.02615
   -0.13560
    0.09975
    0.19677
   -0.03183
   -0.12535
    0.09546
    0.02889
    0.00485
   -0.07439
    0.04609
    0.04554
   -0.04076
   -0.10552
    0.10600
    0.07350
   -0.02782
   -0.05901
    0.01773
   -0.00374
   -0.01001
   -0.07355
    0.12861
   -0.04071
    0.02688
   -0.22234
    0.13823
   -0.02911
    0.03685
   -0.18801
    0.14858
   -0.00535
    0.02748
   -0.13713
    0.07410
   -0.04083
    0.02678
   -0.13157
    0.10485
   -0.05374
    0.05997
   -0.02829
    0.03197
    0.03487
   -0.00667
   -0.16510
    0.07252
    0.03298
    0.05021
   -0.07040
   -0.03826
   -0.08254
    0.04570
    0.03164
    0.00719
   -0.05538
    0.05205
   -0.10440
    0.06381
   -0.05824
    0.08568
   -0.11054
    0.03281
   -0.03535
    0.04469
   -0.09228
    0.05112
    0.03463
   -0.00497
   -0.05209
    0.01822
    0.03004
   -0.00090
   -0.11304
    0.06120
    0.04484
   -0.08097
   -0.12614
    0.11096
    0.04522
   -0.03296
   -0.05277
    0.05141
   -0.07116
   -0.00616
   -0.04344
    0.06788
   -0.20050
    0.07433
   -0.06813
    0.06055
   -0.01768
   -0.00650
   -0.13064
    0.05793
   -0.06988
    0.05427
   -0.08461
    0.04167
   -0.14743
    0.00814
   -0.02703
    0.06905
