IntronPotTab 1 1024 0.61895
   -0.02230
   -0.02258
   -0.00221
    0.04123
   -0.04672
   -0.02228
   -0.03328
    0.07132
   -0.04729
   -0.00092
   -0.02469
    0.06139
   -0.01684
   -0.03909
   -0.06069
    0.04670
   -0.04495
   -0.01663
    0.05101
    0.03737
   -0.00871
   -0.01422
   -0.02177
    0.02812
   -0.04228
    0.00440
   -0.00469
    0.06583
   -0.02593
   -0.05554
   -0.01181
    0.03859
   -0.01432
   -0.02537
   -0.00575
    0.03746
   -0.04078
   -0.00095
   -0.01308
    0.06224
   -0.04050
    0.03379
    0.03680
    0.02415
   -0.02562
   -0.02395
   -0.04147
    0.04653
   -0.02844
   -0.04592
    0.04043
    0.03429
   -0.03740
   -0.03018
   -0.00947
    0.06873
   -0.03178
   -0.00806
   -0.00264
    0.05367
   -0.03272
   -0.06395
   -0.02462
    0.04581
   -0.00265
   -0.04963
    0.03570
    0.01310
   -0.07339
   -0.05630
   -0.03487
    0.11034
   -0.04440
   -0.04081
   -0.07066
    0.08051
   -0.02807
   -0.07545
   -0.03249
    0.05576
   -0.02149
   -0.05469
    0.03482
    0.03450
   -0.03096
   -0.02657
   -0.04175
    0.07147
   -0.01360
   -0.04403
   -0.09935
    0.08782
    0.02114
   -0.04819
   -0.07372
    0.04973
    0.00768
   -0.08415
    0.02295
    0.01589
   -0.03741
   -0.05534
   -0.07436
    0.08243
   -0.02996
   -0.00377
    0.00416
    0.03304
   -0.02426
   -0.07235
   -0.09978
    0.09082
   -0.00244
   -0.07263
    0.05673
    0.01599
   -0.01734
   -0.07464
   -0.00372
    0.05483
   -0.03456
   -0.03932
   -0.00927
    0.06834
   -0.00157
   -0.09603
   -0.02070
    0.04897
   -0.02082
   -0.01036
   -0.00993
    0.04428
   -0.04387
   -0.04422
   -0.03927
    0.08891
   -0.07782
    0.02133
   -0.00132
    0.10886
   -0.02722
   -0.05681
   -0.06901
    0.07510
   -0.03325
   -0.04624
    0.03487
    0.04051
   -0.01078
   -0.05915
   -0.03713
    0.05264
   -0.00434
   -0.06419
   -0.03488
    0.06686
   -0.03011
   -0.07273
   -0.02412
    0.05990
   -0.01927
   -0.03418
    0.00612
    0.04250
   -0.02705
   -0.07804
   -0.04081
    0.07974
   -0.04451
   -0.00402
    0.03640
    0.05846
   -0.07151
   -0.02895
   -0.03316
    0.08478
   -0.01220
   -0.06667
    0.03422
    0.02751
   -0.01549
   -0.06846
   -0.02324
    0.06215
   -0.03260
   -0.02561
    0.00919
    0.06068
   -0.02496
   -0.08440
   -0.04107
    0.06060
   -0.01094
   -0.03933
    0.03084
    0.01420
   -0.03509
   -0.08659
   -0.02617
    0.07870
   -0.02174
   -0.04838
    0.00529
    0.04894
   -0.01468
   -0.08185
   -0.03777
    0.05052
   -0.02938
   -0.03517
    0.04480
    0.02134
   -0.02035
   -0.04820
   -0.03405
    0.05950
   -0.04626
    0.00856
   -0.00954
    0.05373
   -0.01709
   -0.05691
   -0.02078
    0.04350
   -0.00858
   -0.02285
    0.04440
    0.00117
   -0.03821
   -0.02534
   -0.02493
    0.06035
   -0.03286
   -0.01385
    0.01302
    0.04472
   -0.01987
   -0.07883
   -0.03299
    0.05512
   -0.01310
   -0.04989
    0.02606
    0.02225
   -0.02149
   -0.06309
   -0.02437
    0.06650
   -0.02536
   -0.03226
   -0.01286
    0.05271
   -0.00896
   -0.09424
   -0.03798
    0.05604
    0.00468
   -0.05892
    0.00379
    0.01422
   -0.04405
   -0.04271
   -0.03640
    0.08321
   -0.02546
   -0.02470
   -0.02538
    0.04959
   -0.01049
   -0.06819
   -0.04735
    0.05023
   -0.01439
   -0.13469
    0.05638
    0.04626
   -0.01853
   -0.01854
   -0.04001
    0.05316
   -0.01144
   -0.02918
    0.00626
    0.02387
   -0.03140
   -0.05180
   -0.01570
    0.04398
   -0.00181
   -0.05358
    0.00229
    0.01996
   -0.04056
   -0.02002
   -0.00517
    0.06138
    0.00221
    0.01018
    0.05416
   -0.02566
   -0.02810
   -0.03381
   -0.04265
    0.05083
    0.00081
   -0.11857
    0.06453
    0.02116
   -0.02571
   -0.06647
   -0.01494
    0.07369
   -0.00119
   -0.05860
   -0.00605
    0.04416
   -0.00736
   -0.07165
   -0.02561
    0.03698
    0.01793
   -0.07667
    0.03452
   -0.00078
   -0.01649
   -0.12375
   -0.11081
    0.09864
   -0.01887
   -0.04161
   -0.07922
    0.06707
    0.00345
   -0.09413
   -0.02266
    0.04821
   -0.00534
   -0.04365
    0.01744
    0.01960
   -0.00557
   -0.04427
   -0.01407
    0.03889
   -0.00839
   -0.04649
   -0.02751
    0.05105
    0.03443
   -0.09418
   -0.03858
    0.04650
    0.00958
   -0.06404
    0.02851
    0.00189
   -0.00957
   -0.11625
   -0.06830
    0.07768
   -0.02582
    0.01347
    0.02782
    0.01498
   -0.01208
   -0.06245
   -0.05018
    0.05063
   -0.01411
   -0.07046
    0.06562
    0.02489
    0.02168
   -0.11436
   -0.02498
    0.04446
   -0.03888
   -0.04472
   -0.01330
    0.07661
    0.04328
   -0.10751
   -0.01462
    0.03517
    0.00346
   -0.06810
    0.00172
    0.02161
   -0.02097
   -0.07832
   -0.06593
    0.10071
   -0.03848
   -0.05474
   -0.01663
    0.09261
   -0.00184
   -0.08959
   -0.05747
    0.07034
   -0.03710
   -0.06302
    0.04228
    0.04098
    0.00894
   -0.09491
   -0.06698
    0.05881
   -0.01208
   -0.05220
   -0.02389
    0.06122
   -0.00395
   -0.06874
   -0.03748
    0.04912
   -0.01328
   -0.04186
    0.04368
    0.01409
   -0.02824
   -0.08599
   -0.03324
    0.08583
   -0.00713
   -0.04862
    0.06060
    0.00607
   -0.05707
   -0.02511
   -0.05865
    0.08729
   -0.00434
   -0.10254
    0.05265
    0.02629
    0.01274
   -0.12072
   -0.05543
    0.07454
   -0.00604
   -0.03213
   -0.04600
    0.05416
    0.00825
   -0.08833
   -0.06288
    0.05664
   -0.01287
   -0.04642
    0.05572
    0.01316
   -0.02835
   -0.07963
   -0.02561
    0.06332
   -0.03020
   -0.04733
   -0.00229
    0.05925
    0.01113
   -0.09961
   -0.01776
    0.03962
   -0.02561
   -0.05008
    0.04014
    0.02499
   -0.00070
   -0.06333
    0.00048
    0.02724
   -0.03076
    0.00013
   -0.00281
    0.03797
    0.03070
   -0.12994
    0.01263
    0.04716
   -0.01304
   -0.01471
    0.04567
    0.00440
   -0.04314
   -0.02734
   -0.01273
    0.05186
   -0.03805
    0.01165
    0.01252
    0.03555
   -0.02186
   -0.07827
   -0.02463
    0.04921
    0.00463
   -0.08839
    0.03696
    0.02128
   -0.00014
   -0.09121
   -0.02443
    0.05235
   -0.00286
   -0.05496
   -0.03319
    0.05150
    0.02765
   -0.10387
   -0.01841
    0.03328
   -0.00890
   -0.02035
   -0.01474
    0.02296
   -0.03854
   -0.02588
   -0.04813
    0.07107
   -0.03944
   -0.01940
   -0.02915
    0.06959
   -0.01164
   -0.04663
   -0.05831
    0.04973
   -0.03033
   -0.03888
    0.04329
    0.02502
   -0.01574
   -0.05330
   -0.01994
    0.05044
   -0.03467
    0.01818
   -0.00444
    0.04539
   -0.02219
   -0.02912
   -0.04567
    0.05281
   -0.00639
    0.00651
   -0.06861
    0.05581
   -0.03515
   -0.01647
   -0.00430
    0.05690
   -0.03773
    0.03382
    0.01991
    0.02958
   -0.02434
   -0.01242
   -0.05104
    0.05139
   -0.02217
   -0.04798
    0.03778
    0.02638
   -0.01826
   -0.05820
   -0.04946
    0.08327
   -0.03455
   -0.00527
   -0.02635
    0.07355
   -0.02940
   -0.07016
   -0.04913
    0.05907
    0.00911
   -0.05319
    0.00951
    0.00810
   -0.02818
   -0.07857
   -0.08263
    0.08301
   -0.01536
   -0.08624
   -0.07472
    0.08151
   -0.00864
   -0.07959
   -0.04486
    0.05183
   -0.02252
   -0.06504
    0.04309
    0.03083
   -0.01585
   -0.01729
   -0.08992
    0.06742
   -0.01757
   -0.07424
   -0.05769
    0.08418
    0.00315
   -0.05912
   -0.07407
    0.05346
   -0.00219
   -0.06916
    0.03176
    0.01679
   -0.03073
   -0.08718
   -0.05480
    0.08305
   -0.00947
   -0.04020
   -0.00128
    0.03141
   -0.01260
   -0.06863
   -0.10146
    0.07667
   -0.01237
   -0.05641
    0.06129
    0.01475
   -0.00915
   -0.07900
   -0.04602
    0.06872
   -0.01903
   -0.07506
   -0.02257
    0.07793
    0.00435
   -0.10386
   -0.03842
    0.05882
   -0.01102
   -0.02320
   -0.02347
    0.03963
   -0.04576
   -0.05431
   -0.09985
    0.13322
   -0.02703
   -0.02416
   -0.05105
    0.09126
   -0.01201
   -0.08403
   -0.09349
    0.09003
   -0.01636
   -0.06056
    0.03437
    0.02382
   -0.00448
   -0.04735
   -0.06235
    0.05740
    0.01960
   -0.06518
   -0.06182
    0.05375
   -0.00530
   -0.05797
   -0.04787
    0.05141
   -0.01437
   -0.04267
    0.00255
    0.03874
   -0.02530
   -0.08289
   -0.04994
    0.09598
   -0.03746
   -0.03405
    0.04633
    0.04000
   -0.04797
   -0.06364
   -0.07360
    0.10463
   -0.01386
   -0.05886
    0.05132
    0.01618
   -0.01672
   -0.09231
   -0.07608
    0.11498
   -0.00724
   -0.02920
   -0.05205
    0.07078
   -0.02441
   -0.08496
   -0.07435
    0.07705
   -0.00783
   -0.01107
   -0.03509
    0.02576
   -0.01787
   -0.08768
   -0.07992
    0.08220
   -0.01701
   -0.05937
   -0.00045
    0.04765
    0.00136
   -0.06452
   -0.09946
    0.06136
   -0.02968
   -0.04922
    0.03217
    0.03228
   -0.00991
   -0.03060
   -0.05061
    0.04577
   -0.02582
   -0.01903
   -0.01297
    0.04104
   -0.00375
   -0.06776
   -0.04127
    0.04661
   -0.00348
   -0.03428
    0.02277
    0.00715
   -0.03568
   -0.04164
   -0.04413
    0.06278
   -0.02022
   -0.03214
    0.02023
    0.02917
   -0.00030
   -0.05759
   -0.10374
    0.07223
   -0.01298
   -0.04410
    0.00339
    0.02857
   -0.01036
   -0.07888
   -0.07004
    0.08216
   -0.00915
   -0.04050
   -0.03894
    0.04957
   -0.00364
   -0.08882
   -0.07254
    0.06310
   -0.00892
   -0.04020
    0.02608
    0.01437
   -0.04755
   -0.03156
   -0.00124
    0.06160
   -0.02389
   -0.02362
    0.00058
    0.03707
   -0.01914
   -0.05354
   -0.01804
    0.03477
   -0.02493
   -0.05129
    0.03232
    0.02961
   -0.00723
   -0.03583
   -0.03489
    0.03834
   -0.02832
   -0.00094
   -0.01326
    0.04166
   -0.03741
   -0.04968
   -0.00733
    0.03985
   -0.01170
   -0.01806
    0.00721
    0.02065
   -0.04978
   -0.00620
    0.01074
    0.06107
   -0.03880
    0.00525
    0.04092
    0.02899
   -0.03360
   -0.03778
   -0.03835
    0.05293
   -0.00924
   -0.06095
    0.03887
    0.01443
   -0.04230
   -0.03606
    0.00321
    0.07762
   -0.02022
   -0.01877
    0.00163
    0.03577
   -0.02834
   -0.06498
   -0.02271
    0.04347
    0.00782
   -0.05984
    0.05116
   -0.00579
   -0.02713
   -0.06917
   -0.06226
    0.06456
   -0.01839
   -0.04141
   -0.11065
    0.06817
    0.00803
   -0.10963
   -0.00087
    0.03899
   -0.01588
   -0.04032
    0.01412
    0.02593
   -0.01627
    0.02018
   -0.04380
    0.02691
    0.00577
   -0.01567
   -0.08278
    0.04858
    0.00704
   -0.06343
   -0.01722
    0.03244
    0.01628
   -0.05714
   -0.00311
    0.00280
   -0.02321
   -0.05347
   -0.06470
    0.05869
   -0.00267
   -0.03038
   -0.02513
    0.02814
   -0.00522
   -0.08800
   -0.04523
    0.05116
   -0.00187
   -0.06368
    0.03644
    0.01608
    0.02590
   -0.04839
   -0.02865
    0.00696
   -0.02462
   -0.03656
   -0.00621
    0.05077
    0.04041
   -0.10687
   -0.00202
    0.03097
   -0.01481
   -0.02486
    0.01044
    0.02516
   -0.04669
   -0.06486
   -0.01975
    0.09357
   -0.02829
   -0.02381
   -0.00010
    0.05097
   -0.03147
   -0.04951
   -0.05842
    0.07343
   -0.03451
   -0.03478
    0.02908
    0.03582
   -0.01822
   -0.05792
   -0.04929
    0.06931
   -0.00371
   -0.06203
   -0.01815
    0.05336
   -0.02949
   -0.07069
   -0.03643
    0.06246
   -0.00663
   -0.06745
    0.01502
    0.02628
   -0.03513
   -0.07177
   -0.04930
    0.08582
   -0.02803
   -0.03684
    0.03720
    0.04378
   -0.05266
   -0.03432
   -0.07501
    0.09354
   -0.01376
   -0.06334
    0.05574
    0.01546
   -0.00861
   -0.09343
   -0.02755
    0.07003
   -0.00412
   -0.02036
    0.01162
    0.01068
   -0.01238
   -0.07381
   -0.05928
    0.05907
   -0.00813
   -0.03249
    0.03633
    0.00756
   -0.04278
   -0.07162
   -0.04089
    0.06993
   -0.01972
   -0.05185
   -0.00145
    0.05013
   -0.00282
   -0.09694
   -0.01158
    0.03670
   -0.01714
   -0.02975
    0.00118
    0.02688
   -0.01542
   -0.03705
   -0.05214
    0.04957
   -0.02660
   -0.00971
   -0.02370
    0.04479
   -0.00197
   -0.08040
    0.00423
    0.02940
   -0.01121
   -0.01699
    0.04369
    0.00331
   -0.05276
   -0.00602
   -0.02188
    0.05660
   -0.03800
   -0.00799
    0.01109
    0.04106
   -0.01056
   -0.06199
   -0.02184
    0.03209
   -0.01324
   -0.04734
   -0.00816
    0.03250
   -0.02788
   -0.05893
   -0.00541
    0.05598
   -0.02262
   -0.02806
   -0.00192
    0.04166
    0.01643
   -0.07086
   -0.00402
    0.01694
