14 20 13 1 37 -8.2697 2.7361 4.6594 8478
  0.03683  -0.07043  -0.09999   0.04337   0.00458  -0.04560  -0.07344   0.04850   0.02957   0.01980  -0.26155   0.08072   0.02068  -0.08527  -0.09764   0.07408   0.02820  -0.13230  -0.07499   0.05702 
  0.02023  -0.07146  -0.10773   0.06242   0.00036  -0.03271  -0.07635   0.04799   0.06448  -0.06513  -0.21289   0.06948   0.01864  -0.06897  -0.13153   0.08087   0.05879  -0.07032  -0.05578   0.00138 
  0.03494  -0.06196  -0.09816   0.04093   0.00362  -0.05210  -0.11643   0.06686   0.07056  -0.05354  -0.19242   0.04844  -0.00989  -0.07432  -0.13837   0.10635   0.04317  -0.07639  -0.07441   0.02632 
  0.02831  -0.06838  -0.11828   0.05760   0.00737  -0.03341  -0.07745   0.04160   0.05251  -0.02505  -0.24211   0.07360  -0.02057  -0.06482  -0.11019   0.09998   0.04566  -0.10189  -0.04420   0.01987 
  0.02653  -0.06465  -0.09490   0.04892   0.00167  -0.08003  -0.06993   0.06449   0.06206  -0.04068  -0.24285   0.07090   0.00951  -0.07758  -0.13092   0.09141   0.03688  -0.04970  -0.09089   0.02892 
  0.02593  -0.06804  -0.11524   0.05856   0.01831  -0.10910  -0.13970   0.08173   0.05396  -0.03729  -0.23650   0.07631  -0.00461  -0.03080  -0.14644   0.08548   0.03230  -0.06750  -0.06227   0.02778 
  0.02757  -0.07593  -0.12558   0.06392   0.03642  -0.07699  -0.14000   0.05116   0.02836  -0.00213  -0.19181   0.06980  -0.02593  -0.06620  -0.13898   0.11382   0.02442  -0.09937  -0.04470   0.03789 
  0.02534  -0.07628  -0.11034   0.06063   0.01076  -0.07679  -0.09821   0.06407   0.06930  -0.03922  -0.23123   0.05740   0.03705  -0.10164  -0.14847   0.08635   0.02981  -0.08635  -0.03976   0.02681 
  0.03112  -0.08362  -0.10255   0.05523  -0.00460  -0.05303  -0.12396   0.07732   0.03990  -0.04867  -0.20640   0.08680   0.01593  -0.08487  -0.11022   0.08236   0.04311  -0.11198  -0.05720   0.03111 
  0.02294  -0.08186  -0.10997   0.06488   0.00985  -0.06233  -0.11323   0.06402   0.05598   0.00568  -0.21391   0.04201  -0.00460  -0.11130  -0.14884   0.12081   0.02891  -0.10142  -0.08366   0.05050 
  0.02309  -0.07732  -0.12365   0.06786   0.02797  -0.10189  -0.11978   0.06347   0.05964  -0.05496  -0.16410   0.05083   0.03456  -0.18009  -0.12668   0.11003   0.02258  -0.07989  -0.04534   0.03324 
  0.03289  -0.10419  -0.09889   0.06008   0.02410  -0.11060  -0.07972   0.05733   0.03986  -0.07077  -0.17455   0.08531   0.01595  -0.12948  -0.13225   0.10797   0.04964  -0.12495  -0.06905   0.03424 
  0.03552  -0.11808  -0.09999   0.06310   0.03155  -0.11650  -0.12836   0.06785   0.07818  -0.05452  -0.27822   0.07025   0.02310  -0.11662  -0.17631   0.11171   0.03975  -0.10963  -0.07119   0.03906 
  0.04117  -0.11089  -0.13420   0.06746   0.01385  -0.08655  -0.11649   0.07075   0.06041  -0.01926  -0.28907   0.07666   0.01963  -0.13940  -0.11334   0.10250   0.04147  -0.15024  -0.03440   0.03435 
  0.03289  -0.11127  -0.10662   0.06556   0.02684  -0.07228  -0.09970   0.04626   0.07984  -0.06605  -0.30367   0.08148   0.04509  -0.08080  -0.12722   0.06311   0.06455  -0.13159  -0.04633   0.01266 
  0.05142  -0.09832  -0.10997   0.04395   0.02325  -0.09780  -0.07586   0.05195   0.10092  -0.06271  -0.21218   0.02068   0.05763  -0.12080  -0.19080   0.09072   0.04733  -0.13536  -0.04940   0.03127 
  0.04973  -0.11315  -0.10403   0.04906   0.02794  -0.07738  -0.10467   0.04890   0.08543  -0.06181  -0.22199   0.04528   0.05846  -0.13890  -0.10364   0.06745   0.06306  -0.12459  -0.05627   0.01628 
  0.05408  -0.10530  -0.10551   0.04223   0.00486  -0.06563  -0.05723   0.05086   0.09920  -0.05572  -0.23622   0.02890   0.03340  -0.07119  -0.18901   0.08908   0.06910  -0.08098  -0.04768  -0.00877 
  0.04704  -0.07524  -0.09962   0.03499  -0.00807  -0.07276  -0.07476   0.07252   0.10700  -0.09502  -0.18980   0.01926   0.01545  -0.12875  -0.08097   0.08972   0.04483  -0.10575  -0.00677   0.00421 
  0.03391  -0.10014  -0.06964   0.04594   0.01635  -0.08741  -0.16686   0.08337   0.10189  -0.04960  -0.28534   0.03945   0.02070  -0.10284  -0.16150   0.10363   0.07213  -0.12388  -0.07293   0.01437 
  0.05043  -0.10014  -0.14704   0.05898   0.03059  -0.11745  -0.11845   0.06608   0.09317  -0.11432  -0.24138   0.06703   0.03769  -0.12921  -0.23290   0.12114   0.05988  -0.15039  -0.06619   0.03137 
  0.05352  -0.13640  -0.13183   0.06378   0.02527  -0.13124  -0.18367   0.09458   0.08299  -0.07038  -0.31013   0.08159   0.01199  -0.23932  -0.21539   0.16749   0.06132  -0.20247  -0.06402   0.04329 
  0.04675  -0.16732  -0.15609   0.08808   0.03870  -0.14441  -0.17691   0.08400   0.06740  -0.16522  -0.27921   0.12748   0.03225  -0.16502  -0.20176   0.12923   0.08223  -0.19987  -0.11507   0.04277 
  0.05977  -0.17814  -0.17004   0.08354   0.02934  -0.12154  -0.20121   0.09185   0.05812  -0.18242  -0.29369   0.14614   0.07473  -0.21457  -0.20613   0.11336   0.09541  -0.18757  -0.13319   0.03320 
  0.06512  -0.17335  -0.18891   0.08262   0.04393  -0.13003  -0.31833   0.10541   0.07124  -0.17298  -0.37938   0.15014   0.02875  -0.17240  -0.23468   0.14240   0.09427  -0.19572  -0.15210   0.04291 
  0.06757  -0.17292  -0.24536   0.09538   0.05787  -0.12829  -0.31710   0.09069   0.05744  -0.21761  -0.40679   0.18119   0.03587  -0.17487  -0.27617   0.14771   0.12809  -0.22581  -0.17721   0.02375 
  0.08704  -0.18969  -0.26415   0.08601   0.05127  -0.11373  -0.34770   0.09805   0.08094  -0.15315  -0.44959   0.14758   0.09812  -0.28472  -0.30721   0.13727   0.13746  -0.20969  -0.21174   0.02002 
  0.09640  -0.17990  -0.30028   0.08210   0.06287  -0.09966  -0.36656   0.08444   0.12452  -0.25983  -0.45938   0.13322   0.06037  -0.17951  -0.28297   0.13286   0.11984  -0.19258  -0.20323   0.03225 
  0.09678  -0.16904  -0.30203   0.07882   0.07139  -0.12154  -0.36886   0.08340   0.11953  -0.16350  -0.38370   0.09387   0.11014  -0.24188  -0.43095   0.13857   0.15443  -0.24028  -0.18534  -0.00060 
  0.11707  -0.18924  -0.29855   0.06214   0.06719  -0.09037  -0.34690   0.07287   0.13386  -0.11698  -0.40175   0.06061   0.07412  -0.12916  -0.36387   0.12173   0.13029  -0.25231  -0.11569   0.00588 
  0.10469  -0.15760  -0.25675   0.05551   0.07220  -0.10522  -0.35421   0.07418   0.10419  -0.11190  -0.26891   0.06106   0.08775  -0.26316  -0.28623   0.13587   0.11619  -0.23641  -0.10808   0.01479 
  0.09855  -0.17248  -0.23426   0.06104   0.04622  -0.11665  -0.35733   0.10563   0.08120  -0.05777  -0.26997   0.06551   0.03125  -0.11744  -0.35507   0.14777   0.06095  -0.21526  -0.09733   0.05944 
  0.05922  -0.14851  -0.23426   0.09296   0.01770  -0.10662  -0.36127   0.12911   0.06042  -0.09260  -0.25146   0.09952  -0.00741  -0.19345  -0.25696   0.17656   0.04474  -0.18937  -0.10815   0.07066 
  0.03435  -0.15386  -0.21958   0.11268   0.01432  -0.17487  -0.39144   0.15591   0.05393  -0.12155  -0.20405   0.10255  -0.05306  -0.19695  -0.30195   0.21060   0.00421  -0.16033  -0.12608   0.09987 
  0.01107  -0.17552  -0.22784   0.13907  -0.02187  -0.11443  -0.43941   0.17304   0.05435  -0.11811  -0.37721   0.14794  -0.07409  -0.14001  -0.36765   0.21609  -0.03378  -0.18448  -0.12904   0.13061 
 -0.02128  -0.15802  -0.25885   0.16384  -0.01211  -0.17384  -0.51303   0.18945  -0.00020  -0.07762  -0.23828   0.14768  -0.07884  -0.25642  -0.25234   0.22717  -0.04068  -0.20479  -0.11737   0.13553 
 -0.02984  -0.19558  -0.22735   0.17190  -0.05530  -0.16813  -0.83076   0.23589   0.00900  -0.08885  -0.31246   0.16358  -0.15903  -0.22363  -0.32676   0.26385  -0.07438  -0.17066  -0.16868   0.16027 
 -0.06662  -0.17946  -0.30966   0.20519  -0.07790  -0.14587  -0.92385   0.24681  -0.07317  -0.07278  -0.35284   0.22459  -0.13155  -0.28662  -0.46812   0.28378  -0.15104  -0.16366  -0.13307   0.18453 
 -0.11934  -0.17422  -0.28884   0.22645  -0.11039  -0.23514  -1.04206   0.28310  -0.16383  -0.11941  -0.33382   0.28081  -0.23489  -0.28572  -0.44414   0.31186  -0.18857  -0.18036  -0.21054   0.21842 
 -0.17153  -0.21374  -0.33402   0.26239  -0.14072  -0.14194  -1.41012   0.28462  -0.13968  -0.02190  -0.44513   0.25795  -0.17972  -0.27928  -0.50443   0.30138  -0.16363  -0.15157  -0.26088   0.21358 
 -0.16361  -0.16392  -0.38235   0.25612  -0.10584  -0.14800  -1.55581   0.27168  -0.07951  -0.10852  -0.33942   0.23696  -0.27881  -0.28646  -0.40497   0.31844  -0.17888  -0.08967  -0.29239   0.21156 
 -0.15811  -0.14120  -0.39084   0.25021  -0.14506  -0.05735  -1.86046   0.26966  -0.06167  -0.09445  -0.33499   0.22116  -0.27966  -0.35713  -0.27888   0.31311  -0.14168  -0.10056  -0.04000   0.13915 
 -0.14421  -0.12695  -0.18490   0.20657  -0.09472  -0.30359  -1.87424   0.29479  -0.03378  -0.13672  -0.32785   0.21457  -0.18939  -0.31227  -0.41684   0.30085  -0.13237  -0.23442   0.07428   0.11911 
 -0.11913  -0.25880  -0.11942   0.20814  -0.90386  -0.64247  -1.42469   0.45704  -0.52179   0.01770  -0.72149   0.37578  -0.97047  -0.72536  -0.99857   0.45276  -0.86515  -0.17493  -0.57050   0.35626 
 -0.84135  -0.29913  -0.72435   0.40958  -0.25336   0.03001  -0.87924   0.27233  -0.15759   0.24318  -0.55981   0.14036  -0.37829  -0.02354  -0.60202   0.29781  -0.98536  -0.43739  -0.95480   0.40065 
 -0.73046  -0.28489  -0.86274   0.40569   0.18126  -0.01067  -1.04803  -0.05740   0.13041  -0.02452  -0.03467  -0.17191   0.13713  -0.09392   0.00216  -0.10293  -0.17303   0.10924  -0.13351   0.11196 
 -0.10742   0.04743  -0.12288   0.11072  -1.13870   0.67179  -2.50042  -0.31834  -1.17834   0.61926  -2.20998  -0.12878  -1.28014   0.56685  -1.83719  -0.15942  -1.03908   0.65689  -1.90450  -0.13798 
 -1.11957   0.63298  -2.02330  -0.17379   0.45107  -3.92834  -3.92834  -3.92834   0.47438  -3.92834  -3.92834  -3.92834   0.54037  -3.92834  -3.92834  -3.92834   0.51411  -3.92834  -3.92834  -3.92834 
  0.49001  -3.92834  -3.92834  -3.92834  -3.92834  -1.84514   0.81281  -3.92834  -3.92834  -3.92834  -3.92834  -3.92834  -3.92834  -3.92834  -3.92834  -3.92834  -3.92834  -3.92834  -3.92834  -3.92834 
 -3.92834  -1.84845   0.75236  -3.92834  -3.92834  -3.92834  -3.92834  -3.92834   0.26612   0.01428  -0.31880  -0.47104   0.05582  -0.24784   0.36161  -0.38706  -3.92834  -3.92834  -3.92834  -3.92834 
  0.00641  -0.17946   0.38013  -0.39051  -0.13142  -0.12617  -0.03414   0.16613  -0.12939   0.06806  -0.07757   0.11758  -0.05219  -0.10146  -0.13241   0.14167  -0.17405  -0.12971   0.17107   0.06086 
 -0.11190  -0.06297  -0.04448   0.13143   0.03910   0.04170  -0.14503  -0.01023   0.03060  -0.02079   0.01758  -0.03876  -0.03362   0.03888  -0.00527   0.00593  -0.06249   0.02248   0.21214  -0.11526 
 -0.01813   0.01693   0.09328  -0.05124  -0.04733   0.10957   0.02014  -0.02959  -0.02040   0.06440   0.03620  -0.05116  -0.02098   0.03418   0.16323  -0.13779  -0.15472   0.14534   0.18977  -0.09699 
 -0.06460   0.09805   0.11454  -0.07784   0.02045   0.07481  -0.06003  -0.04325   0.01099   0.07385  -0.04492  -0.03740   0.04132   0.06067   0.03359  -0.11440  -0.14075   0.17759   0.15433  -0.09963 
 -0.01566   0.10519   0.03949  -0.07860  -0.00301   0.05412   0.08593  -0.08147   0.04007   0.07825  -0.00076  -0.12084   0.00734   0.03669   0.08683  -0.09618  -0.11267   0.12919   0.23619  -0.17350 
 -0.01484   0.07981   0.11809  -0.12286  -0.06061   0.08138   0.18707  -0.11260   0.03393   0.08675  -0.02281  -0.09977   0.05434   0.02890   0.10111  -0.16360  -0.15323   0.16894   0.22878  -0.16240 
 -0.03120   0.09852   0.13946  -0.13998   0.01625   0.05103   0.07989  -0.10162   0.02901   0.07233  -0.03010  -0.07240   0.09710   0.03575   0.02081  -0.15964  -0.13807   0.17038   0.17862  -0.11936 
  0.00828   0.08891   0.07217  -0.11993  -0.01362   0.10741   0.08919  -0.11359   0.03407   0.05786   0.01088  -0.10137   0.02981   0.07079   0.04464  -0.11868  -0.07699   0.14749   0.21208  -0.19658 
 -0.00641   0.10427   0.09979  -0.13889  -0.02843   0.05226   0.17164  -0.11573   0.01936   0.05251   0.04185  -0.10212   0.06719   0.03908   0.06696  -0.15854  -0.16961   0.14810   0.24481  -0.14983 
 -0.02194   0.07909   0.14260  -0.13737  -0.02171   0.11192   0.10772  -0.12114   0.00712   0.09069  -0.01193  -0.07183   0.06495   0.04833   0.05517  -0.15343  -0.13775   0.21239   0.17759  -0.15835 
 -0.01830   0.12394   0.09117  -0.13413  -0.01703   0.10679   0.12715  -0.13958   0.02317   0.05008   0.03252  -0.09685   0.02027   0.03943   0.12133  -0.14785  -0.09749   0.17198   0.20624  -0.19080 
 -0.01533   0.10106   0.12815  -0.15171  -0.02340   0.03861   0.23046  -0.17451   0.02388   0.08853   0.02799  -0.13195   0.00828   0.08319   0.09578  -0.15118  -0.14846   0.18864   0.23253  -0.19153 
 -0.02882   0.10496   0.15902  -0.17097  -0.03560   0.10000   0.15345  -0.13049   0.01012   0.06268   0.00858  -0.06734   0.05659   0.07347   0.02764  -0.14292  -0.19237   0.22781   0.16112  -0.11257 
 -0.02967   0.12394   0.09492  -0.12307  -0.02908   0.10543   0.15738  -0.14875   0.00873   0.05638   0.02427  -0.07327   0.02348   0.05006   0.07290  -0.11511  -0.10591   0.17187   0.21382  -0.19160 
 -0.02495   0.10450   0.12772  -0.14173  -0.01525   0.01525   0.18948  -0.12231   0.02496   0.06952   0.02780  -0.11379   0.04943   0.04371   0.08671  -0.15650  -0.18283   0.17400   0.22896  -0.14267 
 -0.02228   0.08126   0.14386  -0.14020   0.00314   0.05489   0.11975  -0.11668  -0.01617   0.07880   0.04121  -0.07401   0.05993   0.05696   0.04177  -0.14281  -0.13008   0.19169   0.16190  -0.12816 
 -0.01484   0.10198   0.09725  -0.12328  -0.03831   0.08138   0.17082  -0.12617   0.01575   0.03570   0.05551  -0.09472   0.01961   0.06164   0.06519  -0.11461  -0.09446   0.15273   0.22852  -0.20449 
 -0.02512   0.09104   0.14114  -0.14261  -0.05677   0.07178   0.20966  -0.13205  -0.00840   0.04549   0.08344  -0.09613   0.03601   0.06933   0.09484  -0.17283  -0.13544   0.13981   0.23686  -0.16203 
 -0.04013   0.09033   0.16482  -0.14814  -0.02273   0.08189   0.15060  -0.12936  -0.01931   0.04389   0.04520  -0.04335   0.06049   0.05255   0.04575  -0.14267  -0.16247   0.15338   0.20384  -0.11202 
 -0.02916   0.09222   0.11897  -0.11661  -0.02500   0.06679   0.17934  -0.14034   0.01004   0.04431   0.08030  -0.11980   0.03618   0.06185   0.07176  -0.14201  -0.12300   0.16088   0.22791  -0.18177 
 -0.02478   0.09151   0.15007  -0.15306  -0.02686   0.02606   0.21866  -0.14472   0.02357   0.00271   0.05357  -0.07721   0.01760   0.02231   0.11764  -0.12450  -0.15230   0.12734   0.24311  -0.14444 
 -0.02916   0.05287   0.16779  -0.13219  -0.01997   0.05756   0.14202  -0.10501  -0.01076   0.08366   0.03272  -0.07826   0.05391   0.05299   0.03199  -0.12225  -0.12668   0.14140   0.18789  -0.11435 
 -0.02328   0.09080   0.10734  -0.11188  -0.03907   0.08434   0.21185  -0.17121  -0.01032   0.02689   0.05637  -0.05129   0.00952   0.04365   0.10612  -0.12283  -0.14419   0.14972   0.22117  -0.14343 
 -0.04485   0.08558   0.16022  -0.13284  -0.04853   0.05682   0.19575  -0.11591   0.00204   0.06344   0.05845  -0.10231   0.03401   0.03702   0.11087  -0.15292  -0.16118   0.13206   0.25210  -0.15242 
 -0.04083   0.08006   0.16462  -0.13759  -0.02515   0.07261   0.11110  -0.08528   0.01250   0.01543   0.01032  -0.03400   0.05282   0.06037   0.05648  -0.14939  -0.10835   0.14283   0.18406  -0.12747 
 -0.01632   0.08391   0.09887  -0.10699  -0.04500   0.06461   0.18993  -0.12126   0.01971   0.01284   0.08564  -0.11259  -0.00901   0.07350   0.10878  -0.13251  -0.11246   0.15035   0.23083  -0.18609 
 -0.03754   0.08439   0.16342  -0.14437  -0.04924   0.08745   0.20977  -0.15695   0.01512   0.06126   0.03140  -0.09367   0.07951   0.01178   0.08250  -0.16600  -0.13960   0.14761   0.25634  -0.19203 
 -0.02061   0.08534   0.15740  -0.16100  -0.01520   0.09255   0.11973  -0.12247   0.01070   0.06143   0.00977  -0.06806   0.02573   0.08488   0.06653  -0.14744  -0.11509   0.14376   0.17608  -0.11404 
 -0.01978   0.10541   0.09933  -0.12202  -0.04102   0.07769   0.18290  -0.13099  -0.01426   0.00744   0.09752  -0.07064   0.04367   0.05464   0.07905  -0.15192  -0.10521   0.08217   0.24845  -0.15810 
 -0.03018   0.06555   0.16243  -0.13585  -0.01745   0.03326   0.20587  -0.15050  -0.02819   0.06982   0.04799  -0.05627   0.03373   0.03303   0.11369  -0.15158  -0.12868   0.14010   0.24716  -0.18252 
 -0.03171   0.07544   0.16482  -0.14525  -0.01293   0.07429   0.13165  -0.11977   0.00648   0.07246   0.01967  -0.08053   0.02030   0.10710   0.05439  -0.15397  -0.16641   0.16131   0.19406  -0.10525 
 -0.03154   0.11332   0.10802  -0.12265  -0.06073   0.09652   0.19959  -0.13870  -0.02358   0.03904   0.07751  -0.06357   0.00884   0.07187   0.07141  -0.11700  -0.11696   0.14450   0.24518  -0.19572 
 -0.04926   0.09689   0.16022  -0.13780  -0.04635   0.06736   0.20595  -0.13827  -0.02809   0.06426   0.08728  -0.08963   0.00949   0.05629   0.11673  -0.14587  -0.13634   0.11316   0.24237  -0.14574 
 -0.04908   0.08415   0.17113  -0.13824  -0.03173   0.06369   0.13571  -0.08919   0.00064   0.06037  -0.00706  -0.03995   0.03954   0.08152   0.06118  -0.15765  -0.16296   0.14843   0.20446  -0.10831 
 -0.03427   0.09805   0.10938  -0.10679  -0.04600   0.08012   0.20996  -0.15480  -0.00480  -0.00130   0.10119  -0.08077   0.00902   0.05244   0.13296  -0.15892  -0.13014   0.16450   0.23322  -0.18542 
 -0.04362   0.08487   0.17812  -0.15373  -0.04755   0.04309   0.23219  -0.14468   0.00909   0.07954   0.02528  -0.09627   0.04538   0.04265   0.10952  -0.17348  -0.16541   0.15598   0.24659  -0.16278 
 -0.03461   0.08725   0.16541  -0.15306  -0.01003   0.08371   0.14826  -0.14758   0.01363   0.04231  -0.00650  -0.04306   0.05689   0.07200   0.05569  -0.16708  -0.14918   0.18720   0.20186  -0.15068 
 -0.01566   0.10587   0.10960  -0.13737  -0.07661   0.09294   0.23267  -0.15090   0.02359   0.02486   0.05668  -0.09861  -0.00445   0.07768   0.12638  -0.16117  -0.12150   0.14361   0.23092  -0.17089 
 -0.04520   0.09433   0.17211  -0.15373  -0.03079   0.02991   0.22907  -0.15400  -0.00107   0.04564   0.07720  -0.10046   0.04777   0.05289   0.10899  -0.18758  -0.14747   0.16979   0.23095  -0.17119 
 -0.02815   0.08271   0.16956  -0.16215  -0.02299   0.07806   0.16044  -0.13478  -0.01911   0.05382   0.06758  -0.07242   0.03360   0.08545   0.08608  -0.17854  -0.15915   0.16739   0.17722  -0.09882 
 -0.03479   0.10564   0.12772  -0.13027  -0.04602   0.07324   0.20493  -0.14289  -0.02516   0.06626   0.06687  -0.07469   0.01238   0.05865   0.07798  -0.11424  -0.08239   0.12339   0.22660  -0.18717 
 -0.03702   0.08820   0.15436  -0.13867  -0.04812   0.06542   0.20367  -0.13174  -0.00916   0.07078   0.04302  -0.07791   0.03272   0.04822   0.11079  -0.16242  -0.14036   0.13282   0.23362  -0.14745 
 -0.03961   0.08701   0.15801  -0.13824  -0.02119   0.07641   0.11685  -0.09797  -0.00797   0.00338   0.05066  -0.03178   0.03943   0.04810   0.07245  -0.13330  -0.12346   0.17701   0.18081  -0.14018 
 -0.02596   0.08749   0.11140  -0.10943  -0.04579   0.08465   0.22704  -0.17959  -0.01573   0.08015   0.07000  -0.10422   0.01081   0.09820   0.09134  -0.16706  -0.13834   0.15369   0.22539  -0.15728 
 -0.04731   0.11130   0.16581  -0.16055  -0.03296   0.05308   0.22711  -0.16876   0.01298   0.02522   0.07573  -0.10202   0.04672   0.05411   0.10274  -0.18035  -0.12045   0.17074   0.21089  -0.17200 
 -0.02045   0.08463   0.16143  -0.16515  -0.01536   0.08465   0.15728  -0.14905  -0.02479   0.07653   0.01980  -0.04230   0.05540   0.06357   0.07272  -0.17225  -0.17951   0.17731   0.20616  -0.12184 
 -0.03018   0.10792   0.12162  -0.13219  -0.03789   0.07440   0.20655  -0.15735   0.00181   0.02398   0.05363  -0.06279   0.00136   0.11416   0.08408  -0.16612  -0.12668   0.15596   0.23607  -0.18432 
 -0.03858   0.10198   0.15619  -0.15171  -0.02120   0.02516   0.20381  -0.13611  -0.00386   0.04927   0.07053  -0.09270   0.04823   0.06288   0.09682  -0.18594  -0.13326   0.13025   0.26235  -0.19055 
 -0.02328   0.07495   0.16739  -0.15895  -0.00963   0.08591   0.12403  -0.12820  -0.01511   0.06273   0.00823  -0.03356   0.04944   0.07165   0.00256  -0.11141  -0.11617   0.16419   0.15959  -0.11358 
