21 20 3 1 47 -4.2003 2.7153 5.1159 8494
 -0.02762   0.08285   0.08227  -0.07904  -0.05725   0.07992   0.17184  -0.10131  -0.02839   0.06085   0.01026  -0.01767   0.01488   0.03908   0.08258  -0.10328  -0.17137   0.14467   0.19616  -0.09060 
 -0.06212   0.08880   0.12949  -0.08591  -0.04161   0.07328   0.15795  -0.10307  -0.00842   0.01834   0.05441  -0.04543   0.02976   0.02367   0.09079  -0.11508  -0.12004   0.10309   0.19371  -0.09711 
 -0.03818   0.06398   0.13462  -0.09702  -0.02757   0.07333   0.08235  -0.06226   0.01061   0.05529  -0.01167  -0.04554   0.07024   0.03693   0.01935  -0.11934  -0.13718   0.10639   0.15869  -0.05392 
 -0.02160   0.07608   0.07380  -0.07396  -0.03644   0.08184   0.15155  -0.11137  -0.02162   0.03596   0.03096  -0.02258   0.01277   0.07338   0.05288  -0.10728  -0.14889   0.12730   0.19042  -0.08850 
 -0.04972   0.08738   0.12036  -0.08997  -0.01293   0.04473   0.16808  -0.12802   0.03019   0.00981   0.03976  -0.07993   0.07945   0.02982   0.04878  -0.15093  -0.11764   0.12235   0.18339  -0.10267 
 -0.00674   0.06071   0.12189  -0.12075  -0.01602   0.07090   0.09676  -0.08502  -0.01629   0.06332  -0.02023  -0.01178   0.06829   0.05811   0.03755  -0.15246  -0.13058   0.12716   0.14081  -0.05755 
 -0.02077   0.08714   0.07257  -0.08265  -0.05550   0.06986   0.13990  -0.06854  -0.02437   0.02973   0.05816  -0.03729   0.03570   0.07760   0.04100  -0.13008  -0.15331   0.14043   0.19912  -0.10378 
 -0.05185   0.08691   0.12255  -0.08920  -0.04124   0.05769   0.18104  -0.11189  -0.01158   0.04417   0.02355  -0.03522   0.04771   0.03356   0.11986  -0.17902  -0.13538   0.10346   0.19632  -0.08776 
 -0.03715   0.06747   0.14200  -0.10801  -0.03436   0.09739   0.10484  -0.08911  -0.01684   0.04213   0.01730  -0.02224   0.06971   0.03239   0.02926  -0.12239  -0.13602   0.10642   0.13380  -0.03480 
 -0.02880   0.07972   0.07914  -0.07284  -0.05445   0.10450   0.16931  -0.12421   0.00210   0.02619   0.00984  -0.02804   0.04453   0.07003   0.01336  -0.11166  -0.13394   0.14533   0.18332  -0.10681 
 -0.04009   0.09654   0.11193  -0.10099  -0.05857   0.10112   0.17836  -0.12438   0.00421   0.03220   0.05500  -0.07416   0.03530   0.02817   0.10550  -0.14057  -0.15965   0.10640   0.19232  -0.06800 
 -0.04532   0.07706   0.14200  -0.10640  -0.03363   0.08953   0.11213  -0.08900  -0.01353   0.04579  -0.04872   0.01643   0.05463   0.06679   0.02820  -0.13374  -0.15330   0.15347   0.13864  -0.05801 
 -0.03526   0.09862   0.06987  -0.07358  -0.04799   0.09786   0.14250  -0.10246  -0.01896   0.06280   0.03394  -0.04969   0.02648   0.06613   0.07967  -0.14096  -0.14669   0.13835   0.18607  -0.09409 
 -0.04955   0.09862   0.12211  -0.10118  -0.04079   0.04819   0.18026  -0.10417   0.02092   0.03938   0.04981  -0.10038   0.03504   0.07252   0.08957  -0.16944  -0.17281   0.12793   0.19945  -0.08048 
 -0.03784   0.08020   0.14011  -0.11598  -0.01462   0.04811   0.10641  -0.07662   0.00518   0.06687  -0.05462  -0.01769   0.08257   0.03710   0.04675  -0.16112  -0.11910   0.14837   0.14095  -0.08155 
 -0.01029   0.08213   0.07159  -0.09017  -0.05340   0.06817   0.16832  -0.09330  -0.00536   0.03234  -0.02466   0.00128   0.05359   0.05082   0.04679  -0.13220  -0.16394   0.13994   0.18981  -0.08612 
 -0.04392   0.08044   0.11260  -0.08399  -0.03449   0.04886   0.15595  -0.09108   0.02643  -0.03819   0.03788  -0.03800   0.01857   0.04154   0.11889  -0.14511  -0.13542   0.11168   0.19714  -0.09430 
 -0.03321   0.05282   0.13822  -0.09741  -0.03463   0.04260   0.14285  -0.07546  -0.00840   0.03418  -0.02586   0.00431   0.06349   0.05099   0.03830  -0.13889  -0.10688   0.10777   0.09463  -0.02780 
 -0.02393   0.06723   0.07331  -0.06433  -0.06476   0.11382   0.16295  -0.11379  -0.01353   0.02363   0.00904  -0.00650   0.05263   0.04053   0.07063  -0.14228  -0.15594   0.13427   0.19699  -0.09489 
 -0.05079   0.08951   0.12603  -0.09564  -0.04564   0.08677   0.15154  -0.10363   0.02740  -0.03459   0.04089  -0.04428   0.03737   0.04741   0.10638  -0.16343  -0.11114   0.07230   0.20746  -0.09770 
 -0.02611   0.05640   0.13737  -0.10781  -0.03193   0.06208   0.11191  -0.06936  -0.01906   0.09625  -0.04199  -0.02055   0.06686   0.01479   0.07719  -0.14442  -0.15282   0.08764   0.17023  -0.04124 
 -0.03236   0.07143   0.09270  -0.07321  -0.04712   0.03641   0.18823  -0.09457  -0.02545   0.02952   0.02986  -0.01250   0.04291   0.00683   0.09416  -0.12038  -0.12780   0.08454   0.18101  -0.06652 
 -0.04322   0.04609   0.13589  -0.07904  -0.05432   0.06910   0.16469  -0.08975   0.02778  -0.01689   0.00232  -0.02567   0.04044   0.03471   0.09927  -0.14754  -0.12774   0.09428   0.19418  -0.08536 
 -0.03372   0.05768   0.12992  -0.09289  -0.02482   0.05013   0.12540  -0.07944  -0.03160   0.02804  -0.04896   0.04728   0.05831   0.06740   0.03170  -0.14249  -0.14575   0.09632   0.16638  -0.04807 
 -0.03509   0.06946   0.08466  -0.06251  -0.02295   0.00079   0.15108  -0.06787  -0.00221   0.02012   0.02010  -0.02608   0.01570   0.02372   0.10727  -0.11331  -0.15520   0.09861   0.19452  -0.06809 
 -0.04269   0.04189   0.13142  -0.07265  -0.04654   0.08199   0.17417  -0.11888   0.02904  -0.03072   0.00912  -0.02345   0.07407   0.01476   0.08697  -0.16490  -0.18331   0.10410   0.22701  -0.08465 
 -0.03372   0.05666   0.14241  -0.10378   0.00670   0.05789   0.08067  -0.09387  -0.00220   0.06500  -0.07150   0.00317   0.06682   0.04770   0.06246  -0.16247  -0.16348   0.10319   0.15331  -0.02984 
 -0.01796   0.07584   0.07085  -0.07565  -0.02602   0.07107   0.14944  -0.11433  -0.01531  -0.00325   0.02080   0.00501   0.04902   0.07229   0.05582  -0.15597  -0.17846   0.11543   0.22083  -0.08941 
 -0.04217   0.07315   0.12863  -0.09427  -0.04488   0.05596   0.15659  -0.08409   0.02553   0.05325   0.00312  -0.07698   0.04434   0.03624   0.10927  -0.16504  -0.16169   0.09569   0.21467  -0.08135 
 -0.03492   0.06772   0.13504  -0.10418  -0.04189   0.06923   0.12493  -0.07248  -0.03517   0.06914  -0.02723   0.00969   0.06030   0.06937   0.02331  -0.14026  -0.11780   0.10460   0.13321  -0.04613 
 -0.03458   0.08596   0.07502  -0.06819  -0.07143   0.08928   0.16909  -0.08970  -0.01429  -0.00938   0.02902   0.00168   0.03793   0.06914   0.05980  -0.14084  -0.13199   0.12685   0.19509  -0.10609 
 -0.05079   0.07972   0.12819  -0.08958  -0.03517   0.07921   0.16043  -0.11880   0.02851   0.02496   0.02847  -0.07941   0.06715   0.00986   0.09585  -0.15877  -0.13760   0.08188   0.22414  -0.10029 
 -0.02110   0.05844   0.14095  -0.11908  -0.01748   0.08370   0.06805  -0.07313  -0.01951   0.05964  -0.03148   0.00229   0.07506   0.06522   0.05401  -0.18627  -0.15201   0.16616   0.12998  -0.06123 
 -0.02410   0.10231   0.06366  -0.08438  -0.05807   0.10657   0.14867  -0.10283   0.01920   0.00607  -0.01754  -0.01552   0.06900   0.05556   0.07460  -0.18656  -0.13163   0.11112   0.17640  -0.07678 
 -0.02964   0.08020   0.10878  -0.09662  -0.05252   0.08910   0.16340  -0.10739   0.04065   0.03426  -0.02531  -0.06077   0.04201   0.07492   0.09116  -0.18414  -0.15471   0.07856   0.23119  -0.09256 
 -0.03236   0.07900   0.13291  -0.11454  -0.01063   0.05994   0.11647  -0.09859  -0.00659   0.08890  -0.10924   0.01116   0.11832   0.02711   0.03301  -0.19873  -0.10745   0.08907   0.15864  -0.06510 
  0.00010   0.07315   0.06764  -0.09250  -0.03673   0.06871   0.16922  -0.11585   0.00507  -0.00457   0.00800  -0.00885   0.06427   0.00416   0.10678  -0.16050  -0.12606   0.04515   0.19488  -0.05718 
 -0.02594   0.03898   0.13206  -0.08978  -0.02002   0.04754   0.13237  -0.08917   0.04711   0.00040  -0.02175  -0.04699   0.04494   0.03759   0.11660  -0.17539  -0.12454   0.05786   0.21409  -0.08450 
 -0.01582   0.04609   0.12711  -0.10258  -0.02815   0.05097   0.09653  -0.05496   0.01818   0.01844  -0.14405   0.04905   0.07459   0.02900   0.09505  -0.18875  -0.13161   0.07174   0.12999  -0.01496 
 -0.01763   0.05153   0.06540  -0.05420  -0.02290   0.05610   0.09491  -0.06381   0.01497  -0.00643  -0.06186   0.02588   0.09662   0.02163   0.02199  -0.14616  -0.07800   0.04752   0.16132  -0.06628 
 -0.00466   0.03792   0.07380  -0.06543  -0.04428   0.07425   0.09884  -0.05457   0.01116   0.03200  -0.00415  -0.03352   0.06034   0.05703   0.06446  -0.16443  -0.10704   0.06685   0.18909  -0.07924 
 -0.02661   0.06498   0.10173  -0.08208  -0.02939   0.04127   0.07724  -0.03434   0.00003   0.07188  -0.12440   0.02433   0.09997   0.01534   0.01545  -0.14011  -0.11893   0.05768   0.09213   0.00947 
 -0.01501   0.05205   0.03119  -0.03428  -0.04201   0.02880   0.12063  -0.04082   0.00621  -0.03177  -0.11483   0.07651   0.04030   0.01099   0.05493  -0.08664  -0.10214   0.00127   0.15205  -0.01625 
 -0.03236   0.00821   0.07769  -0.02016  -0.04981   0.02277   0.12984  -0.03493   0.02354   0.04810  -0.10434   0.00327   0.06594  -0.03043   0.06171  -0.09213  -0.06818  -0.04203   0.17026  -0.03693 
 -0.01862   0.00161   0.09340  -0.04134  -0.00462   0.04194   0.01152  -0.02549   0.01291   0.03053  -0.18205   0.06357   0.08493   0.02475  -0.05347  -0.07813  -0.04954  -0.01738   0.02800   0.03188 
  0.00419   0.02524  -0.02888  -0.00313   0.02151   0.02592   0.03718  -0.06228   0.07206  -0.04261  -0.13246   0.01345   0.14952   0.04202  -0.08017  -0.17824  -0.02675   0.00254   0.10414  -0.04142 
  0.04035   0.00935   0.01357  -0.05869   0.03047   0.17280   0.02469  -0.20627   0.10690   0.08785  -0.19874  -0.10800   0.14776   0.18286  -0.03183  -0.46585  -0.02587   0.20680   0.09651  -0.18631 
  0.05508   0.17167  -0.00070  -0.22036   0.23016  -0.20271  -0.19165  -0.22245   0.32188  -0.31122  -0.50442  -0.29149   0.34772  -0.18537  -0.33354  -0.36608   0.05851  -0.00813   0.01557  -0.06314 
  0.25813  -0.17590  -0.22719  -0.22777  -0.40720  -0.67958   0.68215  -0.56474  -0.14630  -0.37813   0.38441  -0.14371  -0.06954  -0.39867   0.46873  -0.39483  -0.62546  -0.46765   0.59233  -0.34907 
 -0.33692  -0.55271   0.58805  -0.43677  -1.80269  -3.92916   0.81147  -3.92916  -1.30173  -3.92916   0.69498  -3.92916  -2.30972  -3.92916   0.73349  -3.92916  -1.70774  -3.92916   0.73506  -3.92916 
 -1.98698  -3.92916   0.75200  -3.92916  -3.92916  -3.92916  -3.92916   0.49784  -3.92916  -3.92916  -3.92916  -3.92916  -3.92916  -1.49941  -3.92916   0.48994  -3.92916  -3.92916  -3.92916  -3.92916 
 -3.92916  -1.43336  -3.92916   0.48680  -3.92916  -3.92916  -3.92916  -3.92916   0.45830  -3.92916  -0.73677  -3.92916  -3.92916  -3.92916  -3.92916  -3.92916   0.37144  -0.95714   0.01116  -0.67379 
  0.34829  -1.01023   0.02466  -0.63788   0.30743  -0.36907  -0.61537  -0.27243   0.33942  -0.58467  -0.61676  -0.21633   0.47932  -0.72841  -0.60270  -0.83796   0.25180  -0.51978  -0.08142  -0.14365 
  0.35567  -0.42990  -0.56912  -0.32545  -0.50723  -0.69674   0.69168  -0.50159  -0.29748  -0.23244   0.45965  -0.27070  -0.45309  -0.66458   0.61201  -0.51140  -0.36928  -0.56906   0.56174  -0.34491 
 -0.44291  -0.62835   0.61637  -0.45890  -0.19084  -0.10196  -0.09223   0.20508  -0.03870  -0.08781  -0.31268   0.19939  -0.33197  -0.51675  -0.62478   0.37330  -0.03334  -0.38361  -0.09353   0.15348 
 -0.28187  -0.36881  -0.42044   0.32760   0.01245  -0.09656  -0.25328   0.11083   0.16653  -0.33132  -0.34791   0.07225   0.04774  -0.21748  -0.25752   0.14761   0.19683  -0.38859  -0.09286  -0.06259 
  0.14502  -0.32867  -0.13344   0.01569  -0.10199  -0.03433  -0.28441   0.17810   0.07986  -0.12510  -0.23548   0.08572   0.01936  -0.10055  -0.16815   0.10575   0.01756  -0.20203  -0.11213   0.09577 
 -0.02443  -0.10390  -0.20806   0.13917  -0.01610  -0.07405  -0.30619   0.13707   0.07536  -0.05339  -0.43422   0.11237   0.06701  -0.13506  -0.22055   0.09696   0.00034  -0.11337  -0.23776   0.12023 
  0.01256  -0.10575  -0.27962   0.12932  -0.02510  -0.03055  -0.21116   0.10919   0.06217  -0.17949  -0.24307   0.12715   0.04583  -0.07929  -0.17955   0.07970  -0.03056  -0.17667  -0.10680   0.12040 
 -0.00642  -0.12351  -0.16447   0.12092  -0.00842  -0.04483  -0.25133   0.10976   0.09773  -0.14389  -0.32796   0.09948   0.03576  -0.09948  -0.29020   0.12510  -0.00170  -0.16714  -0.22059   0.13056 
  0.01455  -0.12120  -0.25391   0.12697  -0.00909  -0.08028  -0.19407   0.11057   0.07857  -0.20210  -0.26868   0.12458  -0.00653  -0.10179  -0.21904   0.13813  -0.01606  -0.26232  -0.13941   0.13803 
  0.00247  -0.17678  -0.18350   0.13479  -0.01546  -0.11243  -0.22274   0.13297   0.10453  -0.21071  -0.33208   0.11526  -0.02195  -0.15346  -0.16454   0.15099  -0.03934  -0.15286  -0.15711   0.13455 
 -0.00980  -0.15717  -0.19880   0.14225  -0.02248  -0.08304  -0.19536   0.12283   0.05314  -0.11022  -0.28206   0.12324   0.04504  -0.09455  -0.27415   0.11259   0.00760  -0.20327  -0.18218   0.12299 
  0.00653  -0.14606  -0.21040   0.13014  -0.03641  -0.05173  -0.18295   0.11971   0.04749  -0.16741  -0.31799   0.15755   0.04796  -0.14212  -0.19762   0.10852   0.04525  -0.17974  -0.18646   0.09187 
  0.01820  -0.13801  -0.20572   0.11756  -0.04238  -0.05446  -0.23338   0.13646   0.05122  -0.18529  -0.33031   0.16234  -0.04208  -0.09601  -0.14937   0.13886   0.03774  -0.20607  -0.14813   0.09280 
  0.00482  -0.14202  -0.19834   0.12721  -0.02105  -0.11246  -0.28749   0.14984   0.07384  -0.15868  -0.33063   0.13192  -0.00069  -0.11772  -0.24310   0.14596   0.02810  -0.21571  -0.20158   0.11645 
  0.01470  -0.16900  -0.24925   0.13951  -0.04173  -0.11205  -0.24014   0.15602   0.06716  -0.14447  -0.30365   0.12720  -0.00572  -0.18307  -0.17935   0.15416   0.02788  -0.20170  -0.17474   0.10668 
  0.00638  -0.17244  -0.21276   0.13814  -0.04789  -0.04264  -0.23181   0.13592   0.02326  -0.13780  -0.27491   0.15916   0.00893  -0.12726  -0.22436   0.13848   0.02290  -0.20499  -0.16871   0.10932 
 -0.00291  -0.13841  -0.20853   0.13445  -0.03665  -0.04936  -0.21227   0.12579   0.06922  -0.11465  -0.26607   0.10336   0.02203  -0.17691  -0.15015   0.12560   0.04094  -0.20365  -0.14511   0.08890 
  0.01699  -0.14363  -0.18173   0.11381  -0.02496  -0.05819  -0.15781   0.10664   0.04723  -0.15706  -0.18917   0.11742  -0.01413  -0.18693  -0.13916   0.14922   0.03678  -0.16341  -0.14346   0.08203 
  0.01164  -0.13682  -0.15650   0.10880  -0.02973  -0.10336  -0.12488   0.11756   0.04257  -0.18648  -0.20875   0.13816   0.01125  -0.07991  -0.18805   0.10916   0.05894  -0.17565  -0.14873   0.06876 
  0.02107  -0.14606  -0.15733   0.10423  -0.01517  -0.06929  -0.13432   0.09615   0.03427  -0.11554  -0.26590   0.13911   0.01348  -0.14440  -0.15380   0.12190   0.04196  -0.19397  -0.14988   0.08733 
  0.01775  -0.13921  -0.16362   0.10671  -0.01716  -0.07618  -0.14595   0.10363   0.06697  -0.02954  -0.28812   0.07412  -0.02288  -0.11079  -0.13483   0.12819   0.03280  -0.13646  -0.10603   0.06579 
  0.01440  -0.10538  -0.14704   0.09342  -0.03063  -0.09510  -0.09299   0.10623   0.06561  -0.14487  -0.27738   0.12185   0.02238  -0.10417  -0.14214   0.09668   0.05093  -0.16499  -0.10320   0.05758 
  0.02227  -0.13642  -0.13069   0.09189  -0.02213  -0.06847  -0.13820   0.10285   0.07027  -0.18688  -0.21568   0.11240   0.01002  -0.08907  -0.13181   0.09623   0.05760  -0.17064  -0.12525   0.06100 
  0.02616  -0.13011  -0.14542   0.09125  -0.00172  -0.08459  -0.13542   0.09030   0.04961  -0.09299  -0.15224   0.07566   0.04803  -0.08857  -0.11421   0.05920   0.03148  -0.17363  -0.08373   0.06879 
  0.02452  -0.12505  -0.11606   0.08128  -0.00050  -0.07072  -0.08856   0.06931   0.06885  -0.13369  -0.18927   0.08551   0.01232  -0.09446  -0.15810   0.10533   0.04532  -0.15524  -0.12502   0.06719 
  0.02868  -0.11890  -0.13030   0.08036   0.00536  -0.07287  -0.11099   0.07190   0.00710  -0.00783  -0.19542   0.09596   0.01360  -0.11099  -0.07314   0.08095   0.05045  -0.15432  -0.09459   0.05197 
  0.02452  -0.10280  -0.11379   0.07269   0.01607  -0.07781  -0.10311   0.06081   0.07333  -0.09228  -0.25593   0.08632   0.00750  -0.12020  -0.11550   0.10491   0.02689  -0.16616  -0.07896   0.06876 
  0.02838  -0.12235  -0.11833   0.07773  -0.00989  -0.09411  -0.09964   0.09035   0.03767  -0.11412  -0.18007   0.10801  -0.00767  -0.11566  -0.11363   0.11312   0.04148  -0.17246  -0.08929   0.06242 
  0.01714  -0.13365  -0.11191   0.08907  -0.00252  -0.06839  -0.08118   0.06778   0.04580  -0.01248  -0.16585   0.04521  -0.00743  -0.06986  -0.12544   0.09841   0.04706  -0.14549  -0.06004   0.03898 
  0.02272  -0.09370  -0.09248   0.06310   0.00925  -0.09268  -0.07966   0.06546   0.06423  -0.07274  -0.18033   0.06088   0.02311  -0.10012  -0.11601   0.08543   0.01762  -0.12762  -0.03651   0.04871 
  0.02302  -0.10797  -0.08431   0.06501  -0.01230  -0.07023  -0.07067   0.07400   0.05178  -0.08464  -0.15520   0.07069   0.02428  -0.08482  -0.09000   0.06800   0.04067  -0.12836  -0.06866   0.04299 
  0.02152  -0.09950  -0.08784   0.06460   0.00250  -0.07892  -0.07729   0.06585   0.06538  -0.05330  -0.15835   0.04035  -0.00083  -0.10040  -0.11060   0.10137   0.01953  -0.09978  -0.03638   0.03850 
  0.01820  -0.09119  -0.07976   0.06132  -0.00228  -0.05545  -0.07749   0.06096   0.04569  -0.10637  -0.16140   0.08943  -0.01764  -0.09776  -0.06726   0.09590   0.02238  -0.11660  -0.01490   0.03182 
  0.01225  -0.09550  -0.06470   0.06228   0.00107  -0.08434  -0.06919   0.06649   0.03931  -0.02913  -0.18966   0.07148  -0.03395  -0.05536  -0.06716   0.08859   0.00804  -0.12447  -0.02764   0.05159 
  0.00466  -0.08798  -0.07080   0.06853   0.01255  -0.14725  -0.04660   0.06992   0.03570  -0.04087  -0.14919   0.06504  -0.00213  -0.08806  -0.10587   0.09554   0.01219  -0.12610  -0.02992   0.04978 
  0.01363  -0.11700  -0.06538   0.06920  -0.01216  -0.04404  -0.03999   0.05163   0.05385  -0.09314  -0.15703   0.07292   0.03546  -0.09962  -0.07292   0.05833   0.03970  -0.13489  -0.00904   0.01961 
  0.02257  -0.09587  -0.05047   0.04697   0.01352  -0.06677  -0.09871   0.05741   0.01223  -0.05027  -0.17542   0.10433  -0.01187  -0.10234  -0.02181   0.07436   0.02554  -0.11149  -0.04201   0.03965 
  0.01424  -0.08869  -0.07664   0.06269   0.00510  -0.07164  -0.05168   0.05102   0.04223  -0.10393  -0.17717   0.09816  -0.03875  -0.06825  -0.04057   0.08666   0.00850  -0.07348  -0.04181   0.04112 
  0.00669  -0.08163  -0.06605   0.06242  -0.00343  -0.07453  -0.06128   0.06411   0.04657  -0.08251  -0.17358   0.08296  -0.01650  -0.09484  -0.03699   0.08132   0.03386  -0.11542  -0.00527   0.01684 
  0.01592  -0.09768  -0.05210   0.05455  -0.00260  -0.06012  -0.01679   0.03983   0.03553  -0.03542  -0.18188   0.07582   0.00008  -0.07734  -0.05293   0.06825   0.02273  -0.10078  -0.03450   0.03534 
  0.01225  -0.07675  -0.05473   0.05078   0.00922  -0.06759  -0.04744   0.04350   0.02448  -0.06282  -0.11949   0.07500   0.01057  -0.10821  -0.09230   0.08957   0.02085  -0.11646  -0.02990   0.03984 
  0.01577  -0.09370  -0.06068   0.05678  -0.03061  -0.06601  -0.03561   0.07605   0.06331  -0.09647  -0.20289   0.08148   0.01092  -0.09213  -0.06484   0.07158   0.01921  -0.11780  -0.00726   0.03130 
  0.00746  -0.09659  -0.05374   0.06242  -0.00288  -0.05066  -0.06676   0.05566  -0.00635  -0.02386  -0.12083   0.08754  -0.02397  -0.05352  -0.09108   0.09024   0.03839  -0.12229  -0.02540   0.02457 
  0.00839  -0.07434  -0.06369   0.05705  -0.00736  -0.10124  -0.02931   0.06618   0.01912  -0.10381  -0.12190   0.09964  -0.01042  -0.05823  -0.03341   0.05848  -0.00237  -0.09994  -0.03782   0.05647 
 -0.00196  -0.09768  -0.04917   0.06907  -0.00465  -0.07550   0.00927   0.03711   0.05410  -0.04625  -0.15490   0.04902  -0.00626  -0.08408  -0.04990   0.07477   0.00908  -0.13009   0.00076   0.03963 
  0.00808  -0.09514  -0.02765   0.04994   0.01551  -0.08124  -0.05230   0.04459   0.05537  -0.07594  -0.14455   0.05785  -0.01540  -0.05510  -0.07340   0.07801   0.02691  -0.08077  -0.01212   0.01459 
  0.02047  -0.07849  -0.05506   0.04398  -0.00714  -0.08201  -0.04901   0.06609   0.02130  -0.03374  -0.14869   0.07673   0.01090  -0.08011  -0.09640   0.07894   0.02192  -0.09926  -0.03988   0.03786 
