IntronPotTab 1 1024 -9.98170 2.13962 23.42388 2557 6 16  489.11
    0.02006
    0.01160
   -0.01178
   -0.02090
   -0.03433
    0.00270
    0.02100
    0.00329
    0.02686
   -0.01847
    0.03158
   -0.03839
    0.00157
   -0.02926
    0.01029
    0.02345
   -0.00591
    0.01248
   -0.00995
    0.00879
   -0.01690
    0.01295
    0.04065
   -0.04311
   -0.02796
    0.01389
    0.01916
   -0.00991
    0.09329
   -0.04688
    0.05800
   -0.03995
    0.00376
    0.01013
   -0.01085
   -0.00197
    0.00398
    0.01346
    0.02753
   -0.05484
    0.03653
    0.00199
    0.01897
   -0.07280
   -0.00501
   -0.04493
    0.01753
    0.03350
   -0.06824
    0.01082
    0.02570
    0.00774
   -0.00635
   -0.02569
    0.00201
    0.02692
   -0.05333
    0.00057
    0.07182
   -0.05055
    0.11449
   -0.04454
    0.01294
   -0.01730
   -0.03897
    0.03763
   -0.00309
   -0.03545
    0.02021
   -0.00226
   -0.02339
    0.02605
    0.01560
    0.00222
    0.01884
   -0.05809
   -0.00132
    0.00926
    0.00296
   -0.02202
   -0.02558
    0.00027
    0.02085
   -0.00687
   -0.04867
    0.02833
    0.00711
    0.00720
   -0.00386
    0.00381
    0.01733
   -0.02889
   -0.00055
   -0.00766
    0.01573
   -0.00942
    0.00551
    0.01907
   -0.00734
   -0.02862
   -0.04570
    0.02382
    0.02020
   -0.02701
   -0.02656
    0.00281
    0.03997
   -0.03480
   -0.05884
    0.01106
   -0.00864
    0.05789
    0.40515
   -0.06771
   -0.08883
   -0.11172
   -0.00316
    0.00249
    0.01004
   -0.02677
    0.23077
   -0.06486
   -0.03146
   -0.10348
    0.05821
   -0.01574
    0.01058
   -0.01264
   -0.01866
   -0.00237
    0.02047
   -0.03249
    0.01520
    0.01420
   -0.01928
   -0.00576
    0.03060
   -0.02468
    0.02478
   -0.02113
    0.01427
   -0.01388
    0.03954
   -0.07821
   -0.02339
    0.01411
    0.00695
   -0.01443
   -0.01978
    0.01401
    0.02640
   -0.04206
   -0.01875
    0.00292
    0.02374
   -0.02562
    0.07380
   -0.03774
    0.03854
   -0.01297
    0.00270
   -0.01344
    0.01283
   -0.01439
   -0.00326
   -0.00738
    0.02382
   -0.03826
    0.01655
   -0.01241
    0.03499
   -0.03683
    0.00795
   -0.01131
    0.01813
   -0.01921
   -0.01768
    0.00162
    0.01165
   -0.00971
   -0.03189
    0.01371
    0.00324
    0.00705
    0.01866
   -0.01839
    0.02368
   -0.03277
    0.05479
    0.00634
    0.01550
   -0.05204
   -0.00363
   -0.07525
    0.05501
   -0.00729
    0.01933
    0.02586
   -0.03458
    0.01771
    0.01804
    0.00167
    0.00422
   -0.02340
    0.01359
    0.01560
   -0.02689
    0.00831
   -0.05414
    0.02248
    0.01680
    0.01976
   -0.04094
    0.05668
   -0.02492
    0.01954
   -0.00754
    0.02426
    0.00107
   -0.03810
    0.02028
   -0.02219
    0.00562
    0.01579
    0.00004
    0.01576
   -0.03118
    0.01710
   -0.04014
    0.00375
    0.04285
   -0.02881
   -0.02399
    0.00559
    0.02646
   -0.01281
   -0.00384
   -0.00552
    0.01295
   -0.00605
    0.08145
   -0.01038
   -0.01103
   -0.04595
   -0.03080
    0.00144
    0.00108
    0.02232
   -0.02729
    0.01170
    0.01048
   -0.00569
   -0.00412
    0.00953
   -0.01137
    0.00569
   -0.00040
    0.01254
   -0.01056
    0.00479
    0.04569
   -0.00696
   -0.02502
   -0.02171
    0.01537
   -0.01691
    0.02060
   -0.01809
   -0.01421
    0.00048
    0.00305
    0.00220
   -0.03787
    0.05450
    0.00355
   -0.03383
   -0.00207
    0.01950
    0.00546
   -0.02154
   -0.03197
    0.02290
    0.01690
   -0.03226
    0.05930
    0.01479
    0.01634
   -0.06300
   -0.03185
    0.02985
    0.00934
   -0.02296
    0.00330
    0.00068
    0.01731
   -0.03823
    0.01509
    0.01205
    0.00336
   -0.04524
    0.00697
    0.01143
    0.00610
   -0.03172
   -0.03041
    0.00666
    0.00005
    0.00618
    0.00812
    0.01008
   -0.00376
   -0.01589
   -0.01344
    0.01883
    0.00689
   -0.03308
   -0.04414
    0.00580
   -0.00656
    0.01234
   -0.03736
    0.02341
    0.01010
   -0.03165
   -0.02079
    0.00826
    0.00280
   -0.00140
   -0.03734
    0.01280
    0.01985
   -0.03861
   -0.00060
    0.00841
   -0.00125
   -0.01788
   -0.01687
    0.02885
   -0.00820
   -0.01158
   -0.04955
    0.02415
    0.00133
    0.02500
   -0.04651
    0.01508
    0.01278
   -0.00779
   -0.02065
   -0.00164
    0.00877
   -0.00713
   -0.02292
    0.04002
   -0.01129
   -0.02247
   -0.04423
    0.01605
    0.00671
   -0.00577
   -0.04612
    0.02570
   -0.00001
   -0.03717
    0.00525
    0.01716
    0.00589
   -0.05036
    0.06348
   -0.00868
   -0.00061
   -0.01767
   -0.04634
    0.00162
    0.01897
   -0.00925
    0.00351
   -0.00947
    0.01538
   -0.01020
   -0.01196
    0.00302
   -0.00761
    0.01536
   -0.03106
    0.04569
   -0.00731
   -0.03436
    0.00327
    0.00653
    0.00364
   -0.02364
   -0.00942
    0.00381
    0.01785
   -0.03868
   -0.03478
   -0.01225
    0.02293
   -0.02139
   -0.01402
    0.02171
   -0.00175
   -0.01517
   -0.03469
    0.03415
    0.00863
   -0.01770
   -0.02636
    0.01066
    0.01630
   -0.03414
    0.06238
   -0.00225
    0.01683
   -0.04723
   -0.00230
    0.03080
   -0.00898
   -0.04023
   -0.04072
   -0.00052
    0.02701
   -0.03181
   -0.07549
    0.03521
    0.01726
   -0.05560
   -0.02052
   -0.00605
    0.01633
   -0.02091
   -0.01278
    0.02316
    0.00059
   -0.04111
   -0.01545
    0.00513
   -0.00556
    0.02603
   -0.02219
    0.01394
   -0.00910
    0.00623
   -0.06142
    0.01891
    0.00232
   -0.03171
   -0.32549
    0.33177
   -0.32906
   -0.11941
   -0.01871
   -0.01183
    0.00453
    0.02574
   -0.01502
    0.01409
    0.05605
   -0.07271
    0.02026
   -0.03714
    0.02296
    0.00410
   -0.03386
    0.03925
   -0.00766
    0.00678
   -0.06591
    0.01565
    0.01381
    0.02984
   -0.03753
    0.03433
   -0.00319
   -0.02067
   -0.03237
    0.02925
    0.01419
   -0.04848
   -0.14323
    0.21125
   -0.11081
   -0.14685
   -0.04843
    0.01810
    0.00795
    0.00599
   -0.01945
    0.00344
    0.00470
    0.00742
    0.01081
    0.02621
   -0.01253
   -0.02334
   -0.03792
    0.03295
    0.00168
   -0.02688
   -0.01276
    0.01211
   -0.01113
    0.01159
   -0.03013
    0.00896
    0.01029
    0.00273
    0.06137
   -0.02297
   -0.00757
    0.02621
   -0.04611
    0.00536
    0.00843
    0.03824
   -0.01863
    0.00834
    0.01046
   -0.00373
   -0.03781
   -0.03308
    0.06981
    0.00792
    0.00881
   -0.03982
    0.04359
   -0.05063
   -0.02495
    0.00896
    0.03489
   -0.02796
   -0.04236
    0.02817
    0.04180
   -0.03406
   -0.02211
    0.00469
    0.04860
   -0.04886
    0.04965
   -0.02583
    0.07510
   -0.08426
    0.00335
    0.01835
    0.00129
   -0.02943
   -0.03945
    0.00710
    0.04432
   -0.03404
   -0.01575
    0.00036
    0.06384
   -0.04756
    0.01324
   -0.00432
    0.03707
   -0.05109
   -0.01315
    0.01111
   -0.01720
    0.01243
   -0.03398
   -0.02087
    0.03434
   -0.00618
   -0.03175
   -0.00727
    0.04574
   -0.02603
    0.07114
    0.02481
   -0.03639
    0.00633
   -0.03004
    0.04035
   -0.01694
    0.01125
   -0.00970
    0.00442
    0.00428
   -0.00552
   -0.04155
    0.00709
    0.02322
   -0.02546
   -0.05744
   -0.00524
    0.03042
   -0.01666
   -0.02042
    0.01189
    0.00527
   -0.00241
   -0.03884
    0.02412
    0.01668
   -0.01499
   -0.03937
   -0.00367
    0.03704
    0.00136
   -0.01769
   -0.02416
    0.03310
   -0.01130
   -0.02342
    0.02342
   -0.00297
   -0.00929
   -0.04342
    0.00805
    0.03183
   -0.03171
   -0.05664
    0.00511
    0.04108
   -0.02018
   -0.07652
   -0.02885
    0.05120
   -0.01560
    0.28538
   -0.08257
    0.00786
   -0.10251
   -0.01961
   -0.00402
    0.00557
    0.01129
    0.09429
   -0.01988
   -0.01038
   -0.01584
   -0.01138
   -0.02696
    0.01472
    0.00819
   -0.00974
    0.00184
   -0.00211
    0.01835
   -0.00639
    0.00163
    0.00091
    0.00338
   -0.01336
   -0.03349
    0.04973
   -0.01908
   -0.01133
   -0.00886
    0.02734
   -0.05859
   -0.02669
    0.00527
    0.00714
    0.01471
   -0.02642
   -0.00412
    0.03466
   -0.04111
   -0.05589
    0.00015
    0.05160
   -0.04615
    0.02337
   -0.04301
    0.03621
   -0.01188
    0.00938
   -0.01209
    0.00622
   -0.00870
   -0.03633
   -0.02091
    0.04533
   -0.03027
   -0.04478
   -0.00501
    0.05600
   -0.01731
   -0.00956
   -0.00794
    0.02047
   -0.01877
    0.03414
   -0.02289
   -0.00659
    0.02380
   -0.03665
   -0.01347
    0.02187
    0.00919
   -0.04882
   -0.00966
    0.02416
    0.02470
    0.02023
   -0.01771
    0.00942
   -0.00013
   -0.06127
    0.01131
    0.06793
   -0.05069
    0.00424
    0.00778
   -0.01440
    0.01257
   -0.00798
    0.00423
    0.04521
   -0.03847
   -0.12851
    0.02454
    0.03333
   -0.01189
   -0.03162
    0.01300
    0.00968
    0.01450
   -0.03808
    0.02864
    0.00919
    0.00709
   -0.03172
    0.01521
    0.02205
   -0.01526
    0.01318
    0.00255
    0.00943
   -0.01493
   -0.02897
    0.01184
   -0.00749
    0.02791
   -0.04022
    0.00646
    0.02505
   -0.00467
   -0.04562
    0.02411
    0.02724
   -0.02632
   -0.03286
   -0.01055
    0.04213
   -0.02808
    0.03021
   -0.00032
   -0.01870
   -0.00690
   -0.01322
   -0.00055
    0.00977
   -0.00065
   -0.02129
    0.01236
    0.01711
   -0.01868
   -0.00212
   -0.03771
   -0.00764
    0.06291
   -0.09755
    0.10329
   -0.07297
    0.08579
   -0.10675
    0.21412
   -0.16723
   -0.04524
   -0.02293
   -0.08835
    0.02803
    0.11379
   -0.07878
   -0.00374
    0.04600
   -0.00999
   -0.04140
    0.03968
   -0.01316
    0.00717
    0.00812
    0.04743
   -0.00013
   -0.04463
   -0.02064
    0.03633
    0.05498
   -0.04720
    0.08102
   -0.02978
    0.02569
   -0.03016
    0.05455
   -0.02449
   -0.00621
   -0.03786
   -0.00840
   -0.01912
    0.05680
   -0.05185
   -0.03206
    0.03755
    0.08134
   -0.09764
   -0.08861
   -0.02037
    0.02944
    0.04815
    0.07226
   -0.01402
   -0.05905
    0.02815
   -0.05049
    0.01017
    0.02218
    0.00329
    0.00724
   -0.00777
    0.04617
   -0.05366
   -0.04106
   -0.02880
    0.01349
    0.03312
   -0.02431
    0.03035
    0.00083
   -0.03734
   -0.01642
   -0.00572
   -0.00016
    0.02509
   -0.02313
    0.01980
   -0.00386
   -0.02909
   -0.11826
    0.01321
    0.03473
   -0.06392
   -0.04889
    0.02939
    0.00774
   -0.01367
   -0.08318
    0.03488
   -0.00884
    0.05058
   -0.04434
    0.01336
    0.01845
   -0.01022
    0.08324
   -0.01471
    0.01354
    0.00052
   -0.01515
    0.01959
   -0.00766
    0.00061
   -0.03982
    0.00419
    0.01759
   -0.00576
    0.00490
    0.00132
    0.00095
   -0.00969
   -0.02540
   -0.00415
    0.03284
   -0.03238
    0.13326
   -0.00688
    0.01819
   -0.06964
   -0.06624
   -0.02177
    0.02369
    0.03012
    0.05079
   -0.02103
   -0.00673
    0.01878
    0.02449
   -0.00426
    0.00781
   -0.01089
   -0.00152
    0.00654
   -0.00157
   -0.00791
   -0.06510
    0.09485
   -0.05955
    0.01823
   -0.00074
   -0.01110
   -0.00221
    0.04235
   -0.06914
   -0.00535
    0.02193
   -0.01248
   -0.00296
    0.00170
    0.00359
   -0.00597
   -0.03996
    0.02126
    0.01540
   -0.00583
   -0.03271
    0.01536
    0.01206
   -0.02656
    0.03262
   -0.02594
    0.02036
   -0.01870
   -0.02415
    0.02712
   -0.01816
    0.01713
   -0.03725
    0.00856
    0.00363
    0.01555
   -0.04873
   -0.00443
    0.03618
    0.00975
   -0.05894
    0.00594
    0.01136
   -0.01035
   -0.03842
   -0.00423
   -0.00062
    0.03544
   -0.04508
    0.00869
    0.00667
    0.02313
    0.01945
   -0.02212
    0.01542
    0.00483
    0.05879
   -0.00165
   -0.01180
    0.01751
   -0.00627
   -0.05133
   -0.02711
    0.09324
    0.03365
   -0.01816
   -0.01708
    0.01351
    0.02763
   -0.05171
    0.03286
    0.03931
    0.07202
    0.04314
   -0.06831
   -0.01192
   -0.00867
    0.02816
   -0.02619
    0.00244
   -0.06861
    0.05556
    0.00442
    0.00822
   -0.04393
    0.01895
    0.04094
   -0.02996
   -0.00147
   -0.00948
    0.03004
   -0.01277
    0.01476
    0.00407
   -0.01435
    0.00133
   -0.03577
    0.00853
   -0.00344
    0.02189
   -0.03634
    0.00384
    0.01687
    0.00706
    0.00104
   -0.00657
    0.03261
   -0.02636
   -0.02381
    0.01834
   -0.04487
    0.01834
   -0.05769
   -0.00284
   -0.00820
    0.05398
   -0.03290
    0.01904
   -0.00337
    0.00534
   -0.00252
   -0.00894
   -0.02644
    0.05277
