10 4 3 1 47 -2.9614 2.2603 4.2668 2340
  0.00803  -0.01703   0.00868   0.00560 
 -0.00508   0.02693   0.00464  -0.05437 
 -0.00101  -0.00443   0.02612  -0.03969 
  0.02268  -0.01219  -0.01130   0.01647 
  0.00102   0.04472  -0.01674  -0.05783 
  0.01297  -0.03316   0.04974  -0.05208 
  0.02555   0.00608  -0.04700   0.03835 
 -0.00714  -0.01521   0.00464   0.02420 
  0.00001  -0.00503   0.01889  -0.02549 
  0.03592  -0.00740  -0.01010  -0.00760 
 -0.01335   0.02583   0.02557  -0.08654 
  0.03499  -0.01159   0.01382  -0.04303 
  0.05506  -0.02564  -0.01431   0.00859 
  0.07081  -0.00149  -0.01735  -0.04753 
  0.01688  -0.01825   0.03594  -0.05437 
  0.05058  -0.01461  -0.02660   0.01549 
 -0.07251   0.02362   0.02169  -0.01383 
  0.02555  -0.00979   0.01382  -0.03527 
  0.04696   0.00953  -0.03988  -0.00044 
 -0.04697  -0.00443   0.00115   0.04752 
  0.01785   0.01182   0.00983  -0.06015 
  0.07167  -0.00979  -0.04569   0.01353 
  0.02364  -0.00384   0.02447  -0.06601 
  0.03405  -0.01764   0.01777  -0.03858 
  0.06388  -0.02939  -0.01857   0.01156 
  0.01395   0.00896   0.01325  -0.05667 
  0.05683  -0.00562   0.01097  -0.07675 
  0.11955  -0.01764  -0.06228  -0.00760 
  0.05058   0.00493   0.00290  -0.07314 
  0.04786  -0.00266   0.02001  -0.09026 
  0.07253  -0.01279  -0.04700   0.01939 
  0.00203   0.02307   0.00810  -0.06131 
  0.04331  -0.03506   0.00173   0.00959 
  0.04696  -0.02626  -0.01070   0.01255 
  0.01785   0.00896   0.00522  -0.04528 
  0.04605  -0.01948   0.01777  -0.04980 
  0.05949   0.03294  -0.08093   0.00460 
 -0.01023  -0.03127  -0.00533   0.06619 
  0.02935  -0.01582   0.00638  -0.01488 
  0.04696  -0.00443  -0.03604   0.01744 
  0.06562  -0.02317  -0.01492  -0.00657 
  0.07594  -0.03506  -0.00237  -0.02121 
  0.06388  -0.00149  -0.06704   0.03927 
  0.03685   0.00839  -0.02226  -0.01593 
  0.10071  -0.04017  -0.00237  -0.04528 
  0.09587   0.01068  -0.09455   0.02035 
  0.11724  -0.02876  -0.09455   0.05651 
  0.22661  -0.02440  -0.10189  -0.11331 
  0.27218  -0.09194  -0.14713  -0.02015 
 -0.04810  -0.22360   0.20891  -0.13489 
 -0.73952  -3.36940   0.48453  -3.36940 
 -3.36940  -0.42734  -3.36940   0.68247 
  0.56054  -0.64678  -0.15292  -0.66742 
  0.57126  -0.36610  -0.35506  -0.65351 
 -0.56008  -0.57736   0.41470  -0.63127 
 -0.54208  -0.55578  -0.55339   0.62421 
 -0.16550  -0.27668   0.22140  -0.00760 
  0.00303  -0.00562  -0.01492   0.03086 
  0.01198  -0.00090   0.01608  -0.04080 
 -0.00611  -0.02939   0.05904  -0.05783 
 -0.10865   0.04366   0.02502  -0.02873 
 -0.05150   0.01748   0.03486  -0.04753 
 -0.13545   0.01409   0.08340  -0.07314 
 -0.12185   0.07036   0.02113  -0.06837 
 -0.07975   0.01125   0.07707  -0.10420 
 -0.03146  -0.03570   0.09155  -0.09654 
 -0.05608   0.03349   0.03702  -0.08162 
 -0.09585  -0.00859   0.07264  -0.03747 
 -0.05150  -0.02317   0.09202  -0.10036 
 -0.04360   0.01579   0.04449  -0.07314 
 -0.04697  -0.00384   0.07115  -0.09151 
 -0.07371  -0.00325   0.07313  -0.06956 
 -0.04697  -0.00207   0.04922  -0.04415 
 -0.05150   0.01916   0.04554  -0.07434 
 -0.06775  -0.04210   0.09485  -0.05437 
 -0.06071   0.01296   0.04396  -0.04866 
 -0.08218   0.00493   0.08244  -0.10164 
 -0.04810  -0.00443   0.07313  -0.09402 
 -0.05264   0.02084   0.05442  -0.09781 
 -0.04137   0.02195   0.06514  -0.14185 
 -0.04472  -0.02564   0.08244  -0.07796 
 -0.08464   0.05101   0.02887  -0.07434 
 -0.08464  -0.01703   0.09012  -0.07314 
 -0.03255   0.00261   0.07363  -0.12939 
 -0.04026   0.00896   0.04607  -0.06601 
 -0.06188  -0.01825   0.08630  -0.08407 
 -0.04923  -0.00621   0.06261  -0.06365 
 -0.06775   0.01692   0.04449  -0.05094 
 -0.06422  -0.00384   0.07115  -0.07314 
 -0.03365  -0.03127   0.08098  -0.07555 
 -0.05955  -0.00800   0.06413  -0.05322 
 -0.03694   0.02140   0.04974  -0.10549 
 -0.05037  -0.01825   0.06413  -0.04303 
 -0.02391   0.00666   0.04183  -0.06956 
 -0.03146  -0.01039   0.05493  -0.05667 
 -0.03694  -0.01643   0.06715  -0.06719 
 -0.03915   0.01068   0.03486  -0.04640 
 -0.03365  -0.00503   0.04554  -0.04415 
 -0.03255  -0.02440   0.07511  -0.07555 
