37 4 14 1 36 -1.7724 1.6504 3.5003 2360
  0.01318  -0.03120   0.02954  -0.01440 
 -0.05179   0.02103   0.02463  -0.03351 
  0.01609  -0.03371   0.04761  -0.05010 
  0.04957  -0.03308  -0.00548   0.01180 
 -0.01289  -0.00051   0.03654  -0.05577 
 -0.00980  -0.00577   0.03654  -0.04897 
  0.00134  -0.00636   0.02022  -0.02704 
  0.00433   0.00469   0.01351  -0.03787 
  0.01123  -0.03245   0.02518  -0.00211 
  0.03501   0.00007  -0.00725  -0.02491 
 -0.00470  -0.01830   0.02463  -0.00821 
  0.04326  -0.03058   0.02463  -0.04007 
  0.06798  -0.04579   0.01576  -0.02704 
  0.00829  -0.02195   0.03654  -0.03897 
  0.02942  -0.02317   0.03386  -0.05577 
  0.07394  -0.03812  -0.00843  -0.00312 
 -0.01914   0.00584   0.01069  -0.01026 
  0.04417  -0.00342   0.02132  -0.08654 
  0.10180  -0.05098  -0.01200  -0.01129 
  0.02660   0.00469  -0.01559  -0.00924 
  0.03036  -0.01589  -0.00313   0.00091 
  0.10101  -0.01110  -0.05727  -0.00211 
  0.00433   0.01435  -0.01259  -0.00821 
  0.01512   0.01659  -0.02781   0.00191 
  0.07394  -0.00518  -0.06665   0.03372 
  0.01025   0.01096  -0.04486   0.04201 
  0.00334   0.00123  -0.02227   0.03093 
  0.05931   0.00983  -0.10190   0.07026 
 -0.02548   0.03357  -0.04486   0.03650 
  0.01994   0.02269  -0.05926   0.03372 
  0.03316   0.01659  -0.09462   0.07620 
  0.00134   0.01714  -0.06800   0.07111 
 -0.04395   0.02269  -0.05793   0.08620 
  0.03316   0.01096  -0.08181   0.06940 
 -0.08710   0.03518  -0.03846   0.07281 
 -0.08344   0.02103  -0.04101   0.09517 
 -0.02335  -0.01408  -0.06936   0.13449 
 -0.12021   0.01153  -0.03973   0.12930 
 -0.07860   0.01770  -0.03029   0.08289 
 -0.03844   0.01993  -0.05993   0.08866 
 -0.08102   0.08898  -0.03910  -0.03351 
 -0.01914   0.03571  -0.00843  -0.03242 
  0.03961   0.00926  -0.10043   0.08784 
 -0.11495   0.07358  -0.07073   0.06940 
  0.01318  -0.10366   0.10461  -0.06268 
 -0.12554   0.24994  -0.40491  -0.02067 
  0.02565  -0.34597   0.26468  -0.35888 
 -0.24331   0.37428  -0.56769  -0.48907 
  0.73661  -3.37310  -3.37310  -3.37310 
 -3.37310  -1.13115   0.48882  -2.56275 
  0.05225  -0.06491   0.08690  -0.13720 
  0.03408  -0.00931  -0.16080   0.17325 
  0.00433  -0.01050  -0.07901   0.12025 
  0.02376  -0.01589  -0.00902   0.01763 
  0.10575  -0.05822  -0.06193   0.06854 
  0.02376  -0.00754   0.01125  -0.03242 
  0.04417  -0.01408  -0.01740   0.00688 
  0.13612  -0.04838  -0.07901   0.04201 
  0.02090   0.01266   0.00210  -0.05010 
  0.02754  -0.00401  -0.01740   0.00787 
  0.14627  -0.07861  -0.04550   0.02433 
  0.06019  -0.01951  -0.01620  -0.00413 
  0.00631   0.01378  -0.01200  -0.01026 
  0.09701  -0.03749  -0.03593   0.01277 
  0.01221   0.02543  -0.00607  -0.05010 
  0.06712  -0.02073  -0.01983  -0.00413 
  0.14842  -0.06966  -0.05993   0.02999 
 -0.00980  -0.00577  -0.00138   0.02147 
  0.08481  -0.01770  -0.04421   0.00885 
  0.11586  -0.06357  -0.03910   0.03279 
  0.01802   0.01882  -0.00372  -0.04785 
  0.07731  -0.00813  -0.02905  -0.02279 
  0.12196  -0.05426  -0.05069   0.02905 
  0.02565   0.00983   0.01125  -0.06852 
  0.06367  -0.02134   0.00842  -0.05010 
  0.09862  -0.03433  -0.07005   0.05459 
  0.00134   0.04156  -0.01983  -0.04561 
  0.07815  -0.02012  -0.02105  -0.01648 
  0.08481  -0.03939  -0.02044   0.00589 
 -0.03734   0.00123   0.02900  -0.01857 
  0.04957  -0.01050  -0.00430  -0.02811 
  0.07225  -0.04386  -0.01680   0.02147 
 -0.01393   0.03891   0.00095  -0.06268 
  0.06883  -0.03308  -0.00196  -0.01648 
  0.12347  -0.04130  -0.05595   0.01569 
 -0.04063   0.02324  -0.01080   0.01569 
  0.05931  -0.03058   0.00152  -0.01544 
  0.06367  -0.04386  -0.00196   0.00688 
 -0.02124   0.04940  -0.00313  -0.06970 
  0.05136  -0.01709   0.00095  -0.02811 
  0.11968  -0.00872  -0.07005  -0.01129 
  0.00134   0.00869  -0.04101   0.04835 
  0.02376  -0.03622   0.00727   0.02242 
  0.08066  -0.05690   0.00152   0.00091 
 -0.03625   0.03518   0.00670  -0.04228 
  0.03686   0.01993  -0.03467  -0.01648 
  0.09541  -0.04258  -0.02411   0.00390 
  0.06539   0.00983  -0.04293  -0.01752 
  0.05314  -0.04066   0.01239  -0.01129 
