IntronPotTab 1 1024 -8.81700 0.91130 11.49480 31130 6 16   84.71
    0.04810
    0.03217
   -0.16264
   -0.02376
   -0.05775
   -0.00492
   -0.09482
    0.09405
    0.04131
    0.04676
   -0.12909
    0.00356
   -0.03290
    0.04915
   -0.08968
    0.04141
    0.01257
    0.02392
   -0.15369
    0.06509
   -0.03976
    0.00579
   -0.02933
    0.05332
    0.01561
    0.03394
   -0.13371
    0.06636
   -0.00019
   -0.05451
    0.04397
    0.00632
    0.03410
    0.00902
   -0.10477
    0.02602
   -0.05273
   -0.06242
   -0.10697
    0.11279
    0.05142
    0.01010
   -0.05116
   -0.03569
   -0.06237
    0.01185
   -0.07007
    0.07827
    0.00289
    0.01157
   -0.15677
    0.06327
   -0.02172
   -0.06701
   -0.01061
    0.07846
    0.03802
    0.00444
   -0.11062
    0.03510
   -0.05415
    0.02196
   -0.06093
    0.05240
    0.04512
   -0.01829
   -0.12194
    0.05917
   -0.01440
   -0.07008
    0.01406
    0.06941
    0.03867
    0.02164
   -0.12001
    0.02987
   -0.05750
    0.04995
   -0.10176
    0.08128
    0.02303
   -0.00762
   -0.14011
    0.08191
   -0.03434
    0.01022
   -0.11057
    0.08615
    0.06480
    0.00573
   -0.15741
    0.07795
   -0.03709
    0.00826
   -0.08395
    0.07192
    0.01704
   -0.03291
   -0.10851
    0.09348
   -0.03775
   -0.11558
   -0.01423
    0.11804
   -0.00701
    0.03749
   -0.07160
    0.03029
   -0.08040
   -0.01340
   -0.07596
    0.10931
    0.23532
   -0.11816
   -0.24273
   -0.04354
    0.02706
   -0.09028
   -0.06547
    0.06449
    0.27170
   -0.22580
   -0.26125
   -0.14968
    0.05375
   -0.02571
   -0.09037
    0.06570
    0.04201
   -0.03769
   -0.09056
    0.04807
   -0.05795
   -0.05254
   -0.07265
    0.11752
    0.03265
   -0.00349
   -0.08138
    0.03284
   -0.03695
    0.04369
   -0.09040
    0.06894
    0.00783
    0.01415
   -0.08183
    0.05683
   -0.03498
   -0.00281
   -0.02906
    0.05635
   -0.00567
   -0.00488
   -0.07502
    0.09607
   -0.00145
   -0.02520
    0.00773
    0.01305
    0.03192
   -0.02205
   -0.08068
    0.04338
   -0.03813
   -0.08068
   -0.13373
    0.12932
   -0.02392
   -0.03419
    0.01237
    0.03840
   -0.02502
   -0.01111
   -0.09918
    0.10110
    0.00376
   -0.02927
   -0.10437
    0.09452
   -0.00977
   -0.08499
   -0.04719
    0.08893
    0.00300
   -0.01505
   -0.04952
    0.04746
   -0.04968
   -0.00878
   -0.07159
    0.07982
   -0.01018
    0.05523
   -0.14152
    0.06370
   -0.07302
   -0.04617
   -0.02710
    0.12436
    0.04691
    0.04255
   -0.11916
   -0.01451
   -0.00870
    0.05826
   -0.12442
    0.04255
   -0.02446
    0.01180
   -0.16630
    0.11858
   -0.02332
   -0.01971
   -0.10023
    0.08035
    0.03238
    0.00511
   -0.13007
    0.06724
   -0.02152
    0.01488
   -0.06364
    0.03982
   -0.01499
   -0.01506
   -0.13985
    0.10227
   -0.07674
   -0.07962
   -0.05511
    0.13466
    0.01482
    0.00915
   -0.07707
    0.03547
   -0.06808
   -0.00140
   -0.07692
    0.10851
    0.06998
   -0.06941
   -0.20204
    0.07957
   -0.00554
   -0.05908
   -0.05801
    0.06834
    0.10411
   -0.06188
   -0.12629
   -0.01287
   -0.02563
    0.02190
   -0.08413
    0.04891
    0.02897
    0.05098
   -0.17475
    0.04424
   -0.07315
    0.00901
   -0.06893
    0.09437
   -0.00203
    0.05693
   -0.15104
    0.05957
   -0.09132
    0.08684
   -0.15880
    0.07530
   -0.01227
    0.06491
   -0.18202
    0.06533
   -0.05351
    0.03345
   -0.07388
    0.06410
    0.00997
    0.05085
   -0.15614
    0.05650
   -0.03684
    0.03888
   -0.08855
    0.05166
    0.02122
   -0.01644
   -0.07863
    0.04483
   -0.07916
   -0.02458
   -0.07117
    0.10637
    0.01562
    0.05563
   -0.11287
    0.01572
   -0.06230
    0.06655
   -0.14258
    0.08542
    0.00184
    0.05317
   -0.18803
    0.05252
   -0.03452
   -0.00774
   -0.11753
    0.09351
    0.05723
    0.00668
   -0.12567
    0.01746
   -0.07345
    0.06761
   -0.14507
    0.07804
    0.03596
    0.01387
   -0.14301
    0.06288
   -0.03494
   -0.04795
   -0.06550
    0.10485
    0.01325
    0.02622
   -0.11267
    0.04294
   -0.05032
    0.04308
   -0.13605
    0.06582
   -0.00557
    0.02746
   -0.15385
    0.09581
   -0.13511
    0.11697
   -0.16824
    0.04593
    0.05432
   -0.00945
   -0.15566
    0.09376
   -0.05571
    0.02855
   -0.15628
    0.08388
    0.01845
   -0.01704
   -0.15318
    0.10328
   -0.02151
   -0.08734
   -0.08332
    0.12937
    0.03153
   -0.01635
   -0.05271
    0.02557
   -0.04782
   -0.01373
   -0.09661
    0.09494
    0.03357
   -0.00740
   -0.16469
    0.07276
   -0.04260
   -0.03711
   -0.03575
    0.08886
    0.08366
   -0.00771
   -0.14666
    0.01859
   -0.01970
    0.01829
   -0.14038
    0.09215
    0.05370
    0.01712
   -0.20707
    0.10184
   -0.06476
    0.00336
   -0.17501
    0.14410
    0.00414
    0.02970
   -0.08985
    0.04209
   -0.08425
    0.07124
   -0.20507
    0.13569
   -0.00052
    0.00997
   -0.16603
    0.11981
   -0.04038
    0.04084
   -0.14842
    0.11612
   -0.00456
    0.00043
   -0.18540
    0.15229
   -0.00879
   -0.00595
   -0.08423
    0.07689
    0.06311
   -0.02214
   -0.17995
    0.07829
   -0.06362
    0.00535
   -0.13718
    0.12962
    0.04749
   -0.01689
   -0.06557
    0.02033
   -0.09021
   -0.01754
   -0.13063
    0.16654
   -0.06013
    0.00184
   -0.13330
    0.14299
   -0.05845
   -0.03202
   -0.16731
    0.17460
    0.00002
    0.03110
   -0.17456
    0.11251
   -0.05517
   -0.00734
   -0.14923
    0.13252
   -0.10968
    0.14216
   -0.27332
    0.11395
   -0.04158
   -0.00726
   -0.00975
    0.05137
    0.01030
    0.02981
   -0.09998
    0.03069
   -0.04795
    0.06882
   -0.14489
    0.05795
   -0.06441
    0.04982
   -0.24029
    0.16463
   -0.08123
    0.06003
   -0.10563
    0.06503
   -0.01290
    0.06904
   -0.16427
    0.09174
   -0.09202
    0.08436
   -0.14245
    0.03683
   -0.13245
    0.15037
   -0.34090
    0.14518
   -0.05817
   -0.04068
   -0.08580
    0.10235
    0.00636
    0.04821
   -0.08440
    0.01785
   -0.10312
    0.03770
   -0.10797
    0.10267
   -0.01268
    0.02629
   -0.26910
    0.08988
   -0.05883
   -0.01824
   -0.09117
    0.09262
    0.06443
    0.00725
   -0.12715
    0.01520
   -0.08855
    0.03957
   -0.16305
    0.09849
    0.01687
    0.04595
   -0.11443
    0.03611
   -0.07590
   -0.00683
   -0.06218
    0.10467
    0.02202
    0.04285
   -0.07462
   -0.00106
   -0.05337
    0.03496
   -0.07016
    0.05597
   -0.02160
    0.02292
   -0.12956
    0.09847
   -0.02525
    0.00143
   -0.06838
    0.06835
    0.00386
    0.03775
   -0.12719
    0.08100
   -0.02112
   -0.02672
   -0.00274
    0.03144
   -0.02204
    0.06739
   -0.07554
    0.05135
   -0.07869
   -0.02687
   -0.08957
    0.10841
   -0.00280
    0.03457
   -0.03017
    0.00701
   -0.06154
    0.02915
   -0.07196
    0.07085
   -0.01617
    0.03146
   -0.15634
    0.08296
   -0.01376
   -0.05677
   -0.03331
    0.07566
    0.02446
   -0.00094
   -0.09727
    0.05470
   -0.06454
   -0.00028
   -0.06102
    0.07420
    0.03488
    0.03291
   -0.10602
    0.03357
   -0.04699
   -0.06831
    0.00924
    0.09629
    0.04855
    0.00881
   -0.07991
    0.00528
   -0.03769
    0.03097
   -0.10331
    0.07946
   -0.01275
    0.00859
   -0.10587
    0.09232
   -0.03943
    0.01073
   -0.06882
    0.07535
    0.03567
   -0.01925
   -0.11038
    0.09563
   -0.00465
   -0.01140
   -0.06785
    0.06178
    0.02506
    0.00593
   -0.11175
    0.06670
   -0.04843
   -0.03586
   -0.08874
    0.12177
    0.00124
   -0.01212
   -0.07595
    0.08294
   -0.01221
   -0.03926
   -0.04165
    0.07505
    0.22218
   -0.07689
   -0.24905
   -0.03914
    0.05305
   -0.09129
   -0.09486
    0.04891
    0.24438
   -0.17177
   -0.25395
   -0.08732
    0.09766
   -0.03274
   -0.08569
    0.05436
    0.02151
   -0.02279
   -0.09316
    0.07329
   -0.06912
   -0.01260
   -0.03199
    0.08737
    0.01989
    0.02492
   -0.03935
    0.00276
   -0.04601
    0.01543
   -0.07782
    0.08221
    0.00363
   -0.00852
   -0.11041
    0.10837
   -0.02219
   -0.01213
   -0.04346
    0.06328
   -0.01086
    0.05362
   -0.10161
    0.08628
    0.00911
   -0.00542
   -0.02498
    0.02355
    0.01235
   -0.04532
   -0.05410
    0.06010
   -0.04702
   -0.02031
   -0.08647
    0.09446
   -0.07449
   -0.10717
    0.09839
    0.00875
   -0.06264
   -0.00704
   -0.10285
    0.11828
   -0.03723
    0.00596
   -0.11129
    0.10245
   -0.05094
   -0.05936
   -0.06793
    0.12435
   -0.00428
   -0.01059
   -0.07138
    0.07948
   -0.08061
   -0.04341
   -0.09737
    0.11908
    0.03730
    0.05547
   -0.19611
    0.05605
   -0.05752
    0.00481
   -0.13708
    0.09981
    0.03118
    0.06832
   -0.17781
    0.02430
   -0.03070
    0.03654
   -0.08556
    0.05358
   -0.00374
    0.05990
   -0.24133
    0.12102
   -0.02329
   -0.00590
   -0.09843
    0.07856
    0.00344
    0.03859
   -0.10714
    0.06649
   -0.03810
    0.02905
   -0.08854
    0.05698
    0.00397
    0.04228
   -0.24022
    0.11225
   -0.05987
   -0.06587
   -0.10586
    0.13354
   -0.01005
    0.02671
   -0.06031
    0.03556
   -0.07676
   -0.03112
   -0.03248
    0.09512
    0.07530
   -0.03719
   -0.20902
    0.07513
   -0.01179
   -0.03902
   -0.12061
    0.08273
    0.07647
   -0.03308
   -0.12208
    0.01564
   -0.04441
    0.00765
   -0.12526
    0.09252
   -0.00313
    0.07568
   -0.16955
    0.04765
   -0.08627
    0.00365
   -0.03268
    0.09074
    0.03828
    0.07939
   -0.11452
   -0.03421
   -0.08753
    0.08076
   -0.08065
    0.03982
   -0.03897
    0.00582
   -0.18280
    0.11560
   -0.05750
   -0.00938
   -0.09538
    0.09874
    0.00876
    0.05837
   -0.15020
    0.04288
   -0.04822
    0.01002
   -0.01289
    0.03029
    0.00862
    0.04522
   -0.12125
    0.04624
   -0.09825
   -0.02541
   -0.01692
    0.09734
    0.01586
    0.05279
   -0.05621
   -0.01810
   -0.06518
    0.06275
   -0.08870
    0.06478
   -0.03718
    0.03162
   -0.18994
    0.07146
   -0.03420
   -0.03097
   -0.06729
    0.07467
    0.05492
    0.02032
   -0.11724
    0.00305
   -0.08107
    0.04983
   -0.08670
    0.05733
    0.01632
    0.01455
   -0.14388
    0.08136
   -0.06490
   -0.06853
   -0.03382
    0.12012
    0.05276
   -0.00368
   -0.12166
    0.03141
   -0.04668
    0.01421
   -0.11023
    0.07652
   -0.00299
    0.00985
   -0.14996
    0.09633
   -0.06997
    0.02976
   -0.09879
    0.07895
   -0.00683
    0.01189
   -0.13470
    0.11975
   -0.01263
   -0.01410
   -0.10128
    0.07636
    0.01162
   -0.04212
   -0.19909
    0.13396
   -0.06877
   -0.07880
   -0.10786
    0.16645
   -0.02340
   -0.02020
   -0.04968
    0.08281
   -0.03574
   -0.05696
   -0.07728
    0.11883
    0.08556
   -0.04254
   -0.21053
    0.07321
   -0.05415
   -0.07121
   -0.09637
    0.11391
    0.12520
   -0.04435
   -0.19168
    0.01273
    0.00285
   -0.02395
   -0.13491
    0.10737
    0.00941
    0.03550
   -0.15655
    0.08864
   -0.10408
   -0.03609
   -0.05812
    0.13764
    0.04946
    0.03716
   -0.11536
    0.00719
   -0.07931
    0.05195
   -0.11604
    0.09696
    0.00666
    0.02735
   -0.14141
    0.07404
   -0.09337
    0.02769
   -0.10589
    0.12233
    0.01370
   -0.01914
   -0.13591
    0.13701
   -0.03737
    0.00402
   -0.06726
    0.06968
    0.00287
   -0.02295
   -0.15803
    0.10903
   -0.11243
   -0.02773
   -0.11154
    0.14327
   -0.00892
   -0.01948
   -0.02264
    0.04109
   -0.08279
    0.00693
   -0.13224
    0.13803
   -0.07693
    0.02824
   -0.10478
    0.10354
   -0.09839
   -0.02170
   -0.06476
    0.13062
   -0.01354
    0.00813
   -0.09226
    0.07537
   -0.09671
   -0.00522
   -0.12896
    0.12506
   -0.03029
    0.08109
   -0.20568
    0.07970
   -0.11861
    0.00925
   -0.07205
    0.12997
    0.02528
    0.04889
   -0.09007
   -0.00460
   -0.06048
    0.04478
   -0.10643
    0.05468
   -0.01929
    0.02978
   -0.20730
    0.11088
   -0.08401
    0.00743
   -0.06784
    0.08966
    0.00318
    0.01621
   -0.13981
    0.09560
   -0.07053
    0.01051
   -0.10226
    0.06574
   -0.01932
    0.05855
   -0.24578
    0.11377
   -0.08782
   -0.05993
   -0.09324
    0.13194
   -0.00087
   -0.02038
   -0.06884
    0.06514
   -0.12242
    0.01121
   -0.10883
    0.11331
    0.00499
    0.01842
   -0.20843
    0.06684
   -0.07005
   -0.05374
   -0.00536
    0.08523
    0.03215
   -0.01393
   -0.09274
    0.04523
   -0.10244
   -0.01929
   -0.12903
    0.07730
