IntronPotTab 1 1024 0.55053
    0.04293
   -0.07104
   -0.07419
    0.02023
    0.01560
   -0.00067
   -0.04739
    0.02227
   -0.01058
   -0.02430
   -0.01239
    0.03928
    0.00125
   -0.06891
   -0.03329
    0.05321
    0.01163
   -0.02380
   -0.05998
    0.04422
   -0.02213
    0.05712
   -0.02043
   -0.00673
   -0.01137
   -0.02089
    0.00453
    0.02942
    0.04732
   -0.05764
   -0.02618
    0.03303
    0.00073
   -0.03236
   -0.02384
    0.04436
    0.00959
    0.00338
   -0.04838
    0.03207
   -0.04031
   -0.01945
    0.08017
   -0.00194
    0.01995
   -0.04212
   -0.00750
    0.02063
    0.00078
   -0.05654
   -0.01204
    0.03353
    0.01628
   -0.01148
   -0.02507
    0.01469
    0.00830
   -0.02368
   -0.03171
    0.03325
    0.02292
   -0.07301
   -0.03511
    0.04135
    0.04752
   -0.07737
   -0.09154
    0.04182
    0.02568
   -0.01523
   -0.06232
    0.03060
    0.00211
   -0.05060
   -0.02297
    0.05561
    0.04765
   -0.11222
   -0.04249
    0.06029
    0.02694
   -0.04241
   -0.04324
    0.03617
   -0.02853
    0.05233
   -0.06311
    0.03467
   -0.00725
   -0.06163
    0.03306
    0.02843
    0.09567
   -0.06832
   -0.07412
    0.04332
    0.02905
   -0.06180
   -0.03828
    0.04680
    0.02598
   -0.03839
   -0.01981
    0.02532
   -0.04519
   -0.07650
    0.04011
    0.07319
    0.02098
   -0.06228
   -0.00742
    0.03954
    0.03359
   -0.11372
    0.05453
    0.02643
    0.02384
   -0.03631
   -0.06168
    0.05398
    0.02718
   -0.07739
   -0.05597
    0.06345
    0.03737
   -0.10359
   -0.04334
    0.07128
    0.06792
   -0.05499
   -0.10794
    0.05514
    0.03695
   -0.00653
   -0.07195
    0.03800
    0.00537
   -0.02711
   -0.03522
    0.05301
    0.04934
   -0.05250
   -0.06826
    0.05753
    0.01629
   -0.00381
   -0.07542
    0.05889
   -0.02017
    0.04276
   -0.07070
    0.05652
   -0.00889
   -0.00312
   -0.02052
    0.03688
    0.09353
   -0.05246
   -0.06425
    0.03943
    0.02139
   -0.01584
   -0.05647
    0.04717
    0.01363
   -0.01288
   -0.06640
    0.06232
   -0.04598
   -0.05209
    0.07391
    0.03111
   -0.00543
   -0.02829
   -0.02095
    0.04408
    0.00087
   -0.05039
    0.01118
    0.03047
    0.01400
    0.01091
   -0.07308
    0.05177
    0.00192
   -0.02704
   -0.03157
    0.05348
    0.05038
   -0.08157
   -0.04220
    0.05426
   -0.00550
   -0.02944
   -0.03613
    0.04015
    0.00508
   -0.01539
   -0.03072
    0.03119
   -0.01170
   -0.04660
    0.01878
    0.03670
    0.00786
   -0.06441
   -0.02268
    0.03594
    0.01543
   -0.02869
   -0.01970
    0.01704
   -0.02084
    0.05002
   -0.03464
    0.01224
    0.02981
   -0.04668
    0.00662
   -0.00680
    0.06128
   -0.04625
   -0.04249
    0.03157
    0.00710
   -0.04257
   -0.01535
    0.03119
    0.01460
    0.00036
   -0.04574
    0.01963
   -0.02938
   -0.03611
    0.05278
    0.02892
    0.00861
   -0.05963
   -0.01043
    0.03611
    0.01067
   -0.06138
    0.00763
    0.01910
    0.01883
   -0.02986
   -0.03419
    0.02923
    0.02141
   -0.04294
   -0.01254
    0.01567
    0.00293
   -0.08083
   -0.03537
    0.05491
    0.04953
   -0.07002
   -0.09276
    0.02687
    0.01766
    0.03480
   -0.09629
    0.03208
   -0.01048
   -0.01072
   -0.01576
    0.03541
    0.02603
   -0.06122
   -0.05685
    0.04973
    0.00184
    0.00560
   -0.05094
    0.03069
   -0.01667
    0.06348
   -0.04856
    0.01265
   -0.00379
    0.00821
   -0.02691
    0.01745
    0.07475
   -0.05729
   -0.03420
    0.02402
    0.00174
    0.01646
   -0.00862
   -0.00637
   -0.01442
    0.02199
   -0.02511
    0.02220
   -0.03288
   -0.00516
    0.09055
   -0.02989
    0.04401
   -0.04720
   -0.01056
    0.00943
    0.01253
   -0.05415
   -0.01442
    0.02551
    0.01551
    0.01614
   -0.06675
    0.03171
    0.01093
   -0.01022
   -0.04984
    0.03383
    0.02400
   -0.07108
   -0.05562
    0.05334
    0.05409
   -0.07350
   -0.09432
    0.03381
    0.00277
   -0.00456
   -0.05953
    0.04383
    0.02794
   -0.05488
   -0.02059
    0.03695
    0.07237
   -0.09864
   -0.05606
    0.05897
    0.02790
   -0.01767
   -0.06210
    0.02293
   -0.07420
    0.09689
   -0.05977
   -0.02231
    0.00037
   -0.01288
    0.03373
   -0.02115
    0.09551
   -0.03776
   -0.04818
    0.00987
    0.01867
   -0.04472
   -0.03196
    0.03619
   -0.00605
   -0.01419
   -0.01166
    0.02864
   -0.02615
   -0.05972
    0.07483
    0.02355
    0.06514
   -0.06771
   -0.03751
    0.02518
    0.02077
   -0.09322
    0.05191
    0.02229
    0.01936
   -0.02176
   -0.06508
    0.05165
    0.01003
   -0.05161
   -0.02865
    0.05925
    0.09000
   -0.10626
   -0.06157
    0.08285
    0.08268
   -0.04247
   -0.15110
    0.03685
    0.02032
    0.03853
   -0.08212
    0.03767
    0.03409
   -0.03273
   -0.05424
    0.03166
    0.04847
   -0.04078
   -0.11040
    0.07390
    0.02042
    0.01157
   -0.08596
    0.03557
   -0.02135
    0.04772
   -0.03729
    0.02868
   -0.02690
    0.04140
   -0.04338
    0.01517
    0.07869
   -0.03023
   -0.07966
    0.04546
    0.04124
   -0.01628
   -0.08533
    0.03509
    0.01404
   -0.00019
   -0.02406
    0.01794
   -0.00968
   -0.07579
    0.07859
    0.00142
    0.08102
   -0.06107
   -0.06976
    0.03615
    0.03745
   -0.07083
   -0.04370
    0.04377
    0.02449
   -0.00420
   -0.07668
    0.06211
    0.01611
   -0.01187
   -0.05281
    0.03902
    0.05846
   -0.06405
   -0.08291
    0.06501
   -0.00868
   -0.02091
   -0.04157
    0.04504
   -0.01539
    0.02063
   -0.07180
    0.05100
   -0.00190
   -0.03871
    0.01306
    0.02419
    0.01632
   -0.04218
   -0.03500
    0.03545
    0.02345
   -0.04220
   -0.04615
    0.03284
   -0.03022
    0.06841
   -0.04937
    0.00980
    0.01735
   -0.01153
    0.00956
   -0.01763
    0.08809
   -0.04330
   -0.00646
   -0.00224
   -0.02907
   -0.00327
   -0.01412
    0.04944
   -0.00883
    0.00968
   -0.02711
    0.01997
   -0.04769
   -0.01536
    0.05542
    0.03461
    0.03331
   -0.02667
   -0.01848
    0.00833
    0.04079
   -0.11231
    0.02024
    0.01923
    0.00997
    0.00562
   -0.08046
    0.03504
    0.02660
   -0.03962
   -0.02798
    0.02051
    0.02841
   -0.06593
   -0.04250
    0.05227
    0.03902
   -0.04313
   -0.07479
    0.02445
    0.00185
    0.03724
   -0.05291
    0.01950
   -0.03345
   -0.00208
    0.00202
    0.05541
    0.02834
   -0.08253
   -0.03822
    0.05824
   -0.00205
    0.00218
   -0.02103
    0.01984
   -0.02460
    0.05039
   -0.01931
    0.00881
   -0.03532
   -0.01062
    0.02519
    0.03766
    0.06028
   -0.04159
   -0.02651
    0.01364
   -0.02244
    0.01600
   -0.00890
    0.03111
   -0.01269
    0.02394
   -0.03750
    0.03569
   -0.07101
   -0.01011
    0.10064
    0.00563
    0.03255
   -0.03552
   -0.02200
    0.02109
    0.00245
   -0.03945
    0.01017
    0.01539
    0.02816
   -0.04548
   -0.04342
    0.03643
    0.00559
   -0.03663
   -0.02578
    0.04588
    0.03841
   -0.10018
   -0.02414
    0.05413
    0.03587
   -0.05336
   -0.08114
    0.03539
    0.02437
   -0.02431
   -0.05524
    0.03121
    0.01480
   -0.05905
   -0.00096
    0.04740
    0.05288
   -0.10966
   -0.03446
    0.05706
    0.03345
   -0.03742
   -0.04958
    0.02206
   -0.01901
    0.05133
   -0.05278
    0.02299
   -0.00683
   -0.01640
    0.02885
    0.00302
    0.08280
   -0.05055
   -0.05498
    0.02429
    0.02576
   -0.06004
   -0.02798
    0.03551
    0.00224
   -0.02081
    0.00909
    0.00640
   -0.02994
   -0.03943
    0.08599
    0.01544
    0.03576
   -0.05695
    0.00377
    0.02220
    0.02441
   -0.08060
    0.04479
    0.00920
    0.02334
   -0.04485
   -0.05125
    0.05394
    0.01470
   -0.06262
   -0.03169
    0.06757
    0.06027
   -0.09817
   -0.03956
    0.07185
    0.04823
   -0.05423
   -0.08498
    0.04720
    0.00640
    0.05177
   -0.07958
    0.03493
   -0.00643
   -0.03974
    0.00108
    0.04878
    0.03761
   -0.07582
   -0.04865
    0.05543
    0.01160
   -0.00172
   -0.08438
    0.05422
   -0.01207
    0.06212
   -0.06602
    0.04038
   -0.02372
    0.01374
   -0.01033
    0.03157
    0.07276
   -0.04604
   -0.05321
    0.02709
   -0.01037
   -0.01023
   -0.03254
    0.05750
    0.00671
    0.00196
   -0.05048
    0.04768
   -0.08381
   -0.11987
    0.12893
   -0.01645
   -0.00951
   -0.05481
   -0.02821
    0.06078
   -0.05397
   -0.03200
    0.05439
    0.03239
   -0.00197
    0.03079
   -0.05604
    0.03973
   -0.02563
   -0.02655
   -0.00472
    0.06137
    0.03789
   -0.06532
   -0.04615
    0.04835
    0.02198
   -0.00460
   -0.10071
    0.03538
   -0.01142
    0.00074
   -0.01681
    0.02523
   -0.00696
   -0.01446
    0.00101
    0.01851
    0.02450
   -0.05044
   -0.03155
    0.03342
    0.01908
   -0.00537
   -0.04581
    0.01648
   -0.01863
    0.06910
   -0.03782
   -0.00144
   -0.01282
   -0.00277
    0.02810
   -0.00512
    0.06900
   -0.02862
    0.00716
   -0.02067
    0.01858
   -0.01605
   -0.06559
    0.03692
    0.00663
    0.01266
   -0.02975
    0.00681
   -0.04446
   -0.02626
    0.06993
    0.02034
    0.01109
   -0.04409
   -0.00180
    0.02157
    0.00650
   -0.02668
   -0.00950
    0.01654
    0.01536
   -0.02186
   -0.02819
    0.02254
   -0.00421
   -0.01575
   -0.02590
    0.03193
    0.01435
   -0.05612
   -0.04642
    0.05062
    0.02605
   -0.05603
   -0.06063
    0.02519
   -0.00137
    0.02235
   -0.04348
    0.01625
    0.00839
   -0.00782
   -0.00441
    0.00071
   -0.00703
   -0.05375
   -0.03972
    0.04607
   -0.00077
    0.00031
   -0.02953
    0.02487
   -0.00984
    0.04410
   -0.01016
   -0.01215
   -0.02675
   -0.04517
    0.07094
   -0.02121
    0.04252
   -0.06042
   -0.00160
    0.01632
   -0.00116
    0.00181
   -0.01847
    0.01624
    0.00413
   -0.00791
   -0.03951
    0.03411
   -0.02500
   -0.02203
    0.07432
   -0.01717
    0.00259
   -0.03739
    0.00414
    0.02003
   -0.00348
   -0.03383
   -0.01918
    0.02988
   -0.00143
   -0.01871
   -0.01522
    0.02903
   -0.00149
   -0.01612
   -0.01358
    0.02391
    0.00655
   -0.06591
   -0.02461
    0.03643
    0.05210
   -0.11484
   -0.07846
    0.04693
    0.02671
   -0.05138
   -0.04915
    0.04168
    0.02985
   -0.06235
   -0.05243
    0.06014
    0.04764
   -0.12238
   -0.02281
    0.06817
    0.05842
   -0.04670
   -0.08528
    0.03031
   -0.02227
    0.04206
   -0.01561
   -0.00093
    0.00473
   -0.04160
    0.02642
    0.01264
    0.11561
   -0.08130
   -0.02844
    0.03079
    0.03945
   -0.10164
   -0.03573
    0.04514
    0.02489
   -0.04331
   -0.02063
    0.03194
   -0.01292
   -0.07020
    0.06721
    0.03065
    0.04218
   -0.10725
    0.01983
    0.05331
    0.03894
   -0.12581
    0.04985
    0.02286
    0.03463
   -0.05707
   -0.01997
    0.03080
    0.04002
   -0.06581
   -0.03105
    0.03491
    0.09346
   -0.13121
   -0.01880
    0.08709
    0.05276
   -0.04530
   -0.11137
    0.04362
    0.01811
    0.00481
   -0.07664
    0.04686
    0.01284
   -0.02928
   -0.03150
    0.03642
    0.02158
   -0.00668
   -0.08885
    0.04949
    0.02698
   -0.00852
   -0.10742
    0.06203
    0.01486
    0.01598
   -0.07652
    0.03859
   -0.00049
   -0.01211
   -0.03499
    0.04248
    0.09428
   -0.05974
   -0.07887
    0.05559
    0.02237
   -0.03383
   -0.06547
    0.05202
    0.04366
   -0.01518
   -0.07471
    0.03688
   -0.02805
   -0.05108
    0.05637
    0.03242
    0.00805
   -0.04216
   -0.03505
    0.05515
    0.02565
   -0.07427
   -0.02185
    0.04066
    0.02540
   -0.01452
   -0.08442
    0.05776
    0.01131
   -0.02545
   -0.04610
    0.04627
    0.03676
   -0.08054
   -0.04754
    0.05389
    0.02059
   -0.05434
   -0.05270
    0.02403
   -0.00323
   -0.02770
   -0.00879
    0.03275
   -0.00037
   -0.02628
   -0.00292
    0.02699
   -0.00402
   -0.04722
   -0.02545
    0.03553
    0.03756
   -0.00110
   -0.10982
    0.03645
   -0.02414
    0.03557
   -0.01702
    0.01061
    0.02763
   -0.03249
   -0.00612
   -0.00090
    0.08191
   -0.05685
   -0.01297
    0.00863
    0.00823
   -0.04015
   -0.04086
    0.04115
    0.00388
   -0.00455
   -0.02429
    0.01692
   -0.02942
   -0.03413
    0.06255
    0.01545
   -0.01420
   -0.05724
   -0.00118
    0.03769
    0.03931
   -0.04218
   -0.05832
    0.01015
   -0.00070
   -0.02465
   -0.00455
    0.02330
    0.02224
   -0.04534
    0.00561
    0.00561
   -0.00636
   -0.06990
   -0.01414
    0.04541
