IntronPotTab 1 1024 -17.06277 0.41170 24.45115 65672 6 16  558.25
   -0.02501
    0.00086
    0.00283
    0.04103
   -0.01618
    0.01077
    0.00183
    0.01913
   -0.02602
    0.01381
   -0.01448
    0.03541
   -0.02187
   -0.00631
    0.01651
    0.01127
   -0.02766
   -0.00137
   -0.00612
    0.04011
   -0.01724
    0.00756
   -0.00787
    0.01610
   -0.03363
   -0.00658
   -0.00502
    0.03484
    0.00217
   -0.01377
   -0.00548
    0.01679
   -0.01002
   -0.01695
   -0.01073
    0.04310
   -0.00356
   -0.01323
   -0.01205
    0.01822
   -0.01504
    0.00566
    0.00985
    0.00545
   -0.00991
   -0.01752
    0.00610
    0.01380
   -0.02331
   -0.01383
    0.02853
    0.02389
   -0.00997
   -0.00535
    0.00424
    0.01532
   -0.01222
   -0.00221
   -0.01523
    0.02228
   -0.01205
   -0.00793
    0.02280
    0.00193
   -0.00165
   -0.02327
   -0.00563
    0.03159
   -0.00226
   -0.02999
    0.00057
    0.03324
   -0.01459
   -0.00782
   -0.02989
    0.05844
   -0.01017
   -0.03486
   -0.00833
    0.03544
    0.00028
   -0.00903
   -0.01414
    0.03034
   -0.00273
    0.00000
   -0.02438
    0.01390
   -0.02373
   -0.00460
   -0.02003
    0.04215
    0.01786
   -0.01224
   -0.02982
    0.04024
    0.00380
   -0.04718
   -0.00506
    0.05413
   -0.00017
   -0.06947
    0.01154
    0.05108
   -0.02385
   -0.01874
   -0.00291
    0.05063
   -0.01211
   -0.03989
    0.00732
    0.03246
    0.02349
   -0.06640
    0.01843
    0.00980
   -0.00339
   -0.02816
   -0.00617
    0.02843
    0.00104
   -0.01870
   -0.03927
    0.04380
   -0.00071
   -0.04379
    0.00942
    0.01933
    0.00103
   -0.01230
   -0.04290
    0.06243
   -0.00312
    0.00441
   -0.04599
    0.04015
   -0.02444
    0.01007
   -0.01446
    0.05577
   -0.00720
   -0.03788
   -0.01475
    0.04913
   -0.01406
   -0.01065
   -0.01391
    0.05029
   -0.01174
   -0.01294
   -0.01698
    0.03145
   -0.02314
   -0.00844
   -0.02152
    0.04738
    0.01247
   -0.01837
   -0.01386
    0.03255
    0.02436
   -0.03521
   -0.03451
    0.05304
    0.00448
   -0.03108
   -0.04108
    0.03840
   -0.00421
   -0.01845
   -0.01335
    0.03489
   -0.06488
   -0.00330
   -0.02385
    0.06143
    0.00592
   -0.06531
    0.01133
    0.02522
    0.00775
   -0.03014
   -0.01303
    0.01963
   -0.01157
   -0.01184
   -0.02618
    0.03775
    0.00520
   -0.04795
    0.00993
    0.01649
   -0.02398
    0.01042
    0.00294
    0.02995
   -0.00560
   -0.01282
   -0.00941
    0.02171
   -0.02035
    0.00862
   -0.01394
    0.03076
   -0.02126
   -0.01681
    0.00261
    0.02104
   -0.01947
    0.00107
   -0.00945
    0.03014
   -0.01437
    0.01251
   -0.02232
    0.01612
   -0.02597
    0.00314
   -0.00484
    0.02423
   -0.00492
   -0.01225
   -0.00121
    0.01484
   -0.00137
   -0.01832
   -0.01183
    0.02747
   -0.00061
   -0.02522
   -0.01588
    0.01871
   -0.00362
   -0.03452
    0.01501
    0.02570
   -0.01379
   -0.02112
   -0.00031
    0.02118
   -0.00590
   -0.02724
    0.01301
    0.01443
   -0.00098
   -0.00532
   -0.02412
    0.01046
   -0.00023
   -0.01148
   -0.02390
    0.02022
   -0.00488
   -0.01669
    0.00939
    0.00723
   -0.01437
   -0.01247
   -0.01753
    0.04763
   -0.00711
    0.00016
   -0.03460
    0.03210
   -0.02464
    0.01172
   -0.02515
    0.03953
    0.00451
   -0.01647
   -0.01469
    0.02213
   -0.02489
   -0.00200
   -0.01678
    0.04720
   -0.03021
    0.02873
   -0.01419
    0.01819
   -0.03889
    0.01307
   -0.03903
    0.03899
   -0.00163
   -0.00301
   -0.01440
    0.01985
    0.00761
   -0.03377
   -0.02192
    0.04944
   -0.01197
    0.00596
   -0.02564
    0.02193
   -0.00818
    0.02165
    0.00336
   -0.01198
   -0.00294
   -0.01230
   -0.01337
    0.02519
   -0.00248
   -0.02954
   -0.01044
    0.02559
   -0.01997
    0.00302
   -0.03557
    0.03210
   -0.02026
    0.00461
   -0.04866
    0.04141
   -0.01319
   -0.02257
    0.00052
    0.01639
    0.00870
   -0.01853
   -0.01966
    0.02609
    0.00756
   -0.02875
   -0.03291
    0.04149
    0.00217
   -0.01062
   -0.05174
    0.06421
    0.03248
   -0.05341
   -0.01607
    0.05517
   -0.00351
   -0.00156
   -0.01298
    0.02717
   -0.03133
    0.02640
   -0.05078
    0.01584
   -0.01583
   -0.00304
   -0.03941
    0.05492
   -0.01062
   -0.00234
   -0.02516
    0.04246
    0.01220
   -0.01756
   -0.02374
    0.04562
   -0.02205
   -0.01618
   -0.00557
    0.03269
   -0.03902
    0.00204
   -0.02174
    0.05806
    0.00342
   -0.02776
   -0.00586
    0.03910
    0.02376
   -0.06984
    0.00936
    0.02593
   -0.00858
   -0.01682
   -0.02683
    0.03405
   -0.00389
   -0.01118
   -0.05962
    0.06286
    0.00659
   -0.04206
   -0.02183
    0.03791
    0.00267
   -0.00432
   -0.03768
    0.05347
   -0.00754
    0.00784
   -0.05117
    0.04287
   -0.02002
    0.01559
   -0.03242
    0.04751
    0.02399
   -0.02426
   -0.03406
    0.05467
   -0.04081
    0.01550
   -0.01783
    0.04700
   -0.04464
    0.00514
    0.00206
    0.04000
   -0.03562
    0.00769
   -0.03713
    0.04366
    0.00725
    0.00025
   -0.01903
    0.03205
    0.02254
   -0.04095
   -0.01629
    0.05022
   -0.00287
   -0.01403
   -0.03067
    0.03934
   -0.02481
   -0.00059
   -0.00612
    0.03838
   -0.01215
   -0.01133
   -0.02509
    0.05053
    0.02157
   -0.06647
   -0.01490
    0.04129
   -0.00114
   -0.00174
   -0.02614
    0.01257
   -0.02467
    0.01329
   -0.05986
    0.04488
    0.00605
   -0.02437
   -0.01522
    0.02030
   -0.01284
    0.00404
   -0.03052
    0.02685
    0.00209
   -0.02564
   -0.05489
    0.03832
   -0.01460
   -0.00467
   -0.03217
    0.04276
    0.00911
   -0.03701
   -0.02780
    0.03055
   -0.02469
    0.00130
   -0.02072
    0.04329
   -0.03249
    0.02431
   -0.02413
    0.02089
   -0.02538
    0.00697
   -0.02175
    0.02980
    0.00166
   -0.00442
   -0.01081
    0.01882
    0.00064
    0.00720
   -0.03129
    0.02220
   -0.01791
    0.00418
   -0.03039
    0.02304
   -0.02937
    0.00685
   -0.00340
    0.03257
   -0.00400
   -0.00975
   -0.01138
    0.02104
    0.01131
   -0.06550
   -0.00257
    0.02954
   -0.01223
    0.00373
   -0.05109
    0.02046
   -0.00564
   -0.01000
   -0.04379
    0.03763
    0.00094
   -0.02051
   -0.01261
    0.01905
   -0.02357
   -0.00679
   -0.00974
    0.04936
   -0.00467
   -0.00635
   -0.00496
    0.01641
   -0.04528
    0.02010
   -0.01131
    0.05879
   -0.00740
   -0.02090
   -0.00526
    0.02747
   -0.02792
   -0.01378
   -0.00581
    0.05173
   -0.03194
    0.01044
   -0.02633
    0.03160
   -0.05154
   -0.02454
   -0.00628
    0.07108
    0.00622
   -0.01928
   -0.00584
    0.02157
   -0.00567
   -0.00601
   -0.02095
    0.04981
   -0.00799
   -0.00462
   -0.01885
    0.02220
   -0.02894
    0.01547
    0.00094
    0.03249
   -0.00776
   -0.02680
   -0.00241
    0.02919
    0.00305
   -0.02977
   -0.03005
    0.03325
    0.00011
   -0.00937
   -0.01929
    0.01472
   -0.00702
    0.00434
   -0.04615
    0.04917
    0.00076
   -0.02621
    0.00139
    0.01187
    0.00256
   -0.01048
   -0.02527
    0.03048
    0.00470
   -0.02464
    0.00027
    0.01762
   -0.00238
   -0.00065
   -0.03895
    0.05601
    0.01010
   -0.04116
   -0.00458
    0.03452
   -0.00924
    0.00913
    0.00149
   -0.00285
   -0.01332
    0.00984
   -0.01409
    0.01159
   -0.03717
    0.00688
   -0.02489
    0.04263
   -0.00045
   -0.01357
   -0.00681
    0.02544
    0.00927
   -0.03031
   -0.01818
    0.04992
   -0.01689
   -0.01925
    0.00094
    0.02735
   -0.03279
   -0.00436
   -0.00990
    0.05218
    0.01499
   -0.07344
    0.01624
    0.04913
    0.02073
   -0.05638
    0.01227
    0.00723
    0.00733
   -0.02719
   -0.01182
    0.02517
   -0.00284
   -0.00739
   -0.05431
    0.05649
    0.00954
   -0.04357
   -0.00145
    0.02852
    0.00171
   -0.02282
   -0.03217
    0.06096
   -0.00263
   -0.00980
   -0.03764
    0.04383
   -0.00688
    0.00503
   -0.02306
    0.05324
    0.00648
   -0.03718
   -0.02634
    0.05505
   -0.01676
   -0.00284
   -0.00179
    0.02555
   -0.02407
    0.00742
   -0.01925
    0.03012
   -0.01716
    0.03459
   -0.02568
    0.00799
    0.00283
   -0.01434
   -0.01333
    0.03645
    0.01065
   -0.02916
   -0.02426
    0.05032
   -0.00742
   -0.01248
   -0.04461
    0.04133
   -0.02118
   -0.01450
    0.00715
    0.02640
   -0.01886
   -0.04130
   -0.01132
    0.04824
    0.00156
   -0.05084
   -0.01065
    0.05029
    0.00694
   -0.02345
   -0.01490
    0.01970
   -0.03010
    0.01019
   -0.03218
    0.05382
    0.00273
   -0.03933
   -0.01402
    0.02924
   -0.01292
    0.01518
   -0.07275
    0.04506
    0.00828
   -0.01776
   -0.03994
    0.02130
   -0.00465
    0.02025
   -0.04567
    0.02244
   -0.00295
   -0.02089
   -0.02479
    0.02724
   -0.03807
    0.00835
   -0.00853
    0.03642
   -0.02475
    0.01314
   -0.02866
    0.02586
   -0.01584
   -0.00203
   -0.00939
    0.02296
    0.01090
   -0.00635
   -0.02175
    0.03256
    0.00333
    0.00194
   -0.04491
    0.03941
   -0.00492
   -0.02486
   -0.00784
    0.02312
   -0.02058
    0.00379
   -0.00587
    0.02736
   -0.00564
   -0.03676
    0.00115
    0.02403
    0.00169
   -0.03190
   -0.00807
    0.02761
    0.00083
   -0.00474
   -0.03821
    0.01234
   -0.00461
    0.00361
   -0.03488
    0.02637
    0.00722
   -0.02455
   -0.01115
    0.01736
   -0.01889
    0.00216
   -0.00330
    0.02552
   -0.01980
    0.00045
    0.01131
    0.02194
   -0.01978
    0.02294
   -0.01920
    0.02129
   -0.02294
    0.00153
    0.00842
    0.00966
   -0.02765
    0.00141
   -0.00569
    0.02973
    0.00339
    0.01019
   -0.00649
   -0.00648
   -0.04376
    0.00483
   -0.02191
    0.04323
   -0.00067
   -0.01147
   -0.00555
    0.01410
    0.00161
   -0.01125
   -0.01229
    0.01587
   -0.01137
   -0.00627
   -0.02194
    0.02509
   -0.00694
   -0.00058
   -0.00805
    0.01512
   -0.01498
   -0.00982
   -0.01251
    0.02313
   -0.00394
   -0.01043
    0.00806
    0.00398
   -0.00599
   -0.00882
   -0.00901
    0.01357
   -0.02173
    0.00313
   -0.01925
    0.02727
   -0.01044
   -0.02006
    0.00475
    0.01105
   -0.00121
   -0.02063
   -0.00383
    0.02526
    0.00072
   -0.03767
    0.00676
    0.03154
   -0.02834
   -0.00024
   -0.02601
    0.06160
   -0.00185
   -0.04416
   -0.00129
    0.03627
    0.00099
   -0.00446
   -0.02548
    0.03551
   -0.01085
    0.00204
   -0.02766
    0.02041
   -0.02665
   -0.00104
   -0.03990
    0.05183
    0.01888
   -0.01501
   -0.01139
    0.02888
    0.00414
   -0.02618
   -0.00672
    0.02628
   -0.00300
   -0.03004
   -0.00632
    0.02699
   -0.03162
   -0.00866
   -0.00832
    0.04689
   -0.00731
   -0.04825
    0.02324
    0.02693
    0.02895
   -0.06221
    0.01471
    0.00268
    0.00999
   -0.03322
   -0.02928
    0.02539
   -0.02923
   -0.00539
   -0.03683
    0.05416
    0.01040
   -0.04266
   -0.00108
    0.02499
    0.00649
   -0.01587
   -0.04272
    0.04805
   -0.00953
   -0.00809
   -0.03580
    0.03941
   -0.00520
    0.00755
   -0.03894
    0.04655
    0.01825
   -0.02023
   -0.03408
    0.04091
   -0.02110
    0.00717
   -0.02514
    0.04912
   -0.01435
   -0.01050
   -0.02519
    0.03305
   -0.02269
   -0.00853
   -0.04184
    0.04687
    0.00991
   -0.00911
   -0.02159
    0.03714
    0.02449
   -0.03946
   -0.03567
    0.04762
    0.00431
   -0.02398
   -0.06232
    0.04330
   -0.00712
   -0.02080
   -0.01315
    0.03857
    0.00091
   -0.02908
   -0.03454
    0.05465
    0.01130
   -0.05358
    0.00053
    0.01950
    0.00261
   -0.02001
   -0.02197
    0.01890
   -0.01622
   -0.00881
   -0.03842
    0.02285
   -0.00034
   -0.03044
   -0.00610
    0.01715
   -0.01408
    0.00077
   -0.00157
    0.02154
   -0.00688
   -0.01706
   -0.00384
    0.02320
   -0.00786
    0.00366
   -0.02344
    0.02495
   -0.01192
   -0.01488
    0.00019
    0.01145
   -0.02830
    0.00370
   -0.00822
    0.02789
   -0.01550
    0.00590
   -0.03207
    0.01698
   -0.02909
    0.00573
   -0.00799
    0.02385
    0.00288
   -0.01427
    0.00039
    0.00958
    0.00330
   -0.00928
   -0.01466
    0.01436
   -0.00740
   -0.00687
   -0.02785
    0.01787
   -0.01675
   -0.00905
   -0.00398
    0.02811
   -0.01195
   -0.01894
    0.00517
    0.01215
   -0.00289
   -0.02229
    0.00687
    0.01246
   -0.00954
    0.00031
   -0.02441
    0.01184
   -0.00930
   -0.00091
   -0.01914
    0.01984
    0.00492
   -0.00652
    0.00600
   -0.00220
