IntronPotTab 1 1024 5.39689
   -0.00885
    0.12753
   -0.24229
    0.11409
   -0.02326
    0.05520
   -0.09844
    0.10292
   -0.07918
    0.15524
   -0.08409
    0.03688
    0.01254
   -0.01738
   -0.09919
    0.11070
   -0.03528
    0.17474
   -0.33455
    0.00129
    0.02789
    0.05979
   -0.04601
   -0.06839
   -0.06328
    0.11777
   -0.21253
    0.07058
    0.07536
    0.05347
   -0.06591
   -0.04360
   -0.05464
    0.10006
   -0.07063
    0.10230
   -0.04072
    0.00153
   -0.09671
    0.12515
   -0.13447
    0.10630
   -0.06164
    0.05846
   -0.07072
   -0.04036
    0.04065
    0.03878
   -0.00889
   -0.06340
   -0.22030
    0.16794
    0.02120
   -0.03477
   -0.10385
    0.11304
   -0.04079
    0.08509
   -0.12971
    0.07704
    0.07870
   -0.03082
   -0.09619
    0.05341
   -0.04044
    0.12614
   -0.34790
    0.15037
    0.07218
   -0.23034
    0.02022
   -0.08284
   -0.03740
    0.04433
   -0.18859
    0.17046
    0.09687
   -0.14195
   -0.03780
    0.17473
   -0.03504
    0.14387
   -0.39499
   -0.01007
    0.05477
    0.07153
   -0.16567
   -0.00121
   -0.22775
    0.17695
   -0.27925
   -0.00869
    0.15115
    0.01852
   -0.15789
    0.08344
   -0.31739
    0.23555
   -0.49084
   -0.12112
    0.22834
   -0.26335
   -0.08312
   -0.07932
   -0.10087
    0.05780
   -0.13745
    0.06029
   -0.14100
   -0.11853
    0.06784
    0.13403
    0.31732
   -0.17251
   -0.13085
    0.05735
    0.24863
   -0.13173
   -0.24110
    0.08102
    0.28230
   -0.09513
   -0.27245
    0.06672
    0.34311
   -0.09917
   -0.13093
    0.14518
    0.10835
    0.03835
   -0.18834
    0.28701
    0.08031
   -0.07679
   -0.21592
    0.31795
    0.05255
    0.03407
   -0.20107
    0.17971
    0.13292
   -0.06956
   -0.15066
    0.28183
    0.04499
    0.10553
   -0.19364
    0.11808
    0.05778
    0.01377
   -0.20277
    0.14551
   -0.08056
    0.09170
   -0.19289
    0.14889
    0.25766
    0.00088
   -0.07642
    0.03080
    0.02928
    0.06839
   -0.09286
    0.12368
    0.11448
   -0.08491
   -0.13604
    0.23505
   -0.02180
   -0.04218
    0.01170
    0.08781
   -0.03336
   -0.08460
   -0.00132
    0.15033
    0.17693
   -0.10921
   -0.12407
    0.25873
    0.06554
   -0.08020
   -0.17052
    0.28776
   -0.01803
    0.04804
   -0.20116
    0.18707
    0.19026
   -0.11858
   -0.05204
    0.16378
   -0.16512
    0.08794
   -0.24924
    0.20133
    0.05273
   -0.13112
   -0.02923
    0.09926
   -0.03256
    0.04292
   -0.14792
    0.12325
    0.06402
   -0.15286
   -0.11983
    0.10019
   -0.07046
    0.04827
   -0.26219
    0.14352
    0.01121
    0.08735
   -0.11915
   -0.01202
   -0.14518
    0.09584
   -0.18085
    0.12361
    0.13187
    0.02128
   -0.12349
    0.01646
   -0.12657
    0.08890
   -0.23024
    0.16235
    0.01182
   -0.12128
    0.03025
    0.07601
   -0.10837
    0.01848
   -0.07425
    0.10947
   -0.11117
   -0.12764
    0.09574
    0.04122
   -0.03361
   -0.13679
   -0.32929
    0.16100
    0.04752
   -0.02948
   -0.18262
    0.11662
    0.02177
    0.01372
   -0.14422
    0.09100
    0.17668
   -0.12551
   -0.14393
    0.03675
   -0.08684
    0.15111
   -0.25593
    0.15211
    0.00132
    0.05227
   -0.09493
    0.05311
   -0.07577
    0.09794
   -0.13150
    0.11894
   -0.05755
    0.02237
   -0.10135
    0.12838
   -0.24819
    0.14680
   -0.47885
   -0.16194
    0.04114
    0.05711
   -0.03179
   -0.10602
    0.04797
    0.12094
   -0.33321
   -0.20275
    0.00714
    0.09389
   -0.11104
   -0.03512
   -0.09419
    0.11403
   -0.02966
    0.00897
   -0.05052
    0.09363
   -0.11231
    0.06982
   -0.11634
    0.13057
   -0.09140
   -0.01183
   -0.11457
    0.00706
    0.00936
    0.04568
   -0.03356
    0.01255
   -0.21858
    0.16344
    0.04459
   -0.03545
   -0.10802
    0.07766
   -0.07319
    0.07783
   -0.18455
    0.12048
    0.02209
    0.02718
   -0.13198
    0.08176
    0.00700
    0.10509
   -0.34343
    0.19216
    0.05255
    0.03465
   -0.20336
    0.06978
   -0.03250
    0.03930
   -0.17108
    0.14692
    0.02784
   -0.02935
   -0.15041
    0.20368
    0.03904
    0.09088
   -0.34606
    0.08927
   -0.14947
    0.20077
   -0.31524
   -0.02068
   -0.15043
    0.08937
   -0.15450
    0.08512
   -0.01172
    0.05466
   -0.21836
    0.07707
   -0.01074
    0.04317
   -0.19033
    0.17597
    0.20507
   -0.08303
   -0.13925
   -0.00660
   -0.05267
   -0.01380
   -0.05622
    0.10221
   -0.13534
   -0.12879
    0.09564
    0.08942
    0.25345
   -0.15316
   -0.04069
    0.09370
    0.03288
    0.03747
   -0.27871
    0.17274
    0.14312
   -0.02055
   -0.18319
    0.12217
    0.23501
   -0.01961
   -0.22513
    0.23442
    0.08429
    0.07402
   -0.26809
    0.24026
    0.28966
   -0.12430
   -0.40100
   -0.03894
   -0.01231
    0.04002
   -0.20937
    0.22874
    0.06888
   -0.03095
   -0.11911
    0.23486
   -0.18483
    0.20752
   -0.54295
   -0.07331
    0.03432
    0.05026
   -0.16176
    0.11493
   -0.16340
    0.08312
   -0.29226
    0.18165
    0.13862
    0.02554
   -0.13538
    0.09505
   -0.00672
    0.08558
   -0.12086
    0.10409
    0.08481
   -0.05797
   -0.11674
    0.19049
   -0.10737
   -0.03170
    0.00866
    0.11051
   -0.22526
   -0.10238
    0.06187
    0.10951
    0.19010
   -0.09879
   -0.21515
    0.38662
    0.02809
   -0.08366
   -0.08037
    0.20484
   -0.37448
   -0.09096
   -0.41237
    0.25205
    0.01085
   -0.01881
   -0.08312
    0.17430
   -0.19045
    0.15903
   -0.28682
    0.06910
    0.01211
   -0.02572
   -0.18031
    0.17373
   -0.06099
    0.06702
   -0.13083
    0.07961
    0.07698
   -0.09564
   -0.11692
    0.14876
   -0.25437
    0.21536
   -0.35491
    0.01009
   -0.10422
    0.21073
   -0.14312
   -0.02771
   -0.16981
    0.14027
   -0.21414
    0.09280
   -0.11595
    0.11710
   -0.16739
   -0.02624
   -0.29586
    0.25638
   -0.36710
    0.02571
   -0.05616
    0.01392
   -0.04371
    0.06123
   -0.19642
    0.06694
   -0.07922
    0.09284
   -0.15952
   -0.07002
    0.08316
    0.01035
   -0.06194
    0.06604
   -0.26006
    0.06749
   -0.06428
   -0.01840
   -0.10130
    0.09623
   -0.14122
    0.10060
   -0.12231
    0.10842
    0.03580
    0.05135
   -0.14559
    0.05253
   -0.08350
    0.16091
   -0.16711
    0.13576
   -0.02573
    0.03808
   -0.07733
    0.09167
   -0.05412
    0.12076
   -0.11364
    0.10708
   -0.03999
   -0.07316
   -0.01299
    0.11198
   -0.40197
    0.27323
   -0.53516
   -0.20178
    0.01052
    0.02780
   -0.00337
   -0.03617
   -0.17163
    0.15397
   -0.17068
    0.16081
   -0.04051
    0.06502
    0.01921
   -0.08836
   -0.15182
    0.09451
    0.02196
    0.06324
   -0.12404
    0.05126
   -0.08032
    0.13593
   -0.14690
    0.12107
   -0.01865
    0.04795
   -0.15251
   -0.05353
    0.08012
    0.00746
   -0.02354
    0.00586
   -0.17849
    0.15575
   -0.01020
   -0.05210
   -0.00357
    0.04624
   -0.00887
    0.02078
   -0.06476
    0.07995
    0.05435
   -0.10126
   -0.01100
    0.06760
   -0.06685
    0.12627
   -0.26178
    0.20159
    0.17330
   -0.20054
   -0.05380
   -0.03886
   -0.05670
    0.03931
   -0.17248
    0.18941
    0.02923
   -0.14676
   -0.02124
    0.19791
   -0.06496
    0.12725
   -0.25606
    0.07891
   -0.06086
    0.18447
   -0.13204
    0.00815
   -0.21995
    0.07039
   -0.19499
    0.19682
    0.06477
   -0.00419
   -0.06377
    0.05155
   -0.07314
    0.05245
   -0.16332
    0.18441
   -0.00630
   -0.14013
    0.06692
    0.05898
   -0.26384
   -0.09287
   -0.17509
    0.30536
   -0.37347
   -0.30758
    0.17041
   -0.05562
    0.35562
   -0.21536
   -0.18287
   -0.00057
    0.21487
   -0.15939
   -0.22713
    0.11878
    0.31070
   -0.11900
   -0.22849
    0.05923
    0.33576
   -0.13757
   -0.11954
    0.23768
    0.02817
    0.00828
   -0.22780
    0.30400
   -0.02390
    0.01233
   -0.16184
    0.20835
   -0.05447
    0.05279
   -0.09503
    0.20201
    0.01905
   -0.05716
   -0.08451
    0.21565
   -0.10621
    0.20730
   -0.27977
    0.06979
   -0.04212
    0.08478
   -0.12195
    0.10865
   -0.18504
    0.06628
   -0.07659
    0.17333
    0.05014
   -0.00537
    0.00001
   -0.01395
   -0.03790
    0.08003
   -0.07491
    0.10449
   -0.09359
   -0.01350
   -0.08599
    0.21900
   -0.19622
   -0.05691
    0.12294
    0.00282
   -0.16852
   -0.09786
    0.04841
    0.10632
    0.12899
   -0.07608
   -0.17711
    0.25836
   -0.09098
   -0.09054
    0.02244
    0.12148
   -0.22281
   -0.05635
   -0.01599
    0.22613
   -0.01209
   -0.13717
    0.00453
    0.15225
   -0.12247
    0.13331
   -0.25356
    0.18437
    0.05417
   -0.10874
   -0.04502
    0.12342
   -0.14291
    0.11680
   -0.21236
    0.15383
    0.02455
   -0.12309
    0.00131
    0.08393
   -0.14755
    0.09252
   -0.23708
    0.16536
   -0.06636
    0.14231
   -0.02996
   -0.02899
   -0.51544
   -0.14599
   -0.45871
    0.31603
   -0.02034
    0.03581
   -0.02047
   -0.01223
   -0.11182
    0.12441
   -0.17101
    0.13939
   -0.23885
   -0.15890
    0.16211
   -0.07119
   -0.29849
    0.00353
   -0.11537
    0.16369
   -0.44077
    0.01447
    0.07283
   -0.17768
    0.06329
   -0.07937
   -0.30675
    0.19471
   -0.05724
   -0.08600
   -0.09666
    0.16235
   -0.17802
    0.02087
   -0.10634
    0.16195
    0.03707
   -0.03779
   -0.06179
    0.08032
   -0.08424
    0.09140
   -0.24151
    0.12506
   -0.04043
    0.00474
   -0.01321
    0.06809
   -0.02001
    0.06726
   -0.11767
    0.05347
   -0.03816
   -0.01012
   -0.09095
    0.10006
   -0.07909
    0.11341
   -0.27780
    0.08218
    0.04091
    0.10570
   -0.08164
   -0.06720
   -0.09578
    0.07807
   -0.16501
    0.07799
    0.09800
    0.01119
   -0.07949
   -0.00009
    0.00017
    0.00235
   -0.11927
    0.13640
   -0.00699
   -0.08927
   -0.08624
    0.18835
    0.01567
    0.05282
   -0.07117
   -0.02136
   -0.02170
   -0.10489
    0.01798
    0.08145
   -0.10246
   -0.13564
   -0.28522
    0.14535
    0.01440
   -0.09257
   -0.10223
    0.11947
   -0.06129
   -0.00582
   -0.16138
    0.12385
    0.10314
   -0.11145
   -0.16884
    0.05926
    0.04124
    0.03271
   -0.32383
    0.27231
    0.07363
   -0.07857
   -0.09838
    0.16594
    0.00517
   -0.00415
   -0.17872
    0.16779
    0.05587
   -0.07123
   -0.10617
    0.22064
    0.02728
    0.05168
   -0.31890
    0.14837
   -0.10778
    0.13952
   -0.23595
    0.05753
   -0.11217
    0.03591
   -0.16583
    0.13565
    0.18223
    0.00586
   -0.16318
    0.06242
   -0.00064
   -0.00722
   -0.16117
    0.18407
    0.07211
   -0.15169
   -0.03738
    0.15994
   -0.02338
   -0.04603
   -0.06272
    0.13661
   -0.31082
   -0.32875
    0.20047
    0.05613
    0.27924
   -0.21793
   -0.09033
    0.17382
    0.11641
   -0.18158
   -0.28460
    0.24278
    0.22667
   -0.08313
   -0.21488
    0.12810
    0.24691
   -0.05415
   -0.22515
    0.20883
    0.08346
    0.05581
   -0.28059
    0.27920
    0.06909
   -0.05364
   -0.12207
    0.21346
    0.03320
   -0.01642
   -0.20431
    0.23092
    0.04842
   -0.07448
   -0.06716
    0.21302
    0.04537
    0.06477
   -0.28524
    0.20181
    0.00744
   -0.04268
   -0.07950
    0.15697
   -0.21042
   -0.15085
   -0.10608
    0.24140
    0.21205
   -0.03131
   -0.04887
    0.06429
    0.05847
    0.02858
   -0.17670
    0.18053
   -0.00457
   -0.13594
   -0.07697
    0.28788
   -0.12152
   -0.05601
   -0.02207
    0.16715
   -0.18996
   -0.09222
    0.03055
    0.12584
    0.10794
   -0.12135
   -0.23974
    0.32906
   -0.14400
   -0.37105
    0.11153
    0.04305
   -0.32490
   -0.03420
   -0.31293
    0.15965
    0.10857
   -0.13976
   -0.02857
    0.14417
   -0.14272
    0.07451
   -0.27127
    0.13557
   -0.00631
   -0.09215
   -0.05555
    0.14679
   -0.02947
    0.01747
   -0.18493
    0.12621
   -0.00450
   -0.16539
   -0.19043
    0.09550
   -0.07780
    0.05001
   -0.28115
    0.12698
   -0.07837
    0.11905
   -0.13642
    0.02062
   -0.25673
    0.07702
   -0.27211
    0.16912
    0.08328
   -0.02522
   -0.16188
    0.05857
   -0.08171
    0.11429
   -0.26438
    0.13934
   -0.01432
   -0.12954
   -0.01384
    0.13081
   -0.14917
   -0.01548
   -0.07759
    0.12850
   -0.16119
   -0.16615
    0.06668
    0.07789
   -0.03136
   -0.10991
   -0.27386
    0.10572
   -0.03798
   -0.06027
   -0.08380
    0.10307
   -0.07631
    0.01964
   -0.14137
    0.10906
    0.09270
   -0.05396
   -0.12376
    0.06140
