IntronPotTab 1 1024 -2.30883 0.34314 5.84645 42845 6 16   54.12
    0.08017
   -0.07583
   -0.08449
   -0.08071
    0.02096
   -0.06353
   -0.09035
    0.05525
    0.05212
   -0.06131
   -0.00544
   -0.04510
    0.07199
   -0.11035
   -0.01153
   -0.02971
    0.00861
    0.00096
   -0.09194
    0.04487
   -0.04849
    0.05865
   -0.03283
    0.04426
   -0.01709
    0.02641
   -0.03982
    0.02514
    0.09154
    0.01189
   -0.02624
   -0.06024
    0.02276
   -0.05199
    0.03956
   -0.04540
    0.00808
   -0.07079
   -0.02283
    0.03852
    0.01938
   -0.06069
    0.11197
   -0.07091
    0.02800
   -0.05546
    0.02786
   -0.02064
    0.01513
   -0.02800
   -0.05400
    0.02399
    0.01452
   -0.04835
   -0.08295
    0.05153
    0.02670
   -0.03164
   -0.04467
    0.02191
    0.04738
   -0.04660
   -0.02852
    0.00878
    0.05170
   -0.04180
   -0.07743
    0.02321
    0.08158
   -0.15607
   -0.03470
   -0.00626
    0.03852
   -0.04249
   -0.04124
    0.02243
    0.07488
   -0.10961
    0.01583
   -0.01103
   -0.00333
   -0.03695
   -0.07957
    0.06943
   -0.03307
    0.10367
   -0.05255
   -0.00612
   -0.01100
   -0.00942
   -0.02793
    0.03214
    0.03722
   -0.00701
   -0.04518
    0.00986
    0.02538
   -0.04989
   -0.04093
    0.03432
    0.02091
   -0.08346
    0.10459
   -0.02714
    0.01375
    0.00326
    0.03222
   -0.03441
    0.02642
   -0.05032
    0.00647
    0.00500
    0.25750
   -0.19441
   -0.14178
   -0.09565
    0.14167
   -0.09654
   -0.15328
   -0.04479
    0.18329
   -0.13383
   -0.14727
   -0.03888
    0.14098
   -0.10198
   -0.06944
    0.01945
    0.07949
   -0.06979
   -0.08292
   -0.02913
    0.02679
   -0.11000
   -0.08528
    0.07882
    0.12664
   -0.16476
   -0.09069
   -0.07422
    0.07304
   -0.07142
   -0.01716
   -0.01983
    0.00649
   -0.02929
   -0.07965
    0.06509
   -0.01310
    0.02223
   -0.02601
    0.01922
    0.00543
    0.00656
   -0.06596
    0.02539
    0.10296
   -0.05416
   -0.05251
   -0.00598
    0.02279
   -0.05100
    0.00355
   -0.00635
   -0.00707
   -0.05534
   -0.04638
    0.05495
    0.02944
   -0.09722
    0.11679
   -0.06899
   -0.04191
   -0.04018
   -0.05015
    0.10148
    0.01370
   -0.03106
   -0.06718
    0.04367
    0.01986
   -0.03785
   -0.10890
    0.04851
    0.01188
   -0.07139
   -0.03270
    0.05455
    0.05747
   -0.06955
   -0.05426
    0.03843
   -0.01568
    0.04727
   -0.05711
    0.02411
    0.02773
   -0.15965
   -0.08428
    0.08634
    0.05169
   -0.05658
   -0.04848
    0.00217
    0.10832
   -0.16288
   -0.05759
   -0.03564
   -0.01455
   -0.02692
   -0.06747
    0.05782
   -0.02929
    0.06676
   -0.04576
    0.01994
    0.01520
    0.00900
   -0.03030
   -0.00825
    0.09794
   -0.01586
   -0.04431
   -0.03326
   -0.01250
    0.02540
   -0.05391
    0.02227
    0.02509
   -0.10346
   -0.02695
    0.03540
    0.04236
   -0.05211
    0.03610
   -0.02902
    0.04639
   -0.09251
    0.03273
   -0.01147
    0.07197
   -0.08358
   -0.13839
    0.02540
    0.02480
   -0.07482
   -0.06169
    0.03089
    0.04954
   -0.05654
   -0.08341
    0.02958
    0.06774
   -0.08419
   -0.07389
    0.03096
    0.03404
    0.01885
   -0.07346
   -0.00113
   -0.02898
    0.01391
   -0.06766
    0.07006
    0.00261
   -0.00892
   -0.04223
    0.03401
    0.02781
   -0.06330
   -0.01142
    0.02393
   -0.06263
    0.11061
   -0.13125
    0.03908
   -0.04259
    0.07493
   -0.00474
    0.01653
   -0.08318
    0.06214
   -0.06125
    0.06309
    0.09204
    0.03313
   -0.07886
   -0.03232
    0.00508
    0.03920
   -0.02520
   -0.01321
   -0.03465
    0.03039
   -0.03439
    0.04579
    0.00437
    0.02013
    0.06477
   -0.06022
    0.00759
    0.01031
   -0.01587
   -0.00111
   -0.03344
    0.00254
   -0.09519
    0.06153
   -0.01208
   -0.02938
   -0.05425
    0.06074
   -0.00247
   -0.00145
   -0.06451
    0.04714
    0.01754
   -0.02822
   -0.04575
    0.03635
    0.01259
    0.03047
   -0.07385
    0.02243
    0.02954
   -0.07033
   -0.05263
    0.05289
    0.02981
   -0.05035
   -0.01320
    0.02145
    0.01883
   -0.06200
   -0.00633
    0.03656
   -0.06222
    0.08500
   -0.05045
    0.03637
   -0.10808
    0.14187
   -0.07800
   -0.01124
   -0.05812
    0.05428
   -0.00828
    0.01801
    0.01449
   -0.02055
   -0.08906
    0.04170
   -0.00122
    0.02206
   -0.04783
    0.02112
   -0.01789
   -0.02630
    0.00870
    0.03391
   -0.00993
    0.00765
    0.07886
   -0.04006
    0.03254
   -0.02332
   -0.07089
    0.03760
    0.09116
   -0.07526
   -0.09588
    0.00845
   -0.00822
    0.00437
   -0.06085
    0.02773
    0.01129
   -0.04252
   -0.04532
    0.04525
    0.05458
   -0.07735
   -0.09354
    0.07108
    0.01814
    0.00388
   -0.10630
    0.04607
   -0.02752
   -0.01885
   -0.08687
    0.10313
    0.04964
   -0.07107
   -0.05041
    0.02181
    0.01650
   -0.04033
   -0.03221
    0.04276
   -0.06562
    0.05621
   -0.06557
    0.05684
   -0.03264
    0.00766
    0.01550
    0.02937
   -0.11871
    0.12491
   -0.08397
    0.03487
    0.07756
   -0.01129
   -0.05110
   -0.00243
    0.00426
   -0.00419
    0.04256
   -0.02543
   -0.02601
   -0.01060
   -0.03827
    0.05393
   -0.00359
   -0.02171
    0.05385
   -0.01307
   -0.02727
   -0.03229
   -0.05913
    0.08853
   -0.06148
    0.01426
   -0.05524
    0.06080
   -0.00355
   -0.03304
   -0.07143
    0.05928
   -0.06106
   -0.04571
   -0.08327
    0.11983
    0.06159
   -0.04934
   -0.08289
    0.04929
   -0.09537
    0.23669
   -0.20608
    0.02498
    0.02359
   -0.06450
   -0.04450
    0.02657
    0.00158
   -0.02236
   -0.03082
    0.02782
    0.04177
   -0.07140
   -0.03584
    0.02493
   -0.10293
    0.09457
   -0.15751
    0.10287
   -0.07781
    0.09803
    0.02478
    0.01284
    0.01614
    0.02595
   -0.02306
   -0.02098
    0.03701
    0.04218
   -0.11209
    0.00138
   -0.10409
    0.21421
   -0.14144
    0.00386
    0.01043
    0.00907
    0.05659
   -0.02906
    0.00502
    0.01191
    0.04226
   -0.03380
    0.00716
   -0.03620
    0.00217
    0.01419
   -0.00750
   -0.02573
   -0.13718
    0.05619
   -0.03012
   -0.00771
   -0.05667
    0.04513
   -0.01509
    0.00616
   -0.07225
    0.05698
    0.02003
   -0.05039
   -0.08202
    0.04957
    0.01868
   -0.01965
   -0.00040
   -0.01690
    0.00495
   -0.03374
   -0.04736
    0.04651
    0.00908
   -0.03794
   -0.00618
    0.02695
    0.03537
   -0.07767
    0.02011
   -0.01092
   -0.02681
    0.00919
   -0.03946
    0.04753
   -0.04074
    0.03214
   -0.00890
    0.04257
   -0.05792
    0.03689
   -0.00246
    0.06122
    0.08344
   -0.01386
    0.00046
   -0.05097
   -0.05351
   -0.08590
    0.15641
   -0.07515
   -0.05461
   -0.01829
    0.04176
    0.05606
   -0.02098
   -0.05585
    0.13794
   -0.05047
   -0.00272
   -0.05721
    0.05186
   -0.01218
   -0.02118
   -0.06448
   -0.03605
    0.06583
    0.01528
   -0.07126
   -0.05994
    0.05957
   -0.00041
   -0.05048
    0.00803
    0.03098
    0.06242
   -0.07025
   -0.01984
    0.01143
    0.02779
   -0.01708
   -0.09167
    0.04599
    0.04147
   -0.09337
   -0.01526
    0.02670
    0.04246
   -0.07052
   -0.05007
    0.05967
    0.07363
   -0.15304
    0.04668
    0.00032
   -0.03883
    0.04639
   -0.03331
    0.03137
   -0.05345
    0.05294
    0.06125
    0.01114
   -0.05560
    0.02464
    0.02411
    0.02564
    0.06348
   -0.01118
   -0.02562
   -0.01342
   -0.00004
   -0.00925
    0.00274
    0.00396
    0.00063
   -0.10298
    0.12293
   -0.00384
    0.02431
   -0.03086
    0.07187
   -0.04352
    0.02263
   -0.10455
    0.07188
   -0.01492
    0.21291
   -0.17202
   -0.12651
   -0.05543
    0.09638
   -0.14283
   -0.09827
   -0.00021
    0.12568
   -0.09953
   -0.08314
   -0.00042
    0.14452
   -0.14967
   -0.04948
    0.02655
    0.04368
   -0.04462
   -0.08990
    0.04056
    0.00458
   -0.05012
   -0.07226
    0.07549
    0.05380
   -0.11510
   -0.04102
    0.04777
    0.04975
   -0.08921
    0.01320
   -0.00114
   -0.01378
   -0.04039
   -0.02873
    0.05506
   -0.00157
    0.02007
    0.00126
   -0.01033
   -0.04278
    0.02006
    0.03987
    0.00221
    0.08980
   -0.03803
   -0.03050
   -0.01579
    0.00436
   -0.05941
    0.02853
    0.00036
   -0.00867
   -0.03751
   -0.06547
    0.06223
   -0.01817
   -0.11172
    0.15261
   -0.10668
   -0.05078
   -0.06665
   -0.00180
    0.07675
   -0.03501
   -0.02295
    0.01723
    0.03608
   -0.00859
   -0.00377
   -0.07050
    0.05050
   -0.02138
   -0.07183
   -0.02320
    0.08361
    0.06620
   -0.10340
   -0.04276
    0.04317
    0.00222
    0.06210
   -0.14555
    0.04545
   -0.01172
   -0.09084
   -0.11239
    0.11075
    0.02087
   -0.04132
   -0.06685
    0.04164
    0.09009
   -0.16625
   -0.01625
    0.01305
   -0.04609
    0.01448
   -0.04980
    0.06476
   -0.02112
    0.05677
   -0.02396
    0.00499
   -0.00148
   -0.00767
    0.02330
   -0.00507
    0.10418
   -0.03749
   -0.00494
   -0.04227
    0.00049
    0.00842
   -0.04751
    0.01816
    0.01951
   -0.08777
    0.07063
   -0.00167
    0.00503
   -0.01614
    0.10608
   -0.05599
    0.01282
   -0.18408
    0.15427
   -0.08480
    0.02966
   -0.03837
   -0.11608
    0.03940
   -0.00765
   -0.04789
   -0.05116
    0.05273
    0.00679
   -0.02826
   -0.03450
    0.03327
    0.04613
   -0.08501
   -0.03819
    0.03641
    0.02152
    0.03798
   -0.09425
    0.01208
   -0.01172
    0.01893
   -0.06823
    0.03659
    0.05234
   -0.00274
   -0.03831
   -0.04093
    0.02865
   -0.02240
   -0.02871
   -0.00430
   -0.02975
    0.01427
   -0.13978
    0.08938
   -0.02487
    0.05218
   -0.01271
    0.00801
   -0.03201
    0.02293
   -0.04300
    0.04397
    0.07667
    0.02219
   -0.04247
   -0.04678
   -0.02493
    0.00771
    0.00162
    0.02163
   -0.02958
   -0.01084
   -0.02098
    0.04814
    0.04738
   -0.03428
    0.05511
   -0.06263
    0.03652
   -0.01450
   -0.02642
   -0.01624
   -0.08259
   -0.03453
   -0.14641
    0.09142
   -0.00909
   -0.06210
   -0.08941
    0.08221
   -0.02184
    0.00931
   -0.09341
    0.06836
    0.03734
   -0.05469
   -0.04185
    0.01938
    0.01340
    0.01306
   -0.10914
    0.05287
    0.02207
   -0.08589
   -0.05372
    0.05841
    0.03040
   -0.03796
   -0.06723
    0.04555
    0.03813
   -0.10647
    0.00527
    0.04595
   -0.03561
   -0.02071
   -0.05992
    0.07482
   -0.06122
    0.09626
   -0.06477
    0.02293
   -0.04554
    0.03022
    0.01621
    0.01143
    0.10324
   -0.06857
   -0.05744
    0.02062
   -0.00431
   -0.02652
   -0.01096
    0.02587
   -0.01368
   -0.03585
    0.01867
    0.02747
    0.01922
   -0.01025
    0.02446
   -0.02125
    0.01700
   -0.07765
   -0.01443
    0.05349
    0.13531
   -0.13539
   -0.10213
   -0.00030
    0.04349
   -0.07545
   -0.11515
    0.03977
    0.05732
   -0.07116
   -0.08058
    0.04315
    0.11652
   -0.13515
   -0.08898
    0.06705
    0.03848
   -0.00039
   -0.14064
    0.04849
   -0.00012
   -0.03209
   -0.09748
    0.07265
    0.05283
   -0.04852
   -0.07223
    0.02576
    0.04450
   -0.06543
   -0.04073
    0.03494
   -0.03048
   -0.00008
   -0.10274
    0.07922
   -0.01733
    0.05191
   -0.05622
    0.01925
   -0.04340
    0.01695
   -0.01874
    0.03527
    0.09525
   -0.01496
   -0.09891
    0.02566
   -0.00406
   -0.01087
   -0.03294
    0.02437
   -0.02468
   -0.02602
   -0.03957
    0.05598
    0.02597
   -0.03977
    0.07939
   -0.04949
   -0.00586
   -0.03720
   -0.05846
    0.07524
   -0.05621
   -0.01872
   -0.08920
    0.08082
   -0.00734
   -0.03304
   -0.08845
    0.06536
   -0.06384
   -0.06469
   -0.14306
    0.12844
    0.06338
   -0.07457
   -0.10014
    0.07299
   -0.03206
    0.13459
   -0.12485
    0.01660
   -0.00666
   -0.12040
   -0.09322
    0.10283
    0.00864
   -0.03880
   -0.02287
    0.03145
    0.02942
   -0.11530
   -0.05307
    0.04454
   -0.04102
    0.02516
   -0.14493
    0.08367
   -0.06262
    0.06818
   -0.00164
    0.02700
   -0.00149
   -0.01226
   -0.00039
    0.00885
    0.06280
    0.00002
   -0.04593
   -0.01080
   -0.03625
    0.07287
   -0.10761
    0.03467
   -0.00862
   -0.04922
   -0.02716
    0.03737
    0.01142
   -0.02884
    0.03675
   -0.01157
    0.00802
   -0.07940
    0.00906
    0.02648
   -0.01896
   -0.03514
   -0.13789
    0.06241
   -0.03010
   -0.04749
   -0.06608
    0.05918
   -0.00820
   -0.02506
   -0.07622
    0.06862
   -0.02351
   -0.11590
   -0.11405
    0.07866
