IntronPotTab 1 1024 1.22836
   -0.05165
    0.06501
   -0.07725
    0.05720
   -0.07284
    0.04296
   -0.00804
    0.04305
   -0.03605
    0.02685
   -0.02175
    0.03314
   -0.08267
   -0.01088
    0.01441
    0.04777
   -0.03045
    0.06814
   -0.14613
    0.07131
   -0.04639
    0.02761
   -0.01276
    0.03143
    0.00631
   -0.01549
   -0.04884
    0.04567
    0.02778
   -0.01798
    0.02060
   -0.00996
   -0.04285
    0.04038
   -0.01500
    0.03833
   -0.04704
   -0.09175
    0.09990
    0.00702
    0.01989
   -0.01183
    0.03070
   -0.04978
   -0.07478
   -0.04061
    0.04219
    0.03139
   -0.02084
    0.04247
   -0.14092
    0.04947
   -0.02301
   -0.05893
    0.01834
    0.06097
    0.03935
   -0.01093
   -0.05261
    0.01908
   -0.04247
   -0.00061
   -0.01232
    0.03105
   -0.01129
    0.03320
   -0.11934
    0.07977
   -0.02668
    0.00017
   -0.04179
    0.06407
    0.00873
   -0.02799
   -0.07309
    0.08333
   -0.04588
   -0.01605
   -0.02028
    0.05644
    0.01567
    0.04810
   -0.22002
    0.06720
   -0.02926
    0.04946
   -0.06712
    0.03372
    0.08048
   -0.06682
   -0.08190
    0.04227
    0.03993
   -0.01120
   -0.05283
    0.04245
    0.05972
   -0.03555
   -0.08773
    0.06366
   -0.00986
   -0.08810
    0.00237
    0.09568
    0.08210
   -0.08759
   -0.03960
    0.02097
   -0.09089
   -0.04040
    0.00216
    0.08385
    0.20423
   -0.09164
   -0.16006
   -0.00941
    0.05548
   -0.06052
   -0.07378
    0.06467
    0.17253
   -0.07611
   -0.11994
   -0.00205
    0.08675
   -0.02244
   -0.05363
    0.03956
   -0.00652
    0.02053
   -0.07839
    0.08788
   -0.03331
   -0.01409
   -0.00433
    0.05469
   -0.01128
    0.00200
   -0.02621
    0.04211
   -0.02916
   -0.05425
    0.00781
    0.04930
    0.00882
    0.04323
   -0.11249
    0.05943
   -0.03363
   -0.01478
   -0.00179
    0.05840
    0.02782
    0.01610
   -0.04737
   -0.00507
    0.06963
   -0.02662
   -0.00724
    0.01219
   -0.00844
    0.02834
   -0.02226
    0.01579
   -0.09889
    0.01614
    0.03990
    0.02748
   -0.00881
   -0.07711
    0.07522
   -0.01607
   -0.14251
   -0.00201
   -0.00690
    0.08513
    0.04105
   -0.01086
   -0.10495
    0.05279
    0.01567
   -0.08966
   -0.00404
    0.07880
   -0.00091
    0.00647
   -0.02214
    0.02149
    0.03422
   -0.04798
   -0.01819
    0.05053
   -0.09409
    0.13865
   -0.13900
    0.06002
   -0.07679
    0.01554
   -0.07759
    0.11278
   -0.05507
    0.03804
   -0.02958
    0.03795
   -0.10026
   -0.00582
   -0.02589
    0.07425
   -0.03382
    0.09305
   -0.18616
    0.05012
   -0.05887
    0.06293
   -0.06111
    0.04798
   -0.00763
    0.00434
   -0.07307
    0.05622
   -0.01240
    0.02606
   -0.04166
    0.01004
    0.01109
    0.03630
   -0.13054
    0.06036
   -0.03932
   -0.03237
   -0.00902
    0.07829
    0.02307
   -0.04215
   -0.01106
    0.02090
   -0.12141
   -0.02137
    0.01482
    0.07099
    0.05374
    0.02627
   -0.15924
    0.00632
    0.02043
   -0.03089
   -0.05410
    0.05643
    0.04708
   -0.01998
   -0.06098
    0.02442
   -0.00489
    0.00499
   -0.04338
    0.03599
   -0.06128
    0.08386
   -0.10232
    0.07329
   -0.07652
    0.04427
   -0.02404
    0.06333
   -0.04296
    0.01179
   -0.03487
    0.06599
   -0.08116
    0.02178
   -0.03686
    0.06429
   -0.04682
    0.09808
   -0.19764
    0.07047
   -0.05543
    0.06302
   -0.04418
    0.03716
   -0.03106
    0.00700
   -0.07461
    0.08072
   -0.01488
    0.03134
   -0.04750
    0.00857
   -0.01636
   -0.01773
    0.02507
    0.00860
   -0.06879
   -0.05536
    0.05094
    0.06599
    0.02943
   -0.02822
    0.02404
   -0.03860
   -0.08221
   -0.01822
    0.00438
    0.05798
    0.00415
    0.00360
   -0.15635
    0.06738
   -0.03638
   -0.02997
   -0.01296
    0.08449
   -0.01947
    0.00709
   -0.06235
    0.06813
   -0.05771
    0.01296
   -0.04647
    0.04922
   -0.03935
    0.08815
   -0.17173
    0.08363
   -0.04176
    0.02012
   -0.07758
    0.08159
    0.02770
   -0.04767
   -0.04682
    0.06406
   -0.03082
   -0.00360
   -0.07095
    0.07216
   -0.04028
    0.09506
   -0.29751
    0.07986
   -0.09244
    0.13224
   -0.15290
    0.04385
   -0.01795
    0.00763
   -0.10574
    0.07677
   -0.01252
   -0.00183
   -0.10587
    0.07675
   -0.02166
   -0.05384
    0.03370
    0.05019
   -0.03489
   -0.02805
   -0.02973
    0.10229
    0.10133
   -0.09275
   -0.04644
    0.00956
   -0.07316
   -0.04394
   -0.03148
    0.11512
    0.17417
   -0.04799
   -0.21612
   -0.01064
    0.05541
   -0.03987
   -0.09188
    0.09346
    0.07501
   -0.02434
   -0.11633
    0.06127
    0.06499
   -0.01375
   -0.09635
    0.08213
   -0.03582
    0.01594
   -0.07455
    0.10748
   -0.02505
    0.01662
   -0.07913
    0.11571
   -0.07029
    0.00464
    0.02796
    0.03295
   -0.01539
   -0.02556
   -0.04754
    0.08645
    0.00112
    0.04188
   -0.16066
    0.10299
   -0.03941
    0.01645
   -0.03138
    0.06862
    0.04210
   -0.07915
   -0.01856
    0.05276
    0.05713
   -0.01842
   -0.01742
    0.02114
    0.00197
   -0.07349
    0.05547
   -0.01179
   -0.01402
   -0.01108
   -0.05806
    0.12137
    0.01488
   -0.07695
    0.05120
   -0.01893
   -0.08706
   -0.03631
   -0.02099
    0.12270
    0.05372
   -0.03209
   -0.15458
    0.10199
    0.00576
   -0.04574
   -0.06139
    0.12024
   -0.02494
   -0.00273
   -0.05402
    0.09320
    0.00818
   -0.04206
   -0.05411
    0.08958
   -0.13236
    0.16201
   -0.09092
    0.02244
   -0.07253
    0.05489
   -0.08238
    0.07972
   -0.03009
   -0.03255
    0.01528
    0.04907
   -0.07211
   -0.00116
   -0.05180
    0.07059
   -0.07820
    0.09013
   -0.27766
    0.09830
   -0.06778
    0.09447
   -0.09291
    0.02931
   -0.02760
    0.02084
   -0.09428
    0.07333
    0.00608
    0.01589
   -0.07537
    0.03678
   -0.10278
    0.17297
   -0.19967
    0.04519
   -0.06973
    0.03767
   -0.03906
    0.07228
    0.01577
   -0.02465
   -0.02947
    0.02836
   -0.10208
    0.01890
   -0.04056
    0.06986
    0.00779
    0.03782
   -0.21580
    0.03756
   -0.01289
    0.01239
   -0.06042
    0.04422
   -0.01047
    0.02025
   -0.09329
    0.07494
    0.00038
    0.02523
   -0.08653
    0.05707
   -0.06324
    0.06403
   -0.05960
    0.06213
   -0.06148
    0.02447
   -0.00991
    0.05178
   -0.07291
    0.07871
   -0.04459
    0.05434
   -0.06564
   -0.02643
    0.02447
    0.03759
   -0.04711
    0.07703
   -0.10388
    0.05124
   -0.06997
   -0.02664
    0.06626
    0.03047
   -0.04661
   -0.01443
   -0.02764
    0.08853
   -0.00450
   -0.01203
    0.02086
   -0.00632
   -0.04303
    0.05339
   -0.00937
    0.01223
   -0.06561
   -0.06603
    0.08145
    0.00668
   -0.04913
    0.14188
   -0.00972
   -0.06604
   -0.09349
   -0.01605
    0.05175
   -0.00392
   -0.01336
    0.01529
   -0.07941
    0.04125
    0.00720
   -0.05850
    0.00754
    0.04794
   -0.04119
   -0.00057
   -0.00944
    0.05397
   -0.02258
   -0.01361
    0.00352
    0.01762
   -0.02087
    0.03000
   -0.10798
    0.09385
   -0.02743
   -0.02414
   -0.04109
    0.09046
    0.01699
   -0.04429
   -0.05641
    0.08604
   -0.03114
   -0.05303
   -0.00866
    0.07378
    0.01021
    0.01406
   -0.14602
    0.07671
   -0.04631
    0.04642
   -0.04898
    0.04648
   -0.00891
   -0.08061
    0.04738
    0.05551
    0.16815
   -0.05930
   -0.03874
    0.03514
    0.08071
   -0.09056
   -0.03143
    0.03736
   -0.02985
   -0.08854
    0.00135
    0.10441
    0.10097
   -0.15459
   -0.01551
    0.02450
   -0.03750
   -0.08803
    0.03108
    0.07183
    0.17150
   -0.09549
   -0.09169
   -0.00295
    0.09734
   -0.10804
   -0.07719
    0.07390
    0.17010
   -0.12131
   -0.10084
    0.03556
    0.12048
   -0.07419
   -0.04510
    0.07278
   -0.03127
    0.01185
   -0.06873
    0.11273
   -0.01642
   -0.04256
   -0.02754
    0.08961
   -0.05766
    0.02944
   -0.01737
    0.06548
   -0.02994
   -0.07667
    0.00344
    0.07722
   -0.01632
    0.02448
   -0.09884
    0.09433
   -0.05978
   -0.03981
   -0.03430
    0.12875
    0.05303
   -0.02507
   -0.06925
    0.04153
    0.01172
   -0.02878
    0.00482
    0.01905
   -0.00468
    0.01098
   -0.02578
    0.03311
   -0.02680
   -0.06431
   -0.00772
    0.09209
   -0.07724
   -0.09724
    0.13284
   -0.02591
   -0.12754
   -0.08103
    0.04606
    0.05812
   -0.01470
   -0.01386
   -0.05729
    0.07163
   -0.02282
   -0.08722
   -0.01177
    0.11660
   -0.07630
   -0.02093
    0.00618
    0.08784
   -0.01117
   -0.07983
   -0.00966
    0.07820
   -0.06029
    0.16846
   -0.26778
    0.09330
   -0.04975
    0.01942
   -0.12920
    0.12548
   -0.04653
    0.04066
   -0.07072
    0.05886
   -0.07610
   -0.00519
   -0.07524
    0.09488
   -0.04768
    0.07822
   -0.17252
    0.08626
   -0.09331
    0.04622
   -0.00535
    0.06049
    0.00286
   -0.00467
   -0.06665
    0.05748
    0.01212
    0.01182
   -0.03656
    0.01570
    0.03267
    0.10002
   -0.25916
    0.10960
   -0.05731
   -0.02673
   -0.04220
    0.11250
    0.00745
   -0.05463
   -0.03011
    0.06070
   -0.11152
   -0.03014
    0.02258
    0.05342
    0.05338
    0.01860
   -0.17190
    0.03581
   -0.01428
   -0.02813
   -0.04897
    0.08371
    0.00131
    0.00594
   -0.05700
    0.05276
   -0.01776
    0.00001
   -0.05954
    0.06810
   -0.03000
    0.09884
   -0.11000
    0.03073
   -0.06059
    0.05712
   -0.01788
    0.03116
   -0.05154
    0.12132
   -0.08419
   -0.01167
   -0.10874
    0.06308
   -0.03148
    0.03824
   -0.03228
    0.06369
   -0.14433
    0.07128
   -0.05305
    0.03353
   -0.02658
    0.04826
   -0.03036
   -0.01057
   -0.02802
    0.06126
   -0.02976
    0.02762
   -0.01094
   -0.00663
   -0.01027
    0.02995
   -0.00745
   -0.00451
   -0.06503
   -0.06132
    0.05999
    0.05434
    0.00031
    0.05845
   -0.00027
   -0.05423
   -0.08885
   -0.02238
    0.01746
    0.05179
    0.01075
    0.03129
   -0.12184
    0.02219
   -0.04241
   -0.05611
   -0.00059
    0.09694
    0.00182
   -0.00130
   -0.04026
    0.03377
   -0.06631
    0.02372
   -0.01550
    0.01917
   -0.01821
    0.04539
   -0.15893
    0.10502
   -0.01330
   -0.00258
   -0.06161
    0.07059
    0.01271
   -0.04237
   -0.07251
    0.09182
   -0.01459
   -0.04692
   -0.02457
    0.07665
   -0.00733
    0.04390
   -0.23463
    0.11135
   -0.05839
    0.05726
   -0.11260
    0.08288
    0.00000
   -0.01619
   -0.09917
    0.08846
    0.09008
   -0.03777
   -0.06067
    0.06471
    0.00766
   -0.02667
   -0.06863
    0.08858
   -0.02032
   -0.06816
   -0.02669
    0.11232
    0.02479
   -0.08252
   -0.02367
    0.07342
   -0.07670
   -0.09818
    0.02290
    0.12296
    0.17185
   -0.07908
   -0.21435
    0.02601
    0.09475
   -0.08046
   -0.09173
    0.07823
    0.12477
   -0.06451
   -0.12476
    0.05309
    0.13811
   -0.05939
   -0.04963
    0.06575
    0.00028
    0.04975
   -0.11851
    0.08596
   -0.02482
    0.04747
   -0.06517
    0.06309
    0.03303
    0.00414
   -0.02344
   -0.01580
   -0.03584
    0.00514
   -0.04104
    0.06765
   -0.00140
    0.05025
   -0.16022
    0.10727
   -0.03110
   -0.01013
   -0.04332
    0.09801
    0.04425
   -0.03967
   -0.07463
    0.06186
    0.04599
   -0.00979
   -0.04579
    0.04252
    0.00627
   -0.00704
   -0.03291
    0.04261
   -0.02744
   -0.05193
   -0.02238
    0.10916
   -0.00200
   -0.05055
    0.05327
   -0.02191
   -0.08041
   -0.03778
   -0.01958
    0.10757
    0.02897
   -0.00755
   -0.14485
    0.08254
   -0.03093
   -0.05539
   -0.03127
    0.12678
   -0.01417
   -0.00975
   -0.04318
    0.07533
   -0.01344
   -0.01459
   -0.05851
    0.07940
   -0.07424
    0.12410
   -0.15494
    0.06429
   -0.06761
    0.03009
   -0.05011
    0.08238
   -0.05071
    0.00378
   -0.04526
    0.08283
   -0.05433
   -0.01057
   -0.02209
    0.05074
   -0.04548
    0.09595
   -0.21620
    0.08304
   -0.09263
    0.06808
   -0.06584
    0.07384
   -0.01327
   -0.00613
   -0.08892
    0.09020
    0.02763
    0.01426
   -0.04065
    0.00762
   -0.02339
    0.08620
   -0.13419
    0.05714
   -0.04656
   -0.02204
   -0.01770
    0.08198
   -0.01257
   -0.03392
    0.00125
    0.04064
   -0.13888
   -0.02068
    0.00525
    0.07531
    0.04582
    0.02438
   -0.20093
    0.03723
   -0.02201
   -0.02872
   -0.03411
    0.07761
    0.00280
    0.01093
   -0.07817
    0.06456
   -0.02079
   -0.00916
   -0.04886
    0.06863
