IntronPotTab 1 1024 0.55371
    0.02726
   -0.02645
   -0.00834
   -0.03703
    0.01629
    0.01168
   -0.05772
    0.00048
    0.00145
    0.00345
    0.01885
   -0.01784
    0.00357
   -0.02632
   -0.00541
    0.01733
   -0.00595
    0.01308
   -0.03186
    0.02618
    0.00585
    0.02655
   -0.05894
    0.00558
    0.01350
   -0.01683
    0.01407
   -0.00271
    0.03666
   -0.05076
   -0.01031
    0.01167
   -0.01195
   -0.00962
    0.05313
   -0.02090
    0.01266
    0.00682
   -0.02706
   -0.00353
   -0.02266
   -0.00467
    0.05565
   -0.01405
    0.00978
   -0.01701
    0.01775
   -0.01599
   -0.03605
    0.04730
   -0.04083
    0.02769
    0.00740
   -0.01220
   -0.06093
    0.03334
    0.00864
   -0.01234
   -0.00591
    0.01039
    0.00369
   -0.02460
    0.00453
    0.00771
    0.00756
    0.04874
   -0.04078
   -0.02129
    0.01157
    0.00546
   -0.12998
    0.05702
    0.01972
   -0.00388
   -0.00132
   -0.01853
    0.02745
    0.00091
   -0.01936
   -0.00594
   -0.04931
    0.12447
   -0.04694
   -0.04426
   -0.02851
    0.04404
   -0.08333
    0.06536
    0.11845
   -0.03648
   -0.05826
   -0.04937
    0.02595
    0.01912
   -0.03357
    0.00458
    0.01605
    0.00254
   -0.00504
   -0.01126
    0.04026
   -0.02461
   -0.04672
    0.00582
   -0.01373
   -0.02128
    0.05132
    0.00104
    0.02865
   -0.07466
    0.00975
    0.03034
    0.07176
    0.05406
   -0.17133
   -0.02798
   -0.03699
    0.04815
   -0.09183
    0.05720
    0.05752
    0.00852
   -0.07399
    0.00277
    0.01129
   -0.03825
   -0.01362
    0.02074
   -0.00106
   -0.02408
   -0.00090
    0.01890
    0.04179
   -0.05649
   -0.04185
    0.00934
    0.02246
   -0.03474
    0.03692
   -0.02135
    0.03549
   -0.07241
    0.01951
   -0.01216
    0.00318
    0.01863
    0.00091
   -0.02283
   -0.00287
    0.01526
   -0.04449
    0.03341
    0.00744
   -0.00334
   -0.01668
    0.01290
    0.07817
   -0.04900
   -0.03050
    0.01183
   -0.05517
    0.06834
    0.04731
   -0.03836
   -0.00686
   -0.02390
   -0.03275
    0.05670
   -0.02593
   -0.01665
    0.04203
    0.00990
   -0.01488
   -0.03030
    0.00188
    0.03056
   -0.05069
    0.07843
   -0.02596
    0.00077
   -0.01549
    0.01603
   -0.05572
    0.04595
   -0.01762
   -0.02351
    0.00541
    0.03520
   -0.01202
   -0.02040
    0.01298
    0.00502
   -0.02375
    0.05513
   -0.01114
    0.00520
    0.01215
   -0.05593
   -0.00322
    0.02262
   -0.00122
    0.00540
   -0.01632
    0.00344
   -0.01020
   -0.06230
    0.01839
    0.02902
   -0.03112
    0.05151
   -0.02434
    0.01802
   -0.00995
    0.03838
   -0.05586
    0.03029
   -0.04237
    0.00480
    0.01918
    0.01545
    0.04523
   -0.02782
   -0.01724
    0.00751
   -0.01208
   -0.02113
    0.00296
    0.02445
    0.01615
   -0.04849
   -0.00773
    0.01952
    0.02301
   -0.01559
    0.02624
   -0.02191
   -0.01889
   -0.04097
    0.02131
    0.02311
   -0.03369
    0.04734
   -0.07581
    0.03498
    0.01416
   -0.04078
   -0.06640
    0.04288
   -0.04474
    0.02941
   -0.02244
    0.01957
   -0.01865
   -0.01645
   -0.00729
    0.02327
    0.00489
    0.01459
   -0.02714
    0.00541
    0.01611
   -0.02670
   -0.07847
    0.04265
   -0.02669
    0.02272
   -0.01876
    0.01352
   -0.00980
   -0.04935
    0.00490
    0.03824
   -0.03010
    0.06339
   -0.08436
    0.05103
   -0.02339
    0.03998
   -0.00673
    0.01376
   -0.05063
    0.03594
   -0.03496
    0.01468
    0.09228
   -0.03213
   -0.06395
    0.01012
   -0.02144
    0.04849
    0.00826
   -0.02442
    0.01728
   -0.00742
   -0.07731
    0.04258
   -0.03735
    0.02571
    0.00819
    0.00255
   -0.01024
   -0.03270
    0.01043
    0.02212
   -0.07118
    0.04120
   -0.08678
    0.05549
   -0.05097
    0.02498
   -0.11590
    0.09283
   -0.05491
    0.01809
   -0.04978
    0.05230
   -0.04832
    0.00997
   -0.01740
    0.03904
   -0.00019
    0.01170
   -0.05263
    0.03275
   -0.03620
    0.04529
   -0.11080
    0.05873
    0.04264
   -0.02838
    0.01036
   -0.01679
    0.00489
   -0.02889
   -0.02453
    0.03920
   -0.00949
    0.06574
   -0.06125
    0.00645
   -0.12743
    0.18943
   -0.18060
   -0.00187
   -0.04512
    0.04069
   -0.04401
    0.01552
   -0.02523
    0.09744
   -0.10535
    0.01902
   -0.06037
   -0.04758
    0.09106
   -0.01088
    0.00269
    0.02460
   -0.07294
    0.02689
   -0.01133
   -0.02115
    0.01573
    0.02630
   -0.01192
   -0.03211
   -0.00341
    0.04572
   -0.03612
    0.02306
   -0.07256
    0.04323
   -0.02494
    0.02162
   -0.10397
    0.07198
   -0.05057
    0.00539
   -0.02735
    0.05357
   -0.06097
   -0.01973
   -0.06993
    0.08370
   -0.00623
   -0.00724
    0.01850
   -0.00505
    0.04555
   -0.02369
   -0.09227
    0.04238
   -0.08224
   -0.08778
    0.18957
   -0.03753
    0.00692
   -0.06212
   -0.00444
    0.04890
   -0.02809
    0.02851
   -0.03465
    0.04605
   -0.00939
    0.04196
   -0.07926
    0.06290
   -0.03556
   -0.00971
   -0.00932
    0.05338
    0.05097
   -0.05503
   -0.05784
    0.07884
   -0.01490
   -0.01873
    0.03779
   -0.00192
   -0.01301
   -0.00495
   -0.02552
    0.04877
   -0.03202
   -0.01621
    0.05036
    0.00941
   -0.03783
   -0.06515
    0.01252
    0.06258
   -0.03846
   -0.01874
   -0.03777
    0.06954
    0.00314
   -0.01391
   -0.11772
    0.10327
   -0.05540
    0.00338
   -0.02410
    0.05438
    0.01845
   -0.02169
   -0.03085
    0.03049
   -0.03438
    0.06366
   -0.10532
    0.04303
   -0.02787
    0.04486
   -0.10284
    0.04185
    0.00219
    0.00658
    0.00192
   -0.01017
   -0.00604
   -0.05970
   -0.02203
    0.04849
   -0.03770
    0.05144
   -0.00286
    0.00650
   -0.08832
    0.12842
   -0.03915
    0.01893
   -0.00395
    0.00484
    0.00523
   -0.00798
   -0.00231
    0.01957
   -0.03289
    0.02218
   -0.03087
    0.01834
    0.02733
   -0.00806
   -0.00013
   -0.01458
   -0.05313
    0.03837
   -0.03248
   -0.00446
    0.01739
    0.02215
   -0.04482
   -0.04906
   -0.01050
    0.06999
   -0.06529
    0.01711
   -0.07673
    0.07062
   -0.08449
    0.04131
   -0.13598
    0.07338
   -0.07030
    0.02735
   -0.05378
    0.06143
   -0.05483
    0.00744
   -0.04237
    0.05131
   -0.00120
   -0.00955
    0.00610
    0.00380
    0.00547
   -0.02749
   -0.00101
    0.01442
   -0.01355
    0.00454
    0.04027
   -0.02649
    0.00273
   -0.05162
    0.01543
    0.01973
    0.00171
    0.06114
   -0.04995
   -0.00421
    0.00970
   -0.00891
   -0.05365
    0.03284
    0.04886
   -0.00922
   -0.01821
   -0.04455
    0.10130
   -0.04755
   -0.05139
    0.00128
   -0.00711
   -0.02829
    0.06153
   -0.02255
    0.02566
   -0.04158
   -0.04013
    0.02562
    0.03612
   -0.12374
    0.09574
   -0.01643
    0.11953
   -0.10656
   -0.00778
   -0.04717
   -0.01587
    0.01994
   -0.03210
    0.01952
   -0.01862
   -0.04597
   -0.02064
    0.06796
   -0.01082
   -0.03325
   -0.01227
    0.05868
    0.01962
   -0.04576
   -0.02313
    0.03616
    0.00609
   -0.00847
   -0.02050
    0.01571
    0.02307
   -0.05225
   -0.03731
    0.03505
   -0.00808
   -0.00239
    0.00501
    0.00963
    0.02331
   -0.06061
    0.02268
    0.01139
   -0.00509
    0.03177
   -0.03867
    0.01588
   -0.02175
    0.04986
   -0.08026
    0.05507
   -0.00216
    0.00521
   -0.02730
    0.01357
    0.01919
   -0.03952
   -0.04483
    0.06147
   -0.01209
   -0.02070
    0.03702
   -0.00619
    0.02291
   -0.02187
   -0.05536
    0.03253
    0.03163
   -0.02257
    0.04404
   -0.03768
   -0.01737
   -0.05849
    0.02639
    0.03569
    0.06892
   -0.03416
   -0.09362
    0.01997
   -0.03337
   -0.00698
   -0.09080
    0.09570
   -0.01135
   -0.00171
   -0.04435
    0.05016
    0.02153
   -0.05235
   -0.01464
    0.03304
    0.01446
   -0.04737
    0.00342
    0.00964
    0.03235
   -0.09246
   -0.06816
    0.06532
   -0.02985
   -0.07471
    0.00336
    0.11156
    0.02201
   -0.11671
    0.02548
    0.02438
    0.00987
   -0.01138
    0.00216
   -0.00509
   -0.01028
    0.03201
   -0.07439
    0.05940
    0.04018
   -0.02338
   -0.02268
    0.01415
    0.03650
   -0.04525
   -0.03973
    0.05460
   -0.00314
   -0.00634
    0.01519
   -0.00652
   -0.00909
    0.00802
    0.02014
   -0.01510
   -0.00407
   -0.12093
    0.12588
   -0.06735
   -0.04249
   -0.08580
    0.04423
    0.03162
   -0.05436
   -0.02623
    0.03013
    0.03871
   -0.02104
   -0.01004
   -0.01153
    0.03813
   -0.01370
   -0.04794
    0.01229
    0.04879
   -0.01686
   -0.02070
   -0.01377
    0.03168
   -0.02453
    0.00966
   -0.02228
    0.03886
    0.02796
   -0.01561
   -0.13957
    0.04411
    0.00094
   -0.01073
   -0.03464
    0.02567
    0.00468
   -0.09206
    0.01913
    0.03565
   -0.01300
    0.01025
    0.00163
    0.00607
   -0.04426
    0.08198
   -0.10113
    0.06521
    0.05211
   -0.02971
   -0.05618
    0.02961
    0.02074
   -0.05318
   -0.00676
    0.02817
   -0.00701
   -0.03211
    0.02248
    0.01344
    0.01805
   -0.06264
   -0.03541
    0.04107
   -0.03157
   -0.02926
    0.01193
    0.04670
    0.04010
   -0.05030
    0.00591
   -0.00404
   -0.04240
    0.01717
   -0.07996
    0.06604
   -0.06331
    0.00473
   -0.06179
    0.06550
    0.01612
   -0.01684
   -0.05117
    0.03952
   -0.00846
   -0.03010
   -0.02806
    0.04094
   -0.01456
    0.02928
   -0.01300
    0.00914
    0.00615
   -0.01072
   -0.05010
    0.02438
   -0.01161
    0.02313
    0.00590
   -0.02692
   -0.02381
   -0.01740
   -0.00343
    0.03952
   -0.04575
    0.11881
   -0.06651
    0.00222
    0.02602
   -0.01460
   -0.09663
    0.02761
   -0.00255
    0.00522
   -0.01391
    0.00560
    0.04170
    0.02237
   -0.04498
   -0.00854
   -0.01006
    0.03160
    0.01283
   -0.02221
    0.00644
   -0.02740
   -0.02617
    0.02792
    0.01649
   -0.01544
    0.03260
   -0.02520
   -0.02675
   -0.00396
    0.03877
   -0.01017
   -0.06775
    0.04646
   -0.07174
    0.05424
   -0.03728
    0.01364
   -0.08883
    0.06784
   -0.04439
    0.01589
   -0.03211
    0.03510
   -0.04040
   -0.01363
   -0.00190
    0.03216
   -0.00415
    0.03590
   -0.06741
    0.02390
    0.04602
   -0.05025
   -0.10036
    0.04464
    0.01140
   -0.00191
   -0.05433
    0.02857
   -0.02498
   -0.05452
   -0.00799
    0.07319
    0.01251
    0.03001
   -0.06599
    0.01822
   -0.12713
    0.13318
   -0.11493
    0.08458
    0.00428
    0.02937
   -0.07156
   -0.00264
    0.07351
   -0.01241
   -0.04748
    0.01789
   -0.03423
    0.02524
    0.01301
   -0.01194
    0.06435
   -0.03041
   -0.10326
    0.03772
   -0.00443
   -0.04092
    0.02661
    0.03845
   -0.02260
   -0.02509
    0.01010
    0.03591
   -0.00018
    0.00745
   -0.10748
    0.05006
   -0.07410
    0.02411
   -0.12540
    0.10387
   -0.04584
   -0.00715
   -0.02576
    0.06201
   -0.01750
   -0.07037
   -0.00835
    0.05681
    0.01343
   -0.01501
   -0.04811
    0.03785
    0.03180
   -0.05744
   -0.03714
    0.02335
   -0.05539
   -0.07767
    0.14481
   -0.00842
    0.03754
   -0.09431
   -0.00825
    0.03894
   -0.02250
    0.00347
   -0.03285
    0.05372
   -0.00965
   -0.01655
   -0.05360
    0.06436
   -0.00732
   -0.02607
   -0.01439
    0.05167
    0.05812
   -0.05300
   -0.05658
    0.05951
    0.00396
   -0.01482
   -0.02717
    0.02328
    0.00500
   -0.04416
   -0.03501
    0.05057
    0.00519
   -0.03854
    0.05842
   -0.00943
    0.03331
   -0.06234
   -0.01827
    0.03114
   -0.04774
    0.03163
   -0.11554
    0.08693
   -0.03673
   -0.02297
   -0.08585
    0.10108
   -0.03507
    0.00051
   -0.05244
    0.05928
   -0.01363
   -0.05027
   -0.01048
    0.03811
    0.00179
    0.02351
   -0.04830
    0.00889
   -0.02114
   -0.01891
   -0.04904
    0.05549
   -0.00623
    0.01015
   -0.02516
    0.00695
   -0.02130
   -0.04941
    0.00062
    0.03638
   -0.02630
    0.06333
   -0.04946
    0.02980
   -0.04723
    0.08825
   -0.08746
    0.04243
   -0.02406
    0.01617
    0.02872
   -0.02856
    0.01347
   -0.02943
   -0.03013
    0.02997
    0.00067
    0.00908
    0.01315
   -0.01806
    0.01422
   -0.02604
   -0.09472
    0.05286
    0.00683
   -0.01715
    0.01805
    0.00271
   -0.02678
   -0.03189
    0.00680
    0.03251
   -0.06459
    0.02768
   -0.08231
    0.06530
   -0.06048
   -0.00621
   -0.15101
    0.07813
   -0.04173
    0.00682
   -0.03511
    0.04346
   -0.09709
   -0.04063
   -0.03442
    0.06038
