20 20 20 1 30 -2.0808 1.7425 4.2160 4908
  0.02509  -0.04631  -0.06780   0.05801   0.01417   0.03055  -0.05491   0.00203  -0.00154  -0.07069  -0.11247   0.10862  -0.00142  -0.00083  -0.05875   0.04457   0.07942  -0.08604  -0.05801   0.03646 
  0.02203  -0.03345  -0.06007   0.04744   0.02199   0.02515  -0.09968   0.02719  -0.00017  -0.05174  -0.07419   0.07908  -0.01869   0.00030   0.02936  -0.00705   0.04448  -0.07039   0.00055   0.00902 
  0.01304  -0.02674  -0.02796   0.02942  -0.00870   0.05904  -0.08549   0.02528   0.03208  -0.06081  -0.18032   0.09778   0.05336  -0.04067  -0.10918   0.06542   0.11973  -0.15434  -0.05244   0.03071 
  0.04446  -0.04500  -0.09038   0.05233  -0.02481   0.06864  -0.05443   0.01330   0.00239  -0.07454  -0.15572   0.12459  -0.00611   0.00347  -0.03617   0.02877   0.08076  -0.11214  -0.05233   0.04383 
  0.01147  -0.02799  -0.06052   0.05375  -0.00506   0.05655  -0.14092   0.05570  -0.02118  -0.07159  -0.08219   0.11358  -0.02603   0.01654  -0.02133   0.02026   0.08259  -0.09213  -0.08430   0.05487 
  0.00832  -0.02219  -0.08130   0.06529   0.00932   0.05011  -0.15173   0.05155  -0.00888  -0.04678  -0.12253   0.10778   0.02142  -0.03457  -0.05853   0.05974   0.07429  -0.11604  -0.03675   0.03922 
  0.02142  -0.04241  -0.07800   0.06501   0.00618   0.04252  -0.06714   0.01022   0.00109  -0.10892  -0.09956   0.11835  -0.02660   0.01235  -0.01098   0.01821   0.04454  -0.14355  -0.01178   0.05413 
  0.00641  -0.04761  -0.03428   0.05432  -0.00103   0.06835  -0.15391   0.04923  -0.02320  -0.03287  -0.12865   0.11618   0.00126   0.01363  -0.03593   0.00938   0.05866  -0.09096  -0.05197   0.05018 
  0.00546  -0.00961  -0.08178   0.05942   0.02116   0.03887  -0.11946   0.02953  -0.02146  -0.01818  -0.14631   0.11389  -0.01471  -0.02586  -0.02936   0.06353   0.07148  -0.11924  -0.06656   0.06370 
  0.01585  -0.03854  -0.08225   0.06998  -0.00430   0.06554  -0.13944   0.04716  -0.00930  -0.07845  -0.08724   0.10835  -0.00039  -0.02052  -0.00674   0.02966   0.06201  -0.08792  -0.05037   0.04514 
  0.00958  -0.03218  -0.06460   0.06082   0.00705   0.04044  -0.13902   0.05447  -0.00914  -0.01033  -0.16230   0.10445   0.00656   0.01351   0.01459  -0.03713   0.05216  -0.12432  -0.05149   0.06937 
  0.01147  -0.02508  -0.07334   0.05970  -0.01978   0.07123  -0.15085   0.06389   0.00771  -0.07206  -0.10872   0.09858   0.00032  -0.00894  -0.06649   0.05674   0.06568  -0.12505  -0.07777   0.07746 
  0.01084  -0.03429  -0.09426   0.07842  -0.02129   0.04340  -0.14423   0.08241  -0.01488  -0.08270  -0.10493   0.12345  -0.04887   0.01045   0.00045   0.03082   0.02882  -0.10645  -0.04004   0.06935 
 -0.01411  -0.03812  -0.06233   0.08324  -0.01726   0.03487  -0.11929   0.07187  -0.01105  -0.00869  -0.10938   0.08244   0.00060   0.00256  -0.05133   0.03406   0.01582  -0.10788  -0.05249   0.08643 
 -0.00946  -0.02757  -0.07056   0.07761  -0.01408   0.07477  -0.14215   0.05108  -0.00098  -0.04827  -0.11715   0.09861   0.00882  -0.02899  -0.03556   0.05066   0.02731  -0.10056  -0.04467   0.07091 
 -0.00032  -0.03050  -0.07194   0.07272  -0.01663   0.05316  -0.07733   0.03308  -0.02801  -0.00564  -0.11147   0.09782  -0.06014   0.03078  -0.03667   0.04198   0.04027  -0.13993  -0.06223   0.09049 
 -0.01511  -0.02096  -0.06324   0.07354  -0.00623   0.04039  -0.10655   0.05010  -0.01778  -0.07862  -0.05017   0.09812  -0.02332   0.01072  -0.01861   0.02298   0.06063  -0.14637  -0.02556   0.05431 
  0.00194  -0.04544  -0.04156   0.06167  -0.02548   0.01883  -0.14943   0.10473   0.00927  -0.05414  -0.15845   0.10901   0.03055   0.00595  -0.07722   0.01833   0.02177  -0.13829  -0.03981   0.08685 
  0.00129  -0.04241  -0.08749   0.08774  -0.02373   0.05014  -0.09132   0.05116  -0.01207  -0.10075  -0.07291   0.11468  -0.04897   0.03927  -0.06882   0.04375   0.02753  -0.15309  -0.01611   0.07257 
 -0.01578  -0.04198  -0.04459   0.07626  -0.04114   0.04255  -0.15055   0.10315   0.00581  -0.10118  -0.08646   0.10429   0.02693  -0.03157  -0.04201   0.04095   0.00102  -0.08759  -0.04441   0.08114 
 -0.01111  -0.04414  -0.06918   0.08853  -0.01800   0.08854  -0.17490   0.06034  -0.00109  -0.05789  -0.13212   0.11021  -0.03955  -0.03359  -0.01032   0.07813   0.04127  -0.13040  -0.06555   0.08819 
 -0.00683  -0.03684  -0.08367   0.08880  -0.00903   0.02608  -0.15737   0.08924  -0.05969  -0.02536  -0.06575   0.11521  -0.07079   0.01054  -0.04288   0.07683   0.04538  -0.13420  -0.03348   0.06566 
 -0.02083  -0.03983  -0.06143   0.08906   0.00930   0.02619  -0.18817   0.08592  -0.03237  -0.05490  -0.06781   0.10839  -0.02710  -0.05947   0.02438   0.06882  -0.00930  -0.08589  -0.05942   0.09599 
 -0.01914  -0.05024  -0.06506   0.09610  -0.03184  -0.00973  -0.16243   0.13237  -0.03040  -0.10662  -0.10286   0.14644   0.01612  -0.06606  -0.05629   0.09223   0.00059  -0.10579  -0.06756   0.10381 
 -0.02117  -0.07695  -0.08463   0.12292  -0.01474   0.07118  -0.16040   0.06388  -0.04849  -0.07164  -0.09635   0.14302  -0.04746  -0.01332  -0.01900   0.06967  -0.02034  -0.10266  -0.05431   0.10588 
 -0.03987  -0.03556  -0.06688   0.10379  -0.02918   0.05300  -0.16913   0.09445  -0.00836  -0.01341  -0.11473   0.08511   0.00515  -0.03588   0.01906   0.02138   0.01937  -0.09903  -0.07525   0.09479 
 -0.01178  -0.03429  -0.07520   0.08642   0.00560  -0.00045  -0.23158   0.12314  -0.02287  -0.03468  -0.09951   0.10409   0.00973  -0.04068  -0.08676   0.09183  -0.01413  -0.13005  -0.03633   0.10205 
 -0.01178  -0.06136  -0.09135   0.11110  -0.06722   0.04888  -0.11964   0.10503  -0.01928  -0.08451  -0.07244   0.11349  -0.06083  -0.02954  -0.05118   0.11404  -0.00851  -0.18204  -0.02471   0.11019 
 -0.04521  -0.06908  -0.04852   0.11631  -0.03254   0.06899  -0.22447   0.10926  -0.08229  -0.04791  -0.02358   0.12378  -0.02260  -0.01419  -0.06010   0.07717  -0.03779  -0.07522  -0.04870   0.09989 
 -0.05462  -0.02260  -0.07102   0.10859  -0.04236   0.06622  -0.23448   0.12283  -0.03590  -0.05094  -0.09792   0.12343  -0.00009  -0.07232  -0.01083   0.08306  -0.05033  -0.12819  -0.05955   0.13367 
 -0.04342  -0.05643  -0.08272   0.12656  -0.01230   0.01961  -0.17032   0.10224  -0.05967  -0.10322  -0.06148   0.15030  -0.06945  -0.04495   0.01709   0.09167  -0.03464  -0.18272  -0.04601   0.13686 
 -0.05025  -0.08782  -0.05160   0.13111  -0.05468   0.03639  -0.19567   0.13663  -0.06022  -0.09484  -0.06528   0.14888  -0.01952  -0.03377  -0.02556   0.07278  -0.06260  -0.10180  -0.04184   0.11891 
 -0.06462  -0.05288  -0.06143   0.12752  -0.06505   0.02022  -0.17874   0.14703  -0.03203  -0.03467  -0.09741   0.11141  -0.02710  -0.09633  -0.05224   0.14565  -0.04530  -0.17115  -0.07013   0.15167 
 -0.05536  -0.08496  -0.08225   0.14865  -0.10508   0.07156  -0.16319   0.13677  -0.01750  -0.07469  -0.09131   0.11597  -0.06538  -0.05059   0.01433   0.09583  -0.00799  -0.14389  -0.06323   0.12047 
 -0.05904  -0.06090  -0.06007   0.12752  -0.05262   0.06284  -0.22442   0.12930  -0.05828  -0.05356  -0.07289   0.13194  -0.03043  -0.00856  -0.00330   0.04017  -0.03321  -0.14545  -0.07953   0.14273 
 -0.05572  -0.04544  -0.08083   0.12776  -0.04258   0.05318  -0.23622   0.13210  -0.04235  -0.10865  -0.10766   0.15876   0.03009  -0.05898  -0.05364   0.07238   0.00094  -0.21791  -0.07661   0.14698 
 -0.02662  -0.09263  -0.09818   0.14125  -0.07964   0.05933  -0.19434   0.13985  -0.09530  -0.14006  -0.05209   0.18533  -0.03609  -0.05958  -0.01548   0.10245  -0.02485  -0.19560  -0.03043   0.12673 
 -0.07028  -0.08974  -0.05204   0.14497  -0.06652   0.08032  -0.20486   0.12059  -0.05996  -0.06159  -0.10474   0.15080   0.01025  -0.04591  -0.02512   0.05944  -0.02743  -0.08540  -0.09277   0.12471 
 -0.05243  -0.03599  -0.09038   0.12511  -0.01785   0.03197  -0.20918   0.11545  -0.03622  -0.02176  -0.10598   0.11193   0.00186  -0.03389  -0.04945   0.07048  -0.04167  -0.11877  -0.10101   0.14851 
 -0.03564  -0.05024  -0.10412   0.12848  -0.01298   0.05792  -0.18290   0.08271  -0.00290  -0.05178  -0.08087   0.08529  -0.04351  -0.05732   0.01991   0.08256  -0.02356  -0.11901   0.03561   0.04895 
 -0.02800  -0.05509  -0.01803   0.07707  -0.01712   0.06510  -0.13620   0.05851   0.00593  -0.00265  -0.11233   0.06248  -0.01152  -0.02034  -0.01901   0.04817   0.03363  -0.01890  -0.06888   0.04208 
 -0.00421   0.00261  -0.07473   0.05489   0.00647   0.02649  -0.17514   0.08261   0.03954  -0.04512  -0.08317   0.03511   0.03294  -0.05466  -0.03893   0.05648   0.04061  -0.10925  -0.01652   0.04546 
  0.02722  -0.05244  -0.06551   0.05857   0.01012   0.02702  -0.18718   0.08415   0.00982  -0.17367  -0.05774   0.11727  -0.12237  -0.05036   0.01550   0.12972  -0.03259  -0.11656  -0.01913   0.09514 
 -0.02457  -0.07138  -0.05426   0.10607  -0.02405   0.03616  -0.11885   0.07702   0.01957  -0.06909  -0.01640   0.03365  -0.03034   0.02141  -0.02759   0.02259   0.01485  -0.04097  -0.00076   0.01547 
 -0.01277  -0.01403  -0.02463   0.04161  -0.15686  -0.13874  -0.40405   0.31339  -0.11615  -0.26772  -0.22619   0.28591  -0.08409  -0.25986  -0.21819   0.31229  -0.16791  -0.33938  -0.25137   0.29598 
 -0.13657  -0.25019  -0.27030   0.30367   0.06754  -0.14211   0.10047  -0.09516  -0.02385  -0.10410   0.16000  -0.04625   0.08243  -0.14818   0.18373  -0.13842  -0.07150  -0.52857   0.34971  -0.32930 
 -0.04093  -0.31700   0.31582  -0.19540  -0.40550  -0.04592  -0.64729   0.38299  -0.26244   0.08763  -0.13704   0.20140  -0.72526  -0.41051  -0.70315   0.50618  -0.50770  -0.10557  -0.45116   0.34394 
 -0.51786  -0.16118  -0.54978   0.40529   0.51182  -3.69099  -3.69099  -3.69099   0.47901  -3.69099  -3.69099  -3.69099   0.61313  -3.69099  -3.69099  -3.69099   0.66209  -3.69099  -3.69099  -3.69099 
  0.56212  -3.69099  -3.69099  -3.69099  -3.69099  -0.96514   0.64503  -3.01539  -3.69099  -3.69099  -3.69099  -3.69099  -3.69099  -3.69099  -3.69099  -3.69099  -3.69099  -3.69099  -3.69099  -3.69099 
 -3.69099  -1.01120   0.63692  -3.02379  -3.69099  -3.69099  -3.69099  -3.69099  -0.09193   0.29543  -0.37427  -0.03210   0.05228  -0.13447   0.17103  -0.08930   0.66209  -3.69099  -3.69099  -3.69099 
  0.00129   0.00648   0.11327  -0.13108  -0.10890   0.03435  -0.04540   0.10538  -0.00348  -0.00819  -0.05708   0.04694   0.05233  -0.02883  -0.06029   0.02483  -0.06149   0.02286   0.00301   0.02198 
 -0.02252   0.01374  -0.04896   0.04599  -0.03679   0.03873  -0.00418   0.01300   0.04929  -0.11088   0.06884  -0.04831  -0.00908   0.00356  -0.00992   0.01216  -0.00898  -0.01818   0.04424  -0.02414 
 -0.00097  -0.02014   0.03211  -0.01034  -0.02591   0.08235  -0.04638  -0.00365   0.02196  -0.03983   0.05239  -0.04204   0.02406   0.00938   0.05255  -0.09009  -0.01083   0.01351   0.03443  -0.03474 
  0.00000   0.02422   0.02104  -0.04008  -0.01695   0.09050  -0.06562  -0.00707  -0.02474   0.00051   0.07915  -0.03581   0.01337  -0.03375   0.02672   0.00464  -0.05931   0.03525   0.00444   0.01104 
 -0.01779   0.02422   0.00544  -0.00770  -0.05870   0.09521   0.02822  -0.04411  -0.03670  -0.04995   0.14965  -0.05566  -0.01480  -0.01815   0.08083  -0.03710  -0.04744  -0.02893   0.09117  -0.04207 
 -0.03987   0.00338   0.08583  -0.04506  -0.02673   0.04209   0.01471  -0.01650  -0.02321  -0.02502   0.09999  -0.03796   0.02725   0.00070   0.05459  -0.08313   0.01605   0.03537   0.03672  -0.07639 
 -0.00454   0.02274   0.04467  -0.05704  -0.04880   0.06435   0.00634  -0.00498  -0.03280  -0.08494   0.09598   0.01764   0.06717  -0.00902   0.00657  -0.07126  -0.02411   0.06021   0.02140  -0.04803 
 -0.00880   0.01600   0.02624  -0.02787  -0.04573   0.01102   0.09483  -0.04894  -0.00604  -0.06281   0.07469  -0.00862   0.01554  -0.02475   0.08795  -0.06999  -0.11665   0.05867   0.09749  -0.07187 
 -0.03215  -0.00012   0.08744  -0.05156  -0.01064   0.04374   0.02958  -0.05114   0.01239  -0.06208   0.09878  -0.05706   0.02688  -0.02670   0.09089  -0.08474  -0.03680   0.07636   0.03959  -0.07269 
 -0.00032   0.01713   0.05757  -0.07011  -0.02768   0.05596   0.01500  -0.02811   0.00867   0.00576   0.02060  -0.03172   0.05302  -0.00466   0.00735  -0.05962  -0.04833   0.04884   0.01616  -0.01658 
  0.00161   0.03046   0.00891  -0.03656  -0.06577   0.03402   0.10428  -0.05798  -0.01138  -0.02829   0.08675  -0.03760  -0.00055  -0.02558   0.11567  -0.08349   0.01383  -0.03065   0.05729  -0.04758 
 -0.01645  -0.01081   0.08583  -0.05667  -0.02751   0.03721   0.04772  -0.04268   0.01264   0.00715   0.05217  -0.06672   0.02725  -0.04784   0.06300  -0.02712  -0.03901   0.05023   0.05903  -0.07038 
 -0.00519   0.01487   0.05065  -0.05484  -0.03414   0.02596   0.02963  -0.00805   0.00082  -0.02843   0.07097  -0.03857   0.03820  -0.00227   0.01089  -0.04795  -0.02098   0.01120   0.03057  -0.02170 
 -0.00259   0.00802   0.02992  -0.03063  -0.09968   0.06101   0.12420  -0.07202   0.00767  -0.08155   0.08107  -0.01961   0.02198  -0.01223   0.04169  -0.04488  -0.01125  -0.04600   0.03416   0.00495 
 -0.02184  -0.01001   0.06843  -0.03271  -0.04720   0.02878   0.04213  -0.00788  -0.01602  -0.00154   0.04956  -0.01832   0.04589  -0.04830   0.05908  -0.04424  -0.02751   0.06647   0.05232  -0.08596 
 -0.01277   0.01412   0.04749  -0.04257  -0.01634   0.08753  -0.02018  -0.04086   0.00271  -0.05877   0.04316   0.00454   0.07175  -0.03349   0.00375  -0.04166  -0.08374   0.06283   0.03060  -0.01917 
 -0.00032   0.02050   0.01045  -0.02650  -0.07868   0.04892   0.08153  -0.03199  -0.00595  -0.04010   0.08287  -0.03210   0.03280  -0.03110   0.06936  -0.06126  -0.02529  -0.00496   0.06809  -0.04754 
 -0.02015  -0.00484   0.07276  -0.04363  -0.04522   0.07718   0.04597  -0.05878   0.00784  -0.04631   0.11442  -0.07970   0.03783  -0.04540   0.07745  -0.05765  -0.00815   0.05930   0.04599  -0.08767 
 -0.00324   0.01751   0.06371  -0.07392   0.01581  -0.00251   0.01367  -0.02908   0.03520  -0.04324   0.01290  -0.02465   0.07115   0.00252   0.02733  -0.11630  -0.05238   0.05265   0.01997  -0.02055 
  0.02631   0.01031   0.01236  -0.04866  -0.06794   0.05508   0.11046  -0.08405   0.00990  -0.01988   0.06897  -0.05604   0.03954  -0.06488   0.08185  -0.04063  -0.01670  -0.01300   0.09875  -0.08694 
 -0.00880  -0.00921   0.08936  -0.07087  -0.02710   0.04735   0.06768  -0.07449   0.03833  -0.05749   0.05594  -0.05633   0.06057  -0.01877   0.03815  -0.08041  -0.07159   0.05954   0.05648  -0.05197 
  0.00705   0.01788   0.04890  -0.07011   0.01659   0.00300   0.02151  -0.04197  -0.01023  -0.00429   0.12999  -0.10775   0.05287  -0.01796   0.00924  -0.04306  -0.03115   0.06690   0.00259  -0.02962 
  0.01273   0.01412   0.03320  -0.05667  -0.03849   0.06602   0.11544  -0.14225   0.01279  -0.00430   0.02904  -0.03628   0.07364  -0.04854   0.01631  -0.03684  -0.02092   0.02522   0.05312  -0.05651 
  0.00863   0.01108   0.05482  -0.07163  -0.03887   0.05667   0.05531  -0.05549  -0.00691   0.00626   0.04446  -0.03172   0.03534  -0.01333   0.02173  -0.03971   0.00971   0.06357   0.01768  -0.07415 
 -0.00032   0.03119   0.02918  -0.05447  -0.02212   0.05034   0.04232  -0.05605   0.02256  -0.05486  -0.00078   0.01051   0.04634  -0.03409   0.05063  -0.05409  -0.01959   0.00192   0.01497  -0.00124 
  0.01053  -0.00524   0.02253  -0.02615  -0.04643   0.01922   0.08025  -0.03896  -0.00725  -0.04810   0.06941  -0.01237   0.02794  -0.03262   0.04907  -0.03260  -0.01737   0.02614   0.05136  -0.05798 
 -0.01244  -0.00563   0.06065  -0.03832  -0.05415   0.03017   0.06490  -0.02379  -0.00807  -0.04552   0.09793  -0.04010   0.05613  -0.00326   0.03980  -0.09918  -0.01851   0.01704   0.03118  -0.02830 
 -0.00749   0.00840   0.05239  -0.04794  -0.01385   0.02062   0.03740  -0.03403  -0.00423  -0.05305   0.06255  -0.00677   0.03646  -0.00061  -0.00463  -0.03424   0.01092   0.03332   0.02987  -0.06252 
  0.00673   0.00802   0.02698  -0.03796  -0.10371   0.05446   0.11598  -0.05091  -0.03156  -0.01364   0.07945  -0.01664   0.00145   0.00277   0.05929  -0.06034   0.02907  -0.00567   0.04960  -0.06979 
 -0.03007   0.01412   0.07376  -0.05192  -0.03530   0.03071   0.06405  -0.04454  -0.00415  -0.04398   0.10761  -0.05663  -0.02329   0.00541   0.06097  -0.03922   0.00840   0.01875   0.04358  -0.06400 
 -0.01444   0.01298   0.06168  -0.05447  -0.04729   0.05733   0.04025  -0.03107   0.00948  -0.00316   0.00047  -0.00990   0.05388  -0.00764  -0.01567  -0.03600  -0.03937   0.00011   0.03270  -0.00364 
 -0.00324   0.01788   0.01236  -0.02274  -0.07200   0.04324   0.09873  -0.05313  -0.02196  -0.03344   0.10682  -0.04005  -0.03338   0.01739   0.05592  -0.04063  -0.03409   0.00480   0.04460  -0.02234 
 -0.03987   0.01222   0.07309  -0.03937  -0.01229   0.04366   0.02237  -0.04197   0.00005   0.00512   0.07848  -0.07272   0.02226   0.02069   0.05587  -0.10989  -0.01745   0.02968   0.06347  -0.07517 
 -0.00194   0.03300   0.05065  -0.07699  -0.03855   0.05897   0.05698  -0.05996  -0.01618  -0.03667   0.08269  -0.02136   0.03159  -0.01382   0.00749  -0.02199  -0.04145   0.04036   0.01495  -0.01357 
 -0.01178   0.01713   0.03392  -0.03306  -0.07612   0.06038   0.10727  -0.07592  -0.04317  -0.03471   0.11495  -0.02133   0.02506   0.00407   0.05712  -0.08831  -0.03402  -0.01590   0.08734  -0.05621 
 -0.03354   0.00993   0.08904  -0.06148  -0.06476   0.02295   0.06753  -0.00930  -0.00460  -0.00970   0.08237  -0.05728   0.01905   0.01689   0.05139  -0.09427  -0.03421   0.01607   0.08109  -0.07268 
 -0.02015   0.02311   0.06473  -0.06148  -0.05634   0.04842   0.03342  -0.00700  -0.03317  -0.00206   0.06436  -0.01005   0.03063   0.00369   0.01993  -0.05578   0.00126   0.01607   0.02068  -0.03169 
 -0.01544   0.02311   0.02771  -0.02890  -0.07374   0.04371   0.10027  -0.05347   0.00047  -0.06136   0.11478  -0.05768  -0.00384  -0.01371   0.06175  -0.03456   0.00147  -0.01828   0.06402  -0.05396 
 -0.01947  -0.00682   0.08130  -0.05192  -0.05577   0.06808   0.04529  -0.03689  -0.01548  -0.02097   0.08776  -0.03891   0.02804  -0.02390   0.06474  -0.06012  -0.05310   0.07065   0.02890  -0.04387 
 -0.02320   0.02973   0.04925  -0.04830  -0.09118   0.04548   0.03789   0.02464  -0.00061   0.00406   0.05611  -0.04885   0.04868  -0.04271   0.02069  -0.01764  -0.06052   0.02196   0.02776  -0.00030 
 -0.02218   0.00840   0.03028  -0.01133  -0.08408   0.08749   0.07075  -0.05243  -0.04201  -0.06615   0.11927  -0.00533   0.01875   0.00184   0.04462  -0.06365  -0.03383  -0.01501   0.09577  -0.06773 
 -0.03845   0.01031   0.08228  -0.04902  -0.05073   0.07701   0.00864  -0.01654  -0.01084  -0.01202   0.08835  -0.05283   0.03819  -0.01823   0.07616  -0.09397   0.00877   0.01585   0.05255  -0.07243 
 -0.00552   0.02236   0.05065  -0.06185  -0.05621   0.02780   0.04353   0.00090  -0.02525  -0.03792   0.06185   0.00864   0.03425   0.01009  -0.00114  -0.04952  -0.03569   0.02868   0.01846  -0.01219 
 -0.01914   0.01449   0.02513  -0.01499  -0.05735   0.05623   0.08182  -0.06270   0.00006  -0.05487   0.08417  -0.03059   0.02962  -0.01985   0.05630  -0.05850  -0.03182  -0.03757   0.06297  -0.01518 
 -0.01578  -0.00881   0.06910  -0.04079  -0.02013   0.02427   0.04296  -0.03513  -0.00855  -0.02105   0.10905  -0.07046   0.02626  -0.05387   0.09339  -0.05094  -0.03680   0.03596   0.06265  -0.06428 
 -0.00946  -0.00012   0.07077  -0.05741  -0.02078   0.05235   0.00981  -0.02808  -0.00277  -0.04669   0.06770  -0.01748   0.07111  -0.01114  -0.00249  -0.06493  -0.05523   0.02937  -0.01987   0.03285 
  0.00226   0.01487   0.00583  -0.02003  -0.06519   0.00623   0.12700  -0.06138   0.02297  -0.05525   0.10535  -0.08551  -0.04059   0.00694   0.09617  -0.06201  -0.01699   0.01358   0.04635  -0.04292 
 -0.02218  -0.00326   0.09000  -0.06222  -0.03235   0.08199   0.02544  -0.05820   0.02009  -0.03925   0.07422  -0.06060   0.08539  -0.04391   0.03751  -0.07950  -0.02432   0.04095   0.06458  -0.08062 
  0.01492   0.01713   0.04432  -0.07392  -0.03735   0.04627   0.01090  -0.00514   0.00195  -0.01304   0.03665  -0.02133   0.02025  -0.02298   0.04831  -0.03537  -0.01082   0.02317   0.01594  -0.02318 
