42 20 22 1 28 -2.5084 2.0911 4.7314 4800
 -0.02075   0.01729   0.00571   0.00097  -0.09224   0.06017   0.08802  -0.03568  -0.02012   0.02795   0.01344  -0.00745  -0.01707   0.00289   0.03384  -0.01595  -0.02351   0.05122   0.01455  -0.03406 
 -0.04023   0.03462   0.03774  -0.02445  -0.04318   0.05526   0.06316  -0.05745  -0.04726   0.01418   0.04431   0.01009  -0.01344   0.01801  -0.01116  -0.00091  -0.04348   0.02277   0.01480   0.00054 
 -0.03698   0.03091   0.02506  -0.01240  -0.02240  -0.00485   0.09391  -0.06224  -0.02533  -0.00578   0.04121   0.00294   0.04359  -0.00636  -0.00415  -0.03530  -0.03477   0.01884  -0.05805   0.05576 
 -0.01049   0.00284   0.01433  -0.00399  -0.05136   0.06590   0.04597  -0.04036   0.01216  -0.02722   0.02978  -0.01841  -0.02233   0.01302   0.03246  -0.02292  -0.05170   0.00396   0.00411   0.02743 
 -0.02738   0.01806   0.02582  -0.01070  -0.03819   0.08565   0.01343  -0.04334  -0.02699   0.01449   0.04539  -0.01407   0.04423   0.01121  -0.00111  -0.06342  -0.00080   0.03603   0.01918  -0.04380 
 -0.00846   0.03866   0.01742  -0.04153  -0.04481   0.03738   0.02856  -0.00518  -0.01903  -0.02108   0.05193  -0.00207   0.03694   0.00870  -0.02606  -0.02932  -0.06145   0.00044   0.01427   0.02663 
 -0.01868   0.00954   0.01472  -0.00200  -0.06213   0.05512   0.06635  -0.03916   0.02146  -0.04453   0.02308  -0.01297  -0.03634   0.01141   0.04095  -0.01513  -0.06593  -0.00794   0.02559   0.02441 
 -0.03304   0.00836   0.03848  -0.00834  -0.00592   0.06196   0.01133  -0.05697  -0.01240   0.00731   0.03355  -0.01631  -0.00954   0.02858   0.04444  -0.07082  -0.02225   0.04582  -0.00751  -0.00991 
 -0.01320   0.04049   0.01588  -0.03684  -0.00963   0.05704  -0.01483  -0.02399  -0.02317   0.01535   0.04013  -0.01496   0.06249   0.01995   0.02367  -0.12842  -0.05664   0.01846  -0.03933   0.05515 
 -0.00311   0.02942  -0.00471  -0.01855  -0.08816   0.05853   0.05477  -0.00422  -0.00521  -0.02933   0.00320   0.02457   0.02431  -0.01301   0.01208  -0.01900  -0.01042   0.00526   0.01504  -0.00992 
 -0.02110   0.00600   0.02126  -0.00233  -0.03828   0.08219   0.01326  -0.03957   0.01362  -0.04750   0.03957  -0.01395   0.03887   0.00364  -0.00417  -0.04326  -0.01544   0.05741   0.00485  -0.03543 
 -0.00245   0.02942   0.01160  -0.03362  -0.06438   0.05500   0.01246   0.01355  -0.02503   0.03845  -0.04026   0.02719   0.08030  -0.00173  -0.02848  -0.06722  -0.02381   0.01354  -0.02563   0.02862 
 -0.00914   0.02604  -0.02166   0.00425  -0.05769   0.07583   0.05008  -0.04730   0.00270  -0.08308   0.08855  -0.01912   0.01533   0.02641   0.00892  -0.06052  -0.00197   0.04211  -0.00173  -0.02702 
 -0.01184   0.01997   0.03442  -0.03612  -0.02595   0.01253   0.03336  -0.00951  -0.04265   0.00888   0.05556  -0.00009   0.01994  -0.00953   0.05667  -0.06156  -0.01274   0.01261   0.01269  -0.01113 
 -0.01593   0.00836   0.03368  -0.02062  -0.01145   0.02145  -0.01051   0.00482  -0.02224  -0.01830  -0.00290   0.04034   0.07134  -0.00026  -0.01852  -0.06602  -0.09404   0.08705  -0.01836   0.01235 
 -0.01015   0.02679  -0.01538  -0.00035  -0.03950   0.09856   0.03590  -0.07835   0.00532  -0.04081   0.04014  -0.00833   0.00401   0.04638   0.02275  -0.09299  -0.03515   0.00031   0.04946  -0.02356 
 -0.01525   0.03016   0.03848  -0.04628  -0.02962   0.12181   0.00589  -0.08709  -0.01633   0.01864   0.03328  -0.02032  -0.00039   0.01498   0.06381  -0.08141  -0.00942   0.01230   0.02539  -0.02565 
 -0.01286   0.04699   0.02657  -0.05405  -0.04407   0.05375   0.03010  -0.02165  -0.02967  -0.01078   0.02340   0.02498   0.08486   0.00200  -0.03931  -0.06950  -0.04510   0.02359   0.00031   0.01394 
 -0.00545   0.01959   0.00053  -0.01172  -0.07796   0.06794   0.07779  -0.04679   0.01028  -0.00777   0.02781  -0.02905  -0.00353   0.00807   0.05337  -0.05615  -0.06880  -0.05335   0.08083  -0.00096 
 -0.03269   0.00679   0.06275  -0.03077  -0.03917   0.09799   0.05420  -0.09871  -0.00359  -0.04611   0.06704  -0.01625   0.00166   0.03031   0.03158  -0.07299   0.00664   0.02910   0.04629  -0.07411 
 -0.01083   0.03939   0.04576  -0.06810  -0.04124   0.07051   0.02806  -0.03864  -0.01861  -0.04328   0.04790   0.01591   0.04347   0.00307  -0.00804  -0.04455  -0.02726   0.04973  -0.01531  -0.00256 
 -0.00813   0.02567   0.00650  -0.01959  -0.08848   0.05343   0.09658  -0.04272   0.01750  -0.06498   0.04816  -0.01438   0.01624   0.04233   0.00673  -0.08478  -0.05549   0.00291   0.03160   0.00580 
 -0.02528   0.01575   0.04648  -0.03007  -0.02800   0.01779   0.04108  -0.01869  -0.03590  -0.00008   0.08621  -0.02826   0.01222   0.00927   0.00031  -0.02478  -0.02391   0.05693  -0.00628  -0.01839 
 -0.01972   0.02567   0.02468  -0.02410  -0.03114   0.09468   0.01641  -0.06427  -0.04834  -0.02557   0.07308   0.01635   0.04677   0.02762  -0.02725  -0.06761  -0.02138   0.01415  -0.03792   0.03617 
 -0.01491   0.03351   0.00133  -0.01546  -0.08845   0.10989   0.01905  -0.01961   0.01183  -0.01593   0.05709  -0.05063   0.02141  -0.02314   0.07827  -0.06813  -0.06505   0.05144   0.00951  -0.00167 
 -0.02738   0.03128   0.03516  -0.03148  -0.00344   0.03610   0.04030  -0.06416  -0.01745  -0.00057   0.03041  -0.00157   0.02065   0.01133   0.04776  -0.08348  -0.03292   0.04273   0.04933  -0.05727 
 -0.00645   0.02567   0.03921  -0.05219  -0.02437   0.04139   0.00614  -0.01103  -0.00835  -0.01967   0.02894   0.00265   0.04733  -0.01802   0.00757  -0.03479  -0.02469   0.04225  -0.02397   0.00852 
 -0.00046   0.01421  -0.00188  -0.01003  -0.02807   0.04135   0.06129  -0.06021  -0.01582  -0.07351   0.11417  -0.02672  -0.00278  -0.00645   0.08314  -0.06871  -0.04224   0.02286   0.07604  -0.06572 
 -0.02110   0.00005   0.08076  -0.05593  -0.05458   0.06640   0.02672  -0.01879  -0.00898  -0.01406   0.07035  -0.03612   0.06493  -0.04135   0.04608  -0.06371   0.03019   0.01303   0.00490  -0.03681 
  0.00545   0.01149   0.02920  -0.04189  -0.00090   0.02346   0.03549  -0.05078  -0.03164  -0.02550   0.06574   0.00412  -0.01434   0.02310   0.01216  -0.02639  -0.04971   0.06102   0.00946  -0.01876 
 -0.01937   0.02567   0.02582  -0.02549  -0.05123   0.04676   0.06166  -0.03847  -0.03955  -0.00430   0.07629  -0.01149   0.01974  -0.00587   0.06528  -0.07595  -0.01663  -0.01920   0.05476  -0.02901 
 -0.02353   0.00719   0.06066  -0.03828  -0.02134   0.03225   0.07652  -0.07725  -0.00041  -0.01308   0.06493  -0.04325   0.00658  -0.00376   0.07359  -0.07256  -0.07639   0.08902   0.05843  -0.07771 
 -0.01903   0.03165   0.06413  -0.07081  -0.00268  -0.00530   0.07333  -0.06347  -0.02016  -0.01983   0.03702   0.01036   0.02241   0.02470   0.02534  -0.08274  -0.05383   0.09305  -0.03050  -0.00622 
 -0.00779   0.03128   0.01973  -0.03720  -0.02418   0.03366   0.05813  -0.05430  -0.00367  -0.01180   0.07704  -0.05150  -0.00806   0.02087   0.03769  -0.05381   0.00170  -0.02410   0.02879  -0.01246 
 -0.00678   0.00954   0.04576  -0.04299  -0.04047   0.06788   0.02545  -0.03446   0.03363   0.00035   0.01357  -0.05706   0.02429   0.03665  -0.03448  -0.04779   0.01885   0.04295   0.01185  -0.05781 
  0.00870   0.04375   0.00213  -0.05145  -0.00414   0.06215   0.04429  -0.09418   0.02995  -0.03193   0.04684  -0.05473   0.07624   0.00519  -0.00269  -0.09620  -0.05734   0.04317  -0.00918   0.01603 
  0.01924   0.02112   0.01588  -0.05405  -0.02762   0.02606   0.08708  -0.07568   0.04747  -0.01123   0.00772  -0.06369   0.01307   0.01269   0.03091  -0.05881  -0.02646  -0.05278   0.06135  -0.00783 
  0.00772  -0.00035   0.04792  -0.05219  -0.02606   0.02119   0.08676  -0.07267   0.01651  -0.00756   0.03857  -0.04717   0.06351  -0.04188   0.08042  -0.09987  -0.01930  -0.01478   0.07693  -0.05545 
  0.00999  -0.00762   0.06895  -0.07081  -0.01185   0.01281   0.00725  -0.00251  -0.01001   0.01751   0.00091  -0.00185   0.08491   0.00913  -0.00804  -0.11009  -0.00788   0.08046   0.00037  -0.05656 
  0.01576   0.03499  -0.00511  -0.04408  -0.04086   0.05509   0.04895  -0.04496   0.03973   0.00667  -0.00996  -0.05211   0.01678   0.00338  -0.02015  -0.00513   0.00528   0.02741   0.03197  -0.05536 
  0.00902   0.02264   0.01472  -0.04262   0.01828   0.01069  -0.02606  -0.00888   0.05005  -0.05123   0.03729  -0.06195   0.07451  -0.05045   0.05308  -0.07218  -0.03426   0.03268   0.04873  -0.04745 
  0.03353  -0.01376   0.02430  -0.04664  -0.01746   0.05222  -0.01486  -0.01057   0.04700  -0.07372  -0.02718   0.00883   0.08840  -0.06003   0.02783  -0.05317  -0.02306   0.06577  -0.02523  -0.00909 
  0.02551   0.00164  -0.01372  -0.01683  -0.02630   0.03133   0.01678  -0.00963   0.00275  -0.01566   0.03285  -0.01722   0.00906  -0.01084   0.06586  -0.05687   0.04259  -0.02606   0.01088  -0.02565 
  0.00577  -0.00518   0.02732  -0.02549  -0.01855   0.06231  -0.00311  -0.02843   0.01195  -0.06100   0.06157  -0.02131   0.06987  -0.01745   0.05888  -0.11939   0.01243  -0.01740   0.06148  -0.06063 
  0.01671  -0.00115   0.04213  -0.05593   0.00246   0.06637  -0.05766  -0.01289   0.07384  -0.06272  -0.09177   0.00515   0.12200  -0.02845  -0.06528  -0.05905   0.03973  -0.01679  -0.01452  -0.00596 
  0.05991  -0.00155  -0.05676  -0.01959   0.08877  -0.01170   0.00221  -0.12200   0.11041  -0.02282  -0.00310  -0.16320   0.11975   0.00225  -0.01307  -0.15162   0.10529   0.03083  -0.02337  -0.09500 
  0.10804  -0.00518  -0.00960  -0.12757   0.17628   0.02439  -0.11134  -0.24615   0.15687  -0.01502  -0.07782  -0.21508   0.18597   0.00917  -0.07698  -0.23703   0.11763   0.12917  -0.08417  -0.14995 
  0.17450   0.03314  -0.09746  -0.21775   0.21609  -0.21453  -0.11887  -0.12321   0.21900  -0.19161  -0.19973  -0.13721   0.29523  -0.16767  -0.21829  -0.11885   0.16380  -0.01677  -0.07354  -0.07639 
  0.24414  -0.17123  -0.15023  -0.12186  -0.33936  -0.49246   0.47053  -0.28265  -0.03132  -0.22950   0.20760  -0.02504   0.02343  -0.21721   0.25569  -0.10506  -0.29771  -0.53196   0.36979  -0.20757 
 -0.18603  -0.39220   0.38984  -0.19185  -1.16459  -3.68133   0.64556  -3.68133  -0.71684  -3.68133   0.67617  -3.68133  -1.37776  -3.68133   0.69297  -3.68133  -0.63144  -3.68133   0.54037  -3.68133 
 -1.05366  -3.68133   0.63605  -3.68133  -3.68133  -3.68133  -3.68133   0.57258  -3.68133  -3.68133  -3.68133  -3.68133  -3.68133  -0.95145  -3.68133   0.59070  -3.68133  -3.68133  -3.68133  -3.68133 
 -3.68133  -0.82844  -3.68133   0.54709  -3.68133  -3.68133  -3.68133  -3.68133   0.26343  -0.14963  -0.46047  -0.17443  -3.68133  -3.68133  -3.68133  -3.68133   0.51681  -0.44946  -0.30184  -0.60507 
  0.41466  -0.48415  -0.22555  -0.53699   0.30317  -0.22615  -0.36161  -0.21133   0.00680  -0.14841   0.03982   0.05192   0.18810  -0.08773  -0.01104  -0.14599   0.01459  -0.06815   0.03023   0.00312 
  0.28948  -0.19562  -0.22555  -0.16402  -0.45877  -0.58638   0.54397  -0.61034  -0.20564  -0.27537   0.43048  -0.24070  -0.04034  -0.22166   0.36711  -0.29436  -0.23228  -0.29228   0.34977  -0.28953 
 -0.28967  -0.41136   0.47140  -0.42189  -0.16509  -0.00416   0.12438   0.04000  -0.05529  -0.04235   0.07613   0.03202  -0.37677  -0.21469  -0.42994   0.40893  -0.00976  -0.08378   0.03903   0.02019 
 -0.27450  -0.08249  -0.19812   0.28157   0.01959  -0.01933   0.00627  -0.01414   0.13323  -0.17862  -0.06378  -0.04089   0.01991  -0.07671  -0.01827   0.07497   0.24756  -0.26870  -0.09505  -0.02964 
  0.12987  -0.18631  -0.03667   0.00262  -0.13606   0.03260  -0.12132   0.16189   0.03619  -0.07479  -0.07642   0.05296   0.06252  -0.03287  -0.11847   0.05372   0.06271  -0.11154  -0.07878   0.07445 
 -0.01628  -0.03577  -0.09596   0.10212  -0.00430   0.01858  -0.11748   0.06974   0.07124  -0.05414  -0.08567  -0.00029   0.06736   0.00607  -0.10748  -0.00215   0.03953   0.03996  -0.16833   0.06273 
  0.03353   0.00045  -0.12013   0.04833   0.00175   0.04416  -0.06476   0.01223   0.00632  -0.06203  -0.02394   0.04959   0.05678   0.01888   0.01102  -0.10424   0.01829  -0.00197  -0.04581   0.02602 
  0.01671  -0.00640  -0.03233   0.01363  -0.01535   0.05826  -0.06593   0.02008   0.01671  -0.06443  -0.07172   0.06690   0.00897   0.01188  -0.03517   0.00346   0.01922   0.02534  -0.06874   0.02484 
  0.00610   0.01071  -0.06044   0.03025   0.02019   0.03183  -0.04705  -0.01217   0.01691  -0.00667  -0.06294   0.02588  -0.03247   0.02044  -0.00011   0.00481   0.04538  -0.15847  -0.00780   0.05661 
  0.01703  -0.02931  -0.02462   0.02499   0.00214  -0.00831  -0.04665   0.03862   0.02890  -0.12632   0.02260   0.02737   0.03788  -0.02258   0.02406  -0.03285   0.03903  -0.09770   0.00089   0.02704 
  0.02302  -0.05805  -0.00027   0.02092  -0.01953  -0.01750  -0.04946   0.06805   0.06482  -0.02944  -0.12061   0.01218   0.03228  -0.02567  -0.01041   0.00629   0.05851  -0.12984  -0.02201   0.04612 
  0.02769  -0.04855  -0.04017   0.03908  -0.03388   0.01468  -0.01914   0.03974   0.02841  -0.01076  -0.10922   0.04061   0.01855  -0.02179  -0.02499   0.02660   0.06129  -0.03749  -0.05369   0.02145 
  0.01288  -0.01791  -0.04282   0.03362  -0.02345   0.00992  -0.04411   0.05030   0.01630   0.01000  -0.05779   0.01148   0.02293  -0.00875  -0.00416  -0.00914   0.04328  -0.10059  -0.02752   0.04792 
  0.01063  -0.02675  -0.02974   0.03301  -0.02562  -0.01320  -0.03079   0.05890   0.04407  -0.01256  -0.15191   0.04379   0.04777  -0.01745  -0.03311  -0.00260   0.04262  -0.09056  -0.03289   0.04764 
  0.02145  -0.03664  -0.04861   0.04269  -0.03312   0.01648  -0.01730   0.03636  -0.00418   0.03673  -0.09842   0.03916   0.00390  -0.00887  -0.06050   0.04982   0.02523  -0.10775  -0.04620   0.07641 
 -0.00678  -0.02210  -0.04460   0.05565  -0.00821  -0.00569  -0.01966   0.02858   0.06088  -0.06296  -0.08098   0.01717  -0.03034   0.01168  -0.02996   0.03601   0.00178  -0.06226  -0.00332   0.03820 
  0.00610  -0.03102  -0.02082   0.03393  -0.03120   0.01823  -0.07583   0.07176   0.00324  -0.03056  -0.08246   0.06762  -0.00428  -0.00929  -0.02173   0.03160   0.02615  -0.04387  -0.08631   0.07189 
 -0.00578  -0.01708  -0.06647   0.06512  -0.04750   0.03317  -0.02067   0.04029  -0.00560  -0.00312  -0.06592   0.05093  -0.01239   0.01782  -0.02256   0.00715  -0.03088  -0.06843  -0.02803   0.07939 
 -0.02914  -0.01212  -0.02589   0.05507  -0.05687   0.04260  -0.01509   0.03783   0.03860  -0.02288  -0.05641   0.00568   0.02123  -0.00842   0.00274  -0.01348   0.03187  -0.06836  -0.04659   0.05411 
  0.00349  -0.01708  -0.02632   0.03025  -0.02519   0.00997  -0.01590   0.03216   0.05031  -0.03546  -0.11248   0.03125   0.03153   0.01666  -0.03885  -0.02382   0.01506  -0.04354  -0.01589   0.02935 
  0.01416  -0.01294  -0.03406   0.02249  -0.02583   0.01928   0.00877   0.00646   0.01852  -0.03960  -0.08250   0.05630  -0.02929   0.03752  -0.04288   0.01206   0.05314  -0.10893  -0.02722   0.04455 
  0.00414  -0.02000  -0.02717   0.03240  -0.02698   0.01401  -0.00148   0.01999   0.02080  -0.05552  -0.06793   0.05522   0.00555  -0.02587   0.00402   0.02187   0.00044  -0.05937   0.00247   0.03279 
 -0.00344  -0.03231  -0.00756   0.03393  -0.00275   0.00736  -0.04245   0.02991   0.01594   0.02440  -0.14634   0.04936  -0.01234  -0.00881  -0.01140   0.03079  -0.01247  -0.02748  -0.07159   0.07775 
 -0.00545  -0.00397  -0.06044   0.05186  -0.06389   0.05511   0.02979  -0.00188   0.02129  -0.05762  -0.03698   0.03782  -0.00674  -0.01682   0.01568   0.01392   0.01606  -0.11503   0.02237   0.03324 
 -0.01150  -0.03621   0.01704   0.02499  -0.00349   0.05092  -0.03273  -0.01115   0.00325   0.02014  -0.04679   0.01286   0.01036  -0.00716   0.01700  -0.01583   0.04164  -0.07882  -0.01180   0.02609 
  0.00805  -0.00236  -0.01496   0.00588  -0.00032   0.02238  -0.01437  -0.00545   0.02314  -0.00354  -0.12178   0.04840   0.05154  -0.00412  -0.01456  -0.03882   0.05813  -0.10650  -0.02551   0.03845 
  0.02985  -0.02168  -0.03667   0.01522  -0.01793   0.02126  -0.03315   0.02904   0.01764  -0.04450  -0.02150   0.02419   0.03201  -0.01344  -0.01031  -0.00805   0.03009  -0.10366  -0.00912   0.04438 
  0.01192  -0.03447  -0.01621   0.02747  -0.03362  -0.00480   0.01523   0.02713   0.00669   0.00376  -0.11179   0.05719   0.04975  -0.04127   0.00553  -0.00750   0.03654  -0.10602  -0.00847   0.04049 
  0.00805  -0.04014  -0.01289   0.03270  -0.01424  -0.02219  -0.03927   0.05938  -0.00069  -0.02604  -0.09492   0.07536   0.00153  -0.00078  -0.04308   0.03150   0.02737  -0.08470   0.01855   0.01356 
 -0.00079  -0.03318  -0.02419   0.04418  -0.01199  -0.02011   0.02934   0.00339   0.02301  -0.01936  -0.10188   0.04879  -0.02418  -0.02885  -0.00107   0.05504  -0.03294  -0.05412   0.00601   0.04793 
 -0.01354  -0.03404  -0.00228   0.04029   0.02546  -0.00566  -0.00350  -0.02365   0.04081  -0.00311  -0.08741   0.00755   0.01234   0.01088  -0.02298  -0.00796   0.05768  -0.05190  -0.00430  -0.00777 
  0.03047  -0.01212  -0.01830  -0.00700  -0.04992   0.04450  -0.01323   0.02842  -0.01825  -0.01017  -0.11202   0.09158   0.01030   0.00193  -0.01769   0.00138   0.01229  -0.07745  -0.01898   0.05133 
 -0.01457  -0.00802  -0.03319   0.04477   0.01270  -0.05303   0.00061   0.02204   0.02650  -0.04676  -0.05578   0.03634  -0.04174  -0.00680  -0.00936   0.05180   0.02185  -0.08947  -0.00218   0.03766 
  0.00642  -0.05079  -0.00878   0.03848  -0.02142   0.01637  -0.03287   0.03599   0.03065  -0.00851  -0.02011  -0.01882  -0.01631  -0.03408   0.05557   0.00837   0.00546  -0.03203   0.03473  -0.01606 
 -0.00478  -0.01666   0.01626   0.00458  -0.01021   0.03822   0.00297  -0.02179   0.02343  -0.05416  -0.08899   0.06271  -0.00300   0.01108  -0.06547   0.03662   0.02967  -0.03504  -0.02294   0.01987 
  0.00772  -0.00316  -0.03580   0.02249  -0.03056  -0.00060   0.01943   0.01758   0.01816   0.00720  -0.04678   0.00420   0.01590   0.00708   0.00628  -0.03101   0.02825  -0.05295  -0.00930   0.01989 
  0.00512  -0.01335  -0.00309   0.00816  -0.05238   0.01921  -0.00993   0.04725   0.02951  -0.02814  -0.09490   0.04306   0.00175  -0.00524   0.00651  -0.00057  -0.01811  -0.05105   0.01885   0.02635 
 -0.01184  -0.01459  -0.01042   0.03086   0.01213  -0.02290  -0.01938   0.01811   0.00566   0.00668  -0.11771   0.05930  -0.00434   0.00737  -0.00026  -0.00482   0.06101  -0.07919  -0.02714   0.02402 
  0.01671  -0.02252  -0.03276   0.02623  -0.04068  -0.00012   0.01184   0.03347   0.02211  -0.03452  -0.05078   0.03090  -0.00115  -0.01299   0.01589   0.00389   0.05572  -0.11467  -0.01071   0.03243 
  0.00577  -0.04146  -0.00349   0.02871  -0.00980  -0.04582   0.02970   0.01836  -0.02248  -0.02242  -0.02945   0.05992   0.01676   0.01209  -0.01546  -0.02021   0.02203  -0.07522  -0.00170   0.02995 
 -0.00311  -0.03060   0.00253   0.02467  -0.03118   0.03656  -0.02018   0.02137   0.01671   0.01658  -0.07249   0.01502   0.04598  -0.04395  -0.02358   0.02224   0.02200  -0.06398  -0.01738   0.03680 
  0.00707  -0.01583  -0.02675   0.02623  -0.00572  -0.02628   0.00001   0.02515   0.03431  -0.04121  -0.07709   0.03572  -0.04236  -0.00898  -0.00064   0.04845   0.01496  -0.10478   0.02180   0.02960 
  0.00218  -0.04588  -0.00309   0.03484  -0.00404  -0.03168   0.04816  -0.01455   0.00769  -0.02262  -0.08369   0.05861   0.03510  -0.04556   0.00052   0.01702   0.01724  -0.07593   0.02596   0.00949 
  0.00805  -0.04588   0.01316   0.01649  -0.00776   0.00067  -0.01893   0.02303   0.01031   0.02775  -0.07024   0.01302   0.03091  -0.03224  -0.00188   0.00854   0.03559  -0.08346  -0.03486   0.05054 
  0.01192  -0.02294  -0.02760   0.02747  -0.00525   0.00934   0.00960  -0.00932   0.04372  -0.02294  -0.04796  -0.00672   0.01792  -0.01815  -0.05173   0.04153  -0.01037  -0.10407   0.01073   0.05496 
  0.00966  -0.03534  -0.00837   0.02436  -0.00618   0.00849  -0.00997   0.00859  -0.00285   0.00886  -0.06774   0.04080  -0.02910   0.00401   0.02353   0.00307   0.00707  -0.04274   0.01823   0.00515 
 -0.00914  -0.00640  -0.00027   0.01426   0.00185   0.03347  -0.04343   0.00556   0.02487  -0.04169  -0.08904   0.05378   0.00710  -0.04547  -0.00634   0.04884  -0.00156  -0.05001  -0.00225   0.03297 
