IntronPotTab 1 1024 0.13320
    0.00298
   -0.00836
   -0.00848
    0.00851
    0.00040
    0.00514
   -0.01165
    0.00643
   -0.00705
   -0.00285
   -0.00971
    0.01869
   -0.00854
   -0.01370
    0.00275
    0.01432
    0.00283
    0.00112
   -0.03331
    0.01927
   -0.00505
    0.01937
   -0.03157
    0.03261
   -0.00801
    0.00239
   -0.02341
    0.03552
    0.00423
   -0.00169
   -0.01160
    0.00801
   -0.00220
   -0.00879
   -0.00195
    0.01060
    0.00327
   -0.00197
   -0.01010
    0.00695
   -0.02175
   -0.00695
    0.02215
    0.01365
   -0.01691
   -0.01680
    0.00694
    0.01526
   -0.01108
   -0.00461
    0.00030
    0.01654
    0.00376
   -0.01187
   -0.01260
    0.02082
   -0.01163
   -0.00676
   -0.02050
    0.03246
   -0.00771
   -0.01527
    0.00656
    0.00865
    0.00443
   -0.00922
   -0.00800
    0.00702
   -0.00055
   -0.01185
   -0.01014
    0.02220
   -0.00275
   -0.01998
   -0.01454
    0.03424
   -0.00222
   -0.02863
   -0.00335
    0.02101
    0.01688
   -0.00479
   -0.05420
    0.02463
   -0.00847
    0.01580
   -0.03100
    0.02475
   -0.00660
   -0.00237
   -0.02657
    0.03568
    0.01752
   -0.01049
   -0.04164
    0.02416
    0.01475
   -0.01421
   -0.02751
    0.01250
   -0.00429
   -0.00658
    0.00003
    0.01042
   -0.01298
   -0.01138
    0.01172
    0.01274
   -0.01759
   -0.02540
   -0.00108
    0.02610
    0.04164
   -0.03282
   -0.02255
   -0.00339
    0.01119
   -0.00700
   -0.04837
    0.04246
    0.00827
   -0.02107
   -0.03522
    0.03653
   -0.00182
   -0.01971
   -0.00198
    0.01387
    0.00578
   -0.01798
   -0.01380
    0.02105
    0.00640
   -0.01438
   -0.01821
    0.02877
   -0.01964
   -0.01085
    0.00772
    0.04183
    0.01163
   -0.03627
   -0.01750
    0.02986
    0.02319
   -0.01047
   -0.04468
    0.03114
   -0.00432
   -0.00310
   -0.02349
    0.04090
   -0.00189
   -0.00697
   -0.02329
    0.03060
    0.02117
   -0.01427
   -0.03640
    0.03233
    0.02219
   -0.03623
   -0.00797
   -0.00338
    0.01101
   -0.02997
   -0.01342
    0.02525
   -0.00025
   -0.02993
    0.00505
    0.02056
   -0.05762
    0.01033
   -0.01610
    0.04687
    0.01225
   -0.04067
    0.00530
    0.01300
    0.01902
   -0.03277
   -0.01792
    0.03057
   -0.00951
   -0.02106
   -0.01988
    0.03903
    0.00172
   -0.03100
   -0.00280
    0.01692
   -0.01639
    0.01160
   -0.00090
    0.01658
    0.00198
   -0.01269
   -0.01147
    0.01719
   -0.00619
   -0.00965
   -0.00405
    0.01734
   -0.01568
   -0.01556
    0.00284
    0.01534
    0.00256
   -0.01325
   -0.02947
    0.02159
    0.00070
    0.02565
   -0.03552
    0.01100
   -0.00648
   -0.00580
   -0.01823
    0.02474
    0.00232
    0.00256
   -0.03521
    0.02054
   -0.00288
   -0.00037
   -0.01719
    0.01214
    0.00926
   -0.01917
   -0.01361
    0.01123
   -0.00755
   -0.02172
    0.01588
    0.01505
   -0.02310
   -0.02740
    0.00892
    0.01934
    0.00416
   -0.01369
   -0.00164
    0.00463
   -0.00370
   -0.00511
   -0.01238
    0.02099
   -0.00781
   -0.01141
   -0.00164
    0.01789
   -0.00114
   -0.01591
   -0.00809
    0.01385
   -0.00341
   -0.00043
   -0.00710
    0.01032
   -0.00624
    0.00475
   -0.02192
    0.03060
    0.00089
   -0.00479
   -0.02719
    0.02879
   -0.01184
   -0.02009
   -0.00498
    0.02689
    0.00815
   -0.00934
   -0.02507
    0.02673
   -0.00572
    0.04572
   -0.04102
    0.02421
   -0.00854
   -0.00225
   -0.02210
    0.03523
   -0.00454
   -0.00165
   -0.02360
    0.02175
    0.00152
    0.00347
    0.01394
   -0.01665
   -0.00895
    0.00711
   -0.00602
    0.01534
   -0.02309
    0.00491
    0.03154
   -0.00249
   -0.02158
   -0.01295
   -0.00534
    0.02632
   -0.00195
   -0.01330
   -0.01043
    0.02027
   -0.00342
    0.00747
   -0.02728
    0.03238
   -0.00790
   -0.00550
   -0.02540
    0.03114
   -0.01205
   -0.01630
   -0.00492
    0.01857
    0.00676
   -0.01427
   -0.02822
    0.02688
    0.00672
   -0.01053
   -0.01786
    0.02450
    0.01270
   -0.02764
   -0.02740
    0.04887
    0.00346
   -0.02992
   -0.00270
    0.02647
    0.00939
    0.00194
   -0.05368
    0.02464
   -0.01178
    0.02754
   -0.03793
    0.01465
   -0.00839
    0.01184
   -0.03646
    0.03924
    0.00602
   -0.01412
   -0.02882
    0.02545
    0.00575
   -0.00855
   -0.02619
    0.01930
   -0.00611
   -0.01130
    0.01140
    0.00826
   -0.00622
   -0.01421
   -0.00100
    0.01834
   -0.01729
   -0.02636
   -0.00814
    0.03144
    0.01607
   -0.01861
   -0.02277
    0.01967
    0.00446
   -0.00383
   -0.04996
    0.04962
   -0.00539
   -0.02439
   -0.03369
    0.05680
    0.00460
   -0.02991
   -0.02336
    0.03470
    0.00660
   -0.01488
   -0.02585
    0.03097
   -0.00149
    0.00178
   -0.02181
    0.03539
    0.01533
   -0.02159
   -0.01948
    0.02909
    0.00690
   -0.02501
   -0.01529
    0.03407
    0.01576
   -0.00994
   -0.04228
    0.02780
   -0.00815
    0.01690
   -0.02563
    0.03005
   -0.01536
    0.00413
   -0.01506
    0.02425
    0.00883
   -0.01350
   -0.03051
    0.03362
    0.01651
   -0.02723
   -0.00536
    0.00182
    0.00160
   -0.03663
    0.00024
    0.03511
   -0.01243
   -0.02849
    0.01846
    0.02562
   -0.03141
   -0.01321
   -0.01154
    0.03912
    0.01351
   -0.03256
   -0.00819
    0.03035
    0.00704
   -0.00298
   -0.02979
    0.04071
   -0.02280
   -0.02047
   -0.03385
    0.05598
    0.00051
   -0.03702
   -0.01194
    0.03311
   -0.01963
    0.01671
   -0.04229
    0.02909
   -0.01216
    0.00134
   -0.02397
    0.02773
    0.00669
   -0.02573
   -0.01699
    0.03149
   -0.00190
   -0.02122
   -0.00539
    0.01930
   -0.00016
   -0.00548
   -0.02900
    0.02093
   -0.00391
    0.03354
   -0.02943
   -0.00307
   -0.01851
    0.00793
   -0.02086
    0.02911
   -0.01076
    0.00516
   -0.01692
    0.01004
   -0.00225
    0.00028
   -0.01174
    0.00842
    0.00667
    0.01963
   -0.00616
   -0.01398
   -0.01097
   -0.01791
    0.01317
    0.01938
   -0.01162
   -0.02612
    0.01303
    0.01256
   -0.00261
   -0.02345
   -0.00507
    0.02415
   -0.01643
    0.01180
   -0.02559
    0.02276
   -0.00871
   -0.01219
   -0.02488
    0.03758
   -0.01201
   -0.00371
   -0.01256
    0.01442
    0.00448
   -0.01085
   -0.01060
    0.01115
   -0.00194
    0.00269
   -0.01572
    0.02189
    0.00207
   -0.02122
   -0.00795
    0.03213
   -0.00831
   -0.01463
   -0.00009
    0.01757
   -0.00234
   -0.00538
   -0.02119
    0.02944
   -0.01397
    0.02752
   -0.03227
    0.04891
   -0.01984
    0.00124
   -0.00802
    0.04443
    0.00514
    0.00363
   -0.01946
    0.01178
    0.00126
    0.00008
   -0.01558
    0.02183
   -0.00476
    0.01285
   -0.01065
    0.00944
   -0.01813
   -0.00757
    0.01992
    0.01104
   -0.02247
   -0.00275
   -0.00172
    0.01791
    0.01232
   -0.03176
   -0.00785
    0.01434
    0.01100
   -0.01724
   -0.01006
    0.02047
   -0.00839
   -0.02209
   -0.00987
    0.04430
   -0.00047
   -0.01978
   -0.00673
    0.01616
    0.00806
   -0.02854
   -0.00957
    0.02267
    0.01913
   -0.02903
   -0.00685
    0.01265
    0.01090
   -0.03174
   -0.01212
    0.05242
    0.00826
   -0.04271
    0.00531
    0.02711
    0.02114
   -0.01706
   -0.03769
    0.02565
   -0.00325
    0.01711
   -0.03555
    0.03017
   -0.01425
   -0.00861
   -0.01651
    0.04002
    0.02428
   -0.01553
   -0.02178
    0.01651
    0.02096
   -0.04030
   -0.00660
    0.00858
   -0.00500
   -0.01080
    0.00879
    0.00496
   -0.00765
   -0.03347
    0.03312
    0.01327
   -0.02271
   -0.03105
    0.01804
    0.01710
    0.03757
   -0.04586
   -0.00859
    0.01413
    0.00187
   -0.00784
   -0.03931
    0.05443
    0.00800
   -0.03209
   -0.02160
    0.05796
    0.00829
   -0.04458
    0.00267
    0.03018
    0.00959
   -0.03203
   -0.01063
    0.02292
    0.00938
   -0.02035
   -0.00607
    0.01723
    0.00679
   -0.03248
   -0.00082
    0.02832
    0.00409
   -0.03998
    0.00160
    0.02403
    0.02484
   -0.02885
   -0.02023
    0.01774
   -0.01049
    0.01906
   -0.03483
    0.05297
   -0.01074
   -0.00224
   -0.01032
    0.02752
    0.00035
   -0.01279
   -0.02589
    0.03543
    0.01625
   -0.03414
   -0.00017
   -0.00173
    0.00814
   -0.02247
   -0.00333
    0.01443
   -0.00629
   -0.03842
    0.01239
    0.02293
   -0.03378
   -0.01687
   -0.00189
    0.02814
   -0.01028
   -0.02784
    0.01202
    0.02938
    0.01082
   -0.01859
   -0.01329
    0.02831
   -0.01450
   -0.03403
   -0.00682
    0.05144
    0.00773
   -0.03973
   -0.00807
    0.02589
    0.01354
   -0.00040
   -0.07298
    0.02744
    0.01322
   -0.01286
   -0.02219
    0.02146
    0.00886
   -0.03162
   -0.00570
    0.02661
    0.00168
   -0.03313
   -0.00049
    0.02276
    0.00610
   -0.01473
   -0.02739
    0.02646
   -0.00123
    0.01927
   -0.02707
    0.01388
   -0.01085
   -0.01580
   -0.01192
    0.02884
    0.00450
   -0.00783
   -0.00954
    0.01207
    0.00962
   -0.00471
   -0.02805
    0.01230
    0.01091
   -0.01869
    0.00076
    0.00196
   -0.00284
   -0.02820
    0.02969
    0.00703
   -0.01453
   -0.03573
    0.01100
    0.01211
    0.00137
   -0.01984
   -0.00787
    0.01897
   -0.00229
   -0.01069
   -0.01201
    0.02768
   -0.00841
   -0.02754
   -0.01372
    0.03967
   -0.00450
   -0.02527
   -0.00047
    0.01658
   -0.00345
   -0.00151
   -0.01199
    0.01215
   -0.00777
    0.00699
   -0.01564
    0.02145
    0.01241
   -0.00703
   -0.00707
   -0.00085
   -0.02516
    0.00009
   -0.00066
    0.01661
    0.00132
   -0.00429
   -0.03999
    0.02967
    0.00059
    0.02320
   -0.03942
    0.02988
   -0.00378
   -0.00830
   -0.02558
    0.03719
    0.02223
   -0.01667
   -0.03218
    0.01741
    0.00395
   -0.00533
   -0.00572
    0.00210
   -0.00225
   -0.01098
   -0.01043
    0.01938
   -0.00317
   -0.00406
    0.00798
    0.00075
   -0.01570
   -0.01200
   -0.01118
    0.02519
   -0.00522
   -0.00692
   -0.00864
    0.01366
   -0.00513
   -0.01695
   -0.02073
    0.04012
   -0.01262
   -0.01513
   -0.01873
    0.03388
   -0.02187
   -0.01847
   -0.00345
    0.01979
    0.00258
   -0.01861
   -0.01844
    0.02213
    0.00470
   -0.01946
   -0.01345
    0.02427
    0.01012
   -0.03821
   -0.01864
    0.04505
    0.00455
   -0.03525
    0.00473
    0.02527
    0.02219
   -0.01201
   -0.07089
    0.03585
   -0.00278
    0.01782
   -0.04661
    0.02911
   -0.01037
   -0.00541
   -0.03070
    0.04336
    0.03117
   -0.01868
   -0.04652
    0.02832
    0.01859
   -0.02883
   -0.04038
    0.02302
   -0.01187
   -0.01024
   -0.00301
    0.01947
   -0.00209
   -0.02861
    0.00875
    0.01487
   -0.01076
   -0.04712
   -0.00177
    0.03860
    0.02454
   -0.03460
   -0.02042
    0.01839
   -0.00128
   -0.02275
   -0.05202
    0.04509
   -0.00004
   -0.03170
   -0.03078
    0.04958
    0.00748
   -0.03739
   -0.01431
    0.03414
    0.00140
   -0.01360
   -0.02206
    0.02795
    0.00228
   -0.00684
   -0.02444
    0.03326
    0.01098
   -0.02997
   -0.01179
    0.02794
    0.00585
   -0.02408
   -0.02003
    0.03031
    0.02115
   -0.01419
   -0.06241
    0.03784
   -0.00291
    0.00629
   -0.04419
    0.05122
   -0.01731
   -0.00671
   -0.02990
    0.04401
    0.03144
   -0.00266
   -0.05673
    0.04880
    0.01641
   -0.02954
   -0.01076
    0.00474
    0.01284
   -0.03930
   -0.00854
    0.03220
   -0.00512
   -0.03562
    0.00972
    0.02495
   -0.01596
   -0.02686
   -0.01833
    0.04215
    0.00369
   -0.02143
   -0.01425
    0.02333
    0.00025
   -0.01424
   -0.02956
    0.04401
   -0.02240
   -0.01643
   -0.03207
    0.02973
   -0.00514
   -0.03610
   -0.01807
    0.02911
   -0.00605
    0.00649
   -0.02628
    0.01659
   -0.00580
   -0.01308
   -0.01589
    0.02980
   -0.00229
   -0.02417
   -0.00401
    0.02468
   -0.01276
   -0.01699
   -0.00604
    0.01830
    0.00465
   -0.01166
   -0.04319
    0.02576
   -0.01081
    0.02235
   -0.02805
    0.01735
   -0.00900
   -0.00862
   -0.01942
    0.03035
    0.00399
   -0.00610
   -0.02954
    0.01823
    0.00056
   -0.00288
   -0.01684
    0.01012
    0.00540
   -0.00602
   -0.01879
    0.01120
   -0.00419
   -0.02298
    0.00687
    0.01749
   -0.02186
   -0.03412
    0.01242
    0.01629
    0.00001
   -0.01207
   -0.01335
    0.01267
   -0.02117
   -0.00049
   -0.01839
    0.03462
   -0.01765
   -0.01716
   -0.01557
    0.03598
   -0.00520
   -0.01216
   -0.01091
    0.01596
