IntronPotTab 1 1024 0.30320
   -0.00089
   -0.01268
   -0.04836
    0.02441
   -0.01596
   -0.00931
   -0.04151
    0.03515
   -0.02606
   -0.00448
   -0.04333
    0.04659
    0.00346
   -0.01647
   -0.02930
    0.01983
   -0.00233
   -0.01708
   -0.03781
    0.03194
   -0.00618
   -0.02319
   -0.03094
    0.03101
   -0.02132
   -0.02452
   -0.03610
    0.04933
    0.01814
   -0.02820
   -0.03741
    0.02525
    0.00194
   -0.00022
   -0.05613
    0.03710
   -0.01112
   -0.02127
   -0.04782
    0.03531
   -0.02981
    0.01945
   -0.04500
    0.05362
    0.01403
   -0.01692
   -0.04135
    0.01870
    0.00154
   -0.01067
   -0.01938
    0.01167
   -0.00013
   -0.01774
   -0.03366
    0.02163
   -0.01067
    0.00759
   -0.05634
    0.03629
    0.00606
   -0.02116
   -0.02078
    0.01754
    0.00177
   -0.03511
   -0.04365
    0.03378
   -0.01111
   -0.03091
   -0.03550
    0.03831
   -0.02415
   -0.03075
   -0.04446
    0.05376
    0.00982
   -0.04764
   -0.03113
    0.02732
    0.00645
   -0.03552
   -0.04321
    0.04137
    0.02641
   -0.04170
   -0.05179
    0.01354
   -0.03327
   -0.07521
   -0.00810
    0.06825
    0.04885
   -0.04302
   -0.05836
    0.02349
    0.01356
   -0.04178
   -0.05487
    0.03840
    0.00878
   -0.04967
   -0.06322
    0.04751
   -0.03271
   -0.05923
   -0.05674
    0.07590
    0.02790
   -0.04941
   -0.04113
    0.02671
    0.00807
   -0.03625
   -0.01082
    0.01737
    0.00811
   -0.03231
   -0.03280
    0.01816
   -0.01363
   -0.02655
   -0.05466
    0.05057
    0.01946
   -0.04888
    0.00733
    0.01234
    0.00997
   -0.00156
   -0.06171
    0.02467
   -0.01396
   -0.00251
   -0.05892
    0.03968
   -0.02320
    0.00792
   -0.04122
    0.05461
    0.00296
   -0.01337
   -0.04934
    0.03186
    0.00637
   -0.02305
   -0.05545
    0.04431
   -0.02105
   -0.02497
   -0.07701
    0.05564
   -0.00951
   -0.03389
   -0.04583
    0.06273
    0.02554
   -0.01553
   -0.05221
    0.02878
    0.01066
    0.00790
   -0.07116
    0.03782
   -0.04253
    0.02652
   -0.11199
    0.04952
   -0.02133
    0.03544
   -0.06152
    0.04775
    0.00881
   -0.00224
   -0.05247
    0.02765
    0.00540
   -0.01214
   -0.01981
    0.01417
    0.00138
   -0.02060
   -0.04996
    0.02856
   -0.01247
    0.00277
   -0.04837
    0.04715
    0.01165
   -0.03453
   -0.02224
    0.02297
    0.00073
   -0.01623
   -0.03471
    0.01603
   -0.00947
   -0.00867
   -0.02714
    0.02269
   -0.01806
   -0.01272
   -0.00676
    0.03135
   -0.00148
   -0.02589
   -0.03109
    0.02071
    0.00670
   -0.02717
   -0.02539
    0.01765
    0.01027
   -0.03044
   -0.04886
    0.01504
   -0.00732
   -0.02689
   -0.04283
    0.04399
    0.01811
   -0.02814
   -0.02969
    0.01929
    0.01390
   -0.01110
   -0.05127
    0.01338
    0.00042
   -0.02915
   -0.06178
    0.02946
   -0.02076
   -0.00026
   -0.02274
    0.04342
    0.01945
   -0.01644
   -0.02583
    0.00401
    0.00958
   -0.02087
   -0.00985
    0.00442
    0.00920
   -0.02969
   -0.03853
    0.01376
   -0.00389
   -0.00762
   -0.05058
    0.03329
    0.01634
   -0.03095
   -0.02478
    0.01806
   -0.00069
   -0.02310
   -0.04409
    0.03031
   -0.02295
   -0.01793
   -0.04913
    0.04625
   -0.02789
   -0.00810
   -0.03535
    0.04519
    0.00397
   -0.02752
   -0.03549
    0.02844
    0.00070
   -0.03241
   -0.03308
    0.03875
    0.00205
   -0.03784
   -0.05631
    0.04106
   -0.00579
   -0.03913
   -0.02640
    0.04019
    0.02332
   -0.04786
   -0.02590
    0.03073
    0.01046
   -0.01421
   -0.04936
    0.02819
   -0.01185
   -0.01045
   -0.06478
    0.03613
   -0.01261
   -0.00161
   -0.02979
    0.03098
    0.02634
   -0.02840
   -0.04494
    0.01631
    0.01232
   -0.02812
   -0.02210
    0.01293
    0.00103
   -0.01511
   -0.04572
    0.02258
   -0.00870
   -0.00436
   -0.04696
    0.03661
    0.01080
   -0.02544
   -0.02187
    0.01945
    0.00209
   -0.04120
   -0.02287
    0.03118
    0.00564
   -0.05305
   -0.03516
    0.03724
   -0.01192
   -0.04375
   -0.03844
    0.05385
    0.01692
   -0.05374
   -0.02641
    0.03092
    0.02542
   -0.04478
   -0.04220
    0.02806
    0.01676
   -0.01282
   -0.06190
    0.01716
    0.00827
   -0.05471
   -0.04369
    0.06224
    0.04240
   -0.04633
   -0.02196
    0.02121
    0.02239
   -0.05764
   -0.04216
    0.03650
    0.02899
   -0.06074
   -0.05452
    0.04724
   -0.01670
   -0.06688
   -0.04874
    0.07887
    0.07783
   -0.08657
   -0.04105
    0.00138
    0.01318
   -0.02409
   -0.02280
    0.01644
    0.03122
   -0.04798
   -0.05576
    0.01731
   -0.00248
   -0.04127
   -0.04175
    0.04874
    0.04501
   -0.05206
   -0.00446
    0.01582
    0.00383
   -0.03137
   -0.05529
    0.03563
   -0.00424
   -0.01481
   -0.08322
    0.04986
   -0.00314
   -0.03406
   -0.05733
    0.05432
    0.00124
   -0.02575
   -0.05777
    0.03972
    0.00972
   -0.03992
   -0.04862
    0.04896
    0.01293
   -0.02184
   -0.08092
    0.04808
    0.00145
   -0.05756
   -0.02730
    0.06695
    0.04237
   -0.04139
   -0.05032
    0.03602
    0.01498
   -0.02618
   -0.05382
    0.03102
    0.01734
   -0.03207
   -0.11000
    0.06110
    0.00443
   -0.04359
   -0.03695
    0.05155
    0.06807
   -0.05108
   -0.08745
    0.01267
    0.00240
   -0.01643
   -0.03452
    0.02487
    0.02062
   -0.01830
   -0.10041
    0.03260
   -0.00625
   -0.03042
   -0.03994
    0.04820
    0.01915
   -0.03630
   -0.02546
    0.02306
    0.00222
   -0.03073
   -0.02667
    0.02009
   -0.01219
   -0.01278
   -0.03421
    0.02498
   -0.01241
   -0.03089
   -0.00941
    0.03236
    0.00251
   -0.03625
   -0.03076
    0.02655
    0.01619
   -0.06286
   -0.02539
    0.02992
    0.01358
   -0.01802
   -0.03803
    0.00354
    0.00054
   -0.04151
   -0.04168
    0.04426
    0.03410
   -0.05744
   -0.00138
    0.02247
    0.01102
   -0.03186
   -0.04785
    0.02553
    0.00328
   -0.03083
   -0.05722
    0.02687
   -0.01447
   -0.02675
   -0.02536
    0.04710
    0.02990
   -0.04177
   -0.03620
    0.01262
   -0.00303
   -0.03347
   -0.00630
    0.01863
    0.01643
   -0.02974
   -0.04156
    0.00787
    0.01890
   -0.04422
   -0.04043
    0.01645
    0.03107
   -0.03398
   -0.02139
    0.01488
   -0.00438
   -0.00424
   -0.04758
    0.02880
   -0.01592
    0.00155
   -0.04911
    0.03589
   -0.02563
    0.00593
   -0.04336
    0.05745
   -0.00335
   -0.01262
   -0.03024
    0.02789
    0.00061
   -0.01077
   -0.04173
    0.03492
   -0.00426
   -0.02002
   -0.05443
    0.03876
   -0.00800
   -0.02523
   -0.04371
    0.04879
    0.03049
   -0.03613
   -0.03282
    0.02139
    0.00233
    0.00910
   -0.05575
    0.04421
   -0.00206
   -0.01532
   -0.05848
    0.03089
   -0.01648
    0.01605
   -0.05032
    0.04999
    0.01491
   -0.01190
   -0.04471
    0.02296
   -0.00321
   -0.00610
   -0.01699
    0.01653
    0.00511
   -0.02944
   -0.04150
    0.02589
   -0.00941
   -0.00388
   -0.04465
    0.04445
    0.01192
   -0.02294
   -0.02806
    0.02120
   -0.00234
   -0.03262
   -0.04284
    0.04033
   -0.00143
   -0.03636
   -0.04879
    0.03739
   -0.00881
   -0.04988
   -0.03251
    0.05852
    0.00998
   -0.05289
   -0.01753
    0.02833
    0.01911
   -0.03669
   -0.02879
    0.02202
    0.03296
   -0.04763
   -0.08250
    0.02440
   -0.00035
   -0.05943
   -0.02886
    0.07106
    0.07297
   -0.07401
   -0.06136
    0.00282
    0.01930
   -0.05258
   -0.05296
    0.04666
    0.01368
   -0.04289
   -0.07270
    0.05933
    0.01561
   -0.05907
   -0.04391
    0.06150
    0.03984
   -0.05892
   -0.03683
    0.03040
    0.00276
   -0.03085
   -0.02184
    0.02719
    0.01773
   -0.03755
   -0.07215
    0.02694
   -0.00305
   -0.03804
   -0.04946
    0.05753
    0.03849
   -0.04569
   -0.02260
    0.02280
    0.00529
   -0.01012
   -0.05171
    0.03015
   -0.00817
   -0.01027
   -0.05870
    0.04132
   -0.02270
    0.00270
   -0.03835
    0.06280
    0.00094
   -0.02036
   -0.04056
    0.03624
    0.00970
   -0.03225
   -0.05363
    0.04890
   -0.02510
   -0.00482
   -0.13203
    0.07261
    0.00980
   -0.05187
   -0.04912
    0.06968
    0.05417
   -0.03309
   -0.06180
    0.01705
    0.00375
    0.00429
   -0.04813
    0.03686
   -0.01399
    0.02449
   -0.11283
    0.05532
   -0.01177
   -0.00784
   -0.01794
    0.03956
    0.02900
   -0.01737
   -0.06092
    0.03470
   -0.01912
    0.01850
   -0.02396
    0.02345
    0.01143
   -0.01487
   -0.07545
    0.03317
   -0.00930
   -0.00497
   -0.05422
    0.06223
    0.01270
   -0.02145
   -0.03958
    0.02910
    0.01122
   -0.01946
   -0.05749
    0.02097
   -0.01960
    0.01302
   -0.01856
    0.02032
   -0.01942
   -0.00563
   -0.00293
    0.02722
   -0.00004
   -0.02747
   -0.03371
    0.02564
    0.01337
   -0.03969
   -0.04275
    0.03107
    0.00797
   -0.03340
   -0.04611
    0.02375
   -0.00226
   -0.04154
   -0.03905
    0.05248
    0.02699
   -0.03535
   -0.03033
    0.02276
    0.01655
   -0.01060
   -0.06714
    0.02718
    0.00389
   -0.03730
   -0.05336
    0.03378
   -0.01938
    0.00337
   -0.02972
    0.04213
    0.01643
   -0.02043
   -0.04438
    0.02614
   -0.00342
   -0.02197
   -0.00935
    0.01569
    0.01065
   -0.03519
   -0.05335
    0.02133
    0.00901
   -0.03012
   -0.04391
    0.02844
   -0.00029
   -0.01969
   -0.02869
    0.02618
    0.00094
   -0.01642
   -0.03456
    0.01864
   -0.01742
   -0.01372
   -0.03301
    0.03493
   -0.01666
    0.00892
   -0.03430
    0.02983
   -0.00590
   -0.01388
   -0.02451
    0.02279
   -0.00408
   -0.02202
   -0.01787
    0.02627
   -0.01142
   -0.04077
    0.02171
    0.01821
   -0.02740
   -0.03780
    0.02141
    0.03222
    0.01198
   -0.03583
   -0.01511
    0.02068
    0.00133
    0.00777
   -0.04489
    0.02249
   -0.01878
    0.02096
   -0.05883
    0.02275
   -0.03867
    0.04067
   -0.04746
    0.02818
    0.00328
   -0.01141
   -0.03161
    0.01871
    0.00627
   -0.01375
   -0.00964
    0.00460
   -0.00430
   -0.01999
   -0.02494
    0.02488
   -0.01734
    0.00997
   -0.04090
    0.03682
    0.00056
   -0.02135
   -0.01777
    0.02128
   -0.00094
   -0.03935
   -0.01969
    0.02807
    0.00123
   -0.03989
   -0.02658
    0.02491
   -0.01545
   -0.03022
   -0.04561
    0.04786
    0.00745
   -0.04693
   -0.02192
    0.02887
    0.01872
   -0.04429
   -0.04382
    0.02738
    0.01728
   -0.03506
   -0.03750
    0.01249
   -0.00631
   -0.04741
   -0.03284
    0.05056
    0.04176
   -0.05005
   -0.02036
    0.02106
    0.01696
   -0.04916
   -0.04811
    0.02973
    0.02000
   -0.04503
   -0.04919
    0.02867
    0.00209
   -0.05312
   -0.03911
    0.05259
    0.03206
   -0.05577
   -0.01695
    0.01657
    0.01414
   -0.03891
   -0.01574
    0.01595
    0.02788
   -0.04769
   -0.03246
    0.00517
   -0.00232
   -0.03944
   -0.04659
    0.04235
    0.04507
   -0.05310
    0.00320
    0.01252
    0.00680
   -0.01759
   -0.04461
    0.02071
   -0.00862
   -0.01057
   -0.04538
    0.03288
   -0.01790
    0.00123
   -0.03785
    0.04116
   -0.00585
   -0.01307
   -0.03304
    0.02913
    0.00131
   -0.02166
   -0.05520
    0.04382
    0.00931
   -0.02519
   -0.06999
    0.03204
    0.00115
   -0.05325
   -0.04094
    0.05701
    0.02620
   -0.02407
   -0.05187
    0.03191
    0.00998
   -0.00483
   -0.05742
    0.02877
    0.00111
   -0.02161
   -0.07324
    0.04126
   -0.01929
    0.01416
   -0.04322
    0.04582
    0.01238
   -0.02383
   -0.04778
    0.03341
    0.00882
   -0.02323
   -0.01953
    0.01323
    0.00472
   -0.02138
   -0.05209
    0.02418
   -0.01358
   -0.01161
   -0.04249
    0.04385
    0.01775
   -0.02383
   -0.01679
    0.01128
   -0.01034
   -0.01063
   -0.02828
    0.02204
   -0.01137
   -0.02369
   -0.02372
    0.02829
   -0.01371
   -0.01930
   -0.01090
    0.02794
   -0.00373
   -0.02454
   -0.02021
    0.01853
    0.00654
   -0.03188
   -0.03481
    0.02167
    0.00993
   -0.03099
   -0.02817
    0.01013
   -0.00498
   -0.03501
   -0.04287
    0.04478
    0.03073
   -0.03936
   -0.01677
    0.01121
    0.01000
   -0.01835
   -0.04111
    0.01336
   -0.00074
   -0.03690
   -0.04773
    0.03049
   -0.01611
   -0.00794
   -0.02701
    0.03968
    0.01650
   -0.02451
   -0.02639
    0.01054
    0.00541
   -0.02222
   -0.02263
    0.01208
    0.01062
   -0.02874
   -0.03692
    0.01235
   -0.00801
   -0.01231
   -0.03736
    0.03051
    0.03129
   -0.03630
   -0.01774
    0.01160
