IntronPotTab 1 1024 -8.18762 0.35482 5.25973 39053 6 16  185.37
   -0.00435
    0.00477
   -0.02082
    0.01794
   -0.00079
   -0.00649
   -0.03665
    0.02516
   -0.01684
    0.01171
   -0.00931
    0.02089
    0.00781
   -0.01488
   -0.00588
    0.01061
   -0.01010
    0.01903
   -0.03129
    0.01802
   -0.00791
    0.01466
   -0.04424
    0.01809
    0.01181
   -0.01115
   -0.01312
    0.00257
    0.05367
   -0.02074
   -0.03375
   -0.00236
   -0.00536
   -0.00217
   -0.01550
    0.01907
   -0.00649
   -0.03400
   -0.02500
    0.03714
    0.00159
   -0.00298
    0.01639
   -0.01442
    0.00288
   -0.00236
   -0.00769
    0.00465
   -0.02679
    0.02492
   -0.01251
    0.01203
    0.01348
   -0.01397
   -0.03924
    0.01711
    0.01273
   -0.00139
   -0.01805
    0.00229
    0.00228
   -0.00854
   -0.01962
    0.02085
    0.00060
   -0.01511
   -0.02568
    0.02838
    0.02295
   -0.05234
   -0.03378
    0.03711
   -0.00942
   -0.01302
    0.00168
    0.02449
    0.00356
   -0.02240
   -0.00620
    0.02289
   -0.00039
   -0.00022
   -0.04386
    0.02848
   -0.02772
    0.05078
   -0.03821
    0.00367
   -0.00489
    0.01881
   -0.03414
    0.01827
    0.02482
   -0.01343
   -0.01711
    0.00422
    0.01485
   -0.01404
   -0.01642
    0.00565
    0.02695
   -0.02488
    0.00453
   -0.01134
    0.01399
    0.01090
    0.00575
   -0.03721
   -0.02844
   -0.01220
    0.02776
    0.00748
    0.07293
   -0.02370
   -0.04768
   -0.01641
    0.00436
   -0.02000
   -0.01926
    0.02493
    0.05799
   -0.02875
   -0.03713
   -0.00451
    0.01763
   -0.01424
   -0.02768
    0.02323
    0.00706
   -0.01129
   -0.03285
    0.02950
    0.00042
   -0.03207
   -0.01451
    0.03124
    0.00403
   -0.00583
   -0.00934
    0.00842
    0.01638
   -0.00864
   -0.01110
    0.00170
    0.00277
    0.00080
   -0.03066
    0.01960
   -0.01129
    0.02070
   -0.04140
    0.02478
    0.00980
    0.00485
   -0.01376
   -0.00652
    0.04371
   -0.01056
   -0.02957
   -0.00204
    0.00118
   -0.00554
   -0.02235
    0.02156
    0.00974
   -0.01530
   -0.03805
    0.02205
    0.01687
   -0.02534
    0.01352
   -0.02310
    0.01954
   -0.01542
   -0.02991
    0.01381
   -0.01968
    0.01224
   -0.01661
    0.01955
    0.02395
   -0.01491
   -0.04827
    0.01567
   -0.00026
    0.00781
   -0.01267
    0.00789
    0.01423
    0.00098
   -0.03783
    0.02159
   -0.00121
    0.00523
    0.00185
   -0.00250
   -0.01291
   -0.02460
   -0.02712
    0.04624
    0.00194
   -0.00986
    0.00799
   -0.00044
   -0.00522
   -0.00556
   -0.00234
    0.01108
    0.00251
    0.01509
   -0.03487
    0.00507
   -0.00754
    0.02493
   -0.05203
    0.01633
    0.00521
    0.01753
   -0.03006
   -0.00115
    0.03565
   -0.01744
   -0.02757
    0.00452
    0.00390
   -0.02843
   -0.01001
    0.01464
   -0.00266
   -0.03794
   -0.00516
    0.03005
    0.00775
   -0.01919
    0.01661
   -0.01009
   -0.01205
   -0.01979
    0.01457
    0.01206
   -0.01842
    0.02094
   -0.02986
    0.01534
    0.01134
   -0.00051
   -0.04954
    0.01631
    0.00235
    0.00570
   -0.01015
    0.00173
    0.02209
   -0.00443
   -0.02787
    0.01131
    0.00221
    0.01157
   -0.02204
    0.00591
   -0.00971
    0.00764
   -0.02807
    0.02204
   -0.00596
    0.01453
   -0.03377
    0.02216
   -0.00992
    0.00113
   -0.02301
    0.02406
   -0.01544
    0.01095
   -0.03641
    0.03155
   -0.01725
    0.01923
   -0.03837
    0.03170
    0.00252
   -0.01954
   -0.02048
    0.02776
    0.02518
   -0.02427
   -0.03695
    0.02425
   -0.00353
    0.00174
   -0.00006
    0.00295
   -0.01448
    0.00460
   -0.01868
    0.02270
   -0.01369
    0.01268
    0.01954
   -0.00596
   -0.00424
   -0.00092
   -0.00985
    0.01315
   -0.01033
   -0.00784
   -0.02003
    0.02180
    0.00161
    0.00111
   -0.05132
    0.02437
    0.00546
    0.00582
   -0.03263
    0.01796
   -0.01304
    0.00735
   -0.03635
    0.02696
   -0.00017
    0.00668
   -0.03577
    0.02273
    0.01538
   -0.03082
   -0.03796
    0.03815
    0.01251
   -0.01265
   -0.00648
    0.00169
    0.00640
   -0.01233
   -0.02095
    0.02185
   -0.00271
    0.01089
   -0.03470
    0.01638
   -0.04205
    0.01797
   -0.04435
    0.04992
   -0.00332
    0.01614
   -0.03423
    0.01218
   -0.00903
   -0.00309
   -0.04878
    0.03151
   -0.00114
    0.00052
   -0.01448
    0.01420
   -0.00050
   -0.01884
   -0.01109
    0.02570
    0.00893
   -0.03151
    0.02717
   -0.00446
   -0.02365
    0.00344
    0.00615
    0.01042
    0.00539
   -0.00731
   -0.04673
    0.03491
    0.01773
   -0.01197
   -0.03677
    0.01814
    0.02091
   -0.00529
   -0.02306
    0.00478
   -0.00144
   -0.00179
   -0.04707
    0.03586
   -0.00054
    0.00943
   -0.03221
    0.02379
    0.00789
   -0.00717
   -0.02411
    0.01671
   -0.00418
   -0.00569
   -0.00616
    0.01752
    0.01050
    0.01239
   -0.03365
    0.01221
   -0.00263
    0.01953
   -0.03270
    0.01545
   -0.00967
    0.00435
   -0.02920
    0.03334
   -0.01141
    0.01314
   -0.01621
    0.02006
    0.02077
   -0.01551
   -0.02201
    0.01574
    0.00891
    0.01900
   -0.01129
   -0.01080
    0.00739
   -0.01845
   -0.03421
    0.03074
   -0.00039
   -0.01544
   -0.00056
    0.01193
   -0.02173
    0.00255
   -0.00604
    0.02647
   -0.02078
    0.01468
   -0.04570
    0.03456
    0.01821
    0.00131
   -0.05549
    0.02287
    0.00246
    0.00161
   -0.02112
    0.01829
    0.03084
   -0.02256
   -0.03558
    0.03081
   -0.05415
    0.06765
   -0.05705
    0.03148
    0.01092
   -0.00985
   -0.04595
    0.01877
   -0.00307
   -0.02482
    0.00842
    0.01903
   -0.00634
   -0.00440
   -0.01897
    0.02084
   -0.01187
    0.00941
   -0.02508
    0.02087
   -0.02217
    0.01989
   -0.03335
    0.02478
    0.00580
    0.00438
   -0.01974
    0.00309
    0.04303
   -0.01465
   -0.04779
    0.01272
   -0.03002
    0.05196
   -0.03828
    0.02402
   -0.00199
    0.00368
   -0.00780
    0.00389
    0.00240
    0.00396
   -0.00588
   -0.00134
   -0.01819
   -0.00183
   -0.00875
    0.02278
   -0.02153
   -0.00792
   -0.00782
    0.02477
    0.02077
    0.01046
   -0.06056
    0.00318
   -0.00229
    0.00168
   -0.01377
    0.01493
    0.02007
   -0.00222
   -0.04417
    0.02275
    0.00097
   -0.01156
   -0.01581
    0.01893
    0.00585
   -0.01536
   -0.04477
    0.03097
   -0.01338
   -0.00587
    0.01908
    0.00837
    0.01688
   -0.02387
   -0.00021
    0.00315
    0.00310
    0.00299
   -0.02261
    0.01031
   -0.01684
    0.01751
   -0.03420
    0.02718
   -0.01516
    0.00084
    0.02414
    0.00074
    0.05151
   -0.02208
   -0.02787
   -0.00036
   -0.00700
   -0.01096
   -0.00318
    0.01564
   -0.00784
   -0.02963
   -0.01706
    0.03271
   -0.01365
   -0.00629
    0.03443
   -0.00965
    0.00545
   -0.00360
   -0.01602
    0.00965
   -0.00753
   -0.00763
   -0.01629
    0.01731
    0.03010
   -0.03366
   -0.04291
    0.01522
   -0.00110
   -0.01014
    0.00301
    0.00568
    0.01567
   -0.01392
   -0.01656
    0.01369
   -0.00541
   -0.01076
   -0.01988
    0.02932
    0.02958
   -0.04637
   -0.01377
    0.01428
    0.00602
   -0.04230
    0.00360
    0.03368
    0.02136
   -0.03793
   -0.00644
    0.02016
   -0.01250
    0.01654
   -0.01067
    0.00906
   -0.02402
    0.03800
   -0.02254
    0.01104
    0.00632
   -0.00295
   -0.00246
   -0.00372
    0.02618
   -0.00639
   -0.02743
    0.00755
   -0.00026
    0.00431
   -0.01222
    0.00824
    0.02766
   -0.02515
   -0.01087
   -0.00531
    0.00747
   -0.03623
    0.02744
   -0.00313
   -0.01233
   -0.00285
    0.00084
    0.01025
    0.09995
   -0.04770
   -0.06677
   -0.00722
    0.02257
   -0.02289
   -0.03286
    0.01647
    0.04823
   -0.03094
   -0.03024
    0.00714
    0.03521
   -0.02843
   -0.02120
    0.02411
    0.01279
   -0.01848
   -0.03370
    0.02702
    0.00759
   -0.03141
   -0.03575
    0.03663
   -0.00272
   -0.02074
    0.01133
    0.00532
    0.01898
   -0.03746
   -0.00010
    0.00683
    0.00224
    0.01411
   -0.02536
    0.00901
   -0.00486
    0.03831
   -0.01846
   -0.00797
   -0.00982
    0.01796
   -0.00782
    0.00695
    0.04949
   -0.01271
   -0.02585
   -0.00254
   -0.00450
   -0.01053
   -0.01502
    0.02296
    0.01721
   -0.02765
   -0.01346
    0.00767
   -0.00050
   -0.01478
    0.00939
   -0.00040
   -0.00524
   -0.03084
   -0.01285
    0.02978
   -0.01879
    0.00325
   -0.00213
    0.01311
    0.01184
   -0.01523
   -0.02330
    0.01468
    0.01026
   -0.03152
   -0.00707
    0.01849
    0.03622
   -0.01166
   -0.03684
    0.01816
   -0.00779
    0.00884
   -0.00576
    0.00724
   -0.00692
   -0.00932
   -0.03679
    0.03471
    0.00373
   -0.00351
    0.01042
   -0.01142
    0.02624
   -0.02059
   -0.02520
    0.01432
   -0.00910
    0.02924
   -0.03484
    0.01312
   -0.03040
    0.03257
   -0.03174
    0.02819
   -0.02124
    0.00915
   -0.00224
    0.02282
    0.03414
   -0.01315
   -0.02816
    0.00526
    0.00129
   -0.01455
   -0.02281
    0.02054
    0.01176
   -0.04853
   -0.02131
    0.02836
    0.00907
   -0.00844
    0.01052
   -0.01321
   -0.01147
   -0.01568
    0.00168
    0.01662
    0.00573
    0.03490
   -0.06715
    0.01108
    0.02156
   -0.02532
   -0.04711
    0.02404
    0.00723
   -0.02204
    0.00291
    0.00324
    0.00801
   -0.00958
   -0.03175
    0.03042
   -0.00429
    0.02382
   -0.03378
    0.01353
   -0.00277
    0.00053
   -0.03830
    0.02290
   -0.00699
    0.00961
   -0.01003
    0.00938
   -0.00884
    0.01127
   -0.02105
    0.01481
   -0.01184
    0.00985
   -0.02112
    0.01797
   -0.02782
    0.03083
   -0.05911
    0.03678
    0.00398
   -0.01076
   -0.02182
    0.02136
    0.02124
   -0.02741
   -0.00718
    0.00851
   -0.02531
    0.01085
    0.00645
    0.01362
   -0.02120
   -0.01259
   -0.03127
    0.04074
   -0.01989
    0.00063
    0.01855
    0.00803
   -0.01274
   -0.00763
   -0.01096
    0.02564
   -0.03584
    0.04555
   -0.01285
    0.00376
    0.00929
    0.00458
   -0.07168
    0.02419
    0.00377
    0.01474
   -0.01856
    0.00058
   -0.01849
    0.00378
   -0.04085
    0.03789
   -0.00302
   -0.01350
   -0.02038
    0.02641
    0.01796
   -0.03567
   -0.02046
    0.02123
    0.00546
   -0.01910
   -0.01920
    0.02638
    0.01160
   -0.03549
   -0.00084
    0.02723
    0.00391
    0.01029
   -0.04298
    0.01371
   -0.03109
    0.03631
   -0.04789
    0.02905
    0.00256
   -0.01004
   -0.01755
    0.01950
    0.03306
   -0.02745
   -0.02302
    0.02139
   -0.00296
   -0.02590
   -0.00368
    0.02140
    0.02285
   -0.03645
   -0.01858
    0.01460
    0.01357
   -0.03690
    0.01846
    0.00051
   -0.01766
   -0.04564
    0.02436
    0.03593
   -0.00236
   -0.00172
   -0.03463
    0.02469
    0.02359
   -0.00643
   -0.05111
    0.01377
    0.03577
   -0.01957
   -0.02985
    0.00702
    0.03475
   -0.02476
   -0.02638
    0.02697
    0.00708
   -0.00907
   -0.03120
    0.02509
    0.01319
   -0.02251
   -0.04648
    0.03137
   -0.00034
   -0.00904
   -0.00252
    0.01035
   -0.00334
   -0.00895
   -0.01370
    0.02163
    0.00513
   -0.00274
   -0.02059
    0.01158
   -0.01304
    0.02798
   -0.03975
    0.02631
    0.00802
    0.02119
   -0.02649
   -0.00524
    0.06113
   -0.01653
   -0.03900
   -0.00086
    0.01219
   -0.01473
   -0.02463
    0.01314
    0.00747
   -0.03325
   -0.04175
    0.03757
    0.00632
   -0.00144
    0.00911
   -0.01589
   -0.00877
   -0.01111
   -0.02903
    0.04217
   -0.01906
    0.03647
   -0.03121
    0.01132
    0.01738
   -0.01002
   -0.06003
    0.02856
   -0.00472
    0.02357
   -0.00893
   -0.00335
    0.00657
   -0.00021
   -0.04934
    0.03984
    0.00106
   -0.00123
   -0.00644
    0.00317
   -0.01416
   -0.01364
   -0.03658
    0.03981
   -0.00017
   -0.02327
    0.00178
    0.01674
   -0.01851
   -0.00374
    0.00361
    0.01397
   -0.00972
    0.01711
   -0.04282
    0.02149
   -0.02142
    0.02445
   -0.04092
    0.02399
    0.00515
    0.01215
   -0.01897
   -0.00227
    0.03857
   -0.01033
   -0.01835
   -0.00353
   -0.00548
   -0.02139
   -0.00747
    0.02017
    0.00034
   -0.02523
   -0.02915
    0.03046
    0.01126
   -0.01900
    0.01742
   -0.01561
   -0.01980
    0.00208
   -0.00234
    0.01464
   -0.01797
    0.03204
   -0.05721
    0.01825
    0.01472
   -0.01077
   -0.06947
    0.02986
    0.00547
   -0.00610
   -0.01062
    0.00778
    0.00433
   -0.00044
   -0.04474
    0.03341
