IntronPotTab 1 1024 0.03926
   -0.00078
   -0.00451
   -0.01638
    0.00936
   -0.00806
   -0.00577
   -0.00189
    0.01451
   -0.00561
   -0.01266
   -0.00823
    0.01574
   -0.00050
    0.00691
    0.00078
   -0.00301
   -0.01821
    0.00560
    0.00685
    0.01523
    0.00161
   -0.00628
   -0.02850
    0.01703
   -0.00645
    0.00326
   -0.00080
    0.00460
    0.01064
   -0.00422
   -0.00124
   -0.00411
   -0.00641
    0.01215
   -0.01429
    0.01334
   -0.00005
   -0.00443
   -0.01373
    0.01063
   -0.01078
   -0.00322
   -0.00893
    0.01952
    0.00276
   -0.00337
   -0.00807
    0.00386
   -0.00290
   -0.00560
    0.00048
    0.00500
    0.00021
   -0.01622
   -0.01255
    0.01642
   -0.00525
    0.00229
   -0.01526
    0.01364
    0.00646
   -0.00288
    0.00177
   -0.00344
    0.00165
   -0.01263
   -0.00379
    0.00704
    0.00019
   -0.01654
   -0.00006
    0.01285
   -0.00228
   -0.01651
   -0.01882
    0.02672
   -0.00681
   -0.01509
    0.00367
    0.01075
   -0.01460
   -0.00741
   -0.00282
    0.02818
    0.00165
   -0.02204
    0.00457
    0.01591
    0.00623
   -0.04216
    0.00355
    0.02252
    0.00624
   -0.01061
   -0.00813
    0.00475
   -0.00427
    0.01267
   -0.00793
    0.00406
    0.01946
   -0.01879
   -0.00332
   -0.00250
    0.01120
   -0.01689
   -0.01965
    0.01688
    0.01567
   -0.01134
   -0.01661
    0.00483
   -0.00303
    0.00388
   -0.00795
    0.00577
   -0.00139
   -0.00771
   -0.00753
    0.01047
   -0.01159
    0.00675
   -0.01402
    0.02004
    0.01281
   -0.01871
   -0.00239
    0.00286
   -0.00411
    0.01373
   -0.02179
    0.01362
   -0.01122
    0.01362
   -0.01313
    0.01391
   -0.01603
    0.00019
   -0.00355
    0.02495
   -0.00910
    0.00443
   -0.01490
    0.01525
   -0.01410
    0.00185
   -0.00165
    0.01892
   -0.00780
   -0.00267
    0.00018
    0.01301
   -0.00682
    0.01993
   -0.02271
    0.01732
   -0.00021
    0.00672
   -0.00964
    0.00287
   -0.00012
    0.01176
   -0.02366
    0.01065
    0.00010
   -0.00230
   -0.02860
    0.01909
    0.00192
    0.01392
   -0.02499
    0.01377
   -0.00003
   -0.00098
   -0.01947
    0.01229
   -0.00202
   -0.02189
    0.01676
    0.00392
    0.00121
   -0.00069
   -0.02603
    0.01378
   -0.00278
   -0.01009
   -0.01119
    0.01549
    0.00680
   -0.00833
   -0.00761
    0.00332
   -0.00929
    0.01170
   -0.00929
    0.01000
   -0.00991
   -0.00004
   -0.00702
    0.01643
   -0.01285
   -0.00902
   -0.00241
    0.02355
   -0.01091
   -0.00839
   -0.00248
    0.01140
   -0.00354
   -0.00590
   -0.00354
    0.00991
   -0.00167
   -0.01243
   -0.01159
    0.01654
   -0.01354
    0.00627
   -0.00679
    0.01753
    0.00248
   -0.00778
   -0.00218
    0.00394
   -0.00326
   -0.00851
    0.00454
    0.00640
   -0.00825
    0.00283
   -0.00426
    0.00946
   -0.00733
   -0.00085
   -0.02660
    0.02889
    0.00034
   -0.00544
   -0.00538
    0.00537
   -0.00214
   -0.00648
   -0.00834
    0.00744
   -0.00877
   -0.00204
   -0.00919
    0.01547
   -0.00187
   -0.00661
   -0.01436
    0.01338
    0.00744
   -0.01363
   -0.00736
    0.00418
   -0.00413
    0.00302
   -0.00499
    0.00673
   -0.02710
    0.01467
   -0.01879
    0.03659
   -0.01322
   -0.00282
   -0.00086
    0.01476
   -0.00429
   -0.00072
   -0.01143
    0.01073
   -0.00901
   -0.00735
    0.01043
    0.00971
   -0.00415
   -0.01039
    0.01134
    0.01068
    0.01290
   -0.01135
   -0.00183
   -0.00633
    0.01447
   -0.00283
   -0.00755
   -0.00342
   -0.00797
    0.00358
   -0.00859
    0.01487
   -0.01324
    0.01210
   -0.01060
    0.01041
   -0.00991
   -0.00185
   -0.00741
    0.02016
   -0.00374
   -0.01104
   -0.01104
    0.01638
   -0.00247
   -0.00677
    0.00075
    0.00628
   -0.01381
   -0.00197
    0.02108
    0.01115
   -0.00025
   -0.01099
   -0.01189
    0.01417
    0.00329
   -0.01803
   -0.00383
    0.00759
   -0.00715
   -0.00411
   -0.00433
    0.01802
    0.00214
   -0.00686
   -0.02238
    0.01490
   -0.00043
   -0.02091
   -0.00490
    0.02195
    0.01103
   -0.01830
   -0.00087
    0.00262
   -0.00001
   -0.00480
   -0.01809
    0.01561
    0.01185
   -0.01746
    0.01088
    0.01484
    0.01365
   -0.02077
   -0.00129
    0.00053
    0.00282
   -0.01665
   -0.00543
    0.01582
    0.00132
   -0.00384
    0.00007
    0.00045
    0.00928
   -0.00789
   -0.01066
    0.00611
   -0.01909
    0.00287
   -0.00824
    0.02833
   -0.00252
   -0.01965
    0.00067
    0.01272
   -0.00616
    0.00285
   -0.01773
    0.01378
    0.00869
   -0.02673
    0.00872
    0.00827
   -0.00520
   -0.00293
   -0.01133
    0.01538
    0.01025
   -0.00645
    0.00191
   -0.00340
    0.00129
    0.00579
   -0.00787
   -0.00112
   -0.00254
    0.02255
    0.00726
   -0.01783
   -0.00864
   -0.00980
   -0.00168
    0.01476
   -0.01819
   -0.00760
    0.00950
    0.01158
   -0.00078
   -0.02051
    0.00478
    0.01286
    0.00152
   -0.02282
   -0.00144
    0.02290
    0.00047
   -0.02901
   -0.00223
    0.02752
   -0.00941
    0.00352
    0.00233
    0.00385
   -0.00548
   -0.00196
    0.00675
    0.00453
   -0.00511
   -0.01695
    0.01419
    0.01729
   -0.00894
   -0.00984
    0.00004
    0.01868
    0.00487
   -0.01074
    0.00541
   -0.00093
    0.00671
   -0.00715
   -0.00680
    0.00173
   -0.01062
    0.01835
    0.01041
   -0.00589
    0.01065
   -0.03001
   -0.01116
    0.01521
    0.00960
    0.00336
   -0.01944
    0.00331
   -0.01111
    0.00449
   -0.00089
    0.01374
   -0.00633
    0.00353
   -0.02083
    0.01422
    0.00588
   -0.01960
   -0.01780
    0.01525
   -0.00604
   -0.01274
    0.00823
    0.00584
   -0.00808
   -0.00943
    0.00412
    0.01295
   -0.00136
   -0.00984
    0.00440
    0.00725
   -0.01420
   -0.00584
    0.01127
    0.01158
    0.00451
   -0.00708
   -0.00293
    0.00344
   -0.00876
   -0.01981
    0.01581
    0.01356
    0.00138
   -0.01528
    0.01074
    0.00481
    0.00379
   -0.00600
   -0.02243
    0.01704
   -0.00744
   -0.01092
    0.00107
    0.01167
    0.00159
   -0.01361
   -0.00205
    0.00745
   -0.00616
   -0.00754
    0.00723
    0.00768
    0.00087
   -0.01613
   -0.01133
    0.01524
    0.00367
   -0.00958
    0.00334
    0.00093
   -0.00444
    0.00070
   -0.00710
    0.00955
   -0.00746
   -0.00879
    0.00690
    0.01204
   -0.01715
    0.00896
    0.00517
    0.01310
   -0.00502
    0.00391
   -0.00794
    0.00742
   -0.00693
   -0.01469
   -0.00840
    0.02087
    0.00531
   -0.02311
   -0.00954
    0.01725
    0.00681
    0.00302
   -0.00792
   -0.00330
    0.01718
   -0.02868
   -0.00530
    0.00768
   -0.00724
    0.00311
   -0.01461
    0.01893
   -0.00995
   -0.00532
   -0.00823
    0.01770
   -0.00969
    0.02372
   -0.02818
    0.02195
    0.00590
   -0.02791
   -0.00203
    0.01017
   -0.00273
   -0.00074
    0.01178
   -0.00234
   -0.01097
    0.00245
   -0.00413
    0.01319
   -0.00753
    0.01800
   -0.01405
    0.00983
    0.00936
   -0.00877
   -0.00257
   -0.00009
   -0.00698
    0.00431
   -0.00588
    0.01001
    0.00961
   -0.01255
   -0.02709
    0.01449
    0.00055
   -0.01378
   -0.01562
    0.01840
    0.00717
   -0.01605
   -0.01211
    0.00853
   -0.01161
    0.00807
   -0.00599
    0.01234
    0.00622
   -0.02712
   -0.00977
    0.02890
    0.01682
   -0.01046
    0.00341
   -0.00922
   -0.00927
    0.00510
   -0.00932
    0.00852
   -0.00987
   -0.00213
   -0.00520
    0.01966
    0.01186
   -0.01701
   -0.02579
    0.02700
    0.01358
   -0.01207
   -0.00288
   -0.00227
   -0.00652
   -0.01243
   -0.01935
    0.02355
   -0.00487
   -0.00614
   -0.00539
    0.01202
    0.00936
   -0.01251
   -0.00867
    0.00358
    0.00151
    0.00246
   -0.02247
    0.01586
   -0.00654
   -0.00402
    0.00399
    0.00409
   -0.01135
    0.00060
   -0.00783
    0.02381
   -0.00785
   -0.01174
   -0.00048
    0.02378
   -0.00500
   -0.00109
   -0.01834
    0.02697
   -0.00252
    0.00481
   -0.01309
    0.00769
   -0.00134
   -0.01474
   -0.00653
    0.01785
    0.00532
   -0.01584
   -0.02698
    0.03468
    0.00788
   -0.00021
   -0.02223
    0.01487
    0.00660
   -0.01605
   -0.00166
    0.00628
    0.00793
   -0.00499
   -0.00693
   -0.00170
   -0.00566
   -0.00206
   -0.01785
    0.02530
    0.00627
    0.01015
   -0.01406
    0.01441
   -0.00076
   -0.00707
   -0.01314
    0.01489
   -0.00942
   -0.01029
    0.01516
    0.00731
    0.00168
   -0.01946
    0.00397
    0.01185
   -0.00337
    0.00977
    0.00160
   -0.00310
    0.01417
   -0.00547
   -0.00279
   -0.00325
    0.00063
    0.00866
   -0.02155
    0.00571
   -0.00649
    0.00223
   -0.01448
    0.01412
   -0.00568
   -0.01645
   -0.00525
    0.02523
   -0.01587
    0.00346
   -0.00341
    0.01242
    0.00042
   -0.01044
   -0.01281
    0.01425
   -0.00264
   -0.01009
   -0.01980
    0.02165
   -0.02260
    0.00570
   -0.00861
    0.02958
   -0.01273
   -0.01995
    0.01005
    0.01851
    0.00320
   -0.01213
   -0.00180
    0.00527
    0.00127
   -0.01699
    0.00325
    0.01115
   -0.00726
    0.00084
   -0.01484
    0.01790
   -0.00146
   -0.01134
   -0.00145
    0.00767
   -0.00769
   -0.00010
   -0.00759
    0.01251
   -0.00626
   -0.01123
   -0.00170
    0.01568
    0.00738
   -0.01298
   -0.00963
    0.00482
    0.00651
   -0.01131
   -0.00641
    0.00474
   -0.00532
    0.00077
   -0.00960
    0.01202
   -0.01240
    0.01835
   -0.01545
    0.01039
   -0.00484
   -0.01024
   -0.00163
    0.01109
   -0.00601
    0.00531
   -0.00643
    0.00653
   -0.00653
   -0.01329
   -0.00315
    0.01664
   -0.00838
   -0.01397
   -0.01496
    0.02224
    0.01229
   -0.01502
   -0.02106
    0.00852
    0.00705
   -0.00052
   -0.00789
   -0.00033
   -0.00404
   -0.01497
   -0.00427
    0.01628
    0.00419
    0.00161
   -0.02210
    0.00596
   -0.00672
   -0.01538
   -0.01406
    0.01801
   -0.00309
   -0.00917
   -0.00864
    0.01132
    0.00281
   -0.01273
   -0.00146
    0.00392
   -0.00038
   -0.00028
   -0.02185
    0.00982
   -0.00243
    0.00832
   -0.00913
    0.00371
   -0.00151
   -0.01378
   -0.00725
    0.00774
   -0.00215
   -0.00747
   -0.00575
    0.00975
    0.00699
   -0.01711
   -0.00920
    0.00716
   -0.00904
   -0.00796
   -0.00145
    0.01394
    0.00356
   -0.01876
    0.00615
    0.00450
    0.00184
   -0.01682
   -0.01135
    0.01459
    0.00229
   -0.01115
   -0.01502
    0.01686
   -0.00132
   -0.01525
   -0.01368
    0.02146
   -0.00150
    0.00016
   -0.00642
    0.00469
    0.00616
   -0.02579
   -0.00445
    0.00922
    0.01762
   -0.00381
   -0.01638
   -0.00321
   -0.00234
   -0.00197
   -0.01975
    0.01800
    0.00818
   -0.01910
   -0.00312
    0.00749
    0.00276
   -0.00339
    0.00147
   -0.00144
    0.01066
   -0.01303
   -0.00860
    0.00109
   -0.00179
   -0.00435
   -0.01808
    0.01564
    0.01217
   -0.01559
    0.00470
    0.00016
   -0.00210
   -0.00099
   -0.01457
    0.01266
   -0.00726
    0.00401
   -0.01181
    0.01268
   -0.00584
   -0.00138
   -0.00164
    0.00887
   -0.00637
   -0.01112
   -0.01643
    0.02164
   -0.02176
    0.00487
    0.00309
    0.02289
   -0.00024
   -0.00777
   -0.02384
    0.02065
    0.00892
   -0.02312
   -0.02289
    0.02081
    0.00964
   -0.00256
   -0.02036
    0.00918
    0.00083
   -0.00636
   -0.01086
    0.01216
   -0.00106
    0.00774
   -0.02569
    0.00935
   -0.00112
   -0.00526
   -0.01120
    0.01304
   -0.00184
    0.00550
   -0.02504
    0.01646
    0.00066
   -0.00898
    0.01423
   -0.00302
   -0.00518
   -0.00100
   -0.00420
    0.00872
    0.00307
    0.00007
   -0.02143
    0.00992
    0.00547
   -0.00861
   -0.01966
    0.01125
   -0.00326
   -0.00736
   -0.00460
    0.00997
   -0.01053
   -0.01026
    0.00017
    0.01978
   -0.01022
   -0.00429
   -0.01203
    0.02300
   -0.00921
    0.00212
    0.00180
    0.00393
   -0.00996
    0.00824
   -0.01855
    0.01909
   -0.01001
   -0.00748
   -0.00413
    0.01810
   -0.00701
   -0.01939
   -0.00320
    0.02223
   -0.00080
   -0.01533
    0.00358
    0.00683
   -0.01138
   -0.00383
    0.00462
    0.01486
   -0.00682
   -0.00685
    0.01865
    0.00438
    0.00093
   -0.01193
   -0.00740
    0.01092
    0.00240
    0.00049
    0.00442
   -0.00433
   -0.00002
   -0.00170
   -0.00819
    0.00443
   -0.00693
   -0.00900
   -0.00424
    0.01441
    0.00197
   -0.00923
   -0.01722
    0.01441
    0.00718
   -0.01158
   -0.00596
    0.00270
