22 20 3 1 47 -3.1814 2.5840 4.8582 12108
  0.02145  -0.00276  -0.00603  -0.01761  -0.02104  -0.03391   0.06605   0.00634   0.06656  -0.09348  -0.07273   0.01108   0.05474  -0.02808  -0.02708  -0.03021  -0.02736   0.00639   0.12100  -0.05727 
  0.01111  -0.03244   0.04848  -0.02271  -0.01856  -0.00632   0.10899  -0.04081   0.09471  -0.04650  -0.09686  -0.05169   0.06222  -0.01661  -0.01816  -0.05382  -0.04461   0.04576   0.10805  -0.05769 
  0.01573  -0.00112   0.05875  -0.05266  -0.01244  -0.01229   0.05779  -0.01054   0.07449  -0.02068  -0.08931  -0.04239   0.07808  -0.01212  -0.07389  -0.03850  -0.04038   0.00566   0.06757  -0.01304 
  0.02261  -0.00999   0.01297  -0.02576  -0.00302  -0.02327   0.06144  -0.01927   0.07935  -0.11045  -0.06387  -0.00068   0.07512  -0.04441  -0.06166  -0.02460  -0.03700   0.02542   0.11640  -0.05744 
  0.02345  -0.02894   0.03982  -0.03275  -0.01194   0.00758   0.08423  -0.04017   0.06759  -0.03553  -0.03846  -0.04508   0.09003  -0.01144  -0.03677  -0.08434  -0.03610   0.04793   0.08847  -0.05115 
  0.02187   0.00637   0.04500  -0.05505   0.00265  -0.03645   0.04807  -0.01156   0.06550  -0.06541  -0.11757   0.01350   0.08485  -0.01661  -0.07104  -0.04758  -0.05006   0.02258   0.07052  -0.01709 
  0.02638  -0.02203   0.00740  -0.02004  -0.01458  -0.01222   0.06909  -0.01497   0.06068  -0.07538  -0.06672   0.00558   0.05356  -0.02697  -0.07113   0.00024  -0.02252   0.01717   0.11592  -0.06281 
  0.01316  -0.01904   0.04131  -0.02764  -0.01159  -0.00905   0.09233  -0.03651   0.06145  -0.03892  -0.05481  -0.02524   0.06099  -0.01878  -0.03920  -0.03502  -0.05630   0.06309   0.09312  -0.04965 
  0.00971   0.00516   0.04683  -0.04143  -0.00271  -0.03286   0.03313   0.00242   0.05965  -0.03396  -0.09391  -0.00870   0.09594  -0.05486  -0.08715  -0.03185  -0.05432   0.01032   0.08450  -0.01694 
  0.02303  -0.02440   0.00840  -0.01565  -0.01236  -0.00492   0.05048  -0.01018   0.06142  -0.10611  -0.03507   0.00867   0.07136  -0.03584  -0.05079  -0.03144  -0.01503   0.02655   0.11811  -0.07531 
  0.01881  -0.02011   0.04390  -0.03502  -0.02861  -0.00731   0.10500  -0.02406   0.05224  -0.03357  -0.03778  -0.02418   0.09660  -0.04940  -0.03249  -0.07496  -0.01875   0.05986   0.10152  -0.08011 
  0.01839  -0.00010   0.05696  -0.05517   0.00450  -0.01768   0.03388  -0.01542   0.04197  -0.02668  -0.08697   0.00705   0.08718   0.00177  -0.08805  -0.05067  -0.04551   0.00535   0.06491  -0.00819 
  0.02376  -0.01041   0.00134  -0.02004  -0.00945  -0.02237   0.05680  -0.00839   0.06702  -0.08938  -0.07166   0.00758   0.07631  -0.04773  -0.05321  -0.03020  -0.01916   0.02159   0.11020  -0.06351 
  0.02177  -0.02634   0.03703  -0.03048  -0.02165   0.01684   0.06574  -0.02028   0.05792  -0.05260  -0.00865  -0.03377   0.07514  -0.03752  -0.01203  -0.06515  -0.05135   0.02378   0.12731  -0.05482 
  0.00960  -0.00584   0.06159  -0.04473  -0.00603  -0.01094   0.02683  -0.00111   0.05038  -0.04997  -0.08459   0.01071   0.08074  -0.05102  -0.08363  -0.01470  -0.04400  -0.00016   0.08620  -0.01930 
  0.01892  -0.02440   0.00920  -0.01165  -0.00909  -0.02857   0.09149  -0.02834   0.05267  -0.09729   0.00403  -0.00388   0.10734  -0.02747  -0.07293  -0.07471  -0.02659   0.00814   0.12105  -0.05879 
  0.02282  -0.03091   0.05946  -0.04400  -0.02011   0.01704   0.07208  -0.02656   0.09674  -0.06065  -0.06463  -0.06009   0.07273  -0.00509  -0.03715  -0.06135  -0.03000   0.04932   0.08493  -0.05379 
  0.02355   0.00577   0.03628  -0.05079  -0.01458  -0.02903   0.01801   0.02339   0.05136  -0.05099  -0.06209   0.00049   0.07344  -0.01612  -0.11560  -0.00441  -0.06729   0.02842   0.07529  -0.01257 
  0.01046  -0.01481  -0.00212  -0.00153  -0.01440  -0.01249   0.09281  -0.03107   0.06517  -0.10068  -0.00989  -0.01197   0.06418  -0.03877   0.01902  -0.07469  -0.03103   0.02637   0.11731  -0.06283 
  0.01208  -0.02118   0.07328  -0.04683  -0.04305   0.00141   0.10535  -0.01134   0.09355  -0.02825  -0.06255  -0.08121   0.06262  -0.00276  -0.01565  -0.06496  -0.05606   0.02178   0.12384  -0.04807 
  0.00797  -0.00132   0.06511  -0.04806  -0.00326  -0.03474   0.04243  -0.00131   0.06206  -0.08330  -0.04268  -0.00221   0.09896  -0.02523  -0.09721  -0.04617  -0.03641   0.02768   0.06638  -0.02579 
  0.02856  -0.02461   0.00900  -0.02201  -0.01313   0.00375   0.05895  -0.01934   0.05947  -0.08235  -0.05088   0.00450   0.07754  -0.08693  -0.02414  -0.03276  -0.02296   0.03598   0.09204  -0.05597 
  0.01839  -0.01798   0.03908  -0.03263  -0.03234   0.03860   0.09743  -0.04174   0.07304  -0.07125  -0.03679  -0.02864   0.08226  -0.02610  -0.03603  -0.06357  -0.02561   0.03732   0.09607  -0.05762 
  0.01615   0.00436   0.05193  -0.05179  -0.03011   0.00261   0.03424   0.01685   0.06751  -0.09708  -0.07821   0.01417   0.08994  -0.01205  -0.11131  -0.03168  -0.06859   0.01453   0.08894  -0.01325 
  0.01197  -0.01734   0.00680  -0.00667   0.00513  -0.01400   0.05678  -0.03259   0.07396  -0.07889  -0.06972  -0.00943   0.08744  -0.00729  -0.06402  -0.06207  -0.00477   0.01011   0.10586  -0.06479 
  0.03238  -0.01862   0.03534  -0.04609  -0.02255   0.02160   0.08931  -0.03800   0.07264  -0.04915  -0.09793  -0.01493   0.09170  -0.00929  -0.03511  -0.08984  -0.03364   0.04827   0.11106  -0.06905 
  0.02145   0.00857   0.04720  -0.05744   0.00116  -0.03391   0.05206  -0.01333   0.06430  -0.05379  -0.11448   0.00658   0.08685  -0.00619  -0.07024  -0.05742  -0.03129   0.02565   0.05070  -0.01881 
  0.02990  -0.01607   0.00216  -0.02423  -0.01447  -0.00078   0.04891  -0.00881   0.06115  -0.09209  -0.05133   0.00828   0.07549  -0.03762  -0.05190  -0.03543  -0.06237   0.03328   0.12342  -0.04996 
  0.00981  -0.01460   0.04205  -0.02693  -0.02616   0.03439   0.09841  -0.04797   0.06073  -0.04661  -0.06913  -0.01218   0.09200  -0.01018  -0.03713  -0.08809  -0.05807   0.03287   0.11324  -0.04521 
  0.01079   0.00877   0.05481  -0.05029   0.00073   0.01383   0.03458  -0.02867   0.05299  -0.05926  -0.12892   0.03011   0.08887   0.04035  -0.10034  -0.07069  -0.05872   0.04487   0.07423  -0.02561 
  0.02177   0.01274  -0.00253  -0.02894  -0.02833   0.02918   0.06973  -0.02177   0.07723  -0.12823   0.00275  -0.01983   0.05462   0.00822  -0.03263  -0.04733  -0.03230   0.02607   0.12388  -0.06668 
  0.01133  -0.00584   0.05732  -0.04375  -0.04044   0.03718   0.07732  -0.01658   0.07269  -0.05754  -0.06316  -0.02468   0.07950  -0.01518  -0.00889  -0.08838  -0.02869   0.06440   0.10155  -0.07555 
  0.01380   0.01629   0.04866  -0.05429  -0.02331   0.02418   0.03220  -0.00203   0.05458  -0.06996  -0.08209   0.01678   0.08539   0.05048  -0.10588  -0.06882  -0.04092   0.04308   0.08157  -0.04061 
  0.01637   0.01531   0.00317  -0.02776  -0.03361   0.03336   0.03528   0.00331   0.03453  -0.07327   0.00676   0.00389   0.05337  -0.03460  -0.00673  -0.04016  -0.06963   0.05616   0.10871  -0.04781 
 -0.00819   0.00837   0.04665  -0.02388  -0.02808   0.05670   0.07514  -0.04361   0.08874  -0.05992  -0.08714  -0.03664   0.06940   0.02386  -0.02434  -0.08589  -0.04293   0.07025   0.09940  -0.06744 
  0.01444   0.03189   0.04168  -0.06049  -0.01001   0.03038   0.01548  -0.01296   0.06710  -0.04680  -0.06244  -0.02426   0.09561   0.01488  -0.08616  -0.07348  -0.06221   0.07077   0.06616  -0.03298 
  0.02313   0.02349  -0.00253  -0.03707  -0.01557   0.01044   0.07345  -0.02952   0.07078  -0.10242  -0.00799  -0.02000   0.09062  -0.04663  -0.02051  -0.07674  -0.03589   0.08457   0.10710  -0.08759 
  0.02219   0.00335   0.05193  -0.05833  -0.02729   0.03540   0.10320  -0.05069   0.06299  -0.05383  -0.00266  -0.04377   0.06989   0.02488  -0.04888  -0.06780  -0.04125   0.08495   0.08616  -0.06864 
  0.01337   0.02962   0.04993  -0.06342  -0.00270   0.01766  -0.00424  -0.00415   0.05214  -0.08543  -0.06609   0.02253   0.10979   0.02895  -0.12700  -0.07879  -0.04391   0.06812   0.04759  -0.03184 
  0.02970   0.01373  -0.02375  -0.02658  -0.02584   0.02729   0.03905  -0.00471   0.06063  -0.04152  -0.12493   0.00748   0.09287  -0.01988  -0.07886  -0.05225  -0.01646   0.07067   0.06912  -0.06581 
  0.01902   0.02000   0.00276  -0.03334  -0.02853   0.04095   0.03012  -0.00436   0.06998  -0.05386  -0.04908  -0.02995   0.09703  -0.02757  -0.03284  -0.08867  -0.01944   0.07169   0.08279  -0.07358 
  0.02166   0.02058   0.02217  -0.04868  -0.02589   0.00937  -0.00979   0.03126   0.06409  -0.05546  -0.12475   0.01184   0.08261   0.02779  -0.14436  -0.02613  -0.01711   0.03811   0.00568  -0.01002 
  0.02071   0.00757  -0.05016   0.00036  -0.02262  -0.01390   0.02968   0.01915   0.04749  -0.09913  -0.00826   0.01028   0.07805  -0.04755  -0.07580  -0.01775  -0.00911   0.00120   0.06867  -0.03213 
  0.01294  -0.03069   0.01730  -0.00667  -0.02274   0.01682   0.03870  -0.00227   0.07256  -0.07507  -0.06144  -0.01360   0.07744   0.02144  -0.09212  -0.04616  -0.02683   0.01261   0.03616  -0.00714 
  0.01466  -0.00255  -0.00069  -0.01336  -0.00090  -0.00050  -0.03908   0.02076   0.05028  -0.06193  -0.12860   0.03497   0.09696   0.03486  -0.16767  -0.03854  -0.01452   0.00408  -0.01301   0.01363 
  0.02606  -0.00584  -0.06767   0.01020   0.02850  -0.00144  -0.02456  -0.02532   0.08070  -0.05645  -0.16208   0.00301   0.11240   0.05327  -0.13545  -0.09575   0.06317   0.02987   0.03126  -0.08234 
  0.06158   0.00617  -0.04222  -0.05054   0.04453   0.15353   0.00356  -0.20412   0.13698   0.04739  -0.14104  -0.21126   0.16261   0.18104  -0.20866  -0.30177   0.00509   0.24787  -0.03417  -0.16928 
  0.08285   0.16623  -0.06982  -0.20989   0.22430  -0.25312  -0.14933  -0.28227   0.33693  -0.57174  -0.42104  -0.33054   0.32320  -0.26395  -0.36994  -0.32893   0.23990  -0.15314  -0.05996  -0.14816 
  0.29259  -0.29947  -0.22497  -0.27695  -0.38326  -0.49431   0.66030  -0.64032  -0.12358  -0.40467   0.51594  -0.23690  -0.10842  -0.44903   0.40443  -0.31920  -0.40475  -0.51101   0.56944  -0.40718 
 -0.28720  -0.49886   0.58591  -0.51592  -0.84858  -4.08311   0.77778  -4.08311  -0.07153  -4.08311   0.67797  -4.08311  -1.41366  -4.08311   0.66047  -4.08311  -0.61242  -4.08311   0.69910  -4.08311 
 -0.90855  -4.08311   0.73683  -4.08311  -4.08311  -4.08311  -4.08311   0.52730  -4.08311  -4.08311  -4.08311  -4.08311  -4.08311  -1.15260  -4.08311   0.52148  -4.08311  -4.08311  -4.08311  -4.08311 
 -4.08311  -1.20125  -4.08311   0.48481  -4.08311  -4.08311  -4.08311  -4.08311   0.16714  -0.16044  -0.09446  -0.11279  -4.08311  -4.08311  -4.08311  -4.08311   0.49231  -0.99752  -0.16293  -0.76954 
  0.38437  -0.96498  -0.13560  -0.68475   0.31635  -0.54458  -0.44271  -0.46254   0.23166  -0.17946  -0.25632  -0.19294   0.42580  -0.75433  -0.50153  -0.84002   0.22619  -0.18390  -0.13236  -0.07878 
  0.37839  -0.54347  -0.43742  -0.46555  -0.53704  -0.78478   0.68809  -0.50464  -0.21297  -0.25046   0.53592  -0.26584  -0.38685  -0.72547   0.54208  -0.54480  -0.27443  -0.33420   0.49619  -0.29136 
 -0.43013  -0.66979   0.62081  -0.48070  -0.13021  -0.04621  -0.06472   0.16526  -0.05420  -0.07427  -0.15834   0.15005  -0.26046  -0.44393  -0.77130   0.38827  -0.00779  -0.18041  -0.09790   0.10244 
 -0.20411  -0.34207  -0.44530   0.30539  -0.01233  -0.12439  -0.14339   0.12097   0.10131  -0.15382  -0.32571   0.07155   0.04272  -0.13415  -0.19184   0.11179   0.21808  -0.25169  -0.13604  -0.04526 
  0.09919  -0.20994  -0.14149   0.04251  -0.08042  -0.00212  -0.12659   0.13201   0.10699  -0.17683  -0.11431   0.01486   0.08675  -0.12996  -0.18255   0.06139   0.04286  -0.15469  -0.09674   0.06674 
  0.00503  -0.09817  -0.12487   0.09138   0.00789  -0.03913  -0.14824   0.07072   0.06098  -0.01731  -0.23190   0.02581   0.09316  -0.16557  -0.10307   0.02883   0.03601  -0.11508  -0.14694   0.07544 
  0.02949  -0.08091  -0.14889   0.07183   0.01268  -0.05408  -0.11606   0.06072   0.01104  -0.16074  -0.15937   0.13243   0.03350  -0.10884  -0.12622   0.08577   0.02592  -0.06713  -0.10516   0.05309 
  0.01466  -0.08535  -0.12054   0.07715  -0.01223  -0.05623  -0.08940   0.07948   0.07794  -0.16293  -0.10326   0.04416   0.06149  -0.09847  -0.15457   0.06605   0.05862  -0.08966  -0.11175   0.04166 
  0.02928  -0.09436  -0.11123   0.06416  -0.04175  -0.03200  -0.03696   0.07931   0.02657  -0.10799  -0.08585   0.07204   0.01042  -0.07224  -0.10412   0.08383  -0.00808  -0.13059  -0.07270   0.08149 
 -0.01743  -0.08858  -0.06886   0.08614  -0.03191  -0.06515  -0.05070   0.08845   0.03235  -0.14331  -0.09791   0.08646  -0.02171  -0.07825  -0.06346   0.09431   0.00352  -0.05303  -0.10014   0.05992 
 -0.01720  -0.07700  -0.07657   0.08459  -0.02892  -0.08139  -0.02465   0.08120   0.03072  -0.10625  -0.13332   0.08256   0.02040  -0.08652  -0.08901   0.07262   0.01315  -0.09710  -0.10411   0.07025 
 -0.00650  -0.09436  -0.07950   0.08350  -0.01923  -0.04805  -0.04709   0.06728   0.03408  -0.12018  -0.08793   0.07056   0.03116  -0.08906  -0.08059   0.05862   0.02185  -0.04342  -0.10799   0.04808 
  0.00206  -0.06596  -0.08097   0.06606  -0.02719  -0.04213  -0.02427   0.06354   0.02683  -0.08409  -0.08222   0.05816   0.02480  -0.13599  -0.02888   0.05357   0.03064  -0.08315  -0.08435   0.04832 
  0.00184  -0.07895  -0.05545   0.06118  -0.03906  -0.07542  -0.03225   0.09199   0.04432  -0.09435  -0.11391   0.05515   0.02713  -0.11127  -0.06176   0.06107   0.03060  -0.06469  -0.09260   0.04491 
  0.00118  -0.08214  -0.06958   0.06872  -0.02876  -0.04426  -0.03765   0.07174   0.04042  -0.13087  -0.06029   0.05833   0.01124  -0.11200  -0.04394   0.06700   0.03423  -0.09043  -0.07187   0.04389 
  0.00217  -0.08808  -0.05407   0.06387  -0.01583  -0.05057  -0.03788   0.06086   0.01123  -0.09088  -0.05055   0.06650   0.00644  -0.04054  -0.04025   0.04032   0.01899  -0.06294  -0.12349   0.06191 
 -0.00315  -0.06336  -0.07053   0.06540  -0.02597  -0.05296  -0.02054   0.06521   0.00443  -0.09340  -0.04431   0.07237   0.01364  -0.07310  -0.06694   0.06241   0.01165  -0.05450  -0.05914   0.04070 
 -0.00921  -0.06525  -0.04651   0.06147  -0.02613  -0.05238  -0.01670   0.06345   0.01501  -0.06272  -0.06037   0.05097  -0.01327  -0.05746  -0.04082   0.06676   0.03242  -0.08120  -0.07062   0.04144 
 -0.00516  -0.06738  -0.04606   0.05868  -0.01510  -0.03867  -0.05242   0.06104   0.00027  -0.08000  -0.06749   0.07845  -0.01228  -0.07565  -0.01658   0.05906   0.02598  -0.04471  -0.08068   0.03618 
 -0.00516  -0.05565  -0.05638   0.05819  -0.03363  -0.04477   0.00667   0.05742   0.02038  -0.08517  -0.07550   0.06329  -0.02116  -0.06532  -0.03095   0.07137   0.01223  -0.03575  -0.10315   0.04948 
 -0.01387  -0.05311  -0.05108   0.06234  -0.01679  -0.03991  -0.00320   0.04166   0.02419  -0.12301  -0.05280   0.06962   0.00132  -0.02389  -0.05154   0.04434   0.03576  -0.03690  -0.05608   0.01692 
  0.00305  -0.05219  -0.03798   0.04140  -0.02301  -0.01763  -0.01216   0.04255   0.01756  -0.08993  -0.03320   0.05218  -0.00895  -0.05973  -0.07677   0.08301   0.02715  -0.05132  -0.03398   0.01916 
 -0.00270  -0.05082  -0.03465   0.04451  -0.01514  -0.06126   0.00140   0.04696   0.01298  -0.09790  -0.03962   0.06393   0.02416  -0.06618  -0.04923   0.03892   0.02180  -0.04548  -0.08556   0.04096 
  0.00283  -0.06454  -0.04470   0.04988  -0.02673  -0.03991   0.01783   0.04243   0.02541  -0.07759  -0.03963   0.03925   0.01973  -0.07865  -0.03804   0.04213   0.02717  -0.02863  -0.06205   0.02185 
  0.00118  -0.05013  -0.02895   0.03807  -0.03153  -0.01576   0.00795   0.04139  -0.00812  -0.06047  -0.03694   0.06461  -0.00549  -0.07032  -0.02612   0.05634   0.02524  -0.05384  -0.03649   0.02250 
 -0.01011  -0.04740  -0.02011   0.04291  -0.03089  -0.02995   0.00172   0.05031   0.02659  -0.11480  -0.00737   0.04386   0.00702  -0.05338  -0.06149   0.05767   0.01888  -0.05025  -0.02347   0.01966 
 -0.00426  -0.05774  -0.01968   0.04201  -0.02239  -0.04033   0.00856   0.04242   0.00485  -0.05043  -0.01612   0.03615   0.01434  -0.04796  -0.03006   0.02934   0.02729  -0.01836  -0.08436   0.02628 
 -0.00114  -0.03729  -0.03421   0.03685  -0.02398  -0.01913   0.00125   0.03793   0.01339  -0.10745   0.00527   0.04905   0.00250  -0.07613  -0.03614   0.05707   0.00914  -0.02534  -0.04001   0.02321 
 -0.00684  -0.04717  -0.02011   0.03989  -0.01251  -0.03398  -0.01389   0.03915   0.00415  -0.05143  -0.00450   0.03217  -0.01365  -0.02078  -0.01814   0.03707   0.02755  -0.03833  -0.03890   0.01587 
 -0.00214  -0.03818  -0.02118   0.03204  -0.04045  -0.03568   0.03598   0.04607   0.01923  -0.06398  -0.03243   0.03535  -0.01808  -0.05675  -0.01194   0.05368   0.00842  -0.01503  -0.03342   0.01655 
 -0.01513  -0.03818  -0.00686   0.03685  -0.04501   0.02596   0.04045   0.01773   0.03078  -0.07977   0.00910   0.01140  -0.01147  -0.02725  -0.02018   0.03936   0.00717  -0.02349  -0.02596   0.01764 
 -0.01456  -0.02054   0.00155   0.02373  -0.02900   0.00068   0.01816   0.02523  -0.01155  -0.06409  -0.01894   0.06261  -0.01790  -0.03836  -0.00416   0.04039   0.01353  -0.03885  -0.03530   0.02382 
 -0.01490  -0.03244  -0.00914   0.03512  -0.03250   0.01287   0.03017   0.01639   0.02263  -0.08305  -0.01309   0.03383  -0.02325  -0.04845  -0.00502   0.05046   0.01634  -0.02299  -0.00784   0.00302 
 -0.01080  -0.02829   0.00479   0.02236  -0.00376  -0.03531   0.01578   0.01450   0.00438  -0.05634   0.00792   0.02898  -0.00504  -0.01281  -0.00930   0.01872   0.03715  -0.02651  -0.03759   0.00369 
  0.00623  -0.03354  -0.00769   0.01515  -0.03044   0.00660   0.03084   0.01699   0.01335  -0.05454  -0.05019   0.04392   0.00995  -0.07926  -0.02036   0.04146   0.04208  -0.05517  -0.02309   0.00543 
  0.00316  -0.04041  -0.00873   0.02194  -0.01031  -0.03653   0.02149   0.02006   0.00896  -0.06776  -0.03182   0.04874   0.01661  -0.02808  -0.01431   0.00684   0.01170  -0.03903  -0.00647   0.01220 
  0.00184  -0.04355  -0.00192   0.02121  -0.02635   0.02018   0.02281   0.00920   0.01777  -0.04453  -0.04520   0.03072  -0.00471  -0.03489  -0.00740   0.02802   0.02321  -0.02727  -0.03950   0.01454 
 -0.00315  -0.01862  -0.01291   0.01951   0.00211  -0.03319   0.01502   0.00649  -0.01093  -0.02975  -0.01786   0.04116  -0.00279  -0.06354   0.00743   0.02922   0.01332  -0.03595  -0.00347   0.00844 
  0.00019  -0.03863   0.00276   0.01803  -0.00354   0.00528  -0.02387   0.01375   0.00079  -0.02695   0.02255   0.00659   0.01005  -0.06464  -0.00728   0.02655   0.00457  -0.03512   0.00254   0.01101 
  0.00007  -0.02720  -0.00274   0.01547  -0.01195  -0.01183   0.04021  -0.00082   0.00017  -0.02434   0.06085  -0.01631  -0.03170   0.02996  -0.02733   0.03397   0.01001  -0.03785  -0.01331   0.01599 
 -0.00864  -0.01671   0.01179   0.01085  -0.00264  -0.00101  -0.02706   0.01750   0.01229  -0.02851  -0.01680   0.01388   0.00470  -0.01353  -0.02014   0.01624   0.01546  -0.02728  -0.03660   0.01846 
  0.00470  -0.01798  -0.02591   0.01814  -0.02375  -0.01928   0.05802   0.00707   0.02066  -0.05311  -0.00527   0.01445  -0.01403  -0.02745   0.03270   0.00503   0.02470  -0.04118  -0.00667   0.00437 
 -0.00192  -0.03530   0.02120   0.00847  -0.02443  -0.00287   0.01787   0.02195   0.00638  -0.04818  -0.00870   0.02964   0.00251  -0.05130  -0.00522   0.02691   0.03909  -0.01581  -0.02799  -0.00675 
  0.00195  -0.02569  -0.00459   0.01387  -0.01294  -0.00467   0.02138   0.00727   0.04277  -0.07409  -0.04980   0.02074  -0.01506  -0.04457   0.01137   0.03004   0.00956  -0.00113  -0.03711   0.01137 
  0.00184  -0.02418  -0.00977   0.01590  -0.02788   0.00698   0.03523   0.01137   0.00891  -0.03056   0.01517   0.00333  -0.01721  -0.02434  -0.00734   0.03522   0.01815  -0.02132  -0.01081   0.00247 
 -0.00819  -0.01586   0.00800   0.01204  -0.01754  -0.02963   0.02143   0.02537  -0.00680  -0.03995   0.05078   0.00878   0.00726   0.00739  -0.02022   0.00233   0.00303  -0.02913  -0.01046   0.01565 
 -0.00718  -0.02569   0.00720   0.01643   0.00382   0.00031   0.01078  -0.01109   0.00919  -0.04651   0.01245   0.01502   0.00130  -0.00769  -0.02924   0.02275   0.02719  -0.03155  -0.03472   0.01152 
