26 20 24 1 26 -6.3671 2.9637 5.9978 12054
 -0.00337  -0.00229  -0.05587   0.03188  -0.02108   0.02272  -0.01399   0.02065  -0.00141  -0.03376  -0.01474   0.03203  -0.00492   0.00301  -0.07711   0.05174   0.01953  -0.01662  -0.02781   0.00736 
 -0.00595  -0.00476  -0.03186   0.02448  -0.02999  -0.01964  -0.02180   0.05547   0.00404  -0.03439  -0.05754   0.04491   0.01080  -0.02667  -0.08221   0.05337  -0.00624  -0.00800  -0.01982   0.01688 
 -0.01242  -0.01948  -0.03808   0.04048  -0.01448   0.04600  -0.05134   0.01730  -0.02489  -0.00339  -0.07930   0.06347  -0.02125  -0.04093  -0.07476   0.08502   0.00781  -0.02339  -0.04592   0.02574 
 -0.01495  -0.00065  -0.05727   0.04210  -0.02702  -0.02172  -0.03358   0.05841  -0.00186  -0.05326  -0.01495   0.04463  -0.00352   0.04090  -0.06805   0.02516  -0.00494  -0.00012  -0.03686   0.02012 
 -0.01621  -0.00996  -0.03897   0.03967  -0.00548  -0.00287  -0.05913   0.03637   0.01101  -0.03862  -0.03980   0.03241  -0.00394  -0.02243  -0.06174   0.05454   0.00349  -0.04191  -0.03443   0.03102 
 -0.00359  -0.02638  -0.04711   0.03987  -0.00935  -0.00486  -0.03867   0.03294   0.02979  -0.02114  -0.06724   0.01037  -0.00073   0.01624  -0.10971   0.05800   0.00920  -0.01253  -0.02997   0.01346 
  0.00098  -0.00808  -0.05216   0.02908  -0.01393  -0.00317  -0.03555   0.03600  -0.00345  -0.05122  -0.07876   0.07076   0.01826  -0.02090  -0.12700   0.06573  -0.00417  -0.01813  -0.03572   0.02680 
 -0.00629  -0.02056  -0.05914   0.04482  -0.01969   0.01230  -0.07073   0.04975  -0.00962  -0.05309  -0.01402   0.05227   0.01342  -0.02590  -0.13312   0.07537   0.01393  -0.03448  -0.03491   0.02166 
 -0.00685  -0.02271  -0.05938   0.04642  -0.01302   0.00947  -0.04882   0.03445   0.01601  -0.04096  -0.07436   0.04247   0.01224  -0.01368  -0.12994   0.06960   0.01424  -0.02933  -0.04059   0.02179 
 -0.00002  -0.01778  -0.06362   0.03977  -0.00552  -0.02558  -0.05968   0.04752  -0.00987  -0.02975  -0.05093   0.05405   0.01860   0.00509  -0.12131   0.05037   0.00969  -0.04521  -0.03394   0.02819 
 -0.00135  -0.02878  -0.06008   0.04462  -0.00861   0.00601  -0.09371   0.04953   0.00802  -0.03379  -0.05638   0.03970   0.02204  -0.02954  -0.16277   0.08158  -0.01069  -0.00901  -0.01432   0.01760 
 -0.00505  -0.01269  -0.06815   0.04381  -0.00819   0.00147  -0.07790   0.04511   0.01903  -0.03062  -0.12028   0.04961  -0.01434  -0.04350  -0.09415   0.08965  -0.01151   0.00898  -0.06828   0.03299 
 -0.00855  -0.00808  -0.08401   0.05119  -0.00053   0.00774  -0.10260   0.04277   0.01090  -0.02694  -0.08384   0.04306   0.02974  -0.02124  -0.15172   0.06575   0.00794  -0.04584  -0.03495   0.02997 
  0.00419  -0.02163  -0.08153   0.04522  -0.00973   0.00587  -0.09663   0.05196   0.00581  -0.03121  -0.09301   0.05465   0.01781  -0.00809  -0.14771   0.06969   0.03117  -0.03987  -0.07031   0.02694 
  0.00573  -0.01970  -0.09584   0.04861  -0.00485  -0.00175  -0.09817   0.05075  -0.00480  -0.07581  -0.06883   0.08177   0.05363  -0.04936  -0.17206   0.06225   0.02408  -0.04014  -0.04454   0.02133 
  0.00879  -0.03628  -0.08575   0.04941  -0.01257  -0.00686  -0.11541   0.06792   0.01800  -0.08101  -0.16771   0.09343   0.00172  -0.05425  -0.12925   0.09597   0.01806  -0.03415  -0.08596   0.03915 
  0.00032  -0.03784  -0.11409   0.06825  -0.00910  -0.00737  -0.12067   0.06623  -0.00197  -0.04146  -0.12818   0.08054   0.03237  -0.04170  -0.16811   0.07901   0.03452  -0.05792  -0.09209   0.03974 
  0.00584  -0.03739  -0.11864   0.06491  -0.00352  -0.03656  -0.15205   0.08324   0.00721  -0.07374  -0.13884   0.09207   0.03921  -0.03537  -0.22389   0.09095   0.04131  -0.06779  -0.10471   0.04331 
  0.01302  -0.05560  -0.14299   0.07458   0.00125  -0.04153  -0.11605   0.06837  -0.00823  -0.10744  -0.15955   0.12793   0.06127  -0.07003  -0.22534   0.08334   0.05601  -0.06486  -0.10856   0.03365 
  0.01955  -0.06690  -0.13593   0.07100  -0.00166  -0.01693  -0.21814   0.09182   0.01990  -0.08930  -0.19601   0.10318   0.03941  -0.08532  -0.19628   0.10010   0.07048  -0.07133  -0.12066   0.02992 
  0.02514  -0.06004  -0.17181   0.07486   0.00698  -0.03430  -0.21711   0.08969   0.00772  -0.11844  -0.21052   0.13118   0.01866  -0.02716  -0.22870   0.10820   0.07354  -0.09004  -0.08878   0.02284 
  0.02504  -0.07074  -0.16338   0.07654  -0.00107  -0.02792  -0.23606   0.10030   0.00554  -0.12672  -0.19471   0.13281   0.06368  -0.07482  -0.28235   0.10136   0.08836  -0.08069  -0.13222   0.02392 
  0.03212  -0.07219  -0.19363   0.07988  -0.00487  -0.03087  -0.24543   0.10757  -0.00700  -0.12378  -0.26488   0.15745   0.07015  -0.07360  -0.26282   0.08824   0.09156  -0.09969  -0.16557   0.03884 
  0.03057  -0.07949  -0.21830   0.09085   0.01193  -0.04183  -0.29258   0.10530   0.05121  -0.16521  -0.26665   0.12092   0.07054  -0.10036  -0.34534   0.12074   0.09024  -0.10735  -0.14251   0.03510 
  0.04463  -0.09576  -0.22823   0.08686   0.02709  -0.07096  -0.28283   0.09803   0.05073  -0.16246  -0.28210   0.12353   0.09017  -0.15478  -0.26798   0.09662   0.08073  -0.10204  -0.14866   0.04233 
  0.05002  -0.10870  -0.22307   0.08513  -0.00074  -0.04536  -0.33587   0.12784   0.03375  -0.13104  -0.27246   0.12576   0.07172  -0.06790  -0.32355   0.10250   0.04966  -0.07853  -0.18551   0.06654 
  0.02409  -0.07753  -0.26169   0.10645  -0.00843  -0.07058  -0.29919   0.13704   0.04862  -0.18414  -0.21139   0.11832   0.08822  -0.10650  -0.32332   0.09919   0.07665  -0.13906  -0.14820   0.05653 
  0.03232  -0.12204  -0.22170   0.10488   0.00355  -0.05646  -0.30477   0.12178   0.03713  -0.15549  -0.22718   0.12253   0.06584  -0.11016  -0.30214   0.11719   0.03023  -0.11484  -0.13313   0.07472 
  0.01678  -0.10400  -0.21493   0.11009  -0.01044  -0.08441  -0.33807   0.15051   0.02338  -0.12438  -0.23009   0.12376   0.05633  -0.18031  -0.39640   0.16775  -0.01605  -0.15943  -0.11613   0.10699 
 -0.00810  -0.13301  -0.22136   0.13955  -0.03228  -0.06765  -0.32064   0.16088  -0.01705  -0.12521  -0.21009   0.15479   0.00829  -0.17079  -0.32193   0.18703  -0.01649  -0.16739  -0.12217   0.11090 
 -0.03328  -0.13190  -0.20432   0.15234  -0.05409  -0.09086  -0.32661   0.18607  -0.03175  -0.11951  -0.19922   0.16165   0.00149  -0.20033  -0.30091   0.19389  -0.09283  -0.15331  -0.13156   0.14342 
 -0.07415  -0.13608  -0.20366   0.17804  -0.07522  -0.08323  -0.39532   0.20893  -0.10383  -0.12559  -0.20099   0.21198  -0.01884  -0.19470  -0.28665   0.20300  -0.10795  -0.14011  -0.16871   0.15512 
 -0.10630  -0.12914  -0.22962   0.19873  -0.07752  -0.09246  -0.49017   0.22400  -0.11908  -0.13600  -0.20793   0.22526  -0.03048  -0.15947  -0.40973   0.22689  -0.13769  -0.13925  -0.17964   0.16763 
 -0.12769  -0.12941  -0.25797   0.21443  -0.10232  -0.10492  -0.43660   0.23675  -0.11049  -0.10705  -0.21980   0.21294  -0.03077  -0.19349  -0.38974   0.23103  -0.16535  -0.10435  -0.22408   0.17739 
 -0.15004  -0.11186  -0.27421   0.22277  -0.11110  -0.11930  -0.61013   0.26084  -0.14269  -0.12460  -0.25623   0.24218  -0.03472  -0.22575  -0.37773   0.23765  -0.20117  -0.09531  -0.21518   0.18375 
 -0.17576  -0.11372  -0.28949   0.23621  -0.10819  -0.10523  -0.76863   0.26545  -0.11002  -0.16741  -0.27750   0.24195  -0.08338  -0.17632  -0.31798   0.24308  -0.18909  -0.09342  -0.18118   0.17291 
 -0.17492  -0.11186  -0.26886   0.23199  -0.15113  -0.14159  -0.75723   0.29434  -0.19105  -0.15503  -0.25946   0.27340  -0.11005  -0.19696  -0.37465   0.27026  -0.24920  -0.06739  -0.18487   0.18308 
 -0.22811  -0.10374  -0.27498   0.25025  -0.18693  -0.16276  -0.80547   0.31598  -0.24164  -0.23126  -0.33778   0.32040  -0.12571  -0.22498  -0.38124   0.28320  -0.27158  -0.12185  -0.25030   0.21324 
 -0.26497  -0.15117  -0.32478   0.27945  -0.19115  -0.20744  -0.88098   0.32799  -0.26071  -0.20913  -0.36497   0.32468  -0.16217  -0.22534  -0.39623   0.30004  -0.28941  -0.12096  -0.34534   0.23084 
 -0.29090  -0.15175  -0.39403   0.29512  -0.15783  -0.13698  -0.76617   0.29690  -0.25557  -0.11866  -0.49537   0.31280  -0.14455  -0.30845  -0.46030   0.31421  -0.23712  -0.04345  -0.35689   0.20308 
 -0.25928  -0.07827  -0.41057   0.27225  -0.15350  -0.08364  -0.85805   0.28724  -0.22109  -0.17654  -0.47074   0.31417  -0.11504  -0.18629  -0.41109   0.27618  -0.21811  -0.05266  -0.25486   0.18490 
 -0.23512  -0.08023  -0.34108   0.25664  -0.09525  -0.14904  -0.84674   0.27143  -0.20634  -0.17287  -0.35749   0.29689  -0.11215  -0.27084  -0.46817   0.29697  -0.19483  -0.10706   0.00457   0.12517 
 -0.20044  -0.13162  -0.12981   0.21814  -0.11171  -0.20069  -0.89000   0.29166  -0.04340  -0.23524  -0.24953   0.21689  -0.03616  -0.34336  -0.42353   0.26480  -0.20327  -0.13708   0.05430   0.11597 
 -0.15844  -0.18395  -0.10124   0.20592  -0.72686  -0.72841  -0.89061   0.47059  -0.63193  -0.18512  -0.64228   0.40909  -0.80445  -0.68416  -0.92564   0.47585  -0.85133  -0.28389  -0.70301   0.33855 
 -0.80198  -0.36933  -0.74890   0.41510  -0.10616  -0.05915  -0.20216   0.18952  -0.17987   0.12795  -0.45693   0.17063  -0.09501  -0.20127  -0.24878   0.23907  -1.07815  -0.50771  -0.97405   0.37277 
 -0.74340  -0.35289  -0.77493   0.41072   0.08524   0.01460  -0.19484  -0.04902   0.11811  -0.19783  -0.13692   0.01645   0.16250  -0.12285  -0.16950  -0.05642  -0.25093  -0.08927  -0.36040   0.21784 
 -0.21992  -0.08993  -0.30657   0.24906  -0.58440   0.64231  -0.96738  -0.23486  -0.66795   0.46398  -0.99324  -0.01233  -0.50743   0.61212  -0.87666  -0.17324  -1.02974   0.64943  -1.38043  -0.31352 
 -0.79085   0.62135  -1.14999  -0.21250   0.41622  -4.08117  -4.08117  -4.08117   0.46172  -4.08117  -4.08117  -4.08117   0.49122  -4.08117  -4.08117  -4.08117   0.59558  -4.08117  -4.08117  -4.08117 
  0.48936  -4.08117  -4.08117  -4.08117  -2.64858  -0.81291   0.79035  -2.54113  -4.08117  -4.08117  -4.08117  -4.08117  -4.08117  -4.08117  -4.08117  -4.08117  -4.08117  -4.08117  -4.08117  -4.08117 
 -2.57793  -0.84964   0.74286  -2.57766   0.37046  -4.08117  -4.08117  -0.47260   0.28564  -0.30632  -0.23361  -0.31665   0.04711  -0.26144   0.27825  -0.32433   0.54983  -4.08117  -0.27308  -4.08117 
  0.05543  -0.29112   0.35764  -0.36174  -0.16647  -0.13117  -0.09229   0.21878  -0.10721  -0.06271  -0.08346   0.16126  -0.03794  -0.09289  -0.23579   0.17637  -0.15261  -0.09338   0.11104   0.05770 
 -0.08863  -0.11907  -0.09203   0.15195   0.01864  -0.02646  -0.12010   0.04291   0.01275  -0.09980   0.03725   0.02998   0.00646  -0.02942  -0.12610   0.08019   0.00047  -0.04983   0.11539  -0.04577 
 -0.00991  -0.05029   0.03023   0.01823  -0.04766   0.06216  -0.07819   0.05608   0.00918  -0.04053   0.08201  -0.02939   0.01755  -0.00111  -0.00155  -0.01800  -0.10775   0.08589   0.12578  -0.05500 
 -0.04164   0.03981   0.04469  -0.00861   0.00538   0.04083  -0.09869   0.01624   0.03446   0.00724  -0.07738  -0.01205   0.03008   0.05337  -0.09465  -0.00335  -0.07715   0.10569   0.04820  -0.03420 
 -0.00359   0.05933  -0.03763  -0.01157   0.00156   0.03843   0.01941  -0.03593   0.05451  -0.04127  -0.02251  -0.02959   0.03098   0.00676  -0.02093  -0.02439  -0.04377   0.09526   0.12196  -0.10091 
  0.00922   0.03794   0.04005  -0.05731  -0.02758   0.03627   0.08702  -0.03901   0.03981   0.00911   0.00266  -0.06207   0.05354  -0.00283  -0.01494  -0.05260  -0.13167   0.12609   0.15652  -0.09326 
 -0.01162   0.05214   0.07484  -0.06811   0.00608   0.02101  -0.02371  -0.00748   0.05063  -0.03773  -0.08226   0.00129   0.08810  -0.00454  -0.10402  -0.03790  -0.07648   0.09782   0.09451  -0.05929 
  0.02251   0.02751  -0.01100  -0.03396   0.01496   0.00595   0.04453  -0.05070   0.07479  -0.07082   0.00550  -0.05462   0.08148  -0.04186  -0.07790  -0.02408  -0.06372   0.07766   0.14756  -0.09539 
  0.02703   0.00646   0.05057  -0.06525  -0.00941  -0.02237   0.10653  -0.04223   0.05975  -0.03740   0.02909  -0.07034   0.08955  -0.04175  -0.01835  -0.07972  -0.06254   0.05138   0.15152  -0.08245 
  0.02072  -0.00808   0.08270  -0.07203  -0.00870   0.00191   0.04633  -0.01621   0.07379  -0.07349  -0.04322  -0.02507   0.08501  -0.00607  -0.09691  -0.03699  -0.06288   0.08667   0.09394  -0.06046 
  0.02378   0.00928   0.01823  -0.04160  -0.00980   0.01861   0.08196  -0.04839   0.05998  -0.03315  -0.00124  -0.05556   0.06918   0.02355  -0.08778  -0.03864  -0.05224   0.07545   0.13415  -0.09088 
  0.01485   0.02597   0.05420  -0.06577  -0.02689   0.02126   0.12284  -0.05725   0.04980  -0.02458  -0.01122  -0.04125   0.06328  -0.01241  -0.03630  -0.04397  -0.06379   0.09012   0.12547  -0.08562 
  0.00616   0.02597   0.06947  -0.06655   0.00103   0.03622   0.00898  -0.02762   0.04227  -0.03124  -0.04299  -0.00959   0.07794   0.01029  -0.08961  -0.04146  -0.07499   0.06938   0.08393  -0.03553 
  0.01645   0.02655   0.00386  -0.03516  -0.01385   0.03273   0.07752  -0.04866   0.05760  -0.05850   0.02521  -0.04844   0.03647   0.01103  -0.05064  -0.01288  -0.01375   0.06191   0.13672  -0.11377 
  0.01388   0.01976   0.06367  -0.06733  -0.01971   0.01070   0.09461  -0.03888   0.03772  -0.01461   0.03077  -0.05597   0.08733   0.00663  -0.02881  -0.09875  -0.08591   0.12956   0.12025  -0.09489 
  0.00813   0.04074   0.06579  -0.07638  -0.00009  -0.00964   0.04728  -0.02179   0.04389  -0.03187  -0.02467  -0.02031   0.07248   0.05366  -0.10419  -0.05288  -0.06943   0.06447   0.09319  -0.04215 
  0.01742   0.01976   0.01725  -0.04014  -0.00795  -0.00602   0.07769  -0.03301   0.04645  -0.09341   0.03927  -0.01717   0.05269  -0.00599  -0.04138  -0.02980  -0.03351   0.04798   0.14170  -0.09313 
  0.01302  -0.00684   0.06894  -0.05327  -0.02506   0.00371   0.10417  -0.03447   0.04251  -0.01804   0.01216  -0.04896   0.07437  -0.02603   0.00363  -0.08433  -0.08284   0.12205   0.12167  -0.09241 
  0.00253   0.03019   0.07553  -0.06967   0.01257   0.01617   0.03321  -0.04618   0.04359  -0.03164  -0.01946  -0.02272   0.07771  -0.00735  -0.08005  -0.03669  -0.08733   0.10876   0.09327  -0.05889 
  0.01934   0.02961   0.01941  -0.05001   0.00518  -0.00793   0.06314  -0.04039   0.06893  -0.08352   0.03182  -0.05225   0.06800   0.00028  -0.03855  -0.05673  -0.04602   0.07376   0.12843  -0.08962 
  0.02483   0.00363   0.05779  -0.06590  -0.00086  -0.00745   0.07980  -0.04354   0.06105  -0.01664  -0.00242  -0.06997   0.08916  -0.04050  -0.01945  -0.07893  -0.06961   0.12923   0.11034  -0.09801 
  0.02304   0.02655   0.05564  -0.07731   0.00935  -0.02043   0.00086  -0.00182   0.03609  -0.03182  -0.05667   0.00517   0.09804   0.00392  -0.09404  -0.06466  -0.02980   0.08015   0.07546  -0.06634 
  0.03253   0.01088  -0.00578  -0.03831   0.00548   0.01910   0.06708  -0.06032   0.06688  -0.05734  -0.06218  -0.01677   0.05809  -0.02108  -0.07277  -0.00747  -0.04373   0.04491   0.15008  -0.09064 
  0.02146   0.00465   0.05075  -0.05744   0.00141   0.00700   0.09788  -0.06926   0.06258   0.00237  -0.06220  -0.05566   0.09211   0.00223  -0.01415  -0.11675  -0.06451   0.12676   0.13138  -0.11718 
  0.02462   0.04167   0.06314  -0.09591   0.00723  -0.00526   0.00982  -0.01204   0.06436  -0.04028  -0.06157  -0.02529   0.07605   0.00716  -0.10571  -0.02683  -0.02894   0.05363   0.10174  -0.06884 
  0.03500   0.00566   0.00080  -0.04197  -0.00207   0.01173   0.04042  -0.02717   0.06056  -0.08723  -0.03430  -0.00167   0.05037  -0.05366  -0.03406  -0.00633  -0.05242   0.07932   0.13452  -0.09367 
  0.01431   0.00303   0.04599  -0.04480  -0.01199   0.03180   0.11035  -0.07570   0.06673  -0.00925  -0.03020  -0.06936   0.07869  -0.02155   0.00939  -0.09936  -0.05453   0.09364   0.11066  -0.08299 
  0.01752   0.03266   0.06947  -0.08509   0.00203   0.00641   0.02145  -0.01824   0.04855  -0.01551  -0.07781  -0.01357   0.07929  -0.02430  -0.09460  -0.02006  -0.07697   0.11184   0.06871  -0.05095 
  0.02072   0.02693  -0.00537  -0.03480   0.00435   0.01222   0.07609  -0.06065   0.06013  -0.07977  -0.00821  -0.01877   0.07477  -0.00457  -0.06642  -0.04336  -0.02004   0.06274   0.13542  -0.10804 
  0.02724   0.00707   0.05546  -0.06941  -0.00823  -0.00331   0.11096  -0.05864   0.03991  -0.00662   0.01297  -0.05492   0.07957  -0.01481  -0.02767  -0.07299  -0.05370   0.07538   0.13578  -0.09113 
  0.01699   0.01603   0.07450  -0.07678   0.00174   0.00824   0.02263  -0.01958   0.05775  -0.06039  -0.05060  -0.00718   0.06973  -0.02152  -0.10064  -0.00528  -0.05101   0.07263   0.07967  -0.04984 
  0.02367   0.00646   0.00264  -0.03036   0.00112   0.02429   0.06286  -0.05427   0.05515  -0.06577  -0.04705  -0.00177   0.08839   0.01824  -0.04836  -0.09253  -0.06131   0.07464   0.13937  -0.08817 
  0.01859   0.02113   0.05220  -0.06564  -0.02062   0.03182   0.08880  -0.04678   0.05712  -0.01132   0.01696  -0.08014   0.07437  -0.05079  -0.00782  -0.05982  -0.09642   0.11618   0.12946  -0.08534 
  0.00671   0.03418   0.06929  -0.07268   0.01090   0.00335   0.02708  -0.03212   0.07046  -0.04426  -0.04409  -0.04007   0.07174   0.01870  -0.08449  -0.04129  -0.04349   0.08549   0.07381  -0.05901 
  0.03129   0.02054   0.00588  -0.04988  -0.00187   0.01544   0.05466  -0.03881   0.05919  -0.07445  -0.04772  -0.00145   0.07944  -0.00447  -0.03203  -0.07591  -0.02899   0.07002   0.11930  -0.09255 
  0.02556   0.01048   0.04210  -0.06011  -0.00601   0.01181   0.12025  -0.07926   0.06280  -0.04040  -0.03327  -0.03684   0.09013  -0.03329  -0.04281  -0.06614  -0.04087   0.11178   0.12699  -0.11975 
  0.02609   0.02385   0.06649  -0.08753  -0.01379   0.01878   0.02119  -0.00451   0.05638  -0.05377  -0.08456   0.00524   0.08136   0.00804  -0.09364  -0.04238  -0.05038   0.10402   0.04053  -0.04534 
  0.02167   0.02578  -0.01522  -0.02953   0.00065  -0.00231   0.08682  -0.05387   0.04398  -0.07754   0.01231  -0.00872   0.09160  -0.02104  -0.07719  -0.05078  -0.02135   0.05508   0.12732  -0.09515 
  0.02472  -0.00188   0.05762  -0.06216   0.00307   0.00245   0.09514  -0.06671   0.06707  -0.05851  -0.02383  -0.03510   0.08570   0.00519  -0.03250  -0.09195  -0.06328   0.07803   0.11087  -0.06679 
  0.02556   0.01227   0.05600  -0.07111   0.00898  -0.00228   0.00298  -0.01226   0.04052  -0.02920  -0.06513   0.00139   0.08959   0.01004  -0.08518  -0.06152  -0.06801   0.09426   0.07459  -0.04895 
  0.02378   0.02229  -0.00371  -0.03637   0.00047  -0.02116   0.06102  -0.02487   0.08141  -0.07513  -0.05389  -0.03033   0.06603  -0.01525  -0.05811  -0.03062  -0.03832   0.07314   0.11231  -0.08217 
  0.02514  -0.00065   0.03724  -0.04939  -0.00892   0.03255   0.06883  -0.04936   0.06277  -0.03747  -0.03095  -0.04018   0.08648  -0.00232  -0.05540  -0.07009  -0.05997   0.13464   0.10701  -0.10655 
  0.01902   0.04445   0.04136  -0.07453   0.01418   0.02087  -0.01700  -0.02199   0.05125  -0.06138  -0.06291   0.00773   0.06184   0.00940  -0.07461  -0.02846  -0.05799   0.09284   0.05629  -0.04286 
  0.02409   0.02307  -0.01544  -0.03048   0.02415   0.00049   0.04416  -0.06116   0.06448  -0.03219  -0.04297  -0.04054   0.07277  -0.02629  -0.03988  -0.04658  -0.03442   0.07304   0.10989  -0.08312 
  0.03201   0.01326   0.03593  -0.06564  -0.01468   0.02628   0.08892  -0.05150   0.06991  -0.04015  -0.02886  -0.05024   0.08106  -0.03576  -0.02445  -0.06508  -0.05169   0.11278   0.09482  -0.08658 
  0.02093   0.02808   0.04837  -0.07045   0.02445  -0.00553  -0.01612  -0.02164   0.05263  -0.04109  -0.09038   0.00428   0.09676  -0.02159  -0.11793  -0.03214  -0.04173   0.08017   0.07039  -0.05461 
  0.03837   0.00948  -0.02163  -0.03528   0.00935   0.00650   0.06124  -0.05396   0.07856  -0.08425  -0.05310  -0.02040   0.07674  -0.08202  -0.02304  -0.03487  -0.02607   0.08128   0.10165  -0.08862 
  0.03222  -0.00024   0.04005  -0.06011  -0.01628   0.02727   0.11410  -0.06929   0.07301  -0.06233  -0.01679  -0.04526   0.10189  -0.05642  -0.06119  -0.05759  -0.06010   0.08145   0.12495  -0.08192 
  0.02325   0.01068   0.06296  -0.07229  -0.00093   0.01976  -0.01636  -0.00132   0.04991  -0.02760  -0.10602   0.00503   0.09383  -0.01443  -0.09519  -0.04607  -0.03933   0.08448   0.06985  -0.05862 
