IntronPotTab 1 1024 0.94498
    0.03069
   -0.00885
   -0.05909
   -0.00197
   -0.00072
   -0.03495
   -0.04223
    0.04542
    0.00582
   -0.00903
   -0.00217
    0.00066
    0.01050
   -0.06476
   -0.02929
    0.04557
    0.06830
   -0.04535
   -0.09163
   -0.01660
    0.00065
   -0.03147
   -0.01465
    0.03361
    0.01690
    0.06207
   -0.06903
   -0.01454
    0.09751
   -0.05760
   -0.08817
   -0.00588
    0.02889
   -0.02049
   -0.05769
    0.00536
   -0.04207
   -0.04528
   -0.04750
    0.08247
    0.00394
   -0.02682
    0.03110
   -0.00627
   -0.04231
    0.01229
    0.01690
    0.01668
   -0.03998
    0.01280
   -0.06817
    0.06411
   -0.01365
   -0.04906
   -0.02617
    0.05769
    0.00571
    0.03442
   -0.05387
    0.02009
   -0.01048
   -0.02920
   -0.02496
    0.03861
   -0.04359
    0.13487
   -0.07709
   -0.00983
    0.01027
   -0.05467
   -0.07146
    0.07098
    0.01141
   -0.01910
   -0.04736
    0.03727
    0.02062
   -0.10289
   -0.02065
    0.05286
    0.01369
   -0.03434
   -0.01250
    0.01624
   -0.04648
    0.02345
   -0.04150
    0.05025
    0.00583
   -0.04420
    0.00363
    0.02052
    0.03951
   -0.05143
   -0.01153
    0.01075
    0.02427
   -0.06916
   -0.06167
    0.04779
   -0.01635
    0.01977
   -0.01580
    0.00186
    0.03749
   -0.04993
   -0.01374
    0.01869
   -0.10101
   -0.01944
    0.05019
    0.04354
    0.19948
   -0.19264
   -0.19167
   -0.05215
   -0.03838
   -0.07632
   -0.05268
    0.09181
    0.03008
   -0.01206
   -0.06600
    0.02919
    0.00176
   -0.11231
   -0.05071
    0.08189
    0.02118
   -0.00732
   -0.07009
    0.02695
    0.02470
   -0.03995
   -0.11720
    0.06214
    0.06612
   -0.07506
   -0.07472
    0.02228
    0.01445
   -0.04610
   -0.03980
    0.03788
    0.03511
   -0.05867
    0.02517
   -0.03677
   -0.02603
    0.00654
   -0.00301
    0.02916
   -0.01498
    0.03333
   -0.06208
    0.04411
    0.05192
   -0.03366
   -0.09586
    0.03528
    0.02012
    0.00625
   -0.02756
   -0.01051
    0.03113
   -0.07971
   -0.01452
    0.03345
    0.01006
   -0.06729
    0.04409
    0.00490
   -0.05331
   -0.01925
   -0.00257
    0.05359
   -0.01557
   -0.01953
   -0.03236
    0.04703
   -0.02807
   -0.07933
   -0.05354
    0.08968
   -0.03393
    0.05666
   -0.03536
    0.03851
   -0.01630
   -0.07607
   -0.05247
    0.06790
   -0.00070
   -0.01216
   -0.11394
    0.05283
   -0.03372
   -0.10067
   -0.09006
    0.12526
   -0.00898
    0.00577
   -0.04503
    0.02616
   -0.00795
   -0.09135
   -0.00589
    0.05598
    0.01100
   -0.02135
   -0.05872
    0.03434
   -0.02953
    0.00935
   -0.02810
    0.03943
   -0.01162
    0.04729
   -0.04561
    0.01167
    0.04151
   -0.02647
   -0.01737
   -0.00673
   -0.01165
    0.01326
   -0.03594
    0.02281
   -0.05999
   -0.06563
   -0.06978
    0.09648
   -0.00567
   -0.00433
   -0.04732
    0.03450
   -0.06568
   -0.03924
    0.02924
    0.04982
    0.03675
   -0.06328
   -0.13513
    0.05503
   -0.00715
   -0.04030
   -0.06477
    0.05417
   -0.01976
    0.04819
   -0.05392
    0.03715
   -0.00270
   -0.09169
   -0.04794
    0.06629
   -0.01610
    0.04584
   -0.05157
    0.02541
    0.08122
   -0.06767
   -0.09652
   -0.02389
    0.00047
    0.00487
   -0.03770
    0.02587
   -0.02731
   -0.02755
   -0.02652
    0.05707
   -0.00472
    0.04714
   -0.09049
    0.03844
   -0.07363
    0.02850
    0.02127
    0.07051
   -0.04330
    0.03802
   -0.04592
    0.06422
    0.02809
    0.01647
   -0.04418
   -0.00804
    0.03061
   -0.01611
   -0.01892
   -0.01803
   -0.02470
   -0.02142
   -0.03500
    0.05932
    0.03649
    0.00658
   -0.05249
   -0.00565
   -0.01941
    0.00232
   -0.04622
    0.04309
   -0.06127
    0.02028
   -0.14125
    0.10064
   -0.03665
   -0.02579
   -0.01806
    0.07253
   -0.02798
    0.02030
   -0.06406
    0.07691
   -0.06549
   -0.00472
   -0.06732
    0.08555
   -0.01959
    0.01369
   -0.05598
    0.05863
    0.00466
   -0.00479
   -0.12322
    0.05514
    0.05157
   -0.06049
   -0.04839
    0.02517
   -0.03391
   -0.04127
    0.03801
    0.02796
   -0.01354
   -0.00768
   -0.00555
    0.02719
   -0.06323
    0.04338
   -0.05525
    0.06997
    0.04073
   -0.01214
    0.00835
   -0.04752
    0.00077
   -0.04232
    0.01261
    0.01761
    0.00945
    0.02598
   -0.03772
   -0.00216
   -0.03306
   -0.05223
   -0.02403
    0.07093
    0.04819
   -0.00575
   -0.04564
   -0.00671
   -0.09462
   -0.02010
   -0.04161
    0.09093
   -0.02140
   -0.07919
   -0.05416
    0.09387
   -0.05248
    0.02467
   -0.03752
    0.05625
   -0.03165
   -0.07853
   -0.01853
    0.09078
   -0.08988
   -0.02985
   -0.08697
    0.11644
    0.05349
   -0.02988
   -0.11367
    0.02644
   -0.03795
   -0.01962
   -0.12081
    0.11906
   -0.01564
   -0.04245
   -0.01921
    0.06572
   -0.02514
   -0.00638
   -0.06532
    0.06929
    0.00274
   -0.00629
   -0.05909
    0.04291
   -0.01822
    0.03031
   -0.04715
    0.03923
   -0.01539
    0.04209
   -0.14588
    0.08340
    0.04943
   -0.00449
   -0.04986
   -0.00181
   -0.03143
    0.05016
   -0.06448
    0.04775
   -0.04904
    0.02058
   -0.03678
    0.05132
    0.02023
   -0.06345
   -0.06392
    0.06998
   -0.09287
    0.00028
   -0.03061
    0.10815
   -0.02208
   -0.03204
   -0.05061
    0.07055
   -0.04846
    0.01568
   -0.09758
    0.09725
   -0.07083
   -0.03838
   -0.00176
    0.11381
   -0.01979
   -0.05261
   -0.07702
    0.07769
   -0.19464
    0.39606
   -0.30899
   -0.06532
   -0.03056
   -0.07510
   -0.01417
    0.07897
   -0.01338
    0.00063
   -0.04597
    0.03379
   -0.03950
   -0.04857
   -0.04249
    0.06730
   -0.02370
    0.01983
   -0.01345
    0.02788
   -0.02456
    0.00904
   -0.04055
    0.03838
    0.03624
   -0.00876
   -0.04962
    0.00493
    0.00365
   -0.00145
   -0.03466
    0.01662
   -0.03352
    0.06566
   -0.03736
    0.02212
   -0.02403
   -0.05088
   -0.03521
    0.05339
   -0.00526
    0.03500
   -0.07682
    0.02091
   -0.08291
    0.01100
   -0.04500
    0.06548
   -0.05162
   -0.06750
   -0.08874
    0.11312
   -0.06814
    0.00280
   -0.09221
    0.09925
   -0.03896
    0.04440
   -0.10391
    0.10954
   -0.06249
   -0.06803
   -0.06949
    0.09038
    0.01838
   -0.00357
   -0.04852
    0.00509
   -0.01395
    0.00692
   -0.07694
    0.04630
    0.00636
    0.00319
   -0.01729
    0.00053
    0.02263
   -0.05822
   -0.02005
    0.02658
   -0.00697
   -0.02443
    0.01257
    0.01434
   -0.09794
    0.04095
    0.02308
    0.06194
   -0.01546
   -0.00610
   -0.02063
    0.04967
    0.07257
   -0.06344
   -0.02535
   -0.00642
    0.02575
   -0.03262
   -0.02270
   -0.00025
   -0.06357
    0.01689
   -0.05248
    0.05738
    0.05787
   -0.04084
   -0.05549
    0.00029
   -0.01841
   -0.07499
   -0.00651
    0.05385
   -0.03139
   -0.00992
   -0.04933
    0.05870
    0.00850
   -0.03591
   -0.01592
    0.02175
    0.00384
   -0.02649
   -0.02131
    0.03394
    0.01635
   -0.02471
   -0.06465
    0.03414
   -0.02333
    0.04324
   -0.03522
    0.02015
    0.02245
   -0.06601
   -0.01119
    0.04938
    0.02541
    0.03969
   -0.12136
    0.00670
    0.01111
   -0.08044
   -0.03570
    0.06067
   -0.00453
   -0.05609
   -0.02515
    0.05500
   -0.04917
   -0.01727
    0.05862
    0.02891
    0.02377
   -0.05532
   -0.01188
    0.02447
    0.08690
   -0.03621
    0.01181
   -0.03950
    0.03126
   -0.02561
   -0.02007
   -0.00377
   -0.08034
    0.00883
   -0.05307
    0.06749
    0.06246
   -0.14395
    0.09046
   -0.00273
   -0.10688
    0.02083
   -0.03578
    0.07181
    0.07281
   -0.10820
   -0.10043
    0.03537
   -0.06037
   -0.03426
   -0.03989
    0.08891
   -0.04472
   -0.04578
    0.02749
    0.06221
   -0.01496
   -0.07572
   -0.04006
    0.07550
    0.01198
   -0.01821
   -0.06178
    0.03842
   -0.02298
   -0.01823
    0.01658
    0.02319
    0.01396
   -0.00630
   -0.01436
    0.00061
    0.02084
   -0.00176
   -0.08707
    0.03439
    0.07598
   -0.09978
   -0.04737
   -0.00542
   -0.05418
    0.05221
   -0.09564
    0.08745
   -0.08206
    0.07161
   -0.05682
    0.06960
    0.02605
   -0.00947
   -0.04537
    0.01563
    0.03674
   -0.01601
   -0.05155
   -0.00514
   -0.03133
   -0.04596
   -0.03156
    0.06778
   -0.02142
   -0.05520
    0.07109
   -0.00441
   -0.07072
    0.01597
   -0.08458
    0.08664
   -0.04007
   -0.04209
   -0.03463
    0.08001
    0.00014
   -0.00287
   -0.01861
    0.01141
   -0.03728
   -0.04202
    0.05234
    0.01564
   -0.08206
   -0.02224
   -0.04105
    0.07448
   -0.00939
    0.00151
   -0.08856
    0.05524
   -0.03459
   -0.04282
   -0.08761
    0.09133
   -0.01947
   -0.00011
   -0.08567
    0.06050
    0.02819
   -0.08433
   -0.05057
    0.04579
    0.01166
   -0.04744
   -0.03507
    0.03219
   -0.04180
   -0.03667
    0.08910
    0.02170
   -0.03236
   -0.01019
    0.00748
    0.03299
    0.01698
    0.01967
   -0.05128
    0.00370
    0.01401
   -0.00242
   -0.07472
    0.02105
   -0.01989
   -0.04982
   -0.06598
    0.06572
   -0.03994
    0.01464
    0.02884
    0.00217
   -0.05064
   -0.05950
    0.02307
    0.04780
   -0.03496
    0.00300
   -0.06517
    0.05975
   -0.01804
   -0.01049
   -0.07945
    0.05961
   -0.00820
    0.02625
   -0.03856
    0.02554
   -0.03163
   -0.09207
   -0.06977
    0.08992
    0.00280
    0.02326
   -0.05202
    0.01437
   -0.07519
    0.00994
   -0.13657
    0.11515
   -0.01432
    0.05976
   -0.09784
    0.04232
   -0.01906
   -0.03844
   -0.06317
    0.07080
    0.01127
    0.02521
   -0.07995
    0.02730
   -0.04880
    0.02270
   -0.01838
    0.06116
   -0.00823
    0.02457
   -0.04873
    0.03390
    0.13019
   -0.10348
   -0.11942
   -0.00910
    0.00941
   -0.00490
   -0.06801
    0.03504
   -0.06374
   -0.02224
   -0.03901
    0.08427
   -0.02248
   -0.00825
    0.01306
    0.01427
   -0.05890
    0.02055
   -0.03203
    0.05711
   -0.04443
    0.06904
   -0.12183
    0.03919
   -0.05166
   -0.02817
   -0.05176
    0.09616
    0.00127
    0.03239
   -0.05274
    0.02245
   -0.04439
   -0.03058
   -0.09773
    0.08830
    0.01107
   -0.03093
   -0.05345
    0.04301
    0.04146
   -0.02804
   -0.14317
    0.05885
   -0.01449
   -0.02539
   -0.02425
    0.05198
   -0.00425
   -0.12830
    0.00613
    0.08743
   -0.00719
    0.01384
    0.01807
   -0.01539
   -0.04593
    0.04692
   -0.01127
    0.02075
   -0.03053
    0.00631
    0.00761
    0.02240
    0.07542
   -0.01357
   -0.02965
   -0.01536
   -0.07026
    0.01290
    0.00370
    0.05293
   -0.01885
   -0.03859
    0.00933
    0.03788
   -0.05040
   -0.03004
    0.02151
    0.04472
   -0.12085
   -0.06334
   -0.00124
    0.10664
    0.06237
   -0.06406
   -0.10717
    0.02970
   -0.03049
   -0.03607
   -0.00446
    0.04739
   -0.06293
   -0.02123
    0.03604
    0.04843
   -0.00850
   -0.14336
   -0.06669
    0.11897
    0.04038
   -0.04037
   -0.13797
    0.07295
   -0.00946
   -0.04707
   -0.08814
    0.08737
    0.05798
   -0.06994
   -0.04735
    0.02470
   -0.00662
   -0.03300
   -0.12644
    0.09929
    0.00769
    0.02748
   -0.07647
    0.02717
   -0.02344
    0.02076
   -0.05760
    0.05600
   -0.04664
    0.08260
   -0.01479
   -0.00422
    0.07093
   -0.09204
   -0.09856
    0.06168
   -0.03066
    0.01512
   -0.03879
    0.04707
   -0.09831
   -0.03172
   -0.08137
    0.11946
   -0.06929
    0.00084
   -0.04632
    0.08129
   -0.09741
    0.02764
   -0.08470
    0.12188
   -0.06407
    0.04705
   -0.15780
    0.10315
   -0.09390
    0.00064
   -0.09987
    0.11925
   -0.02980
    0.01033
   -0.07218
    0.08204
   -0.03845
   -0.09455
   -0.13595
    0.12752
   -0.01618
    0.06388
   -0.11291
    0.03063
   -0.00446
   -0.14273
   -0.14699
    0.14707
   -0.00956
   -0.01652
   -0.05611
    0.04971
   -0.01169
   -0.10760
   -0.05728
    0.07604
    0.00290
   -0.01927
   -0.05100
    0.04028
   -0.07443
    0.03309
    0.01660
    0.04264
    0.00576
   -0.01144
   -0.04846
    0.03849
    0.05161
   -0.03339
   -0.02914
   -0.00173
   -0.01467
   -0.01961
   -0.05165
    0.05111
   -0.05024
   -0.03529
   -0.06655
    0.06926
   -0.00403
   -0.00399
   -0.05011
    0.03535
   -0.11183
   -0.04248
    0.01223
    0.06924
   -0.01114
   -0.03771
   -0.14638
    0.09221
   -0.06682
   -0.08027
   -0.05969
    0.10857
   -0.01661
    0.03034
   -0.05494
    0.04926
   -0.01402
   -0.07116
   -0.06949
    0.06781
