17 4 17 1 33 -1.8390 1.6168 3.4028 3618
 -0.01656  -0.05539  -0.11274   0.10119 
 -0.01738  -0.08549  -0.04923   0.08783 
 -0.02151  -0.02919  -0.13475   0.10119 
 -0.01126  -0.06590  -0.10252   0.09773 
 -0.00442  -0.07018  -0.07615   0.08297 
 -0.01574  -0.06026  -0.07035   0.08492 
 -0.01370  -0.06026  -0.10330   0.09741 
 -0.02151  -0.08106  -0.04855   0.08880 
 -0.02276  -0.03576  -0.10252   0.09265 
 -0.02401  -0.07305  -0.12157   0.11777 
 -0.00682  -0.07377  -0.06390   0.08100 
  0.01775  -0.07595  -0.12076   0.08589 
 -0.00924  -0.06946  -0.14491   0.11384 
 -0.00243  -0.08032  -0.11433   0.10181 
 -0.01085  -0.04716  -0.10020   0.08783 
  0.00622  -0.06026  -0.15268   0.10056 
  0.01547  -0.04784  -0.13896   0.08198 
  0.00427  -0.03576  -0.11673   0.07672 
 -0.00402  -0.05057  -0.12894   0.09551 
  0.01394  -0.04716  -0.14320   0.08459 
  0.01318  -0.05400  -0.13059   0.08362 
  0.00700  -0.04175  -0.17048   0.09773 
  0.02077  -0.01571  -0.17688   0.07539 
  0.01623  -0.02272  -0.16238   0.07771 
  0.01126  -0.03642  -0.15181   0.08492 
  0.02898  -0.02789  -0.17781   0.07473 
  0.02340  -0.01571  -0.16776   0.06971 
  0.01547  -0.02789  -0.16327   0.08133 
  0.00152  -0.02724  -0.16957   0.09488 
  0.00505   0.00586  -0.20447   0.08687 
 -0.00642  -0.00387  -0.20644   0.10181 
  0.00466  -0.01508  -0.23393   0.10709 
 -0.01574   0.00826  -0.23498   0.11140 
 -0.01451  -0.02208  -0.24242   0.12731 
 -0.02905  -0.01761  -0.23079   0.13229 
 -0.01903  -0.00141  -0.24349   0.12107 
 -0.03372   0.00224  -0.26440   0.13519 
 -0.01944  -0.00141  -0.23922   0.12017 
  0.01048   0.00946  -0.23922   0.09137 
 -0.00883  -0.00757  -0.23815   0.11505 
 -0.02610  -0.00571  -0.21946   0.12137 
 -0.08582   0.02354  -0.26215   0.15693 
 -0.09261  -0.05125  -0.25437   0.19031 
 -0.09163  -0.08327  -0.25658   0.20163 
 -0.00843  -0.04512  -0.22048   0.12701 
 -0.15170  -0.13830  -0.39647   0.26892 
  0.07387  -0.10834  -0.31581   0.11078 
 -0.30934   0.07056  -0.73884   0.28377 
  0.51733  -3.55859  -3.55859  -3.55859 
 -3.55859  -1.07322   0.70115  -3.55859 
  0.02713  -0.03180   0.11048  -0.09982 
 -0.10001   0.06113  -0.06178   0.07672 
 -0.05516   0.02814  -0.04445   0.05638 
 -0.04848   0.06796  -0.02453   0.01336 
 -0.05248   0.06482  -0.03704   0.02620 
 -0.01862   0.00466   0.02335  -0.00026 
 -0.00602   0.02642   0.03539  -0.03696 
 -0.01248   0.03886  -0.01554  -0.00424 
 -0.00045   0.02814   0.01868  -0.03183 
  0.01547   0.01948   0.02102  -0.04478 
  0.00113   0.00707  -0.01174   0.00171 
 -0.01779   0.02006  -0.00673   0.00835 
 -0.01615   0.05419   0.00252  -0.02383 
 -0.04716   0.03437   0.00373   0.01869 
 -0.01903   0.01656   0.00797   0.00250 
 -0.01615   0.05365   0.01926  -0.03525 
 -0.00924   0.02814  -0.01174  -0.00224 
 -0.04017   0.03212   0.02219   0.00210 
 -0.00005   0.04274   0.01809  -0.04303 
  0.00933   0.04932  -0.03771  -0.02050 
 -0.02110   0.01831   0.01750  -0.00304 
 -0.00323   0.04219   0.02277  -0.04259 
  0.00349   0.03155  -0.02001  -0.01229 
 -0.00482   0.01361   0.02277  -0.01967 
  0.00074   0.02928   0.01809  -0.03353 
 -0.01986   0.03437  -0.00424  -0.00105 
 -0.02485   0.04163   0.02043  -0.01802 
  0.01318   0.02122   0.03989  -0.05812 
 -0.02359   0.04329   0.00676  -0.01107 
 -0.03457   0.01243   0.03482   0.00171 
 -0.02778   0.03381   0.04655  -0.02844 
  0.00427   0.03041  -0.01111  -0.01802 
 -0.01451   0.01361   0.03027  -0.01515 
 -0.02068   0.04659   0.04156  -0.04172 
  0.00034   0.02814  -0.01745  -0.00824 
 -0.01903   0.06166   0.02393  -0.04216 
 -0.00084   0.03830   0.03877  -0.05453 
 -0.02863   0.05203   0.03084  -0.02971 
 -0.03844   0.04823   0.03141  -0.01761 
  0.00074   0.06007   0.00373  -0.04742 
 -0.01574   0.02527  -0.02130   0.01183 
 -0.02610   0.02584   0.04156  -0.02050 
  0.00427   0.02642   0.03764  -0.05007 
 -0.00084   0.03941  -0.00923  -0.02050 
 -0.01166   0.00224   0.03255  -0.01188 
 -0.01329   0.00586   0.05958  -0.03311 
  0.00152   0.02985  -0.03305  -0.00105 
 -0.04234   0.01656   0.04655  -0.00224 
 -0.00642   0.04219   0.02451  -0.04042 
