IntronPotTab 1 1024 0.27997
   -0.01283
   -0.02245
   -0.02684
    0.03408
   -0.00958
   -0.01978
   -0.00773
    0.03004
   -0.02957
    0.00144
   -0.01019
    0.03577
   -0.01916
   -0.03593
   -0.01052
    0.03191
   -0.01154
    0.01433
   -0.04952
    0.03317
    0.01259
   -0.01384
   -0.01913
   -0.00885
   -0.01241
   -0.00043
   -0.01655
    0.02287
    0.00835
   -0.04431
   -0.02019
    0.02355
   -0.01526
   -0.01159
   -0.02542
    0.03976
   -0.00576
   -0.04574
   -0.01214
    0.04112
   -0.00246
    0.01074
    0.01542
   -0.01026
   -0.01324
   -0.03519
   -0.01582
    0.02413
   -0.00322
   -0.02668
   -0.01283
    0.01892
    0.01093
   -0.04395
   -0.03394
    0.01481
   -0.00110
   -0.01803
   -0.02121
    0.01848
    0.00019
   -0.04669
   -0.01547
    0.01807
   -0.00229
   -0.01741
   -0.03846
    0.03729
    0.00388
   -0.02173
   -0.01575
    0.00969
   -0.00881
   -0.01600
   -0.05765
    0.05046
   -0.02529
   -0.01924
   -0.00910
    0.04214
   -0.00676
    0.01885
   -0.09249
    0.03865
    0.02156
   -0.01985
   -0.02440
   -0.00796
    0.00069
   -0.00339
   -0.05099
    0.02869
    0.03170
   -0.03256
   -0.04190
    0.02403
   -0.01492
   -0.01071
   -0.06084
    0.04529
    0.01741
   -0.04980
   -0.01118
    0.00585
   -0.01569
   -0.01486
   -0.02134
    0.03315
   -0.00816
   -0.03027
   -0.01340
    0.03020
    0.00255
   -0.01305
   -0.02171
    0.02074
    0.03982
   -0.06032
   -0.05156
   -0.00338
    0.02026
   -0.02910
   -0.04373
    0.02155
    0.01526
   -0.05087
   -0.02671
    0.02639
   -0.00076
   -0.02966
   -0.04684
    0.04853
   -0.00280
   -0.02485
   -0.02601
    0.04122
   -0.00677
   -0.01096
   -0.03340
    0.04445
   -0.00962
   -0.03768
   -0.02333
    0.04484
   -0.00771
    0.01280
   -0.03929
    0.04201
   -0.00439
   -0.02478
   -0.02597
    0.03771
   -0.02055
    0.01365
   -0.02127
    0.02362
    0.02161
   -0.03109
   -0.02964
    0.02405
   -0.01593
   -0.02724
   -0.02602
    0.05137
   -0.01495
   -0.04511
    0.00150
    0.04902
   -0.01893
   -0.04940
    0.03373
    0.03204
   -0.00262
   -0.05546
   -0.00261
    0.02713
   -0.00190
   -0.03576
   -0.00056
    0.02036
   -0.00006
   -0.04210
   -0.03354
    0.03870
    0.00977
   -0.03657
   -0.02262
    0.01949
    0.00643
   -0.06128
   -0.02706
    0.03122
   -0.02640
   -0.03266
   -0.02823
    0.04212
   -0.01468
   -0.00393
   -0.00645
    0.04641
   -0.02989
   -0.00524
   -0.02790
    0.04838
   -0.05078
    0.00910
    0.00644
    0.07107
   -0.03559
    0.01149
   -0.07253
    0.04064
    0.02983
   -0.04520
   -0.05233
   -0.00983
   -0.01993
   -0.00795
   -0.04479
    0.03108
    0.01742
   -0.02984
   -0.03429
    0.02002
   -0.03616
   -0.03970
   -0.04687
    0.05464
   -0.00492
   -0.03767
   -0.01415
    0.03184
   -0.02097
   -0.04181
   -0.03586
    0.05259
   -0.04819
   -0.02001
   -0.00034
    0.04356
   -0.01109
   -0.03672
   -0.02160
    0.02381
    0.03717
   -0.08267
   -0.04815
   -0.02009
    0.02530
   -0.04815
   -0.01377
   -0.00334
   -0.00010
   -0.03846
   -0.02003
    0.01976
   -0.00730
   -0.01439
   -0.03295
    0.03311
   -0.01129
    0.02192
   -0.03044
    0.02624
   -0.01786
   -0.00389
   -0.03654
    0.03522
   -0.02204
   -0.00249
   -0.02912
    0.03522
   -0.02258
    0.01801
   -0.07044
    0.01105
    0.02916
   -0.02934
   -0.03124
   -0.03772
   -0.03858
    0.04224
   -0.06779
    0.00802
   -0.00594
    0.02605
   -0.04810
    0.01677
   -0.00156
   -0.01219
   -0.03492
    0.03034
   -0.00358
   -0.03518
   -0.00776
    0.03567
   -0.00651
    0.00876
    0.00004
   -0.00036
   -0.01090
   -0.04051
   -0.02735
    0.03975
    0.01886
   -0.02542
   -0.01755
    0.01547
    0.01367
   -0.01002
   -0.04177
   -0.00518
   -0.00530
   -0.00382
   -0.04474
    0.02493
   -0.02417
    0.03206
   -0.05413
    0.01311
   -0.00320
   -0.01038
   -0.06312
    0.03999
    0.00093
    0.00817
   -0.05287
    0.01172
   -0.00235
   -0.02953
   -0.05267
    0.05692
   -0.02434
    0.00977
   -0.07186
    0.03377
    0.00105
    0.00336
   -0.08007
    0.03710
   -0.01524
    0.00382
    0.01232
    0.01025
   -0.00457
    0.00188
   -0.01959
    0.01701
    0.00884
   -0.00996
   -0.04025
    0.03277
   -0.00310
   -0.01410
   -0.04035
    0.03355
    0.00800
   -0.04165
    0.01009
    0.02183
   -0.04612
   -0.00448
    0.00553
    0.04133
   -0.01337
   -0.01675
   -0.03695
    0.03836
    0.01073
   -0.02886
   -0.02292
    0.02136
    0.02009
   -0.04368
   -0.03935
    0.02242
   -0.01413
   -0.01206
   -0.02794
    0.04070
    0.02396
   -0.04219
   -0.03725
    0.03488
   -0.00021
   -0.02013
   -0.04295
    0.03828
   -0.00942
   -0.01360
    0.00455
    0.02229
   -0.02394
   -0.00455
   -0.01320
    0.03474
   -0.01449
   -0.02178
   -0.00689
    0.03287
   -0.00990
    0.03514
   -0.07709
    0.01050
    0.00153
   -0.02061
   -0.01811
    0.02132
   -0.03384
    0.02282
   -0.03549
    0.02142
    0.00253
   -0.01459
   -0.03172
    0.03270
   -0.00652
    0.00150
   -0.02043
    0.01936
    0.01196
   -0.04107
   -0.00176
    0.01527
   -0.00304
   -0.04769
    0.05135
   -0.00487
   -0.04199
   -0.01556
   -0.02163
    0.04510
    0.00632
   -0.01549
   -0.04343
    0.02594
    0.00574
   -0.00481
   -0.02683
    0.01627
   -0.00702
   -0.00632
   -0.04734
    0.02212
   -0.01980
    0.02053
   -0.04722
    0.02798
   -0.01233
   -0.03304
   -0.03314
    0.04292
   -0.02030
   -0.02269
   -0.04730
    0.03011
   -0.01953
   -0.01901
   -0.02978
    0.04729
   -0.03254
   -0.00136
   -0.02727
    0.03320
   -0.02859
    0.01691
   -0.06308
    0.04112
    0.00647
   -0.00908
   -0.01815
    0.00347
   -0.02596
    0.01257
   -0.01803
    0.02097
   -0.02357
    0.03346
   -0.05567
    0.00062
   -0.02963
    0.01629
   -0.04688
    0.03703
   -0.01005
   -0.03483
   -0.02273
    0.02793
   -0.06361
    0.00188
   -0.03807
    0.06010
   -0.01831
   -0.00373
   -0.01922
    0.01930
   -0.00117
   -0.04222
   -0.02088
    0.02876
    0.01662
   -0.04865
   -0.05785
    0.02321
   -0.00965
   -0.01696
   -0.05220
    0.04102
    0.00552
   -0.02625
   -0.03383
    0.02520
   -0.00867
   -0.02227
   -0.03446
    0.04051
    0.00075
   -0.02523
   -0.00958
    0.02117
   -0.02362
   -0.00670
    0.00485
    0.03517
   -0.00612
   -0.05848
    0.00147
    0.02495
   -0.00594
   -0.00015
   -0.04777
    0.03702
    0.01099
   -0.01933
   -0.00460
   -0.00518
    0.01957
   -0.01554
   -0.02826
   -0.01415
   -0.00196
   -0.06353
    0.03722
   -0.00732
   -0.00488
   -0.01540
   -0.02046
    0.04279
   -0.01031
   -0.04718
    0.01196
    0.03701
    0.00786
   -0.01902
    0.01332
   -0.00767
   -0.01904
   -0.05295
    0.02887
    0.00409
    0.00706
   -0.03667
   -0.01647
    0.01594
    0.01521
   -0.06306
    0.00199
    0.00812
    0.01823
   -0.06565
   -0.00013
   -0.01600
   -0.01380
   -0.10476
    0.07150
   -0.02561
    0.00872
   -0.03474
   -0.04935
    0.04219
    0.01128
   -0.03240
   -0.01942
    0.01601
   -0.01398
   -0.01305
   -0.05539
    0.04682
   -0.00602
   -0.03702
   -0.01020
    0.03215
    0.00562
   -0.00975
   -0.07597
    0.04574
    0.01817
   -0.02455
   -0.02082
    0.00256
   -0.02837
   -0.01153
    0.00089
    0.03576
    0.02990
   -0.05183
   -0.01807
    0.02602
   -0.00534
   -0.02823
   -0.03228
    0.03773
   -0.00330
   -0.03127
    0.02438
    0.00258
   -0.01013
   -0.01530
   -0.01832
    0.02534
   -0.01593
   -0.03705
    0.01285
    0.01288
    0.00531
   -0.03761
   -0.00747
    0.02490
    0.02992
   -0.06864
   -0.03895
    0.02569
   -0.01234
   -0.04471
    0.05734
    0.00805
    0.01822
   -0.06708
    0.00174
    0.02560
    0.01257
   -0.03351
   -0.05146
    0.03752
   -0.01047
   -0.02877
    0.02328
    0.01474
   -0.00320
   -0.03375
   -0.01538
    0.03674
   -0.02213
   -0.07762
    0.02711
    0.01288
    0.01163
    0.00366
   -0.06630
    0.03561
   -0.00644
   -0.00200
    0.00110
    0.01066
   -0.00077
    0.01382
   -0.03644
    0.01743
    0.00396
   -0.09182
    0.05484
   -0.02699
    0.00467
   -0.03904
   -0.06284
    0.05684
   -0.01574
   -0.02718
    0.00793
    0.03448
    0.01242
   -0.05545
   -0.01590
    0.03027
   -0.01685
   -0.06898
    0.00670
    0.03461
    0.00450
   -0.05183
   -0.00818
    0.02900
   -0.00252
   -0.06337
    0.02821
    0.01395
    0.01395
   -0.06529
    0.00377
    0.00802
   -0.03188
   -0.12468
    0.08427
   -0.02931
   -0.00933
   -0.02865
   -0.05795
    0.04402
    0.00814
   -0.03127
   -0.04188
    0.03477
   -0.02257
   -0.02731
   -0.04390
    0.03090
   -0.00666
    0.00394
   -0.04568
    0.06097
   -0.00836
   -0.00796
   -0.08237
    0.04650
    0.00348
   -0.04761
   -0.00530
    0.02009
   -0.04169
   -0.03091
    0.02328
    0.02287
    0.01408
   -0.05296
    0.00971
    0.00746
   -0.03099
   -0.04690
   -0.02560
    0.05665
   -0.01081
   -0.03323
    0.00085
    0.03094
   -0.03624
   -0.06162
   -0.01599
    0.05160
   -0.02819
   -0.03351
    0.00072
    0.02884
    0.00003
   -0.03038
   -0.04262
    0.02766
    0.01530
   -0.07731
    0.00880
    0.00470
   -0.01182
   -0.06125
    0.08563
   -0.01081
   -0.00047
   -0.04968
   -0.00329
    0.02131
   -0.01506
   -0.02315
   -0.02026
    0.03244
   -0.01473
   -0.00127
   -0.02601
    0.03340
   -0.01064
   -0.01544
   -0.02646
    0.02788
   -0.02976
   -0.02755
   -0.01883
    0.03983
   -0.00948
    0.00750
   -0.03603
    0.01443
    0.00545
   -0.01153
   -0.02505
    0.00832
   -0.01786
    0.01589
   -0.04224
    0.01799
   -0.00901
   -0.01695
   -0.01298
    0.02561
   -0.01384
   -0.01165
   -0.03778
    0.03760
   -0.01204
   -0.02498
   -0.03209
    0.04686
   -0.00802
   -0.00703
   -0.00232
    0.01155
   -0.03021
   -0.02758
   -0.01865
    0.04557
    0.04501
   -0.01127
    0.01713
   -0.02434
    0.00844
   -0.03281
   -0.04921
    0.02090
    0.02254
    0.00403
   -0.00134
   -0.01328
   -0.00809
   -0.01719
   -0.02041
    0.01820
   -0.00267
   -0.03343
   -0.05382
    0.04008
   -0.00254
   -0.01723
   -0.05462
    0.03459
   -0.01428
   -0.02554
   -0.08480
    0.05606
   -0.03074
   -0.03118
   -0.04880
    0.04873
   -0.01891
   -0.00728
   -0.08479
    0.05217
    0.00095
   -0.00977
   -0.01678
    0.01205
   -0.01957
    0.01057
   -0.06156
    0.04212
    0.03174
   -0.04469
   -0.03046
    0.02984
   -0.00729
   -0.04153
   -0.03264
    0.04325
   -0.00164
   -0.01966
   -0.00906
    0.01944
   -0.03614
   -0.05801
   -0.01770
    0.06241
   -0.04707
   -0.03260
   -0.03847
    0.05000
    0.00545
   -0.03475
   -0.03571
    0.02425
   -0.01041
   -0.07502
   -0.09358
    0.04385
   -0.02664
   -0.04263
   -0.05216
    0.06270
    0.02279
   -0.04722
   -0.03520
    0.03059
   -0.00526
   -0.03868
   -0.05686
    0.04313
   -0.01046
   -0.04856
   -0.03835
    0.07688
   -0.02478
   -0.02525
   -0.02448
    0.04413
   -0.03412
   -0.07473
   -0.01672
    0.06298
   -0.00501
   -0.00493
   -0.06053
    0.03707
   -0.00269
   -0.03818
   -0.01861
    0.02995
   -0.04082
   -0.00481
   -0.03017
    0.02957
    0.02011
   -0.03363
   -0.04611
    0.04539
   -0.01617
   -0.04124
   -0.06247
    0.05987
   -0.03833
   -0.07316
   -0.04926
    0.08913
   -0.02059
   -0.03771
    0.01261
    0.03048
   -0.06647
   -0.09331
   -0.03000
    0.07739
    0.03191
   -0.02359
   -0.01117
   -0.00878
    0.00207
   -0.05364
   -0.06102
    0.04926
   -0.00125
   -0.03130
   -0.02909
    0.01185
    0.01285
   -0.02366
   -0.04994
    0.03967
   -0.02030
   -0.02860
   -0.03385
    0.03914
   -0.00734
   -0.02510
   -0.03921
    0.03427
   -0.02184
   -0.02246
   -0.04701
    0.04314
   -0.02405
   -0.03221
   -0.01515
    0.02333
   -0.03873
   -0.01231
   -0.08639
    0.05635
    0.00898
   -0.01137
   -0.05048
    0.01155
   -0.04485
   -0.03630
   -0.06335
    0.05441
    0.01333
   -0.02815
   -0.02794
    0.01822
   -0.04175
   -0.04644
   -0.05899
    0.06960
   -0.00838
   -0.02951
   -0.02916
    0.02978
   -0.08380
   -0.04044
   -0.06556
    0.08307
   -0.01174
   -0.02936
   -0.01510
    0.01640
   -0.00805
   -0.03106
   -0.02512
    0.02236
    0.01753
   -0.04853
   -0.05552
    0.01508
   -0.02327
   -0.02688
   -0.03068
    0.03291
    0.00033
   -0.03716
   -0.02516
    0.02177
