IntronPotTab 1 1024 -4.02264 0.40754 4.09089 50684 6 16   54.43
   -0.03632
    0.10670
   -0.07530
    0.02508
    0.05014
    0.03040
   -0.09946
   -0.02135
   -0.03054
    0.07049
   -0.05229
    0.01026
   -0.18414
    0.08164
    0.08696
    0.06531
   -0.02675
    0.03547
   -0.09514
    0.07363
   -0.04074
    0.10735
   -0.11579
   -0.00828
   -0.02557
    0.02909
   -0.05242
    0.04971
   -0.10380
    0.04701
    0.07313
   -0.01416
   -0.03161
    0.06713
   -0.02788
    0.01739
    0.04740
   -0.03058
   -0.10128
    0.02349
    0.01142
    0.02758
    0.01750
   -0.06723
   -0.15891
    0.06080
    0.05354
    0.04431
   -0.14866
    0.16699
   -0.06664
    0.04376
    0.01830
    0.03250
   -0.11429
    0.01903
   -0.00783
    0.03496
   -0.05251
    0.02614
   -0.24591
    0.07762
    0.10057
    0.05327
    0.00276
   -0.01022
   -0.06078
    0.06304
    0.04267
   -0.03780
   -0.08726
    0.04856
    0.02072
    0.00126
   -0.08846
    0.04872
   -0.01184
   -0.03264
   -0.00930
    0.05209
   -0.02096
    0.02645
   -0.06960
    0.06082
   -0.07414
    0.11574
   -0.15447
    0.02624
   -0.03298
    0.04059
   -0.08226
    0.05773
   -0.06105
    0.03199
   -0.02827
    0.02216
   -0.00283
   -0.01585
   -0.00641
    0.02391
    0.02831
   -0.05152
   -0.02085
    0.03791
    0.00260
    0.01013
   -0.00114
   -0.01669
   -0.10674
    0.02021
    0.02702
    0.02941
    0.04733
    0.07976
   -0.17066
    0.01237
    0.00209
    0.04835
   -0.11721
    0.03021
    0.12836
   -0.02324
   -0.14472
    0.01533
   -0.16738
    0.06653
    0.02702
    0.00936
   -0.02524
    0.06675
   -0.03685
    0.02285
    0.01672
    0.02463
   -0.08503
    0.02421
    0.01900
    0.06604
   -0.07985
   -0.02348
   -0.06749
    0.01492
    0.03471
    0.01804
   -0.00102
    0.03379
   -0.08005
    0.05667
   -0.04104
    0.09687
   -0.09988
    0.01952
   -0.02192
    0.05901
   -0.04416
    0.00657
   -0.06364
    0.06066
    0.03816
   -0.03578
   -0.00025
    0.03800
   -0.04270
    0.02233
    0.02925
   -0.01522
   -0.09355
    0.03913
    0.02877
   -0.00598
    0.01652
   -0.05637
   -0.13418
    0.06474
    0.03115
    0.03357
   -0.12767
    0.12650
   -0.03928
    0.04212
    0.00215
    0.06419
   -0.12093
    0.02314
   -0.01798
    0.05655
   -0.06363
    0.03055
   -0.15307
    0.06337
    0.03000
    0.01558
   -0.05044
    0.18139
   -0.03408
   -0.02784
    0.07873
    0.02328
   -0.07070
   -0.04203
    0.00532
    0.07460
    0.01021
   -0.09210
   -0.18834
    0.15615
    0.17009
   -0.02502
   -0.01816
    0.04175
   -0.07662
    0.04277
   -0.03919
    0.10695
   -0.12813
    0.01096
   -0.00179
    0.05280
   -0.10802
    0.02457
   -0.05554
    0.05541
   -0.01201
   -0.00781
    0.01103
   -0.01314
   -0.03176
    0.02316
   -0.02990
   -0.05063
   -0.08636
    0.10290
    0.01424
    0.02870
   -0.03030
   -0.02863
   -0.05844
    0.00452
   -0.02623
    0.05229
   -0.14583
    0.18897
   -0.06032
    0.01949
    0.03177
    0.06573
   -0.15026
    0.00087
    0.00328
    0.04408
   -0.08297
    0.02601
   -0.18978
    0.09209
    0.02888
    0.02438
   -0.01295
    0.03971
   -0.08075
    0.05556
   -0.03288
    0.04678
   -0.13034
    0.07483
   -0.00826
    0.04440
   -0.09198
    0.04509
   -0.06497
    0.00995
   -0.05977
    0.09044
   -0.01119
    0.02805
   -0.09949
    0.07451
   -0.06944
    0.10178
   -0.13353
    0.07269
   -0.02452
    0.02009
   -0.10111
    0.09181
   -0.03716
    0.01982
   -0.04371
    0.03946
    0.01039
    0.01133
   -0.03336
    0.01092
   -0.03597
    0.00310
   -0.09381
    0.08634
    0.02541
    0.02475
   -0.04405
   -0.02501
   -0.08669
    0.02142
   -0.03985
    0.07995
   -0.05366
    0.02474
   -0.09054
    0.06324
   -0.02766
    0.04341
   -0.16099
    0.08096
    0.01229
    0.03526
   -0.10264
    0.05181
   -0.06471
    0.04178
   -0.08347
    0.06686
    0.00117
   -0.01423
   -0.06227
    0.07451
   -0.00714
    0.01513
   -0.12217
    0.07130
    0.00758
    0.02223
   -0.08760
    0.04004
   -0.00551
    0.00488
   -0.08191
    0.06127
    0.01357
    0.02567
   -0.10925
    0.05800
   -0.11582
    0.12572
   -0.16600
    0.06117
   -0.02507
    0.04140
   -0.07619
    0.04281
   -0.09792
    0.05814
   -0.12583
    0.05542
   -0.00605
   -0.02958
   -0.00196
    0.03521
   -0.00324
   -0.00963
   -0.06366
    0.05509
    0.00373
    0.02065
   -0.02835
   -0.00467
   -0.10281
    0.02636
   -0.04971
    0.08132
   -0.06364
    0.05480
   -0.10795
    0.07369
   -0.02953
    0.05713
   -0.16637
    0.06606
    0.00474
    0.03188
   -0.09284
    0.05190
   -0.17690
    0.04207
   -0.04927
    0.08512
    0.02230
    0.03563
   -0.08443
    0.04567
   -0.02239
    0.02563
   -0.07316
    0.06340
    0.01629
    0.02456
   -0.09286
    0.05620
   -0.01022
    0.03560
   -0.07024
    0.04872
   -0.01938
    0.03259
   -0.07863
    0.07553
   -0.07395
    0.11390
   -0.08437
    0.04427
   -0.03424
    0.06849
   -0.09685
    0.06272
   -0.05227
    0.05121
   -0.02761
    0.00696
    0.01011
    0.02276
   -0.04991
    0.02291
   -0.00147
    0.01396
   -0.09454
    0.06727
    0.00661
    0.02564
   -0.02514
   -0.01056
   -0.11538
    0.05378
   -0.02704
    0.06485
   -0.09615
    0.07232
   -0.11729
    0.08548
   -0.03773
    0.06493
   -0.11730
    0.06264
   -0.01535
    0.03680
   -0.07311
    0.06523
   -0.06119
    0.03747
   -0.07745
    0.07727
   -0.12859
    0.24682
   -0.11945
    0.00081
    0.04422
    0.05909
   -0.12954
   -0.02155
    0.01313
    0.07019
   -0.00815
   -0.07874
   -0.21759
    0.15118
    0.13023
    0.00041
   -0.00173
    0.02161
   -0.08564
    0.04989
   -0.06838
    0.14035
   -0.18268
    0.01557
   -0.00758
    0.04004
   -0.09180
    0.04166
   -0.09026
    0.06846
   -0.04544
    0.01128
   -0.04015
    0.10875
   -0.12163
    0.04666
   -0.02875
   -0.00535
   -0.06213
    0.06070
    0.02638
    0.01080
   -0.03493
   -0.01539
   -0.09500
    0.04333
   -0.04779
    0.06125
   -0.09067
    0.11938
   -0.05884
    0.00918
    0.00051
    0.08687
   -0.17021
    0.01376
    0.00625
    0.03748
   -0.08364
    0.03412
   -0.21943
    0.11102
   -0.00111
    0.03111
   -0.02135
    0.07081
   -0.04271
    0.01059
    0.01822
    0.03953
   -0.10061
    0.01321
   -0.01142
    0.05907
   -0.08287
    0.03399
   -0.05483
    0.02937
    0.00598
    0.01915
   -0.01324
    0.01743
   -0.07677
    0.06398
   -0.03912
    0.08373
   -0.08151
    0.01860
   -0.03162
    0.04288
   -0.05062
    0.06115
   -0.03823
    0.03522
    0.01139
   -0.01321
   -0.02041
    0.04151
   -0.00941
    0.00356
    0.00921
   -0.02474
   -0.10979
    0.06302
    0.00372
    0.04661
   -0.01190
   -0.04602
   -0.06704
    0.03140
    0.00736
    0.01960
   -0.05017
    0.04941
   -0.07238
    0.03790
    0.02457
    0.01383
   -0.10175
    0.02643
   -0.00398
    0.04522
   -0.04626
    0.00936
   -0.09350
    0.02353
   -0.00272
    0.03666
   -0.02922
    0.00030
   -0.04102
    0.07076
    0.03368
   -0.01180
   -0.07412
    0.02987
    0.03156
   -0.01312
   -0.08749
    0.05536
   -0.01699
   -0.01921
   -0.00362
    0.03411
   -0.01758
    0.01219
   -0.04315
    0.04420
   -0.07313
    0.11529
   -0.10676
    0.02720
   -0.03050
    0.01499
   -0.03590
    0.04633
   -0.07175
    0.04977
   -0.02074
    0.00064
   -0.02746
    0.00978
   -0.02906
    0.05076
    0.03860
   -0.05812
   -0.02085
    0.02883
    0.00364
   -0.00892
   -0.01294
    0.01976
   -0.09677
    0.03119
    0.01723
    0.01586
    0.18437
   -0.01502
   -0.18515
   -0.05298
   -0.03018
    0.04792
   -0.13467
    0.06180
    0.12415
   -0.04270
   -0.10619
    0.00619
   -0.13533
    0.05214
   -0.00305
    0.01477
   -0.01671
    0.03324
   -0.05045
    0.05340
    0.02896
    0.00589
   -0.10486
    0.04861
    0.01847
    0.06154
   -0.08308
    0.01239
   -0.00835
   -0.00713
   -0.00993
    0.02373
   -0.01484
    0.01150
   -0.04808
    0.05309
   -0.01119
    0.04101
   -0.07712
    0.03745
   -0.03894
    0.08358
   -0.05828
    0.02289
    0.02981
    0.01993
   -0.00483
   -0.03143
    0.00864
    0.00196
   -0.01547
    0.00639
    0.01700
   -0.01982
   -0.06241
    0.04226
    0.02929
   -0.01081
   -0.02352
   -0.00547
   -0.06471
    0.01398
    0.00157
    0.03321
   -0.07248
    0.05869
   -0.02766
    0.02990
    0.00656
    0.01029
   -0.10709
    0.06102
   -0.04422
    0.06122
   -0.02852
    0.02136
   -0.03870
    0.00187
   -0.03716
    0.05589
    0.02846
    0.14061
   -0.14700
   -0.00624
    0.05006
    0.01323
   -0.13088
    0.01609
    0.01714
    0.08045
   -0.10711
   -0.02274
   -0.07808
    0.08074
    0.01115
   -0.00669
   -0.00483
    0.04835
   -0.08875
    0.03707
   -0.05502
    0.08436
   -0.10069
    0.03508
   -0.03029
    0.09323
   -0.10082
    0.02248
   -0.04426
    0.04609
   -0.03650
    0.00780
    0.02963
    0.00444
   -0.09241
    0.04182
   -0.01646
   -0.04025
   -0.07305
    0.07706
    0.01561
    0.01930
   -0.04329
   -0.00071
   -0.06795
    0.03161
   -0.00844
    0.02390
   -0.04915
    0.10161
   -0.12735
    0.03833
    0.01291
    0.03473
   -0.14170
    0.03714
   -0.01361
    0.06161
   -0.08154
    0.03158
   -0.09356
    0.05059
   -0.02160
    0.02876
   -0.06576
    0.16554
   -0.08298
    0.03403
    0.08161
    0.04456
   -0.05786
   -0.06804
    0.00428
    0.08084
   -0.06857
   -0.02023
   -0.25680
    0.22030
    0.24646
    0.01363
   -0.01280
    0.02721
   -0.11640
    0.08834
   -0.01572
    0.11628
   -0.15498
   -0.00544
   -0.01295
    0.02272
   -0.03380
    0.02782
   -0.25178
    0.13030
    0.18087
    0.01358
   -0.06002
    0.08003
   -0.00942
    0.02375
    0.07269
   -0.00463
   -0.08425
   -0.01477
    0.05429
    0.00837
   -0.00801
   -0.07207
   -0.24926
    0.16166
    0.16743
    0.05428
   -0.20131
    0.24503
   -0.10463
    0.06475
    0.02737
    0.03739
   -0.13987
    0.01619
    0.01440
    0.03402
   -0.07291
    0.01898
   -0.33503
    0.18981
    0.18088
    0.03413
    0.00790
   -0.04695
   -0.05875
    0.08861
    0.00191
   -0.02593
   -0.09650
    0.08903
    0.03886
   -0.00785
   -0.10275
    0.05513
    0.01553
   -0.06092
   -0.02872
    0.08109
    0.00351
   -0.00643
   -0.09001
    0.07984
   -0.08770
    0.11699
   -0.15545
    0.05564
   -0.00474
    0.02809
   -0.10108
    0.06012
    0.00214
   -0.00609
   -0.03852
    0.03092
    0.01381
   -0.06384
   -0.00032
    0.03598
    0.01824
   -0.04999
   -0.03387
    0.05050
    0.02278
   -0.01909
   -0.01537
    0.00968
   -0.06955
   -0.00827
   -0.02635
    0.07807
   -0.06370
    0.12701
   -0.13938
    0.04274
   -0.00183
    0.04516
   -0.16618
    0.05420
    0.02447
    0.01491
   -0.09756
    0.06175
   -0.13677
    0.03691
    0.00104
    0.03324
    0.01764
    0.03206
   -0.09097
    0.06472
    0.01629
    0.01301
   -0.13323
    0.06694
    0.04085
    0.04576
   -0.09657
   -0.00730
   -0.00056
    0.00740
   -0.06777
    0.06435
   -0.00340
    0.04621
   -0.10056
    0.06955
   -0.04769
    0.10396
   -0.15297
    0.06089
   -0.01265
    0.07447
   -0.09480
    0.03691
    0.10473
   -0.02254
   -0.04104
   -0.00910
    0.01881
   -0.00254
   -0.04133
    0.02341
    0.00264
    0.01392
   -0.11154
    0.06070
    0.01943
    0.00790
   -0.01686
   -0.01946
   -0.04407
    0.02761
   -0.05695
    0.06882
   -0.05813
    0.06118
   -0.10815
    0.06604
   -0.01396
    0.04988
   -0.16978
    0.07664
   -0.03409
    0.04391
   -0.06102
    0.05857
   -0.04204
    0.04257
   -0.11464
    0.09272
   -0.02202
    0.18215
   -0.01638
   -0.06117
    0.08259
    0.07091
   -0.07353
   -0.06643
    0.02551
    0.05703
   -0.00648
   -0.07824
   -0.26896
    0.22179
    0.25397
   -0.00655
   -0.00662
    0.02589
   -0.09841
    0.06364
   -0.04727
    0.10682
   -0.15872
    0.02649
   -0.01223
    0.02951
   -0.08259
    0.05497
   -0.07308
    0.06642
    0.01203
   -0.02160
    0.02845
   -0.02723
   -0.03468
    0.01844
   -0.02898
   -0.02981
   -0.07075
    0.07966
    0.04091
   -0.03072
   -0.01365
   -0.00950
   -0.06093
    0.02512
   -0.03586
    0.04530
   -0.10590
    0.20515
   -0.06974
   -0.01390
    0.02822
    0.07431
   -0.16751
   -0.00109
   -0.00242
    0.03281
   -0.06768
    0.03798
   -0.21511
    0.11349
    0.04841
    0.01019
