IntronPotTab 1 1024 0.25107
    0.00244
    0.06013
   -0.02934
   -0.01555
   -0.00403
    0.04136
    0.03558
   -0.03606
   -0.03989
    0.02742
    0.01402
    0.01610
   -0.01392
    0.05127
    0.01520
   -0.01972
   -0.00610
    0.03332
    0.01108
   -0.01678
   -0.02007
   -0.02253
    0.06806
   -0.00510
   -0.02039
    0.05113
    0.03517
   -0.03563
   -0.00535
    0.00348
    0.03850
   -0.01812
   -0.02278
    0.05009
   -0.00668
    0.01548
   -0.02307
    0.05220
    0.04841
   -0.03016
   -0.06414
    0.06968
    0.03128
    0.01552
   -0.00299
    0.01017
    0.00431
   -0.00528
   -0.03068
    0.05464
    0.02984
   -0.00135
   -0.03914
   -0.00869
    0.11596
   -0.03301
   -0.03301
    0.03615
    0.01589
    0.00282
   -0.04796
    0.00584
    0.02752
    0.01026
    0.00084
    0.04764
   -0.02370
   -0.01934
   -0.01597
    0.02390
    0.00321
    0.00282
   -0.02753
    0.01154
    0.00417
    0.02301
    0.00088
   -0.00901
    0.03518
   -0.01306
   -0.01530
    0.00742
   -0.01159
    0.01875
    0.01339
   -0.02102
    0.03239
   -0.01360
    0.03323
   -0.02026
   -0.01880
   -0.02642
    0.00836
   -0.00128
    0.02490
   -0.01846
    0.00412
    0.00778
   -0.03430
    0.00899
   -0.02107
    0.02719
   -0.01138
    0.00768
   -0.01286
    0.02362
   -0.02321
    0.01305
   -0.03858
    0.01819
    0.00248
    0.01781
   -0.03264
    0.03686
    0.01819
    0.00378
   -0.01813
    0.00409
    0.06327
   -0.01573
   -0.02946
    0.03315
   -0.00405
    0.01142
   -0.00512
    0.01807
    0.03611
   -0.02228
   -0.02013
    0.03923
    0.02123
   -0.00401
   -0.04314
    0.09768
    0.02702
   -0.03997
   -0.03884
    0.02097
    0.03487
    0.01277
    0.00053
    0.06130
   -0.03038
   -0.01596
   -0.01399
    0.01598
    0.01454
   -0.00229
   -0.01966
    0.01501
    0.04162
   -0.01098
   -0.03784
    0.00021
    0.04600
    0.01224
    0.02473
    0.00686
    0.03145
   -0.04406
   -0.02391
    0.06021
   -0.01314
    0.01284
   -0.05382
    0.06495
    0.04146
   -0.00922
   -0.05091
    0.08065
   -0.01825
    0.01896
   -0.03327
    0.02669
   -0.02053
    0.02640
   -0.03922
    0.03097
    0.02897
    0.00988
   -0.02367
    0.03879
    0.04929
   -0.02902
   -0.03896
    0.02932
    0.00985
    0.01528
   -0.01149
    0.00688
    0.01599
   -0.00498
   -0.01902
    0.08532
    0.02226
   -0.02410
   -0.03616
    0.06452
    0.01833
   -0.01087
   -0.04887
    0.05823
    0.02426
   -0.00391
    0.02411
    0.03511
    0.03713
   -0.05244
   -0.01177
    0.00342
    0.03384
   -0.00773
   -0.02511
   -0.00793
    0.09820
   -0.02365
   -0.03298
   -0.03957
    0.11058
   -0.04787
   -0.00741
   -0.01133
    0.05845
   -0.02446
   -0.02244
    0.06914
   -0.02108
    0.00217
   -0.01659
    0.04295
    0.03499
   -0.02687
   -0.07833
    0.04995
    0.03018
    0.03341
   -0.03797
    0.02168
    0.00243
    0.01369
   -0.03753
    0.03415
    0.03902
    0.00623
   -0.03705
    0.01757
    0.09026
   -0.01817
   -0.03636
    0.02237
    0.03797
    0.00295
   -0.04715
    0.01966
    0.06963
   -0.01426
   -0.02105
    0.04553
   -0.02322
    0.01831
   -0.01346
    0.03198
    0.03178
   -0.01677
   -0.02225
    0.02350
   -0.00324
    0.01509
    0.00836
    0.02478
    0.01563
   -0.02457
   -0.02474
    0.01550
    0.02095
    0.00687
    0.00323
   -0.02460
    0.03857
   -0.00961
   -0.02259
    0.04445
    0.01627
   -0.01621
    0.03387
   -0.01798
    0.02632
   -0.02736
   -0.03584
    0.04273
   -0.02877
    0.04057
   -0.03825
    0.05360
    0.04212
   -0.00757
   -0.05552
    0.04063
    0.02575
    0.02781
   -0.00706
    0.00474
    0.00557
   -0.00151
   -0.05045
    0.01345
    0.03789
    0.02593
   -0.02575
   -0.00288
    0.06216
   -0.00510
   -0.04555
    0.02371
    0.03279
    0.00713
   -0.01882
    0.01277
    0.01883
   -0.00465
    0.00722
    0.00594
   -0.00644
   -0.01202
   -0.02586
    0.02572
   -0.01186
    0.01282
   -0.01341
   -0.00450
    0.02131
    0.00479
    0.06550
   -0.05156
    0.02704
   -0.04442
   -0.00520
   -0.02623
   -0.00265
    0.02200
    0.01539
   -0.00401
   -0.00195
   -0.01418
    0.02680
   -0.04009
   -0.00349
   -0.00883
    0.01726
   -0.02590
    0.01506
   -0.00343
   -0.05749
   -0.00967
   -0.07782
    0.08353
   -0.01383
    0.01050
   -0.04665
    0.03007
   -0.05868
    0.02620
    0.01457
    0.04090
   -0.01197
    0.03268
   -0.04253
    0.00953
   -0.01442
   -0.00443
    0.00819
    0.01477
   -0.03328
    0.01176
    0.01738
    0.01517
   -0.02481
   -0.00357
    0.02702
    0.00905
    0.03002
   -0.00338
    0.01079
   -0.02164
   -0.01782
    0.07331
   -0.03161
    0.00436
   -0.02222
    0.04765
    0.00188
   -0.00849
   -0.04230
    0.02847
   -0.01508
    0.04711
   -0.02691
    0.05229
   -0.06376
    0.02213
   -0.00674
   -0.00295
    0.01861
   -0.00194
   -0.03709
    0.02619
    0.01831
    0.01616
   -0.01751
   -0.01936
   -0.00108
    0.03679
    0.01572
   -0.00999
    0.02550
   -0.02232
   -0.06109
    0.09921
   -0.04295
    0.02654
   -0.02000
    0.03605
   -0.01577
    0.00476
   -0.02340
    0.05371
   -0.04641
    0.02810
   -0.01158
    0.04395
   -0.05656
    0.01683
   -0.05896
    0.04873
    0.03062
    0.02254
   -0.03761
    0.03027
    0.01868
    0.00544
   -0.04411
    0.05479
   -0.01653
    0.01931
   -0.02116
    0.00666
    0.00066
    0.00749
   -0.01899
    0.05092
    0.04099
   -0.02347
   -0.02808
    0.03531
    0.00949
    0.00609
   -0.00786
    0.02266
    0.00482
   -0.00903
    0.02535
   -0.01191
    0.03217
   -0.03714
   -0.00823
    0.00793
    0.04179
   -0.01928
   -0.00512
    0.03835
    0.02617
   -0.03590
   -0.00131
   -0.00121
    0.02382
   -0.01393
    0.04237
   -0.01409
    0.00774
   -0.02501
    0.00166
    0.00414
   -0.01072
    0.00180
   -0.03454
    0.05553
    0.03705
   -0.02105
   -0.04908
    0.04617
    0.01843
    0.01735
   -0.02956
    0.03416
   -0.01141
    0.00743
   -0.02558
   -0.00079
    0.05451
    0.00170
   -0.03118
    0.00873
    0.04408
    0.00376
   -0.00580
    0.01355
    0.01983
   -0.01681
   -0.00331
    0.01465
    0.03563
   -0.02256
   -0.02446
    0.03953
   -0.00360
    0.01833
   -0.00638
    0.04559
    0.02704
   -0.03570
   -0.04183
    0.01256
    0.01856
    0.03251
   -0.00198
    0.05305
    0.01631
   -0.03194
   -0.01615
   -0.00940
    0.03923
   -0.00205
   -0.01672
    0.01368
    0.05930
   -0.03441
   -0.02020
    0.00557
    0.06170
   -0.02680
   -0.00186
    0.00507
    0.02160
   -0.01323
   -0.02519
    0.03260
   -0.00327
    0.02131
   -0.04331
    0.07872
    0.02150
   -0.01283
   -0.08413
    0.06785
    0.02259
    0.04789
    0.00023
    0.00908
   -0.00312
   -0.00262
   -0.04230
    0.02795
   -0.00688
    0.02784
   -0.06274
   -0.02036
    0.09184
    0.00956
   -0.04221
    0.01538
    0.02098
    0.02383
   -0.03532
    0.01726
   -0.00141
    0.00763
   -0.00076
    0.02434
   -0.00020
   -0.01229
   -0.01520
   -0.00843
    0.04107
    0.00205
   -0.03617
    0.01925
   -0.01478
    0.03277
    0.00988
   -0.04150
    0.03020
   -0.00361
   -0.00386
   -0.01854
   -0.00189
    0.01679
   -0.00414
   -0.01576
    0.02766
    0.00463
    0.00443
    0.03094
   -0.02542
   -0.01336
    0.02912
   -0.01130
   -0.01025
   -0.00737
   -0.01121
    0.01966
   -0.02370
    0.01523
    0.01721
    0.03347
   -0.06268
   -0.01437
   -0.03204
    0.04975
   -0.03771
    0.01850
   -0.03328
   -0.01120
   -0.01187
    0.03758
   -0.03638
    0.00832
    0.01185
    0.02261
   -0.00039
    0.00891
    0.03877
   -0.02480
   -0.01382
    0.02467
   -0.01376
    0.00408
    0.01158
   -0.01012
    0.03326
   -0.01605
   -0.02738
    0.04402
   -0.00055
    0.01738
   -0.02126
    0.07623
   -0.00101
   -0.03054
   -0.02625
    0.02084
    0.00527
    0.01453
    0.02657
    0.02066
   -0.04683
    0.00084
   -0.00580
   -0.00330
    0.01958
   -0.00539
   -0.03197
    0.05317
   -0.00008
   -0.00191
   -0.01843
    0.02016
   -0.00027
    0.00509
    0.01190
    0.00554
    0.02058
   -0.02522
   -0.03659
    0.07621
    0.02198
   -0.01422
   -0.05041
    0.08011
    0.02080
   -0.01902
   -0.03033
    0.05971
   -0.01796
    0.00783
    0.01663
    0.05914
   -0.05581
   -0.00868
   -0.05782
    0.02724
    0.00960
    0.03304
   -0.06887
    0.06096
    0.01215
    0.01828
   -0.04388
    0.00350
    0.01493
    0.02549
    0.00260
    0.01805
   -0.00992
   -0.00586
   -0.01749
    0.07414
   -0.00731
   -0.00738
   -0.03533
    0.04428
    0.02695
   -0.00206
   -0.03161
    0.02627
    0.00311
    0.01579
   -0.00388
    0.01717
    0.01589
   -0.01429
   -0.00980
   -0.00734
   -0.00311
    0.01694
   -0.03193
    0.01349
    0.10272
   -0.05391
   -0.00755
   -0.00225
    0.04810
   -0.02322
    0.03076
   -0.03733
    0.03353
   -0.02311
   -0.02209
    0.02978
    0.00296
    0.00998
   -0.00889
    0.02939
    0.02314
   -0.02298
   -0.06301
    0.03514
    0.00946
    0.03649
   -0.02142
   -0.01410
   -0.00798
    0.02836
   -0.04288
    0.02369
    0.01691
    0.02201
    0.00451
   -0.01670
    0.07801
   -0.04008
   -0.04390
    0.01839
    0.00846
    0.02562
   -0.00921
   -0.01375
    0.02888
   -0.00324
   -0.00621
    0.07927
    0.01093
   -0.02993
   -0.01252
    0.05507
    0.01629
   -0.02638
   -0.03488
    0.02807
    0.04448
   -0.00855
    0.01202
    0.04679
    0.03645
   -0.04124
   -0.00338
    0.02598
    0.01558
   -0.01944
   -0.00878
    0.02227
    0.05421
   -0.03870
    0.00299
    0.02583
    0.05243
   -0.05396
    0.01522
    0.00699
    0.01685
   -0.02052
   -0.03219
    0.06587
    0.02207
   -0.00881
   -0.02820
    0.04100
    0.02370
   -0.00637
   -0.04461
    0.06917
    0.00294
    0.00030
    0.00053
   -0.00220
    0.03133
   -0.01758
   -0.04267
    0.00800
    0.04114
    0.01418
   -0.01756
    0.01874
    0.04822
   -0.02157
   -0.03406
    0.00786
    0.07525
   -0.03133
   -0.01923
    0.00956
    0.03574
   -0.00865
    0.00491
    0.00383
    0.02209
   -0.02130
   -0.02668
    0.01981
    0.01431
    0.01077
   -0.01158
    0.02622
   -0.00612
   -0.00424
    0.02786
   -0.03142
    0.02321
   -0.01331
    0.01012
   -0.02201
    0.00891
   -0.00386
    0.00808
   -0.00838
    0.03449
   -0.02420
    0.02620
   -0.00582
   -0.05322
    0.00861
    0.03601
   -0.03099
    0.01773
   -0.01039
   -0.00191
    0.01563
   -0.03748
    0.01411
   -0.01524
    0.05391
   -0.02605
   -0.01061
   -0.02325
    0.01000
   -0.02773
    0.03184
   -0.00703
    0.01678
   -0.03133
    0.01189
   -0.02139
    0.00508
    0.05053
   -0.01006
   -0.02782
    0.03432
    0.03383
   -0.01066
   -0.01471
    0.00533
    0.01487
    0.00133
    0.00858
   -0.00733
    0.04433
   -0.02396
    0.00142
    0.07192
   -0.02256
   -0.02627
   -0.00846
    0.03272
    0.00621
   -0.01411
   -0.04727
    0.06340
   -0.01523
    0.02425
    0.02503
    0.01578
   -0.02989
   -0.00735
   -0.00719
    0.02383
   -0.00643
   -0.00046
    0.00979
   -0.00505
    0.03394
   -0.03310
   -0.03562
    0.03846
    0.00793
    0.00769
    0.02745
   -0.01496
    0.00500
   -0.01382
   -0.02252
    0.05653
    0.00184
   -0.00176
   -0.00263
    0.03736
   -0.01956
   -0.01025
   -0.04161
    0.05172
   -0.00523
    0.01922
   -0.01097
    0.04487
   -0.02681
    0.00150
   -0.03768
    0.02325
    0.02982
    0.00981
   -0.01366
    0.03865
    0.02953
   -0.03161
   -0.05237
    0.02828
   -0.00062
    0.03116
   -0.01296
    0.01297
   -0.00623
    0.00431
   -0.01131
    0.05769
    0.03587
   -0.03004
   -0.02249
    0.03855
   -0.00266
    0.00519
   -0.02514
    0.02010
    0.03746
   -0.01093
    0.01237
    0.01948
    0.01533
   -0.02231
    0.00024
   -0.01967
    0.04173
   -0.01521
   -0.00104
   -0.00277
    0.04617
   -0.01994
   -0.00291
   -0.01219
    0.02086
   -0.00407
    0.01353
   -0.00982
    0.02678
   -0.01572
   -0.00736
    0.03620
   -0.00685
   -0.00534
   -0.01717
    0.04831
    0.03157
   -0.02682
   -0.04733
    0.04617
    0.01686
    0.01080
   -0.01813
    0.00923
   -0.02451
    0.02146
   -0.02687
    0.01351
    0.03379
    0.00531
    0.00453
   -0.01610
    0.07126
   -0.03055
   -0.03126
    0.01608
    0.03485
   -0.00184
   -0.02195
   -0.01998
    0.03376
    0.00551
