IntronPotTab 1 1024 0.03677
    0.00083
   -0.01192
   -0.01818
    0.01007
    0.00120
   -0.00947
   -0.03774
    0.01763
   -0.01006
   -0.01651
   -0.01317
    0.02318
   -0.00790
   -0.01249
    0.00275
    0.01124
   -0.00966
    0.00929
   -0.01460
    0.01287
   -0.00504
   -0.00016
   -0.03268
    0.02040
   -0.00388
    0.00152
   -0.03189
    0.02032
   -0.00327
   -0.01759
    0.00777
    0.00588
   -0.00238
   -0.00691
   -0.00965
    0.01518
    0.00268
   -0.00375
   -0.03363
    0.01369
   -0.00548
   -0.01332
    0.00809
    0.01065
   -0.00918
   -0.00238
    0.00568
    0.00544
   -0.00422
   -0.00151
    0.00175
    0.00511
    0.00318
   -0.01076
   -0.02564
    0.01401
   -0.00437
   -0.00444
   -0.01848
    0.01543
   -0.00442
   -0.01660
    0.00383
    0.00830
    0.00299
   -0.01516
   -0.01098
    0.00948
    0.00076
   -0.00746
   -0.03020
    0.01466
   -0.00614
   -0.01627
   -0.01918
    0.02304
   -0.00376
   -0.02602
    0.00674
    0.00971
   -0.00743
   -0.00816
   -0.00529
    0.01642
    0.01167
    0.00391
   -0.04382
    0.00671
   -0.00119
    0.00726
   -0.01558
    0.00941
   -0.00469
   -0.00685
   -0.00938
    0.01568
   -0.00189
   -0.00103
   -0.00071
    0.00379
    0.01346
   -0.02967
    0.00071
    0.00604
   -0.00771
   -0.00006
   -0.00749
    0.01253
   -0.00478
   -0.01077
    0.01474
    0.00135
   -0.00342
   -0.01286
    0.00836
    0.00690
    0.00445
   -0.01340
   -0.00245
    0.00535
   -0.00127
    0.00385
   -0.02368
    0.00998
   -0.00343
   -0.01753
    0.01308
    0.00597
    0.00461
    0.00106
   -0.02520
    0.00964
   -0.00723
    0.00949
   -0.03217
    0.01800
   -0.01555
    0.00460
   -0.00617
    0.02386
   -0.01379
   -0.00339
   -0.00621
    0.01880
   -0.01587
    0.00341
   -0.01792
    0.02563
    0.00716
    0.00465
   -0.02798
    0.00202
   -0.00491
   -0.01119
    0.00198
    0.01062
    0.00677
   -0.01829
    0.00049
    0.00442
    0.00219
    0.00732
   -0.01399
    0.00361
    0.00500
    0.00406
   -0.02376
    0.00068
   -0.00500
   -0.01220
    0.00623
    0.00966
   -0.01653
    0.00348
   -0.00564
    0.01700
   -0.00466
    0.00247
    0.00042
    0.00353
    0.00686
   -0.00272
   -0.03071
    0.00672
   -0.00593
    0.00300
   -0.00636
    0.00800
   -0.00886
   -0.00408
    0.00540
    0.00582
   -0.00127
    0.00147
   -0.00801
    0.00344
    0.00414
   -0.00963
   -0.03116
    0.01151
   -0.01081
   -0.00375
   -0.00858
    0.01767
   -0.00223
   -0.01548
    0.00013
    0.00682
   -0.01186
    0.01312
   -0.00682
    0.00743
    0.00502
    0.00143
   -0.03236
    0.00746
    0.00142
    0.00492
   -0.02520
    0.01048
   -0.01111
   -0.00862
    0.00110
    0.01334
   -0.00420
    0.01341
   -0.00252
   -0.00054
    0.00562
   -0.00927
   -0.03150
    0.01062
   -0.01771
    0.00336
    0.00313
    0.01607
   -0.01081
   -0.00495
    0.00555
    0.00874
    0.00376
   -0.01196
    0.00075
    0.00136
    0.00200
   -0.01528
   -0.02343
    0.01508
   -0.00136
   -0.00749
   -0.01024
    0.00946
   -0.00055
   -0.01538
    0.00787
    0.00415
    0.00078
   -0.01096
   -0.01229
    0.01092
    0.00634
   -0.00374
   -0.04037
    0.00905
   -0.00781
   -0.00912
    0.00184
    0.01225
   -0.00777
   -0.00721
   -0.00186
    0.01115
   -0.00447
   -0.00027
   -0.01448
    0.01360
    0.00872
   -0.00491
   -0.04055
    0.01149
   -0.00780
    0.00114
   -0.00834
    0.01279
    0.00032
   -0.01017
    0.00269
    0.00329
    0.00126
   -0.00386
   -0.01008
    0.00738
    0.00279
    0.00199
   -0.02603
    0.00740
   -0.00770
   -0.00251
    0.00308
    0.00937
   -0.00133
   -0.01349
   -0.00067
    0.00846
    0.00269
   -0.01809
    0.00557
    0.00472
   -0.00212
   -0.00230
   -0.02946
    0.01609
   -0.00762
    0.00844
   -0.01222
    0.00951
   -0.00847
   -0.01090
    0.01091
    0.00548
    0.00350
   -0.01293
    0.00241
    0.00294
    0.00313
   -0.01239
   -0.03096
    0.01695
   -0.00659
   -0.00825
   -0.01159
    0.01878
   -0.00551
   -0.02192
    0.01564
    0.00614
    0.00846
    0.00009
   -0.01121
   -0.00114
   -0.00647
    0.02032
   -0.04334
    0.00843
    0.00016
    0.00305
   -0.01672
    0.01360
    0.00143
    0.00171
   -0.01898
    0.01050
   -0.00050
   -0.00705
    0.00692
    0.00009
   -0.00737
   -0.00408
    0.00546
    0.00891
   -0.03118
   -0.00535
    0.00438
    0.02700
    0.00315
   -0.00969
    0.01136
   -0.00512
    0.00865
   -0.01646
    0.01406
   -0.00343
    0.00528
   -0.00282
   -0.01689
    0.00488
   -0.01705
   -0.01000
    0.01580
    0.01095
   -0.00072
   -0.01210
    0.01623
   -0.00124
    0.00496
   -0.00483
   -0.01671
    0.00799
   -0.00782
    0.00900
   -0.02359
    0.01636
   -0.00382
   -0.00581
   -0.00287
    0.00908
   -0.00174
   -0.00031
   -0.00511
    0.00504
   -0.01750
    0.02166
   -0.00843
    0.00802
    0.01122
    0.00182
   -0.03258
    0.00143
    0.00445
   -0.02256
   -0.00345
    0.01529
    0.00690
   -0.01248
   -0.00716
    0.00838
    0.00560
    0.01355
   -0.00790
   -0.01212
   -0.01009
    0.01518
   -0.02397
    0.01082
   -0.00714
   -0.00272
   -0.00289
    0.01230
    0.00350
   -0.00093
   -0.00566
    0.00050
    0.00464
   -0.01008
   -0.00936
    0.00642
    0.01067
   -0.00572
   -0.03632
    0.00965
   -0.00050
   -0.00930
   -0.00311
    0.00863
    0.01045
   -0.01105
   -0.00272
   -0.00052
    0.00052
   -0.01274
   -0.01172
    0.01159
    0.00076
   -0.00040
   -0.02864
    0.01002
   -0.00854
    0.00539
   -0.00814
    0.01195
    0.00447
   -0.03091
    0.00489
    0.00731
   -0.00165
   -0.00487
    0.00112
    0.00390
    0.01105
   -0.00228
   -0.05154
    0.00835
   -0.01107
   -0.00181
   -0.00208
    0.01118
    0.00127
   -0.00791
    0.00375
    0.00221
   -0.00072
   -0.00074
   -0.00562
    0.00481
    0.00297
   -0.00192
   -0.03167
    0.01037
   -0.01358
    0.01523
   -0.00070
    0.00336
   -0.00437
   -0.00904
    0.00508
    0.00724
    0.00972
   -0.00918
   -0.00575
   -0.00193
    0.00755
   -0.00442
   -0.03677
    0.00785
   -0.00233
   -0.00196
   -0.00162
    0.00398
   -0.00611
   -0.00440
    0.00207
    0.00632
   -0.00292
   -0.01043
   -0.00924
    0.01307
   -0.00368
   -0.00625
   -0.03629
    0.02274
   -0.02075
    0.00201
   -0.00592
    0.02641
   -0.00810
   -0.01314
    0.00606
    0.00831
   -0.00608
    0.00497
   -0.01993
    0.01641
   -0.00671
    0.01667
   -0.02276
    0.00785
   -0.00221
   -0.00900
   -0.01119
    0.01371
   -0.01144
   -0.01246
    0.00034
    0.01578
    0.00601
   -0.00503
   -0.02703
    0.01710
   -0.00841
    0.00478
   -0.02639
    0.01890
   -0.01717
   -0.00786
    0.01458
    0.01525
   -0.00444
   -0.00210
   -0.00206
    0.00590
    0.00514
   -0.00324
   -0.01123
    0.00252
    0.00298
   -0.00530
   -0.02169
    0.01020
   -0.00963
    0.00142
   -0.01463
    0.01940
   -0.01129
   -0.00960
    0.00414
    0.00960
   -0.00324
   -0.00313
   -0.00712
    0.00956
    0.00793
   -0.01368
   -0.03095
    0.01527
   -0.00879
   -0.01589
   -0.02473
    0.03268
   -0.00130
   -0.03053
    0.01854
    0.00305
   -0.00749
   -0.00450
   -0.00428
    0.01124
    0.01256
   -0.00631
   -0.04169
    0.01134
   -0.00775
   -0.00030
   -0.00942
    0.01586
   -0.00071
   -0.01057
   -0.00756
    0.01239
   -0.00036
   -0.00792
    0.00714
    0.00069
    0.00730
   -0.01226
   -0.01387
    0.00833
   -0.00715
   -0.01342
    0.01142
    0.01190
    0.00704
   -0.00504
    0.00327
   -0.00608
    0.00050
   -0.01394
    0.01636
    0.00120
    0.00336
   -0.00741
   -0.03193
    0.01378
   -0.00276
   -0.00723
   -0.01438
    0.01442
   -0.00194
   -0.01734
    0.01617
    0.00298
    0.00876
   -0.01239
   -0.00940
   -0.00041
   -0.00319
    0.01648
   -0.03595
    0.01337
   -0.00633
    0.00066
   -0.00650
    0.01407
   -0.00953
   -0.01118
    0.00362
    0.01092
   -0.00658
    0.00793
   -0.01582
    0.01426
    0.01027
   -0.00831
   -0.01693
    0.00246
   -0.00931
    0.00493
   -0.00550
    0.01235
    0.00058
   -0.00517
    0.00383
   -0.00109
    0.00245
    0.00373
   -0.01505
    0.00676
   -0.00090
    0.00137
   -0.01341
    0.00860
   -0.00729
   -0.00397
    0.01894
   -0.00472
   -0.01473
    0.00099
    0.00137
    0.00749
   -0.01120
   -0.00382
    0.00330
    0.01104
    0.00173
    0.00374
   -0.02107
    0.00661
   -0.00417
   -0.00093
   -0.01394
    0.01448
    0.00894
   -0.02081
    0.00130
    0.00337
    0.00291
   -0.00350
   -0.03270
    0.01341
    0.00456
   -0.00549
   -0.03778
    0.01258
   -0.00617
   -0.00373
   -0.01150
    0.01682
    0.00075
   -0.01757
   -0.00197
    0.00695
   -0.00628
   -0.00471
   -0.00816
    0.01297
    0.00623
   -0.00723
   -0.02122
    0.00837
    0.00772
   -0.00961
   -0.02985
    0.01730
   -0.00986
   -0.02295
    0.01497
    0.01264
    0.00237
    0.00097
   -0.02268
    0.01006
    0.00713
   -0.01250
   -0.01898
    0.00905
   -0.00878
   -0.00791
    0.01398
    0.00483
   -0.00710
   -0.00261
    0.00025
    0.00710
    0.00492
   -0.00987
   -0.00182
    0.00136
    0.01062
   -0.01232
   -0.03834
    0.01394
   -0.00160
   -0.00104
   -0.00973
    0.00771
    0.00198
   -0.01710
    0.00365
    0.00606
   -0.00280
   -0.00088
   -0.01053
    0.00755
    0.00542
    0.00224
   -0.03303
    0.00394
   -0.00139
    0.00439
   -0.01169
    0.00542
   -0.00854
   -0.01526
    0.00524
    0.01046
   -0.00523
    0.00443
   -0.00350
    0.00575
    0.00474
    0.00075
   -0.01726
    0.00310
   -0.00956
   -0.00435
   -0.01020
    0.01783
   -0.00292
   -0.01011
    0.00348
    0.00426
    0.00773
    0.00009
   -0.01417
   -0.00151
    0.00492
   -0.01218
   -0.02076
    0.01138
   -0.00344
   -0.00866
    0.01122
    0.00559
   -0.00444
   -0.01488
    0.00618
    0.00696
    0.00117
   -0.00804
   -0.00298
    0.00394
    0.00807
   -0.01174
   -0.02674
    0.00913
   -0.00435
    0.01097
   -0.01880
    0.00812
   -0.00965
   -0.00653
    0.00460
    0.00738
    0.00057
   -0.01521
    0.00049
    0.00722
    0.00435
   -0.01737
   -0.03422
    0.01713
    0.00154
   -0.02041
   -0.02615
    0.02346
   -0.00231
   -0.02920
    0.01274
    0.00888
   -0.00545
   -0.00117
   -0.01277
    0.01244
    0.00535
    0.00908
   -0.04117
    0.00729
   -0.00124
    0.01786
   -0.04150
    0.01646
    0.00724
   -0.01077
   -0.01459
    0.01183
   -0.00237
   -0.00500
    0.00272
    0.00401
    0.00293
   -0.01217
   -0.00535
    0.00867
   -0.00736
    0.00154
   -0.01599
    0.01766
   -0.00072
   -0.00464
    0.00652
   -0.00059
    0.01122
   -0.02275
    0.00322
    0.00201
    0.00430
   -0.01203
   -0.00938
    0.00724
   -0.00075
   -0.00579
   -0.01075
    0.00945
   -0.00304
   -0.02013
    0.02454
    0.00261
    0.00065
   -0.00207
   -0.01261
    0.00810
    0.00378
   -0.00495
   -0.03772
    0.01825
   -0.00398
   -0.01064
   -0.00458
    0.01355
    0.00201
   -0.01744
   -0.00270
    0.00792
   -0.01124
    0.00059
   -0.00490
    0.01392
    0.01026
    0.00215
   -0.03848
    0.00530
   -0.00374
    0.00534
   -0.02555
    0.01834
   -0.00404
   -0.01588
   -0.00181
    0.01290
   -0.00160
    0.00761
   -0.00622
    0.00227
    0.01008
    0.00202
   -0.02709
    0.00058
   -0.00916
   -0.00495
   -0.00639
    0.01960
   -0.00647
   -0.00026
   -0.00060
    0.00659
   -0.00213
   -0.00493
    0.00330
    0.00293
    0.01537
   -0.00905
   -0.03872
    0.00329
   -0.00247
    0.00390
   -0.01593
    0.00891
    0.00358
   -0.01185
    0.00332
    0.00087
    0.00278
   -0.00397
   -0.00962
    0.00212
   -0.00117
   -0.01188
   -0.02230
    0.01568
    0.00519
   -0.01091
   -0.00789
    0.00538
   -0.00271
   -0.01720
    0.00792
    0.00336
   -0.00550
    0.00904
   -0.00926
    0.00584
   -0.00188
    0.00718
   -0.03377
    0.00989
   -0.01093
   -0.00141
   -0.00653
    0.01480
   -0.00156
   -0.01186
    0.00243
    0.00583
   -0.00398
    0.00865
   -0.00312
    0.00298
    0.00710
   -0.00467
   -0.04407
    0.01060
   -0.00776
    0.00332
    0.00446
    0.00373
   -0.00588
   -0.00878
    0.01005
    0.00361
    0.00275
   -0.01471
   -0.00224
    0.00453
    0.00411
   -0.01207
   -0.02910
    0.01245
   -0.00364
   -0.00956
   -0.01181
    0.01253
   -0.00376
   -0.01401
   -0.00021
    0.00969
