16 20 15 1 35 -6.8314 2.8977 5.0302 4094
  0.01601  -0.10238  -0.04193   0.04983   0.01656  -0.05647  -0.05512   0.03406   0.04677  -0.14814  -0.25676   0.09514  -0.04803  -0.00237  -0.11238   0.09653  -0.00700  -0.07465  -0.00312   0.03755 
  0.00174  -0.06942  -0.05569   0.05586  -0.01643  -0.10202  -0.04962   0.08167   0.04196  -0.11337  -0.26951   0.08957   0.02008  -0.07700  -0.14637   0.08720   0.01443  -0.12665  -0.01844   0.04620 
  0.00623  -0.11102  -0.06847   0.07235  -0.02186  -0.08486  -0.04971   0.08055   0.03761  -0.10692  -0.33984   0.10378  -0.00726  -0.07847  -0.14902   0.11079  -0.00112  -0.14546  -0.01204   0.06034 
 -0.00738  -0.11261  -0.06560   0.08319  -0.01204  -0.06658  -0.05172   0.06558   0.02274  -0.10533  -0.25698   0.10335   0.03210  -0.14907  -0.11194   0.08975   0.03982  -0.09572  -0.02736   0.01959 
  0.01351  -0.09928  -0.06203   0.05926  -0.00885  -0.08285  -0.09357   0.08404   0.05326  -0.08351  -0.27032   0.06495  -0.00905  -0.12005  -0.13006   0.12008   0.00142  -0.13470   0.02138   0.03917 
  0.00142  -0.11023  -0.05850   0.07235  -0.00129  -0.08954  -0.09357   0.07945   0.03072  -0.07741  -0.20008   0.07159  -0.06401   0.00652  -0.11903   0.10613   0.00266  -0.13175  -0.02563   0.05966 
 -0.00771  -0.08935  -0.07208   0.07780  -0.01076  -0.11019  -0.05827   0.08259   0.05456  -0.09829  -0.38782   0.09011   0.00788  -0.10481  -0.15067   0.10903   0.00834  -0.14400  -0.00143   0.04811 
  0.00496  -0.12309  -0.06703   0.07699  -0.00301  -0.11522  -0.07324   0.08266   0.04563  -0.07943  -0.36787   0.08877  -0.06071  -0.05188  -0.17190   0.14520   0.01732  -0.12748   0.02036   0.02507 
 -0.00052  -0.10786  -0.05991   0.07372   0.01144  -0.05748  -0.11688   0.06317   0.06184  -0.13153  -0.14217   0.04465   0.03063  -0.05900  -0.15757   0.07468   0.00596  -0.12642   0.01396   0.03691 
  0.01601  -0.09696  -0.05991   0.05529   0.00975  -0.05219  -0.09132   0.05367   0.06402  -0.08583  -0.23222   0.04510   0.00247  -0.07748  -0.09440   0.08220   0.02533  -0.19882  -0.00704   0.05321 
  0.01974  -0.11261  -0.06417   0.05926  -0.01598  -0.07108  -0.03560   0.06452   0.03718  -0.07503  -0.24652   0.07397   0.01339  -0.06389  -0.15332   0.09017   0.00816  -0.09460  -0.05270   0.05559 
  0.00142  -0.08260  -0.07499   0.06877   0.00234  -0.11168  -0.09603   0.08452   0.04966  -0.07671  -0.21856   0.05468   0.02201  -0.12854  -0.14249   0.10284   0.02823  -0.12592  -0.02205   0.03688 
  0.01819  -0.11661  -0.07793   0.06739   0.04692  -0.16806  -0.11776   0.06523   0.06870  -0.13391  -0.14153   0.03702  -0.03430  -0.05477  -0.09486   0.10208   0.02782  -0.13358  -0.01306   0.03539 
  0.02983  -0.13551  -0.06560   0.05842   0.02577  -0.10147  -0.10988   0.06278   0.06612  -0.13817  -0.18413   0.05353   0.04257  -0.10615  -0.15189   0.08037  -0.01761  -0.12462   0.00486   0.05783 
  0.01726  -0.11984  -0.06703   0.06516  -0.01350  -0.06421  -0.06073   0.06952   0.08505  -0.14793  -0.24976   0.04969   0.05623  -0.18901  -0.11530   0.08180   0.00131  -0.16459  -0.00485   0.06075 
  0.01382  -0.13383  -0.05569   0.06849   0.01535  -0.07859  -0.03382   0.03533   0.05433  -0.12236  -0.32999   0.09083   0.00930  -0.08644  -0.15659   0.10332   0.01119  -0.11679   0.04625   0.01213 
  0.01476  -0.10394  -0.03123   0.04694   0.02617  -0.09811  -0.06486   0.04433   0.09427  -0.14658  -0.29864   0.04757   0.01639  -0.06564  -0.17084   0.09439   0.00788  -0.16142   0.01338   0.04638 
  0.02710  -0.12391  -0.06274   0.05586   0.01301  -0.11282  -0.08393   0.07045   0.07979  -0.17424  -0.22501   0.06071   0.03556  -0.10900  -0.21646   0.10861   0.01061  -0.11526  -0.00914   0.04112 
  0.02282  -0.12555  -0.07793   0.06627  -0.00573  -0.05900  -0.11497   0.07960   0.05012  -0.13065  -0.28861   0.09123  -0.02426  -0.13673  -0.18939   0.15446   0.06175  -0.18849  -0.06140   0.04506 
  0.02067  -0.12967  -0.11237   0.08185   0.02439  -0.12591  -0.11775   0.07524   0.02918  -0.15607  -0.29638   0.12243  -0.00496  -0.14367  -0.15494   0.13280   0.03693  -0.15962  -0.01563   0.03718 
  0.02190  -0.15002  -0.08460   0.07753  -0.00306  -0.20331  -0.15789   0.13373   0.02066  -0.14812  -0.28826   0.12633   0.02716  -0.11347  -0.17113   0.10315   0.03353  -0.13468  -0.02775   0.03802 
  0.01320  -0.15968  -0.10370   0.09454   0.04240  -0.14413  -0.23600   0.09645   0.00913  -0.23691  -0.40763   0.17794  -0.00600  -0.15859  -0.20033   0.15133   0.05854  -0.16303  -0.09476   0.05398 
  0.03284  -0.17047  -0.16842   0.10101   0.01549  -0.10218  -0.26569   0.11558   0.00520  -0.18835  -0.39684   0.16726   0.02186  -0.11317  -0.24380   0.12873   0.08893  -0.26694  -0.09782   0.05523 
  0.03880  -0.18060  -0.18316   0.10280   0.01680  -0.09235  -0.22660   0.10228   0.03959  -0.24035  -0.38672   0.15057   0.04478  -0.09842  -0.36220   0.13260   0.06721  -0.17129  -0.05916   0.03456 
  0.03732  -0.14743  -0.16033   0.08798   0.00856  -0.07993  -0.26679   0.11472   0.03163  -0.24917  -0.47309   0.16948   0.04556  -0.10829  -0.32291   0.12704   0.07056  -0.14289  -0.13318   0.05204 
  0.03523  -0.13383  -0.21932   0.10178   0.03300  -0.04659  -0.31082   0.08926   0.04396  -0.37981  -0.28033   0.16151   0.05881  -0.13360  -0.36079   0.13198   0.10928  -0.23718  -0.08195   0.02277 
  0.06269  -0.17138  -0.19073   0.08050   0.06643  -0.17803  -0.32356   0.10073   0.04659  -0.31233  -0.30581   0.14978   0.11967  -0.23825  -0.34365   0.10098   0.11517  -0.31144  -0.03532   0.01355 
  0.08481  -0.25567  -0.17297   0.07617   0.06736  -0.14505  -0.37176   0.09920   0.07518  -0.30144  -0.24954   0.10917   0.10650  -0.15729  -0.34023   0.09039   0.09460  -0.24500  -0.08853   0.04147 
  0.07945  -0.20552  -0.21325   0.07996   0.02532  -0.10929  -0.25817   0.10722   0.08973  -0.29792  -0.36180   0.11139   0.09076  -0.18887  -0.29995   0.10628   0.05793  -0.30758  -0.01374   0.05540 
  0.04932  -0.21449  -0.14204   0.09061   0.01657  -0.11866  -0.33628   0.13334   0.10534  -0.20645  -0.26270   0.04805   0.02213  -0.21870  -0.19514   0.14529   0.02732  -0.29249  -0.06592   0.09693 
  0.02801  -0.21048  -0.17023   0.11615   0.00117  -0.10899  -0.37679   0.14993   0.04020  -0.17829  -0.25335   0.11139  -0.03195  -0.11136  -0.20285   0.15560  -0.03460  -0.20823   0.02407   0.08251 
 -0.01703  -0.16325  -0.11637   0.12304  -0.03809  -0.13009  -0.29771   0.17194  -0.04390  -0.15420  -0.17569   0.16004  -0.13890  -0.16521  -0.21397   0.22918  -0.10734  -0.17132  -0.03675   0.13791 
 -0.08463  -0.16057  -0.12943   0.16908  -0.05339  -0.21970  -0.39202   0.21600  -0.02776  -0.26880  -0.25359   0.19196  -0.06043  -0.23131  -0.22175   0.20761  -0.08753  -0.23985  -0.02150   0.13742 
 -0.07684  -0.24258  -0.12613   0.18205  -0.03804  -0.14182  -0.55545   0.20744  -0.03287  -0.24113  -0.22125   0.18397  -0.14716  -0.11768  -0.30278   0.23894  -0.12920  -0.18855  -0.03691   0.15151 
 -0.10311  -0.17781  -0.15856   0.19029  -0.04504  -0.18193  -0.62389   0.22608  -0.12076  -0.16677  -0.26048   0.22553  -0.13353  -0.18668  -0.50067   0.27589  -0.15768  -0.16789  -0.05006   0.16313 
 -0.12802  -0.17967  -0.18883   0.20951  -0.04517  -0.19240  -0.78019   0.23768  -0.15791  -0.18645  -0.44086   0.26812  -0.11891  -0.22206  -0.42905   0.26865  -0.18315  -0.19085  -0.09870   0.19172 
 -0.14576  -0.20062  -0.23488   0.23059  -0.05256  -0.24569  -0.91482   0.25701  -0.20081  -0.25508  -0.38373   0.29391  -0.27769  -0.26411  -0.32177   0.31309  -0.23924  -0.14905  -0.16435   0.21729 
 -0.19712  -0.20062  -0.27122   0.25648  -0.15687  -0.14427  -1.23814   0.29552  -0.25086  -0.21206  -0.35032   0.30027  -0.24779  -0.26161  -0.32113   0.30459  -0.27433  -0.06873  -0.16877   0.21018 
 -0.25772  -0.12309  -0.26779   0.26023  -0.15808  -0.24908  -2.06981   0.31864  -0.33323  -0.15658  -0.71280   0.33605  -0.30642  -0.10903  -0.43720   0.30657  -0.34597  -0.10829  -0.18815   0.24028 
 -0.31460  -0.14313  -0.31466   0.28681  -0.23649  -0.18596  -1.32433   0.33156  -0.29880  -0.22298  -0.47738   0.32718  -0.30610  -0.21817  -0.61740   0.34257  -0.32858  -0.14043  -0.21472   0.24804 
 -0.32679  -0.17138  -0.31213   0.29477  -0.16959  -0.11579  -1.40856   0.29702  -0.20906  -0.20216  -0.44914   0.29259  -0.19410  -0.18685  -0.39286   0.28519  -0.31495  -0.03990  -0.08919   0.19346 
 -0.28367  -0.08859  -0.18410   0.24538  -0.21846  -0.07976  -1.45142   0.30746  -0.24529  -0.24904  -0.47869   0.31590  -0.32847  -0.30416  -0.42081   0.34283  -0.26675  -0.08523  -0.04409   0.17877 
 -0.27872  -0.13300  -0.17850   0.25305  -0.14667  -0.24738  -1.45633   0.31115  -0.08248  -0.24809  -0.43431   0.24355  -0.36722  -0.25048  -0.37814   0.33858  -0.25943  -0.21779   0.16004   0.11819 
 -0.23545  -0.23618   0.01213   0.21090  -0.85115  -0.64753  -1.62313   0.45858  -0.65073  -0.14491  -0.90041   0.39205  -0.92524  -0.73267  -1.10612   0.46490  -0.84568  -0.21343  -0.63792   0.36019 
 -0.85051  -0.33040  -0.78380   0.41177  -0.21437   0.01049  -0.71040   0.26498  -0.26234   0.12791  -0.47567   0.20564  -0.48152   0.08105  -0.74973   0.31429  -0.99618  -0.47785  -0.83854   0.39815 
 -0.78664  -0.32648  -0.76910   0.40710   0.27900  -0.19685  -0.59841  -0.24920   0.15874  -0.27891   0.02533  -0.12096   0.33279  -0.42833  -0.16284  -0.39919  -0.11365  -0.14895   0.05934   0.09514 
 -0.06091  -0.18060   0.06341   0.08903  -1.06005   0.65404  -2.25961  -0.15159  -0.94563   0.51771  -3.61225   0.01415  -1.12860   0.62627  -3.61225  -0.15317  -1.22981   0.67072  -1.78868  -0.23629 
 -1.11774   0.63632  -2.05845  -0.15952   0.44917  -3.61225  -3.61225  -3.61225   0.44310  -3.61225  -3.61225  -3.61225   0.50347  -3.61225  -3.61225  -3.61225   0.53742  -3.61225  -3.61225  -3.61225 
  0.48445  -3.61225  -3.61225  -3.61225  -3.61225  -1.48478   0.78505  -3.61225  -3.61225  -3.61225  -3.61225  -3.61225  -3.61225  -3.61225  -3.61225  -3.61225  -3.61225  -3.61225  -3.61225  -3.61225 
 -3.61225  -1.50333   0.76092  -3.61225  -3.61225  -3.61225  -3.61225  -3.61225   0.21465  -0.63012  -0.17480  -0.05490  -0.05087  -0.13955   0.36971  -0.36008  -3.61225  -3.61225  -3.61225  -3.61225 
 -0.06729  -0.12555   0.41901  -0.37646  -0.17012  -0.09380   0.00819   0.16320  -0.11590  -0.02472  -0.16667   0.16061  -0.07857  -0.07936  -0.08585   0.13729  -0.22171  -0.08753   0.14178   0.08109 
 -0.12542  -0.06942  -0.01438   0.12910   0.02225   0.03731  -0.09409  -0.00238  -0.01214  -0.01456  -0.00457   0.02422  -0.04531   0.03701   0.01129   0.01371  -0.15759   0.04309   0.19898  -0.05075 
 -0.06918   0.02948   0.10057  -0.01183  -0.04570   0.11074  -0.01088  -0.01178  -0.02710   0.11444  -0.00766  -0.05109   0.00286  -0.00041   0.15192  -0.13386  -0.25755   0.12015   0.24721  -0.09278 
 -0.08150   0.09444   0.13570  -0.07057   0.00736   0.09741  -0.01065  -0.06455  -0.02902   0.03091   0.03025  -0.00117   0.01317   0.10743  -0.02931  -0.07084  -0.22229   0.13721   0.20582  -0.08057 
 -0.04554   0.10130   0.06869  -0.06003  -0.04399   0.03619   0.18967  -0.10773   0.03687   0.00214   0.01654  -0.05718   0.02060   0.03690   0.09132  -0.12148  -0.24619   0.09526   0.27507  -0.11501 
 -0.04771   0.04968   0.17070  -0.10424  -0.06836   0.08570   0.21132  -0.13886  -0.01464   0.06849   0.05059  -0.05692   0.01421   0.08597   0.10926  -0.17728  -0.22759   0.07734   0.30876  -0.16158 
 -0.06277   0.08443   0.19570  -0.14165  -0.03013   0.06135   0.08811  -0.05552   0.02819   0.00119  -0.03351  -0.02101   0.05339   0.04743   0.06032  -0.14806  -0.20235   0.09116   0.24713  -0.10444 
 -0.01905   0.05728   0.11069  -0.08847  -0.07385   0.07634   0.15455  -0.06812   0.06957  -0.02119   0.02090  -0.09376   0.01678   0.02359   0.09506  -0.10940  -0.17473   0.10711   0.24568  -0.13414 
 -0.03595   0.05674   0.15073  -0.10383  -0.04802   0.04038   0.24721  -0.17322  -0.02171   0.08260   0.08130  -0.07836   0.00367   0.05336   0.09820  -0.11922  -0.20466   0.05773   0.30406  -0.15531 
 -0.05720   0.06157   0.20577  -0.14030  -0.02899  -0.00080   0.13201  -0.05047   0.03497   0.07547  -0.01877  -0.09589   0.04662   0.04515   0.04137  -0.11787  -0.25885   0.12372   0.21092  -0.05572 
 -0.02725   0.06476   0.10878  -0.08294  -0.04046   0.03361   0.18813  -0.10888   0.00503   0.01033   0.01342  -0.01885   0.02880   0.02802   0.12376  -0.16157  -0.27103   0.12890   0.28531  -0.14119 
 -0.05462   0.05782   0.18095  -0.11298  -0.10520   0.04925   0.24847  -0.10748   0.01197   0.02519   0.10266  -0.09000   0.01157   0.06218   0.08377  -0.12290  -0.22368   0.05583   0.31428  -0.15622 
 -0.06578   0.05404   0.20692  -0.12534  -0.03509   0.09287   0.12182  -0.09931   0.00990   0.03931  -0.00312  -0.03770   0.04437   0.07920   0.01244  -0.11902  -0.20649   0.14586   0.19885  -0.08971 
 -0.03105   0.09641   0.09812  -0.09447  -0.02822   0.08316   0.14113  -0.11787   0.00825   0.05428   0.00743  -0.05229   0.01144   0.05831   0.07908  -0.11479  -0.18543   0.12241   0.25642  -0.15322 
 -0.03806   0.08595   0.14195  -0.11636  -0.06743   0.09535   0.21375  -0.15166  -0.01326   0.06697   0.08381  -0.07732   0.05433   0.08720   0.09244  -0.22690  -0.14480   0.12550   0.26638  -0.20504 
 -0.03560   0.09935   0.17810  -0.16993  -0.03532   0.09800   0.11373  -0.09635  -0.00831   0.00658   0.00449   0.00342   0.03770   0.05709   0.08142  -0.15394  -0.16916   0.13248   0.21205  -0.11833 
 -0.02690   0.08087   0.11165  -0.09811  -0.03763   0.05947   0.20127  -0.14726  -0.00246   0.02753   0.00480  -0.01745   0.04685   0.05894   0.05489  -0.14282  -0.25335   0.09949   0.29725  -0.14477 
 -0.04554   0.06687   0.17111  -0.12061  -0.08014   0.05575   0.20230  -0.09058  -0.01943   0.08157   0.06119  -0.06810   0.05993   0.05396   0.09533  -0.20439  -0.16572   0.05896   0.25712  -0.11908 
 -0.04161   0.06687   0.16987  -0.12405   0.01159   0.00755   0.07067  -0.06085   0.01438  -0.01084  -0.00017  -0.01037   0.03872   0.09993   0.05330  -0.16856  -0.22491   0.15383   0.17838  -0.06486 
 -0.01905   0.07159   0.08719  -0.08021  -0.04337   0.01959   0.20907  -0.11707   0.04103   0.02430   0.02868  -0.08699   0.00370   0.09031   0.08578  -0.13998  -0.19126   0.09317   0.28043  -0.15791 
 -0.03983   0.05997   0.17933  -0.13056  -0.06798   0.11560   0.22857  -0.18969  -0.01100   0.08847   0.11283  -0.12088   0.06532   0.05787   0.08367  -0.20422  -0.20609   0.10367   0.27694  -0.15067 
 -0.03948   0.09690   0.18779  -0.17378  -0.00241   0.06101   0.11093  -0.10944   0.03376   0.00654  -0.01123  -0.04215   0.02801   0.07830   0.00393  -0.08882  -0.21981   0.15311   0.17015  -0.05962 
 -0.01434   0.08087   0.07546  -0.08373  -0.05980   0.08681   0.21574  -0.15677   0.02512   0.05617   0.03351  -0.09217   0.00251   0.05882   0.09751  -0.12165  -0.21354   0.09669   0.27853  -0.14194 
 -0.05279   0.08036   0.18257  -0.13541  -0.09026   0.02713   0.27490  -0.14171   0.02160   0.07256  -0.01366  -0.07565   0.03915   0.04861   0.08215  -0.14923  -0.22110   0.08712   0.27688  -0.12706 
 -0.04662   0.06317   0.18499  -0.13100  -0.08766   0.12730   0.13782  -0.07844   0.04549   0.03272  -0.05003  -0.06043   0.01502   0.12028  -0.00989  -0.09870  -0.13425   0.13434   0.18834  -0.11993 
 -0.03454   0.11283   0.08769  -0.09568  -0.09481   0.09695   0.20891  -0.11294   0.00241   0.05108   0.00156  -0.03923   0.01263   0.07351   0.05440  -0.10641  -0.20604   0.10482   0.25645  -0.12389 
 -0.06352   0.08796   0.15549  -0.10178  -0.05373   0.08877   0.21889  -0.17124  -0.01240   0.07812   0.06305  -0.07546   0.09360  -0.03924   0.12778  -0.22405  -0.15532   0.06645   0.28441  -0.17082 
 -0.02211   0.05674   0.19216  -0.16564  -0.03717   0.06189   0.15175  -0.09888   0.02167   0.02100  -0.03492  -0.02537   0.02483   0.13792   0.04408  -0.17927  -0.24200   0.11516   0.23335  -0.08205 
 -0.03489   0.09245   0.11919  -0.10466  -0.02543   0.07823   0.13720  -0.11403   0.02017   0.03289   0.00421  -0.05013   0.01840   0.05140   0.10207  -0.14202  -0.18384   0.14350   0.24859  -0.16285 
 -0.03105   0.08392   0.14195  -0.12319  -0.04309   0.01157   0.21979  -0.12368  -0.00551   0.04378   0.13493  -0.10345   0.03258   0.02397   0.11931  -0.15862  -0.17408   0.05699   0.29560  -0.16508 
 -0.03630   0.03801   0.20231  -0.14299  -0.06342   0.11371   0.16002  -0.11552   0.05165  -0.06449   0.00479  -0.02939   0.01824   0.04667   0.06925  -0.10491  -0.19610   0.13649   0.20481  -0.09512 
 -0.03489   0.07315   0.12706  -0.09608  -0.09201   0.08176   0.17902  -0.07409   0.02202   0.04259   0.01988  -0.06844   0.01052   0.05272   0.07273  -0.10291  -0.22159   0.11846   0.25921  -0.12805 
 -0.06165   0.08036   0.15592  -0.09811  -0.06892   0.05826   0.22391  -0.12966   0.01890   0.08355   0.05438  -0.12118   0.04779   0.03508   0.14196  -0.22448  -0.23372   0.08558   0.30048  -0.15120 
 -0.04554   0.07055   0.20270  -0.15905  -0.02216   0.02811   0.13189  -0.07680   0.03142   0.08237  -0.05305  -0.07981   0.02020   0.07624   0.05156  -0.11640  -0.20773   0.16627   0.17396  -0.08065 
 -0.02484   0.09196   0.09368  -0.09447  -0.09122   0.08725   0.18021  -0.08022   0.04745   0.00899  -0.04104  -0.04963   0.01588   0.06752   0.03448  -0.08849  -0.19186   0.13688   0.23346  -0.13120 
 -0.04771   0.08342   0.13117  -0.09326  -0.05894   0.08749   0.21268  -0.15488  -0.01948   0.06950   0.07707  -0.06708   0.03408   0.09594   0.09951  -0.20903  -0.22441   0.11378   0.27251  -0.14014 
 -0.05609   0.09690   0.18297  -0.14661  -0.03232   0.10647   0.07388  -0.07585   0.00909   0.06701   0.00694  -0.06368   0.04806   0.14063  -0.02516  -0.15512  -0.18283   0.11763   0.18872  -0.07296 
 -0.02279   0.11567   0.06869  -0.09689  -0.06118   0.04058   0.21280  -0.11334   0.02744   0.00008  -0.00477  -0.03212   0.00268   0.06306   0.09785  -0.12593  -0.22780   0.11927   0.26002  -0.12572 
 -0.05133   0.06157   0.16569  -0.10424  -0.07314   0.07100   0.24897  -0.16620  -0.01413   0.04683   0.10511  -0.07287   0.02935   0.06751   0.09557  -0.16634  -0.21576   0.13948   0.25547  -0.14507 
 -0.05757   0.08746   0.19097  -0.14525  -0.04445   0.09196   0.15197  -0.11354   0.00497   0.03551   0.00191  -0.03095   0.02721   0.11429  -0.00957  -0.10953  -0.25111   0.16201   0.20558  -0.08349 
 -0.04339   0.10855   0.10057  -0.09246  -0.04391   0.01355   0.20427  -0.10697  -0.01475   0.03990   0.04246  -0.02995   0.00900   0.05826   0.08083  -0.11318  -0.18532   0.11670   0.26141  -0.15523 
 -0.04988   0.06264   0.16652  -0.10755  -0.07097   0.10025   0.19400  -0.12889   0.01578   0.05068   0.05864  -0.08845   0.00932   0.07856   0.14549  -0.20836  -0.19867   0.15174   0.25757  -0.17194 
 -0.05206   0.10228   0.18136  -0.15486  -0.04424   0.07546   0.16214  -0.11004   0.01946   0.00117   0.04230  -0.04577   0.03919   0.08659   0.02440  -0.12848  -0.15362   0.14234   0.13543  -0.06169 
 -0.02109   0.08392   0.09517  -0.09366  -0.06621   0.06442   0.19678  -0.10809   0.01125  -0.01690   0.05412  -0.02917   0.02790   0.07774   0.08623  -0.16374  -0.23578   0.09505   0.25561  -0.09666 
 -0.05462   0.06210   0.16694  -0.10219  -0.08970   0.07802   0.21414  -0.10897   0.05834   0.06086   0.04880  -0.16371  -0.00438   0.12272   0.10631  -0.18565  -0.16513   0.12270   0.24612  -0.15530 
 -0.04483   0.10228   0.17277  -0.15440  -0.03915   0.07740   0.15026  -0.10699   0.01558   0.03245   0.03905  -0.06176   0.07632   0.08008  -0.00407  -0.15609  -0.16794   0.15186   0.17260  -0.09329 
 -0.01201   0.09146   0.09517  -0.11089  -0.04727   0.12101   0.16737  -0.15158  -0.02022   0.06809   0.00521  -0.02632   0.02790   0.05886   0.04002  -0.10177  -0.18861   0.09633   0.26091  -0.13520 
 -0.04662   0.09394   0.14195  -0.11298  -0.01896   0.06816   0.22496  -0.21534  -0.00987   0.08491   0.06341  -0.08532   0.01791   0.08720   0.10519  -0.17949  -0.21408   0.11826   0.26901  -0.14616 
 -0.04054   0.09444   0.18217  -0.16328  -0.02083   0.05456   0.12526  -0.09141   0.03874   0.04029  -0.04352  -0.05938   0.04540   0.11101   0.05223  -0.19075  -0.17581   0.13639   0.20848  -0.11276 
