10 20 3 1 47 -3.4779 2.6922 4.5965 4103
 -0.02068   0.07168   0.10059  -0.08903  -0.05226   0.08214   0.19674  -0.14088   0.02527  -0.02220   0.00176  -0.01788   0.00954   0.05966   0.06715  -0.10221  -0.18759   0.12331   0.20804  -0.09385 
 -0.04399   0.07064   0.14144  -0.09663  -0.06245   0.07012   0.20117  -0.12205  -0.01209   0.09232   0.00280  -0.05525   0.03083   0.09080   0.04932  -0.14305  -0.23856   0.16900   0.18616  -0.07664 
 -0.05815   0.11093   0.13022  -0.10355  -0.04367   0.07873   0.13699  -0.09028  -0.00992   0.07733  -0.00450  -0.04165   0.09406   0.02043   0.04179  -0.17518  -0.15450   0.07361   0.17175  -0.04596 
 -0.01899   0.06959   0.09864  -0.08784  -0.06483   0.04328   0.18974  -0.08702   0.01212  -0.00352   0.01882  -0.02108   0.02051   0.03721   0.05601  -0.08863  -0.20598   0.12030   0.18967  -0.06168 
 -0.05229   0.05687   0.13294  -0.07000  -0.06354   0.06912   0.18683  -0.10486  -0.00582  -0.01594   0.05308  -0.00835   0.08310   0.03901   0.04541  -0.17574  -0.17414   0.11852   0.27142  -0.18026 
 -0.03515   0.06275   0.16515  -0.12371  -0.06210   0.12133   0.13178  -0.09775  -0.00123   0.04471   0.01448  -0.03604   0.06030   0.03799   0.01945  -0.11323  -0.16142   0.11625   0.18010  -0.07758 
 -0.03131   0.08801   0.09913  -0.08823  -0.07397   0.08247   0.19533  -0.11141  -0.00349   0.00693   0.05236  -0.02554   0.03751   0.09313   0.03742  -0.14409  -0.22578   0.13850   0.20203  -0.07565 
 -0.05742   0.08801   0.13788  -0.09221  -0.00701   0.03493   0.21322  -0.18897   0.04044  -0.02740   0.05236  -0.06129  -0.00411   0.10429   0.10830  -0.16791  -0.21723   0.15958   0.20601  -0.10190 
 -0.03235   0.07890   0.15881  -0.13415  -0.03951   0.06939   0.11775  -0.07235   0.00140  -0.00211  -0.00928   0.00369   0.03776   0.06326   0.08196  -0.16042  -0.22078   0.10421   0.23193  -0.08486 
 -0.03760   0.06592   0.12242  -0.08350  -0.03641   0.02929   0.16777  -0.09116   0.02555  -0.00531  -0.03234  -0.01387   0.01421   0.12171   0.05802  -0.15879  -0.24689   0.13897   0.20639  -0.06858 
 -0.04794   0.07941   0.12611  -0.08547  -0.05850   0.09032   0.20923  -0.15397   0.02696   0.00525   0.05438  -0.06594   0.03415   0.09182   0.05849  -0.15824  -0.19966   0.16278   0.19266  -0.10159 
 -0.04114   0.09742   0.14365  -0.12414  -0.01082   0.07094   0.10143  -0.09735  -0.00457   0.03867   0.00901  -0.02477   0.08063   0.05517   0.01977  -0.16127  -0.24620   0.21754   0.11954  -0.05459 
 -0.02204   0.10471   0.06774  -0.08784  -0.05958   0.08179   0.19942  -0.13364  -0.01879   0.06685   0.00873  -0.02872   0.00101   0.06306   0.10428  -0.13043  -0.22848   0.16678   0.17458  -0.06945 
 -0.06598   0.10229   0.13699  -0.09381  -0.06066   0.04962   0.22728  -0.13757   0.02615   0.00516   0.09890  -0.09268   0.06207   0.05084   0.08900  -0.19742  -0.19347   0.17601   0.22812  -0.15970 
 -0.03096   0.08094   0.17099  -0.15076  -0.03136   0.09072   0.14316  -0.12180   0.01053   0.02404  -0.04736  -0.00829   0.04742   0.05721   0.00737  -0.10037  -0.14526   0.17219   0.10838  -0.06826 
 -0.01697   0.09299   0.06721  -0.08390  -0.05704   0.11423   0.17963  -0.14459   0.01999  -0.01356  -0.05114   0.00568   0.02113   0.06359   0.09403  -0.14838  -0.21432   0.12535   0.20031  -0.07078 
 -0.04866   0.08348   0.13113  -0.09221  -0.07676   0.12675   0.21538  -0.17152   0.06112  -0.03400  -0.02162  -0.04937   0.02094   0.04997   0.05553  -0.09875  -0.27035   0.14595   0.24728  -0.10620 
 -0.05011   0.08600   0.15367  -0.11351  -0.00700   0.05936   0.08007  -0.07728  -0.01716  -0.03935  -0.05242   0.06047   0.05152   0.08057  -0.01482  -0.10876  -0.20280   0.14599   0.17732  -0.07075 
 -0.02751   0.07220   0.06563  -0.05544  -0.08832   0.10397   0.20489  -0.12236   0.01650  -0.00073   0.01621  -0.02724   0.01139   0.05748   0.08679  -0.12159  -0.27734   0.17487   0.23823  -0.11648 
 -0.07740   0.09791   0.16347  -0.10273  -0.06787   0.09047   0.20757  -0.13940   0.01638   0.01930   0.03588  -0.05117   0.01142   0.06065   0.08983  -0.12747  -0.19771   0.12042   0.22819  -0.10733 
 -0.04902   0.08043   0.15582  -0.11226  -0.03701   0.10536   0.14087  -0.12457  -0.00870   0.06026  -0.08160   0.00216   0.06140   0.07238   0.03900  -0.16337  -0.19718   0.17962   0.15029  -0.07620 
 -0.03166   0.11188   0.08472  -0.09583  -0.05659   0.06328   0.16182  -0.08491   0.00761   0.04231  -0.05395  -0.01479  -0.03475   0.10532   0.07213  -0.09228  -0.17452   0.11911   0.17268  -0.06409 
 -0.05521   0.08700   0.10783  -0.06849  -0.06659   0.10810   0.17045  -0.11686   0.02070  -0.03753   0.05337  -0.02798   0.01723   0.04524   0.13294  -0.17052  -0.22973   0.12909   0.24337  -0.11162 
 -0.05668   0.07427   0.16683  -0.10934  -0.02935   0.10784   0.08106  -0.08604  -0.00110  -0.00550   0.03568  -0.01180   0.06441   0.10753  -0.02568  -0.14548  -0.20467   0.15434   0.16120  -0.06123 
 -0.02785   0.10181   0.07087  -0.08116  -0.06263   0.07377   0.21563  -0.14119  -0.00622   0.03428   0.02192  -0.02582   0.03468   0.06497   0.06336  -0.13811  -0.18711   0.15186   0.19496  -0.10310 
 -0.04974   0.08901   0.14321  -0.10643  -0.09808   0.11960   0.17991  -0.09869   0.02659  -0.02294   0.07363  -0.05674   0.03688   0.05778   0.11710  -0.19473  -0.17655   0.11269   0.25186  -0.14545 
 -0.04506   0.07787   0.16808  -0.12716  -0.01726   0.04660   0.12883  -0.09342   0.01221   0.08725  -0.03603  -0.06441   0.05504   0.06616   0.02064  -0.13028  -0.17551   0.17393   0.14929  -0.08438 
 -0.01697   0.09840   0.08067  -0.09866  -0.03499   0.05580   0.19828  -0.14459   0.03004  -0.00093  -0.00999  -0.03251   0.03699   0.11379   0.03941  -0.16658  -0.25375   0.13833   0.21115  -0.06922 
 -0.03831   0.08246   0.13339  -0.10520  -0.07633   0.06811   0.23875  -0.14608   0.03960   0.02003  -0.02850  -0.05204   0.03887   0.05443   0.09447  -0.16763  -0.15488   0.16239   0.21637  -0.16158 
 -0.03201   0.08449   0.15796  -0.13858  -0.04852   0.08316   0.11413  -0.06882  -0.02594   0.09131  -0.07230  -0.00519   0.04967   0.12183   0.03483  -0.19220  -0.22916   0.20427   0.11460  -0.04848 
 -0.04435   0.12998   0.06351  -0.08077  -0.05862   0.06118   0.16711  -0.08579   0.01947  -0.02500   0.04187  -0.02816   0.05265   0.10145   0.04930  -0.18938  -0.24252   0.17258   0.19588  -0.08711 
 -0.04506   0.08700   0.12519  -0.09381  -0.02788   0.05240   0.16634  -0.11799   0.03378  -0.03472   0.00871  -0.02454   0.02272   0.09688   0.10454  -0.19702  -0.19564   0.16118   0.21023  -0.12220 
 -0.03062   0.07992   0.13967  -0.11816  -0.04232   0.08351   0.08220  -0.05253  -0.03039  -0.00578   0.02297   0.02658   0.05691   0.07409   0.02375  -0.14325  -0.18452   0.13396   0.15619  -0.05376 
 -0.03760   0.07992   0.07811  -0.05912  -0.06768   0.07999   0.14364  -0.06841   0.00320   0.02753   0.01579  -0.02963   0.01499   0.02921   0.07431  -0.09168  -0.28336   0.20733   0.15960  -0.06061 
 -0.07318   0.10181   0.11212  -0.06509  -0.02407   0.08052   0.17297  -0.15384   0.01897   0.05679   0.02530  -0.07884   0.05352   0.04813   0.10437  -0.19803  -0.16368   0.14403   0.19562  -0.11364 
 -0.02340   0.09100   0.13922  -0.13636  -0.02145   0.10636   0.04778  -0.07103   0.03871  -0.03315  -0.01377  -0.02172   0.07323   0.04187   0.02636  -0.14280  -0.15746   0.12890   0.13176  -0.04652 
 -0.00309   0.07220   0.05332  -0.07420  -0.07092   0.13197   0.17518  -0.13821   0.02339  -0.00342  -0.02627  -0.01491  -0.03405   0.11863   0.09010  -0.12286  -0.21961   0.16442   0.13800  -0.04076 
 -0.06748   0.11424   0.11354  -0.08194  -0.03319   0.11690   0.16884  -0.16999   0.00911   0.03325   0.00608  -0.03660   0.02452   0.04194   0.07518  -0.11515  -0.16613   0.18625   0.19046  -0.14468 
 -0.03410   0.10663   0.12473  -0.12285  -0.02095   0.06572   0.06774  -0.05528  -0.01516   0.09175  -0.15556   0.01058   0.01758   0.16221   0.01641  -0.16969  -0.17316   0.16962   0.12678  -0.06281 
 -0.03480   0.12679   0.03673  -0.06962  -0.03280   0.07895   0.16934  -0.13576   0.04955  -0.06072  -0.00306  -0.02497   0.04193   0.06791   0.05098  -0.13967  -0.12819   0.10929   0.16466  -0.08118 
 -0.01296   0.05848   0.11022  -0.09623  -0.02788   0.07780   0.12820  -0.10227   0.02464   0.06591  -0.05966  -0.05277   0.05004   0.07088   0.09062  -0.19852  -0.17620   0.13232   0.20475  -0.10506 
 -0.02374   0.09150   0.11730  -0.11562  -0.03545   0.12565   0.03866  -0.06314   0.02410   0.04690  -0.12069  -0.01385   0.04834   0.07934   0.00991  -0.12286  -0.16311   0.15351   0.07135  -0.01627 
 -0.02136   0.10950   0.01416  -0.05580  -0.03265   0.08787   0.11160  -0.08989   0.05418  -0.08022  -0.08435   0.01223   0.06449   0.00094   0.07355  -0.14003  -0.12817   0.10256   0.15763  -0.06997 
 -0.00965   0.04431   0.08573  -0.07038  -0.04027   0.03945   0.10469  -0.04133   0.02161   0.01354  -0.11926   0.01123  -0.00545   0.09536   0.02708  -0.07957  -0.11701   0.07856   0.16542  -0.06897 
 -0.03410   0.06008   0.07914  -0.04960   0.00410   0.05839   0.00050  -0.03927   0.05026  -0.07101  -0.10902   0.02086   0.07155   0.07873  -0.10611  -0.07490  -0.08761   0.04806  -0.00229   0.04045 
  0.00909   0.03762  -0.04086  -0.00947  -0.00269   0.06736   0.05972  -0.07407   0.08956   0.02023  -0.21483  -0.05810   0.11128   0.06579  -0.02482  -0.18782  -0.08553   0.13481   0.10037  -0.07680 
  0.01786   0.08043   0.02703  -0.08784   0.02870   0.23955   0.05096  -0.32401   0.13698   0.08899  -0.18303  -0.23917   0.17449   0.19913  -0.05739  -0.60189  -0.06972   0.28842   0.10671  -0.27245 
  0.06924   0.21815   0.01178  -0.32930   0.24391  -0.22283  -0.15263  -0.28770   0.33110  -0.59249  -0.44558  -0.37971   0.31034  -0.18447  -0.28003  -0.34907   0.05898   0.00879  -0.01213  -0.05237 
  0.27995  -0.24246  -0.21824  -0.27794  -0.50426  -0.60527   0.67919  -0.66506  -0.09980  -0.29334   0.47120  -0.16356  -0.14559  -0.50341   0.50391  -0.49401  -0.72102  -0.39564   0.59949  -0.45576 
 -0.39925  -0.51530   0.62131  -0.53452  -1.96904  -3.61321   0.78576  -3.61321  -0.93623  -3.61321   0.84797  -3.61321  -2.24952  -3.61321   0.71136  -3.61321  -1.05469  -3.61321   0.71075  -3.61321 
 -1.70827  -3.61321   0.76050  -3.61321  -3.61321  -3.61321  -3.61321   0.50002  -3.61321  -3.61321  -3.61321  -3.61321  -3.61321  -1.26982  -3.61321   0.49949  -3.61321  -3.61321  -3.61321  -3.61321 
 -3.61321  -1.25712  -3.61321   0.48082  -3.61321  -3.61321  -3.61321  -3.61321   0.38352  -0.87841  -0.72407  -0.60427  -3.61321  -3.61321  -3.61321  -3.61321   0.40589  -1.08527  -0.00154  -0.78043 
  0.35367  -1.10057   0.03616  -0.74377   0.33180  -0.42848  -0.68159  -0.34962   0.27472  -1.03519  -0.40436  -0.09268   0.45953  -0.79536  -0.72613  -1.00102   0.25055  -0.60136  -0.03850  -0.12127 
  0.37311  -0.50733  -0.60392  -0.40199  -0.58831  -0.86194   0.69844  -0.64910  -0.15102  -0.51628   0.59223  -0.30148  -0.56559  -0.89514   0.62795  -0.66221  -0.39586  -0.66464   0.59046  -0.51265 
 -0.50098  -0.81598   0.66098  -0.61055  -0.19130  -0.13795  -0.01381   0.19284   0.01180   0.00075  -0.16683   0.04412  -0.36073  -0.37926  -0.64599   0.37578  -0.00197  -0.28780   0.05611   0.06272 
 -0.29917  -0.31585  -0.38720   0.31842   0.04806  -0.07435  -0.12272   0.03251   0.13443  -0.23093  -0.28717   0.02064   0.07051  -0.07134  -0.63593   0.14168   0.23362  -0.30446  -0.13898  -0.09764 
  0.15740  -0.24139  -0.14642  -0.02769  -0.08470   0.06045  -0.17626   0.11169   0.06252  -0.10415  -0.15088   0.03436   0.01509   0.06959  -0.29204   0.06760   0.02596  -0.05340  -0.15816   0.06688 
 -0.01933   0.00673  -0.18225   0.08490   0.01393   0.02281  -0.21111   0.05454   0.09697  -0.08405  -0.24192   0.00287   0.07160   0.00955  -0.13569  -0.01142   0.00936   0.03004  -0.13487   0.03801 
  0.03338   0.00310  -0.17028   0.03628  -0.00008  -0.00359  -0.15173   0.06321   0.05097  -0.15432  -0.18715   0.07785   0.05455   0.08933  -0.22682  -0.00543  -0.01407  -0.03585  -0.07121   0.05829 
  0.01287  -0.02913  -0.13371   0.05831  -0.01097  -0.02720  -0.18660   0.09343   0.05205  -0.14507  -0.19083   0.07408   0.01542  -0.05459  -0.17770   0.09307  -0.00445  -0.05788  -0.11600   0.07610 
  0.00464  -0.06393  -0.15510   0.08623  -0.00546  -0.03544  -0.16960   0.08702   0.06535  -0.26781  -0.27595   0.11598  -0.08045   0.00722  -0.26634   0.15935  -0.01689  -0.08776  -0.11565   0.09380 
 -0.00833  -0.08505  -0.16486   0.10693   0.01741  -0.10037  -0.12591   0.07619   0.06025  -0.19557  -0.22621   0.09076  -0.04457   0.01213  -0.16644   0.10667  -0.02082  -0.05667  -0.12377   0.08904 
 -0.00115  -0.08430  -0.13623   0.09254  -0.00702  -0.06231  -0.14958   0.09281   0.06488  -0.19632  -0.21782   0.08411   0.01536  -0.09082  -0.20191   0.11451  -0.00827  -0.07299  -0.11294   0.08265 
  0.00304  -0.09333  -0.14300   0.09437   0.00425  -0.06876  -0.16225   0.08862   0.07745  -0.16957  -0.20879   0.05806   0.01693  -0.08987  -0.18830   0.10875   0.00524  -0.07108  -0.13115   0.07899 
  0.01381  -0.09106  -0.15248   0.08755  -0.00119   0.00863  -0.15347   0.05926   0.05346  -0.19564  -0.27949   0.10835  -0.01759  -0.01514  -0.19260   0.10752  -0.00053  -0.10103  -0.12806   0.09127 
  0.00240  -0.06750  -0.15598   0.08966  -0.03142  -0.01271  -0.12862   0.08843   0.05162  -0.18964  -0.34760   0.11955  -0.01409  -0.08279  -0.20334   0.13427  -0.00264  -0.07386  -0.10121   0.07507 
 -0.00833  -0.07473  -0.14300   0.09696  -0.01395  -0.06891  -0.13683   0.09750   0.05708  -0.12374  -0.25541   0.07453  -0.00178  -0.06702  -0.20209   0.11921  -0.00270  -0.11044  -0.08800   0.08186 
 -0.00082  -0.09715  -0.13039   0.09489   0.00363  -0.11547  -0.14711   0.10068   0.01669  -0.12701  -0.38098   0.13672  -0.04846  -0.09666  -0.13788   0.14231   0.05487  -0.11447  -0.15257   0.06293 
  0.01443  -0.11837  -0.16396   0.09954  -0.02632  -0.07339  -0.15959   0.11597   0.02121  -0.13310  -0.19289   0.10202  -0.02685  -0.13194  -0.12843   0.13603   0.03250  -0.08563  -0.10934   0.05638 
 -0.00147  -0.09869  -0.13122   0.09619  -0.01985  -0.06653  -0.13819   0.10213   0.07926  -0.11501  -0.27186   0.04810  -0.03026  -0.09008  -0.22093   0.15256   0.02164  -0.20152  -0.06923   0.08264 
  0.00592  -0.13062  -0.12381   0.09825  -0.01687  -0.08785  -0.07983   0.08821   0.05627  -0.08827  -0.37552   0.08226  -0.08562   0.00845  -0.15037   0.12998   0.04595  -0.10771  -0.11865   0.05639 
  0.00528  -0.08579  -0.12463   0.08410  -0.02852  -0.04669  -0.14768   0.10500   0.03882  -0.17135  -0.21632   0.10309  -0.00670  -0.11415  -0.12639   0.11508   0.02860  -0.10987  -0.12274   0.07181 
  0.00208  -0.10178  -0.13707   0.09619   0.01054  -0.07008  -0.12566   0.07185   0.06972  -0.13310  -0.39013   0.08748  -0.01045  -0.03563  -0.16158   0.10070   0.02249  -0.10967  -0.10425   0.06978 
  0.01724  -0.09409  -0.13791   0.08116  -0.00197  -0.07844  -0.08881   0.07442   0.08695  -0.18054  -0.22650   0.05450  -0.03799  -0.05039  -0.14226   0.12028   0.02548  -0.13041  -0.06066   0.05724 
  0.01506  -0.11277  -0.09309   0.07440   0.00370  -0.06735  -0.09132   0.06571   0.05815  -0.11672  -0.21737   0.06218  -0.05718  -0.03591  -0.12015   0.11999   0.01262  -0.10435  -0.04906   0.05395 
  0.00400  -0.08729  -0.08406   0.07167  -0.03206  -0.06746  -0.07557   0.09259   0.04409  -0.08691  -0.18008   0.05629  -0.01415  -0.14881  -0.11394   0.12721   0.04530  -0.15040  -0.06104   0.04779 
  0.00687  -0.11516  -0.08184   0.07820  -0.01969  -0.05478  -0.09510   0.08396   0.04281  -0.13631  -0.25539   0.09468  -0.00667  -0.03353  -0.16918   0.09943   0.00882  -0.11025  -0.07428   0.06872 
 -0.00244  -0.08729  -0.10622   0.08490  -0.00480  -0.00987  -0.10563   0.05519   0.03073  -0.05071  -0.23330   0.06681  -0.02248  -0.06141  -0.05360   0.07827  -0.00339  -0.13196  -0.04376   0.07165 
 -0.00505  -0.07110  -0.07741   0.07085  -0.01342  -0.07688  -0.02641   0.06050   0.10675  -0.18605  -0.20470   0.02494   0.01225   0.00057  -0.09164   0.03676   0.02520  -0.18121  -0.02971   0.05886 
  0.02125  -0.11918  -0.05178   0.05519   0.00269  -0.06916  -0.05699   0.05440   0.05873  -0.20585  -0.17399   0.08390  -0.02257  -0.02506  -0.15124   0.10196   0.04795  -0.13158  -0.05466   0.03717 
  0.02002  -0.10489  -0.07741   0.06141  -0.01273  -0.12621  -0.02667   0.07739   0.05219  -0.09357  -0.19723   0.05430  -0.04605  -0.05624  -0.10587   0.11521   0.03642  -0.12176  -0.04254   0.03825 
  0.00719  -0.11197  -0.05735   0.06754   0.00010  -0.03381  -0.05162   0.04010   0.08174  -0.07177  -0.15540  -0.00592  -0.02402  -0.09539  -0.07587   0.10226   0.02940  -0.11679  -0.04704   0.04425 
  0.01599  -0.08207  -0.05875   0.04917   0.03463  -0.08172  -0.10910   0.04571   0.02745  -0.12141  -0.22918   0.09937  -0.02262   0.00192  -0.09202   0.06684   0.03419  -0.13500  -0.04188   0.04393 
  0.02309  -0.09409  -0.08630   0.05803   0.00085  -0.05599  -0.07415   0.05768   0.03364  -0.16306  -0.24580   0.11139   0.02567  -0.02020  -0.17614   0.06867   0.02899  -0.10291  -0.02314   0.02915 
  0.01630  -0.08579  -0.07888   0.05831   0.01868  -0.10537  -0.02902   0.04005  -0.02874  -0.09315  -0.12675   0.11622   0.02272  -0.05946  -0.11912   0.06732   0.02228  -0.13940  -0.01717   0.04351 
  0.01067  -0.11118  -0.04424   0.05888   0.01585  -0.06963  -0.05950   0.04208   0.06231  -0.13469  -0.23869   0.06941  -0.01639  -0.05790  -0.02513   0.05806   0.03268  -0.09304  -0.02241   0.02230 
  0.02064  -0.08879  -0.04834   0.04306   0.01182  -0.07959   0.00747   0.02019   0.02243  -0.08541  -0.23180   0.09058  -0.00560  -0.03677  -0.04782   0.05063   0.01763  -0.04657  -0.07067   0.03887 
  0.01067  -0.06465  -0.05109   0.04394   0.00634  -0.05424  -0.07529   0.05192   0.06095  -0.06052  -0.25594   0.04208  -0.02793  -0.02575  -0.05304   0.06680   0.01384  -0.03385  -0.04341   0.02498 
  0.01130  -0.04584  -0.07303   0.04453   0.00833  -0.09088  -0.04704   0.05305   0.00639  -0.08356  -0.13138   0.08177   0.00330  -0.07970  -0.08678   0.07920   0.02195  -0.10263  -0.04230   0.04340 
  0.01004  -0.09409  -0.05945   0.05944  -0.00723  -0.06899  -0.07009   0.06903  -0.00951  -0.05268  -0.14110   0.08590   0.02501  -0.06955  -0.08245   0.05388   0.01462  -0.06294  -0.03409   0.03145 
  0.00144  -0.06750  -0.06016   0.05718  -0.00408  -0.06263  -0.08007   0.06730   0.02053  -0.00982  -0.19160   0.04702  -0.02121   0.00333  -0.10425   0.07017   0.00545  -0.09134  -0.03344   0.04823 
 -0.00212  -0.05479  -0.07231   0.06000   0.01650  -0.05017  -0.07651   0.04015   0.03358  -0.10547  -0.14327   0.06634   0.00715  -0.00453  -0.09210   0.04436   0.02243  -0.13639   0.00084   0.03383 
  0.01724  -0.08356  -0.04971   0.04482   0.01099  -0.05013  -0.05948   0.03911   0.04224  -0.10994  -0.10745   0.04828  -0.01092  -0.03959  -0.03863   0.05200   0.01394  -0.02902  -0.01467   0.00909 
  0.01161  -0.05271  -0.03951   0.03299  -0.00971  -0.02192  -0.04951   0.04384   0.04557  -0.07245  -0.11115   0.02805  -0.05382  -0.03733  -0.01169   0.07189   0.04012  -0.04850  -0.04455   0.00951 
  0.00846  -0.04380  -0.04560   0.03479   0.00943  -0.00498  -0.03992   0.01142   0.05362  -0.06890  -0.24059   0.05147  -0.00834  -0.03124  -0.05452   0.05369   0.01809  -0.14264   0.02457   0.02709 
  0.01599  -0.06536  -0.03350   0.03149  -0.00603  -0.08399  -0.00299   0.04571   0.05994  -0.13812  -0.21044   0.06714   0.00952   0.04528  -0.09120   0.01383   0.03594  -0.10789  -0.01920   0.02322 
  0.01940  -0.07765  -0.04221   0.03717   0.03684  -0.08060  -0.02605   0.00821   0.07223  -0.07807  -0.28243   0.04237  -0.01618  -0.04710  -0.05395   0.06726   0.00673  -0.13755  -0.00702   0.05001 
  0.02401  -0.09562  -0.04289   0.04013   0.00676  -0.09661  -0.05124   0.05845   0.03321  -0.07858  -0.10245   0.04280   0.04498  -0.11476  -0.12152   0.06978   0.00377  -0.05564  -0.00210   0.02175 
  0.01381  -0.08505  -0.04424   0.04627   0.02033  -0.09105  -0.03063   0.03348   0.05481  -0.14444  -0.15797   0.06248  -0.02549  -0.08476  -0.06392   0.09442   0.00857  -0.14420  -0.01138   0.05266 
