IntronPotTab 1 1024 -4.64374 0.42158 4.01818 16606 6 16   56.90
    0.01420
    0.12202
   -0.11433
   -0.01247
    0.03775
    0.04800
   -0.08735
   -0.03295
    0.00324
    0.09098
   -0.10838
   -0.00875
   -0.15587
    0.09059
    0.05672
   -0.00177
   -0.04464
    0.09899
   -0.14103
    0.06367
   -0.03099
    0.11325
   -0.07702
   -0.04510
    0.02750
    0.05986
   -0.14487
    0.03182
   -0.01365
    0.04725
    0.00540
   -0.04693
   -0.00711
    0.09251
   -0.06404
   -0.02849
   -0.00256
   -0.01188
   -0.06515
    0.04787
    0.03013
    0.04897
   -0.02870
   -0.08172
   -0.13915
    0.02363
    0.04006
    0.03641
   -0.20048
    0.22926
   -0.17627
    0.05609
    0.01799
    0.04749
   -0.01127
   -0.05584
   -0.01122
    0.09196
   -0.08186
   -0.01276
   -0.28336
    0.06585
    0.14325
   -0.02942
   -0.00480
    0.01882
   -0.06917
    0.06989
    0.03893
   -0.00047
   -0.06111
    0.00695
    0.03174
    0.02721
   -0.09912
    0.01768
   -0.02105
   -0.00939
    0.00613
    0.01961
   -0.03789
    0.10938
   -0.16172
    0.05854
   -0.06655
    0.13544
   -0.06143
   -0.04726
   -0.02012
    0.08611
   -0.15562
    0.03928
   -0.02621
    0.02791
   -0.03127
    0.00834
    0.02194
    0.01985
   -0.09185
    0.05731
    0.02331
   -0.05265
    0.00793
    0.03895
    0.02228
    0.00262
   -0.04883
    0.02009
   -0.14120
    0.01559
    0.00057
    0.06229
    0.14675
   -0.01678
   -0.13517
   -0.04590
    0.03283
    0.01196
   -0.09692
    0.04435
    0.13686
    0.01542
   -0.16991
   -0.00377
   -0.17793
    0.00585
    0.04952
    0.02126
    0.04398
    0.07456
   -0.11281
    0.02617
    0.08335
   -0.04273
   -0.07709
    0.01960
    0.04623
    0.05839
   -0.09727
   -0.03379
   -0.07711
   -0.00876
    0.02680
    0.03660
    0.00571
    0.08860
   -0.13775
    0.05756
   -0.03425
    0.08764
   -0.09733
    0.02490
    0.02424
    0.08633
   -0.11009
   -0.03434
    0.03031
    0.02664
   -0.03418
   -0.01247
    0.03675
    0.06188
   -0.06434
   -0.02565
    0.00195
   -0.01262
   -0.06330
    0.06007
    0.02200
    0.00537
    0.01275
   -0.04953
   -0.14902
    0.04270
    0.00553
    0.05107
   -0.05212
    0.11813
   -0.09764
    0.01039
    0.00866
    0.04854
   -0.09545
    0.03249
    0.03275
    0.03974
   -0.11677
    0.04410
   -0.18924
    0.04530
    0.01192
    0.03714
   -0.08889
    0.19003
   -0.01691
   -0.05693
    0.03526
    0.02377
   -0.11388
    0.01265
   -0.04919
    0.12584
   -0.09454
   -0.03957
   -0.26199
    0.12988
    0.14131
   -0.03969
   -0.05135
    0.09377
   -0.13577
    0.05930
   -0.03773
    0.13045
   -0.11062
   -0.02844
   -0.05662
    0.14926
   -0.18345
    0.00975
   -0.03926
    0.06129
   -0.01795
   -0.03319
    0.00205
    0.01832
   -0.08536
    0.05060
   -0.03586
   -0.04426
    0.00480
    0.06915
    0.05115
    0.02572
   -0.08700
   -0.02670
   -0.09653
    0.01210
   -0.01614
    0.05359
   -0.15552
    0.16786
   -0.04195
    0.01525
    0.00604
    0.08249
   -0.08984
   -0.02571
   -0.00117
    0.08313
   -0.09066
   -0.00844
   -0.20922
    0.06222
    0.03462
    0.03260
   -0.00545
    0.07809
   -0.12821
    0.07054
   -0.00881
    0.04506
   -0.14210
    0.07599
    0.01114
    0.08063
   -0.14774
    0.04396
   -0.08539
    0.01759
   -0.08543
    0.13606
   -0.01499
    0.08183
   -0.15172
    0.06178
   -0.04455
    0.10188
   -0.10800
    0.04330
    0.03142
    0.06462
   -0.14804
    0.03027
   -0.04339
    0.04559
   -0.05666
    0.03084
    0.00697
    0.05451
   -0.05054
   -0.01210
   -0.04186
    0.04805
   -0.12195
    0.07218
    0.00997
    0.05257
   -0.05448
   -0.02607
   -0.09447
    0.06454
   -0.05369
    0.03356
   -0.05042
    0.06755
   -0.15745
    0.06916
   -0.01055
    0.06121
   -0.08884
    0.02306
    0.02058
    0.06791
   -0.10446
    0.01887
   -0.10551
    0.02900
   -0.03904
    0.06385
    0.01537
    0.02103
   -0.13027
    0.12658
   -0.02356
    0.04130
   -0.06127
    0.02420
    0.00482
    0.06159
   -0.13734
    0.03985
   -0.05446
    0.03042
   -0.06937
    0.06453
    0.00387
    0.06871
   -0.15318
    0.08133
   -0.10526
    0.09734
   -0.09977
    0.06968
   -0.06549
    0.11133
   -0.13800
    0.04238
   -0.07357
    0.07554
   -0.08848
    0.00854
    0.01242
    0.02649
   -0.06920
    0.04810
   -0.05125
    0.00687
   -0.01875
    0.05456
    0.00919
    0.03117
   -0.06849
    0.01262
   -0.18573
    0.07049
   -0.07592
    0.05123
   -0.04639
    0.06329
   -0.10160
    0.04541
   -0.03042
    0.05961
   -0.10236
    0.05682
   -0.00871
    0.06829
   -0.12031
    0.05924
   -0.09176
    0.02209
   -0.04884
    0.07456
    0.00014
    0.10800
   -0.17209
    0.08463
   -0.02051
    0.05414
   -0.09353
    0.07659
    0.02695
    0.07981
   -0.14454
    0.04737
   -0.04909
    0.02989
   -0.05853
    0.10149
    0.01158
    0.05967
   -0.16281
    0.09388
   -0.08809
    0.13406
   -0.09765
    0.05625
    0.01998
    0.13330
   -0.21583
    0.00477
    0.01879
    0.02556
   -0.04151
    0.01295
   -0.00267
    0.06976
   -0.10314
    0.04624
   -0.06669
    0.05582
   -0.09438
    0.10461
    0.04748
    0.04734
   -0.09851
   -0.01903
   -0.14170
    0.06692
   -0.06371
    0.08988
   -0.01421
    0.04661
   -0.21706
    0.13181
   -0.03276
    0.06883
   -0.10102
    0.06993
   -0.01260
    0.05029
   -0.11041
    0.08586
   -0.06174
    0.02820
   -0.06352
    0.08533
   -0.19454
    0.28907
   -0.29413
   -0.01807
   -0.00476
    0.07429
   -0.10999
   -0.00266
    0.00045
    0.05059
   -0.09712
    0.03082
   -0.20584
    0.08882
    0.05574
    0.00216
   -0.02522
    0.10917
   -0.15780
    0.04620
   -0.06830
    0.14985
   -0.09884
   -0.02705
   -0.02596
    0.09100
   -0.14323
    0.05391
   -0.06925
    0.06768
   -0.03431
   -0.01374
   -0.11278
    0.21444
   -0.17630
   -0.01301
   -0.04085
    0.04769
   -0.05319
    0.02352
   -0.02129
    0.05521
   -0.08613
    0.03782
   -0.14174
    0.06317
   -0.03428
    0.03330
   -0.13268
    0.16177
   -0.12380
    0.00343
    0.00074
    0.09378
   -0.10101
   -0.02502
   -0.02956
    0.09537
   -0.12037
    0.05487
   -0.15762
    0.06668
   -0.01843
    0.02714
   -0.01662
    0.10147
   -0.12767
    0.03679
    0.01082
    0.05935
   -0.08027
   -0.01524
   -0.03821
    0.12325
   -0.13411
    0.00976
   -0.06243
    0.03759
   -0.02917
    0.04748
   -0.02917
    0.08312
   -0.09141
    0.03921
   -0.04555
    0.09258
   -0.02826
   -0.01774
    0.00144
    0.07166
   -0.10266
    0.03570
    0.02646
    0.00411
   -0.00538
   -0.01314
   -0.03652
    0.07220
   -0.03833
    0.00547
   -0.03013
   -0.00986
   -0.10981
    0.09450
   -0.00141
    0.07846
   -0.05767
   -0.04375
   -0.12842
    0.03363
   -0.00733
    0.04611
   -0.07787
    0.09370
   -0.13133
    0.05323
    0.03147
    0.03804
   -0.06316
   -0.02056
   -0.01060
    0.09844
   -0.06694
   -0.03090
   -0.08241
    0.05161
   -0.03075
    0.02442
   -0.03462
    0.03985
   -0.09562
    0.10094
    0.02334
    0.03337
   -0.08422
    0.00032
    0.00456
    0.03374
   -0.11907
    0.05965
   -0.06576
    0.01576
   -0.02982
    0.04933
   -0.03084
    0.03658
   -0.09932
    0.08104
   -0.08079
    0.11589
   -0.01935
   -0.01530
   -0.07201
    0.09388
   -0.11569
    0.04819
   -0.05385
    0.04485
   -0.03277
   -0.00117
   -0.05083
    0.07935
   -0.11306
    0.06791
    0.04975
   -0.01302
   -0.02886
   -0.01313
   -0.02938
    0.03042
   -0.01979
    0.00228
   -0.14995
    0.02493
    0.02825
    0.01860
    0.26424
   -0.04022
   -0.21269
   -0.12625
   -0.06849
    0.05945
   -0.08552
    0.06801
    0.13617
    0.01698
   -0.15362
   -0.02863
   -0.12012
    0.02923
   -0.00981
    0.02885
    0.01112
    0.03088
   -0.08161
    0.06276
    0.03922
   -0.01586
   -0.08296
    0.05714
    0.00743
    0.08286
   -0.10524
    0.03089
   -0.02401
   -0.00706
   -0.01074
    0.04703
   -0.04258
    0.03955
   -0.07707
    0.08212
   -0.04348
    0.09635
   -0.09191
    0.04642
   -0.02946
    0.10783
   -0.07124
   -0.00488
    0.05419
   -0.00355
   -0.01985
   -0.00518
    0.02090
    0.05591
   -0.07089
    0.00611
    0.01663
   -0.04191
   -0.05547
    0.06521
    0.01746
    0.00570
   -0.01886
   -0.00778
   -0.09422
    0.01493
   -0.02446
    0.06415
   -0.06183
    0.06565
   -0.05943
    0.03969
   -0.03878
    0.04619
   -0.05379
    0.04524
   -0.05615
    0.05066
   -0.07162
    0.08423
   -0.04664
    0.01342
   -0.04563
    0.06852
   -0.01359
    0.18932
   -0.20527
    0.00467
   -0.00268
    0.04666
   -0.16664
    0.06885
   -0.04071
    0.13535
   -0.15335
    0.00663
   -0.10028
    0.06019
    0.01146
   -0.01331
   -0.04815
    0.12177
   -0.19150
    0.07577
   -0.06384
    0.13708
   -0.08632
   -0.01134
   -0.07488
    0.15382
   -0.15718
    0.02866
    0.02459
    0.05082
   -0.05305
   -0.02277
    0.01042
    0.02320
   -0.11462
    0.06741
   -0.01238
   -0.02077
   -0.04032
    0.05474
   -0.01453
    0.06238
   -0.11313
    0.02654
   -0.10070
    0.00934
    0.02035
    0.02697
   -0.12295
    0.17838
   -0.17178
    0.03264
   -0.01057
    0.07423
   -0.10536
    0.00668
   -0.03711
    0.12073
   -0.10752
    0.01530
   -0.07979
    0.04210
   -0.03701
    0.03519
   -0.09273
    0.22068
   -0.07817
   -0.03052
    0.06662
    0.08386
   -0.07865
   -0.11433
    0.04593
    0.11222
   -0.12383
   -0.09542
   -0.28135
    0.21255
    0.15147
   -0.00089
   -0.02965
    0.11908
   -0.14229
    0.03149
   -0.07879
    0.13314
   -0.12662
    0.02071
   -0.01133
    0.03563
   -0.05516
    0.03295
   -0.09004
    0.04596
    0.05772
   -0.02535
   -0.03140
    0.07539
   -0.01087
   -0.02670
   -0.01412
    0.01117
   -0.11665
    0.05810
    0.06101
    0.02999
   -0.05146
   -0.05012
   -0.16737
    0.09873
    0.06138
   -0.00940
   -0.19567
    0.26799
   -0.08380
    0.00712
    0.02840
    0.04859
   -0.09490
   -0.00453
    0.00739
    0.08043
   -0.08911
   -0.01826
   -0.36027
    0.17574
    0.12300
    0.01348
   -0.00072
    0.01154
   -0.12893
    0.13199
    0.01769
    0.00813
   -0.11750
    0.06194
    0.00791
    0.03924
   -0.11508
    0.04470
   -0.00242
   -0.02826
   -0.00193
    0.04850
   -0.01232
    0.06087
   -0.14533
    0.08648
   -0.07767
    0.11117
   -0.09602
    0.02441
   -0.00181
    0.02102
   -0.09658
    0.05869
    0.04145
    0.00006
   -0.02338
    0.00081
    0.01003
    0.02585
   -0.06941
    0.04063
    0.01599
   -0.05373
   -0.01697
    0.06273
    0.01124
    0.01042
   -0.03372
    0.00668
   -0.16117
    0.02152
    0.00066
    0.05100
    0.00065
    0.08992
   -0.12411
   -0.00487
   -0.00944
    0.03579
   -0.09931
    0.05573
    0.01142
    0.05471
   -0.13145
    0.06600
   -0.10398
   -0.01472
   -0.01452
    0.07600
    0.00545
    0.07466
   -0.11268
    0.07020
    0.01176
    0.01933
   -0.11811
    0.08808
    0.05258
    0.06651
   -0.14925
    0.01494
   -0.00411
   -0.00519
   -0.03595
    0.06724
   -0.00557
    0.08769
   -0.17873
    0.10150
   -0.07361
    0.10138
   -0.12685
    0.08360
    0.02231
    0.13001
   -0.20239
   -0.01169
    0.09660
   -0.03020
   -0.03223
    0.00867
    0.01621
    0.04969
   -0.09021
    0.02932
   -0.04040
   -0.00204
   -0.09813
    0.11103
    0.02845
    0.02521
   -0.05089
   -0.01771
   -0.12014
    0.00499
   -0.02792
    0.09649
   -0.03204
    0.05865
   -0.19944
    0.11614
   -0.03522
    0.03764
   -0.10006
    0.09041
   -0.03126
    0.05847
   -0.08912
    0.05717
   -0.04135
    0.00541
   -0.06034
    0.09016
   -0.06288
    0.24024
   -0.11095
   -0.04939
    0.04316
    0.01529
   -0.12385
    0.01522
   -0.03522
    0.05375
   -0.06017
    0.02055
   -0.26875
    0.15058
    0.15711
   -0.03363
   -0.03993
    0.11415
   -0.16184
    0.06046
   -0.09069
    0.13902
   -0.10554
    0.00286
   -0.02179
    0.11155
   -0.17850
    0.03978
   -0.05609
    0.04210
    0.00373
   -0.01855
    0.00519
    0.02978
   -0.08197
    0.04025
   -0.03604
   -0.03385
   -0.03540
    0.08050
    0.01717
    0.03909
   -0.07394
   -0.00316
   -0.10954
    0.03023
   -0.02896
    0.04312
   -0.17457
    0.23316
   -0.09560
   -0.02700
   -0.01405
    0.05381
   -0.11400
    0.02721
   -0.01393
    0.07850
   -0.09714
    0.01999
   -0.23318
    0.05974
   -0.00483
    0.06424
