IntronPotTab 1 1024 -3.09601 0.41353 4.54600 24987 6 16   69.43
    0.02820
    0.03907
   -0.12588
    0.06968
    0.02542
   -0.01069
   -0.07455
    0.02563
    0.01495
    0.02657
   -0.07277
    0.01869
    0.05498
   -0.04884
   -0.04520
    0.03628
   -0.00077
    0.02233
   -0.11691
    0.07267
    0.00008
    0.03735
   -0.07765
    0.01066
    0.01985
    0.01561
   -0.09029
    0.03584
    0.10174
   -0.03201
   -0.04368
   -0.00633
   -0.01018
    0.02888
   -0.06191
    0.04131
    0.02870
   -0.03850
   -0.08021
    0.04377
    0.00592
    0.02499
   -0.01668
   -0.02050
    0.02731
   -0.01796
   -0.02379
    0.01462
   -0.02064
    0.01853
   -0.08499
    0.05684
    0.03592
   -0.02161
   -0.04321
    0.00660
    0.03869
    0.02929
   -0.07236
   -0.00466
    0.02584
   -0.03771
   -0.00690
    0.02388
    0.03032
   -0.01366
   -0.08017
    0.07082
    0.06478
   -0.08679
   -0.04915
    0.03815
    0.02304
   -0.01085
   -0.08256
    0.05186
    0.06152
   -0.04674
   -0.04628
    0.05199
    0.00074
    0.03794
   -0.10697
    0.05786
   -0.02180
    0.06752
   -0.03512
   -0.01552
   -0.00440
    0.03434
   -0.07144
    0.02031
    0.09484
   -0.03477
   -0.05674
    0.01524
    0.05651
   -0.01228
   -0.09776
    0.04618
    0.05536
   -0.08028
    0.02298
    0.01103
    0.04403
   -0.01963
   -0.03794
    0.00328
    0.02786
   -0.04251
   -0.02491
    0.04059
    0.08300
   -0.07441
   -0.04059
    0.02036
    0.05575
   -0.03228
   -0.08191
    0.02852
    0.08720
   -0.02647
   -0.11284
    0.03192
    0.07104
   -0.05244
   -0.02668
    0.03643
    0.05499
   -0.00047
   -0.12240
    0.07964
    0.04520
   -0.05707
   -0.05555
    0.03249
    0.02245
   -0.00421
   -0.05684
    0.02742
    0.10593
   -0.05800
   -0.07492
    0.03625
    0.01388
    0.01775
   -0.10056
    0.06252
   -0.00377
    0.01165
   -0.03467
    0.01709
    0.01734
    0.01137
   -0.02716
   -0.01294
    0.16271
   -0.06794
   -0.05628
   -0.00042
    0.04615
   -0.01736
   -0.09177
    0.04736
    0.05294
   -0.03908
   -0.07054
    0.02364
    0.04342
   -0.04945
   -0.01146
    0.00441
    0.04768
   -0.05538
   -0.05409
    0.04423
    0.00080
   -0.03732
   -0.06264
    0.07512
    0.05295
   -0.04568
   -0.10447
    0.04516
    0.02925
    0.01504
   -0.05335
    0.00535
    0.12041
   -0.06582
   -0.06650
    0.04788
   -0.02220
    0.03065
   -0.05520
    0.04099
    0.04163
   -0.07701
   -0.10027
    0.07787
    0.02888
   -0.00428
   -0.06053
    0.01173
    0.03258
   -0.03481
   -0.01464
    0.02369
   -0.01043
    0.04023
   -0.09970
    0.04489
    0.00992
    0.05241
   -0.07091
   -0.01460
    0.00448
    0.04806
   -0.07057
   -0.00339
    0.10374
   -0.01946
   -0.04743
   -0.00931
    0.01636
   -0.00424
   -0.04934
    0.02602
    0.04640
   -0.05813
   -0.05370
    0.03175
    0.03934
   -0.00585
   -0.03227
   -0.01715
    0.01105
   -0.02708
   -0.01300
    0.02632
   -0.02123
    0.00199
   -0.07215
    0.05213
    0.03863
   -0.02166
   -0.09443
    0.03807
    0.00600
    0.02654
   -0.06787
    0.02727
    0.06049
   -0.03800
   -0.05306
    0.04408
    0.01149
    0.04924
   -0.11896
    0.07432
   -0.00319
   -0.00936
   -0.08503
    0.07416
    0.00987
    0.00179
   -0.09779
    0.07954
    0.02777
   -0.01708
   -0.09275
    0.08640
   -0.00480
    0.03209
   -0.10788
    0.07437
   -0.03132
    0.04610
   -0.07448
    0.06179
    0.02562
   -0.00476
   -0.09449
    0.05584
    0.06700
   -0.00850
   -0.08016
    0.03831
    0.01534
    0.03037
   -0.06695
    0.01735
   -0.00695
   -0.00368
   -0.09911
    0.07065
    0.01953
    0.00265
   -0.02076
   -0.00556
    0.01770
   -0.00828
   -0.05391
    0.04274
    0.00900
   -0.00945
   -0.10324
    0.06087
    0.03327
   -0.00970
   -0.11055
    0.04415
    0.02965
    0.02790
   -0.08592
    0.02388
    0.04818
   -0.02616
   -0.06181
    0.06042
    0.02129
    0.00735
   -0.10076
    0.09517
    0.03457
   -0.03670
   -0.07976
    0.05701
    0.01554
    0.00078
   -0.07576
    0.04829
    0.06850
   -0.03578
   -0.06797
    0.06553
    0.01566
    0.04436
   -0.12473
    0.06038
   -0.05838
    0.02980
   -0.04681
    0.06911
   -0.02472
    0.06300
   -0.08018
    0.02040
    0.08934
   -0.01125
   -0.06310
    0.02152
    0.05411
   -0.00330
   -0.09057
    0.04426
    0.00610
   -0.03570
   -0.01232
    0.04056
    0.04859
   -0.02794
   -0.03600
    0.00821
   -0.00411
   -0.01754
   -0.03648
    0.04905
    0.01236
   -0.02904
   -0.05163
    0.05978
    0.03071
   -0.03148
   -0.09535
    0.07435
    0.02892
    0.02328
   -0.10590
    0.04845
    0.08625
   -0.03979
   -0.07628
    0.08527
    0.03566
    0.02895
   -0.14199
    0.07308
    0.01195
   -0.02132
   -0.08922
    0.08021
    0.04143
    0.02334
   -0.12920
    0.04947
    0.05586
   -0.02190
   -0.09583
    0.08371
    0.00566
    0.02650
   -0.13677
    0.08512
   -0.03039
    0.08083
   -0.08809
    0.04429
    0.00865
    0.04279
   -0.11110
    0.04025
    0.11751
   -0.05602
   -0.06778
    0.03781
    0.02142
    0.02933
   -0.09898
    0.03956
   -0.00386
    0.00657
   -0.07315
    0.06390
    0.00547
   -0.00427
   -0.03877
    0.03499
   -0.00757
   -0.00062
   -0.05902
    0.06739
   -0.01591
    0.02277
   -0.16231
    0.10233
    0.01723
    0.00961
   -0.09236
    0.05406
    0.01162
    0.03722
   -0.09755
    0.05051
    0.05147
   -0.00982
   -0.10626
    0.09795
   -0.05632
    0.09858
   -0.12399
    0.03378
    0.02844
   -0.02646
   -0.11082
    0.05823
   -0.00363
    0.00107
   -0.02800
    0.02816
    0.04201
   -0.02424
   -0.07197
    0.04931
   -0.02727
    0.05953
   -0.10604
    0.06609
    0.01275
    0.07428
   -0.07165
   -0.03764
    0.02703
   -0.00050
   -0.05547
    0.01319
    0.10946
   -0.00678
   -0.09718
    0.01399
   -0.02628
    0.10615
   -0.14191
    0.03802
    0.03121
   -0.00963
   -0.03032
   -0.00500
    0.02359
    0.01644
   -0.05719
    0.00283
    0.02588
   -0.01968
   -0.02997
    0.02195
    0.00512
   -0.03942
   -0.03414
    0.04996
    0.03489
    0.00936
   -0.09231
    0.00994
    0.01991
    0.01822
   -0.08602
    0.04406
    0.09119
   -0.00749
   -0.08005
    0.03137
   -0.00953
    0.03589
   -0.08509
    0.06140
    0.02019
   -0.00928
   -0.07399
    0.03533
   -0.00713
    0.00706
   -0.04206
    0.04634
    0.05436
   -0.03087
   -0.06365
    0.04594
   -0.01276
    0.02569
   -0.06831
    0.05338
   -0.00366
    0.02029
   -0.03309
    0.01010
   -0.00072
    0.02374
   -0.06297
    0.04063
    0.09856
   -0.03792
   -0.02714
   -0.00833
   -0.01120
    0.03496
   -0.06350
    0.03489
    0.01611
    0.00189
   -0.08492
    0.03119
   -0.01905
    0.03216
   -0.00721
   -0.00237
    0.02009
   -0.02990
   -0.02386
    0.02883
   -0.02225
   -0.00604
   -0.07925
    0.06787
    0.05157
   -0.01368
   -0.06921
    0.00348
    0.00606
    0.01697
   -0.03345
    0.01255
    0.06505
   -0.05159
   -0.03924
    0.04651
    0.00581
    0.01196
   -0.08086
    0.06949
    0.02141
   -0.03260
   -0.09356
    0.06813
    0.02412
   -0.05932
   -0.03021
    0.06717
    0.04830
   -0.05596
   -0.03043
    0.05471
   -0.01505
    0.03723
   -0.07640
    0.04901
   -0.01877
    0.09151
   -0.08400
    0.00097
   -0.00592
   -0.00253
   -0.04158
    0.03758
    0.10022
   -0.02468
   -0.04163
    0.00449
    0.01130
    0.01196
   -0.10306
    0.06660
    0.05357
   -0.04265
   -0.06285
    0.02065
    0.01568
   -0.00129
   -0.01511
   -0.00119
   -0.00275
   -0.02441
   -0.03128
    0.04711
    0.15768
   -0.09009
   -0.10868
    0.00520
    0.01743
   -0.01942
   -0.09949
    0.06419
    0.09429
   -0.03961
   -0.10027
    0.02525
    0.10489
   -0.05395
   -0.06102
    0.06586
    0.01052
   -0.00532
   -0.08345
    0.08759
    0.01153
   -0.03281
   -0.07560
    0.07048
   -0.00234
   -0.00345
   -0.06668
    0.08572
    0.06984
   -0.07345
   -0.05752
    0.06855
    0.00206
    0.01481
   -0.07252
    0.05157
   -0.00319
    0.00259
   -0.05427
    0.04127
   -0.03199
    0.03931
   -0.05025
    0.05007
    0.14904
   -0.07766
   -0.02463
   -0.01426
    0.00771
    0.03133
   -0.06427
    0.02651
    0.03565
   -0.04113
   -0.08781
    0.05090
    0.01315
    0.00323
    0.00972
   -0.02620
    0.01435
   -0.05309
   -0.03808
    0.05754
   -0.02309
    0.01649
   -0.07397
    0.06281
    0.05401
   -0.02508
   -0.09256
    0.02821
    0.00997
   -0.02663
   -0.03724
    0.04775
    0.08538
   -0.07127
   -0.06097
    0.07132
    0.00838
    0.04694
   -0.16630
    0.08792
    0.03640
   -0.03247
   -0.12941
    0.05799
    0.01884
    0.02209
   -0.11478
    0.04210
    0.08995
   -0.04709
   -0.10438
    0.06148
   -0.02200
    0.04950
   -0.08097
    0.04909
   -0.00914
    0.05401
   -0.08377
    0.01396
   -0.01996
    0.09451
   -0.07361
   -0.01786
    0.11021
   -0.03083
   -0.07087
    0.01209
    0.02621
    0.02391
   -0.13843
    0.05474
    0.02571
   -0.06227
   -0.05302
    0.04922
    0.03179
    0.04039
   -0.08064
   -0.01898
    0.00673
   -0.03652
   -0.00795
    0.03125
    0.00830
    0.01952
   -0.09944
    0.04353
    0.04454
   -0.02575
   -0.07875
    0.02215
   -0.00751
    0.05606
   -0.06438
    0.01855
    0.08156
   -0.04528
   -0.07156
    0.06258
   -0.01677
    0.02430
   -0.07412
    0.06546
    0.01124
   -0.01227
   -0.08904
    0.05428
    0.03460
    0.01356
   -0.07684
   -0.00200
    0.01628
   -0.01619
   -0.06314
    0.04954
    0.02408
    0.03150
   -0.09502
    0.03261
   -0.02893
    0.06975
   -0.12572
    0.04641
    0.03477
   -0.00149
   -0.08120
    0.02445
    0.05757
   -0.03014
   -0.03948
    0.01664
    0.01560
    0.00007
   -0.04969
    0.02722
   -0.00647
   -0.05614
   -0.06477
    0.08346
    0.05053
   -0.03107
   -0.01637
   -0.00958
    0.01169
   -0.01269
   -0.05172
    0.04164
   -0.01502
    0.03733
   -0.07575
    0.02629
    0.03777
   -0.02360
   -0.12433
    0.06190
    0.05382
    0.01757
   -0.07852
   -0.00770
    0.01809
   -0.02484
   -0.05928
    0.05967
    0.01444
   -0.00918
   -0.10960
    0.11239
    0.02874
   -0.06146
   -0.06622
    0.06790
    0.04953
   -0.03458
   -0.08806
    0.05674
    0.07802
   -0.07496
   -0.02659
    0.06558
    0.01153
    0.03475
   -0.12729
    0.06277
   -0.03329
    0.05393
   -0.08495
    0.03943
    0.01085
   -0.01187
   -0.05365
    0.03319
    0.15470
   -0.09145
   -0.01196
    0.02253
    0.04139
   -0.02212
   -0.08807
    0.06520
    0.07949
   -0.08415
   -0.03979
    0.02387
    0.04228
   -0.02630
   -0.01791
    0.00216
   -0.01915
   -0.06185
    0.01139
    0.07353
    0.06033
   -0.03159
   -0.08669
    0.04414
    0.06119
   -0.05125
   -0.13771
    0.07496
    0.04684
    0.00400
   -0.11364
    0.05527
    0.13654
   -0.07192
   -0.07002
    0.07267
    0.03896
    0.03655
   -0.13742
    0.07998
    0.02302
   -0.02768
   -0.11647
    0.07831
    0.04273
   -0.00886
   -0.10040
    0.04957
    0.04342
   -0.03660
   -0.07119
    0.08725
    0.02105
    0.00603
   -0.11216
    0.07118
   -0.00937
    0.04254
   -0.10783
    0.05414
    0.02417
    0.03066
   -0.08237
    0.00432
    0.16168
   -0.06401
   -0.08736
    0.02437
    0.01426
    0.00095
   -0.07624
    0.05154
    0.02222
   -0.04758
   -0.08486
    0.06971
    0.02676
   -0.02452
   -0.04531
    0.02920
    0.01005
   -0.00013
   -0.06650
    0.05980
   -0.01449
    0.00435
   -0.13343
    0.09863
    0.02778
   -0.01623
   -0.11293
    0.06810
    0.02587
   -0.00589
   -0.06171
    0.02976
    0.07041
   -0.02591
   -0.09699
    0.08311
   -0.02071
    0.03577
   -0.08098
    0.04098
    0.01809
   -0.06151
   -0.09065
    0.07601
    0.03085
   -0.00854
   -0.02553
   -0.00572
    0.02459
   -0.04974
   -0.02957
    0.04741
   -0.00290
    0.04459
   -0.11196
    0.05005
   -0.02044
    0.06069
   -0.07971
    0.01414
   -0.00480
    0.04130
   -0.08146
    0.03068
    0.15193
   -0.04267
   -0.05691
   -0.00568
    0.03967
    0.00454
   -0.08406
    0.02902
    0.04624
   -0.06279
   -0.04646
    0.03391
    0.04011
   -0.02089
   -0.03205
    0.00324
    0.01639
   -0.05377
   -0.00875
    0.03936
   -0.00116
    0.00382
   -0.06309
    0.03188
    0.04546
   -0.03633
   -0.11573
    0.05382
    0.01827
    0.00554
   -0.08025
    0.04182
    0.06754
   -0.02922
   -0.06658
    0.04401
