IntronPotTab 1 1024 -4.18241 0.33135 4.64997 20172 6 16  131.43
    0.01107
   -0.00400
   -0.03783
    0.02185
   -0.00696
    0.00440
   -0.01376
    0.01874
   -0.00885
   -0.03109
    0.03696
    0.01632
    0.03452
   -0.03115
   -0.03445
    0.03115
    0.00291
   -0.00712
   -0.02933
    0.02355
   -0.01394
    0.00641
   -0.01031
    0.02217
   -0.02302
   -0.00040
   -0.00325
    0.03170
    0.06687
   -0.04338
   -0.00394
   -0.00152
    0.01050
   -0.02344
   -0.02139
    0.02022
    0.00189
   -0.01237
   -0.02269
    0.02190
   -0.04121
    0.02100
    0.01876
    0.02518
   -0.00139
   -0.02096
    0.00341
    0.01691
    0.01119
   -0.02060
   -0.01891
    0.01639
    0.02807
   -0.02553
   -0.06529
    0.04920
    0.00952
    0.00440
   -0.05527
    0.03031
    0.05873
   -0.04659
   -0.02078
    0.02349
   -0.01281
    0.00635
   -0.00513
    0.01551
   -0.02420
    0.01421
   -0.02128
    0.03352
   -0.01904
   -0.01554
   -0.01590
    0.05255
    0.03465
   -0.02080
    0.00462
   -0.00770
    0.01092
   -0.01137
   -0.03187
    0.02014
   -0.02747
    0.02747
   -0.08645
    0.08812
   -0.00394
   -0.00030
   -0.05969
    0.04639
    0.07900
   -0.02744
   -0.01987
   -0.00024
    0.00322
    0.00226
   -0.01470
    0.00567
    0.01070
   -0.00685
   -0.03816
    0.01743
   -0.03236
    0.04283
   -0.03166
    0.02480
   -0.01098
   -0.02628
    0.02756
    0.00555
    0.05586
   -0.02674
   -0.04835
    0.00348
    0.06082
   -0.02957
   -0.06500
    0.01140
    0.05017
   -0.02446
   -0.07100
    0.02378
    0.10748
   -0.03171
   -0.02017
   -0.00240
    0.00930
   -0.00973
   -0.02684
    0.01966
   -0.00799
   -0.01250
   -0.01663
    0.03330
   -0.01492
   -0.01691
    0.00448
    0.03494
    0.02176
   -0.04395
   -0.01475
    0.02982
    0.00059
   -0.01328
   -0.02087
    0.02527
    0.02093
   -0.01135
   -0.05705
    0.01909
    0.00124
    0.00297
   -0.02919
    0.01441
    0.08008
   -0.03677
    0.00766
   -0.02061
   -0.01179
    0.01389
   -0.01563
    0.01888
    0.02163
   -0.02923
   -0.06611
    0.03539
   -0.02387
    0.01170
    0.02554
    0.00683
   -0.00481
   -0.03495
    0.00174
    0.03255
    0.00925
   -0.01535
    0.01230
   -0.00367
    0.03191
   -0.01263
   -0.06223
    0.03052
    0.02377
   -0.01742
   -0.02468
    0.00810
    0.07323
   -0.02631
   -0.02023
    0.00110
   -0.00853
    0.02355
   -0.03561
    0.01787
   -0.00144
   -0.01127
   -0.05840
    0.04900
    0.00881
   -0.02060
    0.03014
   -0.00788
    0.03122
   -0.04746
   -0.00748
    0.02253
   -0.00908
    0.01098
   -0.01601
    0.01462
   -0.01545
    0.03200
   -0.05138
    0.04123
   -0.01493
    0.00789
   -0.03669
    0.03724
    0.06974
   -0.02589
   -0.00888
   -0.01076
   -0.00485
    0.01611
   -0.04047
    0.02303
    0.00049
   -0.01320
   -0.03882
    0.03340
   -0.03516
    0.00862
    0.00688
    0.04162
    0.03112
   -0.03632
   -0.01285
    0.01467
    0.02939
   -0.02102
   -0.03554
    0.01438
    0.03641
   -0.06484
   -0.05295
    0.05116
    0.03384
   -0.00611
   -0.07249
    0.02311
    0.06891
   -0.02675
   -0.02603
    0.00725
    0.00707
    0.01751
   -0.04805
    0.01897
   -0.01934
    0.01330
   -0.03273
    0.04337
   -0.01215
   -0.02043
    0.01490
    0.02369
    0.01962
    0.00234
   -0.01917
   -0.00033
   -0.00934
    0.01574
   -0.04224
    0.02665
   -0.01655
    0.00948
   -0.02751
    0.04111
   -0.02229
   -0.00186
   -0.00306
    0.02995
    0.07026
   -0.00198
   -0.02742
   -0.01777
   -0.00752
    0.01028
   -0.02423
    0.02100
   -0.00144
    0.01519
   -0.02219
    0.00835
   -0.01595
    0.01888
    0.02047
   -0.00671
    0.02095
   -0.00074
   -0.00777
   -0.01345
    0.01870
   -0.03982
    0.00348
    0.01459
    0.00878
   -0.03307
   -0.03997
    0.05686
   -0.00132
    0.01056
   -0.05308
    0.02988
    0.03179
   -0.01186
   -0.02960
    0.01564
   -0.02401
    0.02209
   -0.00115
    0.01403
   -0.02553
    0.00336
   -0.00066
    0.02730
   -0.00242
   -0.01397
   -0.00123
    0.01986
    0.01512
   -0.00984
   -0.00473
    0.00256
   -0.02159
    0.02668
   -0.01069
    0.01026
   -0.00826
   -0.05520
    0.00917
    0.05176
   -0.05228
    0.03436
   -0.02490
    0.05023
    0.06439
    0.00100
   -0.04885
   -0.00498
    0.01685
    0.01131
   -0.01397
   -0.01470
    0.01823
   -0.00394
   -0.04126
    0.00658
   -0.00941
   -0.00415
   -0.02185
    0.02719
   -0.00882
   -0.01169
    0.02969
   -0.00817
    0.02121
   -0.03119
   -0.05517
    0.03896
    0.02213
   -0.04660
   -0.04369
    0.04683
   -0.00292
   -0.00313
   -0.03460
    0.03259
    0.07051
   -0.03579
   -0.01628
    0.01395
    0.00373
    0.00712
   -0.02517
    0.01165
    0.01352
   -0.02547
   -0.00677
    0.00760
   -0.00180
   -0.00187
   -0.00822
    0.00934
    0.01688
   -0.03375
    0.00760
    0.00683
   -0.00802
    0.02099
   -0.01471
    0.00370
   -0.00305
    0.01247
   -0.00977
    0.00444
   -0.01107
    0.05800
   -0.01298
   -0.03182
    0.05784
   -0.01894
   -0.02091
   -0.00033
   -0.01304
    0.02568
   -0.01533
    0.01119
   -0.00994
   -0.01405
   -0.02182
    0.03165
   -0.02083
    0.01652
    0.01174
    0.00622
    0.03135
   -0.03709
   -0.00977
    0.01067
    0.02538
   -0.03996
    0.01596
    0.00354
    0.01360
   -0.01693
   -0.02994
    0.02315
    0.00212
    0.00527
   -0.03470
    0.01970
    0.08059
   -0.02956
   -0.02380
    0.00188
   -0.03174
    0.03803
   -0.00064
    0.01663
   -0.02207
   -0.00103
   -0.03169
    0.04491
    0.01392
   -0.03305
   -0.02026
    0.02799
    0.06066
   -0.04628
   -0.01689
    0.00623
   -0.01369
    0.03732
   -0.04684
    0.01654
   -0.04068
    0.04721
   -0.02347
    0.04668
   -0.02497
    0.03201
   -0.03354
    0.02740
    0.05452
    0.02736
   -0.02661
   -0.03608
   -0.02749
    0.05754
   -0.06653
    0.03022
    0.00110
   -0.00309
   -0.03726
    0.02087
   -0.04147
    0.04093
    0.00542
    0.02178
    0.03222
   -0.02790
   -0.01901
    0.00707
    0.02203
   -0.02869
   -0.01456
    0.01393
    0.01601
   -0.03561
   -0.01711
    0.02291
    0.00392
    0.01644
   -0.04119
    0.01172
    0.05004
   -0.00742
   -0.04912
    0.01854
   -0.00652
    0.00700
    0.00542
   -0.00144
   -0.00516
   -0.00417
   -0.03086
    0.04211
   -0.04441
    0.00357
    0.00984
    0.05270
    0.04550
   -0.05611
   -0.00338
    0.01475
   -0.00790
   -0.00818
   -0.00424
    0.01757
    0.00000
   -0.01350
   -0.02429
    0.02944
   -0.02485
   -0.00007
    0.01283
    0.02521
    0.09122
   -0.03639
    0.00048
   -0.01926
   -0.00812
    0.00255
    0.01171
   -0.00041
    0.00408
   -0.02527
   -0.00166
    0.01022
   -0.03014
    0.02079
    0.00875
    0.01723
    0.02549
   -0.04570
    0.01129
    0.00409
    0.01441
   -0.02653
   -0.02251
    0.02118
    0.02898
   -0.05253
   -0.03306
    0.04073
   -0.01262
    0.00692
   -0.02507
    0.03229
    0.07440
   -0.05612
   -0.00669
    0.01302
   -0.02355
    0.01771
    0.00687
    0.00914
   -0.02320
    0.01511
   -0.01053
    0.02397
   -0.01832
    0.00041
    0.00931
    0.01386
    0.03003
   -0.04966
    0.03243
    0.00042
   -0.02274
    0.03734
   -0.01522
    0.00711
   -0.02346
    0.02332
   -0.06545
    0.07716
   -0.02457
    0.01462
   -0.01849
    0.03181
    0.11807
   -0.02109
   -0.02908
   -0.02056
    0.00702
    0.01967
    0.01443
   -0.02681
    0.00981
   -0.01615
   -0.00828
    0.00412
   -0.02177
    0.00622
    0.02076
    0.00720
    0.00259
   -0.04123
    0.03559
    0.00035
    0.07142
   -0.04071
   -0.05554
    0.00965
    0.03433
   -0.05266
   -0.02936
    0.02346
    0.05630
   -0.02822
   -0.06571
    0.01263
    0.12362
   -0.04815
   -0.01608
    0.00373
    0.01068
   -0.01289
   -0.02184
    0.01706
    0.01556
   -0.01740
   -0.02353
    0.01799
   -0.01001
   -0.01859
    0.00335
    0.03210
    0.05236
   -0.07103
   -0.00747
    0.02154
    0.02397
   -0.01584
   -0.04226
    0.01332
   -0.02850
    0.01057
    0.00066
    0.03582
   -0.01891
    0.01883
   -0.02653
    0.02437
    0.07701
   -0.04763
   -0.00549
   -0.00334
   -0.03094
   -0.01317
    0.01609
    0.02868
    0.02993
   -0.01960
   -0.03014
   -0.00076
    0.01733
   -0.03926
   -0.07343
    0.05971
    0.02060
   -0.06257
    0.01932
    0.01345
    0.01934
   -0.05118
    0.01700
    0.01466
    0.02800
   -0.01318
   -0.03835
    0.01339
    0.00884
    0.01807
   -0.03039
    0.00249
    0.09769
   -0.06925
   -0.00453
    0.00072
   -0.00372
    0.04150
   -0.03921
    0.00560
    0.00517
   -0.02370
   -0.04865
    0.04875
   -0.01173
   -0.00195
    0.00030
    0.01652
    0.06244
   -0.05430
    0.00908
   -0.00346
   -0.01571
    0.02847
   -0.02342
    0.01144
   -0.00946
   -0.00320
   -0.02488
    0.03459
   -0.01651
    0.03161
   -0.04261
    0.02388
    0.10836
   -0.02511
    0.01380
   -0.04968
    0.00462
    0.02709
   -0.03807
    0.00340
    0.00241
   -0.02778
   -0.01409
    0.02018
   -0.02061
    0.01104
    0.01426
    0.00966
    0.03428
   -0.04014
    0.00114
    0.00297
    0.04811
    0.00995
   -0.02015
   -0.03181
    0.04211
   -0.08733
   -0.04923
    0.05429
    0.03663
    0.00635
   -0.05865
   -0.00384
    0.07601
   -0.04579
   -0.03533
    0.02290
    0.00359
   -0.02059
   -0.02765
    0.03151
   -0.01206
    0.02190
   -0.03240
    0.03130
   -0.01489
    0.00094
   -0.00697
    0.02235
    0.02011
    0.00208
   -0.02463
    0.00383
   -0.02235
    0.00570
   -0.02951
    0.04372
   -0.01084
    0.00030
   -0.01876
    0.02989
   -0.02297
   -0.00248
    0.00900
    0.02489
    0.06182
   -0.02705
   -0.00212
   -0.01453
    0.00049
    0.01625
   -0.01555
    0.00226
   -0.00388
    0.01031
   -0.01800
    0.01079
   -0.01022
   -0.01735
    0.01381
    0.01820
    0.00720
    0.01051
   -0.02125
    0.00647
    0.01837
   -0.01642
   -0.03387
    0.01496
    0.01867
   -0.01341
   -0.05308
    0.04117
    0.02362
   -0.00158
   -0.05543
    0.02072
    0.02660
   -0.02281
   -0.01488
    0.01390
   -0.01042
    0.01883
   -0.00803
    0.00717
   -0.01180
   -0.01287
   -0.02332
    0.03995
   -0.01420
   -0.00305
   -0.02254
    0.03419
    0.03786
   -0.04444
   -0.01097
    0.02423
   -0.00575
    0.02033
   -0.04895
    0.02374
   -0.01511
   -0.01327
   -0.04703
    0.06387
   -0.01858
    0.02600
   -0.04024
    0.02585
    0.07413
   -0.05048
   -0.03173
    0.02851
    0.01038
   -0.00918
   -0.00534
    0.00036
    0.01789
   -0.01930
   -0.03121
    0.01264
   -0.01793
    0.00573
   -0.00072
    0.01797
    0.04125
   -0.04089
   -0.00942
    0.01091
    0.04705
   -0.02681
   -0.07277
    0.02727
    0.05515
   -0.05597
   -0.06498
    0.03319
    0.05117
   -0.03570
   -0.06223
    0.01960
    0.13215
   -0.06481
   -0.00401
    0.01023
    0.00779
    0.00976
   -0.02725
    0.01215
   -0.00868
   -0.00811
   -0.03314
    0.04695
   -0.00463
   -0.01376
   -0.01681
    0.03538
    0.02575
   -0.05809
   -0.01371
    0.03612
   -0.01109
    0.01622
   -0.03289
    0.02543
   -0.02766
   -0.00113
    0.00371
    0.03516
   -0.02615
    0.04988
   -0.00942
   -0.00771
    0.06984
   -0.03101
   -0.00723
   -0.00577
   -0.00827
    0.03664
   -0.02266
    0.00619
    0.02107
   -0.01629
   -0.05539
    0.02744
   -0.01794
   -0.01855
    0.01145
    0.02990
    0.00533
   -0.01327
   -0.00863
    0.01784
   -0.00258
   -0.01954
   -0.03933
    0.03842
    0.01755
   -0.04194
   -0.03928
    0.04785
    0.00745
    0.00723
   -0.04381
    0.02178
    0.07528
   -0.04152
   -0.02433
    0.01329
   -0.02178
    0.03327
   -0.00891
    0.00899
    0.00605
   -0.01129
   -0.04017
    0.03025
   -0.02028
   -0.00498
    0.01050
    0.02249
    0.03025
   -0.02807
   -0.01593
    0.01346
    0.00014
    0.02403
   -0.04918
    0.01685
   -0.03479
    0.02354
   -0.01939
    0.04893
   -0.00858
    0.02803
   -0.04895
    0.01983
    0.08050
   -0.01579
   -0.00883
   -0.02306
   -0.00252
    0.01122
   -0.02942
    0.01533
   -0.00713
    0.00536
   -0.03173
    0.02461
   -0.02750
    0.00330
   -0.00007
    0.03428
    0.01346
   -0.01112
   -0.01344
    0.00926
    0.01231
    0.00297
   -0.03879
    0.01011
    0.03453
   -0.05502
   -0.04394
    0.03465
    0.02551
   -0.00313
   -0.06294
    0.02233
    0.06286
   -0.04163
   -0.01632
    0.01391
