IntronPotTab 1 1024 -4.51483 1.14559 6.34677 44156 6 16   49.23
    0.04699
    0.06882
   -0.06658
   -0.07127
   -0.12737
   -0.18960
    0.05885
    0.16323
   -0.03556
    0.09532
   -0.24572
    0.10834
   -0.24644
    0.15940
   -0.08147
    0.08749
   -0.01455
   -0.03487
    0.05767
    0.01390
    0.00431
   -0.22532
    0.11667
    0.06321
   -0.01954
    0.00162
   -0.23336
    0.14030
   -0.15444
   -0.05611
   -0.06481
    0.11477
    0.03285
   -0.09833
   -0.03522
    0.03288
   -0.15128
   -0.20678
   -0.04794
    0.18267
    0.01990
    0.00628
   -0.16159
    0.06580
   -0.19425
   -0.12055
   -0.21657
    0.23029
   -0.06501
    0.09830
    0.00673
    0.00043
   -0.16754
   -0.12049
    0.11395
    0.13801
   -0.09203
    0.08754
   -0.10146
    0.07587
   -0.32352
    0.15761
   -0.11160
    0.07617
    0.02609
   -0.08796
   -0.00296
    0.03005
   -0.01738
   -0.17297
    0.00611
    0.11160
   -0.00573
   -0.04802
   -0.12105
    0.14299
   -0.13736
   -0.02672
   -0.08243
    0.14312
   -0.02808
   -0.06921
    0.01675
    0.07410
   -0.07070
   -0.06010
    0.12569
    0.02433
   -0.01386
   -0.03157
   -0.08746
    0.11902
   -0.18481
   -0.02657
   -0.08171
    0.10920
    0.00976
   -0.11827
   -0.05053
    0.12255
    0.00185
   -0.29425
   -0.05571
    0.16736
   -0.02189
   -0.07965
   -0.00694
    0.11262
   -0.02574
   -0.20708
   -0.13124
    0.23319
    0.12400
   -0.09304
   -0.02512
   -0.07784
   -0.02524
   -0.21100
   -0.00215
    0.16995
    0.21303
   -0.17192
   -0.20479
    0.09126
   -0.06622
   -0.01674
   -0.13010
    0.13087
    0.03506
    0.02387
   -0.09669
    0.03193
   -0.04618
   -0.18897
    0.00096
    0.13418
    0.04878
   -0.00554
   -0.18967
    0.08455
   -0.11088
    0.04973
   -0.20700
    0.16505
   -0.01301
   -0.05613
   -0.03443
    0.07755
   -0.04637
   -0.15833
   -0.02688
    0.14829
    0.04242
   -0.08365
   -0.17532
    0.13526
   -0.00961
   -0.03924
   -0.11936
    0.09917
    0.02910
   -0.07317
   -0.09482
    0.09606
   -0.06404
   -0.17114
   -0.11072
    0.18999
    0.04768
   -0.07282
   -0.09120
    0.05235
   -0.14204
   -0.02301
   -0.08663
    0.16284
    0.01852
   -0.04218
    0.00919
   -0.00002
   -0.08309
   -0.22185
    0.04792
    0.19644
    0.04083
    0.00485
   -0.16730
    0.09658
   -0.35542
    0.05974
   -0.29706
    0.18510
   -0.08191
    0.14343
    0.02514
   -0.01312
   -0.11197
   -0.20249
    0.11325
    0.14627
    0.00862
    0.05580
   -0.25045
    0.05090
   -0.19261
    0.11717
   -0.01419
    0.08069
   -0.02660
    0.01398
   -0.04802
    0.04132
   -0.02680
   -0.13328
   -0.01889
    0.11660
    0.05794
   -0.06704
   -0.27080
    0.11892
   -0.08776
   -0.00541
   -0.10562
    0.08715
   -0.01814
   -0.01113
   -0.11320
    0.09641
   -0.09786
   -0.20232
    0.13881
    0.13620
   -0.00878
   -0.07463
   -0.15627
    0.14592
   -0.14539
   -0.06865
   -0.08681
    0.15300
   -0.04717
    0.11062
   -0.05298
    0.00882
   -0.14955
   -0.15311
    0.03419
    0.16405
    0.01076
   -0.03657
   -0.13732
    0.10483
   -0.31944
    0.11895
   -0.11738
    0.11334
   -0.00777
    0.01913
    0.01542
   -0.02789
   -0.13649
   -0.10985
   -0.00504
    0.16890
   -0.08506
    0.07181
   -0.16487
    0.13158
   -0.25102
    0.09390
   -0.04476
    0.09713
   -0.06434
    0.03617
    0.05431
    0.00176
   -0.04108
   -0.08992
    0.03382
    0.08587
    0.01658
    0.01105
   -0.10993
    0.05802
   -0.21448
    0.04926
    0.05447
    0.02989
   -0.03399
   -0.08516
    0.01535
    0.06791
   -0.10697
   -0.12853
   -0.04003
    0.17656
   -0.02225
    0.03843
   -0.03981
    0.02336
   -0.11818
   -0.08678
   -0.05830
    0.17303
   -0.10608
    0.06629
    0.08324
   -0.02815
   -0.17119
   -0.08256
    0.08209
    0.12012
   -0.01721
    0.01048
   -0.07104
    0.08329
   -0.31929
    0.07722
   -0.06353
    0.08622
    0.00640
   -0.03749
   -0.03579
    0.07756
   -0.09492
   -0.04594
   -0.05915
    0.13927
   -0.01046
   -0.03988
   -0.10148
    0.14632
   -0.14716
   -0.03241
   -0.08026
    0.16907
   -0.07453
   -0.05213
    0.00776
    0.11777
   -0.16859
   -0.02662
    0.02948
    0.15196
   -0.01271
   -0.01877
   -0.12418
    0.16721
   -0.39043
    0.06496
    0.06067
    0.05154
    0.03383
   -0.06930
   -0.10856
    0.19015
   -0.00192
   -0.15647
   -0.01355
    0.14477
   -0.00873
   -0.10345
   -0.06894
    0.18692
   -0.10511
   -0.12071
   -0.02633
    0.17011
   -0.02044
   -0.02575
    0.03922
   -0.00120
   -0.18527
   -0.11504
   -0.00207
    0.19381
    0.04738
   -0.09289
   -0.10174
    0.14098
   -0.25453
   -0.02226
   -0.09815
    0.16416
    0.09791
   -0.12896
   -0.11870
    0.10659
   -0.07486
   -0.13920
   -0.14188
    0.22698
   -0.03030
    0.04081
   -0.18482
    0.14687
   -0.15271
    0.02009
   -0.25066
    0.24994
   -0.02905
   -0.09015
   -0.16033
    0.20547
   -0.02146
   -0.05278
   -0.12508
    0.17203
    0.01666
   -0.03717
   -0.21807
    0.19837
   -0.04134
   -0.02939
   -0.11896
    0.15122
    0.06273
   -0.19693
   -0.04810
    0.14895
   -0.01668
   -0.11996
   -0.15599
    0.20582
    0.00456
   -0.00623
   -0.08641
    0.07390
   -0.08186
   -0.15221
   -0.13559
    0.28325
    0.05439
   -0.09992
   -0.03502
    0.06356
   -0.09959
   -0.09738
   -0.12226
    0.22677
    0.05371
    0.00488
   -0.23048
    0.14837
   -0.23876
   -0.08077
   -0.23097
    0.22658
   -0.07323
    0.17921
   -0.06072
   -0.00776
   -0.08059
   -0.16901
    0.04485
    0.13361
    0.01239
    0.04486
   -0.22357
    0.07154
   -0.13253
    0.08243
   -0.01985
    0.05275
   -0.13245
    0.14278
   -0.14999
    0.08771
   -0.11828
   -0.02998
   -0.08162
    0.16235
   -0.02400
    0.04204
   -0.31347
    0.20609
   -0.20513
    0.08219
   -0.15703
    0.07464
   -0.13737
    0.16620
   -0.18559
    0.12926
   -0.11275
   -0.11687
   -0.02343
    0.13226
   -0.02883
   -0.01714
   -0.17147
    0.17127
   -0.20042
   -0.10146
   -0.04359
    0.17911
   -0.08192
    0.11756
   -0.09745
    0.02736
   -0.26759
   -0.07384
    0.00118
    0.17552
   -0.06335
    0.02736
   -0.15129
    0.16516
   -0.32060
    0.08657
   -0.12365
    0.13139
    0.00862
    0.05778
   -0.06145
    0.00460
   -0.19517
   -0.27171
   -0.02253
    0.24918
   -0.04707
    0.02745
   -0.18290
    0.15598
   -0.30648
    0.01368
   -0.07278
    0.20079
   -0.00930
    0.01511
   -0.00666
    0.00421
   -0.03374
   -0.11223
    0.01102
    0.10879
   -0.02432
    0.01784
   -0.12026
    0.10134
   -0.07271
   -0.14499
    0.07568
    0.08461
    0.00635
   -0.14308
    0.05124
    0.01123
   -0.19912
   -0.21347
   -0.03652
    0.19577
   -0.01484
   -0.01825
   -0.04898
    0.07081
   -0.16783
   -0.21372
   -0.03847
    0.18797
   -0.08306
    0.00996
    0.05892
    0.01422
   -0.15888
   -0.20738
    0.10486
    0.16084
   -0.00677
   -0.03088
   -0.05084
    0.10680
   -0.28689
    0.00284
   -0.05107
    0.11982
    0.02473
   -0.05145
   -0.00699
    0.01222
   -0.05553
   -0.19782
    0.03131
    0.14712
   -0.02128
   -0.03193
   -0.10804
    0.14084
   -0.18603
   -0.13617
   -0.09092
    0.21306
   -0.03594
   -0.08607
    0.04557
    0.06574
   -0.11229
   -0.02303
    0.02324
    0.12607
   -0.00071
   -0.03525
   -0.08416
    0.12535
   -0.08664
   -0.10542
    0.07349
    0.06178
    0.02234
   -0.13534
   -0.08467
    0.12934
   -0.06522
   -0.21574
   -0.05314
    0.17297
    0.00927
   -0.10264
   -0.06364
    0.17370
   -0.09602
   -0.21096
   -0.01269
    0.18743
    0.16077
   -0.12408
   -0.01498
   -0.07963
   -0.01488
   -0.23560
   -0.02190
    0.18085
    0.19813
   -0.13879
   -0.10910
    0.08694
   -0.10456
   -0.09450
   -0.07604
    0.16425
    0.05543
   -0.06887
   -0.04843
    0.04102
   -0.06326
   -0.10168
    0.01547
    0.08423
    0.03431
   -0.00230
   -0.12847
    0.07327
   -0.24573
   -0.02019
   -0.11822
    0.19445
   -0.03923
   -0.02670
   -0.00149
    0.04750
   -0.10413
   -0.15603
    0.00257
    0.16326
    0.03603
    0.03004
   -0.17779
    0.09310
   -0.07168
   -0.08139
   -0.01499
    0.10156
    0.03131
   -0.11710
   -0.04860
    0.07526
   -0.11698
   -0.15143
    0.01935
    0.15425
    0.02425
   -0.05018
   -0.07138
    0.08886
   -0.19767
   -0.08113
   -0.06252
    0.16758
   -0.02521
   -0.01910
    0.01225
    0.02677
   -0.10945
   -0.21183
    0.06871
    0.16085
   -0.04537
    0.00577
   -0.08342
    0.13163
   -0.32116
   -0.09841
   -0.18265
    0.20182
   -0.05598
    0.18095
   -0.11407
    0.05027
   -0.11586
   -0.20108
   -0.02717
    0.20407
    0.01662
    0.03312
   -0.21750
    0.05539
   -0.13194
    0.02980
   -0.02086
    0.09231
   -0.08929
    0.04330
   -0.05753
    0.08628
   -0.13987
   -0.08017
   -0.09415
    0.22239
   -0.02512
    0.00869
   -0.21989
    0.15192
   -0.09180
   -0.02763
   -0.07242
    0.09654
   -0.07509
    0.00362
   -0.09748
    0.11955
   -0.20777
   -0.20626
    0.03726
    0.18191
   -0.04003
   -0.05173
   -0.14361
    0.14771
   -0.17612
   -0.18862
    0.05072
    0.10435
   -0.02003
    0.10249
   -0.13805
    0.03975
   -0.33120
   -0.24241
   -0.11657
    0.26903
   -0.06125
    0.01858
   -0.13989
    0.13697
   -0.30039
    0.07110
   -0.16820
    0.16191
    0.00440
    0.08022
    0.01130
   -0.08315
   -0.17188
   -0.17714
    0.22473
    0.13375
   -0.00976
    0.06903
   -0.30185
    0.10433
   -0.29712
    0.17288
    0.01839
    0.06751
   -0.06155
   -0.01927
    0.00910
    0.07460
   -0.03330
   -0.17287
    0.09866
    0.06338
   -0.02958
   -0.09293
   -0.21858
    0.17897
   -0.15814
   -0.03772
    0.07673
    0.06398
   -0.00362
   -0.11899
   -0.03594
    0.09246
   -0.21580
   -0.25200
    0.03665
    0.23575
    0.03901
    0.10559
   -0.15976
   -0.02042
   -0.23306
   -0.10756
   -0.15571
    0.24820
   -0.06581
    0.06886
    0.07152
   -0.02205
   -0.17099
   -0.16345
    0.13231
    0.17321
    0.00501
   -0.03076
   -0.11871
    0.11797
   -0.29865
    0.07648
   -0.09484
    0.12468
    0.02986
   -0.06810
   -0.03024
    0.04415
   -0.05517
   -0.25492
    0.08333
    0.15207
   -0.07191
   -0.00758
   -0.17564
    0.18660
   -0.11381
   -0.04969
   -0.04486
    0.13577
   -0.04298
   -0.14120
   -0.00113
    0.11831
   -0.17166
   -0.08185
    0.01368
    0.18855
   -0.08466
   -0.03482
   -0.08216
    0.21515
   -0.20780
   -0.07319
   -0.07052
    0.14865
   -0.10421
   -0.19602
   -0.10129
    0.22453
   -0.07407
   -0.27567
   -0.04696
    0.21652
   -0.11005
   -0.03033
   -0.10900
    0.21556
   -0.11257
   -0.23124
   -0.05206
    0.25510
    0.11584
   -0.16445
   -0.00295
   -0.01806
   -0.10224
   -0.19732
   -0.10862
    0.21639
    0.07535
   -0.12911
   -0.12878
    0.16373
   -0.08898
   -0.03871
   -0.19260
    0.16685
    0.04517
   -0.10209
   -0.08084
    0.08757
   -0.06374
   -0.20753
    0.08762
    0.11317
    0.03199
    0.02277
   -0.21228
    0.09145
   -0.16497
    0.04339
   -0.14404
    0.17208
   -0.04367
   -0.13467
   -0.10215
    0.16402
   -0.13931
   -0.18020
    0.00808
    0.22216
   -0.00956
   -0.07720
   -0.21446
    0.20255
   -0.07707
   -0.06917
   -0.10816
    0.16362
    0.00468
   -0.19467
   -0.13163
    0.19807
   -0.13399
   -0.17439
   -0.09362
    0.23902
   -0.00815
   -0.07893
   -0.05700
    0.12751
   -0.18075
   -0.10115
   -0.16618
    0.25710
   -0.02037
   -0.07173
   -0.00515
    0.06437
   -0.12079
   -0.17675
   -0.01064
    0.21286
   -0.03471
   -0.02854
   -0.20218
    0.19417
   -0.33437
    0.02966
   -0.25787
    0.20854
   -0.05867
    0.15879
   -0.00975
   -0.03581
   -0.10436
   -0.21707
    0.17390
    0.13108
    0.02202
    0.05873
   -0.33090
    0.07150
   -0.19680
    0.11151
   -0.03396
    0.08257
   -0.13766
    0.01190
   -0.10844
    0.15276
   -0.13270
   -0.14032
   -0.05712
    0.18124
   -0.08954
   -0.02489
   -0.28946
    0.20118
   -0.13734
   -0.01291
   -0.18886
    0.10136
   -0.12398
    0.01911
   -0.11234
    0.15725
   -0.19269
   -0.20354
    0.06946
    0.17437
   -0.01903
   -0.04768
   -0.23506
    0.17635
   -0.22411
   -0.08855
   -0.08638
    0.17864
   -0.06688
    0.11479
   -0.09746
    0.03825
   -0.26039
   -0.10075
   -0.01974
    0.16761
   -0.09473
    0.01137
   -0.17240
    0.17684
   -0.32097
    0.09791
   -0.17073
    0.13723
