IntronPotTab 1 1024 2.04012
   -0.07179
    0.05814
   -0.10689
    0.08335
   -0.09007
   -0.00579
   -0.16605
    0.14162
   -0.05188
    0.02116
   -0.10385
    0.07006
   -0.02848
   -0.03978
    0.00167
    0.07106
   -0.06616
    0.06612
   -0.10295
    0.09924
   -0.01873
   -0.00869
   -0.11296
    0.09816
   -0.06521
    0.04705
   -0.05994
    0.09221
    0.07820
   -0.07483
   -0.00918
   -0.00267
   -0.07668
    0.04972
   -0.08451
    0.07870
   -0.02757
    0.00658
   -0.16375
    0.09758
   -0.02291
    0.04061
    0.00664
   -0.01157
   -0.00730
   -0.02957
   -0.01574
    0.03968
   -0.15022
    0.03077
   -0.04759
    0.08580
   -0.03764
   -0.05008
   -0.10964
    0.12453
   -0.06023
    0.03386
   -0.06114
    0.07670
   -0.00929
   -0.05123
   -0.02258
    0.06293
   -0.05072
    0.01153
   -0.09772
    0.08736
   -0.04776
   -0.07324
   -0.07047
    0.10962
   -0.04768
    0.00024
   -0.12155
    0.07687
   -0.06066
   -0.11479
    0.03197
    0.06309
   -0.00683
   -0.04156
   -0.13005
    0.09560
   -0.03218
   -0.03828
   -0.09898
    0.11750
   -0.01721
   -0.06548
   -0.07333
    0.08848
    0.07899
   -0.15860
   -0.01177
    0.03955
   -0.08532
    0.00572
   -0.10403
    0.10678
   -0.06002
   -0.00881
   -0.05647
    0.08004
   -0.01513
    0.00492
   -0.11138
    0.05584
   -0.04866
   -0.12495
    0.01088
    0.08564
    0.17353
   -0.13062
   -0.18230
    0.02437
    0.05940
   -0.15446
   -0.04963
    0.05811
    0.06675
   -0.04639
   -0.13735
    0.06115
    0.00523
   -0.36610
    0.03245
    0.05143
   -0.02827
   -0.01118
   -0.26541
    0.11673
   -0.05671
   -0.06562
   -0.21731
    0.12973
   -0.05037
   -0.04360
   -0.19524
    0.10619
   -0.01501
   -0.05688
   -0.06211
    0.07788
   -0.03092
    0.00060
   -0.13748
    0.11941
    0.00750
   -0.07707
   -0.06407
    0.04980
   -0.03212
   -0.01404
   -0.04705
    0.06552
    0.13079
   -0.17783
   -0.03009
    0.01845
   -0.06351
    0.00449
   -0.11280
    0.10396
   -0.03819
   -0.06749
   -0.17223
    0.11228
   -0.05836
   -0.04868
    0.00936
    0.06162
   -0.12968
   -0.02304
   -0.07370
    0.13033
   -0.08469
    0.01352
   -0.10397
    0.09177
   -0.03235
   -0.10483
   -0.08510
    0.13123
   -0.04585
   -0.01133
   -0.10295
    0.09634
   -0.01310
   -0.18303
   -0.01455
    0.06258
   -0.08950
    0.09337
   -0.13405
    0.09343
   -0.07031
   -0.07755
   -0.11231
    0.14615
    0.01506
   -0.03236
   -0.12690
    0.04748
    0.00641
   -0.08613
   -0.03048
    0.06308
   -0.01176
   -0.01636
   -0.12941
    0.09463
    0.00431
   -0.05574
   -0.10750
    0.07221
    0.01650
   -0.06515
   -0.08281
    0.05532
    0.11918
   -0.13332
   -0.05815
    0.00935
   -0.04561
    0.00425
   -0.09749
    0.06984
    0.00455
   -0.09344
   -0.16653
    0.08561
   -0.01848
    0.01473
   -0.05814
    0.03381
    0.00386
   -0.07721
   -0.00569
    0.04689
    0.02064
   -0.02484
   -0.15775
    0.06937
    0.03042
   -0.14076
   -0.09316
    0.07471
    0.01344
    0.00670
   -0.08452
    0.03675
    0.05623
   -0.12962
   -0.03767
    0.05691
   -0.06627
    0.05091
   -0.14000
    0.08865
   -0.11782
   -0.00507
   -0.16099
    0.15915
   -0.04991
   -0.01295
   -0.11314
    0.09805
   -0.04794
   -0.00720
   -0.01557
    0.07276
   -0.00764
   -0.02090
   -0.11706
    0.07076
   -0.00905
    0.01872
   -0.06023
    0.03592
   -0.03717
    0.02093
   -0.11364
    0.09307
    0.08443
   -0.08267
   -0.03888
    0.01723
   -0.09482
    0.02650
   -0.09427
    0.07952
   -0.08058
    0.01800
   -0.05292
    0.12405
   -0.02802
    0.04483
    0.09139
   -0.04295
   -0.01886
   -0.01413
   -0.01783
    0.03777
   -0.05777
    0.01100
   -0.09589
    0.05324
   -0.02468
   -0.06185
   -0.12504
    0.12190
   -0.04259
    0.02679
   -0.12248
    0.08531
   -0.02124
   -0.02415
   -0.02776
    0.04886
   -0.09808
    0.08432
   -0.11133
    0.08453
   -0.05761
   -0.10201
   -0.04419
    0.12169
   -0.00321
   -0.04325
   -0.11789
    0.06321
   -0.05123
   -0.04246
    0.02003
    0.04230
   -0.02805
    0.00697
   -0.14921
    0.08715
   -0.06127
   -0.20027
    0.04956
    0.14343
   -0.01518
   -0.02611
   -0.06186
    0.05608
    0.08663
   -0.23648
    0.02061
    0.03328
   -0.04890
    0.06585
   -0.06085
    0.03354
   -0.03580
   -0.07274
   -0.06745
    0.09562
   -0.00324
    0.01827
   -0.06863
    0.01576
   -0.04291
   -0.05310
    0.00317
    0.05798
   -0.03253
   -0.07642
   -0.08730
    0.09520
    0.08883
   -0.19456
   -0.07605
    0.07556
   -0.04104
   -0.02665
   -0.09056
    0.09645
    0.04998
   -0.27192
    0.03081
    0.04747
   -0.03084
   -0.10991
   -0.34217
    0.14395
   -0.10635
   -0.04469
   -0.29628
    0.16211
   -0.07180
   -0.11499
   -0.16554
    0.11477
    0.02419
   -0.07393
   -0.09989
    0.08764
   -0.07918
   -0.01252
   -0.09976
    0.11352
   -0.02537
   -0.00192
   -0.10248
    0.08397
   -0.07545
    0.00640
   -0.10933
    0.13812
    0.08623
   -0.15217
   -0.03053
    0.04945
   -0.10207
    0.04016
   -0.14720
    0.08844
   -0.03733
   -0.08694
   -0.16792
    0.12497
   -0.09950
    0.02159
   -0.04402
    0.08375
   -0.05921
   -0.05191
   -0.08559
    0.11077
   -0.07299
   -0.05905
   -0.14174
    0.10092
    0.01133
   -0.10177
   -0.15864
    0.12537
   -0.08265
   -0.00225
   -0.14986
    0.12302
    0.03345
   -0.08490
   -0.03315
    0.04130
   -0.18782
    0.24036
   -0.32010
    0.09464
   -0.05117
   -0.07927
   -0.12080
    0.10831
   -0.03963
   -0.04828
   -0.13221
    0.08877
    0.00241
   -0.09059
   -0.05937
    0.06117
   -0.05055
    0.02182
   -0.20486
    0.11732
    0.01021
    0.00230
   -0.05550
   -0.00080
    0.06539
   -0.11493
   -0.06345
   -0.00133
    0.13064
   -0.19729
   -0.05526
    0.01879
   -0.10369
    0.10948
   -0.24991
    0.07312
   -0.01840
   -0.05251
   -0.13756
    0.06898
   -0.03855
    0.05211
   -0.07591
    0.03421
    0.00276
   -0.04157
   -0.08635
    0.05119
   -0.05170
   -0.07272
   -0.20988
    0.12251
    0.10281
   -0.13152
   -0.23571
    0.00348
   -0.01515
   -0.01211
   -0.11353
    0.09144
    0.08979
   -0.16269
   -0.02508
    0.02335
   -0.07303
    0.01931
   -0.11858
    0.10092
   -0.03509
    0.02638
   -0.09338
    0.06882
   -0.05210
    0.07085
   -0.04579
    0.00971
   -0.03215
   -0.05850
    0.00869
    0.07244
   -0.04213
    0.02213
   -0.08899
    0.08108
   -0.00302
    0.01269
   -0.14045
    0.07278
   -0.09310
   -0.00903
    0.02513
    0.14188
    0.10735
   -0.13475
   -0.01591
    0.00798
   -0.09360
    0.05025
   -0.10525
    0.08104
   -0.03755
    0.00640
   -0.16841
    0.11594
   -0.10803
    0.05708
    0.06808
    0.03531
   -0.01826
   -0.06701
   -0.01039
    0.05288
   -0.08136
    0.01770
   -0.12023
    0.06846
    0.01577
   -0.11605
   -0.14285
    0.12865
   -0.04834
    0.00307
   -0.04836
    0.09575
   -0.00258
   -0.07423
   -0.02349
    0.06881
   -0.06728
   -0.00390
   -0.09916
    0.10626
   -0.01654
   -0.12203
   -0.17246
    0.13675
   -0.04828
   -0.07268
   -0.12134
    0.12169
   -0.00996
   -0.13249
    0.01709
    0.07026
   -0.02296
   -0.01842
   -0.15225
    0.09378
   -0.00440
   -0.11515
   -0.09299
    0.09730
   -0.00051
   -0.03252
   -0.10764
    0.05238
    0.10423
   -0.17577
   -0.05631
    0.05469
   -0.09562
    0.03756
   -0.10789
    0.08893
   -0.07166
   -0.03248
   -0.14242
    0.12855
   -0.04946
   -0.01328
   -0.08490
    0.07899
   -0.04820
   -0.11207
   -0.03908
    0.11712
    0.14924
   -0.13347
   -0.17882
    0.03905
    0.08219
   -0.17202
   -0.14051
    0.04769
    0.06287
   -0.11316
   -0.10338
    0.09085
    0.10388
   -0.25428
   -0.01142
    0.06531
   -0.05042
   -0.04657
   -0.26162
    0.15203
   -0.01945
   -0.10539
   -0.19529
    0.13172
   -0.02674
   -0.06678
   -0.10227
    0.10467
    0.01402
   -0.11699
   -0.07569
    0.10372
   -0.02518
   -0.05761
   -0.12717
    0.11284
    0.01918
   -0.01198
   -0.10761
    0.03870
   -0.09955
   -0.03732
   -0.02205
    0.13985
    0.09691
   -0.17582
   -0.03166
    0.04868
   -0.08047
   -0.01015
   -0.16802
    0.11825
   -0.06615
   -0.14476
   -0.20733
    0.15587
   -0.14179
   -0.07611
   -0.15912
    0.15112
   -0.12688
   -0.13246
   -0.13057
    0.14337
   -0.10482
   -0.02859
   -0.10773
    0.11571
    0.00365
   -0.14534
   -0.10135
    0.12612
   -0.05076
   -0.03100
   -0.09820
    0.11793
   -0.00386
   -0.15955
   -0.03394
    0.07421
   -0.00422
    0.03174
   -0.33659
    0.09261
   -0.03009
   -0.14322
   -0.19685
    0.15016
   -0.00647
   -0.02749
   -0.17499
    0.07389
    0.02220
   -0.09850
   -0.09027
    0.07740
   -0.01200
   -0.06155
   -0.16179
    0.10928
    0.00883
   -0.16395
   -0.01795
    0.05271
    0.02826
   -0.07070
   -0.00474
    0.00362
    0.10607
   -0.17808
   -0.03764
    0.00904
    0.00357
   -0.01996
   -0.25027
    0.07525
   -0.01522
   -0.14237
   -0.21180
    0.11996
   -0.03701
   -0.00721
   -0.05920
    0.05538
    0.03067
   -0.09249
   -0.03858
    0.04014
    0.02439
   -0.03382
   -0.25247
    0.09144
    0.07987
   -0.23287
   -0.20918
    0.07072
    0.03367
   -0.03868
   -0.07172
    0.03855
    0.08791
   -0.16388
   -0.04929
    0.04835
   -0.07615
    0.07137
   -0.17114
    0.09278
   -0.05614
    0.03024
   -0.15876
    0.10424
   -0.07029
    0.11683
   -0.14222
   -0.05441
   -0.06038
    0.00362
   -0.02557
    0.07719
   -0.02368
    0.01794
   -0.10500
    0.08331
    0.03056
    0.00609
   -0.10321
   -0.01461
   -0.02780
    0.04792
   -0.06879
    0.04055
    0.08123
   -0.09810
   -0.00855
   -0.00333
   -0.08579
    0.04995
   -0.11308
    0.07405
   -0.07287
    0.00092
   -0.13836
    0.13644
   -0.03982
    0.08679
   -0.00802
   -0.02014
   -0.03877
   -0.02040
   -0.03911
    0.06623
   -0.03694
    0.01437
   -0.09346
    0.05303
   -0.02230
   -0.04778
   -0.09017
    0.10720
   -0.01388
    0.04310
   -0.08926
    0.04187
   -0.01540
   -0.07233
   -0.02388
    0.06680
   -0.05341
    0.03894
   -0.07884
    0.07669
   -0.03061
   -0.08758
   -0.10493
    0.11313
   -0.02698
   -0.03130
   -0.10622
    0.08543
   -0.02273
   -0.11808
    0.03422
    0.06196
   -0.02411
   -0.04488
   -0.13692
    0.12214
   -0.00168
   -0.09461
   -0.12147
    0.10447
    0.01770
   -0.03471
   -0.09566
    0.03538
    0.13745
   -0.19223
   -0.00467
    0.00741
   -0.10522
    0.03212
    0.00471
    0.03344
   -0.06046
   -0.12002
   -0.01842
    0.11329
    0.00644
   -0.00539
   -0.04557
    0.01948
    0.00135
   -0.14317
    0.03236
    0.06577
    0.08388
   -0.09040
   -0.11181
    0.05728
    0.09217
   -0.18118
   -0.05357
    0.03337
    0.02978
   -0.04802
   -0.08198
    0.06756
    0.09020
   -0.31561
    0.08549
   -0.00822
   -0.03710
   -0.02547
   -0.29531
    0.11622
   -0.06711
   -0.06143
   -0.22574
    0.15502
   -0.02336
   -0.00986
   -0.15596
    0.07755
   -0.00844
   -0.08036
   -0.05864
    0.08555
   -0.05603
   -0.01039
   -0.17429
    0.13133
    0.03483
   -0.16012
   -0.09649
    0.03211
   -0.06751
   -0.00300
   -0.09391
    0.09816
    0.11104
   -0.13528
   -0.08117
    0.06686
   -0.06096
   -0.02443
   -0.18807
    0.10794
   -0.06231
   -0.10903
   -0.18249
    0.14788
   -0.08162
    0.00071
   -0.05217
    0.06976
   -0.03651
   -0.08074
   -0.11376
    0.12863
   -0.03660
   -0.01670
   -0.14354
    0.08266
   -0.01474
   -0.11433
   -0.11092
    0.14740
   -0.02732
    0.00467
   -0.11912
    0.07715
    0.01157
   -0.14081
   -0.05477
    0.08431
   -0.04014
    0.09670
   -0.23958
    0.06929
   -0.02669
   -0.10860
   -0.16124
    0.12332
    0.00926
   -0.03819
   -0.11380
    0.05383
    0.02933
   -0.11342
   -0.05981
    0.05857
    0.00075
   -0.03395
   -0.16495
    0.09225
    0.01967
   -0.07339
   -0.08958
    0.02871
    0.04542
   -0.03366
   -0.07243
    0.00286
    0.18681
   -0.12299
   -0.05161
   -0.07429
   -0.00986
   -0.00260
   -0.19509
    0.06467
   -0.01299
   -0.08715
   -0.19260
    0.08811
   -0.02876
    0.00166
   -0.03272
    0.04175
    0.04685
   -0.06028
   -0.04204
    0.01326
    0.03216
   -0.04696
   -0.19180
    0.07528
    0.07544
   -0.14507
   -0.20973
    0.04254
    0.03415
   -0.02588
   -0.09153
    0.04162
    0.11888
   -0.16642
   -0.01771
   -0.00405
