IntronPotTab 1 1024 -7.60413 0.39176 8.91769 65831 6 16   42.26
   -0.00191
    0.03627
   -0.09204
    0.05280
   -0.01720
    0.01885
   -0.01319
    0.02127
   -0.05421
   -0.00623
    0.06133
    0.00835
   -0.10854
   -0.00325
    0.03448
    0.03032
   -0.01068
   -0.01336
   -0.05592
    0.06197
   -0.00530
    0.00518
   -0.10113
    0.09607
    0.05266
   -0.04691
   -0.07146
    0.02707
    0.02413
    0.02686
   -0.02750
   -0.01772
   -0.03290
   -0.01087
   -0.03525
    0.08863
    0.05276
   -0.07285
   -0.02935
    0.04370
    0.05142
   -0.06617
    0.03591
    0.00212
   -0.10394
   -0.02795
    0.03472
    0.06674
   -0.10260
   -0.03806
   -0.09028
    0.12655
   -0.09774
    0.02712
   -0.01539
    0.09415
   -0.03290
   -0.00198
    0.01707
    0.01365
   -0.13699
    0.03681
    0.00993
   -0.00185
   -0.02729
    0.04327
   -0.12058
    0.13187
    0.05211
   -0.01352
   -0.08779
    0.10324
    0.04072
   -0.06212
    0.00757
    0.06092
    0.00738
   -0.03229
    0.02741
   -0.01163
   -0.06314
    0.01537
   -0.13949
    0.14928
   -0.00060
    0.04952
   -0.17765
    0.20001
    0.03328
   -0.03588
   -0.15195
    0.10191
    0.03672
   -0.01821
    0.01323
    0.00107
    0.04234
   -0.03301
   -0.12337
    0.15586
    0.04114
   -0.06969
   -0.04611
    0.09375
    0.09648
   -0.07279
   -0.04168
    0.07086
   -0.11797
   -0.05250
    0.04722
    0.08878
    0.12066
   -0.08702
   -0.06153
    0.11886
    0.17069
    0.01427
   -0.13109
    0.09806
    0.19194
   -0.08577
   -0.09868
    0.09597
    0.14659
   -0.00740
   -0.00598
   -0.01887
    0.03994
   -0.02574
   -0.11623
    0.17935
    0.04889
   -0.06058
   -0.08510
    0.19252
    0.07791
   -0.12868
   -0.01595
    0.15204
    0.02499
   -0.09807
    0.01234
    0.09649
    0.00634
   -0.06055
   -0.12870
    0.17408
    0.00970
   -0.02834
   -0.10745
    0.17079
    0.08538
   -0.08349
   -0.05326
    0.06140
    0.14045
   -0.01925
   -0.03994
    0.00907
   -0.01928
   -0.02516
   -0.12829
    0.18289
    0.07714
   -0.12400
   -0.08970
    0.19345
    0.07165
   -0.10927
    0.01390
    0.07416
   -0.08697
   -0.03291
    0.01116
    0.11074
    0.03131
   -0.12925
   -0.03288
    0.23055
    0.04984
   -0.00849
   -0.08164
    0.16760
    0.04438
   -0.09651
   -0.02341
    0.11909
    0.02113
   -0.06013
    0.02531
    0.00453
   -0.10604
    0.10425
    0.01865
    0.02729
    0.00546
   -0.02341
   -0.03482
    0.06228
   -0.02378
    0.01996
   -0.05430
    0.03678
   -0.09741
    0.03331
    0.03786
   -0.00142
   -0.05153
   -0.01570
   -0.13997
    0.12050
   -0.01650
    0.03936
   -0.12853
    0.10928
    0.02767
   -0.03742
   -0.14650
    0.07942
    0.01267
    0.06700
   -0.00199
   -0.08499
   -0.01454
    0.05900
   -0.18914
    0.08093
    0.04525
   -0.04508
   -0.06228
    0.05661
    0.05982
   -0.02304
   -0.05695
    0.00100
   -0.09033
   -0.01604
    0.05617
    0.02953
   -0.07631
   -0.05845
   -0.09782
    0.13878
    0.00376
    0.00798
   -0.05607
    0.06190
    0.04965
   -0.01877
   -0.13752
    0.09661
   -0.10293
    0.00447
   -0.04074
    0.07020
    0.00127
    0.01867
   -0.10667
    0.10914
   -0.03361
    0.00962
   -0.03603
    0.08824
   -0.04591
   -0.00868
   -0.03828
    0.09071
    0.02812
   -0.03274
   -0.01986
    0.05444
   -0.06232
    0.02916
   -0.09425
    0.09857
    0.01344
    0.04807
   -0.08788
    0.06581
    0.01686
   -0.01934
   -0.07773
    0.05701
    0.01938
    0.06472
   -0.04122
   -0.03061
   -0.02549
   -0.01292
   -0.02194
    0.06723
    0.03872
    0.03833
   -0.07080
    0.02134
    0.06051
   -0.02917
    0.02309
   -0.05547
   -0.08342
    0.01606
    0.02246
    0.00847
   -0.09278
   -0.07784
   -0.10010
    0.18126
   -0.04440
    0.05601
   -0.05071
    0.07588
   -0.04403
    0.03544
   -0.03070
    0.03340
   -0.10369
    0.06312
   -0.05818
    0.03587
   -0.02716
    0.10965
   -0.12664
    0.09538
    0.01551
    0.01475
   -0.06727
    0.08695
   -0.02511
   -0.03744
   -0.00076
    0.08209
   -0.02768
    0.00714
   -0.01334
    0.02903
   -0.08730
    0.01075
   -0.20954
    0.18737
   -0.04122
    0.07729
   -0.14016
    0.18701
   -0.04280
   -0.00077
   -0.14644
    0.11953
    0.02227
    0.03121
   -0.04376
   -0.00968
    0.01149
   -0.00405
   -0.15636
    0.20938
    0.01880
   -0.00182
   -0.08715
    0.11034
    0.01509
   -0.02865
   -0.08781
    0.08693
   -0.10877
   -0.00549
   -0.01238
    0.09038
    0.05659
   -0.09572
   -0.05577
    0.16538
    0.09583
    0.01982
   -0.13462
    0.13399
    0.12799
   -0.03783
   -0.13513
    0.10463
    0.13473
   -0.00435
   -0.07681
    0.11339
   -0.00288
    0.01417
   -0.15889
    0.18159
    0.04495
   -0.01215
   -0.06476
    0.11286
   -0.00602
   -0.08623
   -0.01874
    0.14216
    0.06270
   -0.05393
   -0.01200
    0.07212
   -0.06072
   -0.02906
   -0.15003
    0.20068
    0.02534
    0.01865
   -0.10535
    0.13678
    0.02968
   -0.04147
   -0.08861
    0.09377
    0.09970
   -0.00160
   -0.04751
    0.02613
   -0.02874
   -0.03719
   -0.08200
    0.14369
    0.07868
   -0.08735
   -0.05861
    0.12701
    0.08332
   -0.08825
    0.04907
    0.00469
   -0.05986
   -0.05490
    0.02043
    0.10986
    0.03237
   -0.15091
   -0.06627
    0.28892
    0.01840
    0.03337
   -0.06821
    0.11618
   -0.00822
   -0.04918
   -0.01662
    0.08970
   -0.02146
   -0.03113
   -0.02234
    0.07936
   -0.09441
    0.17503
   -0.05915
   -0.05282
   -0.03717
    0.04326
   -0.04447
    0.05528
   -0.05487
    0.03852
   -0.06875
    0.04714
   -0.05825
    0.08496
   -0.04460
   -0.02825
   -0.19614
    0.09026
   -0.21800
    0.18192
    0.00068
    0.06898
   -0.11871
    0.04633
    0.01499
    0.00327
   -0.18014
    0.09923
   -0.00736
    0.10039
   -0.04010
   -0.06796
   -0.09264
    0.10066
   -0.17861
    0.10642
    0.03038
    0.00412
   -0.06685
    0.03975
    0.01545
   -0.00791
   -0.07196
    0.04254
   -0.10461
    0.01078
    0.02357
    0.03393
   -0.17254
    0.03517
   -0.16783
    0.14529
    0.00612
    0.04602
   -0.07708
    0.03319
    0.00991
    0.02369
   -0.13915
    0.12560
   -0.05249
    0.07468
   -0.05666
    0.02700
   -0.02508
    0.01005
   -0.03931
    0.05541
    0.01412
    0.01131
   -0.04605
    0.06262
   -0.06997
   -0.00062
    0.02325
    0.08104
   -0.04474
    0.01358
    0.01208
   -0.00595
   -0.03180
   -0.00711
   -0.06659
    0.08819
   -0.00172
    0.01777
   -0.07428
    0.07874
    0.02644
   -0.04942
   -0.03236
    0.04625
   -0.02845
    0.06463
    0.01640
   -0.06662
   -0.07733
   -0.02019
   -0.00535
    0.09812
   -0.01586
    0.07502
   -0.06009
    0.02426
   -0.00454
   -0.00245
    0.08623
   -0.04245
   -0.20079
    0.01328
    0.05417
    0.03620
   -0.14460
   -0.00822
   -0.02918
    0.09868
   -0.06892
    0.02231
   -0.02189
    0.07212
   -0.02739
   -0.02174
    0.02913
    0.02155
   -0.10682
    0.05195
   -0.02619
    0.00960
   -0.06976
    0.05176
   -0.10655
    0.13930
    0.04106
   -0.04332
   -0.04579
    0.08345
   -0.00913
   -0.04346
    0.02343
    0.07128
   -0.05019
   -0.05043
    0.05497
    0.00362
   -0.13199
    0.00285
   -0.11878
    0.17683
    0.01072
    0.04433
   -0.16494
    0.16539
   -0.01388
   -0.00879
   -0.14608
    0.09958
    0.01496
    0.01903
    0.04092
   -0.05614
   -0.00354
   -0.05447
   -0.12339
    0.18268
   -0.00213
   -0.01901
   -0.06474
    0.09246
    0.05224
   -0.04266
   -0.05054
    0.07142
   -0.09841
   -0.07409
    0.06349
    0.10397
    0.08690
   -0.10029
   -0.01488
    0.11248
    0.16763
   -0.04206
   -0.12633
    0.04655
    0.18045
   -0.07430
   -0.08855
    0.09380
    0.19225
   -0.05305
   -0.03557
    0.07790
   -0.01065
   -0.02158
   -0.12837
    0.19185
    0.05235
   -0.05180
   -0.06472
    0.13638
    0.06294
   -0.10165
   -0.03742
    0.16565
   -0.02305
   -0.09931
    0.03984
    0.06800
   -0.08175
   -0.01129
   -0.13985
    0.19383
    0.02868
   -0.00220
   -0.08813
    0.08857
    0.03979
   -0.03647
   -0.05021
    0.04895
    0.04465
    0.04299
   -0.00318
   -0.07053
   -0.04223
   -0.04531
   -0.07278
    0.13760
    0.01762
   -0.03705
   -0.09351
    0.12927
    0.06436
   -0.08500
    0.03189
    0.02417
   -0.13666
   -0.10786
    0.05976
    0.12291
    0.01145
   -0.13574
   -0.03706
    0.21515
    0.04302
    0.00905
   -0.06898
    0.10923
   -0.00944
   -0.08131
    0.01414
    0.09997
   -0.03835
   -0.04928
   -0.01173
    0.07341
   -0.10349
    0.15354
   -0.05243
    0.04447
    0.04177
    0.01539
   -0.10441
    0.06730
   -0.04002
    0.04229
   -0.07318
    0.03486
   -0.07821
    0.08185
   -0.03279
   -0.01820
   -0.13224
    0.01936
   -0.12632
    0.14976
   -0.00383
    0.03019
   -0.14575
    0.11374
    0.02680
   -0.03487
   -0.14343
    0.08223
    0.02431
    0.06160
    0.00060
   -0.07232
   -0.00043
    0.02131
   -0.20863
    0.12235
    0.03081
   -0.02922
   -0.07174
    0.05820
    0.04114
   -0.02350
   -0.07853
    0.04698
   -0.17468
   -0.06106
    0.11018
    0.04349
   -0.12604
   -0.01086
   -0.08516
    0.13958
    0.00808
    0.00731
   -0.04689
    0.04074
    0.00102
   -0.00761
   -0.06886
    0.07438
   -0.09726
    0.00940
   -0.02573
    0.06082
   -0.07958
    0.06784
   -0.04639
    0.06682
   -0.01130
   -0.01847
    0.02470
   -0.00602
    0.02254
   -0.01560
   -0.00642
   -0.00194
   -0.14095
    0.03063
    0.07041
   -0.01008
   -0.03615
   -0.03756
   -0.07189
    0.10607
    0.01921
   -0.00310
   -0.09935
    0.07168
    0.07280
   -0.06101
   -0.06894
    0.01083
    0.02269
    0.00172
    0.00905
   -0.02566
    0.00792
   -0.00607
   -0.04908
    0.04750
    0.03179
   -0.07142
   -0.04607
    0.07584
    0.08706
   -0.07571
    0.01554
   -0.03091
   -0.06511
    0.00892
    0.01651
    0.04222
   -0.11112
   -0.05683
   -0.06239
    0.11686
    0.00982
   -0.07270
   -0.00874
    0.07105
    0.00109
   -0.01866
   -0.02196
    0.04314
   -0.20918
    0.05357
    0.03181
    0.00074
   -0.01126
    0.06559
   -0.13890
    0.13562
    0.01526
   -0.01204
   -0.05472
    0.10827
    0.03792
   -0.05149
   -0.04993
    0.08688
   -0.00952
   -0.04610
    0.03839
    0.00157
   -0.09448
    0.00624
   -0.23481
    0.20145
   -0.00188
    0.02539
   -0.15375
    0.18947
    0.01921
   -0.03652
   -0.23236
    0.13920
    0.07816
   -0.02497
    0.02476
   -0.01524
   -0.00590
   -0.03613
   -0.16249
    0.21154
    0.04894
   -0.04064
   -0.09998
    0.11738
    0.10624
   -0.08620
   -0.11018
    0.11631
   -0.07724
   -0.05116
    0.01142
    0.11851
    0.09901
   -0.14639
   -0.03091
    0.16875
    0.16110
   -0.03218
   -0.17239
    0.18476
    0.17263
   -0.07032
   -0.14900
    0.13839
    0.25441
   -0.05374
   -0.03977
    0.06020
    0.03224
   -0.01266
   -0.15900
    0.16929
    0.07240
   -0.05489
   -0.05989
    0.12885
    0.10402
   -0.14696
   -0.03753
    0.19017
    0.08513
   -0.08925
    0.01468
    0.01320
   -0.02172
   -0.07410
   -0.17992
    0.21100
    0.03863
   -0.06367
   -0.11401
    0.17150
    0.08642
   -0.08652
   -0.12455
    0.09780
    0.10658
   -0.04384
   -0.03237
    0.04522
   -0.02943
   -0.05108
   -0.10179
    0.17324
    0.06462
   -0.09425
   -0.07402
    0.14498
    0.06894
   -0.10381
   -0.01602
    0.08476
   -0.10438
   -0.05397
    0.02059
    0.11042
   -0.02774
   -0.07863
   -0.15223
    0.24550
    0.02189
   -0.00373
   -0.07926
    0.15169
   -0.01605
   -0.05469
   -0.04523
    0.12184
   -0.05927
   -0.01562
   -0.03540
    0.07736
   -0.09892
    0.07340
    0.02099
    0.04183
    0.01454
    0.00960
   -0.05815
    0.05331
    0.00962
   -0.02032
   -0.09257
    0.08059
   -0.07494
    0.00994
    0.03264
    0.00506
   -0.08409
    0.04962
   -0.14651
    0.12311
   -0.00655
    0.02511
   -0.13891
    0.10211
    0.01890
   -0.04018
   -0.17285
    0.09626
    0.04739
    0.02506
   -0.00595
   -0.03706
   -0.01840
    0.00323
   -0.17431
    0.14983
    0.06975
   -0.06057
   -0.09057
    0.07889
    0.08327
   -0.08076
   -0.04694
    0.05668
   -0.10873
   -0.00182
    0.04074
    0.03520
   -0.11135
   -0.00658
   -0.04453
    0.09502
    0.03418
   -0.00546
   -0.09332
    0.07743
    0.02490
   -0.03558
   -0.08945
    0.10088
   -0.12952
    0.01190
   -0.02319
    0.07291
