IntronPotTab 1 1024 1.18612
    0.00841
   -0.01464
   -0.00146
   -0.00243
    0.01175
   -0.00625
   -0.01669
   -0.00755
   -0.01786
    0.04448
    0.00159
    0.00172
    0.01059
   -0.03130
    0.01428
   -0.00340
    0.01832
   -0.03788
   -0.00272
   -0.01036
   -0.00999
   -0.01919
    0.04334
    0.01426
   -0.02849
   -0.01092
    0.00521
    0.06229
   -0.01857
   -0.00432
    0.01276
    0.01265
    0.02979
   -0.01392
   -0.00943
   -0.03438
    0.05889
   -0.15564
   -0.02712
   -0.01543
   -0.00007
    0.01390
   -0.03803
    0.01249
    0.02610
   -0.04532
    0.00348
   -0.00916
   -0.00335
   -0.04743
   -0.02540
    0.02961
    0.00091
    0.00877
    0.03011
   -0.01238
    0.00466
   -0.01286
   -0.05508
    0.03308
    0.03475
   -0.03787
    0.00181
   -0.02067
   -0.01033
   -0.04078
   -0.02047
    0.03001
    0.05980
    0.00963
   -0.00765
   -0.07317
    0.01618
    0.05876
   -0.08388
   -0.01823
   -0.01795
    0.00349
   -0.00690
    0.01247
   -0.06939
    0.05298
    0.07124
    0.02861
   -0.01132
    0.12445
    0.15883
   -0.05971
   -0.00250
   -0.22860
   -0.42086
    0.16665
   -0.00418
    0.01036
    0.09664
   -0.04363
   -0.03878
    0.16957
   -0.07073
    0.00377
   -0.12186
    0.01463
   -0.56430
    0.12712
    0.10511
   -0.08343
   -0.07734
   -0.14006
   -0.01978
   -0.20077
    0.05556
    0.06056
   -0.00907
   -0.04520
   -0.04800
    0.03860
    0.01827
   -0.00190
   -0.00569
   -0.01544
   -0.01798
   -0.07631
    0.11577
   -0.00682
    0.01809
    0.00755
    0.03336
   -0.03446
    0.00099
   -0.01707
    0.04777
   -0.02307
    0.05583
   -0.09244
    0.04494
   -0.04217
   -0.00699
    0.07334
   -0.05582
    0.00632
    0.01814
   -0.11610
    0.02676
    0.01231
    0.02518
   -0.03748
   -0.02661
   -0.00693
    0.05058
   -0.11253
   -0.17834
   -0.02197
    0.11303
   -0.20221
   -0.19144
   -0.11996
    0.00316
    0.02112
   -0.03459
    0.00588
   -0.01940
   -0.03369
   -0.00152
    0.02803
   -0.01541
   -0.07767
   -0.08573
    0.04765
    0.01959
   -0.02853
    0.01341
   -0.02633
    0.03044
    0.03520
   -0.02540
   -0.02376
    0.01670
   -0.00513
   -0.08036
    0.01916
    0.05139
   -0.03205
   -0.08415
   -0.02829
   -0.00365
   -0.00324
    0.07256
   -0.04624
    0.00709
    0.03055
   -0.02296
   -0.00698
    0.01625
   -0.03401
   -0.05780
    0.01148
    0.01299
    0.03065
   -0.04744
   -0.01815
    0.02650
   -0.01764
   -0.11629
    0.02400
    0.04765
   -0.07520
    0.01493
   -0.01476
    0.00811
   -0.12567
   -0.03167
    0.03409
   -0.00010
   -0.03784
    0.04280
    0.00808
    0.04499
   -0.01842
   -0.03682
   -0.06414
   -0.01249
    0.00533
   -0.00455
    0.00987
    0.00600
   -0.05285
   -0.05384
    0.02548
    0.00032
    0.00754
    0.10246
   -0.02034
   -0.01103
   -0.00538
    0.02680
    0.00525
    0.04972
   -0.08611
    0.03700
   -0.02705
    0.00036
   -0.05658
    0.00836
    0.01189
    0.04475
   -0.04611
    0.02281
   -0.03489
    0.02516
   -0.05731
   -0.07881
    0.03530
    0.02863
   -0.02822
    0.01048
   -0.02109
   -0.00430
    0.00262
   -0.01032
    0.00767
    0.06800
   -0.04305
    0.11208
   -0.09055
    0.03674
    0.02491
   -0.05453
   -0.03862
   -0.02077
   -0.02056
    0.00137
    0.02310
    0.02584
    0.01905
   -0.05332
   -0.01914
    0.04148
   -0.09962
    0.27110
   -0.06534
   -0.04350
    0.26063
    0.12027
   -0.20321
    0.03570
   -0.03229
   -0.15311
    0.03130
   -0.00945
   -0.02990
   -0.03660
    0.03481
    0.04087
   -0.07337
    0.01234
   -0.01754
    0.03396
    0.00806
   -0.06368
   -0.03788
    0.03960
   -0.11194
    0.01217
    0.00619
    0.01021
   -0.09325
   -0.02288
    0.02420
    0.01132
    0.05736
    0.06079
   -0.06214
   -0.05221
   -0.04564
    0.03788
    0.05828
    0.03889
   -0.04229
    0.00664
   -0.01519
    0.01802
   -0.05082
    0.03725
   -0.01871
    0.00615
    0.07605
   -0.14180
   -0.03912
   -0.00344
   -0.01096
    0.05889
   -0.02402
    0.04719
   -0.02871
    0.13589
   -0.06849
   -0.01373
   -0.18678
    0.16629
   -0.00263
    0.09120
   -0.08361
   -0.44157
   -0.06813
    0.07860
    0.15045
   -0.40644
   -0.15254
   -0.01948
    0.03390
    0.01047
   -0.00693
    0.10296
    0.05756
   -0.05597
   -0.16105
   -0.01699
    0.11464
   -5.00000
   -0.00926
   -0.16199
    0.09795
   -0.10369
    0.13634
    0.04981
    0.02314
   -0.20359
   -0.00733
    0.01858
   -0.04061
    0.04776
   -0.02395
   -0.03924
   -0.03491
   -0.08639
    0.06219
   -0.02890
    0.13566
   -0.04083
   -0.04460
    0.05474
    0.00996
   -0.07132
   -0.02809
    0.03975
   -0.00437
   -0.12591
    0.01494
   -0.05752
   -0.07073
    0.08217
    0.05728
    0.01475
    0.07061
   -0.22538
    0.05392
    0.01441
    0.02919
   -0.03980
   -0.00380
   -0.04431
   -0.37561
    0.07501
    0.07089
    0.08209
   -0.13245
   -5.00000
    0.00507
    0.26475
   -5.00000
   -5.00000
   -0.24494
   -0.15746
    0.22832
    0.00333
   -0.02919
    0.02724
   -0.03016
   -0.03089
   -0.00248
    0.09615
    0.07157
   -0.00768
   -0.17251
    0.07070
    0.06781
   -0.06722
   -0.10175
   -0.01796
   -0.09129
   -0.18451
    0.09189
    0.01575
    0.09092
    0.07517
   -0.08733
   -0.00971
   -0.06327
   -0.63697
    0.10581
   -0.06031
    0.04357
   -0.07128
    0.07396
    0.00841
    0.01069
    0.01911
   -0.02010
    0.00147
    0.03227
   -0.02693
    0.00000
    0.03493
   -0.07063
   -0.01886
   -0.00579
   -0.04880
   -0.02213
    0.05662
    0.04582
    0.05083
    0.00254
   -0.01026
   -0.02753
    0.03112
   -0.04167
   -0.10570
    0.00566
   -0.03176
    0.01868
   -0.01876
    0.02423
    0.01008
   -0.04227
   -0.33816
    0.07353
   -0.01040
   -0.07406
    0.08339
    0.00610
   -0.00659
   -0.06114
    0.01986
    0.01393
    0.02644
    0.02686
   -0.19077
   -0.02157
    0.02051
    0.02789
    0.03848
   -0.06971
   -0.00880
   -0.09259
    0.12680
   -0.01528
    0.00691
   -0.07326
    0.00690
    0.00926
    0.00596
    0.01151
   -0.05944
   -0.00079
   -0.06894
   -0.01574
    0.03606
    0.06410
   -0.03664
    0.01545
    0.04739
   -0.00404
   -0.01148
    0.01853
   -0.00771
    0.00764
    0.01746
    0.00290
   -0.05346
   -0.01352
    0.01650
   -0.01392
    0.01363
   -0.03390
    0.00757
   -0.09555
   -0.00872
    0.02994
   -0.00613
    0.05331
   -0.05267
    0.00841
    0.01281
   -0.01103
   -0.03491
   -0.00642
    0.05664
    0.07558
   -0.09071
   -0.16849
    0.00679
   -0.04136
    0.07092
   -0.01697
    0.01963
    0.01432
   -0.03138
   -0.01332
   -0.04229
    0.03438
    0.03756
    0.03621
   -0.01757
   -0.01943
    0.02693
    0.03270
   -0.00936
   -0.11530
    0.06670
    0.01222
    0.02416
    0.01587
   -0.05813
   -0.00926
    0.00802
    0.02591
   -0.01251
   -0.02051
    0.02409
   -0.02724
    0.01057
   -0.03542
    0.04033
   -0.09309
    0.00534
   -0.00186
    0.02768
   -0.02639
   -0.09652
    0.01338
   -0.02906
    0.16624
    0.01965
   -0.06774
   -0.02874
    0.03964
   -0.00016
    0.00925
    0.01709
   -0.07489
    0.03258
    0.01135
    0.01856
    0.02026
   -0.09304
   -0.00126
    0.02086
    0.06475
    0.02574
   -0.06690
   -0.22173
    0.26176
    0.29845
   -0.03179
   -0.04464
   -0.01199
    0.01585
    0.02787
   -0.09879
   -0.02691
    0.04257
    0.07309
    0.02386
   -0.17517
   -5.00000
    0.08330
   -0.06315
   -0.50629
   -0.38154
    0.26453
   -0.04001
    0.00279
    0.01065
    0.02846
    0.00700
   -0.02366
   -0.04883
    0.01485
   -0.01653
    0.02260
   -0.13795
    0.01643
   -0.06191
    0.02004
    0.06662
    0.02638
    0.01687
   -0.04980
   -0.00505
    0.01141
    0.02553
    0.03993
   -0.06445
   -0.00695
   -0.01633
    0.17150
   -0.02648
   -0.06982
    0.02406
   -0.01965
   -0.02598
   -0.00849
    0.06262
   -0.05124
   -0.02492
   -0.01662
    0.02240
    0.04582
    0.07044
   -0.09648
   -0.01997
    0.15066
   -0.14456
   -0.01508
   -0.00709
    0.36753
   -0.10861
   -0.18200
   -0.05655
    0.07874
   -0.03089
    0.02318
    0.03781
   -0.02215
   -0.03210
   -0.01841
    0.09622
   -0.15759
   -0.02548
   -0.08578
   -0.01131
    0.18590
   -0.05479
   -0.06522
   -0.11154
    0.10851
    0.00699
    0.02465
    0.04607
   -0.05119
   -0.06695
   -0.00574
    0.08578
    0.05060
   -0.06403
   -0.09570
    0.03235
   -0.00185
   -0.04046
   -0.01029
   -0.02664
   -0.03635
    0.07444
   -0.01091
    0.03108
   -0.03036
   -0.00944
   -0.01853
   -0.04374
    0.06704
   -0.12346
    0.02484
   -0.02711
    0.03048
   -0.05664
    0.05088
   -0.01674
   -0.01187
   -0.08666
    0.03688
   -0.05071
   -0.01159
    0.02344
    0.04798
    0.02366
   -0.14747
   -0.26616
    0.03596
   -0.01000
   -0.08992
    0.11534
   -0.00730
   -0.00842
   -0.11206
    0.07382
    0.02142
    0.02485
   -0.08413
   -0.07744
    0.01992
   -0.01637
    0.00484
   -0.26357
    0.03557
    0.03220
   -0.00980
    0.02152
   -0.06383
   -0.04785
   -0.06494
    0.10011
    0.01330
    0.02801
   -0.04743
   -0.04191
   -0.00171
    0.03509
    0.00132
   -0.12091
   -0.01503
    0.02910
   -0.01269
   -0.10406
    0.02444
    0.05293
   -0.04402
   -0.02397
   -0.01857
   -0.01283
   -0.03168
    0.00180
    0.01882
   -0.01381
    0.02337
   -0.09154
    0.01643
   -0.01132
   -0.00230
    0.00641
    0.01307
    0.03152
   -0.04346
   -0.02428
   -0.00252
   -0.00445
   -0.06873
   -0.04292
    0.04013
    0.00706
   -0.00617
    0.12122
   -0.02143
    0.00072
    0.01421
    0.02190
   -0.02024
    0.04205
   -0.08296
   -0.01796
    0.00858
    0.00873
    0.06300
   -0.00483
   -0.02730
    0.02075
   -0.06206
   -0.12690
    0.02091
    0.01262
    0.04895
   -0.02853
   -0.03573
    0.00975
   -0.02647
   -0.03431
    0.01278
   -0.01194
   -0.05512
   -0.05867
    0.04374
    0.00369
   -0.02755
   -0.10916
    0.02837
    0.03876
   -0.07581
   -0.04325
    0.00447
    0.03590
   -0.05087
   -0.05445
    0.01010
    0.02480
   -0.01463
   -0.05422
   -0.00354
    0.01562
    0.08120
   -0.20808
   -0.03496
   -0.02902
    0.06313
   -0.00052
   -0.00253
    0.01320
   -0.03267
    0.05923
   -0.00879
   -0.03066
    0.01753
    0.00854
    0.02713
   -0.06786
    0.07745
   -0.06673
    0.03961
    0.00150
   -0.03829
    0.10967
   -0.02606
    0.03026
   -0.08389
    0.05053
    0.00138
    0.02309
   -0.08505
   -0.04963
    0.01326
   -0.07882
    0.02244
    0.01424
    0.05787
    0.05065
   -0.09201
    0.00322
   -0.03946
   -0.04254
   -0.02939
    0.14167
    0.00015
    0.00218
   -0.01315
    0.05209
   -0.01635
   -0.00456
    0.00831
    0.01203
   -0.00264
    0.01878
   -0.12628
    0.04379
    0.01256
    0.02272
   -0.03391
    0.04401
   -0.01960
    0.00770
   -0.03469
   -0.00027
    0.00137
    0.00118
   -0.02935
    0.11116
   -0.01386
   -0.02455
   -0.00932
    0.01742
    0.02228
   -0.00724
    0.00558
    0.03066
   -0.01252
    0.00558
   -0.03263
    0.03399
   -0.01305
    0.00762
   -0.10094
    0.02021
    0.01733
   -0.13029
    0.05920
    0.15602
    0.07472
   -0.00019
    0.05374
    0.00178
   -0.02537
    0.00959
   -0.03671
   -0.01708
    0.00808
   -0.03065
    0.01627
    0.07310
    0.01400
    0.00960
    0.04746
   -0.00166
   -0.03329
   -0.02790
    0.00608
    0.05387
   -0.00785
    0.02051
    0.05538
   -0.05106
   -0.02095
   -0.00995
    0.04078
   -0.07954
    0.00403
    0.02844
    0.03803
   -0.03001
   -0.03904
   -0.00045
    0.00423
   -0.02028
    0.00898
    0.01185
   -0.01556
   -0.03711
    0.00652
    0.03123
    0.03895
   -0.12217
   -0.03132
   -0.00266
    0.03550
    0.01321
   -0.02277
    0.04252
   -0.04473
   -0.03899
   -0.00210
   -0.00069
   -0.04890
   -0.02262
    0.02163
   -0.00080
    0.01190
   -0.09202
    0.00479
   -0.02105
    0.04991
    0.01821
    0.00175
    0.00498
   -0.04906
    0.00700
    0.01312
    0.02600
   -0.08005
   -0.01752
   -0.00228
    0.02815
   -0.07894
    0.11087
   -0.01706
   -0.03308
   -0.02791
    0.02220
    0.05169
    0.00883
    0.00774
    0.04053
   -0.02524
    0.00372
   -0.01978
   -0.01382
    0.00707
    0.00192
    0.05723
   -0.00312
   -0.02528
    0.00917
   -0.01094
    0.00732
   -0.01431
    0.01505
   -0.00225
   -0.03432
    0.00342
