IntronPotTab 1 1024 0.65362
   -0.02770
   -0.04867
   -0.00935
    0.08298
   -0.00821
    0.04228
   -0.01170
   -0.03021
    0.01295
   -0.06325
    0.08893
   -0.07813
   -0.05433
   -0.02569
    0.02042
    0.05434
   -0.01826
   -0.02011
   -0.00380
    0.03829
   -0.04199
    0.01254
   -0.04456
    0.05165
   -0.01764
   -0.03163
    0.01501
    0.05154
    0.05053
   -0.06208
    0.04768
    0.02234
   -0.04698
   -0.04464
    0.06949
   -0.01420
    0.04565
   -0.03001
   -0.01691
    0.00362
    0.02835
   -0.08188
    0.08527
   -0.09655
   -0.02168
   -0.03568
    0.07461
   -0.02750
   -0.01228
   -0.01210
   -0.02072
    0.03791
    0.01635
   -0.02533
   -0.03813
    0.04479
    0.01393
   -0.01437
    0.02006
   -0.02866
   -0.02877
   -0.03670
    0.01430
    0.04208
   -0.00336
   -0.07016
    0.01679
    0.05867
    0.05719
   -0.06740
    0.00852
    0.04966
    0.03837
   -0.08623
    0.04916
    0.03673
   -0.02154
   -0.04037
    0.02604
    0.07251
   -0.02429
   -0.01821
   -0.02802
    0.06868
   -0.02553
   -0.00419
   -0.07352
    0.08108
   -0.00246
   -0.03702
    0.00725
    0.05982
    0.02186
   -0.05228
   -0.00285
    0.07844
    0.05226
   -0.05772
   -0.00874
    0.03403
    0.03584
   -0.09844
    0.03523
    0.06326
    0.04664
   -0.07227
    0.01945
    0.01607
   -0.04469
   -0.05664
    0.06427
    0.07714
    0.01409
   -0.06009
    0.01374
    0.05200
   -0.07787
    0.02324
   -0.08366
    0.12920
   -0.01208
   -0.01423
   -0.01764
    0.06341
   -0.13515
    0.00666
    0.01707
    0.02798
    0.01840
   -0.03183
   -0.04090
    0.11027
    0.04660
   -0.00485
   -0.05284
    0.01957
    0.05339
   -0.04971
   -0.00117
   -0.00537
    0.00419
   -0.01883
   -0.01284
    0.06379
    0.00636
    0.00396
   -0.04103
    0.05506
   -0.00363
    0.01576
   -0.06263
    0.05049
    0.01773
   -0.02353
   -0.02876
    0.05785
    0.05509
   -0.03658
   -0.00801
    0.02574
    0.04421
   -0.02789
   -0.01794
    0.01260
    0.05072
   -0.00471
   -0.06026
    0.04084
    0.05487
   -0.05577
   -0.00256
   -0.02435
   -0.07097
    0.04410
   -0.01161
    0.02364
   -0.01777
   -0.02735
    0.00615
    0.03152
   -0.01349
    0.00403
   -0.07089
    0.07921
   -0.02415
    0.02110
   -0.01220
    0.03254
    0.04457
    0.00266
   -0.05156
    0.05759
   -0.02023
    0.00859
   -0.01933
    0.03783
   -0.01165
   -0.02401
   -0.01155
    0.05520
   -0.00393
   -0.05253
    0.07161
   -0.02025
   -0.04208
   -0.03147
    0.05532
    0.03703
   -0.02680
    0.06306
   -0.06239
    0.04047
   -0.00702
    0.01432
   -0.08416
    0.05845
   -0.01207
   -0.00725
    0.01038
    0.01303
   -0.00962
   -0.01378
    0.01839
    0.00593
   -0.01757
   -0.04307
    0.03819
    0.00236
   -0.03449
   -0.01651
   -0.00256
    0.04459
    0.04025
   -0.05479
    0.04060
   -0.04712
   -0.07286
   -0.01101
    0.05743
    0.01717
    0.06114
   -0.00872
   -0.01615
    0.00065
    0.00801
    0.01489
   -0.08901
    0.05930
   -0.03507
    0.00867
    0.00012
    0.03012
    0.00133
    0.02003
   -0.05268
    0.05143
    0.01841
   -0.03677
   -0.04550
    0.10319
   -0.05026
    0.04919
   -0.05501
    0.04631
   -0.00933
   -0.04135
    0.03481
    0.02270
   -0.06323
    0.01924
   -0.02514
    0.06165
   -0.02799
    0.02751
   -0.04597
    0.03484
   -0.05401
    0.04945
   -0.11778
    0.06972
    0.00145
   -0.03679
    0.01751
    0.02992
   -0.03439
    0.00625
   -0.03905
    0.04892
    0.00370
   -0.02710
    0.03336
   -0.01351
   -0.03241
    0.00282
   -0.04272
    0.04640
    0.05673
   -0.07023
    0.05505
   -0.05327
   -0.03737
    0.01420
    0.00687
    0.00889
    0.00941
   -0.02175
   -0.05124
    0.06167
   -0.01829
   -0.00655
   -0.07258
    0.08721
    0.01288
   -0.02229
   -0.00491
    0.01630
   -0.07040
   -0.00428
   -0.02552
    0.08038
   -0.03327
   -0.02043
   -0.01578
    0.08914
    0.00078
   -0.04253
   -0.02994
    0.08233
    0.01555
   -0.06895
    0.04192
    0.05115
   -0.02934
   -0.02612
    0.00895
    0.08187
   -0.03434
    0.03032
   -0.07622
    0.06601
   -0.07894
    0.03517
   -0.13077
    0.10123
   -0.00203
   -0.03758
   -0.00800
    0.07987
   -0.00744
   -0.03918
   -0.05481
    0.10239
    0.04257
   -0.04699
   -0.02355
    0.04664
    0.02635
   -0.08936
    0.00182
    0.09126
    0.03418
   -0.05825
    0.03314
   -0.00115
   -0.05865
   -0.03430
    0.05705
    0.06179
   -0.01558
   -0.01096
   -0.02085
    0.03576
   -0.00193
   -0.03419
   -0.14127
    0.16899
   -0.02062
   -0.01437
   -0.03776
    0.09346
    0.03854
   -0.01296
   -0.08775
    0.10886
    0.03192
   -0.02821
   -0.02908
    0.04676
   -0.01268
    0.01007
   -0.06362
    0.07441
    0.05036
   -0.03619
   -0.02728
    0.03064
   -0.04336
    0.01213
   -0.03488
    0.10583
    0.00172
    0.00720
   -0.05173
    0.05811
   -0.03421
    0.03442
   -0.09242
    0.08349
    0.03043
   -0.04631
   -0.02445
    0.05320
    0.01684
   -0.01716
   -0.05609
    0.07940
    0.03231
   -0.02408
   -0.01748
    0.01869
    0.00695
   -0.00338
   -0.06391
    0.08420
    0.05778
   -0.05845
   -0.03978
    0.03529
   -0.07015
    0.02992
   -0.02811
    0.09373
    0.00845
   -0.05834
   -0.02396
    0.08646
   -0.03559
   -0.02084
   -0.07032
    0.13733
    0.00058
   -0.04716
   -0.02768
    0.09474
    0.01193
   -0.01734
   -0.04188
    0.08350
   -0.02697
   -0.00439
    0.04446
   -0.02117
   -0.01797
    0.01680
   -0.07626
    0.05539
    0.02713
   -0.03119
   -0.01203
    0.03200
   -0.08331
   -0.00046
    0.01820
    0.07099
   -0.04323
   -0.04064
    0.01306
    0.05896
   -0.04788
    0.04678
   -0.11377
    0.06489
   -0.02124
    0.03238
   -0.04417
    0.03794
   -0.02350
    0.01916
   -0.05826
    0.03307
    0.03443
   -0.04762
    0.04833
   -0.01703
   -0.00941
    0.01896
   -0.05319
    0.02866
    0.02290
   -0.02698
    0.00474
   -0.00761
   -0.06427
    0.02849
    0.02761
   -0.01883
    0.09292
   -0.09289
    0.04522
    0.06000
   -0.00151
    0.03366
   -0.09910
    0.03587
   -0.02270
    0.01937
   -0.02751
    0.03988
   -0.02100
    0.05780
   -0.08371
    0.05705
   -0.01977
   -0.04950
    0.01112
    0.04648
    0.01539
    0.01487
   -0.03382
    0.00992
   -0.03647
   -0.04699
    0.06385
    0.00244
   -0.00942
    0.01368
   -0.02101
    0.02826
   -0.02827
    0.03015
    0.02498
   -0.02167
   -0.01879
    0.00733
   -0.03312
    0.04419
   -0.04892
    0.00059
    0.02547
    0.04497
    0.02545
   -0.02029
    0.01828
   -0.01283
   -0.01969
   -0.01332
    0.03040
   -0.00742
    0.02264
   -0.00542
   -0.03348
    0.01431
    0.00545
   -0.02969
    0.04902
   -0.05735
   -0.03906
    0.03124
    0.03353
   -0.05911
   -0.00946
   -0.00680
   -0.02938
    0.03406
   -0.00193
   -0.01610
   -0.02098
    0.03517
   -0.03471
   -0.01331
    0.04011
    0.00174
   -0.01673
    0.00669
   -0.00245
    0.00439
   -0.05052
   -0.02159
    0.01915
    0.04748
    0.05174
   -0.05118
   -0.02490
    0.03678
    0.04369
   -0.09408
    0.02254
    0.03283
    0.00832
   -0.03289
    0.00652
    0.04511
   -0.04410
    0.03361
   -0.01095
    0.02659
   -0.04474
    0.01568
   -0.05293
    0.07911
   -0.02893
   -0.02130
    0.01615
    0.05553
   -0.00029
   -0.02054
   -0.02082
    0.04937
    0.04281
   -0.02090
   -0.02486
    0.01319
    0.04906
   -0.10646
    0.00586
    0.05566
    0.03778
   -0.07496
    0.00831
    0.00981
   -0.03300
   -0.02059
    0.04178
    0.01355
   -0.08589
    0.00490
    0.00914
    0.02580
   -0.05721
    0.00117
   -0.05090
    0.11498
   -0.12302
    0.00920
    0.03180
    0.11520
   -0.06591
   -0.00011
   -0.01047
    0.04583
    0.01134
   -0.04636
   -0.01755
    0.06603
    0.03882
    0.00970
   -0.08065
    0.06115
    0.04745
   -0.02076
   -0.04137
    0.03174
   -0.00114
   -0.00576
   -0.03358
    0.09037
   -0.00816
   -0.00171
   -0.01688
    0.03328
   -0.00474
    0.01583
   -0.06863
    0.07914
    0.01126
   -0.03688
    0.00079
    0.02195
    0.02740
   -0.01122
   -0.02935
    0.04008
    0.05661
   -0.03577
   -0.01882
    0.00019
    0.03543
    0.00694
   -0.06344
    0.04687
    0.03720
   -0.04217
    0.00491
   -0.02804
   -0.03458
   -0.00346
   -0.00454
    0.05178
   -0.03299
    0.00662
   -0.00481
    0.01467
    0.00003
   -0.01901
   -0.05801
    0.08320
   -0.00228
   -0.03467
    0.00919
    0.01742
    0.03729
   -0.02937
   -0.01465
    0.04558
    0.04777
    0.02343
   -0.08847
    0.09730
    0.01251
    0.06298
   -0.10848
    0.02627
   -0.00669
   -0.00068
    0.01516
   -0.01006
   -0.03504
    0.02883
   -0.02581
    0.03752
   -0.01498
    0.05726
   -0.05894
    0.05225
   -0.02890
    0.03357
   -0.08580
    0.08199
   -0.03515
    0.02829
    0.00885
    0.01381
   -0.02275
    0.00394
    0.00727
   -0.00067
    0.07466
    0.01035
   -0.08131
    0.03818
    0.03774
   -0.01471
   -0.05635
    0.03349
    0.02748
   -0.04295
    0.01662
   -0.02421
   -0.03874
    0.00068
    0.04832
   -0.02976
   -0.04166
    0.00538
   -0.01022
    0.01981
   -0.01130
    0.01720
   -0.07080
    0.05196
   -0.05511
    0.04553
    0.02136
    0.00403
    0.00397
    0.02367
   -0.04258
    0.03498
    0.02678
   -0.06125
   -0.01643
    0.07661
   -0.01747
    0.03174
   -0.05823
    0.05851
    0.09146
   -0.04496
    0.05041
   -0.11430
   -0.06735
   -0.01117
   -0.00936
    0.08941
   -0.03846
    0.02340
   -0.02107
    0.02758
   -0.02522
    0.01851
   -0.09675
    0.08298
    0.00463
   -0.02347
    0.02869
   -0.01124
   -0.01657
   -0.00310
   -0.01714
    0.03614
    0.01605
   -0.01854
    0.04837
   -0.04475
    0.02310
   -0.01420
   -0.03416
    0.02202
    0.09767
   -0.05714
    0.02653
   -0.08007
   -0.06023
    0.00380
    0.01941
    0.02808
    0.04879
    0.00222
   -0.06162
    0.02568
   -0.02201
   -0.01427
   -0.08685
    0.12700
    0.03645
   -0.02630
    0.00914
   -0.02758
   -0.04716
    0.04522
   -0.05596
    0.03310
   -0.02626
   -0.04673
    0.00882
    0.08009
    0.03860
   -0.04220
   -0.04573
    0.06041
    0.08878
   -0.11644
    0.05864
    0.06054
    0.01377
   -0.05541
    0.01950
    0.10111
    0.00360
    0.01844
   -0.07976
    0.07106
   -0.03623
    0.00602
   -0.12929
    0.10573
    0.01931
   -0.04713
   -0.02560
    0.10463
    0.08204
   -0.06081
   -0.01147
    0.08068
    0.04555
   -0.04644
   -0.01609
    0.04340
    0.06243
   -0.08193
   -0.00340
    0.05982
    0.07383
   -0.09827
    0.02415
    0.02482
   -0.02908
   -0.06882
    0.09120
    0.08339
    0.03876
   -0.01981
   -0.01824
    0.03003
    0.03637
   -0.02808
   -0.13520
    0.15268
    0.03992
   -0.03916
   -0.04044
    0.08500
    0.09421
   -0.02157
   -0.05128
    0.06465
    0.02347
   -0.02458
   -0.03376
    0.07742
    0.02311
    0.01722
   -0.10886
    0.08109
    0.09037
   -0.03726
   -0.00448
   -0.05668
   -0.03929
    0.02101
   -0.04165
    0.08605
    0.02616
    0.00616
   -0.05683
    0.05461
   -0.00259
   -0.00215
   -0.11516
    0.11725
    0.03971
   -0.02911
   -0.02461
    0.03300
    0.04697
   -0.01459
   -0.07778
    0.10331
    0.04715
    0.00972
   -0.03296
   -0.00321
    0.02237
    0.00725
   -0.08342
    0.07819
    0.05655
   -0.04701
   -0.01366
    0.00113
   -0.03947
    0.01925
   -0.02374
    0.05342
   -0.01114
   -0.00333
   -0.01802
    0.02711
   -0.02730
   -0.00524
   -0.09896
    0.14352
    0.01250
    0.00117
   -0.04065
    0.04402
    0.04335
    0.02367
   -0.07424
    0.06705
   -0.06033
    0.01740
    0.00384
    0.02814
    0.01047
    0.02915
   -0.09495
    0.03883
    0.06023
   -0.09116
    0.04246
    0.03085
   -0.10737
   -0.00296
    0.03003
    0.07850
   -0.06347
    0.06925
   -0.03579
    0.02399
   -0.03994
    0.04681
   -0.12720
    0.08135
   -0.03837
    0.03301
   -0.04276
    0.06158
    0.02676
    0.00196
    0.01003
   -0.02145
    0.02752
   -0.06118
    0.03690
    0.00523
    0.04965
   -0.05916
   -0.01979
    0.05154
    0.07144
   -0.07516
    0.03434
   -0.02718
   -0.12248
   -0.00711
    0.07966
    0.01854
    0.04259
    0.01229
   -0.01529
   -0.02132
   -0.00521
    0.02363
   -0.11103
    0.08851
   -0.01219
   -0.00654
   -0.00427
    0.03381
   -0.05297
    0.05539
   -0.06399
    0.04504
