IntronPotTab 1 1024 1.01796
   -0.01103
   -0.04191
    0.02969
    0.01507
    0.01610
   -0.07396
    0.01516
   -0.00300
    0.03234
   -0.09316
    0.01333
    0.02173
    0.08255
   -0.11350
   -0.00309
   -0.05432
   -0.05492
    0.02386
   -0.03690
    0.10928
   -0.05095
    0.00353
   -0.00303
    0.05116
   -0.05800
   -0.01951
   -0.06488
    0.10935
   -0.00504
   -0.01964
   -0.01491
    0.04210
   -0.01750
   -0.03126
    0.02905
    0.02741
   -0.02444
   -0.02612
    0.03736
    0.02072
   -0.00945
   -0.05124
    0.05423
    0.01391
    0.03224
   -0.05689
    0.01661
   -0.01699
   -0.14522
   -0.05816
   -0.03954
    0.10838
   -0.07170
   -0.04649
   -0.04434
    0.10478
   -0.08466
   -0.04464
   -0.08718
    0.11978
   -0.02775
   -0.03269
   -0.02395
    0.05009
    0.04023
   -0.04795
    0.01023
   -0.04401
    0.03219
   -0.07537
    0.00976
   -0.06723
    0.08020
   -0.08787
    0.02438
   -0.03185
    0.05697
   -0.12541
   -0.00432
   -0.11180
   -0.02011
    0.03070
   -0.03636
    0.04512
    0.00175
   -0.01292
    0.01203
   -0.00296
   -0.01768
   -0.01263
   -0.01338
    0.04408
    0.05942
   -0.02432
    0.00969
   -0.05106
    0.00598
   -0.00995
    0.00578
   -0.00834
    0.00037
   -0.04054
    0.04122
   -0.02544
    0.00773
   -0.04806
    0.04828
    0.00205
    0.04840
   -0.07398
    0.02171
   -0.08878
   -0.10078
    0.01494
   -0.04202
    0.06870
   -0.04771
   -0.02731
   -0.00865
    0.06254
   -0.08682
    0.03565
   -0.06194
    0.02354
   -0.00668
   -0.01093
    0.00232
    0.01497
    0.03096
   -0.05976
   -0.00483
    0.00190
    0.04115
   -0.09007
   -0.01332
   -0.02330
    0.07530
   -0.13751
   -0.03827
   -0.04895
    0.08494
   -0.12975
   -0.02684
   -0.08128
   -0.00537
    0.01287
   -0.01432
    0.09545
   -0.01060
   -0.00797
   -0.01123
    0.03924
    0.00780
   -0.01940
   -0.06012
    0.08753
    0.02084
   -0.03386
    0.00885
   -0.00538
    0.01096
   -0.00943
   -0.01350
    0.03332
   -0.00473
   -0.01558
    0.00966
    0.00511
    0.02460
   -0.07282
    0.02508
   -0.01177
    0.03963
   -0.06386
    0.01850
   -0.06004
   -0.09644
   -0.05657
    0.00495
    0.11381
   -0.05615
   -0.02101
   -0.02656
    0.08813
   -0.04541
   -0.02605
   -0.05567
    0.09335
   -0.00476
   -0.03269
    0.00095
    0.03146
    0.04357
   -0.10103
    0.00287
   -0.01526
    0.01679
   -0.09487
    0.02581
   -0.07791
    0.05111
   -0.14379
    0.03811
   -0.07358
    0.00909
   -0.07760
    0.03288
   -0.10512
    0.00233
   -0.00094
   -0.03853
    0.05508
    0.02453
   -0.02641
    0.00350
   -0.01350
   -0.00200
   -0.01717
   -0.01706
    0.03352
    0.06607
   -0.02177
    0.00594
   -0.08643
    0.02597
   -0.04119
    0.00968
   -0.02278
    0.00774
   -0.06578
    0.05303
   -0.06154
    0.03785
   -0.08923
    0.05345
   -0.04735
    0.04639
   -0.12488
    0.02363
   -0.14773
   -0.04471
   -0.03538
   -0.02132
    0.07220
   -0.01129
   -0.04289
    0.00752
    0.03289
   -0.01667
    0.02018
   -0.03205
    0.00569
    0.04880
   -0.03428
    0.03442
   -0.04427
   -0.05596
   -0.00473
   -0.02813
    0.09413
   -0.02870
   -0.01217
   -0.00444
    0.07085
   -0.03321
   -0.03726
   -0.02739
    0.09203
    0.07394
   -0.05244
   -0.05313
    0.00308
   -0.14860
    0.02789
   -0.09379
    0.09669
   -0.11312
    0.02872
   -0.02282
    0.09391
   -0.14764
   -0.02106
   -0.10467
    0.10768
   -0.06714
   -0.00846
   -0.02373
    0.05968
   -0.06902
    0.00187
    0.02787
    0.05516
   -0.04249
    0.02612
    0.01851
    0.09645
   -0.05966
   -0.01147
    0.02692
    0.06920
   -0.01092
   -0.00839
   -0.00002
    0.02003
   -0.18648
   -0.05128
   -0.10610
    0.07398
   -0.14609
   -0.01768
   -0.08876
    0.12614
   -0.18962
   -0.00355
   -0.15588
    0.09195
   -0.08059
   -0.02981
   -0.06547
    0.07582
   -0.02957
   -0.02367
    0.03067
    0.04181
   -0.00305
   -0.03788
    0.01742
    0.02486
    0.00667
   -0.05719
    0.03028
    0.06596
    0.09229
   -0.05860
   -0.01392
   -0.04155
   -0.09612
    0.02747
   -0.07135
    0.09985
   -0.11204
    0.02360
   -0.00443
    0.05155
   -0.12271
   -0.03118
   -0.05745
    0.10861
   -0.05798
    0.02299
   -0.02335
    0.02302
   -0.06219
    0.00588
    0.00542
    0.07061
   -0.09672
   -0.01563
    0.03029
    0.07144
   -0.09580
   -0.03973
    0.02669
    0.09463
   -0.03638
    0.02879
    0.00307
   -0.01610
   -0.15922
   -0.02259
   -0.07603
    0.12156
   -0.14384
   -0.04087
   -0.03770
    0.09727
   -0.15707
   -0.00588
   -0.07240
    0.09248
   -0.10457
   -0.00079
   -0.05355
    0.05964
   -0.04485
   -0.00914
   -0.00604
    0.07866
   -0.05652
   -0.01095
   -0.00662
    0.08364
    0.00069
   -0.05353
   -0.01226
    0.07159
    0.03126
   -0.03379
   -0.01668
    0.01719
   -0.11639
    0.03372
   -0.07749
    0.14287
   -0.11073
    0.02032
   -0.01431
    0.06850
   -0.11553
    0.00337
   -0.06867
    0.08746
   -0.07984
   -0.00974
    0.00974
    0.02318
   -0.07168
    0.01650
   -0.00188
    0.08346
   -0.10782
    0.01850
    0.00749
    0.10319
   -0.09050
   -0.02683
    0.03412
    0.08225
   -0.06226
   -0.00225
    0.02158
    0.01597
   -0.16751
   -0.04506
   -0.05131
    0.11129
   -0.16279
   -0.02603
   -0.07760
    0.11794
   -0.12973
   -0.03825
   -0.07002
    0.09625
   -0.08903
   -0.03541
   -0.02172
    0.07188
   -0.01928
   -0.01992
   -0.00396
    0.04690
   -0.01199
   -0.03963
   -0.00492
    0.04233
    0.00082
   -0.04196
    0.01905
    0.02851
    0.06971
   -0.01628
   -0.02452
   -0.08167
   -0.08693
    0.03062
   -0.05504
    0.08746
   -0.10395
    0.04634
    0.01151
    0.00971
   -0.09872
    0.00048
   -0.03617
    0.06747
   -0.04080
    0.05101
   -0.02057
   -0.03078
   -0.05734
    0.01687
    0.00248
    0.05076
   -0.12629
   -0.01399
    0.00157
    0.05316
   -0.09723
   -0.01722
    0.02345
    0.06148
   -0.00756
    0.01504
    0.02626
   -0.03553
   -0.10299
   -0.02575
   -0.03683
    0.09805
   -0.13045
   -0.00870
   -0.02962
    0.06604
   -0.11738
    0.00935
   -0.03528
    0.05885
   -0.08259
    0.00476
   -0.02762
    0.03764
   -0.01911
   -0.04820
    0.03168
    0.03871
   -0.00664
   -0.05664
    0.00483
    0.04206
    0.00563
   -0.07257
    0.00722
    0.07392
    0.06672
   -0.09115
   -0.00360
   -0.01927
   -0.10215
    0.01612
   -0.00035
    0.07778
   -0.07573
    0.00388
   -0.00399
    0.06564
   -0.09541
   -0.01855
   -0.03571
    0.11817
   -0.04869
   -0.01977
    0.00731
    0.03225
   -0.05519
   -0.02465
    0.05429
    0.01331
   -0.05428
    0.00410
    0.03880
    0.05171
   -0.04167
   -0.04847
    0.06475
    0.06249
    0.01444
   -0.03863
    0.02240
   -0.01175
   -0.11801
   -0.06949
    0.03999
    0.07089
   -0.08834
   -0.04151
   -0.03057
    0.09846
   -0.08975
   -0.03500
   -0.04739
    0.11014
   -0.03909
   -0.03949
   -0.00499
    0.04826
    0.01730
   -0.04377
    0.02761
    0.03014
    0.03048
   -0.08536
    0.02739
    0.00181
    0.06401
   -0.06231
    0.03784
    0.09160
    0.06280
   -0.14408
    0.06817
   -0.09236
   -0.04902
    0.01843
   -0.02332
    0.04913
   -0.04142
   -0.00597
    0.00720
    0.03229
   -0.07596
   -0.01443
   -0.02472
    0.08333
    0.00042
   -0.01706
    0.01384
    0.00238
   -0.03418
   -0.00153
    0.01668
    0.03166
   -0.03890
   -0.03536
    0.06405
    0.00787
   -0.03014
   -0.04512
    0.05155
    0.06898
    0.01791
   -0.03363
    0.03772
   -0.04499
   -0.11188
    0.01012
   -0.03031
    0.06858
   -0.09893
   -0.02263
   -0.02228
    0.07735
   -0.13636
    0.01416
   -0.06801
    0.03839
   -0.06280
    0.00015
    0.00060
    0.02062
   -0.01247
   -0.04672
    0.02449
    0.01367
   -0.00064
   -0.06364
    0.01083
    0.02686
    0.04918
   -0.11187
   -0.00582
    0.05388
    0.07005
   -0.10805
    0.01836
   -0.05876
   -0.06501
    0.02462
   -0.02329
    0.10655
   -0.05790
    0.00731
   -0.00056
    0.04562
   -0.06341
   -0.01127
   -0.04485
    0.09914
   -0.05127
   -0.02240
    0.02683
   -0.01078
   -0.03311
   -0.00594
    0.02380
    0.01920
   -0.05210
   -0.00751
    0.03503
    0.03481
   -0.03078
   -0.06524
    0.05134
    0.04590
   -0.02189
   -0.04010
    0.04509
   -0.03270
   -0.15207
   -0.05185
    0.01828
    0.11330
   -0.10945
   -0.01110
   -0.02208
    0.09420
   -0.11034
   -0.01698
   -0.03113
    0.09705
   -0.06403
   -0.03099
    0.01468
    0.03601
    0.04251
   -0.06745
   -0.02806
    0.02819
    0.02763
   -0.10238
    0.02862
   -0.05368
    0.05838
   -0.10948
    0.03086
   -0.00375
    0.04422
   -0.11867
    0.02596
   -0.11077
   -0.02995
    0.00227
   -0.02431
    0.06754
   -0.02749
    0.00255
   -0.00336
    0.02195
   -0.04275
   -0.01425
   -0.02215
    0.05971
   -0.01185
    0.04737
   -0.00789
   -0.05109
    0.00790
   -0.01123
   -0.00633
    0.01028
   -0.04372
   -0.02139
    0.04571
    0.01570
    0.00287
   -0.05313
    0.05579
   -0.00354
    0.02242
   -0.05351
    0.04208
   -0.11068
   -0.04937
   -0.02459
   -0.01395
    0.07504
   -0.06146
   -0.02692
    0.00064
    0.05824
   -0.06603
    0.01795
   -0.02090
    0.02124
   -0.00674
   -0.02212
    0.02508
    0.00397
   -0.10989
   -0.03800
   -0.06694
    0.13799
   -0.02356
   -0.04535
   -0.01317
    0.07414
   -0.04064
   -0.07186
   -0.05031
    0.11660
    0.08910
   -0.08684
   -0.04040
   -0.03038
   -0.15368
   -0.02141
   -0.13453
    0.10832
   -0.12490
   -0.00396
   -0.05778
    0.10338
   -0.16209
   -0.06591
   -0.14753
    0.11102
   -0.00233
   -0.03096
   -0.01279
    0.03845
   -0.10115
   -0.01922
   -0.02765
    0.10499
   -0.06930
   -0.01162
   -0.00418
    0.10244
   -0.07661
   -0.05213
   -0.03112
    0.10318
    0.04289
   -0.05026
   -0.01305
   -0.00130
   -0.11352
   -0.08759
   -0.08115
    0.03878
   -0.15960
   -0.07926
   -0.13281
    0.11104
   -0.16170
   -0.10964
   -0.12532
    0.07550
   -0.03051
   -0.04126
   -0.05371
    0.05914
   -0.02627
   -0.01837
   -0.01912
    0.09182
   -0.01012
   -0.04226
    0.00327
    0.04494
   -0.01077
   -0.04747
   -0.01515
    0.08699
    0.07994
   -0.05643
   -0.02367
   -0.00366
   -0.14874
    0.02130
   -0.12325
    0.13351
   -0.13952
    0.00108
   -0.04220
    0.08361
   -0.14685
   -0.04705
   -0.09297
    0.12615
   -0.04366
    0.00041
   -0.01885
    0.03757
   -0.05306
   -0.00293
   -0.02331
    0.10022
   -0.08646
   -0.01378
    0.00655
    0.06966
   -0.09862
   -0.03320
   -0.00363
    0.10135
   -0.01775
   -0.00593
    0.00682
    0.01508
   -0.19191
   -0.06086
   -0.13920
    0.13544
   -0.19345
   -0.04249
   -0.10225
    0.09016
   -0.18456
   -0.04136
   -0.12348
    0.12036
   -0.09741
    0.00204
   -0.04396
    0.04555
   -0.07334
   -0.00627
   -0.02310
    0.11334
   -0.05384
   -0.02188
   -0.00619
    0.07923
   -0.01391
   -0.06544
   -0.01498
    0.08764
    0.03378
   -0.06871
    0.00866
   -0.00425
   -0.10479
    0.01817
   -0.10006
    0.17427
   -0.09701
    0.00104
   -0.00317
    0.06043
   -0.11278
   -0.03064
   -0.06834
    0.10302
   -0.05887
   -0.05948
    0.02102
   -0.01018
   -0.10204
    0.03045
   -0.04296
    0.12447
   -0.09798
    0.01562
   -0.00673
    0.08746
   -0.09327
   -0.02755
    0.01090
    0.09163
   -0.05057
   -0.04121
    0.03944
   -0.01227
   -0.17184
   -0.07696
   -0.09114
    0.10236
   -0.18327
   -0.05825
   -0.11721
    0.12842
   -0.14873
   -0.08815
   -0.10072
    0.09435
   -0.05051
   -0.04120
   -0.00515
    0.05527
   -0.02326
   -0.02335
   -0.02893
    0.07483
   -0.00397
   -0.06019
    0.01662
    0.02933
   -0.00566
   -0.03457
   -0.00520
    0.04303
    0.07543
   -0.05679
   -0.00639
   -0.06376
   -0.09705
    0.01945
   -0.08991
    0.12259
   -0.12183
    0.02217
   -0.03309
    0.05467
   -0.10443
   -0.03058
   -0.07030
    0.09975
   -0.07569
    0.02746
   -0.02570
    0.01959
   -0.04512
    0.00536
   -0.02453
    0.07459
   -0.08585
   -0.02988
   -0.00694
    0.06248
   -0.10105
   -0.00492
    0.02013
    0.05962
    0.02358
   -0.03083
    0.03311
   -0.03608
   -0.13702
   -0.04839
   -0.08857
    0.11536
   -0.16227
   -0.02217
   -0.06514
    0.08815
   -0.12814
   -0.01201
   -0.08983
    0.08707
   -0.08388
    0.00606
   -0.01826
    0.03347
