IntronPotTab 1 1024 -5.72552 0.62193 6.60207 22076 6 16   83.72
    0.06194
    0.06411
   -0.04883
   -0.12565
    0.02212
    0.05299
   -0.08983
   -0.01424
    0.07003
    0.02815
   -0.08015
   -0.06069
   -0.15963
    0.11290
    0.08934
   -0.01706
   -0.01586
    0.07024
   -0.10004
    0.04281
   -0.00296
    0.08260
   -0.08571
   -0.02869
    0.04405
    0.02042
   -0.07426
   -0.00769
   -0.00232
    0.02512
    0.03748
   -0.05396
    0.03288
    0.04969
   -0.03392
   -0.06609
    0.00299
   -0.00245
   -0.06628
    0.03766
    0.04075
    0.02693
   -0.01203
   -0.08244
   -0.13454
    0.05936
    0.02893
    0.02066
   -0.16441
    0.20948
   -0.03882
    0.01208
    0.01861
    0.03352
   -0.03645
   -0.02251
    0.00022
    0.06067
   -0.04646
   -0.02009
   -0.26623
    0.11799
    0.13209
   -0.00891
    0.00987
    0.02455
   -0.05526
    0.02900
    0.06246
   -0.01814
   -0.09974
    0.02807
    0.03990
   -0.00455
   -0.04267
    0.00326
   -0.00881
   -0.00920
    0.01759
   -0.00434
    0.00913
    0.04924
   -0.10736
    0.03578
    0.00065
    0.08559
   -0.10758
   -0.01960
    0.00431
    0.03268
   -0.07818
    0.02536
   -0.00215
    0.01249
   -0.02346
    0.00780
    0.02414
    0.01684
   -0.02807
   -0.01261
    0.05507
   -0.06344
    0.01859
    0.01182
    0.03118
   -0.02985
    0.01317
   -0.00354
   -0.08339
    0.00969
    0.00076
    0.04706
    0.18711
   -0.00612
   -0.14390
   -0.11404
    0.02768
    0.01027
   -0.07949
    0.04126
    0.17757
   -0.04081
   -0.11673
   -0.04292
   -0.13563
    0.01247
    0.04353
    0.01534
    0.06356
    0.02658
   -0.06587
   -0.02094
    0.04490
   -0.00570
   -0.07263
    0.03104
    0.07933
   -0.01930
   -0.06235
   -0.03210
   -0.05546
    0.00421
    0.03372
   -0.00109
    0.02679
    0.04098
   -0.08030
    0.02815
    0.00159
    0.05662
   -0.07123
    0.00557
    0.02903
    0.03282
   -0.06477
   -0.00674
    0.06796
   -0.02504
    0.00725
   -0.03072
    0.03271
    0.01722
   -0.02213
   -0.02827
    0.02191
   -0.03103
   -0.07522
    0.07002
    0.03213
   -0.04264
    0.01772
   -0.00940
   -0.07638
    0.03889
    0.01763
    0.02122
   -0.05892
    0.09551
   -0.03660
   -0.00817
    0.02048
    0.04466
   -0.09165
    0.02448
   -0.00030
    0.02075
   -0.04949
    0.03669
   -0.13346
    0.01605
    0.04337
    0.01702
   -0.08606
    0.19409
   -0.00138
   -0.05005
    0.02674
    0.01730
   -0.09679
    0.01787
    0.00013
    0.05375
   -0.01678
   -0.04879
   -0.16128
    0.13707
    0.15847
   -0.07431
   -0.03237
    0.07888
   -0.12279
    0.04872
   -0.02417
    0.11100
   -0.09537
   -0.02165
   -0.01974
    0.08704
   -0.09055
   -0.00346
   -0.00913
    0.04177
   -0.03064
   -0.01410
   -0.02193
    0.02174
   -0.03224
    0.02764
   -0.02369
   -0.04575
   -0.00817
    0.06740
    0.02954
    0.00743
   -0.02089
   -0.02860
   -0.09520
    0.02779
    0.00050
    0.03944
   -0.21283
    0.23590
    0.02445
   -0.01983
    0.01251
    0.06980
   -0.09244
   -0.01245
   -0.02039
    0.06302
   -0.04950
    0.00081
   -0.25342
    0.10730
    0.06981
    0.01611
    0.01540
    0.06441
   -0.08157
    0.00826
   -0.01741
    0.05534
   -0.12085
    0.06187
    0.00654
    0.04425
   -0.08197
    0.03072
   -0.05758
    0.03226
   -0.05139
    0.07152
   -0.04904
    0.11466
   -0.13523
    0.05046
   -0.01874
    0.09999
   -0.11986
    0.02322
    0.02677
    0.03678
   -0.09490
    0.02571
   -0.03232
    0.03658
   -0.04408
    0.02520
    0.02320
    0.05591
   -0.05702
   -0.02685
   -0.03868
    0.03920
   -0.09364
    0.06660
    0.02167
    0.01650
   -0.02956
   -0.01641
   -0.07134
    0.04135
   -0.04375
    0.04753
   -0.05239
    0.06818
   -0.10898
    0.03573
   -0.00673
    0.05411
   -0.10336
    0.03540
    0.01244
    0.04798
   -0.08152
    0.02380
   -0.06197
    0.03486
   -0.04663
    0.04858
    0.00826
    0.04206
   -0.08092
    0.04700
   -0.02502
    0.03407
   -0.08372
    0.05209
    0.00510
    0.02170
   -0.09748
    0.06480
   -0.03139
    0.02613
   -0.06098
    0.04978
    0.00619
    0.07734
   -0.14939
    0.06189
   -0.12047
    0.13315
   -0.14899
    0.03913
   -0.02644
    0.04100
   -0.09615
    0.06410
   -0.07994
    0.04458
   -0.10150
    0.05991
    0.00707
    0.01575
   -0.05196
    0.04404
   -0.01111
   -0.00122
   -0.05485
    0.05706
    0.00769
   -0.01399
   -0.02699
    0.04174
   -0.11789
    0.04338
   -0.04597
    0.05213
   -0.07849
    0.09491
   -0.06593
   -0.00082
   -0.03251
    0.04635
   -0.11805
    0.08100
    0.01060
    0.02691
   -0.10212
    0.07100
   -0.15980
    0.03805
   -0.05172
    0.07977
    0.01056
    0.08287
   -0.10413
    0.03272
    0.00302
    0.03672
   -0.08093
    0.05730
    0.03548
    0.02136
   -0.07679
    0.02984
   -0.04374
    0.03957
   -0.04989
    0.07052
    0.01490
    0.03780
   -0.12322
    0.07716
   -0.02373
    0.09347
   -0.10407
    0.04800
    0.02263
    0.05833
   -0.14816
    0.05745
    0.02915
   -0.01602
   -0.01744
    0.01929
   -0.01109
    0.05740
   -0.05345
    0.01527
   -0.02679
    0.02382
   -0.06954
    0.08188
    0.05028
   -0.01588
   -0.01168
   -0.03104
   -0.09705
    0.02814
   -0.01867
    0.06848
   -0.04066
    0.06656
   -0.13219
    0.06675
   -0.02501
    0.04316
   -0.08868
    0.07471
   -0.01342
    0.02650
   -0.06557
    0.06233
   -0.08488
    0.04573
   -0.05422
    0.06588
   -0.23354
    0.33758
   -0.29598
   -0.07419
   -0.01891
    0.06616
   -0.09356
    0.00441
   -0.00188
    0.05593
   -0.06183
   -0.00273
   -0.19289
    0.08918
    0.06474
    0.02324
   -0.03582
    0.10420
   -0.10672
    0.02880
   -0.07511
    0.14303
   -0.11832
   -0.00603
    0.00151
    0.03888
   -0.09678
    0.04557
   -0.07123
    0.07473
   -0.07567
    0.00762
   -0.13531
    0.24345
   -0.19716
   -0.03046
   -0.02776
    0.03035
   -0.05634
    0.02943
   -0.01251
    0.03471
   -0.03628
    0.00653
   -0.13784
    0.04225
   -0.04005
    0.06749
   -0.15054
    0.17177
   -0.09130
   -0.01657
   -0.03475
    0.07757
   -0.12651
    0.03031
   -0.03010
    0.05168
   -0.07203
    0.05379
   -0.23344
    0.09231
   -0.04906
    0.06195
    0.02315
    0.03338
   -0.02965
   -0.03139
    0.01148
    0.03827
   -0.06081
   -0.00442
    0.01302
    0.03970
   -0.04652
   -0.02800
   -0.07994
    0.04512
    0.00694
    0.01891
   -0.00774
    0.04738
   -0.07815
    0.04005
   -0.01822
    0.07091
   -0.05685
    0.00006
    0.01524
    0.02709
   -0.05988
    0.01947
    0.03132
   -0.01550
    0.01878
   -0.02404
   -0.00911
    0.04231
   -0.01023
   -0.01802
   -0.00084
    0.00964
   -0.07728
    0.04318
    0.02471
    0.00378
   -0.00011
   -0.04425
   -0.07330
    0.01738
    0.01867
    0.01870
   -0.07989
    0.07736
   -0.06960
    0.03534
    0.00616
    0.02152
   -0.01274
   -0.01628
   -0.00018
    0.04384
   -0.03659
   -0.00708
   -0.10053
    0.03572
    0.00247
    0.02176
   -0.00269
    0.02703
   -0.05304
    0.03874
    0.03337
   -0.00928
   -0.07117
    0.03816
    0.02447
    0.00545
   -0.07868
    0.04506
   -0.01544
   -0.00285
   -0.02718
    0.04407
   -0.00234
    0.03758
   -0.09124
    0.04991
   -0.05012
    0.11921
   -0.08637
    0.00658
   -0.01240
    0.00697
   -0.04015
    0.04116
   -0.04245
    0.02581
   -0.01322
    0.00363
   -0.01726
    0.06471
   -0.07174
    0.02314
    0.05595
   -0.02772
   -0.04621
    0.01480
    0.00785
   -0.02160
   -0.01031
    0.03647
   -0.05730
    0.01812
   -0.01073
    0.02425
    0.27824
   -0.08337
   -0.20223
   -0.12727
   -0.01903
    0.02376
   -0.07554
    0.06062
    0.17375
   -0.04242
   -0.12949
   -0.01716
   -0.09673
    0.01376
   -0.00413
    0.03635
    0.01483
    0.04017
   -0.05450
    0.01650
    0.02086
   -0.01284
   -0.06445
    0.05946
    0.04346
   -0.01045
   -0.03954
    0.00685
   -0.03662
   -0.01138
    0.00363
    0.04082
   -0.00065
    0.02599
   -0.05247
    0.03527
   -0.00631
    0.07984
   -0.09320
    0.02871
   -0.00868
    0.04480
   -0.04391
    0.01620
    0.08829
   -0.04957
    0.00052
   -0.01704
    0.02461
    0.03457
   -0.02552
   -0.02970
    0.04236
   -0.03364
   -0.06796
    0.04853
    0.02503
   -0.02779
    0.03373
   -0.04779
   -0.06279
   -0.00024
    0.00127
    0.04156
   -0.04294
    0.03566
   -0.02069
    0.02046
    0.01993
    0.01499
   -0.06953
    0.03684
   -0.03555
    0.02255
   -0.03512
    0.05854
   -0.09020
    0.00327
    0.00321
    0.04459
   -0.02052
    0.14295
   -0.10650
   -0.00892
   -0.00644
    0.01851
   -0.08496
    0.04934
    0.01659
    0.06135
   -0.06182
   -0.02794
   -0.09171
    0.07674
    0.00748
   -0.00771
   -0.01900
    0.07588
   -0.12538
    0.05137
   -0.04112
    0.11341
   -0.09116
   -0.00071
   -0.02779
    0.10680
   -0.11592
    0.01252
   -0.00612
    0.03868
   -0.05753
    0.00989
   -0.01707
    0.03752
   -0.07762
    0.04688
   -0.01643
   -0.04330
   -0.04784
    0.07607
    0.00610
    0.01051
   -0.03115
    0.00763
   -0.10320
    0.00663
    0.03160
    0.02964
   -0.09685
    0.15331
   -0.09939
    0.00594
   -0.00869
    0.03593
   -0.08607
    0.03333
   -0.03753
    0.07295
   -0.07179
    0.03645
   -0.12817
    0.03638
   -0.02311
    0.05507
   -0.07369
    0.22799
   -0.02272
   -0.08026
    0.07795
    0.05803
   -0.11656
   -0.06264
    0.02809
    0.08092
   -0.07496
   -0.05418
   -0.22108
    0.22583
    0.20712
   -0.05023
   -0.02946
    0.10006
   -0.10283
    0.02209
   -0.03197
    0.10840
   -0.11058
    0.00378
    0.00678
    0.02625
   -0.04925
    0.01614
   -0.07273
    0.03920
    0.07451
   -0.02968
   -0.03926
    0.08831
    0.01072
   -0.05254
   -0.02633
   -0.00005
   -0.10960
    0.08052
    0.03102
    0.02037
   -0.01852
   -0.03086
   -0.16516
    0.08803
    0.08357
    0.01746
   -0.21167
    0.26015
   -0.05573
    0.01009
    0.00963
    0.02185
   -0.10173
    0.04386
   -0.01733
    0.07815
   -0.05146
   -0.02102
   -0.31107
    0.18293
    0.14317
    0.02275
    0.00388
    0.01922
   -0.07179
    0.06136
    0.00794
    0.00220
   -0.11331
    0.07693
    0.01397
   -0.00072
   -0.05851
    0.04894
   -0.01991
   -0.01312
   -0.01156
    0.04558
   -0.00471
    0.04247
   -0.11782
    0.07232
   -0.06820
    0.10459
   -0.11349
    0.03124
    0.01483
   -0.00774
   -0.07216
    0.05527
   -0.01325
   -0.00041
   -0.04120
    0.03567
    0.01000
    0.00484
   -0.04677
    0.03991
    0.03951
   -0.04897
   -0.03476
    0.05093
    0.01291
   -0.01847
    0.01314
    0.00090
   -0.11761
    0.02271
   -0.00942
    0.04769
    0.00959
    0.06463
   -0.09014
   -0.00812
   -0.04273
    0.02313
   -0.13664
    0.10624
    0.02626
    0.02143
   -0.10816
    0.06630
   -0.11634
   -0.00473
   -0.05096
    0.09098
    0.01810
    0.05753
   -0.08585
    0.03879
    0.03135
    0.02961
   -0.14671
    0.08232
    0.03070
    0.01759
   -0.07203
    0.02759
   -0.02856
    0.00840
   -0.03340
    0.06640
   -0.01151
    0.04870
   -0.11233
    0.08558
   -0.04745
    0.08826
   -0.11724
    0.06986
    0.02873
    0.07141
   -0.13161
    0.00868
    0.11595
   -0.05173
   -0.01990
   -0.00614
   -0.00209
    0.05576
   -0.07328
    0.02533
   -0.00445
   -0.01618
   -0.08269
    0.08925
    0.03672
   -0.02046
   -0.00572
   -0.01422
   -0.08358
    0.02511
   -0.03493
    0.07364
   -0.05391
    0.04822
   -0.09031
    0.06215
   -0.02836
    0.03638
   -0.10543
    0.08712
   -0.01306
    0.01766
   -0.07703
    0.06602
   -0.05203
    0.02676
   -0.06639
    0.07532
   -0.13268
    0.27821
    0.02009
   -0.07998
    0.02420
    0.02569
   -0.11475
    0.01752
    0.01705
    0.06041
   -0.03170
   -0.05844
   -0.25913
    0.18866
    0.19693
   -0.02302
   -0.04293
    0.09020
   -0.10510
    0.04755
   -0.09236
    0.14409
   -0.14583
    0.01545
   -0.03858
    0.06386
   -0.08503
    0.04698
   -0.08520
    0.02999
   -0.06525
    0.04344
   -0.02203
    0.04624
   -0.05338
    0.02358
   -0.03720
   -0.04013
   -0.04144
    0.08513
    0.00994
   -0.00169
   -0.02642
    0.01597
   -0.11949
    0.01570
   -0.01046
    0.05364
   -0.24570
    0.25509
   -0.02736
   -0.00572
   -0.06794
    0.04377
   -0.14243
    0.07434
   -0.03674
    0.05316
   -0.07302
    0.04711
   -0.36616
    0.06915
   -0.00772
    0.09724
