IntronPotTab 1 1024 -16.91700 0.34538 16.88291 128878 6 16   83.14
   -0.06655
    0.00730
    0.07013
   -0.01438
   -0.02679
   -0.04539
    0.02859
    0.04316
    0.00671
   -0.06757
    0.07458
   -0.04701
   -0.14069
   -0.01051
    0.09343
   -0.00279
   -0.00581
   -0.02153
   -0.02166
    0.04066
   -0.06815
    0.02636
   -0.10307
    0.06772
    0.03727
   -0.04866
   -0.03551
    0.00908
   -0.07930
    0.02785
    0.00188
   -0.00171
   -0.06584
   -0.11039
    0.11688
   -0.03480
   -0.00212
   -0.10250
    0.03186
    0.03386
    0.05466
   -0.15868
    0.10735
   -0.17950
   -0.08840
   -0.06492
    0.09140
    0.02203
   -0.12398
    0.00444
    0.08039
    0.02988
   -0.06670
    0.01619
   -0.03347
    0.06956
    0.02416
   -0.04445
   -0.02506
    0.02885
   -0.13078
    0.00806
    0.04227
    0.00808
   -0.06728
    0.04740
   -0.01134
    0.03326
   -0.03251
   -0.00739
   -0.03235
    0.07281
    0.01939
   -0.04192
    0.03126
   -0.01570
   -0.08301
   -0.02810
    0.03690
    0.02520
   -0.09792
    0.16751
   -0.15658
    0.03035
   -0.11181
   -0.02918
   -0.10837
    0.13294
    0.01336
    0.07301
   -0.11657
    0.00495
   -0.10487
    0.10456
   -0.12341
   -0.00274
   -0.10789
   -0.04427
    0.02605
    0.07117
   -0.04035
   -0.07558
   -0.01091
    0.09436
    0.03509
   -0.05426
    0.07001
   -0.07201
   -0.13441
   -0.05408
    0.06074
    0.05341
   -0.03473
   -0.01716
    0.00267
    0.04229
   -0.09144
    0.07490
   -0.13749
    0.08048
    0.03559
    0.01052
   -0.12644
    0.04029
   -0.10189
    0.00485
    0.00186
    0.02071
   -0.02954
   -0.11416
    0.06255
   -0.02142
    0.01012
   -0.12857
    0.04690
    0.02277
    0.00081
   -0.17544
    0.10896
   -0.11595
   -0.04695
   -0.15502
    0.10959
   -0.00118
   -0.08171
   -0.17387
    0.10953
   -0.08139
   -0.04487
   -0.00349
   -0.04847
    0.06086
    0.04404
   -0.08032
    0.02109
   -0.03321
   -0.00874
   -0.03270
    0.04497
   -0.01888
   -0.09514
   -0.21322
    0.09546
   -0.16977
    0.08054
   -0.17283
    0.02713
   -0.03080
    0.08116
   -0.21281
    0.05876
   -0.21553
   -0.10890
   -0.08288
    0.07867
    0.04518
   -0.05835
   -0.16716
    0.13717
    0.02886
   -0.05430
   -0.03084
   -0.02884
    0.10127
   -0.00541
   -0.06417
    0.03957
    0.03381
   -0.10340
   -0.09469
    0.06355
    0.03739
   -0.19393
    0.04615
    0.05146
    0.08472
   -0.05380
   -0.02529
   -0.00966
    0.08668
    0.01673
   -0.02904
    0.01081
   -0.00452
   -0.14872
    0.00130
    0.07940
   -0.00570
   -0.12001
   -0.04705
   -0.14215
    0.16639
   -0.18327
    0.02926
   -0.19725
    0.12244
   -0.04220
   -0.00275
   -0.09311
    0.10445
   -0.08658
    0.05034
   -0.07273
    0.01441
   -0.19429
   -0.10694
   -0.10649
    0.20307
   -0.07493
   -0.06087
   -0.01851
    0.09534
    0.03481
   -0.12300
    0.02238
    0.04582
   -0.15026
   -0.07644
    0.05912
    0.09372
   -0.17767
    0.00519
   -0.00148
    0.07895
   -0.10669
    0.03823
   -0.08436
    0.09071
   -0.02009
   -0.00754
   -0.07614
    0.07446
   -0.15445
    0.03061
    0.02091
    0.00157
   -0.04580
    0.01536
   -0.01173
    0.04614
   -0.01832
    0.01635
   -0.09767
    0.08213
   -0.00572
   -0.04180
   -0.00127
    0.04895
   -0.10584
    0.01502
    0.01273
    0.02572
   -0.02980
    0.03642
   -0.09458
    0.09381
    0.03915
   -0.06074
   -0.23075
    0.09093
    0.01398
    0.01581
   -0.10807
    0.05098
   -0.09820
    0.07901
   -0.11872
    0.05160
   -0.02632
   -0.05862
    0.06504
   -0.02005
    0.04838
   -0.08021
   -0.10550
    0.04409
    0.09805
   -0.07884
    0.02662
   -0.18177
   -0.09107
    0.01028
    0.00489
    0.04228
   -0.03498
    0.00159
   -0.06550
    0.07150
    0.00920
    0.04552
   -0.16768
    0.05824
    0.00032
    0.02098
   -0.11663
    0.07603
   -0.08992
    0.02566
   -0.03369
    0.03406
   -0.05576
    0.07510
   -0.09798
    0.09300
   -0.18949
    0.08077
   -0.20967
    0.10785
   -0.04047
    0.03791
   -0.07856
    0.05941
   -0.15569
    0.06222
   -0.07911
    0.05891
   -0.07459
    0.03606
   -0.13857
    0.11994
   -0.28511
    0.08680
   -0.31497
    0.11763
   -0.11428
    0.13156
   -0.25547
    0.13093
   -0.36725
    0.10050
   -0.19387
    0.00146
   -0.05223
   -0.00350
   -0.05287
    0.10246
   -0.14829
    0.02101
   -0.18859
    0.16590
    0.00949
   -0.00385
   -0.03131
    0.04470
   -0.22113
    0.03671
   -0.04660
    0.08343
   -0.09483
    0.03703
   -0.11172
    0.05768
   -0.31554
    0.08690
   -0.25243
    0.05437
   -0.15517
    0.12957
   -0.30957
    0.01680
   -0.13010
    0.07427
   -0.13374
    0.05568
   -0.00272
   -0.03006
   -0.03028
    0.10109
   -0.06221
   -0.01039
    0.00227
    0.07227
   -0.00481
   -0.08006
    0.07406
   -0.03420
   -0.05844
   -0.08265
    0.05592
    0.05551
   -0.02027
    0.01544
   -0.06942
    0.09226
   -0.15463
    0.10328
   -0.20787
    0.14506
   -0.00038
    0.01773
   -0.09253
    0.07163
   -0.10277
    0.07237
   -0.07968
    0.02869
   -0.00776
   -0.09388
    0.05204
   -0.00872
   -0.00013
   -0.09497
   -0.04686
    0.13336
    0.06243
   -0.14420
    0.07813
   -0.03452
   -0.12553
   -0.03227
    0.02405
    0.10643
   -0.00383
   -0.06674
   -0.08130
    0.17272
   -0.19365
    0.14234
   -0.17459
    0.11519
   -0.06714
    0.03664
   -0.09831
    0.10747
   -0.10680
    0.01597
   -0.06103
    0.10383
   -0.12116
    0.10476
   -0.07818
    0.08672
   -0.13080
    0.00094
   -0.20145
    0.17310
   -0.00798
    0.00269
   -0.11742
    0.08984
   -0.15033
    0.05718
   -0.07236
    0.04434
   -0.10107
    0.08454
   -0.17662
    0.13823
   -0.36459
    0.03945
   -0.42164
    0.10048
   -0.17504
    0.04376
   -0.24850
    0.16854
   -0.19745
    0.07987
   -0.16849
    0.02563
   -0.08903
    0.07966
   -0.11388
    0.08525
   -0.31454
   -0.01489
   -0.27902
    0.18173
   -0.05684
   -0.02423
   -0.00535
    0.08945
   -0.21273
    0.02959
   -0.03391
    0.09130
   -0.14630
    0.05359
   -0.12638
    0.07355
   -0.23758
    0.12372
   -0.25350
    0.08972
   -0.13161
    0.07363
   -0.22847
    0.12506
   -0.18459
    0.08234
   -0.11010
    0.03318
   -0.04841
   -0.07232
    0.07063
   -0.00196
   -0.00055
   -0.05631
    0.02201
    0.02292
    0.02478
   -0.14877
    0.08131
   -0.06998
   -0.07749
   -0.06168
    0.07352
    0.00397
   -0.00168
   -0.07004
    0.00347
    0.03630
   -0.05071
   -0.00597
   -0.08131
    0.08017
    0.09123
   -0.11390
   -0.06500
   -0.03294
   -0.06255
   -0.05163
    0.02287
    0.04457
   -0.04894
   -0.14066
    0.08860
   -0.03695
    0.06756
   -0.17069
    0.02066
   -0.03415
    0.06571
   -0.24893
    0.04828
   -0.24658
   -0.03740
   -0.14322
    0.10613
    0.03276
    0.01477
   -0.07564
    0.02059
    0.03011
   -0.03616
   -0.00767
   -0.02823
    0.06448
    0.12684
   -0.17625
   -0.06123
   -0.05614
   -0.05668
   -0.05772
    0.05482
    0.00990
   -0.05090
   -0.01269
    0.01575
    0.04344
   -0.05688
   -0.00629
   -0.00695
    0.07349
   -0.04645
   -0.02417
    0.07315
   -0.07146
   -0.08371
   -0.05632
    0.04328
    0.05448
   -0.05483
    0.02707
   -0.05075
    0.06370
   -0.19033
    0.09683
   -0.26175
    0.15787
   -0.01396
    0.02082
   -0.09639
    0.08932
   -0.10155
    0.03588
   -0.04322
    0.01653
   -0.05331
   -0.09000
    0.04615
    0.03825
   -0.05332
   -0.07849
   -0.01874
    0.10517
    0.01776
   -0.12678
    0.09874
    0.01300
   -0.13893
   -0.05474
    0.07833
    0.04357
   -0.03719
    0.01508
   -0.01872
    0.02169
   -0.20892
    0.14215
   -0.18437
    0.05223
   -0.05037
    0.08982
   -0.12023
    0.00887
   -0.07043
    0.00340
   -0.01310
    0.03543
   -0.03040
   -0.17110
    0.07968
   -0.06910
   -0.00648
   -0.15789
    0.09483
   -0.02885
   -0.03458
   -0.16828
    0.09158
   -0.21123
   -0.02419
   -0.15524
    0.09262
    0.00065
   -0.00439
   -0.11567
    0.05255
   -0.03407
    0.00250
   -0.03114
   -0.07205
    0.09834
    0.03818
   -0.09469
    0.02437
   -0.02915
   -0.01940
   -0.02218
    0.03564
   -0.02897
   -0.04911
   -0.23848
    0.09821
   -0.14975
    0.06781
   -0.22006
    0.06782
    0.02546
    0.09297
   -0.15578
    0.08950
   -0.30181
   -0.12110
   -0.08586
    0.05833
    0.09820
   -0.01861
   -0.15094
    0.07495
    0.05436
   -0.05494
   -0.02042
    0.00181
    0.08070
   -0.05454
   -0.07067
    0.07519
    0.00691
   -0.08246
   -0.10912
    0.07598
    0.00707
   -0.08644
    0.05499
   -0.01647
    0.07446
   -0.00797
   -0.03516
   -0.03391
    0.06369
    0.03445
   -0.01762
   -0.03292
    0.00565
   -0.11776
   -0.01526
    0.03210
    0.03987
   -0.01659
   -0.03524
   -0.06463
    0.11384
   -0.25577
    0.00523
   -0.29424
    0.17805
   -0.05157
    0.00002
   -0.08269
    0.11693
   -0.12955
    0.03187
   -0.05799
    0.04867
   -0.03277
   -0.05032
   -0.04565
    0.11863
   -0.08816
   -0.07123
   -0.05105
    0.12054
   -0.00219
   -0.12272
   -0.05719
    0.12677
   -0.13666
   -0.06197
    0.02919
    0.09907
   -0.13830
   -0.01844
    0.00615
    0.09282
   -0.13254
    0.04547
   -0.10633
    0.11525
   -0.04079
   -0.00987
   -0.08663
    0.11255
   -0.15356
    0.02122
    0.00241
    0.02575
   -0.12288
    0.04841
    0.07892
    0.01139
   -0.03234
   -0.01922
    0.01014
    0.03999
    0.03643
   -0.05221
    0.01497
   -0.03624
   -0.22345
    0.06281
    0.10041
   -0.04905
   -0.04062
    0.02207
   -0.06349
    0.08302
   -0.07112
   -0.07269
   -0.16264
    0.15706
    0.02152
   -0.01430
   -0.08747
    0.06363
   -0.17101
    0.08758
   -0.05803
    0.02314
   -0.05049
   -0.07315
    0.05919
    0.01896
   -0.02160
   -0.07747
   -0.02926
    0.09012
    0.09531
   -0.09629
   -0.03500
   -0.08418
   -0.15711
   -0.03293
    0.09334
    0.05884
   -0.13766
    0.03569
    0.01475
    0.05244
   -0.08879
    0.05121
   -0.11129
    0.09890
    0.01408
   -0.01755
   -0.08260
    0.06482
   -0.19784
    0.05556
    0.04060
   -0.01388
   -0.02656
    0.03576
   -0.06225
    0.08525
   -0.08825
   -0.00688
   -0.13660
    0.14028
   -0.01067
   -0.02165
   -0.05760
    0.10430
   -0.14635
    0.06017
   -0.07473
    0.02471
   -0.10112
    0.10270
   -0.16466
    0.09857
   -0.30405
    0.03492
   -0.30946
    0.12847
   -0.14518
    0.09819
   -0.18572
    0.14637
   -0.19563
    0.07581
   -0.12452
   -0.06973
   -0.05019
    0.00214
   -0.03776
    0.08152
   -0.14397
    0.00126
   -0.11842
    0.12659
   -0.06021
    0.00629
   -0.00106
    0.08714
   -0.25611
    0.04675
   -0.03793
    0.04690
   -0.07542
    0.03354
   -0.09056
    0.04786
   -0.20348
    0.09264
   -0.22242
    0.06877
   -0.02892
    0.04313
   -0.22267
    0.08334
   -0.09361
    0.04406
   -0.07009
    0.03048
   -0.01327
   -0.03380
   -0.00942
    0.07090
   -0.03986
   -0.07000
    0.02819
    0.06691
    0.04451
   -0.09766
    0.02701
   -0.00149
   -0.14986
   -0.17440
    0.14720
   -0.06024
    0.00020
    0.01192
   -0.08483
    0.10468
   -0.18282
    0.08852
   -0.16633
    0.13767
    0.00508
    0.01030
   -0.08517
    0.08617
   -0.14292
    0.06459
   -0.01730
   -0.04662
   -0.03379
   -0.11702
    0.06905
   -0.00804
   -0.05125
   -0.06044
   -0.02712
    0.11930
    0.05473
   -0.09573
    0.03395
   -0.06821
   -0.19500
   -0.12094
    0.11832
    0.03147
   -0.03465
   -0.07134
   -0.01009
    0.11451
   -0.12852
    0.04281
   -0.12880
    0.14570
   -0.01798
   -0.00375
   -0.07578
    0.09023
   -0.10546
   -0.03588
    0.01791
    0.04249
   -0.15940
    0.08106
    0.04566
    0.05732
   -0.07502
    0.02579
   -0.05407
    0.07772
    0.01746
    0.00118
   -0.06775
    0.03770
   -0.27668
    0.07948
    0.07116
   -0.04418
   -0.08115
    0.05615
   -0.13356
    0.11686
   -0.27623
    0.06581
   -0.27791
    0.11543
   -0.08325
    0.02874
   -0.16549
    0.14959
   -0.13411
    0.08757
   -0.11014
   -0.01300
   -0.08352
    0.03628
   -0.05038
    0.09184
   -0.14136
   -0.00685
   -0.10615
    0.13184
   -0.01797
   -0.05680
   -0.02130
    0.09088
   -0.21140
   -0.00195
    0.00956
    0.08516
   -0.15489
    0.03317
   -0.03748
    0.07908
   -0.16531
    0.08407
   -0.14818
    0.09423
   -0.05707
    0.03438
   -0.12596
    0.09208
   -0.24274
    0.09330
    0.01170
   -0.03066
