IntronPotTab 1 1024 -8.82665 0.37162 6.00912 41109 6 16   64.44
    0.09042
   -0.00137
   -0.09342
   -0.02207
    0.03888
    0.00211
   -0.06808
    0.00686
    0.08469
    0.01675
   -0.09358
   -0.06405
   -0.02450
   -0.00875
    0.00614
    0.02363
   -0.03543
    0.04896
   -0.08784
    0.07032
    0.02887
    0.06583
   -0.09271
   -0.03170
    0.02410
    0.01651
   -0.05112
   -0.00846
   -0.02135
   -0.02200
    0.06070
   -0.01587
    0.01201
   -0.00092
    0.00837
   -0.02572
    0.04911
   -0.06188
   -0.09172
    0.06099
    0.03848
    0.02278
   -0.01468
   -0.06925
   -0.07672
    0.01965
    0.04111
   -0.00087
   -0.02217
    0.06395
   -0.14786
    0.05245
    0.04240
    0.01860
   -0.07086
   -0.00077
    0.03394
    0.04830
   -0.05797
   -0.04024
   -0.05101
   -0.01457
   -0.02307
    0.06502
    0.02591
    0.01807
   -0.06671
    0.02384
    0.08321
   -0.06284
   -0.04602
   -0.00354
    0.04677
    0.00438
   -0.06347
   -0.00688
   -0.00466
   -0.03387
    0.03027
    0.00764
   -0.05510
    0.08680
   -0.13228
    0.05556
    0.01215
    0.07517
   -0.09194
   -0.00552
   -0.02827
    0.07238
   -0.11524
    0.02309
   -0.07398
    0.00116
    0.02703
    0.02888
    0.00858
   -0.00365
   -0.03629
    0.03341
    0.08481
   -0.09994
    0.01370
    0.00093
    0.02523
    0.01676
   -0.00592
   -0.05157
   -0.13409
   -0.02114
    0.09129
    0.03003
    0.26386
   -0.03043
   -0.18221
   -0.08498
    0.06701
    0.01244
   -0.06854
   -0.00584
    0.27905
   -0.07669
   -0.20110
   -0.09232
   -0.08294
   -0.02588
    0.02515
    0.04557
    0.11808
   -0.00157
   -0.10701
    0.00693
    0.07649
   -0.04141
   -0.07921
    0.02332
    0.11164
   -0.02275
   -0.10038
   -0.06371
   -0.06577
    0.00385
    0.02318
    0.02327
   -0.01158
    0.05852
   -0.09349
    0.06921
    0.02061
    0.05649
   -0.09115
    0.00835
    0.01075
    0.03533
   -0.05864
   -0.00105
    0.01931
   -0.05920
    0.06635
   -0.03401
    0.03917
    0.01831
   -0.04071
   -0.00814
    0.04764
   -0.05395
   -0.08082
    0.06062
    0.07106
   -0.00738
    0.00613
   -0.09846
   -0.13698
    0.03335
    0.05743
    0.06218
   -0.00643
    0.06164
   -0.11134
    0.04829
    0.05170
    0.01950
   -0.09705
    0.02795
    0.01064
    0.03498
   -0.06240
    0.01465
   -0.13673
    0.00048
   -0.00112
    0.07158
    0.01757
    0.04544
   -0.08885
    0.02278
    0.07622
   -0.03042
   -0.13509
    0.03986
    0.04341
    0.06762
   -0.06469
   -0.08417
   -0.13493
    0.01752
    0.10192
    0.02829
   -0.05613
    0.07970
   -0.11058
    0.05353
    0.00559
    0.09750
   -0.09620
   -0.02148
   -0.00414
    0.06202
   -0.07813
   -0.01056
   -0.02447
    0.02437
    0.01921
   -0.02948
    0.00099
   -0.01065
   -0.03316
    0.03037
    0.01830
   -0.08741
   -0.04459
    0.08191
    0.03589
    0.01204
   -0.01178
   -0.05514
   -0.07111
   -0.02770
    0.05684
    0.03047
   -0.00414
    0.04311
   -0.15777
    0.05607
    0.05285
    0.03209
   -0.07607
   -0.01639
    0.03262
    0.04010
   -0.07444
   -0.01898
   -0.05700
    0.00442
   -0.02098
    0.04785
    0.05242
    0.03721
   -0.10634
    0.02314
    0.01388
    0.02546
   -0.08854
    0.03952
    0.03409
    0.03976
   -0.10366
    0.00086
   -0.02560
    0.01763
   -0.01607
    0.02173
   -0.04390
    0.10330
   -0.13673
    0.03983
    0.01216
    0.07343
   -0.11504
    0.01287
   -0.00098
    0.03885
   -0.09044
    0.03051
    0.00258
   -0.00071
   -0.01232
    0.01259
    0.00880
    0.03423
   -0.03904
   -0.00582
    0.02560
   -0.01089
   -0.06839
    0.03059
    0.03891
    0.03046
   -0.01294
   -0.08573
   -0.05190
    0.03677
    0.00050
   -0.00049
   -0.02699
    0.04711
   -0.12147
    0.03664
    0.02313
    0.03175
   -0.09628
    0.02919
    0.02018
    0.06756
   -0.09863
   -0.00678
   -0.06247
    0.01732
   -0.04110
    0.06099
    0.01903
    0.03305
   -0.10074
    0.04739
    0.00302
    0.02916
   -0.09728
    0.03910
    0.00491
    0.03675
   -0.10423
    0.03144
    0.00409
    0.01330
   -0.02984
    0.01112
   -0.00978
    0.06112
   -0.14867
    0.06911
   -0.06687
    0.14399
   -0.19028
    0.02577
   -0.01152
    0.05219
   -0.12037
    0.03968
   -0.17306
    0.06066
   -0.06005
    0.04778
    0.01592
    0.00837
   -0.07042
    0.04891
    0.02362
   -0.01108
   -0.05872
    0.03661
    0.01425
    0.02888
   -0.04264
   -0.02403
   -0.14132
    0.01759
    0.03597
    0.04367
   -0.01579
    0.06798
   -0.16464
    0.04715
    0.00947
    0.05615
   -0.13208
    0.03394
    0.03285
    0.03182
   -0.11904
    0.03422
   -0.13584
    0.03596
   -0.06445
    0.07909
    0.05585
    0.04781
   -0.12390
    0.04866
    0.03557
   -0.00118
   -0.09071
    0.06180
    0.04762
    0.02977
   -0.10199
    0.00658
   -0.08172
    0.02646
   -0.01820
    0.06810
   -0.01189
    0.07768
   -0.13897
    0.07389
   -0.00597
    0.08355
   -0.07763
    0.01930
   -0.01624
    0.07628
   -0.13485
    0.03407
   -0.04659
   -0.00458
    0.04924
   -0.02542
    0.02389
    0.04847
   -0.07584
    0.00835
    0.02943
    0.00043
   -0.06012
    0.03898
    0.02931
    0.02183
   -0.03665
   -0.03915
   -0.10798
    0.03110
    0.00424
    0.06018
   -0.01630
    0.07646
   -0.16322
    0.07538
    0.03490
    0.03304
   -0.07694
    0.02471
    0.00449
    0.02729
   -0.09009
    0.05705
   -0.09238
    0.02107
   -0.03792
    0.07436
   -0.14263
    0.26748
   -0.33721
    0.02965
    0.05745
    0.05883
   -0.12598
   -0.02395
    0.03345
    0.07232
   -0.09082
   -0.03933
   -0.21105
    0.04597
    0.14254
    0.03627
   -0.05013
    0.09189
   -0.10975
    0.03729
   -0.02811
    0.15218
   -0.14798
   -0.02451
    0.01152
    0.05576
   -0.10643
   -0.00088
   -0.13617
    0.09257
   -0.04001
   -0.01850
   -0.19361
    0.24777
   -0.19132
   -0.01097
    0.01187
   -0.00513
   -0.05585
    0.02840
   -0.00974
    0.03382
   -0.01172
   -0.02148
   -0.08765
    0.01919
    0.02220
    0.02200
   -0.02330
    0.11389
   -0.19888
    0.01295
    0.00827
    0.07151
   -0.10727
    0.00496
    0.00691
    0.05077
   -0.09582
    0.01439
   -0.15829
    0.03237
   -0.08634
    0.11213
    0.04475
    0.02613
   -0.07106
    0.00877
    0.03181
    0.02424
   -0.04118
   -0.02258
    0.01724
    0.03572
   -0.06058
   -0.01042
   -0.03772
    0.01735
    0.00743
    0.00485
   -0.02842
    0.05669
   -0.07189
    0.04443
    0.01246
    0.05704
   -0.05807
   -0.00746
   -0.01335
    0.03268
   -0.03682
    0.02817
   -0.04728
   -0.03158
    0.08237
   -0.03718
   -0.02173
    0.01428
    0.03581
   -0.03687
    0.03785
   -0.02183
   -0.05483
    0.01968
    0.01822
    0.04617
    0.03167
   -0.12164
   -0.06136
    0.01154
    0.03710
   -0.00430
   -0.05569
    0.05530
   -0.14495
    0.07653
    0.05700
   -0.01388
   -0.04201
   -0.00999
    0.02461
    0.01310
   -0.03268
   -0.01209
   -0.03916
    0.00531
   -0.01828
    0.03709
   -0.00893
    0.02461
   -0.05935
    0.05119
    0.05065
   -0.03353
   -0.05123
    0.02047
    0.02001
    0.01187
   -0.05964
    0.01397
   -0.00176
   -0.03458
    0.02847
    0.01078
   -0.04591
    0.04298
   -0.07681
    0.06538
   -0.02772
    0.11167
   -0.07915
    0.01494
   -0.05413
    0.05851
   -0.07650
    0.04462
   -0.04817
    0.02229
    0.00455
   -0.00158
   -0.01253
    0.04175
   -0.04260
    0.01511
    0.04276
   -0.06978
    0.01229
    0.00551
   -0.00249
    0.01027
   -0.01022
   -0.00308
   -0.09848
   -0.01672
    0.06171
    0.01941
    0.35279
   -0.07588
   -0.25130
   -0.10800
    0.02172
    0.01967
   -0.07120
    0.03346
    0.26996
   -0.08854
   -0.18708
   -0.08753
   -0.03105
   -0.01721
   -0.00534
    0.04192
    0.05236
    0.01211
   -0.07909
    0.03689
    0.07493
   -0.04272
   -0.08922
    0.03617
    0.05992
    0.01632
   -0.06307
   -0.02051
    0.00105
   -0.03043
    0.00563
    0.02324
    0.00211
    0.01963
   -0.05875
    0.04352
    0.01182
    0.08426
   -0.07012
   -0.00782
   -0.00465
    0.05338
   -0.04490
   -0.00018
    0.01173
   -0.04076
    0.04938
   -0.03286
    0.03467
    0.00681
   -0.02834
   -0.01072
    0.04283
   -0.04236
   -0.04340
    0.02761
    0.03198
   -0.00809
    0.01575
   -0.05928
   -0.10609
    0.00732
    0.02012
    0.05003
   -0.05131
    0.06262
   -0.07571
    0.04503
    0.05777
   -0.01021
   -0.07764
    0.03136
   -0.02062
    0.03050
   -0.03904
    0.04238
   -0.07735
    0.00185
   -0.00382
    0.04047
    0.05473
    0.08102
   -0.14699
    0.01213
    0.03785
    0.00050
   -0.12577
    0.05069
    0.04582
    0.09142
   -0.15007
   -0.01821
   -0.12251
    0.03749
    0.04162
    0.03850
   -0.03964
    0.09319
   -0.10689
    0.03979
    0.00452
    0.10677
   -0.09370
   -0.01984
   -0.01949
    0.05721
   -0.08205
    0.02184
   -0.02800
    0.01876
    0.00900
   -0.01118
    0.00549
    0.05193
   -0.08985
    0.02571
    0.00196
   -0.07233
   -0.03185
    0.07212
    0.02965
    0.02007
   -0.02830
   -0.03078
   -0.07111
   -0.02582
    0.05055
    0.01488
   -0.00270
    0.05431
   -0.16431
    0.06035
    0.04617
    0.00323
   -0.07026
    0.01533
    0.01488
    0.05542
   -0.06435
   -0.01558
   -0.06079
    0.02012
   -0.05299
    0.06712
    0.06523
    0.03295
   -0.14008
    0.04972
    0.08047
    0.03581
   -0.09324
   -0.04651
    0.05673
    0.05695
   -0.11217
   -0.02326
   -0.20151
    0.07029
    0.06916
    0.08147
   -0.04977
    0.10714
   -0.11975
    0.04840
    0.06602
    0.06269
   -0.10648
   -0.02485
   -0.00571
    0.03982
   -0.04343
    0.00365
   -0.17615
   -0.00055
    0.16866
   -0.00522
   -0.02330
    0.05106
   -0.02929
    0.00838
    0.10530
   -0.02559
   -0.15452
    0.02793
    0.04537
    0.04623
   -0.02269
   -0.07081
   -0.20309
    0.08356
    0.14570
    0.03865
   -0.03826
    0.10007
   -0.21953
    0.06913
    0.08038
    0.03889
   -0.11469
   -0.00894
    0.04215
    0.03644
   -0.02148
   -0.06639
   -0.23084
    0.04396
    0.02473
    0.10171
    0.02678
    0.00555
   -0.09647
    0.06413
    0.03597
   -0.03156
   -0.08625
    0.06701
    0.04865
   -0.00370
   -0.07770
    0.01987
    0.02029
   -0.04464
    0.00692
    0.05029
   -0.00556
    0.04094
   -0.14095
    0.08269
   -0.05309
    0.11505
   -0.15249
    0.05560
   -0.00067
    0.03297
   -0.10591
    0.04308
   -0.07355
    0.01283
   -0.01048
    0.02881
    0.02378
   -0.01145
   -0.04565
    0.03395
    0.05823
   -0.05918
   -0.04891
    0.04209
    0.04813
   -0.01863
   -0.01118
   -0.01940
   -0.12929
   -0.01863
    0.05088
    0.06967
    0.12193
    0.01825
   -0.17168
    0.02068
    0.01461
    0.00755
   -0.13570
    0.08041
    0.10524
   -0.00224
   -0.13250
    0.02304
   -0.05759
   -0.03318
   -0.05270
    0.11552
    0.05085
    0.04649
   -0.11217
    0.04837
    0.03788
   -0.00730
   -0.11148
    0.07176
    0.08054
    0.01237
   -0.10048
   -0.02185
    0.01271
    0.00109
   -0.03843
    0.05004
    0.00032
    0.07132
   -0.14672
    0.08068
   -0.01483
    0.08225
   -0.11124
    0.04443
    0.02085
    0.05371
   -0.11941
    0.01592
    0.10970
   -0.05995
    0.01205
   -0.03142
    0.02774
    0.03051
   -0.06869
    0.01563
    0.01468
   -0.03221
   -0.09108
    0.09407
    0.04879
    0.00087
   -0.01757
   -0.05504
   -0.01193
   -0.00198
   -0.03780
    0.07225
    0.01332
    0.03310
   -0.12561
    0.06000
    0.04350
    0.01860
   -0.08532
    0.02981
    0.01966
    0.03832
   -0.10093
    0.03090
   -0.01250
    0.01297
   -0.06062
    0.07405
    0.03562
    0.05504
   -0.10796
    0.01503
    0.09369
   -0.00007
   -0.14705
    0.01217
    0.10655
    0.06921
   -0.11568
   -0.10635
   -0.18740
    0.03589
    0.09088
    0.05247
   -0.05165
    0.08502
   -0.12866
    0.05892
   -0.03817
    0.12148
   -0.14242
    0.02054
    0.02156
    0.04512
   -0.10240
    0.00177
   -0.08335
    0.02068
   -0.02152
    0.03214
    0.00357
    0.01980
   -0.04380
    0.01513
    0.02443
   -0.07606
   -0.06277
    0.07646
    0.04865
   -0.01155
   -0.00454
   -0.04140
   -0.08360
   -0.01113
    0.03477
    0.03198
   -0.01503
    0.07148
   -0.15908
    0.03553
   -0.00280
    0.04506
   -0.12145
    0.04262
    0.00624
    0.03608
   -0.06124
    0.00980
   -0.12148
   -0.01071
   -0.12319
    0.13626
