IntronPotTab 1 1024 1.89613
    0.03760
   -0.10782
   -0.09447
    0.01844
    0.03706
   -0.19895
   -0.06552
    0.04379
   -0.03675
   -0.03909
   -0.01401
    0.07954
    0.04695
   -0.19916
   -0.05546
    0.02769
   -0.00769
   -0.12845
   -0.12058
    0.09085
    0.00115
   -0.06463
    0.04233
    0.01497
    0.00828
   -0.11658
    0.08411
    0.00095
    0.06007
   -0.14260
   -0.07405
    0.02289
    0.02836
   -0.07235
   -0.07801
    0.01565
    0.02804
   -0.19773
    0.02681
    0.02160
   -0.01519
   -0.02601
    0.06770
    0.00055
    0.05423
   -0.18256
   -0.03568
    0.01424
   -0.01179
   -0.12925
   -0.09424
    0.06471
    0.00486
   -0.17340
   -0.06405
    0.07769
   -0.01880
   -0.12905
   -0.02736
    0.09094
    0.03841
   -0.18608
   -0.09768
    0.05591
    0.02369
   -0.08140
   -0.07318
    0.02923
    0.06985
   -0.29381
   -0.09073
    0.07160
   -0.07079
   -0.04357
   -0.00090
    0.10293
    0.06827
   -0.27825
   -0.07265
    0.05652
    0.01433
   -0.09626
   -0.08950
    0.05008
   -0.06459
   -0.18841
   -0.05508
    0.14075
   -0.05109
   -0.05853
   -0.05646
    0.08623
    0.06332
   -0.12426
   -0.10070
    0.04339
    0.00822
    0.00516
   -0.08232
    0.02839
    0.06367
   -0.20619
    0.13617
   -0.02894
   -0.05243
    0.03845
    0.07968
   -0.02683
    0.02082
   -0.23218
   -0.02203
    0.06931
    0.00348
   -0.18557
   -0.09836
    0.07198
    0.02465
   -0.19253
   -0.07789
    0.07231
    0.02551
   -0.14397
   -0.10906
    0.08699
    0.07091
   -0.29274
   -0.14675
    0.07902
    0.04765
   -0.14364
   -0.16284
    0.05246
    0.04157
   -0.25352
   -0.06377
    0.07379
   -0.01811
   -0.05038
    0.00967
    0.04587
    0.04117
   -0.16468
   -0.15588
    0.09032
   -0.00367
   -0.03623
   -0.07565
    0.05772
    0.00045
   -0.03783
    0.00422
    0.01665
   -0.07596
   -0.07157
    0.05170
    0.05301
    0.04584
   -0.16663
   -0.10309
    0.06611
    0.01380
   -0.03333
   -0.06913
    0.02761
    0.04540
   -0.14870
   -0.11463
    0.05178
   -0.01570
   -0.00139
    0.03005
    0.00331
    0.00051
   -0.07751
   -0.13077
    0.08785
   -0.05486
   -0.11420
   -0.11998
    0.09391
    0.04241
   -0.25505
   -0.20151
    0.09882
   -0.08023
   -0.09441
   -0.01465
    0.10250
    0.02292
   -0.22421
   -0.14772
    0.08466
   -0.00248
   -0.09649
   -0.06895
    0.04644
    0.05358
   -0.29361
   -0.06387
    0.04609
   -0.02071
   -0.11029
   -0.03803
    0.08590
    0.03455
   -0.19809
   -0.11328
    0.04986
    0.01631
   -0.10072
   -0.14016
    0.05755
   -0.03526
   -0.11890
    0.02529
    0.06889
    0.01305
   -0.07600
   -0.01720
    0.02090
    0.03907
   -0.12059
   -0.14374
    0.04920
    0.01566
   -0.13787
   -0.07425
    0.03456
    0.00443
   -0.16544
    0.10803
    0.01157
   -0.04668
   -0.04657
   -0.01460
    0.08049
    0.01157
   -0.18431
   -0.04018
    0.04693
   -0.02641
   -0.11361
   -0.15252
    0.08507
    0.02231
   -0.22737
   -0.13663
    0.07217
   -0.00748
   -0.16064
   -0.07781
    0.09915
    0.01712
   -0.21298
   -0.11368
    0.06417
    0.01863
   -0.07695
   -0.03263
    0.01051
   -0.00497
   -0.06184
   -0.03582
    0.04520
   -0.02461
   -0.08451
    0.00799
    0.06921
    0.01659
   -0.23774
   -0.04703
    0.06469
    0.00097
   -0.03692
   -0.02987
    0.02794
   -0.00294
   -0.22333
    0.10968
    0.03081
   -0.11716
    0.02667
   -0.01519
    0.08339
   -0.00834
   -0.09878
   -0.00008
    0.03664
    0.01755
    0.01118
    0.08028
   -0.07696
   -0.02231
   -0.02677
    0.03466
    0.03166
   -0.08454
    0.02791
    0.17342
    0.00826
   -0.00180
   -0.15064
    0.04490
    0.02253
    0.00252
   -0.15018
   -0.13895
    0.06831
   -0.06552
   -0.06545
    0.01871
    0.07425
   -0.03304
   -0.10394
   -0.05192
    0.09279
   -0.00084
   -0.18269
   -0.09669
    0.07009
    0.02740
   -0.04764
   -0.11597
    0.03035
   -0.02690
   -0.14842
    0.01246
    0.10284
   -0.02623
   -0.06355
    0.10002
    0.01059
   -0.00624
   -0.18114
   -0.01998
    0.08382
   -0.03867
    0.09468
    0.00659
   -0.00097
   -0.08547
   -0.04977
    0.08196
    0.09067
   -0.10611
   -0.02669
    0.14992
    0.00214
    0.04902
   -0.11728
   -0.16565
    0.08948
   -0.09351
   -0.04803
    0.05703
    0.08184
   -0.00044
   -0.12572
    0.13948
    0.02534
   -0.14505
   -0.02117
    0.05652
    0.12088
   -0.01101
   -0.01831
   -0.10442
    0.05618
    0.00520
   -0.21311
    0.00794
    0.05577
   -0.04861
   -0.10335
    0.05116
    0.07593
   -0.01029
   -0.04451
   -0.05942
    0.05848
    0.10572
   -0.27181
   -0.14038
    0.06879
    0.02717
   -0.12538
   -0.07751
    0.04481
    0.03440
   -0.14995
   -0.00981
    0.03126
   -0.08182
   -0.05436
    0.12171
    0.04580
    0.04763
   -0.09226
   -0.15400
    0.06337
   -0.09165
   -0.02284
    0.08011
    0.03871
   -0.05612
    0.07146
   -0.03000
    0.02588
   -0.17179
    0.13673
   -0.03083
    0.00973
    0.03268
   -0.07647
    0.11857
   -0.07583
    0.00696
    0.07356
   -0.00459
   -0.03788
   -0.07440
   -0.01720
    0.09014
    0.02429
   -0.05743
   -0.01020
    0.16994
   -0.04419
    0.03507
   -0.13616
    0.03341
   -0.00497
   -0.08038
   -0.24893
   -0.03523
    0.10511
   -0.05704
   -0.02423
    0.04361
    0.03563
   -0.06930
    0.01550
   -0.11940
    0.08459
    0.01183
   -0.18639
   -0.08861
    0.07236
   -0.01993
    0.02168
   -0.08612
    0.04306
   -0.04232
   -0.14182
   -0.03647
    0.09225
   -0.00156
   -0.04495
   -0.04492
    0.03840
   -0.00090
   -0.17060
   -0.07093
    0.05971
   -0.05788
   -0.10951
   -0.06947
    0.11003
   -0.02673
   -0.06272
    0.16364
    0.00201
   -0.08691
   -0.00862
    0.14718
    0.01026
    0.04103
   -0.14874
   -0.06682
    0.03361
   -0.00575
    0.02022
   -0.02448
    0.00936
   -0.00953
   -0.03762
    0.11781
   -0.00660
   -0.01221
   -0.00946
   -0.00685
    0.02194
   -0.03261
   -0.18005
    0.04005
    0.04962
   -0.01041
   -0.18993
   -0.10284
    0.08249
   -0.05158
   -0.07559
   -0.08537
    0.07986
   -0.06404
   -0.06157
    0.01979
    0.08280
   -0.00458
   -0.20751
   -0.11584
    0.07754
    0.04609
   -0.16102
   -0.11417
    0.02683
    0.01072
   -0.13880
   -0.00117
    0.04580
   -0.05778
   -0.02244
    0.02464
    0.09872
    0.05195
   -0.24228
   -0.02135
    0.03902
   -0.04106
    0.00352
    0.01919
    0.03310
   -0.05671
   -0.05931
    0.06461
    0.07235
   -0.01005
   -0.04901
    0.07129
   -0.00447
    0.02862
   -0.22073
   -0.05692
    0.07641
    0.02043
   -0.09683
    0.05749
   -0.01781
   -0.05777
   -0.11133
    0.13856
    0.05938
   -0.07545
    0.05816
    0.13021
   -0.01070
    0.02392
   -0.18649
    0.02584
    0.02989
   -0.00904
   -0.13485
   -0.08722
    0.06061
    0.04129
   -0.20145
   -0.08831
    0.07127
   -0.06945
   -0.02349
    0.01853
    0.08573
    0.04379
   -0.25160
   -0.08209
    0.07208
    0.05242
   -0.11369
   -0.08781
    0.01384
    0.03769
   -0.13186
   -0.07259
    0.06059
    0.00139
   -0.11579
   -0.02860
    0.09958
    0.01962
   -0.28014
    0.02277
    0.07784
    0.00598
    0.06347
   -0.06648
   -0.00497
   -0.01480
   -0.11028
   -0.03485
    0.07226
   -0.05272
    0.07503
   -0.04825
    0.01053
    0.01115
   -0.13589
   -0.08676
    0.08344
   -0.07916
   -0.16939
    0.12883
    0.05853
   -0.00311
   -0.26685
    0.18726
    0.04671
   -0.06605
   -0.00303
    0.11582
   -0.01132
    0.00942
   -0.09088
   -0.04506
    0.05205
   -0.02199
   -0.15418
   -0.00475
    0.06523
   -0.02335
   -0.14590
   -0.06403
    0.08677
    0.00281
   -0.08398
    0.00163
    0.05512
    0.08029
   -0.30873
   -0.14860
    0.10057
    0.06852
   -0.17537
   -0.11791
    0.01534
    0.00842
   -0.06973
   -0.05961
    0.05283
   -0.08707
   -0.12066
    0.05035
    0.13376
    0.09162
   -0.27146
   -0.02902
    0.03370
    0.01782
   -0.22107
   -0.02546
    0.06538
    0.02099
   -0.31492
    0.14038
    0.02790
   -0.23349
    0.02447
    0.14792
    0.01182
    0.03090
   -0.19320
    0.03944
    0.02896
    0.00294
   -0.10064
    0.07867
   -0.01223
    0.03884
   -0.15190
   -0.00367
    0.02199
   -0.10979
    0.02184
    0.03142
    0.09505
    0.00562
   -0.22689
    0.04836
    0.03956
   -0.02330
   -0.09372
    0.00037
    0.03907
    0.01142
   -0.14394
   -0.02506
    0.05641
   -0.02120
   -0.05153
   -0.13578
    0.10188
    0.02808
   -0.28199
   -0.14161
    0.09074
    0.01135
   -0.12262
   -0.02983
    0.02785
   -0.00517
   -0.13191
   -0.05617
    0.07581
   -0.01641
   -0.03504
   -0.03381
    0.05628
    0.00855
   -0.24791
   -0.05137
    0.06784
    0.03922
   -0.08929
   -0.05528
    0.00264
   -0.12485
    0.02870
    0.16280
    0.04459
    0.09936
   -0.14161
   -0.01675
   -0.06056
    0.05984
   -0.27493
   -0.04371
    0.04466
   -0.01984
   -0.09615
    0.09084
    0.01610
   -0.03503
   -0.19733
    0.11916
    0.06317
   -0.03657
   -0.05683
    0.07637
    0.02670
   -0.02171
   -0.25088
    0.03070
    0.05698
   -0.06329
   -0.16229
   -0.06531
    0.10293
   -0.00392
   -0.18092
    0.01906
    0.06065
   -0.02372
   -0.17099
   -0.01135
    0.10006
    0.02135
   -0.29186
   -0.12465
    0.07957
   -0.00188
   -0.05944
   -0.11620
    0.06070
   -0.00424
   -0.19973
   -0.02496
    0.07778
   -0.01296
   -0.08836
    0.00780
    0.04910
    0.01537
   -0.14197
   -0.12638
    0.06264
   -0.01292
   -0.08450
   -0.11411
    0.08605
    0.01201
   -0.24337
    0.10756
    0.02417
   -0.09192
   -0.06209
   -0.01438
    0.09885
    0.02854
   -0.20962
   -0.09793
    0.06618
   -0.00389
   -0.10236
   -0.03762
    0.04433
   -0.04104
   -0.19185
    0.08594
    0.07855
   -0.03498
   -0.02523
    0.05784
    0.02696
   -0.01116
   -0.21100
   -0.04684
    0.07404
   -0.04630
   -0.11386
   -0.14508
    0.08650
   -0.05849
   -0.17353
   -0.01027
    0.09884
   -0.04308
   -0.07352
   -0.10263
    0.10331
   -0.02451
   -0.17999
   -0.10512
    0.07456
    0.02548
   -0.17408
   -0.08685
    0.06892
    0.00245
   -0.25640
   -0.08183
    0.13756
   -0.04760
   -0.01778
   -0.10061
    0.13639
    0.04946
   -0.27253
   -0.09235
    0.09869
   -0.02094
   -0.07502
   -0.01504
    0.04926
   -0.09932
    0.00772
   -0.05832
    0.11951
   -0.15442
   -0.06703
    0.13903
    0.06248
    0.02700
   -0.23994
   -0.11829
    0.12647
    0.00565
   -0.13835
   -0.04895
    0.07103
   -0.00795
   -0.03761
    0.06496
    0.01010
   -0.10909
    0.05959
    0.04662
    0.04917
    0.04648
   -0.12976
   -0.18708
    0.09023
   -0.03662
   -0.18142
   -0.08584
    0.10782
    0.00869
   -0.25617
   -0.03666
    0.11312
   -0.03762
   -0.06623
   -0.11176
    0.11861
    0.09295
   -0.34184
   -0.13850
    0.10314
    0.04325
   -0.17135
   -0.15847
    0.06266
   -0.01371
   -0.22426
   -0.04615
    0.11162
   -0.06448
    0.00013
   -0.14143
    0.12577
    0.02289
   -0.26029
   -0.14130
    0.11422
   -0.05280
   -0.08264
   -0.03654
    0.08920
    0.00853
   -0.19998
   -0.00050
    0.06650
   -0.14969
   -0.03185
   -0.04959
    0.09348
    0.00786
   -0.17258
   -0.12550
    0.09660
    0.01814
   -0.12680
   -0.06571
    0.04664
   -0.04734
   -0.12158
   -0.06664
    0.11128
   -0.07518
   -0.00873
    0.02315
    0.07231
   -0.01332
   -0.19920
   -0.13395
    0.12374
   -0.08276
   -0.14434
   -0.16918
    0.11157
   -0.07123
   -0.14956
   -0.07936
    0.10808
   -0.05703
   -0.10468
   -0.06240
    0.09997
   -0.00560
   -0.30181
   -0.20826
    0.11297
   -0.00013
   -0.10228
   -0.07452
    0.04804
    0.00555
   -0.19867
   -0.17015
    0.09604
   -0.03728
   -0.07636
   -0.04913
    0.09785
    0.02026
   -0.24303
   -0.07771
    0.06210
    0.00438
   -0.13421
   -0.09400
    0.06030
   -0.04212
   -0.09802
   -0.04461
    0.08150
   -0.00008
   -0.17174
   -0.03282
    0.05532
    0.06381
   -0.15809
   -0.15430
    0.04826
   -0.00969
   -0.13780
   -0.01796
    0.04753
   -0.01942
   -0.16112
   -0.00231
    0.06511
   -0.00436
   -0.10549
   -0.03028
    0.05953
   -0.00326
   -0.20892
   -0.02668
    0.05687
   -0.03214
   -0.14484
   -0.14771
    0.09810
   -0.00760
   -0.19962
   -0.10685
    0.08114
   -0.04021
   -0.10775
   -0.08131
    0.10741
    0.00273
   -0.18954
   -0.09787
    0.07038
