12 20 11 1 39 -2.2589 1.7057 2.8833 15091
 -0.00315  -0.07146   0.12601  -0.02948   0.00251  -0.05758   0.13045  -0.04614   0.03261  -0.08437   0.04690  -0.01870  -0.04977  -0.13347   0.14599   0.02955   0.00070  -0.06033   0.11890  -0.03361 
 -0.00234  -0.07529   0.12616  -0.02905   0.01642  -0.08063   0.13053  -0.05697   0.03874  -0.11243   0.04690  -0.01559  -0.06901  -0.20825   0.18871   0.04408   0.01613  -0.04219   0.10723  -0.04677 
  0.00528  -0.09349   0.13219  -0.03431  -0.00030  -0.12745   0.20200  -0.06700   0.07490  -0.11416   0.06702  -0.07439  -0.13850  -0.23927   0.22057   0.08663   0.03510  -0.08348   0.11641  -0.05437 
 -0.00145  -0.13043   0.17086  -0.03823   0.00544  -0.16085   0.20242  -0.06539   0.05181  -0.13608   0.13724  -0.06432  -0.18115  -0.36290   0.24017   0.12801   0.05334  -0.11727   0.13820  -0.07372 
 -0.00625  -0.17991   0.19134  -0.03154  -0.00071  -0.16197   0.26300  -0.10571   0.06579  -0.17141   0.15727  -0.08271  -0.24221  -0.41386   0.23046   0.17424   0.06910  -0.20997   0.13442  -0.06035 
 -0.01333  -0.22987   0.21326  -0.02572  -0.01144  -0.23764   0.25705  -0.06561   0.02800  -0.16001   0.20532  -0.05948  -0.31030  -0.47284   0.26514   0.18950   0.08763  -0.22846   0.09683  -0.05346 
 -0.02751  -0.27322   0.21463  -0.00277  -0.01696  -0.22587   0.25145  -0.05676  -0.01153  -0.18360   0.23901  -0.02191  -0.36412  -0.51004   0.21579   0.23914   0.11046  -0.33396   0.08877  -0.05090 
 -0.03105  -0.31885   0.19757   0.02002  -0.02133  -0.27484   0.22370  -0.02060   0.01966  -0.25810   0.21932  -0.02554  -0.41308  -0.50722   0.18899   0.26480   0.12454  -0.37382   0.02823  -0.03006 
 -0.02597  -0.35859   0.15877   0.04378  -0.02984  -0.21084   0.14926   0.02073  -0.00859  -0.19968   0.14830   0.02579  -0.39874  -0.52230   0.15361   0.27726   0.11956  -0.36754  -0.00168  -0.01342 
 -0.02597  -0.33039   0.10579   0.06438  -0.03283  -0.22023   0.09395   0.05184  -0.01176  -0.18441   0.10213   0.04334  -0.35752  -0.46120   0.08125   0.28655   0.10582  -0.37218  -0.06163   0.02179 
 -0.02307  -0.32224   0.04139   0.08615  -0.01961  -0.19890   0.01933   0.06444   0.00154  -0.27925   0.01357   0.08174  -0.23638  -0.33217  -0.01413   0.26049   0.08868  -0.33541  -0.10367   0.04369 
 -0.00829  -0.28791  -0.02923   0.09216  -0.02643  -0.19286  -0.04160   0.08904  -0.02191  -0.19502  -0.10142   0.11126  -0.18266  -0.26387  -0.05350   0.23786   0.06771  -0.28724  -0.12866   0.05947 
 -0.01292  -0.24885  -0.07695   0.10241  -0.02688  -0.17352  -0.05398   0.08940  -0.02095  -0.14729  -0.07863   0.09380  -0.09595  -0.17838  -0.03785   0.16774   0.02529  -0.29149  -0.14178   0.09322 
 -0.02197  -0.22679  -0.08552   0.10745  -0.01298  -0.19554  -0.09176   0.09118  -0.02760  -0.22643  -0.07098   0.11657  -0.07191  -0.20992  -0.04798   0.16255   0.00864  -0.25981  -0.15143   0.10092 
 -0.02206  -0.23332  -0.10447   0.11336  -0.02063  -0.16027  -0.11387   0.09697   0.00643  -0.18541  -0.16495   0.09645  -0.08878  -0.18402  -0.13029   0.19091  -0.01635  -0.25337  -0.14986   0.11422 
 -0.03408  -0.21235  -0.12892   0.12373  -0.02518  -0.21450  -0.09619   0.10625  -0.02261  -0.19012  -0.09266   0.10892  -0.08298  -0.22384  -0.06606   0.17886  -0.00381  -0.22940  -0.17770   0.10881 
 -0.03339  -0.22373  -0.12375   0.12415  -0.02797  -0.14587  -0.12336   0.10279  -0.06511  -0.16307  -0.17455   0.14926  -0.10102  -0.15117  -0.01852   0.15733  -0.00443  -0.25439  -0.16467   0.11062 
 -0.04040  -0.20191  -0.12484   0.12524  -0.01564  -0.14090  -0.15096   0.09734  -0.03125  -0.13821  -0.15745   0.11537  -0.08434  -0.15682  -0.07416   0.16576   0.00620  -0.24446  -0.19616   0.10895 
 -0.02674  -0.19361  -0.15598   0.12089  -0.01840  -0.11456  -0.14830   0.09376  -0.04408  -0.16056  -0.26266   0.14629  -0.08789  -0.17093  -0.00255   0.14810  -0.00419  -0.25712  -0.17724   0.11342 
 -0.03261  -0.19551  -0.14393   0.12283  -0.02023  -0.18825  -0.09447   0.09702  -0.04583  -0.19437  -0.16801   0.14156  -0.06706  -0.15385   0.00869   0.12364   0.00369  -0.27518  -0.18217   0.11253 
 -0.02863  -0.22816  -0.12053   0.12089  -0.03296  -0.15884  -0.17302   0.12006  -0.02718  -0.30352  -0.09932   0.13655  -0.08062  -0.20388  -0.10341   0.18336   0.00024  -0.27796  -0.18386   0.11529 
 -0.03461  -0.23680  -0.15656   0.13422  -0.03237  -0.16124  -0.15125   0.11555  -0.00638  -0.15933  -0.13091   0.09505  -0.04194  -0.14594  -0.07821   0.13276   0.01205  -0.29927  -0.17415   0.10947 
 -0.02409  -0.22713  -0.14478   0.12283  -0.01151  -0.22688  -0.21923   0.12244  -0.03876  -0.26748  -0.16665   0.15056  -0.01910  -0.29631  -0.14610   0.17025   0.02927  -0.36432  -0.22846   0.11753 
 -0.00854  -0.30719  -0.20390   0.13610  -0.01389  -0.24604  -0.18654   0.12129  -0.01794  -0.29938  -0.16486   0.14018  -0.03222  -0.23393  -0.13162   0.16358   0.01990  -0.35604  -0.21956   0.12068 
 -0.01325  -0.30884  -0.18796   0.13674   0.00833  -0.27660  -0.22182   0.11289   0.00117  -0.30807  -0.14229   0.12233   0.01506  -0.24026  -0.14207   0.12817   0.02221  -0.37728  -0.21201   0.12048 
  0.00201  -0.32953  -0.19490   0.12990   0.01285  -0.23420  -0.18333   0.09485   0.00105  -0.33139  -0.16452   0.13014   0.00251  -0.23970  -0.14900   0.14119   0.01769  -0.30473  -0.17446   0.10686 
  0.00169  -0.28399  -0.16598   0.11778   0.01376  -0.22817  -0.13357   0.08195   0.00127  -0.28352  -0.14231   0.11785   0.00129  -0.24974  -0.08899   0.12712   0.04556  -0.35928  -0.16409   0.09406 
  0.01465  -0.30229  -0.13636   0.10406  -0.00037  -0.20005  -0.13226   0.09032   0.02158  -0.33060  -0.15397   0.11030   0.00830  -0.23826  -0.10282   0.12232   0.04183  -0.33605  -0.12874   0.08565 
  0.01066  -0.28283  -0.12079   0.10057   0.02721  -0.20756  -0.15397   0.06951   0.01401  -0.24885  -0.17344   0.10529   0.01175  -0.17000  -0.08636   0.09488   0.04890  -0.28373  -0.14923   0.07770 
  0.02466  -0.24634  -0.13691   0.08635  -0.00552  -0.15401  -0.15093   0.09078   0.04025  -0.34026  -0.19971   0.10212  -0.03268  -0.14248  -0.05806   0.11733   0.03877  -0.25954  -0.15359   0.08181 
  0.00639  -0.22069  -0.13747   0.09693   0.01255  -0.14214  -0.21089   0.08390   0.01545  -0.30671  -0.20082   0.11950  -0.03295  -0.09707  -0.12445   0.12412   0.03918  -0.27259  -0.17723   0.08873 
  0.01074  -0.21268  -0.17744   0.10064  -0.00575  -0.20238  -0.20581   0.11107   0.00149  -0.32768  -0.22834   0.13892  -0.03901  -0.15706  -0.11594   0.14510   0.04221  -0.30443  -0.19963   0.09602 
  0.00313  -0.26049  -0.18858   0.11742  -0.00702  -0.18137  -0.21921   0.11106  -0.07591  -0.31171  -0.26271   0.19504  -0.03994  -0.22407  -0.08757   0.15481   0.01986  -0.26743  -0.21444   0.10766 
 -0.01425  -0.24491  -0.19713   0.12930  -0.01440  -0.17635  -0.24283   0.12067  -0.07468  -0.29985  -0.32944   0.19957  -0.04869  -0.16642  -0.14960   0.16408   0.00990  -0.31246  -0.20645   0.11872 
 -0.02358  -0.25572  -0.21144   0.14018  -0.03176  -0.09947  -0.29954   0.12928  -0.16910  -0.38816  -0.33947   0.25869  -0.07764  -0.07476  -0.18644   0.16670   0.00552  -0.27943  -0.24381   0.12311 
 -0.04208  -0.20873  -0.25230   0.15136  -0.02678  -0.01098  -0.41311   0.11973  -0.25108  -0.41876  -0.47281   0.30043  -0.05672  -0.06223  -0.31062   0.17293   0.02719  -0.22064  -0.30430   0.11029 
 -0.03504  -0.15461  -0.33835   0.14903  -0.03264   0.05206  -0.57068   0.12231  -0.36362  -0.42713  -0.64608   0.33851  -0.02882   0.05443  -0.45265   0.12705   0.03179  -0.19321  -0.33290   0.10664 
 -0.04084  -0.11013  -0.41831   0.15294   0.06498  -0.02849  -0.59210   0.05200  -0.31329  -0.56849  -0.65756   0.33668   0.12708  -0.16888  -0.43180   0.04273   0.13269  -0.44104  -0.28335   0.05890 
  0.05670  -0.28089  -0.38949   0.10839   0.08843  -0.07682  -0.54353   0.03152  -0.02146  -0.42257  -0.43686   0.19074   0.21578  -0.34933  -0.34254  -0.08340   0.23454  -0.45478  -0.23317  -0.06895 
  0.14584  -0.28751  -0.34414   0.00451   0.06743  -0.08749  -0.49339   0.05508   0.09230  -0.45606  -0.20654   0.06511   0.19070  -0.35744  -0.17443  -0.08181   0.18821  -0.41117  -0.15598  -0.03259 
  0.12188  -0.25865  -0.29180   0.02048  -0.05726  -0.03341  -0.34485   0.14051   0.05002  -0.30885  -0.19247   0.08553   0.05086  -0.23174  -0.13240   0.08697   0.07927  -0.36081  -0.15948   0.06881 
  0.00964  -0.19966  -0.23277   0.10970  -0.04284  -0.11604  -0.23862   0.13175   0.07303  -0.39184  -0.06033   0.04714  -0.03620  -0.18915  -0.08914   0.14368   0.04165  -0.32150  -0.12071   0.08182 
 -0.00356  -0.24634  -0.14478   0.11107  -0.03358  -0.23910  -0.26330   0.14912  -0.04352  -0.32586  -0.12138   0.15619  -0.06350  -0.28028  -0.06032   0.17588  -0.00483  -0.38965  -0.14190   0.12418 
 -0.03530  -0.32522  -0.15948   0.14852   0.01288  -0.31648  -0.28657   0.12485  -0.03708  -0.25652  -0.16882   0.14769  -0.04790  -0.25317  -0.09549   0.16958  -0.02240  -0.28099  -0.20907   0.13290 
 -0.02648  -0.28987  -0.20488   0.14618  -0.01687  -0.28903  -0.54912   0.17387  -0.07243  -0.43991  -0.47784   0.22716  -0.05692  -0.32262  -0.24375   0.22209  -0.06824  -0.37164  -0.33813   0.18379 
 -0.06057  -0.35171  -0.38160   0.19870   0.08048  -0.17740  -0.48478   0.05862   0.02547  -0.19306  -0.30453   0.10187   0.03593  -0.22908  -0.04601   0.07204   0.06597  -0.22145  -0.25147   0.07541 
  0.04669  -0.21434  -0.28042   0.08956  -0.16490  -0.06051  -1.36546   0.25108  -0.18334  -0.20773  -1.05199   0.26968  -0.19348  -0.07501  -0.88908   0.29571  -0.23754  -0.18964  -1.12629   0.25582 
 -0.20102  -0.14292  -1.16234   0.26658   0.39946  -4.17875  -4.17875  -4.17875   0.41505  -4.17875  -4.17875  -4.17875   0.43779  -4.17875  -4.17875  -4.17875   0.51937  -4.17875  -4.17875  -4.17875 
  0.44695  -4.17875  -4.17875  -4.17875  -4.17875  -3.20761   0.86822  -4.17875  -4.17875  -4.17875  -4.17875  -4.17875  -4.17875  -4.17875  -4.17875  -4.17875  -4.17875  -4.17875  -4.17875  -4.17875 
 -4.17875  -3.27362   0.84861  -4.17875  -4.17875  -4.17875  -4.17875  -4.17875   0.41505  -4.17875  -4.17875  -4.17875   0.02232  -0.18546   0.26453  -0.15822  -4.17875  -4.17875  -4.17875  -4.17875 
  0.03153  -0.10314   0.31457  -0.22990  -0.06516   0.00573  -0.10683   0.09378  -0.06179   0.00168  -0.04443   0.07134  -0.00653   0.02353  -0.04053   0.01411  -0.11398   0.05259   0.10512   0.00993 
 -0.04324   0.03024  -0.01935   0.03463  -0.00596   0.02733  -0.11952   0.03635   0.02248  -0.08056   0.00747   0.00598  -0.01016  -0.01414   0.07897  -0.02613  -0.02157  -0.05219   0.07237   0.00372 
 -0.01019  -0.02487   0.01493   0.01339  -0.06177   0.12112  -0.01256   0.02225   0.00019   0.00204   0.09299  -0.03649  -0.01787   0.00442   0.14469  -0.07780  -0.06335   0.08951   0.11871  -0.04621 
 -0.04735   0.07388   0.08274  -0.02385  -0.02104  -0.02041  -0.06716   0.05166  -0.00468  -0.03474   0.03549   0.00864   0.01401  -0.04458   0.11658  -0.06811  -0.08393   0.03352   0.07769   0.01237 
 -0.02794  -0.00190   0.04009   0.01097  -0.02352  -0.00288   0.01633   0.02034   0.02118  -0.11089   0.01048   0.01755  -0.01746  -0.05118   0.13687  -0.03790  -0.05590  -0.01277   0.11957  -0.00845 
 -0.02674  -0.02831   0.08241   0.00085  -0.02907   0.04505   0.07919  -0.01841   0.00027  -0.02629   0.13486  -0.04197   0.01568  -0.02725   0.13895  -0.10060  -0.05409   0.06295   0.14795  -0.05725 
 -0.02503   0.03156   0.12676  -0.04958   0.00324   0.03355  -0.03023  -0.00441   0.01929  -0.06792   0.10636  -0.03333   0.05799  -0.05828   0.04934  -0.07742  -0.05380   0.03087   0.09216  -0.01281 
  0.00512   0.00296   0.04943  -0.02785   0.00384  -0.03740   0.01107   0.00354   0.04743  -0.15160   0.04459  -0.01189   0.01784  -0.04974   0.10663  -0.06279  -0.03235  -0.00788   0.13320  -0.03455 
  0.00520  -0.04439   0.07954  -0.02359  -0.00645   0.02394   0.08604  -0.04015   0.01522  -0.02036   0.07373  -0.03572   0.00502   0.02012   0.11163  -0.09358  -0.04521   0.03755   0.16298  -0.06165 
 -0.01076   0.02320   0.12127  -0.05775   0.00133   0.03165   0.00522  -0.01520   0.00703  -0.03161   0.07622  -0.02142   0.03802  -0.04976   0.07072  -0.06601  -0.06525   0.05871   0.08385  -0.01260 
 -0.00364   0.01837   0.05573  -0.02819  -0.01519   0.00012   0.05556  -0.00609   0.02349  -0.10570   0.05129  -0.00101  -0.01197  -0.01218   0.07177  -0.02031  -0.03752  -0.01235   0.11505  -0.01916 
 -0.01267  -0.02060   0.08022  -0.01463  -0.01684   0.08549   0.07604  -0.04878   0.00855  -0.02268   0.10241  -0.03873  -0.00538   0.02132   0.11586  -0.08269  -0.02913   0.09293   0.10020  -0.06406 
 -0.01425   0.06350   0.09759  -0.06032  -0.01808   0.03577   0.00203   0.00665   0.00209  -0.00849   0.03591  -0.01077   0.00972   0.01412   0.03933  -0.04351  -0.06232   0.05071   0.05624   0.00139 
 -0.01675   0.03307   0.03130  -0.01017  -0.02039   0.00570   0.04032   0.00439   0.02245  -0.12350   0.05617   0.00478  -0.00867  -0.08573   0.11118  -0.01217  -0.02603  -0.02257   0.11056  -0.02156 
 -0.01250  -0.03837   0.08173  -0.00878  -0.02332   0.06013   0.08754  -0.03549  -0.00803  -0.01480   0.08103  -0.01358  -0.01067  -0.00823   0.12000  -0.05879  -0.05355   0.06780   0.14817  -0.06015 
 -0.02777   0.04198   0.11942  -0.04743  -0.01335   0.03232   0.00690   0.00081  -0.00060  -0.00749   0.07985  -0.02519   0.03599  -0.02926   0.07339  -0.07729  -0.06137   0.04949   0.04652   0.00542 
 -0.01134   0.02435   0.04470  -0.01771  -0.00245  -0.02384   0.05527  -0.01241   0.02744  -0.12422   0.01667   0.01296  -0.00803  -0.08204   0.11933  -0.02049  -0.02811  -0.01563   0.11096  -0.02276 
 -0.00470  -0.04461   0.08392  -0.01538  -0.02008   0.04686   0.10923  -0.04538   0.02602  -0.06167   0.06886  -0.02846   0.02557  -0.02255   0.10808  -0.09248  -0.04910   0.07053   0.14592  -0.06356 
 -0.01275   0.03005   0.12173  -0.05912   0.00228   0.01462   0.03008  -0.02044   0.01372  -0.03080   0.03807  -0.01497   0.04558  -0.02019   0.03612  -0.07179  -0.05862   0.03752   0.09499  -0.01359 
  0.00112   0.01211   0.05537  -0.03033  -0.01346   0.01003   0.06379  -0.01540   0.03639  -0.16613   0.00698   0.01919   0.00855  -0.08002   0.05265   0.00164  -0.02381  -0.03318   0.08787  -0.00815 
 -0.00251  -0.04551   0.06440  -0.00788  -0.00941   0.06612   0.10983  -0.06788   0.02305   0.01326   0.07147  -0.06244   0.01277   0.01506   0.06972  -0.06889  -0.04506   0.05421   0.13882  -0.05451 
 -0.01109   0.04601   0.11274  -0.06356  -0.00395   0.00893   0.04304  -0.01660   0.02229  -0.04930   0.05484  -0.02358   0.04190  -0.00562   0.04244  -0.07978  -0.07448   0.04998   0.07560   0.00093 
 -0.00364   0.01447   0.05484  -0.02606   0.01122  -0.07689   0.05450  -0.01160   0.02016  -0.14057   0.01656   0.02661  -0.00162  -0.06593   0.09222  -0.01758  -0.02929  -0.03682   0.09983  -0.00872 
  0.00096  -0.06813   0.07427  -0.00805  -0.00875   0.03875   0.09650  -0.04896  -0.00610  -0.03016   0.07671  -0.00704   0.02115  -0.01291   0.07822  -0.06876  -0.05337   0.07986   0.14705  -0.06562 
 -0.01575   0.03680   0.11430  -0.05474  -0.00817   0.04110   0.00900  -0.00924   0.03105  -0.07730   0.01877  -0.00936   0.02526  -0.01558   0.05839  -0.05904  -0.04463   0.03255   0.05277  -0.00167 
 -0.00121   0.01251   0.03581  -0.01896  -0.00884  -0.04357   0.07874  -0.00948   0.04208  -0.13357   0.00658   0.00201   0.01196  -0.03731   0.08498  -0.04573  -0.02597  -0.02828   0.08515  -0.00698 
 -0.00073  -0.04912   0.07427  -0.01306  -0.00644   0.05731   0.05893  -0.04031   0.00155  -0.00835   0.10629  -0.03886   0.02780  -0.02752   0.09498  -0.08215  -0.03041   0.05541   0.11800  -0.05447 
 -0.00568   0.03307   0.09564  -0.05337  -0.00129   0.02075   0.02812  -0.01759   0.00736  -0.02629   0.02883  -0.00617   0.00730   0.00119   0.05595  -0.04274  -0.07851   0.06893   0.04182   0.01025 
 -0.01425   0.02911   0.03805  -0.01388  -0.00797  -0.03428   0.08878  -0.01844   0.02081  -0.13378   0.03591   0.01731   0.01171  -0.02899   0.09795  -0.05974  -0.01802  -0.00714   0.09075  -0.02329 
 -0.00226  -0.03617   0.08475  -0.02148  -0.00655   0.03392   0.11191  -0.05838   0.02896  -0.00712   0.05698  -0.05327   0.01951  -0.01124   0.11376  -0.09536  -0.02759   0.04442   0.13902  -0.06400 
 -0.00161   0.02492   0.11927  -0.06775  -0.00761   0.01539   0.01666  -0.00339  -0.00614  -0.01690   0.07306  -0.01155   0.04653  -0.04080   0.05854  -0.07592  -0.06305   0.06429   0.04418   0.00140 
 -0.00584   0.01856   0.04157  -0.01938  -0.02173  -0.01007   0.08237  -0.00772   0.03695  -0.10590   0.01582  -0.00462   0.00720  -0.03952   0.08018  -0.03475  -0.02880  -0.02116   0.08285  -0.00635 
 -0.00805  -0.03244   0.07461  -0.01198  -0.01523   0.00044   0.11305  -0.03478  -0.01338  -0.01505   0.10517  -0.01752   0.01722  -0.03970   0.10235  -0.06452  -0.04306   0.05881   0.10945  -0.04146 
 -0.01692   0.01467   0.11101  -0.04122   0.00041  -0.00959   0.00531   0.00071   0.00310  -0.03351   0.03932  -0.00186   0.02122  -0.02861   0.05476  -0.04301  -0.06793   0.04328   0.05984   0.00644 
 -0.01076   0.00556   0.04009  -0.00829  -0.01273  -0.02515   0.06897  -0.00641   0.00763  -0.09600   0.05945   0.01066   0.02239  -0.08393   0.07681  -0.02935  -0.03606  -0.03346   0.08996  -0.00031 
 -0.01027  -0.04776   0.07785  -0.00568  -0.01708   0.04317   0.10487  -0.04506   0.01350  -0.01993   0.06163  -0.02881   0.01172   0.00553   0.09312  -0.07831  -0.04846   0.05251   0.09297  -0.02605 
 -0.01700   0.03288   0.09678  -0.04166  -0.01251   0.03917   0.02334  -0.00946   0.02217  -0.03490   0.01467  -0.01495   0.02967  -0.00952   0.06636  -0.07511  -0.06680   0.03931   0.04285   0.01443 
 -0.01043   0.02166   0.03805  -0.01446   0.00532  -0.02694   0.06446  -0.02502   0.02068  -0.14945   0.01936   0.02793  -0.01279  -0.01757   0.09607  -0.03255  -0.04058  -0.02487   0.09396  -0.00199 
 -0.00723  -0.04059   0.07615  -0.01050  -0.01096   0.04200   0.08277  -0.04025  -0.00640  -0.02123   0.05446  -0.00215   0.01658  -0.03582   0.11749  -0.07795  -0.05521   0.05832   0.11791  -0.03685 
 -0.01784   0.02664   0.10259  -0.04104  -0.01167  -0.00017   0.03688  -0.00176   0.03349  -0.06992   0.03838  -0.02252   0.03697  -0.01340   0.04447  -0.06840  -0.05073   0.03199   0.03855   0.00865 
 -0.00283   0.00175   0.03953  -0.01446  -0.01013  -0.01518   0.04676  -0.00265   0.04534  -0.16671  -0.01684   0.01618   0.01171  -0.02245   0.05740  -0.03535  -0.00645  -0.05677   0.08691  -0.01276 
  0.00417  -0.05140   0.05787  -0.00952   0.00182   0.03922   0.07436  -0.05087   0.02223  -0.02828   0.08745  -0.04683   0.02806  -0.00064   0.04716  -0.06507  -0.01700   0.04634   0.07795  -0.03963 
  0.00401   0.02588   0.07444  -0.04931   0.00634   0.01688   0.01731  -0.02069   0.00533  -0.01415   0.07210  -0.02586   0.03201  -0.02769   0.05592  -0.05980  -0.03563   0.03688   0.02574   0.00173 
  0.00313   0.01211   0.03375  -0.02241  -0.00600  -0.01904   0.04401  -0.00485   0.03545  -0.12327   0.02227   0.00126  -0.00120  -0.04972   0.06826  -0.01081  -0.01610  -0.03793   0.06546  -0.00183 
  0.00024  -0.04618   0.05340  -0.00536   0.00274  -0.00106   0.09388  -0.04616   0.00154  -0.01564   0.11585  -0.03964   0.00423   0.00898   0.08724  -0.06538  -0.02969   0.03964   0.09734  -0.03665 
 -0.00666   0.01486   0.09840  -0.04529  -0.00402   0.00719   0.01475  -0.00379   0.00037  -0.08552   0.06243   0.01369   0.01667  -0.02191   0.05408  -0.04022  -0.05341   0.03115   0.04491   0.00812 
 -0.00969  -0.00108   0.03935  -0.00633   0.00191   0.00549   0.03663  -0.01950   0.03082  -0.16388   0.05186   0.00986   0.01436  -0.10053   0.09195  -0.02086  -0.03363  -0.03907   0.07297   0.00766 
 -0.00170  -0.05185   0.06299  -0.00577  -0.00856   0.00823   0.08466  -0.03074   0.00721  -0.02782   0.08791  -0.02826   0.02065  -0.03248   0.11566  -0.08468  -0.03420   0.03749   0.12847  -0.04927 
 -0.00887   0.00776   0.11022  -0.04627  -0.00160  -0.00149   0.04081  -0.01464   0.01803  -0.02661   0.09310  -0.04468   0.03931  -0.04173   0.05116  -0.05910  -0.02068   0.03270   0.01431  -0.00265 
