8 20 2 1 48 -2.6631 1.8196 3.1964 15103
 -0.00220  -0.01378   0.06089  -0.01864   0.00864  -0.05197   0.06830  -0.02263   0.02715  -0.14968   0.03769   0.01463   0.02103  -0.03738   0.05371  -0.03703  -0.01820  -0.05100   0.08762  -0.00616 
  0.00692  -0.06072   0.07083  -0.01514  -0.00569  -0.02388   0.16146  -0.06684   0.01922  -0.02387   0.07073  -0.03784   0.03484  -0.04732   0.07679  -0.06699  -0.01654   0.00462   0.11142  -0.03979 
  0.00246  -0.01735   0.12215  -0.05472   0.01497  -0.07214   0.03734  -0.00993   0.00496  -0.10573   0.07258   0.01227   0.04858  -0.06319   0.07763  -0.07976  -0.05888   0.02281   0.06590   0.00590 
  0.00510  -0.03872   0.06107  -0.01664  -0.00791  -0.06773   0.09392  -0.01044   0.01868  -0.12475  -0.01383   0.03244   0.00776  -0.03980   0.06227  -0.02354  -0.02222  -0.04152   0.08651  -0.00583 
 -0.00464  -0.05956   0.07716  -0.00676   0.00019   0.01215   0.09601  -0.04919   0.03230  -0.04707   0.06780  -0.04272   0.01252  -0.02970   0.09945  -0.06159  -0.02321   0.02197   0.11871  -0.04567 
 -0.00019   0.00140   0.10576  -0.05047   0.01019   0.01165   0.05334  -0.03992   0.01196  -0.04225   0.03762  -0.00768   0.03466  -0.05409   0.09563  -0.07688  -0.03903   0.03025   0.04869  -0.00287 
  0.00549  -0.00062   0.05965  -0.03163   0.00332  -0.06503   0.07119  -0.01344   0.03781  -0.13609   0.00886   0.00731   0.01436  -0.08090   0.10139  -0.03706  -0.00665  -0.06192   0.09791  -0.01630 
  0.00992  -0.07636   0.08038  -0.01747  -0.00051  -0.01719   0.13014  -0.05645   0.02962  -0.07263   0.06835  -0.02816   0.02789  -0.00127   0.09282  -0.09822  -0.04155   0.03901   0.12861  -0.04434 
 -0.00196   0.00060   0.12016  -0.05645   0.00879  -0.03284   0.06189  -0.02608   0.00504  -0.07608   0.03677   0.01415   0.03257  -0.00424   0.04264  -0.06642  -0.03501  -0.00933   0.07473  -0.00237 
  0.00502  -0.02137   0.06054  -0.02301   0.00930  -0.05238   0.05750  -0.01820   0.02649  -0.12940   0.03664   0.00907   0.00734  -0.04608   0.07042  -0.02485  -0.00244  -0.05908   0.07744  -0.01059 
  0.00961  -0.06329   0.06615  -0.01481  -0.00757  -0.00408   0.12959  -0.05201   0.01655  -0.06997   0.08204  -0.01858   0.02443  -0.01134   0.10015  -0.09171  -0.03165   0.01377   0.14345  -0.04979 
 -0.00480  -0.00715   0.12763  -0.05426  -0.00354  -0.02565   0.05584  -0.01079   0.01744  -0.08832  -0.01584   0.02189   0.04198  -0.01081   0.07376  -0.09937  -0.05796   0.02117   0.04344   0.01543 
 -0.00172  -0.01149   0.04963  -0.01481   0.00795  -0.05017   0.06526  -0.02091   0.04965  -0.18246  -0.00582   0.01234   0.00765  -0.06228   0.08321  -0.02514  -0.01944  -0.06529   0.10772  -0.01041 
  0.00740  -0.07492   0.07869  -0.01448   0.00848   0.01888   0.11554  -0.07431  -0.00786  -0.03986   0.13959  -0.02811   0.01906   0.00042   0.09962  -0.09101  -0.01891  -0.00689   0.14700  -0.05363 
  0.00102  -0.00082   0.12989  -0.06511   0.00799  -0.01728   0.06508  -0.03205   0.02377  -0.04984   0.01259  -0.00966   0.04532  -0.02590   0.06421  -0.08750  -0.07436   0.01382   0.08639   0.00996 
  0.00222  -0.01025   0.06754  -0.02794   0.00102  -0.04734   0.05823  -0.01017   0.03964  -0.16252   0.04262   0.00217   0.01805  -0.08263   0.06997  -0.01974  -0.00689  -0.05951   0.10621  -0.02111 
  0.00937  -0.07324   0.07750  -0.01655  -0.00774  -0.01392   0.15901  -0.06637  -0.00259  -0.01754   0.16798  -0.05997   0.03293  -0.01649   0.08089  -0.08641  -0.01427   0.01936   0.13773  -0.06297 
 -0.00083  -0.00224   0.14104  -0.06932  -0.00648  -0.00372   0.06334  -0.01838   0.04088  -0.11584   0.01401  -0.00523   0.05521  -0.06094   0.06752  -0.08436  -0.04153   0.01679   0.06064  -0.00114 
  0.00937  -0.02158   0.05930  -0.02700  -0.00613  -0.03551   0.08870  -0.02016   0.02722  -0.21159   0.04033   0.03174   0.01706  -0.07317   0.12573  -0.06347  -0.01389  -0.02865   0.10308  -0.02475 
  0.00238  -0.06236   0.09692  -0.02284   0.00544   0.01169   0.10553  -0.06124   0.03228  -0.01163   0.06524  -0.05899   0.02626  -0.01000   0.10926  -0.10311  -0.03135   0.01681   0.15343  -0.05740 
  0.00382   0.00761   0.12368  -0.06847  -0.00058  -0.00096   0.04351  -0.01724   0.01683  -0.05545   0.03634  -0.00736   0.04668  -0.04753   0.06632  -0.07767  -0.04719   0.01965   0.05872   0.00248 
  0.00446  -0.00921   0.05306  -0.02377   0.00178  -0.03275   0.07422  -0.02343   0.04398  -0.18870   0.03482   0.00770   0.01482  -0.06693   0.08352  -0.03237  -0.02387  -0.04976   0.10248  -0.00961 
  0.00494  -0.06564   0.08290  -0.01722   0.01597  -0.03611   0.11934  -0.06513   0.01477  -0.01590   0.07916  -0.03964   0.02233   0.03841   0.08165  -0.10987  -0.03131   0.01893   0.12264  -0.04022 
  0.00446   0.00362   0.11271  -0.06076   0.01045   0.00041   0.03697  -0.02831   0.01532  -0.02018   0.05478  -0.02822   0.05653  -0.05066   0.08140  -0.10361  -0.07653   0.04741   0.08054   0.00102 
  0.00318   0.00542   0.06370  -0.03370   0.00918  -0.05888   0.05363  -0.01421   0.03848  -0.13697   0.00459   0.00818   0.02688  -0.04356   0.06250  -0.04748  -0.01959  -0.05375   0.10580  -0.01311 
  0.01126  -0.06399   0.06962  -0.01797   0.00618  -0.01107   0.13309  -0.06958  -0.00192   0.02729   0.07752  -0.04053   0.00346   0.02969   0.11707  -0.10303  -0.02350   0.04368   0.15049  -0.07427 
 -0.00277   0.02266   0.13409  -0.07452  -0.00025  -0.01489   0.07596  -0.02801   0.00918  -0.06909   0.04045   0.00555   0.04409  -0.05203   0.11801  -0.11212  -0.05663   0.01573   0.10665  -0.01205 
  0.00134  -0.01735   0.09170  -0.03639   0.00629  -0.07499   0.08079  -0.01862   0.03376  -0.11249   0.06939  -0.01799   0.01222  -0.08531   0.10808  -0.03678  -0.03619  -0.03649   0.11379  -0.01086 
  0.00230  -0.06682   0.09822  -0.02183  -0.02742   0.02079   0.16527  -0.05930   0.00029  -0.00270   0.05138  -0.01720   0.03490  -0.03109   0.11270  -0.10577  -0.02670   0.01858   0.15242  -0.06132 
 -0.01070   0.00801   0.14367  -0.06446  -0.00177  -0.01473   0.06332  -0.02008   0.02383  -0.07605   0.04242  -0.00953   0.02894  -0.02058   0.08945  -0.08408  -0.05783   0.02839   0.07615  -0.00154 
 -0.00156  -0.00592   0.07238  -0.02811  -0.00678  -0.03764   0.08270  -0.01572   0.03185  -0.15025   0.02639   0.01319   0.01910  -0.08503   0.10253  -0.04225  -0.03672  -0.05133   0.10065   0.00097 
 -0.00277  -0.06587   0.08807  -0.01175  -0.00167  -0.00519   0.12211  -0.05476   0.03297  -0.01263   0.04856  -0.05237   0.03762  -0.04594   0.07561  -0.07121  -0.04154   0.04518   0.15383  -0.06226 
 -0.00075   0.00642   0.12261  -0.06196   0.00379  -0.03551   0.04755  -0.01243   0.00999  -0.03630   0.04562  -0.01090   0.06397  -0.01308   0.06075  -0.12610  -0.05509   0.00631   0.07569   0.00520 
  0.00629  -0.01316   0.06036  -0.02759  -0.00465  -0.06198   0.08988  -0.01400   0.03260  -0.10658   0.00698   0.00388   0.02248  -0.10193   0.11710  -0.04931  -0.03692  -0.06120   0.11668  -0.00362 
 -0.00131  -0.07492   0.09741  -0.01481  -0.00231   0.00015   0.15284  -0.07519   0.01809  -0.02850   0.10053  -0.04721   0.03160  -0.06724   0.13196  -0.09423  -0.04330   0.04156   0.16734  -0.06786 
 -0.00439   0.00039   0.15318  -0.07433  -0.00005  -0.02968   0.08257  -0.02639   0.02653  -0.00787   0.05324  -0.04806   0.05562  -0.05670   0.08438  -0.10063  -0.08725   0.03344   0.07985   0.01344 
  0.00030  -0.00695   0.08021  -0.03361  -0.00617  -0.04096   0.08624  -0.01709   0.04074  -0.11614  -0.00849   0.00246   0.00811  -0.11661   0.13926  -0.03963  -0.01789  -0.05383   0.11232  -0.01769 
  0.00246  -0.06918   0.09790  -0.02099  -0.01660   0.01096   0.13974  -0.05263   0.00019   0.00262   0.11477  -0.04674   0.03440   0.01255   0.09211  -0.11853  -0.04941   0.01940   0.17902  -0.06071 
 -0.01285   0.01491   0.14672  -0.06726  -0.01831   0.02627   0.04278  -0.00637   0.01791  -0.05853   0.05441  -0.01406   0.04095  -0.03627   0.09526  -0.09772  -0.08033   0.04589   0.08301   0.00289 
 -0.01094   0.01118   0.07066  -0.02470  -0.00173  -0.04475   0.06567  -0.01119   0.02262  -0.13426   0.01783   0.02143   0.01811  -0.05278   0.10083  -0.05702  -0.04383   0.00101   0.13259  -0.02909 
 -0.00464  -0.04005   0.09334  -0.02191  -0.02349   0.03532   0.12713  -0.04657   0.02275  -0.01062   0.05181  -0.04112   0.00926   0.01251   0.12613  -0.10703  -0.03893   0.03924   0.16663  -0.06983 
 -0.01418   0.02800   0.13735  -0.06613  -0.01568  -0.02208   0.02772   0.01374   0.01780  -0.04456  -0.03418   0.01004   0.03600  -0.01072   0.07980  -0.09435  -0.06287   0.03600   0.05099   0.00984 
 -0.00725   0.00140   0.04104  -0.01052  -0.01404  -0.04012   0.05351   0.00681   0.03044  -0.11127  -0.01684   0.01561   0.04317  -0.01419   0.05657  -0.08613  -0.03271  -0.05143   0.10003  -0.00151 
 -0.00228  -0.04811   0.06563  -0.00774  -0.00998   0.01960   0.09318  -0.03783   0.02917   0.03023   0.02321  -0.06018   0.03477  -0.01711   0.09453  -0.09975  -0.04796   0.04421   0.14716  -0.05269 
 -0.00725   0.02458   0.11082  -0.05617   0.03673  -0.01463  -0.05448  -0.01956   0.05668  -0.06265  -0.07105  -0.01963   0.11352  -0.07845   0.01634  -0.14567  -0.04789   0.01286   0.04535   0.01115 
  0.03846  -0.02222  -0.00529  -0.03042   0.04155  -0.00903   0.01522  -0.05670   0.08702  -0.14867  -0.09863  -0.02086   0.09497  -0.00132   0.00625  -0.15425  -0.01692   0.02271   0.08067  -0.03093 
  0.04417  -0.01777   0.02754  -0.05381   0.09096   0.08729   0.04625  -0.21398   0.11656   0.02421  -0.05996  -0.17365   0.16551   0.04161  -0.03299  -0.37141   0.05847   0.14935   0.06037  -0.16485 
  0.10340   0.08946   0.02716  -0.21016   0.15258  -0.16370  -0.11109  -0.14734   0.21823  -0.28738  -0.13393  -0.23568   0.23283  -0.19279  -0.10107  -0.33706   0.09033  -0.04337   0.05687  -0.09368 
  0.18271  -0.16401  -0.07415  -0.17666  -0.10270  -0.39067   0.53138  -0.29321  -0.08136  -0.28598   0.44772  -0.08200  -0.11513  -0.24810   0.47125  -0.30021  -0.27081  -0.32586   0.55067  -0.24690 
 -0.11456  -0.35617   0.51808  -0.26304  -4.17909  -4.17909   0.86825  -4.17909  -4.17909  -4.17909   0.95069  -4.17909  -3.34236  -4.17909   0.79851  -4.17909  -2.63793  -4.17909   0.81551  -4.17909 
 -3.20613  -4.17909   0.84856  -4.17909  -4.17909  -4.17909  -4.17909   0.46050  -4.17909  -4.17909  -4.17909  -4.17909  -4.17909  -3.34511  -4.17909   0.51662  -4.17909  -4.17909  -4.17909  -4.17909 
 -4.17909  -3.27397  -4.17909   0.44496  -4.17909  -4.17909  -4.17909  -4.17909   0.41505  -4.17909  -4.17909  -4.17909  -4.17909  -4.17909  -4.17909  -4.17909   0.36961  -0.85609  -0.44618  -0.26529 
  0.29719  -0.84575  -0.41337  -0.21909   0.03707  -0.36764  -0.30066   0.11063  -0.06632  -0.24329  -0.45578   0.19618   0.13887  -0.22761  -0.26710   0.00793   0.04742  -0.42743  -0.29942   0.12437 
  0.06475  -0.40783  -0.30547   0.10736  -0.06051  -0.46991   0.34878  -0.04764  -0.02439  -0.58436   0.36936  -0.01373  -0.02006  -0.39646   0.25941  -0.01547   0.00594  -0.56025   0.22554  -0.00300 
 -0.03539  -0.52539   0.29315  -0.01093  -0.04778  -0.26009  -0.22962   0.15720  -0.06888  -0.21852  -0.35028   0.18458  -0.17248  -0.31563  -0.36553   0.29707  -0.02735  -0.42065  -0.31178   0.16686 
 -0.07714  -0.31877  -0.28465   0.19248   0.01498  -0.17178  -0.20233   0.08569   0.01076  -0.20897  -0.24919   0.11150  -0.00260  -0.14075  -0.03493   0.08054   0.01098  -0.27656  -0.21584   0.11469 
 -0.00848  -0.23332  -0.18518   0.12085  -0.05556  -0.13786  -0.13518   0.12605  -0.02047  -0.13868  -0.23908   0.11971  -0.02165  -0.07909  -0.05213   0.08327  -0.04816  -0.24699  -0.19646   0.13891 
 -0.05641  -0.18643  -0.15458   0.13914  -0.03367  -0.13349  -0.13995   0.10890  -0.02683  -0.06664  -0.18587   0.09593  -0.03299  -0.16520  -0.07834   0.13114  -0.00531  -0.20748  -0.21103   0.11227 
 -0.03391  -0.16757  -0.16366   0.12236  -0.04103  -0.09580  -0.11307   0.10098  -0.04828  -0.08324  -0.17590   0.11661  -0.00546  -0.10498  -0.05006   0.07666  -0.00865  -0.17241  -0.20490   0.10666 
 -0.03565  -0.13490  -0.14768   0.11326  -0.05219  -0.11925  -0.12401   0.11740  -0.06315  -0.12044  -0.20068   0.14159  -0.05028  -0.10375  -0.06813   0.12284  -0.02517  -0.16455  -0.16995   0.10775 
 -0.05239  -0.14130  -0.13977   0.12441  -0.01682  -0.15449  -0.12300   0.09468  -0.03175  -0.10727  -0.21430   0.11670  -0.06349  -0.12233  -0.09315   0.14691  -0.01357  -0.25055  -0.12461   0.10673 
 -0.03373  -0.18986  -0.12060   0.11738  -0.02426  -0.15409  -0.17302   0.11201  -0.04908  -0.17041  -0.17820   0.14022  -0.03638  -0.10228  -0.01849   0.09221  -0.00285  -0.24132  -0.19991   0.11447 
 -0.03001  -0.19112  -0.15749   0.12303  -0.01481  -0.17905  -0.15711   0.10517  -0.05705  -0.19602  -0.19855   0.15450  -0.03960  -0.19032  -0.06254   0.13825   0.00255  -0.30652  -0.21582   0.12386 
 -0.02529  -0.24455  -0.16991   0.13181  -0.01573  -0.18268  -0.17200   0.10973  -0.02266  -0.25041  -0.14071   0.13093  -0.01170  -0.26183  -0.06740   0.13434  -0.01062  -0.29161  -0.19331   0.12518 
 -0.02589  -0.25534  -0.16041   0.13210  -0.00267  -0.20094  -0.20344   0.10764  -0.00415  -0.22410  -0.12555   0.10748  -0.03232  -0.16184  -0.08133   0.13060  -0.00179  -0.32580  -0.18523   0.12333 
 -0.01760  -0.26084  -0.16633   0.12836  -0.00774  -0.20697  -0.17135   0.10679   0.00231  -0.23808  -0.12006   0.10376  -0.05322  -0.12481  -0.05159   0.12639   0.00430  -0.32987  -0.21857   0.12640 
 -0.01777  -0.26047  -0.16841   0.12884  -0.00056  -0.21134  -0.17952   0.10278   0.01324  -0.30274  -0.13815   0.11011  -0.06140  -0.13443  -0.04950   0.13501   0.02552  -0.33386  -0.20948   0.11267 
 -0.00553  -0.27092  -0.16782   0.12151   0.00190  -0.21010  -0.17343   0.09906  -0.03073  -0.20853  -0.17045   0.13370  -0.05358  -0.16448  -0.09679   0.15275   0.02592  -0.32040  -0.17582   0.10417 
 -0.00651  -0.26084  -0.15807   0.11860   0.00613  -0.22259  -0.13467   0.08865   0.00988  -0.34099  -0.12006   0.11628  -0.01105  -0.18711  -0.11843   0.13110   0.03184  -0.33434  -0.13756   0.09413 
  0.00502  -0.28512  -0.12599   0.10667   0.01628  -0.22621  -0.13403   0.07923   0.00806  -0.30183  -0.13673   0.11428  -0.00391  -0.24617  -0.08564   0.12983   0.04806  -0.35237  -0.12837   0.08347 
  0.01725  -0.29779  -0.11793   0.09691   0.00920  -0.18680  -0.13366   0.07908  -0.00703  -0.23855  -0.09188   0.10637  -0.00233  -0.19209  -0.07940   0.11242   0.03711  -0.27291  -0.15182   0.08473 
  0.00976  -0.23715  -0.12545   0.09447  -0.00234  -0.16659  -0.14360   0.08861  -0.00823  -0.23850  -0.18470   0.12430   0.00372  -0.10140  -0.10966   0.08770   0.03975  -0.28474  -0.13822   0.08172 
  0.00668  -0.22036  -0.13310   0.09563   0.00430  -0.15775  -0.20025   0.09280   0.01730  -0.35219  -0.14351   0.11584  -0.02228  -0.16738  -0.12221   0.13628   0.04014  -0.25622  -0.16076   0.08190 
  0.00905  -0.22543  -0.16188   0.10112   0.00993  -0.19377  -0.18982   0.09209   0.01217  -0.24646  -0.20122   0.11105  -0.01636  -0.15790  -0.11704   0.12704   0.02939  -0.27383  -0.19522   0.09901 
  0.00700  -0.23680  -0.17870   0.10836  -0.00076  -0.19275  -0.17708   0.09926   0.03958  -0.27836  -0.14410   0.08141  -0.03353  -0.19069  -0.04558   0.12766   0.02293  -0.26975  -0.19344   0.10215 
  0.00054  -0.24277  -0.16071   0.11072   0.01123  -0.18423  -0.19970   0.09111   0.00837  -0.25218  -0.28077   0.12686  -0.03290  -0.14214  -0.09461   0.12946   0.02272  -0.27452  -0.18447   0.10127 
  0.00190  -0.23228  -0.17748   0.11128  -0.00818  -0.14730  -0.21346   0.10473  -0.03884  -0.29974  -0.18957   0.15957  -0.09914  -0.10226  -0.05763   0.15475   0.01962  -0.23890  -0.20278   0.10108 
 -0.01684  -0.20322  -0.18147   0.12079  -0.03542  -0.09859  -0.17672   0.11093  -0.12003  -0.32452  -0.25859   0.22081  -0.05024  -0.08064  -0.11478   0.12968   0.03096  -0.22052  -0.20016   0.09009 
 -0.02606  -0.17781  -0.18024   0.12224  -0.01786  -0.11004  -0.11677   0.08489  -0.17525  -0.30163  -0.32801   0.25012  -0.04302  -0.07331  -0.14741   0.13069   0.03063  -0.23676  -0.19723   0.09257 
 -0.02384  -0.18643  -0.16662   0.11963   0.00699  -0.08636  -0.20047   0.07489  -0.15147  -0.38142  -0.36194   0.25220  -0.02959  -0.09118  -0.03882   0.09010   0.07478  -0.29978  -0.23032   0.07808 
  0.00905  -0.21171  -0.19748   0.10585   0.03636  -0.07402  -0.28514   0.05762  -0.11712  -0.33341  -0.39831   0.23324   0.04130  -0.10065  -0.14960   0.06046   0.09827  -0.33074  -0.23520   0.06523 
  0.04191  -0.21468  -0.24615   0.08791   0.03013  -0.05399  -0.25638   0.05386  -0.05059  -0.37717  -0.20717   0.18126   0.07704  -0.16077  -0.21006   0.05776   0.12668  -0.33947  -0.23015   0.04085 
  0.06050  -0.21701  -0.23242   0.06837   0.02302  -0.05035  -0.32880   0.07291  -0.04057  -0.32369  -0.28881   0.17718   0.08179  -0.13697  -0.08186  -0.00264   0.11611  -0.33391  -0.19913   0.04304 
  0.05479  -0.20290  -0.23451   0.07137   0.01260  -0.11510  -0.29742   0.09357  -0.01381  -0.31225  -0.20951   0.14593   0.07753  -0.11860  -0.17998   0.03252   0.10170  -0.36629  -0.20640   0.06169 
  0.04598  -0.24171  -0.23381   0.08712  -0.00184  -0.13918  -0.16238   0.08692  -0.02065  -0.33558  -0.25836   0.16127   0.02788  -0.23110  -0.15182   0.11645   0.07678  -0.30016  -0.18580   0.06769 
  0.02446  -0.24490  -0.17353   0.09447  -0.00297  -0.18516  -0.17816   0.10015   0.00960  -0.34695  -0.16751   0.12589   0.00359  -0.20707  -0.07721   0.11032   0.05728  -0.30571  -0.20112   0.08612 
  0.01555  -0.26269  -0.17051   0.10434  -0.01031  -0.14074  -0.14296   0.09072  -0.00161  -0.25662  -0.15916   0.11813   0.00139  -0.15674  -0.14115   0.11797   0.05242  -0.33108  -0.21979   0.09667 
  0.00882  -0.24207  -0.17292   0.10667  -0.01326  -0.17837  -0.02569   0.06946   0.04402  -0.40216  -0.24672   0.11523   0.00463  -0.18825  -0.01841   0.08184   0.07030  -0.28350  -0.22971   0.07879 
  0.01964  -0.25244  -0.11980   0.08765  -0.04993  -0.17167   0.11696   0.04802   0.03486  -0.23859  -0.21464   0.09025  -0.01462  -0.11307   0.00131   0.06725   0.09597  -0.31718  -0.24244   0.06646 
  0.01461  -0.23610  -0.04664   0.06898  -0.05965  -0.22805   0.24442  -0.00290   0.02882  -0.25492  -0.27555   0.10848  -0.03370  -0.11213   0.07355   0.04981   0.11463  -0.29203  -0.26787   0.05149 
  0.01625  -0.24066   0.02887   0.04271  -0.09625  -0.21989   0.30176  -0.01160   0.05489  -0.28285  -0.23714   0.08273  -0.01674  -0.19450   0.13393   0.02546   0.12840  -0.33547  -0.22773   0.03814 
  0.01306  -0.26716   0.09055   0.02531  -0.10612  -0.25960   0.35964  -0.04533   0.02913  -0.20473  -0.11810   0.07021   0.01118  -0.14131   0.13428  -0.02864   0.13404  -0.28781  -0.20159   0.01908 
  0.01345  -0.23820   0.13883  -0.00562  -0.11920  -0.18399   0.36451  -0.05483   0.02922  -0.10783  -0.06716   0.02997   0.02814  -0.13595   0.13008  -0.05110   0.12881  -0.21743  -0.18262   0.00580 
  0.00984  -0.17538   0.15147  -0.02504  -0.10566  -0.17249   0.31889  -0.02784   0.04415  -0.15959  -0.07842   0.03246   0.00747  -0.11256   0.14344  -0.04404   0.09661  -0.19071  -0.09870   0.00803 
 -0.00019  -0.15990   0.14469  -0.01489  -0.10557  -0.14615   0.30895  -0.02613   0.03363  -0.15375  -0.07488   0.04166  -0.00225  -0.08883   0.14040  -0.04039   0.07392  -0.10541  -0.07726   0.00017 
 -0.01070  -0.11573   0.14001  -0.01473  -0.07419  -0.12540   0.24551  -0.01315   0.03865  -0.11315  -0.11905   0.03385   0.00162  -0.11094   0.17698  -0.06556   0.05024  -0.10268  -0.01589  -0.00103 
 -0.00610  -0.10892   0.12793  -0.01481  -0.05490  -0.06358   0.19265  -0.01530   0.01321  -0.07528  -0.02158   0.02347  -0.00100  -0.04981   0.13752  -0.06085   0.01287  -0.06003   0.00075   0.01015 
 -0.01534  -0.05771   0.10576  -0.01101  -0.04404  -0.04497   0.15883  -0.01221   0.02310  -0.10209   0.04969  -0.00129  -0.00846  -0.04066   0.14058  -0.05855   0.01331  -0.03781   0.04168  -0.01400 
 -0.01086  -0.04563   0.10767  -0.02090  -0.03597  -0.05803   0.14790  -0.01054  -0.00112  -0.07745   0.04128   0.01978  -0.00375  -0.04358   0.10871  -0.03830   0.00214  -0.01877   0.03514  -0.00902 
