IntronPotTab 1 1024 0.39217
    0.01874
   -0.04059
   -0.02117
   -0.00412
    0.00545
   -0.01125
    0.00345
   -0.00232
    0.03157
   -0.04873
   -0.06404
    0.01869
    0.00460
   -0.00645
   -0.03477
    0.01406
    0.02106
   -0.04311
   -0.02986
    0.00968
   -0.03991
   -0.04225
    0.03152
    0.06596
    0.01434
   -0.03721
   -0.05335
    0.02794
    0.02055
   -0.03400
   -0.00771
    0.00855
    0.01797
   -0.06512
   -0.04701
    0.02481
    0.00922
    0.01377
   -0.00563
   -0.01399
   -0.00170
    0.02140
   -0.03787
    0.02492
   -0.02508
   -0.03691
   -0.03319
    0.04544
    0.02002
   -0.07025
    0.01025
   -0.00490
    0.01038
   -0.04209
   -0.01629
    0.01998
    0.02016
   -0.02247
   -0.06558
    0.02690
    0.01940
   -0.02262
   -0.02987
    0.00925
    0.03026
   -0.06053
    0.00509
   -0.01957
    0.00227
   -0.05744
    0.00550
    0.03822
    0.01823
   -0.03330
   -0.03709
    0.02388
    0.00449
   -0.05114
   -0.05054
    0.03191
    0.02997
   -0.01830
   -0.03638
   -0.00645
    0.00385
   -0.03371
   -0.01086
    0.03522
   -0.00296
   -0.03267
    0.05084
   -0.00390
    0.06629
   -0.04695
   -0.07292
    0.01765
    0.01729
   -0.03894
   -0.09165
    0.05095
   -0.00146
   -0.00457
   -0.02306
    0.02691
   -0.04114
    0.01078
    0.02280
    0.03068
   -0.02721
    0.01535
   -0.04343
    0.03352
    0.06247
   -0.07262
    0.00283
   -0.04777
    0.01516
   -0.04349
   -0.00557
    0.01501
    0.05876
   -0.03277
   -0.06333
   -0.02478
    0.02119
   -0.05402
   -0.02054
    0.01995
    0.01701
   -0.03593
   -0.04203
    0.01111
   -0.00200
    0.01029
   -0.02125
    0.01186
    0.02527
   -0.05625
   -0.04159
    0.02336
   -0.00032
   -0.01875
   -0.07186
    0.03880
    0.03021
   -0.00810
   -0.04905
   -0.00607
   -0.03910
   -0.00304
    0.00358
    0.05415
    0.03099
   -0.05476
   -0.05999
    0.04267
    0.05909
   -0.04216
   -0.04152
    0.01456
    0.03038
    0.01465
   -0.05749
   -0.01184
   -0.04721
    0.00351
   -0.01447
    0.06682
    0.01939
   -0.01031
    0.00635
   -0.03008
   -0.05603
    0.04246
   -0.05752
    0.07581
    0.02248
   -0.02987
   -0.00817
   -0.00546
   -0.00271
   -0.03408
   -0.06848
    0.05092
    0.02148
   -0.00483
   -0.02897
   -0.00247
    0.01227
   -0.01794
   -0.06238
    0.02505
    0.00654
   -0.03487
    0.01661
   -0.00730
   -0.00567
   -0.02558
   -0.01130
    0.03318
    0.02179
   -0.06609
   -0.03650
    0.03603
   -0.03980
   -0.00193
   -0.05168
    0.03988
    0.03676
   -0.05261
   -0.01783
   -0.00878
   -0.03015
   -0.03197
    0.00706
    0.05015
    0.01822
   -0.04399
   -0.00133
    0.01194
    0.00726
   -0.03886
   -0.01831
    0.02951
    0.00595
    0.00345
   -0.02645
    0.00797
   -0.00021
   -0.04380
   -0.01588
    0.03377
    0.01155
   -0.01618
    0.00024
   -0.00420
   -0.03159
   -0.02957
   -0.03544
    0.05705
    0.01389
   -0.03792
    0.02303
   -0.01465
   -0.01776
   -0.06145
    0.00823
    0.04672
    0.03164
   -0.02296
   -0.04422
   -0.00242
   -0.00316
   -0.02180
   -0.03317
    0.01856
    0.02480
   -0.06701
    0.00303
   -0.01445
   -0.00054
   -0.06379
    0.00802
    0.03160
    0.01719
   -0.05332
   -0.01020
    0.01070
    0.00629
   -0.01097
   -0.06288
    0.02765
    0.03824
   -0.02746
   -0.04391
    0.00063
    0.00298
   -0.06049
   -0.00309
    0.05896
   -0.03469
    0.03536
   -0.05536
    0.04888
    0.06763
   -0.04190
   -0.03618
    0.01217
    0.01936
    0.01103
   -0.04898
    0.00611
   -0.01179
   -0.03102
    0.01421
    0.02757
   -0.00414
    0.07323
   -0.00864
   -0.04659
    0.01462
   -0.04118
   -0.02528
    0.03170
    0.05092
   -0.05807
   -0.03714
   -0.02094
    0.01157
   -0.03227
   -0.04554
    0.03775
    0.00531
    0.01438
   -0.04167
    0.01479
    0.00487
   -0.03676
   -0.04680
    0.02950
    0.03746
   -0.04839
   -0.00622
   -0.02817
    0.01909
   -0.04342
    0.03190
   -0.00563
    0.03443
   -0.08154
   -0.04769
    0.06645
   -0.00806
   -0.05319
   -0.05672
    0.05653
    0.03910
   -0.05575
   -0.04091
    0.01320
    0.00435
   -0.01604
   -0.05950
    0.04044
    0.02492
   -0.07530
    0.02868
    0.01552
    0.06074
   -0.08689
   -0.03282
    0.04175
   -0.00147
    0.03440
   -0.06349
    0.02320
   -0.02253
    0.00817
    0.00820
    0.02054
   -0.00474
   -0.02828
   -0.00822
    0.05178
   -0.06244
   -0.03638
    0.00151
    0.06257
    0.06960
   -0.06506
   -0.03332
   -0.04301
    0.02228
   -0.01535
   -0.06305
    0.01535
    0.05522
   -0.01329
   -0.06441
   -0.01750
    0.04320
   -0.06711
   -0.02262
    0.02704
    0.01840
   -0.04428
   -0.05179
    0.02120
   -0.02763
    0.03959
   -0.02825
    0.03603
    0.03171
   -0.03473
   -0.01684
   -0.02338
   -0.00541
   -0.01562
   -0.07060
    0.05606
    0.05190
   -0.03026
   -0.06546
   -0.00903
   -0.01505
    0.02092
   -0.04712
    0.03439
   -0.00384
    0.00882
   -0.03472
    0.02088
    0.07738
   -0.10298
   -0.05253
    0.04402
    0.04611
   -0.10105
   -0.07983
    0.03154
   -0.03606
    0.02863
   -0.03735
    0.04730
    0.01595
   -0.00158
   -0.04459
    0.03069
   -0.06018
    0.02918
   -0.03876
    0.06967
    0.06713
   -0.07892
   -0.07278
    0.00694
    0.03370
   -0.04778
   -0.05661
    0.02374
    0.01047
    0.00510
   -0.06349
    0.03601
    0.03101
   -0.02500
   -0.09585
    0.04240
    0.00988
   -0.01276
   -0.01017
   -0.00712
    0.00708
   -0.06079
   -0.01516
    0.03832
    0.04450
   -0.09392
   -0.04874
    0.02040
   -0.00214
   -0.02047
   -0.06390
    0.03804
    0.02973
   -0.05512
   -0.01140
    0.00207
    0.00560
   -0.00497
   -0.03316
    0.01211
    0.01242
    0.00242
   -0.03017
    0.00136
    0.02448
   -0.01941
   -0.01795
    0.01222
    0.00365
    0.01144
   -0.03788
    0.01301
   -0.00876
   -0.02419
    0.02633
    0.01251
    0.00109
    0.04042
   -0.01114
   -0.02878
    0.02454
   -0.02450
   -0.05021
    0.04505
    0.03454
   -0.13275
    0.01063
    0.00156
   -0.00498
   -0.01995
   -0.03594
    0.02895
    0.04970
   -0.06905
   -0.05546
    0.01196
    0.03680
   -0.03589
   -0.05962
    0.01847
    0.00789
   -0.02435
   -0.02236
    0.00587
    0.01201
   -0.02801
    0.00211
   -0.00207
    0.02226
   -0.01681
   -0.05606
    0.01514
    0.01028
   -0.02792
   -0.03822
    0.01810
    0.02153
   -0.05958
   -0.05429
    0.03714
   -0.05154
   -0.00810
   -0.01809
    0.06894
    0.00328
   -0.00339
   -0.10717
    0.05475
    0.02222
   -0.06437
   -0.04141
    0.03361
    0.02514
   -0.06107
   -0.01212
   -0.00346
    0.01201
   -0.02777
    0.00971
   -0.00305
    0.00969
   -0.05428
   -0.03448
    0.04939
    0.00713
   -0.06083
   -0.04639
    0.04900
    0.07300
   -0.14398
   -0.04709
   -0.02642
    0.01547
   -0.08681
   -0.03649
    0.05015
    0.01690
   -0.01722
   -0.06269
    0.04095
    0.02561
   -0.03185
   -0.05918
    0.01924
    0.03675
   -0.10011
   -0.05800
    0.00934
    0.02464
   -0.04649
   -0.00332
   -0.00108
    0.00649
   -0.03254
    0.00562
    0.01975
   -0.02412
   -0.06452
   -0.02602
    0.05202
    0.03667
   -0.01432
   -0.05419
   -0.00761
   -0.06506
    0.03215
   -0.00544
    0.03857
    0.02009
    0.03017
   -0.05775
    0.00369
    0.06457
   -0.07915
   -0.01261
    0.02443
   -0.00365
   -0.01657
   -0.00122
    0.01488
    0.02564
    0.00704
   -0.06507
    0.02237
   -0.00343
    0.00325
   -0.04723
    0.04731
   -0.04539
   -0.03167
    0.02285
    0.03415
    0.08120
   -0.09360
    0.02387
   -0.06621
    0.01424
   -0.10519
   -0.00606
    0.05084
    0.04779
   -0.08410
   -0.08414
    0.05705
    0.04266
   -0.06135
    0.00100
    0.01525
    0.01017
   -0.01286
   -0.03634
    0.01389
    0.02610
   -0.03037
   -0.08649
    0.04096
    0.03137
   -0.04257
   -0.01697
   -0.00321
    0.01501
    0.00493
   -0.07725
    0.03963
    0.04357
   -0.07814
   -0.01089
   -0.00372
    0.00177
   -0.00367
   -0.05346
    0.04211
   -0.01711
   -0.02468
    0.02411
    0.01725
    0.03792
   -0.03481
   -0.07277
    0.04016
    0.03968
   -0.01496
   -0.03868
   -0.02668
   -0.00927
    0.02296
   -0.06111
    0.03488
    0.02176
    0.01569
   -0.00661
   -0.03099
   -0.03695
    0.07875
   -0.04186
    0.03247
    0.04937
   -0.05212
   -0.06373
    0.00995
    0.04013
   -0.08787
   -0.06729
    0.02397
    0.03009
   -0.00852
   -0.04981
    0.02473
    0.07279
   -0.07668
   -0.10259
    0.03478
    0.01162
   -0.01334
   -0.06478
    0.01608
    0.00460
   -0.04205
    0.00571
    0.01820
    0.03450
   -0.06211
   -0.02755
    0.01752
   -0.02778
   -0.03330
   -0.02891
    0.04433
    0.02806
   -0.08784
   -0.00560
    0.01797
   -0.02766
   -0.01450
    0.02881
    0.02351
    0.00316
   -0.03034
    0.02661
    0.00441
    0.04556
   -0.05284
   -0.01906
    0.02266
    0.02128
   -0.04443
   -0.06811
    0.04217
   -0.01193
   -0.01596
   -0.00511
    0.02595
    0.01287
   -0.00431
   -0.00926
   -0.00616
   -0.02254
   -0.06681
    0.00768
    0.04035
    0.01685
   -0.06675
   -0.02089
    0.01361
   -0.00424
   -0.08180
   -0.02626
    0.04984
    0.02336
   -0.05415
   -0.05719
    0.04184
    0.01353
   -0.02713
   -0.04588
    0.02124
    0.01694
   -0.02896
   -0.00707
   -0.01207
   -0.01284
    0.01964
   -0.00106
    0.00319
    0.02509
   -0.00596
   -0.05400
   -0.00032
   -0.00394
   -0.00052
   -0.05393
    0.01844
    0.02227
   -0.04823
   -0.04956
    0.01812
   -0.03685
   -0.05590
    0.00591
    0.06107
   -0.01329
    0.00131
   -0.09330
    0.06009
    0.04216
   -0.01585
   -0.08136
    0.01521
    0.02454
   -0.07147
   -0.01743
   -0.00188
   -0.00249
   -0.05703
   -0.01417
    0.03873
    0.02058
   -0.02369
   -0.02882
    0.01131
   -0.02982
   -0.02675
   -0.03955
    0.04752
    0.03858
   -0.06096
    0.00869
   -0.01746
    0.02450
   -0.09459
   -0.02327
    0.03463
    0.02277
    0.00558
   -0.04053
   -0.00233
   -0.00269
   -0.01914
   -0.04830
    0.02220
    0.02967
   -0.05983
    0.00248
   -0.01248
    0.00488
   -0.04797
    0.02078
    0.01422
    0.03837
   -0.05070
   -0.02121
    0.00994
   -0.00338
   -0.08010
   -0.02021
    0.04707
    0.06123
   -0.05823
   -0.02274
   -0.01351
   -0.00366
   -0.01810
   -0.02641
    0.03460
    0.02005
   -0.02063
    0.03774
   -0.04186
    0.06883
   -0.07691
   -0.06164
    0.04960
    0.04533
   -0.03145
   -0.05526
   -0.00436
   -0.00547
   -0.05573
    0.00484
    0.04171
    0.00625
   -0.02374
   -0.05780
    0.05247
   -0.00404
   -0.01579
   -0.04063
    0.04738
    0.05827
   -0.06339
    0.00184
   -0.03645
   -0.00079
   -0.08946
   -0.02299
    0.05190
    0.06588
   -0.08266
   -0.06051
    0.02150
    0.03349
   -0.08264
   -0.03405
    0.04213
    0.02819
   -0.04152
   -0.04101
   -0.00424
   -0.02213
    0.03474
   -0.00145
    0.00061
    0.03605
   -0.06366
   -0.04057
    0.01823
    0.03029
   -0.00954
   -0.07614
    0.02818
    0.04108
   -0.04189
   -0.05669
   -0.00110
   -0.01518
    0.02267
   -0.04209
    0.02597
   -0.00007
   -0.00949
   -0.06519
    0.05817
    0.07116
   -0.03732
   -0.11044
    0.05336
    0.03478
   -0.06283
   -0.03966
    0.00283
   -0.03940
    0.01357
    0.02078
    0.02416
    0.02825
   -0.00736
   -0.03032
   -0.00327
   -0.00087
    0.00489
   -0.06523
    0.06394
    0.04340
   -0.06468
    0.01230
   -0.01862
   -0.00866
   -0.01818
   -0.07270
    0.04886
    0.02251
   -0.03290
   -0.04124
    0.02602
    0.00035
   -0.05085
   -0.03305
    0.03651
    0.00582
    0.01478
   -0.01248
   -0.00765
   -0.01714
   -0.03375
    0.00273
    0.04103
    0.01273
   -0.04007
   -0.01725
    0.02144
   -0.01358
   -0.01435
   -0.03846
    0.02368
    0.04344
   -0.07323
   -0.03766
    0.00578
   -0.02787
   -0.00901
   -0.01031
    0.03585
    0.03600
   -0.03156
   -0.01148
   -0.00568
    0.03872
   -0.05314
   -0.04074
    0.02292
    0.01442
    0.00546
   -0.05293
    0.01587
    0.00550
   -0.04717
    0.02418
    0.00848
   -0.00330
   -0.00565
   -0.03247
    0.03865
   -0.00912
   -0.05578
   -0.03652
    0.05656
    0.01883
   -0.02943
   -0.01658
   -0.00367
   -0.01589
   -0.03543
   -0.04544
    0.04343
    0.02023
   -0.03076
   -0.05139
    0.02837
    0.00589
   -0.03580
   -0.02565
    0.02139
