9 4 3 1 47 -3.3648 2.4129 3.8124 1751
 -0.04248   0.10437   0.13168  -0.12147 
 -0.04248   0.09195   0.11353  -0.09410 
 -0.02035   0.07442   0.11462  -0.10659 
 -0.03415   0.09080   0.06267  -0.06214 
 -0.06670   0.10548   0.16780  -0.13065 
 -0.05184   0.11860   0.09911  -0.09410 
 -0.04586   0.13447   0.06267  -0.08565 
 -0.06581   0.11968   0.10693  -0.08658 
 -0.06581   0.09650   0.14508  -0.10078 
 -0.05098   0.07442   0.10471  -0.06390 
 -0.06759   0.10437   0.13688  -0.09790 
 -0.08209   0.09764   0.15708  -0.09600 
 -0.03581   0.08034   0.09115  -0.07373 
 -0.04164   0.09650   0.11895  -0.10368 
 -0.03168   0.08034   0.13168  -0.11347 
 -0.03168   0.09537   0.07833  -0.08011 
 -0.06052   0.09764   0.11134  -0.07737 
 -0.03333   0.04609   0.17543  -0.12757 
 -0.07387   0.10437   0.11895  -0.07555 
 -0.06581   0.06720   0.16101  -0.09221 
 -0.04841   0.11644   0.14202  -0.13584 
 -0.03997   0.11318   0.09572  -0.09982 
 -0.03168   0.08386   0.10914  -0.09600 
 -0.02356   0.09650   0.11462  -0.12147 
 -0.01637   0.09989   0.06876  -0.09410 
 -0.02679   0.05491   0.10471  -0.07555 
 -0.05615   0.09080   0.13168  -0.09410 
 -0.04756   0.10214   0.07714  -0.06745 
 -0.03581   0.07680   0.12748  -0.10174 
 -0.03997   0.09195   0.14100  -0.12248 
 -0.06581   0.11427   0.07357  -0.05602 
 -0.07478   0.10325   0.12959  -0.08287 
 -0.05442   0.08850   0.14609  -0.10757 
 -0.04080   0.11099   0.09572  -0.09695 
 -0.04333   0.09650   0.09229  -0.07919 
 -0.01400   0.05863   0.09115  -0.08195 
 -0.02115   0.11536   0.04002  -0.08011 
 -0.05442   0.09764   0.12854  -0.09886 
 -0.01955   0.09537   0.12854  -0.13898 
 -0.03333   0.10548   0.07833  -0.08658 
 -0.03251   0.08850   0.13064  -0.11846 
 -0.01164   0.04862   0.12854  -0.10953 
  0.00976   0.08386   0.01201  -0.07193 
 -0.02923   0.08618   0.06512  -0.06567 
 -0.03581   0.09080   0.09572  -0.08565 
  0.02944   0.04096  -0.03296  -0.03816 
  0.04553   0.04096  -0.01062  -0.07103 
  0.09360   0.13757   0.01884  -0.27193 
  0.26134  -0.17902  -0.19835  -0.25651 
 -0.34156  -0.43314   0.56737  -0.36200 
 -1.70137  -3.24353   0.75405  -3.24353 
 -3.24353  -1.47935  -3.24353   0.48561 
  0.25588  -1.10352   0.26487  -0.61752 
  0.40154  -0.56690  -0.62218  -0.55027 
 -0.42841  -0.84171   0.64481  -0.60199 
 -0.19392  -0.46087  -0.28741   0.29524 
  0.04000  -0.15612  -0.22845   0.10943 
 -0.05442  -0.06010  -0.09004   0.11003 
  0.01050  -0.01242  -0.14774   0.05919 
 -0.05615   0.07680  -0.15985   0.07296 
 -0.03997   0.05491  -0.11331   0.05652 
 -0.01400  -0.03946  -0.13790   0.08817 
 -0.05098   0.02255  -0.05813   0.06052 
 -0.03747   0.01850  -0.10965   0.07166 
 -0.02923   0.01850  -0.15578   0.08063 
 -0.01086  -0.01681  -0.11886   0.06972 
 -0.02275  -0.03331  -0.14181   0.09373 
 -0.05877  -0.03792  -0.20285   0.13756 
 -0.04080  -0.04102  -0.16397   0.11649 
 -0.04417  -0.02724  -0.11148   0.09741 
 -0.05702  -0.01242  -0.11701   0.10226 
 -0.01479  -0.00807  -0.12638   0.07166 
 -0.03498   0.01714  -0.15578   0.08567 
 -0.05442  -0.01097  -0.12261   0.10166 
 -0.04080   0.03708  -0.15781   0.08126 
 -0.03415  -0.02274  -0.13596   0.09619 
 -0.02436  -0.01829  -0.13403   0.08629 
 -0.05442  -0.00092  -0.10783   0.09250 
 -0.03005   0.00191  -0.13403   0.08189 
 -0.03251  -0.04886  -0.07128   0.08315 
 -0.02517  -0.00234  -0.09707   0.06711 
 -0.02115  -0.00377  -0.09004   0.06185 
 -0.02679  -0.03331  -0.04694   0.06251 
 -0.05270  -0.01388  -0.01794   0.06185 
 -0.00465  -0.05525  -0.05330   0.05585 
  0.01495  -0.04728  -0.07463   0.04361 
  0.02442  -0.04257  -0.06795   0.02958 
 -0.01086  -0.04571  -0.06795   0.06317 
 -0.01400  -0.04728  -0.08830   0.07424 
  0.00451  -0.03331  -0.13019   0.06776 
  0.01495  -0.07163  -0.15375   0.08189 
  0.02873  -0.03484  -0.09885   0.03454 
  0.01935  -0.02875  -0.13019   0.05249 
  0.03581  -0.06830  -0.13985   0.05719 
  0.03370  -0.08347  -0.10063   0.05113 
  0.02442   0.00471  -0.13596   0.03383 
 -0.00774  -0.08865  -0.05490   0.07231 
 -0.03005  -0.09213  -0.02689   0.07999 
 -0.01164  -0.08519  -0.07128   0.08063 
