IntronPotTab 1 1024 -23.61339 2.18050 34.96600 128632 6 16  226.72
    0.02224
   -0.13026
   -0.16513
    0.07870
   -0.04514
    0.00550
   -0.05683
    0.05479
   -0.08624
   -0.01690
   -0.07895
    0.12890
   -0.07728
   -0.06482
   -0.04571
    0.09792
   -0.03583
   -0.00257
   -0.07911
    0.09361
   -0.00451
    0.03595
   -0.07665
    0.00313
   -0.04815
    0.04358
   -0.03910
    0.05242
   -0.00539
   -0.07150
   -0.08216
    0.09346
    0.01521
   -0.05496
   -0.01389
    0.02334
    0.00622
    0.01422
   -0.11246
    0.00199
   -0.01672
    0.06587
    0.03762
   -0.04572
   -0.04560
   -0.05100
   -0.07488
    0.10816
    0.01113
   -0.02654
   -0.05617
    0.02729
    0.02205
   -0.02662
   -0.06090
   -0.00653
   -0.04218
   -0.02710
   -0.03703
    0.08345
   -0.02028
   -0.07737
   -0.06146
    0.06626
    0.00500
   -0.04613
   -0.08576
    0.06048
    0.05455
   -0.09985
    0.00469
   -0.03527
   -0.08745
   -0.02527
    0.01461
    0.06186
   -0.04592
   -0.24824
    0.13961
   -0.06697
    0.00863
   -0.02339
   -0.14422
    0.09298
   -0.02562
    0.05162
   -0.14200
    0.02926
   -0.12260
   -0.02505
   -0.10808
    0.13781
    0.00532
   -0.02383
   -0.02882
    0.03226
    0.12211
   -0.08421
   -0.12895
   -0.00035
    0.08173
   -0.07005
    0.00144
   -0.03138
   -0.07702
    0.05184
   -0.08746
    0.06703
    0.06605
   -0.16304
    0.05310
   -0.04987
   -0.02945
   -0.05378
   -0.10139
    0.10018
   -0.00837
   -0.06602
   -0.08706
    0.06024
   -0.06286
   -0.06033
   -0.13813
    0.14389
    0.02484
   -0.13810
   -0.02397
    0.05896
    0.04786
   -0.08705
   -0.16678
    0.08797
   -0.01103
    0.01599
   -0.16199
    0.03726
    0.07579
   -0.14210
   -0.05407
   -0.03905
   -0.00154
   -0.09903
   -0.07573
    0.10813
   -0.00608
   -0.00407
   -0.13658
    0.09417
   -0.01393
    0.08330
   -0.17833
    0.00142
   -0.06912
   -0.01104
   -0.03750
    0.09506
    0.00949
   -0.01723
   -0.00831
    0.01183
    0.02454
    0.02485
   -0.04962
    0.00708
   -0.04535
    0.00971
   -0.13978
    0.06296
    0.05626
   -0.11333
   -0.02326
   -0.01585
   -0.04326
   -0.05690
    0.03462
    0.05286
   -0.05024
    0.06294
   -0.07778
    0.04340
    0.00305
    0.01171
   -0.04363
   -0.00146
   -0.07152
   -0.00613
   -0.07802
    0.10772
    0.02705
   -0.14679
   -0.06555
    0.07319
   -0.05459
   -0.07151
   -0.06261
    0.07131
    0.05721
   -0.10047
   -0.07145
   -0.03061
   -0.07214
    0.03561
   -0.15173
    0.07658
    0.02658
   -0.17377
    0.00124
    0.04239
   -0.02399
   -0.01795
   -0.03918
    0.05314
   -0.01585
    0.02768
   -0.04869
    0.01122
   -0.05849
   -0.04827
    0.09663
    0.01415
    0.05077
   -0.04249
   -0.02615
   -0.00155
   -0.00862
   -0.03720
   -0.04945
    0.04790
    0.05148
   -0.07608
   -0.10333
   -0.02358
   -0.08856
    0.04759
    0.02718
    0.02899
    0.09968
   -0.20322
   -0.04944
   -0.08962
   -0.04683
   -0.09089
   -0.13728
    0.09591
   -0.01873
    0.00529
   -0.08465
    0.02865
   -0.03961
   -0.05534
   -0.04504
    0.07800
    0.00166
   -0.14920
   -0.05783
    0.06382
    0.05059
   -0.08364
   -0.13533
    0.04753
   -0.01303
   -0.02694
   -0.11652
    0.04667
   -0.08205
   -0.00252
   -0.00821
    0.08033
   -0.03169
   -0.08842
   -0.05274
    0.10560
   -0.07931
    0.08718
   -0.12110
    0.06876
   -0.08116
    0.12058
   -0.20394
    0.05125
   -0.06577
   -0.03310
   -0.08823
    0.08380
    0.01622
   -0.00624
   -0.05966
    0.04088
    0.05273
   -0.04191
   -0.08357
    0.02352
   -0.03618
    0.01810
   -0.15036
    0.04630
   -0.09355
    0.00309
    0.18557
   -0.04239
    0.04321
   -0.08015
   -0.01810
    0.00411
   -0.01354
   -0.02444
   -0.08258
    0.07037
    0.01138
   -0.01390
   -0.19427
    0.02041
   -0.20287
   -0.09278
   -0.15168
    0.13702
   -0.00225
   -0.09788
   -0.07060
    0.08220
    0.10862
   -0.20436
   -0.12787
    0.00857
    0.04444
   -0.07994
   -0.02163
    0.00436
    0.00133
    0.00620
   -0.03898
    0.01120
   -0.00886
   -0.21035
    0.07376
    0.04491
    0.07038
   -0.02603
   -0.21345
    0.05419
   -0.11766
    0.16680
   -0.40668
    0.01025
    0.02971
    0.00778
   -0.08123
    0.01701
   -0.11448
    0.11036
   -0.02598
   -0.07557
    0.06673
    0.02480
   -0.25193
    0.05587
    0.03664
   -0.03161
   -0.02963
    0.02266
    0.00686
   -0.05254
   -0.00283
    0.03595
    0.13730
   -0.19271
   -0.02641
   -0.03000
   -0.01984
   -0.02466
   -0.00658
    0.03895
   -0.13976
   -0.00174
   -0.25812
    0.11484
   -0.07095
   -0.06419
   -0.13729
    0.12915
    0.10078
   -0.12916
   -0.05716
    0.04094
    0.12786
   -0.24499
   -0.31035
    0.07793
   -0.05278
   -0.02724
   -0.32327
    0.14063
   -0.03986
   -0.01323
   -0.08804
    0.11755
   -0.02795
   -0.03258
   -0.16361
    0.14497
    0.01883
   -0.03760
   -0.14105
    0.06439
    0.09697
   -0.00239
   -0.30745
   -0.01804
    0.08074
   -0.13260
   -0.08360
    0.07673
    0.12712
   -0.09457
   -0.10264
    0.00864
    0.12266
   -0.10455
   -0.12556
   -0.01771
   -0.04993
    0.17475
   -0.28089
   -0.00816
   -0.05099
    0.05594
   -0.06895
    0.06008
    0.12158
   -0.11640
   -0.16275
    0.01223
   -0.05601
    0.04699
   -0.07561
    0.05500
    0.06904
   -0.07542
   -0.21171
    0.01206
   -0.09757
   -0.03356
   -0.11081
    0.14925
    0.05573
   -0.15929
   -0.06719
    0.05910
   -0.01522
   -0.10770
   -0.06931
    0.07794
    0.04808
   -0.08955
   -0.09623
   -0.00606
   -0.04688
   -0.01277
   -0.00715
    0.03980
    0.05873
   -0.15958
   -0.03566
    0.02260
    0.03486
   -0.01929
   -0.13743
    0.04495
   -0.09393
    0.24608
   -0.07751
   -0.07629
    0.02317
    0.02665
   -0.07781
    0.00155
   -0.19582
    0.21781
   -0.25780
   -0.14747
   -0.04226
   -0.06296
   -0.12029
    0.09812
    0.03114
    0.01688
   -0.10184
   -0.02757
   -0.06243
    0.03839
    0.01491
    0.02562
    0.08720
   -0.09952
   -0.00941
   -0.04761
    0.01030
   -0.12677
   -0.10158
    0.09628
   -0.01568
    0.02739
   -0.17831
    0.02357
   -0.06748
   -0.02312
   -0.08051
    0.08979
    0.01409
   -0.02092
   -0.05045
    0.02889
    0.04682
   -0.14566
   -0.05740
    0.04904
    0.00622
   -0.01477
   -0.14400
    0.02426
   -0.06997
    0.01327
   -0.02533
    0.09459
   -0.06640
   -0.06283
   -0.06627
    0.12593
   -0.02692
    0.01126
   -0.07655
    0.07367
    0.00632
    0.04255
   -0.13508
   -0.00675
   -0.07111
    0.03639
   -0.08784
    0.09772
    0.04650
   -0.10621
   -0.07568
    0.07868
   -0.05634
   -0.17239
    0.12203
   -0.10113
   -0.03154
    0.01354
   -0.23565
    0.05550
   -0.12403
   -0.06904
    0.19642
   -0.01711
    0.02186
   -0.11879
   -0.00131
    0.04625
   -0.00757
    0.02328
   -0.05810
    0.02125
    0.04211
   -0.11239
   -0.06294
    0.02315
   -0.08042
    0.02064
   -0.13172
    0.14757
   -0.01185
   -0.05050
   -0.08575
    0.08020
    0.02257
   -0.03002
   -0.05833
    0.02825
    0.04768
   -0.09078
   -0.06095
   -0.00143
   -0.00440
   -0.01633
   -0.04217
    0.03453
    0.02997
   -0.18927
    0.09409
   -0.02484
    0.12278
   -0.13741
   -0.18136
    0.02875
    0.07639
   -0.09616
   -0.11692
   -0.01629
   -0.00387
   -0.09579
   -0.10102
    0.12979
    0.03350
   -0.11061
   -0.01113
    0.05202
    0.15820
   -0.15159
   -0.11472
   -0.02935
    0.02778
   -0.03772
   -0.08341
    0.02582
    0.02068
   -0.08783
    0.02199
    0.03462
    0.08793
   -0.18295
    0.00874
    0.01039
   -0.01722
   -0.06981
   -0.10260
    0.09850
    0.08713
   -0.01638
   -0.18261
   -0.05809
    0.00589
   -0.06323
   -0.11281
    0.09459
    0.06488
   -0.13669
   -0.01222
    0.04470
    0.04138
   -0.13960
   -0.11396
    0.09792
    0.04228
   -0.11369
   -0.23066
    0.04530
    0.04086
   -0.02435
   -0.01673
   -0.02557
   -0.02099
   -0.19709
   -0.04881
    0.12972
    0.00985
   -0.03093
   -0.08491
    0.06680
    0.07459
   -0.01652
   -0.14158
   -0.07930
    0.06030
   -0.12550
   -0.05133
    0.03380
    0.10102
   -0.01299
   -0.10691
   -0.02020
   -0.01429
   -0.04320
    0.06495
   -0.04981
   -0.04307
    0.06388
   -0.13402
    0.04979
   -0.01959
   -0.09915
    0.08837
   -0.00704
    0.01579
   -0.08357
    0.02268
    0.01517
   -0.06858
   -0.01372
   -0.03959
    0.08422
    0.05922
   -0.11173
   -0.09725
    0.00893
   -0.01340
   -0.06461
   -0.06721
    0.08573
    0.00219
   -0.12655
   -0.08275
    0.09126
   -0.01665
   -0.03595
   -0.18425
    0.09555
    0.08593
   -0.25571
   -0.15771
   -0.05437
    0.02858
   -0.02550
   -0.13427
    0.04718
    0.04443
   -0.14238
    0.00552
    0.02058
   -0.01202
   -0.03215
   -0.10005
    0.07970
   -0.05630
    0.05714
   -0.15276
    0.03905
   -0.07103
   -0.07569
    0.09434
    0.02213
    0.03536
   -0.03259
   -0.00165
   -0.00142
    0.00666
   -0.02820
   -0.09311
    0.05988
    0.07539
   -0.06029
   -0.09758
   -0.04716
   -0.07115
   -0.02746
    0.07886
    0.02044
    0.05435
   -0.15488
    0.07117
   -0.07053
   -0.03389
   -0.02770
   -0.13759
    0.09512
    0.02822
   -0.08377
   -0.14238
    0.03664
   -0.10722
   -0.00954
   -0.13041
    0.13117
    0.02873
   -0.17163
    0.01448
    0.04493
    0.02221
   -0.06859
   -0.09462
    0.05353
   -0.03934
    0.00166
   -0.05881
    0.05190
   -0.03804
   -0.00305
   -0.02633
    0.05201
   -0.01507
   -0.10657
   -0.04857
    0.07711
   -0.18360
   -0.06537
   -0.12836
    0.14373
   -0.05254
    0.13090
    0.04256
   -0.00666
   -0.13226
   -0.03055
    0.03786
    0.07661
    0.03803
   -0.06226
   -0.03852
    0.02406
    0.04695
   -0.05242
   -0.07444
    0.02608
   -0.02057
    0.09966
   -0.03584
   -0.02881
   -0.03164
    0.02815
    0.04730
   -0.00702
    0.04623
   -0.07807
   -0.03728
    0.00892
   -0.02969
    0.00981
   -0.01905
    0.03471
    0.01229
   -0.03638
   -0.13154
    0.02098
   -0.08083
    0.01477
   -0.12117
    0.09911
    0.06357
   -0.17091
   -0.06970
    0.01754
    0.06939
   -0.14864
   -0.09720
    0.03266
   -0.00115
    0.01496
   -0.05350
    0.00349
    0.03922
   -0.00049
   -0.07441
    0.00155
   -0.00949
   -0.17608
    0.04359
    0.05742
    0.08179
   -0.03473
   -0.17653
    0.03650
   -0.17945
    0.03745
   -0.29284
    0.11901
    0.21919
   -0.13024
   -0.22169
   -0.12725
    0.00054
   -0.04731
   -0.06874
    0.06606
    0.09008
   -0.12277
   -0.03919
    0.00126
    0.04732
    0.00772
    0.07003
   -0.07006
    0.17407
   -0.14678
   -0.05999
   -0.12240
    0.01186
   -0.18378
    0.07887
    0.04240
   -0.00963
    0.00703
   -0.10082
    0.04660
   -0.26990
   -0.09715
   -0.40317
    0.15083
    0.03890
   -0.05864
   -0.15369
    0.06056
    0.05128
   -0.12664
   -0.05605
    0.06996
    0.04912
   -0.06181
   -0.16327
    0.08364
   -0.01123
    0.02136
   -0.10221
    0.02608
   -0.08606
    0.13177
   -0.10343
    0.03937
    0.00158
   -0.10842
   -0.06382
    0.09865
   -0.08111
   -0.01338
   -0.16395
    0.12613
    0.02354
    0.00446
   -0.20025
    0.00340
   -0.02806
   -0.10718
   -0.08650
    0.11907
    0.04281
   -0.03600
   -0.07344
    0.03886
    0.03140
   -0.06503
   -0.04103
    0.04292
   -0.05054
    0.08409
   -0.05431
    0.00378
   -0.07384
    0.06264
   -0.02520
    0.03341
   -0.02600
   -0.03584
   -0.05669
    0.09051
   -0.12148
    0.10011
   -0.12104
    0.03397
   -0.00341
    0.02177
   -0.17213
    0.01714
   -0.12509
   -0.05057
   -0.11945
    0.13107
    0.01264
   -0.09905
   -0.03224
    0.05326
   -0.01105
   -0.10979
   -0.06813
    0.06043
    0.04540
   -0.12723
   -0.02328
    0.00541
   -0.02558
    0.00531
   -0.12176
    0.05947
   -0.05177
   -0.18233
   -0.02178
    0.07582
   -0.01581
   -0.01695
   -0.11673
    0.06863
   -0.05467
    0.03539
    0.13534
    0.00320
   -0.02553
    0.05018
   -0.02716
    0.00343
    0.02719
    0.01389
    0.00703
   -0.02958
   -0.02353
   -0.05494
    0.00514
    0.03969
    0.01256
    0.00775
   -0.01881
   -0.01188
   -0.03828
    0.09072
    0.01763
   -0.04257
    0.01981
   -0.11874
    0.01476
    0.02484
   -0.00032
   -0.06494
   -0.13462
    0.07233
   -0.02228
   -0.00910
   -0.04779
    0.02989
   -0.00856
   -0.05107
   -0.01110
    0.03766
    0.01437
   -0.09053
   -0.02499
    0.03865
