IntronPotTab 1 1024 2.41257
    0.02859
    0.11580
   -0.11746
    0.05394
   -0.09166
    0.03298
   -0.09248
    0.12764
   -0.01359
    0.08749
   -0.02728
   -0.06736
   -0.08815
   -0.00082
   -0.04893
    0.11097
   -0.01972
    0.08164
   -0.05770
    0.00711
   -0.05552
    0.05789
   -0.08934
    0.08621
   -0.00754
    0.05135
   -0.04490
   -0.01942
    0.08420
   -0.13133
    0.19398
   -0.09333
   -0.02482
    0.04447
   -0.01510
   -0.00025
   -0.06095
   -0.07547
   -0.09688
    0.20516
    0.00755
    0.04396
   -0.00601
   -0.07581
   -0.07702
   -0.02264
    0.02445
    0.06385
    0.01414
    0.02318
   -0.08528
    0.03711
   -0.04483
    0.05454
   -0.07219
    0.07643
    0.00862
    0.07983
   -0.09321
   -0.03634
    0.00502
   -0.00902
   -0.02200
    0.04082
    0.03506
    0.00400
   -0.06695
    0.11732
    0.05042
   -0.03622
   -0.09551
    0.13380
    0.05221
   -0.00671
   -0.07676
    0.04886
    0.01692
   -0.05205
   -0.01894
    0.11546
   -0.03140
    0.03732
   -0.07222
    0.07146
   -0.04064
    0.12763
   -0.11235
    0.04942
   -0.01744
    0.01844
   -0.04675
    0.05014
    0.11968
   -0.05298
   -0.00705
    0.06479
    0.09265
   -0.04567
   -0.04446
    0.09207
   -0.03050
   -0.08325
   -0.05132
    0.17436
    0.07761
   -0.06147
   -0.00239
    0.01833
   -0.05028
   -0.09018
    0.05544
    0.12754
    0.46605
   -0.18336
   -0.04687
   -0.05663
    0.05890
    0.04480
   -0.12539
    0.15988
    0.41706
   -0.30150
   -0.35627
   -0.21384
    0.16527
   -0.00052
   -0.07887
    0.06018
    0.06735
    0.02123
   -0.08938
    0.09692
    0.02191
   -0.03199
   -0.16066
    0.20940
    0.04788
    0.02463
   -0.08324
    0.00092
    0.09315
   -0.03612
   -0.06911
    0.13935
   -0.00821
    0.05664
   -0.04898
    0.04464
   -0.01557
    0.08873
   -0.10837
    0.09113
   -0.00539
    0.04358
   -0.06641
    0.03209
    0.12135
   -0.13027
    0.12004
   -0.06189
    0.02730
    0.01295
   -0.03165
    0.01553
    0.01583
   -0.05289
   -0.12733
    0.22660
    0.02014
   -0.00851
    0.03038
   -0.05374
   -0.05662
   -0.02641
   -0.04418
    0.14407
    0.08521
   -0.02013
   -0.12966
    0.12230
   -0.01456
    0.05586
   -0.12838
    0.16762
   -0.02321
    0.04359
   -0.08285
    0.06544
    0.13632
   -0.01017
   -0.06547
    0.07119
   -0.09863
    0.15344
   -0.07892
    0.01785
   -0.07635
   -0.05873
   -0.11935
    0.21211
   -0.01901
    0.05971
   -0.00317
   -0.06802
   -0.04530
   -0.00261
   -0.03440
    0.08627
   -0.07047
    0.11436
   -0.05728
    0.01504
   -0.05943
    0.07471
   -0.06512
    0.04859
   -0.05451
    0.08505
   -0.05336
   -0.00693
    0.00000
    0.00615
    0.00770
   -0.01775
   -0.01463
    0.04139
   -0.02998
   -0.00773
   -0.04576
   -0.08182
   -0.09812
    0.19515
    0.03136
    0.00113
    0.01015
   -0.05296
   -0.09436
   -0.04934
    0.06792
    0.07636
    0.14079
   -0.03123
   -0.09467
    0.03652
   -0.00301
    0.02494
   -0.11825
    0.13116
    0.14329
   -0.01764
   -0.13584
   -0.04450
    0.04087
   -0.00362
   -0.09772
    0.10715
    0.07375
    0.04433
   -0.12228
    0.10901
   -0.06761
    0.03935
   -0.06576
    0.09022
   -0.02072
    0.05902
   -0.06972
    0.02359
   -0.02177
   -0.00424
   -0.05593
    0.09103
   -0.06577
    0.12195
   -0.07726
   -0.00800
   -0.04526
    0.11842
   -0.08521
    0.01991
   -0.04049
    0.06590
   -0.04288
   -0.01620
   -0.01065
   -0.03174
    0.08919
   -0.04495
    0.01544
    0.02882
   -0.01510
   -0.03848
   -0.07197
    0.03308
   -0.06606
    0.10800
   -0.01143
    0.05502
    0.01589
   -0.08308
   -0.06184
    0.00575
    0.02379
    0.00513
   -0.00291
    0.07265
   -0.15121
    0.04870
   -0.02280
    0.05765
   -0.09165
    0.06884
   -0.06130
    0.08661
   -0.08903
    0.01324
   -0.05078
    0.01133
   -0.07103
    0.07395
    0.05837
   -0.00558
   -0.07382
    0.09658
    0.01013
   -0.03827
   -0.06700
    0.11480
    0.00625
    0.01823
   -0.04183
    0.00236
    0.06301
   -0.04391
   -0.06924
    0.15350
   -0.03046
    0.09237
   -0.09161
   -0.00369
   -0.11026
    0.14490
   -0.14067
    0.03617
   -0.05898
    0.04275
   -0.04622
    0.03727
    0.01477
   -0.01905
   -0.03094
    0.04968
    0.04934
   -0.03378
   -0.02610
    0.05723
   -0.03664
   -0.05364
   -0.05072
    0.14755
    0.02729
   -0.03410
    0.01690
    0.00308
   -0.05981
   -0.04817
    0.03238
    0.09126
    0.11990
   -0.08108
    0.02075
    0.05515
   -0.01654
    0.02255
   -0.13567
    0.18322
    0.17869
   -0.07343
   -0.11078
    0.02869
    0.09468
   -0.00909
   -0.16054
    0.16311
    0.09391
   -0.02314
   -0.12060
    0.11864
   -0.01728
    0.00591
   -0.10558
    0.15418
    0.03288
    0.02476
   -0.08083
    0.02878
    0.07473
   -0.05606
   -0.06820
    0.16574
   -0.01930
    0.04173
   -0.08440
    0.09878
   -0.01831
    0.12693
   -0.11499
    0.07355
   -0.05798
    0.06706
   -0.06820
    0.03479
    0.07809
   -0.07843
    0.09701
   -0.01749
    0.05136
   -0.00225
   -0.05789
    0.02707
   -0.00274
    0.01838
   -0.10029
    0.17240
   -0.02769
    0.01620
    0.04633
   -0.03382
   -0.06243
   -0.03480
   -0.02152
    0.12380
    0.05484
   -0.02764
   -0.17008
    0.19462
   -0.03567
    0.04808
   -0.11917
    0.17122
   -0.06618
    0.02282
   -0.05144
    0.07972
    0.07005
   -0.05332
   -0.08865
    0.18121
   -0.17004
    0.17174
   -0.25968
    0.06570
   -0.05892
   -0.00037
   -0.05817
    0.12412
   -0.01864
    0.03331
   -0.05010
    0.01759
   -0.01422
    0.02557
   -0.06117
    0.07644
   -0.13320
    0.09199
   -0.09218
    0.07191
   -0.06317
    0.13619
   -0.09491
   -0.00909
   -0.07511
    0.08403
   -0.04395
    0.00427
   -0.08550
    0.07319
   -0.09566
   -0.03102
   -0.32896
    0.22172
   -0.44250
   -0.01786
   -0.07384
    0.05636
   -0.08277
    0.08210
   -0.02783
    0.03942
    0.00743
   -0.02880
   -0.12205
    0.02626
   -0.00837
    0.05042
   -0.04162
    0.01166
   -0.10149
    0.05804
   -0.04445
    0.08191
   -0.13623
    0.06322
   -0.07386
    0.06539
   -0.08499
    0.04822
   -0.12443
    0.09533
   -0.18146
    0.08677
   -0.00473
    0.09465
   -0.08681
    0.01633
   -0.02738
    0.04080
   -0.12948
    0.15685
   -0.02448
    0.05986
   -0.04005
   -0.00910
   -0.02560
    0.01086
   -0.04026
    0.05830
   -0.08585
    0.14934
   -0.05832
   -0.00124
   -0.03813
    0.13316
   -0.11556
    0.05021
   -0.05178
    0.11317
   -0.04622
   -0.01267
    0.02617
   -0.05212
    0.11299
   -0.07771
   -0.00262
    0.06849
   -0.05601
    0.00568
   -0.06530
    0.03117
   -0.11930
    0.17418
   -0.03285
    0.08298
    0.00949
   -0.07029
   -0.03750
   -0.00191
    0.02593
   -0.00469
   -0.04544
    0.04954
   -0.10995
    0.05590
   -0.02101
    0.04933
   -0.09975
    0.09680
   -0.06434
    0.07693
   -0.04346
    0.01897
   -0.04086
    0.00713
   -0.02620
    0.03596
    0.02992
    0.02812
   -0.07013
    0.08004
    0.01973
   -0.04885
   -0.06003
    0.12893
    0.01708
    0.01009
   -0.05141
    0.02880
    0.03983
   -0.05676
   -0.01892
    0.11673
   -0.06755
    0.07421
   -0.00875
   -0.00592
   -0.06392
    0.13555
   -0.08364
    0.03302
   -0.05076
    0.04572
   -0.03765
    0.03270
    0.07151
   -0.02689
   -0.00957
    0.03012
    0.05932
   -0.03218
   -0.04787
    0.09120
   -0.03073
   -0.05945
   -0.03469
    0.13170
    0.00036
   -0.01929
    0.02027
    0.00848
   -0.06098
   -0.07143
    0.06543
    0.06932
    0.42616
   -0.16810
   -0.13671
   -0.06231
    0.10730
   -0.00798
   -0.14329
    0.14648
    0.43700
   -0.30001
   -0.30916
   -0.19549
    0.21509
   -0.04201
   -0.11828
    0.14453
    0.07293
    0.01514
   -0.11691
    0.11150
    0.00038
   -0.00157
   -0.12147
    0.19290
    0.02822
    0.02680
   -0.05416
    0.03335
    0.02430
   -0.05287
   -0.03931
    0.16349
   -0.02704
    0.07481
   -0.04295
    0.02385
   -0.03317
    0.13080
   -0.08943
    0.06237
   -0.03915
    0.07713
   -0.03001
   -0.00004
    0.06217
   -0.07236
    0.10039
   -0.07998
    0.02572
    0.00338
   -0.02450
    0.00517
   -0.03719
    0.01633
   -0.10637
    0.20488
   -0.03470
    0.02973
    0.03939
   -0.04575
   -0.03473
   -0.03833
   -0.02288
    0.09699
    0.00897
   -0.00053
   -0.14628
    0.15177
   -0.03350
    0.06071
   -0.13643
    0.19883
   -0.07155
    0.01988
   -0.02830
    0.10089
   -0.03351
   -0.02507
   -0.07618
    0.15284
   -0.02950
    0.12245
   -0.09800
    0.01957
   -0.03825
   -0.01950
   -0.19130
    0.23459
   -0.04053
    0.08987
   -0.07070
   -0.01670
   -0.00970
   -0.01221
   -0.04454
    0.08653
   -0.05396
    0.17837
   -0.15300
    0.06511
   -0.03051
    0.09372
   -0.08594
    0.04387
   -0.06249
    0.09163
   -0.03599
    0.00294
    0.00952
    0.01785
   -0.01457
   -0.01579
    0.04311
    0.09533
   -0.14881
    0.05144
   -0.05094
   -0.00859
   -0.15622
    0.21301
   -0.01560
    0.05838
   -0.02985
   -0.03761
   -0.12398
   -0.01542
    0.05148
    0.04257
    0.01910
    0.04378
   -0.22671
    0.10654
   -0.04956
    0.04393
   -0.13116
    0.13903
    0.05986
    0.03583
   -0.11990
   -0.01328
   -0.04046
    0.02805
   -0.12913
    0.13747
    0.00675
    0.15984
   -0.16105
    0.05266
   -0.05333
   -0.00479
   -0.05803
    0.12923
    0.06066
    0.03195
   -0.08424
   -0.03806
   -0.02712
    0.04759
   -0.10060
    0.05346
   -0.07347
    0.08799
   -0.02809
    0.00061
   -0.05432
    0.09812
   -0.08480
    0.04399
   -0.05418
    0.05165
    0.00228
   -0.01272
   -0.03558
   -0.09106
    0.15965
   -0.10299
   -0.02546
    0.05595
   -0.02457
   -0.02854
   -0.03751
   -0.05348
   -0.08583
    0.14860
    0.02486
    0.02062
   -0.01462
   -0.04630
   -0.14856
    0.01893
    0.02374
    0.04551
   -0.01458
    0.10318
   -0.15657
    0.01870
   -0.04902
    0.03259
   -0.08625
    0.12262
   -0.02132
    0.04559
   -0.02975
   -0.03190
   -0.02966
   -0.00598
   -0.02016
    0.04343
    0.06581
    0.02056
   -0.10765
    0.13983
    0.05067
   -0.04605
   -0.11235
    0.15597
    0.13370
   -0.04266
   -0.01428
   -0.05310
    0.09260
   -0.04919
   -0.07019
    0.17957
   -0.00160
    0.04342
   -0.08044
    0.05904
   -0.10745
    0.07846
   -0.13067
    0.12810
   -0.01730
    0.01587
   -0.05936
    0.07559
    0.14779
   -0.07118
    0.00750
    0.10324
    0.05805
   -0.03624
   -0.02760
    0.06560
   -0.01467
   -0.07286
   -0.09272
    0.17788
    0.06624
   -0.06743
    0.02279
    0.00907
   -0.05285
   -0.09056
    0.06953
    0.16939
    0.21586
   -0.07790
   -0.01180
    0.04249
    0.00789
   -0.00428
   -0.19629
    0.21990
    0.23611
   -0.09141
   -0.13383
    0.04595
    0.13665
   -0.03705
   -0.13461
    0.16081
    0.03639
    0.05223
   -0.13867
    0.11861
    0.06390
    0.00740
   -0.15986
    0.15644
    0.10490
    0.01291
   -0.08809
   -0.03561
    0.04508
   -0.01064
   -0.09451
    0.16033
   -0.06191
    0.07055
   -0.08318
    0.11244
   -0.02650
    0.08392
   -0.15501
    0.16437
   -0.01127
    0.04345
   -0.07327
    0.02793
    0.08398
   -0.08420
    0.05269
    0.02303
   -0.02752
    0.02736
   -0.02448
    0.02515
   -0.01606
   -0.02140
   -0.12007
    0.20764
   -0.00767
   -0.01030
    0.04039
   -0.01907
   -0.07390
   -0.02526
   -0.03491
    0.15185
   -0.01347
    0.03661
   -0.18972
    0.15482
   -0.03198
    0.03608
   -0.13660
    0.21125
   -0.03026
    0.01386
   -0.07861
    0.08769
    0.04488
    0.00452
   -0.11628
    0.14057
   -0.03827
    0.16153
   -0.19615
    0.02460
   -0.06990
   -0.01676
   -0.11813
    0.18789
    0.02731
    0.00401
   -0.02888
   -0.00661
   -0.04056
   -0.03110
   -0.04330
    0.12680
   -0.08579
    0.11834
   -0.06609
    0.02157
   -0.10517
    0.10484
   -0.09776
    0.05570
   -0.08241
    0.08867
   -0.06308
    0.04628
   -0.02784
    0.01824
   -0.01596
   -0.00672
   -0.03693
    0.11909
   -0.15812
   -0.01352
   -0.04690
   -0.04753
   -0.08897
    0.15957
    0.01333
   -0.01920
    0.03391
   -0.01378
   -0.14300
   -0.04133
    0.06757
    0.06915
    0.01148
    0.01190
   -0.08222
    0.03443
   -0.07753
    0.04164
   -0.12408
    0.12726
   -0.03658
    0.03792
   -0.06431
    0.03476
   -0.08589
   -0.01905
   -0.12546
    0.12137
