IntronPotTab 1 1024 -8.63899 0.51475 3.43605 68511 6 16   53.40
   -0.01889
    0.04727
   -0.08296
    0.04840
   -0.08751
    0.02646
   -0.02947
    0.09102
   -0.05212
    0.05516
   -0.03927
    0.04100
   -0.01981
    0.02743
   -0.05959
    0.05190
   -0.04001
    0.05607
   -0.10240
    0.06524
   -0.04889
    0.02368
   -0.02977
    0.04607
   -0.02170
    0.03140
   -0.06303
    0.04365
    0.04073
   -0.00283
   -0.01827
   -0.00547
   -0.03892
    0.03615
   -0.03694
    0.04811
   -0.06478
   -0.01108
   -0.05710
    0.10716
   -0.04362
    0.07443
   -0.01149
   -0.02021
   -0.04875
   -0.00180
   -0.01726
    0.05703
   -0.02960
    0.03270
   -0.11611
    0.05524
   -0.04117
   -0.00166
   -0.04975
    0.07868
   -0.02822
    0.05571
   -0.07249
    0.03917
   -0.02808
    0.02872
   -0.06955
    0.04612
   -0.01518
    0.01348
   -0.10058
    0.09813
   -0.06376
   -0.01268
   -0.02739
    0.09762
   -0.02382
    0.02816
   -0.08663
    0.06859
   -0.02753
   -0.00510
   -0.06281
    0.08763
    0.02941
   -0.00145
   -0.13226
    0.07431
   -0.04280
    0.01832
   -0.06975
    0.07374
   -0.01092
   -0.00086
   -0.10662
    0.08473
    0.03025
   -0.01055
   -0.09506
    0.07015
    0.00828
   -0.01266
   -0.08125
    0.08889
   -0.04496
   -0.04701
   -0.05876
    0.13825
   -0.02347
    0.00748
   -0.05059
    0.05746
   -0.03999
   -0.04241
   -0.04165
    0.11031
    0.22675
   -0.09772
   -0.15650
   -0.00926
    0.05995
   -0.05353
   -0.08447
    0.05891
    0.21041
   -0.08765
   -0.18044
   -0.04063
    0.07535
   -0.04761
   -0.07287
    0.07975
    0.00797
    0.02435
   -0.07551
    0.06147
   -0.05677
    0.00789
   -0.07272
    0.12335
   -0.03538
    0.03342
   -0.05735
    0.07038
   -0.02194
   -0.00308
   -0.05590
    0.09630
   -0.01354
    0.01806
   -0.10650
    0.09516
   -0.02984
    0.01752
   -0.05175
    0.05454
   -0.03260
    0.01319
   -0.06561
    0.07979
    0.06695
   -0.02521
   -0.03254
    0.02064
   -0.00512
    0.01906
   -0.07712
    0.07010
   -0.06200
   -0.02246
   -0.08057
    0.13908
   -0.01024
    0.00066
   -0.06080
    0.06159
   -0.07802
    0.00565
   -0.03387
    0.09206
   -0.01762
   -0.01204
   -0.09731
    0.09179
   -0.03647
   -0.00976
   -0.05617
    0.09578
   -0.02595
    0.02635
   -0.06429
    0.06401
   -0.01177
   -0.02376
   -0.03848
    0.07168
   -0.02755
    0.08705
   -0.15828
    0.05534
   -0.09745
   -0.01154
   -0.04933
    0.13252
   -0.05506
    0.07133
   -0.08547
    0.04589
   -0.03812
    0.02878
   -0.08790
    0.07260
   -0.06084
    0.07731
   -0.14902
    0.08274
   -0.04624
    0.03941
   -0.06895
    0.05402
   -0.05006
    0.03272
   -0.07161
    0.06489
    0.00470
    0.03023
   -0.07787
    0.03131
   -0.01459
    0.04722
   -0.12195
    0.06305
   -0.06604
   -0.04169
   -0.05850
    0.13109
   -0.03006
    0.03247
   -0.06380
    0.05005
   -0.08025
   -0.00131
   -0.02732
    0.08314
    0.04063
    0.01420
   -0.16305
    0.04556
   -0.03085
   -0.01779
   -0.05248
    0.08002
    0.03227
    0.00865
   -0.07237
    0.01572
    0.01067
    0.02088
   -0.09267
    0.05068
   -0.03591
    0.04925
   -0.08660
    0.07339
   -0.09762
    0.03175
   -0.05230
    0.11740
   -0.05943
    0.04288
   -0.04705
    0.06436
   -0.02843
    0.03991
   -0.09082
    0.08757
   -0.04094
    0.07048
   -0.14470
    0.08783
   -0.06289
    0.05938
   -0.06523
    0.06407
   -0.02725
    0.03380
   -0.10156
    0.07805
   -0.00769
    0.03094
   -0.07363
    0.04609
   -0.01369
    0.02468
   -0.04473
    0.03591
   -0.07209
    0.02416
   -0.07269
    0.11052
   -0.03295
    0.04722
   -0.02827
    0.01019
   -0.03785
    0.02820
   -0.06907
    0.07664
   -0.01327
    0.01244
   -0.15471
    0.08257
   -0.07089
    0.03172
   -0.07120
    0.09535
   -0.03289
    0.06484
   -0.09728
    0.04879
   -0.03180
    0.03481
   -0.10640
    0.07921
    0.00765
    0.01075
   -0.09980
    0.08165
   -0.03478
   -0.00820
   -0.09552
    0.10927
   -0.01885
    0.02785
   -0.10124
    0.07284
   -0.02448
    0.00753
   -0.10216
    0.09913
   -0.01519
    0.03261
   -0.16179
    0.10458
   -0.08475
    0.05539
   -0.09545
    0.09773
   -0.03260
    0.00299
   -0.12708
    0.11587
   -0.01212
   -0.00461
   -0.10685
    0.08877
    0.01104
   -0.01638
   -0.07162
    0.08722
   -0.02478
   -0.01379
   -0.12099
    0.13807
   -0.04358
    0.02247
   -0.07796
    0.08398
   -0.05273
   -0.02041
   -0.06537
    0.11696
    0.08563
   -0.02845
   -0.16100
    0.06127
   -0.01455
   -0.03072
   -0.08076
    0.12001
    0.06772
   -0.02678
   -0.12874
    0.07047
    0.02493
   -0.03444
   -0.09536
    0.12509
    0.02512
    0.02057
   -0.14089
    0.12382
   -0.03332
    0.02464
   -0.11751
    0.15204
   -0.01018
   -0.00896
   -0.08041
    0.11323
   -0.00063
    0.00616
   -0.10183
    0.13737
   -0.02552
    0.01387
   -0.13991
    0.13321
   -0.00342
    0.03073
   -0.10520
    0.08245
   -0.05151
    0.01545
   -0.14010
    0.13363
    0.05358
   -0.01374
   -0.05350
    0.04858
    0.00483
   -0.00057
   -0.09203
    0.09563
   -0.02482
    0.01089
   -0.11573
    0.15514
   -0.02054
    0.00091
   -0.07278
    0.08914
   -0.03357
   -0.00251
   -0.07662
    0.13199
   -0.00145
   -0.04252
   -0.12213
    0.12758
   -0.02071
    0.01328
   -0.11622
    0.13083
   -0.05274
    0.01293
   -0.08897
    0.11003
    0.01301
   -0.03249
   -0.08701
    0.12257
   -0.07643
    0.13503
   -0.26909
    0.08303
   -0.08062
    0.02394
   -0.07585
    0.10554
   -0.03883
    0.05869
   -0.07466
    0.03750
   -0.03855
    0.02505
   -0.10561
    0.09404
   -0.07741
    0.07164
   -0.19439
    0.12096
   -0.04943
    0.07020
   -0.09874
    0.04633
   -0.07426
    0.03635
   -0.09244
    0.09665
    0.00344
    0.02149
   -0.09132
    0.05233
   -0.12276
    0.16647
   -0.24378
    0.09046
   -0.07054
    0.03055
   -0.07400
    0.09415
   -0.03445
    0.04856
   -0.08473
    0.05760
   -0.06604
    0.01517
   -0.05604
    0.08586
   -0.03791
    0.02194
   -0.17623
    0.08244
   -0.04121
    0.02935
   -0.09143
    0.07656
   -0.03905
    0.03571
   -0.06705
    0.05991
   -0.02144
    0.02026
   -0.11345
    0.09864
   -0.03667
    0.06209
   -0.08699
    0.06420
   -0.07372
    0.04061
   -0.04367
    0.08554
   -0.04963
    0.07684
   -0.07935
    0.07083
   -0.02587
    0.02051
   -0.05902
    0.07399
   -0.03535
    0.05494
   -0.09908
    0.06194
   -0.03004
    0.03141
   -0.03992
    0.03574
   -0.04493
    0.04080
   -0.05048
    0.06255
    0.01733
   -0.01188
   -0.00562
    0.00659
   -0.03123
    0.05663
   -0.06271
    0.04483
   -0.07834
    0.01375
   -0.08199
    0.12284
   -0.03521
    0.03826
   -0.03953
    0.04721
   -0.03833
   -0.00517
   -0.02070
    0.05552
   -0.05180
    0.04962
   -0.14077
    0.07401
   -0.03267
    0.00287
   -0.03612
    0.06078
   -0.04277
    0.06013
   -0.06964
    0.05650
   -0.01718
    0.01395
   -0.06321
    0.05545
    0.00565
    0.00457
   -0.09273
    0.08992
   -0.02647
   -0.01611
   -0.07983
    0.11414
   -0.03119
    0.01775
   -0.09507
    0.10487
   -0.00282
   -0.02047
   -0.07533
    0.09725
   -0.00197
    0.06738
   -0.14139
    0.04996
   -0.03238
    0.05018
   -0.08723
    0.06119
   -0.01323
   -0.01250
   -0.09197
    0.09011
    0.04866
   -0.01346
   -0.10914
    0.07676
    0.01155
   -0.02464
   -0.08714
    0.10463
   -0.04645
   -0.00476
   -0.10257
    0.14118
   -0.01047
   -0.00195
   -0.08458
    0.08954
   -0.01394
   -0.05720
   -0.05875
    0.12378
    0.22873
   -0.10011
   -0.17410
   -0.01138
    0.09648
   -0.05972
   -0.12961
    0.06513
    0.21218
   -0.11038
   -0.14752
   -0.04378
    0.14421
   -0.06864
   -0.09265
    0.08674
    0.02567
    0.03467
   -0.10387
    0.06691
   -0.05184
    0.01782
   -0.07086
    0.11928
   -0.02951
    0.05819
   -0.07858
    0.08632
   -0.00891
   -0.01090
   -0.05285
    0.09225
   -0.01773
    0.04461
   -0.10623
    0.07449
   -0.02473
    0.00404
   -0.04973
    0.06643
   -0.03033
    0.03012
   -0.08911
    0.09275
    0.04458
   -0.00764
   -0.03825
    0.02364
   -0.01374
    0.01991
   -0.09579
    0.09305
   -0.06344
   -0.00103
   -0.08612
    0.14257
   -0.05190
    0.03098
   -0.03290
    0.06081
   -0.04794
   -0.00254
   -0.03712
    0.08314
   -0.05134
    0.02215
   -0.09643
    0.07912
   -0.03603
   -0.01039
   -0.06028
    0.10521
   -0.04887
    0.02906
   -0.04465
    0.06966
   -0.03511
   -0.01498
   -0.07942
    0.10778
   -0.00903
    0.10516
   -0.18877
    0.08244
   -0.07155
    0.01138
   -0.11768
    0.14103
   -0.02669
    0.08213
   -0.08803
    0.01559
   -0.04027
    0.03652
   -0.09616
    0.08763
   -0.03392
    0.07189
   -0.14370
    0.08007
   -0.04102
    0.03502
   -0.09604
    0.07674
   -0.05806
    0.03053
   -0.07118
    0.07814
    0.01946
    0.02906
   -0.08059
    0.03093
   -0.01775
    0.07485
   -0.17572
    0.09818
   -0.06041
   -0.02701
   -0.14140
    0.16626
   -0.04413
    0.08234
   -0.10613
    0.04238
   -0.06248
   -0.01538
   -0.02687
    0.08040
    0.02815
   -0.00427
   -0.15496
    0.07441
   -0.02651
   -0.02665
   -0.07068
    0.09674
    0.01379
    0.02899
   -0.08224
    0.02799
    0.01204
    0.01035
   -0.09955
    0.08032
   -0.05862
    0.08696
   -0.11610
    0.06264
   -0.08500
    0.04371
   -0.03330
    0.07564
   -0.01708
    0.07104
   -0.07975
    0.00837
   -0.05895
    0.05154
   -0.05566
    0.05641
   -0.06292
    0.07759
   -0.13903
    0.08583
   -0.04637
    0.04948
   -0.04743
    0.03549
   -0.03666
    0.05211
   -0.08929
    0.05060
   -0.03086
    0.03074
   -0.01129
    0.00126
   -0.02472
    0.03900
   -0.07491
    0.05263
   -0.06038
   -0.00807
   -0.08493
    0.12052
   -0.02216
    0.05777
   -0.02831
   -0.01100
   -0.05792
    0.01707
   -0.05112
    0.08843
   -0.03246
    0.03334
   -0.14158
    0.06038
   -0.06594
    0.02131
   -0.06549
    0.08707
   -0.03596
    0.06681
   -0.05390
    0.01017
   -0.05267
    0.02714
   -0.06273
    0.05435
    0.00732
    0.01576
   -0.11723
    0.09144
   -0.04463
   -0.00996
   -0.08018
    0.11014
   -0.03620
    0.02094
   -0.08146
    0.08247
    0.00336
   -0.03903
   -0.07064
    0.10508
   -0.02470
    0.03436
   -0.15981
    0.10964
   -0.07111
    0.02848
   -0.09044
    0.09941
   -0.05169
    0.00014
   -0.11882
    0.12862
    0.04265
   -0.03103
   -0.09138
    0.08465
    0.00432
   -0.02150
   -0.08825
    0.10846
   -0.03425
   -0.02765
   -0.12353
    0.15451
   -0.03481
   -0.00263
   -0.06639
    0.09530
   -0.03330
   -0.06937
   -0.03404
    0.13787
    0.13117
   -0.07031
   -0.15384
    0.05748
    0.03525
   -0.04976
   -0.10012
    0.09847
    0.11223
   -0.03909
   -0.12774
    0.03281
    0.08745
   -0.06364
   -0.09602
    0.12391
    0.01278
    0.05616
   -0.14055
    0.08122
   -0.07348
    0.02725
   -0.04414
    0.09215
    0.00213
    0.03624
   -0.07549
    0.03324
   -0.01372
    0.01274
   -0.08564
    0.10430
   -0.03039
    0.04322
   -0.15147
    0.11347
   -0.03534
    0.01622
   -0.06391
    0.07350
   -0.02757
    0.00466
   -0.08616
    0.09387
    0.03234
    0.00540
   -0.05589
    0.03687
   -0.01625
    0.01361
   -0.08111
    0.07859
   -0.07314
   -0.02017
   -0.05516
    0.12971
   -0.02228
    0.01398
   -0.04844
    0.05189
   -0.04544
   -0.00987
   -0.06066
    0.11597
   -0.04535
    0.00554
   -0.13608
    0.10652
   -0.05865
   -0.00268
   -0.06489
    0.11415
   -0.05077
    0.02415
   -0.04637
    0.06645
   -0.01836
   -0.00196
   -0.08079
    0.09315
   -0.04610
    0.09588
   -0.19159
    0.06662
   -0.09198
   -0.00349
   -0.04892
    0.10844
   -0.06305
    0.05692
   -0.05707
    0.04882
   -0.06458
    0.02382
   -0.06501
    0.06885
   -0.05907
    0.06262
   -0.16851
    0.10929
   -0.06379
    0.03892
   -0.08519
    0.07193
   -0.04639
    0.01761
   -0.11051
    0.09977
    0.03320
    0.01009
   -0.07351
    0.02950
   -0.05457
    0.09512
   -0.16242
    0.07676
   -0.07539
   -0.02678
   -0.07762
    0.13203
   -0.04170
    0.02921
   -0.05640
    0.06155
   -0.09943
   -0.01007
   -0.02401
    0.09127
   -0.02455
    0.03948
   -0.17733
    0.06286
   -0.04678
   -0.02982
   -0.05247
    0.09056
   -0.02128
    0.03883
   -0.07162
    0.04539
   -0.02817
    0.00665
   -0.08490
    0.07623
