IntronPotTab 1 1024 -12.99701 0.79487 10.24822 4169 6 16   53.72
   -0.07984
   -0.11731
   -0.48976
    0.17121
    0.02636
    0.01406
   -0.32917
    0.04197
   -0.25409
   -0.10703
    0.04246
    0.15898
    0.12977
   -0.37767
   -0.44711
    0.09134
   -0.04556
    0.04613
   -0.19604
    0.10554
   -0.02211
    0.20075
   -0.32602
   -0.06867
   -0.10331
    0.03755
    0.07883
    0.02431
    0.28851
   -0.21100
   -0.40138
   -0.08647
   -0.24959
   -0.03291
    0.17183
    0.10536
    0.13135
    0.03941
   -0.78212
   -0.03382
   -0.24925
    0.06458
    0.44678
   -0.40383
    0.22867
   -0.51492
   -0.22346
   -0.00548
   -0.05741
    0.04299
    0.06196
    0.01551
    0.03072
   -0.01446
   -0.22136
    0.03170
   -0.07635
   -0.16537
   -0.05569
    0.12479
    0.19179
   -0.27998
   -0.33756
   -0.02800
   -0.07117
   -0.08922
   -0.60890
    0.23852
    0.06771
   -0.17181
   -0.50038
    0.06149
   -0.35794
   -0.16692
   -0.55057
    0.30785
    0.16418
   -0.25505
   -0.51838
    0.06000
   -0.03755
   -0.00256
   -0.25219
    0.17310
   -0.17864
    0.24797
   -0.16120
    0.02852
   -0.27431
    0.01631
   -0.30301
    0.22368
    0.24759
   -0.21692
   -0.53953
    0.05809
   -0.07900
   -0.28502
    0.09856
    0.11700
   -0.01095
   -0.08541
   -0.55479
    0.14095
   -0.09289
   -0.39331
    0.13070
    0.12279
    0.21321
   -0.25620
   -0.26584
    0.00448
   -0.13599
   -0.04546
   -0.07481
    0.14914
    0.03829
   -0.00330
   -0.66659
    0.07825
   -0.15069
   -0.11677
   -0.24160
    0.24106
    0.36815
   -0.46775
   -0.49690
   -0.04386
    0.04664
   -0.30794
   -0.48832
    0.19822
   -0.13883
   -0.26398
   -0.70660
    0.24050
   -0.30167
   -0.20115
    0.05882
    0.16649
    0.25064
   -0.46627
   -0.51555
    0.00995
   -0.02120
    0.08734
   -0.02588
   -0.02078
   -0.25856
    0.16193
   -0.86923
    0.16930
    0.04428
    0.05544
   -0.04707
   -0.04626
    0.35394
    0.09069
   -0.57684
   -0.30449
   -0.01211
   -0.18159
    0.08973
    0.00293
   -0.40318
    0.02006
   -0.40493
    0.22783
   -0.00298
   -0.31776
    0.31378
   -0.18572
    0.37220
   -0.29687
   -0.24741
   -0.46055
   -0.25559
   -0.04965
    0.27175
    0.00005
   -0.00789
   -0.02815
   -0.40835
    0.11209
   -0.19248
   -0.46171
   -0.02407
    0.20009
    0.39438
   -0.54453
   -0.48614
   -0.27209
   -0.07833
   -0.00985
   -0.24184
    0.11350
   -0.10305
    0.10234
   -0.56786
    0.09495
   -0.26181
    0.06426
   -0.44009
    0.18464
    0.14107
   -0.26269
   -0.42687
    0.01410
    0.04285
    0.09098
   -0.37895
    0.04024
   -0.04765
    0.18537
   -0.37027
    0.00876
   -0.12549
   -0.01128
   -0.15944
    0.16262
    0.29005
   -0.17302
   -0.41896
   -0.08314
   -0.05378
   -0.10666
   -0.25285
    0.17185
   -0.06676
    0.00831
   -0.44941
    0.12543
   -0.08145
   -0.03823
   -0.11288
    0.13806
    0.12846
   -0.33176
   -0.04982
   -0.01387
   -0.07911
   -0.02630
    0.03620
    0.06095
    0.01334
    0.00856
   -0.37542
    0.04819
    0.00174
   -0.11462
   -0.15284
    0.09966
    0.17036
   -0.20786
   -0.35950
    0.00754
    0.00701
   -0.19036
   -0.43537
    0.15950
   -0.08133
    0.05508
   -0.46101
    0.12362
   -0.06764
    0.36575
   -0.27501
   -0.04366
    0.01652
   -0.19822
   -0.43408
    0.14202
   -0.18821
    0.07620
   -0.11003
    0.13135
   -0.04541
    0.05124
    0.04033
    0.01213
    0.05993
   -0.11078
    0.19472
   -0.19874
    0.21459
   -0.07259
   -0.46291
   -0.02829
   -0.22349
   -0.00234
   -0.21709
    0.25374
    0.16675
   -0.27559
   -0.82110
    0.05059
   -0.15862
   -0.16065
    0.44053
   -0.24038
    0.09353
   -0.27296
   -0.65286
    0.15204
   -0.04917
   -0.03000
    0.06027
    0.03261
   -0.06825
    0.17576
   -0.73769
    0.08146
   -0.02742
   -0.17750
    0.01925
    0.06071
    0.10497
   -0.14827
   -0.38287
    0.05939
   -0.03830
   -0.14699
   -0.19486
    0.19228
    0.02279
   -0.08503
   -0.47337
    0.09445
   -0.10858
   -0.05184
   -0.18654
    0.17430
    0.15839
   -0.39390
   -0.39446
    0.09410
   -0.06348
   -0.00073
   -0.14170
    0.15167
   -0.27688
   -0.08590
    0.01182
    0.16263
    0.18289
   -0.11196
   -0.05572
   -0.21758
    0.12579
   -0.17979
   -0.50973
    0.12105
   -0.15105
   -0.16315
    0.00813
    0.18616
   -0.17994
   -0.14256
   -0.19055
    0.21168
   -0.19269
   -5.00000
    0.50474
   -0.20366
    0.18308
   -0.47047
   -0.12816
    0.00446
   -0.00744
   -0.12739
    0.04033
    0.05797
   -0.10078
   -0.13085
   -0.39903
    0.22642
    0.13007
   -0.23509
   -0.08035
   -0.05526
    0.35352
   -0.42690
   -0.51851
   -0.09201
    0.01740
   -0.22047
   -0.05597
    0.10302
   -0.13868
   -0.20014
   -0.16359
    0.22823
    0.07911
   -0.42957
   -0.05614
    0.04399
   -0.04828
    0.40923
   -0.35375
   -0.06673
   -0.11657
   -0.12220
   -0.36726
    0.30452
    0.09645
   -0.43517
   -0.76463
    0.13285
   -0.18517
    0.13334
    0.01091
    0.05614
    0.25615
   -0.23393
   -0.44204
    0.06068
   -0.02247
   -0.20795
    0.23066
   -0.19049
   -0.41254
    0.27833
   -0.15941
    0.09863
   -0.33881
   -0.27539
    0.50373
   -0.29775
   -0.33658
   -0.42670
    0.33762
   -0.14912
    0.19567
   -0.32362
   -0.10267
   -0.12325
   -0.07602
    0.04626
   -0.12459
    0.11837
    0.14354
   -0.28399
   -0.11744
   -0.01992
    0.28576
   -0.40238
   -0.34515
   -0.05102
   -0.09407
    0.00725
   -0.28352
    0.15491
   -0.16353
    0.00913
   -0.57367
    0.17795
   -0.04919
   -0.14640
   -0.16746
    0.13108
    0.08467
   -0.26321
   -0.40567
    0.09647
   -0.13714
    0.17951
   -0.15643
    0.12344
   -0.17762
    0.37024
   -0.15554
   -0.08187
    0.04068
   -0.30394
    0.18368
   -0.09303
    0.24041
   -0.12167
   -0.44376
   -0.02014
   -0.13231
   -0.03042
    0.00613
    0.13421
   -0.03542
   -0.58470
   -0.07729
    0.17728
    0.02120
   -0.38716
    0.20266
   -0.05555
    0.10403
   -0.22261
   -0.07842
    0.00030
    0.00240
   -0.12072
    0.16419
   -0.05190
   -0.11725
    0.14835
   -0.43127
    0.07809
    0.01880
    0.16389
   -0.03061
   -0.08680
    0.18395
   -0.06927
   -0.36435
   -0.02788
   -0.01101
   -0.24571
   -0.11426
    0.13321
   -0.10983
    0.07410
   -0.48832
    0.13026
   -0.11411
    0.18964
    0.11895
   -0.06861
    0.16383
   -0.45772
   -0.30670
    0.09012
   -0.19527
    0.04202
   -0.07976
    0.17850
    0.05119
    0.01484
   -0.01736
   -0.08175
   -0.27618
   -0.27122
    0.25779
    0.14040
    0.36681
   -0.39664
   -0.38930
   -0.10369
   -0.20190
   -0.07905
    0.28328
    0.00410
   -0.34472
   -0.45499
   -0.38339
    0.32325
   -0.09229
   -0.55213
    0.49262
   -0.34380
    0.28342
   -0.50910
   -0.45880
   -0.03592
   -0.10368
   -0.04065
    0.05254
    0.10120
    0.11046
   -0.01659
   -0.27558
   -0.07431
   -0.12644
   -0.09263
   -0.06384
    0.18898
    0.21806
   -0.11338
   -0.22591
   -0.06044
   -0.23819
    0.20474
   -0.07719
    0.10992
   -0.18331
    0.19226
   -0.46786
    0.06288
   -0.22611
    0.49614
   -1.00749
   -0.11112
    0.14565
   -0.26710
   -0.45793
    0.08432
    0.06589
   -0.01653
   -0.48116
    0.12232
   -0.21333
    0.28847
    0.10145
   -0.01601
   -0.50996
   -0.21839
    0.22286
    0.17848
    0.20831
   -0.37069
   -0.76253
    0.16464
   -0.01663
    0.01085
    0.01682
    0.00044
   -0.38852
   -0.17898
   -0.15067
    0.25164
   -0.23480
   -0.58206
    0.39600
    0.01933
    0.27253
   -0.13284
   -5.00000
   -0.00856
   -0.07980
   -0.07895
   -0.19639
    0.17389
   -0.49416
    0.33751
   -0.74637
   -0.03525
   -0.20103
    0.04581
   -0.16596
    0.20843
    0.28128
   -0.39773
    0.09939
   -0.22111
    0.10527
   -0.20438
   -0.64724
    0.14458
   -0.32172
    0.15300
   -1.07593
    0.19272
   -0.34208
    0.33706
   -0.65870
    0.15664
    0.03422
   -0.38271
   -0.42547
    0.18794
   -0.22135
   -0.27203
    0.09733
    0.20350
   -0.25110
   -0.02752
   -0.98023
    0.25500
   -0.29581
    0.04016
    0.00691
    0.14808
    0.17789
   -0.42137
   -0.56750
    0.21070
   -0.43251
   -0.09088
    0.37682
   -0.03736
   -0.42362
   -0.03401
   -5.00000
    0.30000
   -0.20227
    0.06003
   -0.10743
    0.15931
    0.21994
   -0.23374
   -0.32520
   -0.03956
   -0.40256
    0.05188
    0.30164
    0.04299
   -0.12188
    0.13945
   -0.38511
    0.09463
   -0.37135
    0.50903
   -0.15219
   -0.01226
    0.22632
   -0.03746
   -0.21719
   -0.12514
   -0.00415
   -0.10494
   -0.38840
    0.13272
   -0.19494
   -0.01927
   -0.67432
    0.20083
   -0.28534
   -0.16143
   -0.43088
    0.23149
    0.16561
   -0.46860
   -0.38501
    0.04298
   -0.16488
    0.08331
   -0.19127
    0.19058
   -0.23280
    0.22994
   -0.01409
    0.06915
   -0.11417
    0.03665
   -0.35317
    0.17614
    0.26525
   -0.54138
   -0.35230
    0.07592
    0.00938
   -0.10060
   -0.20761
    0.11083
   -0.03615
   -0.59899
   -0.47733
    0.24685
   -0.01305
   -0.54961
   -0.27331
    0.18246
    0.11631
   -0.30414
   -0.20832
    0.03045
   -0.04390
   -0.11349
   -0.06648
    0.11367
   -0.13035
    0.13367
   -0.25987
    0.06673
    0.02911
   -0.27615
   -0.06542
    0.06792
    0.18971
   -0.19509
   -0.28844
   -0.00012
   -0.06493
   -0.12573
   -0.40056
    0.16829
   -0.10785
    0.03803
   -0.35327
    0.13713
   -0.07522
   -0.09062
   -0.08227
    0.13280
   -0.00766
   -0.23927
   -0.45341
    0.14678
   -0.13231
    0.16028
   -0.10820
    0.03959
   -0.10449
    0.25278
   -0.31501
   -0.00747
   -0.31222
    0.05900
    0.28099
   -0.07549
    0.14474
   -0.09916
   -0.32919
    0.01972
   -0.23748
    0.11492
   -0.06728
    0.17623
   -0.34456
    0.13672
   -0.69800
    0.20559
   -0.27932
    0.04578
    0.07908
    0.12998
   -0.07052
   -0.17993
   -0.54259
    0.22400
   -0.13421
    0.09310
   -0.02795
    0.06129
   -0.08621
    0.11142
   -0.63170
    0.12452
   -0.07994
    0.00104
   -0.07613
    0.10388
    0.00216
   -0.10655
   -0.30661
    0.10226
   -0.06575
   -0.00426
   -0.45578
    0.20854
    0.00029
   -0.09151
   -0.31476
    0.10202
   -0.20452
   -0.12871
   -0.41261
    0.29258
    0.13299
   -0.31901
   -0.36284
    0.11454
   -0.09513
    0.14895
   -0.26488
    0.12622
   -0.24616
    0.15851
   -0.28597
    0.16782
   -0.15226
   -0.07149
    0.14590
    0.05919
    0.27764
   -0.18556
   -0.39640
    0.03064
    0.01612
   -0.01385
   -0.34614
    0.14823
   -0.22007
   -0.08331
    0.15560
    0.19943
   -0.06427
   -0.54509
    0.24531
    0.02111
    0.20834
   -0.45498
   -0.17300
    0.05328
   -0.13068
   -0.02294
   -0.00633
    0.13767
   -0.05223
    0.00290
   -0.27067
    0.12043
   -0.00082
   -0.12265
   -0.19983
    0.16776
    0.34538
   -0.46572
   -0.30179
    0.00976
    0.01629
   -0.07882
   -0.38727
    0.16589
    0.00227
    0.04865
   -0.47398
    0.10843
   -0.12679
   -0.06603
   -0.15942
    0.17847
    0.08255
   -0.22932
   -0.33831
    0.12663
   -0.00670
   -0.00609
   -0.15710
    0.10995
   -0.06297
    0.03804
   -0.47487
    0.15447
   -0.29489
    0.18404
    0.28713
   -0.07746
    0.12669
   -0.13771
   -0.27950
    0.12513
   -0.00487
   -0.07861
   -0.07154
    0.08480
   -0.12416
    0.01735
   -0.29369
    0.18232
   -0.10320
    0.05888
    0.14689
    0.00476
    0.05504
   -0.24848
   -0.26576
    0.14403
   -0.04648
   -0.01626
   -0.02461
    0.06634
   -0.02736
    0.05511
   -0.30192
    0.11872
   -0.14586
   -0.20861
   -0.12704
    0.15757
    0.19513
   -0.40606
   -0.17679
    0.00965
   -0.12304
    0.05080
   -0.03670
    0.09339
   -0.05372
   -0.00898
   -0.18264
    0.10005
   -0.15667
    0.00071
   -0.25972
    0.18267
    0.03751
   -0.22844
   -0.25249
    0.09388
   -0.07099
    0.17400
   -0.34269
    0.10002
   -0.03640
    0.09151
   -0.38256
    0.05881
    0.02507
   -0.11552
   -0.38946
    0.14957
    0.24647
   -0.15700
   -0.27244
   -0.04860
   -0.12890
    0.03283
   -0.21777
    0.17917
    0.05640
   -0.14834
   -0.56425
    0.13438
   -0.13769
    0.07873
   -0.17909
    0.15170
    0.02614
   -0.20921
   -0.18496
    0.09979
   -0.13937
    0.11290
   -0.09303
    0.08673
   -0.06514
    0.10971
   -0.30069
    0.04987
   -0.00473
   -0.02012
   -0.02372
    0.02826
    0.10401
   -0.19523
   -0.23833
    0.05457
