28 4 3 1 47 -3.9668 2.4440 4.8752 3912
  0.02522   0.01091  -0.02313  -0.02073 
 -0.00502   0.03243   0.03590  -0.03169 
  0.02270   0.03119   0.02472  -0.05563 
  0.01505   0.03917  -0.04105  -0.01656 
  0.01473   0.03366   0.01260  -0.04074 
  0.03608   0.03673   0.02093  -0.07340 
  0.03424   0.03612  -0.03092  -0.04148 
  0.02144   0.01799   0.02156  -0.04442 
  0.01376   0.04939   0.05392  -0.07498 
  0.01985   0.04581  -0.03164  -0.03026 
  0.01698   0.04280   0.01966  -0.05299 
  0.02991   0.04939   0.03221  -0.08096 
  0.02270   0.04220  -0.04105  -0.02671 
  0.01118   0.03795   0.02723  -0.04775 
  0.02175   0.06514   0.01065  -0.06791 
  0.01762   0.04280  -0.03236  -0.02565 
  0.00332   0.06856   0.01000  -0.04812 
  0.02585   0.02117   0.02723  -0.05487 
  0.01921   0.07533  -0.08251  -0.02388 
  0.02270   0.07589  -0.00254  -0.06869 
  0.02679   0.06399   0.03035  -0.08580 
 -0.01079   0.07421  -0.04547  -0.00833 
  0.02175   0.04280   0.01518  -0.05601 
  0.02929   0.05763   0.01582  -0.07537 
  0.02491   0.04581  -0.04621  -0.02884 
  0.03084   0.04461  -0.02807  -0.04405 
  0.04187   0.01863   0.01902  -0.06830 
  0.02835   0.07196  -0.06591  -0.03965 
  0.02585   0.08583  -0.00054  -0.08096 
  0.02679   0.06456  -0.01409  -0.05943 
  0.01858   0.08419  -0.08251  -0.02884 
  0.01858   0.08364  -0.02950  -0.05412 
  0.03792   0.07923  -0.01478  -0.08337 
  0.03146   0.07196  -0.04473  -0.05374 
  0.02049   0.07589  -0.01409  -0.05943 
  0.03761   0.06571  -0.00523  -0.07895 
  0.04156   0.09126  -0.07216  -0.06597 
  0.03822   0.08089  -0.04621  -0.06752 
  0.04217   0.08254  -0.00254  -0.09898 
  0.02207   0.09287  -0.11252  -0.02565 
  0.02991   0.09126  -0.08251  -0.04664 
  0.02049   0.09395  -0.03814  -0.05905 
  0.01794   0.10349  -0.14943  -0.01380 
  0.00628   0.10454  -0.07850  -0.03062 
 -0.00469   0.10610  -0.04993  -0.03313 
  0.03393   0.07026  -0.22076   0.01287 
  0.10533   0.10349  -0.18161  -0.11822 
  0.11591   0.21563  -0.12124  -0.30621 
  0.27242  -0.12075  -0.27120  -0.31782 
 -0.16535  -0.25812   0.51743  -0.40323 
 -2.59251  -3.59251   0.77785  -3.59251 
 -3.59251  -1.85241  -3.59251   0.47612 
  0.38790  -1.41380  -0.74543  -0.34866 
  0.12599  -0.04809  -0.77614   0.05387 
 -0.35850  -0.00766   0.29099   0.03890 
 -0.11655  -0.15933  -0.50001   0.23828 
 -0.11524  -0.02072  -0.52606   0.20614 
  0.01441  -0.02423  -0.45789   0.12030 
  0.01698   0.04341  -0.55376   0.10304 
  0.07643  -0.02847  -0.47148   0.06833 
  0.09368  -0.01794  -0.35459   0.02467 
  0.05731   0.03673  -0.40233   0.04794 
 -0.00570   0.05411  -0.29288   0.07623 
  0.02428  -0.00428  -0.43918   0.10225 
  0.05585  -0.07890  -0.35459   0.08808 
  0.04398  -0.09599  -0.40065   0.11188 
  0.02898  -0.17797  -0.40571   0.14698 
  0.04757  -0.08777  -0.51284   0.12130 
  0.09928  -0.09186  -0.55139   0.07846 
  0.09045  -0.08533  -0.45219   0.07230 
  0.03974  -0.07572  -0.40233   0.10930 
  0.03516  -0.09765  -0.37306   0.11547 
  0.02835  -0.10522  -0.36837   0.12256 
 -0.00368  -0.08290  -0.32404   0.13298 
 -0.02891  -0.09849  -0.32686   0.15544 
 -0.03320  -0.15360  -0.36837   0.17856 
 -0.04118  -0.11988  -0.40233   0.17988 
  0.02239  -0.16416  -0.34270   0.13907 
  0.03944  -0.17797  -0.09311   0.06805 
  0.01889  -0.16416   0.00674   0.04345 
  0.00661  -0.10437   0.01325   0.03184 
  0.00398  -0.12428  -0.00456   0.04943 
  0.01569  -0.11205  -0.02032   0.04133 
  0.01889  -0.11033  -0.06282   0.05504 
  0.01118  -0.09268  -0.06669   0.05738 
  0.00398  -0.08614  -0.10482   0.07483 
  0.02397  -0.10692  -0.08818   0.05855 
  0.02742  -0.07810  -0.11512   0.05446 
  0.02679  -0.07177  -0.06747   0.03523 
  0.03053  -0.03853  -0.09064   0.02686 
  0.02017  -0.06709  -0.04993   0.03277 
  0.02397  -0.06942  -0.05293   0.03122 
  0.01537  -0.05333  -0.05368   0.03339 
  0.03177  -0.05863  -0.07930   0.02967 
  0.01826  -0.09599  -0.05368   0.04705 
  0.01247  -0.08858  -0.05519   0.05032 
  0.01921  -0.09268  -0.05899   0.04705 
  0.01441  -0.12517  -0.02242   0.04794 
  0.01698  -0.10268  -0.03886   0.04465 
