IntronPotTab 1 1024 2.01985
    0.06779
    0.08609
   -0.06281
    0.00730
    0.04774
    0.01709
   -0.09246
    0.06924
    0.02277
    0.09082
   -0.07054
   -0.08538
    0.08559
   -0.00449
   -0.02604
    0.00325
   -0.04203
    0.10008
   -0.08884
    0.04458
   -0.06339
    0.05952
   -0.12315
    0.07131
    0.01308
    0.06301
   -0.11817
   -0.01331
   -0.06899
   -0.03168
    0.17813
   -0.13334
   -0.10447
    0.04222
    0.02987
    0.00503
    0.03675
   -0.15304
   -0.07619
    0.13809
    0.01042
    0.04223
   -0.00962
   -0.09052
   -0.00557
   -0.00853
    0.03882
   -0.04852
    0.02212
    0.01006
   -0.05717
    0.04536
    0.04058
   -0.01282
   -0.04838
    0.03032
    0.01080
    0.07153
   -0.09017
   -0.00617
    0.08300
   -0.03220
    0.01359
   -0.01418
    0.00165
    0.03589
   -0.05598
    0.05323
    0.00730
    0.00143
   -0.08412
    0.09441
    0.05439
    0.01411
   -0.11293
    0.04593
   -0.02869
   -0.01471
   -0.04628
    0.08894
   -0.09919
    0.05563
   -0.15728
    0.14449
   -0.07724
    0.09464
   -0.13780
    0.06336
   -0.02385
    0.04226
   -0.12663
    0.03495
   -0.00113
    0.01850
   -0.06470
    0.02151
   -0.01303
   -0.00792
   -0.03420
    0.07244
   -0.01645
   -0.04413
   -0.03107
    0.08135
    0.00037
    0.00663
   -0.04528
    0.03887
    0.01892
   -0.00050
   -0.01071
   -0.00073
    0.43920
   -0.11940
   -0.03965
   -0.00185
    0.12891
   -0.00320
   -0.16929
    0.07372
    0.42484
   -0.23932
   -0.37720
   -0.10932
    0.34514
    0.01640
   -0.10932
    0.02464
    0.09133
   -0.00667
   -0.04392
    0.06451
    0.07940
   -0.05495
   -0.08698
    0.14275
    0.10413
    0.02411
   -0.09420
   -0.02209
    0.16277
   -0.04643
   -0.01060
   -0.00913
   -0.01450
    0.01205
   -0.06808
    0.12169
    0.02464
   -0.03956
   -0.00789
    0.01239
    0.07936
   -0.00358
   -0.08108
   -0.03005
    0.07669
   -0.11729
    0.14223
   -0.13820
    0.00823
   -0.02001
   -0.00393
    0.02409
    0.01990
   -0.10198
   -0.01290
    0.07755
    0.00264
    0.01030
   -0.00883
   -0.01016
   -0.00607
   -0.00783
   -0.00570
    0.03795
    0.09357
   -0.08554
   -0.01885
    0.11233
    0.04153
   -0.00495
   -0.07342
    0.07934
    0.04640
    0.01698
   -0.07590
    0.04154
    0.13232
   -0.02559
   -0.02309
    0.06925
   -0.03393
    0.07876
   -0.01519
   -0.02256
    0.06179
   -0.07673
   -0.16608
    0.20297
   -0.01383
    0.06031
   -0.04511
   -0.06607
    0.24811
   -0.08679
    0.00703
   -0.06910
   -0.10988
    0.11071
   -0.06790
    0.04131
   -0.03577
    0.06468
   -0.13060
    0.04348
   -0.04236
    0.08546
   -0.11634
   -0.00773
   -0.00165
    0.04699
   -0.00435
   -0.07355
   -0.01970
    0.04286
   -0.04250
    0.02389
   -0.05185
   -0.11127
   -0.12395
    0.17459
    0.00692
    0.03717
   -0.04373
   -0.03188
    0.02965
   -0.01210
   -0.01019
    0.01109
    0.08805
    0.02677
   -0.12413
    0.02491
    0.04753
    0.02040
   -0.10215
    0.04623
    0.08874
    0.03479
   -0.16043
   -0.02060
    0.10864
    0.05474
   -0.09873
    0.05689
    0.02146
    0.08704
   -0.05220
    0.02669
   -0.03711
    0.03143
   -0.04630
    0.08144
    0.02262
    0.07034
   -0.08340
   -0.04715
    0.03923
    0.00973
   -0.03532
    0.03720
   -0.06458
    0.11193
   -0.10198
    0.02538
   -0.05817
    0.07605
   -0.08580
    0.05191
   -0.02276
    0.07951
   -0.14493
    0.00074
   -0.00664
    0.00913
    0.04601
   -0.07535
   -0.03923
    0.02062
    0.01009
   -0.01214
    0.00399
   -0.07074
   -0.00220
    0.06086
    0.02002
    0.04770
   -0.03801
   -0.09241
    0.03196
   -0.01181
    0.00244
   -0.01723
   -0.10391
    0.05193
   -0.14399
    0.12245
   -0.00850
    0.04075
   -0.07179
    0.05757
   -0.00618
    0.11464
   -0.14835
   -0.00259
    0.02914
    0.06427
   -0.09300
    0.06731
    0.00229
    0.04590
   -0.08930
    0.08082
   -0.01628
   -0.01639
   -0.03805
    0.07532
    0.00361
    0.02495
   -0.04536
   -0.01173
   -0.00663
    0.02668
   -0.06538
    0.01745
   -0.06277
    0.09974
   -0.18581
    0.06316
   -0.15116
    0.18901
   -0.16165
    0.01481
   -0.08606
    0.07167
   -0.13723
   -0.00393
    0.00341
    0.01282
   -0.08920
    0.03886
    0.02620
   -0.02976
   -0.03768
    0.08289
   -0.00721
   -0.05839
    0.00683
    0.07830
   -0.00530
    0.04065
   -0.07754
   -0.01317
    0.01876
   -0.00931
    0.00621
   -0.00408
    0.06389
   -0.01342
   -0.12012
    0.11537
   -0.03686
    0.02869
   -0.10313
    0.10154
    0.09967
   -0.01155
   -0.17009
    0.08691
    0.08596
    0.03258
   -0.12080
    0.08951
    0.07700
    0.07193
   -0.06524
    0.02104
    0.06215
   -0.00726
   -0.05536
    0.05130
    0.08173
    0.05430
   -0.08818
   -0.05579
    0.08819
    0.01198
   -0.03869
    0.02570
   -0.05772
    0.06043
   -0.04144
    0.06346
   -0.02941
    0.07341
   -0.07910
    0.02762
   -0.02572
    0.05137
   -0.06470
    0.01864
    0.00741
    0.00080
    0.05155
   -0.10925
    0.00541
    0.04168
   -0.03634
    0.00327
   -0.01205
   -0.03290
    0.00507
    0.03907
    0.03270
    0.01490
   -0.00791
   -0.06799
    0.01853
   -0.00930
   -0.01611
    0.05134
    0.00523
    0.02401
   -0.06108
    0.07237
    0.03901
    0.04373
   -0.07212
    0.02664
   -0.02633
    0.04872
   -0.05291
    0.03645
    0.06386
    0.08212
   -0.06203
    0.00565
   -0.23424
    0.29181
   -0.35790
    0.06478
   -0.05432
    0.03023
   -0.09899
    0.11070
    0.06263
    0.02611
   -0.17146
    0.04630
    0.08675
    0.03022
   -0.09912
    0.02738
   -0.22454
    0.21267
   -0.20927
    0.03977
   -0.10988
    0.11438
   -0.13444
    0.01840
   -0.08742
    0.10732
   -0.18914
    0.01701
   -0.03613
    0.07138
   -0.08314
   -0.02574
   -0.35509
    0.36196
   -0.50939
   -0.05300
   -0.01455
    0.03110
   -0.05291
    0.02358
    0.00209
    0.05218
   -0.06442
   -0.04153
    0.00600
    0.04338
   -0.06590
    0.00500
   -0.11235
    0.10898
   -0.22575
    0.01069
   -0.04340
    0.06073
   -0.06153
    0.02393
   -0.05201
    0.10469
   -0.13148
    0.01310
   -0.01320
    0.11808
   -0.13304
    0.05814
   -0.01219
    0.07796
   -0.02734
   -0.00124
    0.03482
    0.00787
   -0.03575
   -0.00511
   -0.00022
    0.07901
   -0.05768
   -0.06003
    0.03448
    0.02077
   -0.02724
    0.00454
   -0.08571
    0.11827
   -0.08717
    0.06254
   -0.00126
    0.04151
   -0.11023
    0.04572
   -0.01515
    0.08594
   -0.11995
    0.03344
   -0.00962
   -0.02150
    0.07274
   -0.07090
   -0.10241
    0.04255
    0.03317
   -0.00586
    0.01614
   -0.08435
   -0.02340
    0.06518
   -0.02081
    0.06846
   -0.00132
   -0.07346
   -0.02267
    0.00825
    0.02266
   -0.04675
    0.03722
    0.01472
   -0.04384
    0.01402
    0.07955
   -0.00234
   -0.05553
   -0.02739
   -0.02959
    0.09047
   -0.04579
   -0.03265
    0.06588
    0.03368
   -0.03490
   -0.00226
   -0.01040
    0.01372
   -0.03453
    0.05910
    0.02107
   -0.05965
    0.00764
    0.04689
   -0.01285
    0.03225
   -0.06858
    0.03370
    0.18347
   -0.05591
    0.00319
   -0.01811
   -0.05629
    0.04370
   -0.02508
    0.03653
   -0.08918
    0.11233
   -0.07164
    0.03708
   -0.03579
    0.05841
   -0.09079
   -0.00130
    0.06710
    0.01755
   -0.05807
    0.00365
   -0.02716
   -0.05015
    0.03611
    0.00626
   -0.02159
   -0.06541
    0.09520
   -0.01557
   -0.03921
    0.04476
   -0.02921
   -0.01494
    0.00080
   -0.04553
    0.06494
   -0.04450
    0.44525
   -0.11629
   -0.10979
   -0.04813
    0.15045
   -0.05644
   -0.10580
   -0.00859
    0.41848
   -0.24761
   -0.31376
   -0.20496
    0.22970
   -0.00313
   -0.09300
    0.07723
    0.04745
   -0.01516
   -0.04125
    0.08001
    0.02173
   -0.00971
   -0.03446
    0.05293
    0.03363
    0.01611
   -0.02092
   -0.05674
    0.03224
   -0.01851
    0.00135
    0.00245
   -0.05400
   -0.00018
    0.01644
    0.03885
    0.00106
    0.06520
   -0.05639
    0.00417
    0.04305
    0.02838
   -0.08673
    0.01397
    0.03120
   -0.00528
    0.05857
   -0.13203
   -0.00600
    0.04298
   -0.03057
    0.02506
   -0.00632
   -0.03546
    0.01919
    0.00505
   -0.00315
    0.01265
    0.04097
   -0.08018
   -0.03574
   -0.03079
    0.02496
    0.03726
   -0.05228
    0.00838
    0.01204
   -0.00044
    0.06714
   -0.06358
   -0.04327
    0.03707
    0.00534
    0.07070
   -0.05491
   -0.01834
   -0.02593
    0.05102
   -0.04740
    0.06561
    0.01628
    0.12411
   -0.07294
   -0.03626
   -0.03833
   -0.03719
   -0.04710
    0.12624
   -0.03950
    0.11985
   -0.12390
   -0.06573
    0.10286
   -0.05993
    0.06773
   -0.07264
   -0.08054
    0.09451
   -0.03990
    0.03081
   -0.08082
    0.11050
   -0.06358
    0.01803
   -0.05187
    0.08576
   -0.13147
    0.03160
    0.03558
    0.03375
   -0.03410
   -0.02404
   -0.02466
    0.09090
   -0.07798
    0.04694
   -0.00804
   -0.04093
   -0.00685
    0.04645
   -0.01558
    0.10814
   -0.07223
   -0.07106
   -0.03533
    0.00248
    0.02525
   -0.02030
    0.01567
    0.06766
   -0.10387
   -0.01958
    0.01574
    0.05440
   -0.09799
    0.02430
    0.00772
    0.07612
   -0.11223
   -0.00910
    0.00714
    0.07872
   -0.09131
    0.05781
    0.06352
    0.12816
   -0.11734
    0.08654
   -0.01176
    0.10696
   -0.17690
    0.12266
    0.02241
    0.03477
   -0.07348
    0.02624
   -0.00086
    0.11126
   -0.11619
    0.00518
   -0.07007
    0.04898
   -0.01120
    0.02809
   -0.02044
    0.04057
   -0.08972
    0.05228
    0.00998
    0.07479
   -0.13083
   -0.00649
   -0.11519
   -0.03088
    0.13762
   -0.11995
   -0.01037
    0.04713
   -0.01597
   -0.03072
    0.06679
   -0.17180
   -0.07955
    0.15448
    0.02016
    0.00951
    0.00070
   -0.05531
    0.02353
    0.01188
   -0.04308
    0.02816
   -0.17490
    0.00079
   -0.14010
    0.16910
    0.00807
   -0.02629
   -0.06048
    0.10412
   -0.05882
    0.16433
   -0.23367
   -0.09757
   -0.02217
    0.00021
   -0.00828
    0.03061
    0.01141
    0.05439
   -0.10234
    0.08267
    0.03705
   -0.02254
   -0.08841
    0.09258
    0.05383
   -0.02064
   -0.05651
    0.06563
    0.07463
   -0.02190
   -0.04190
    0.07984
   -0.07556
    0.07823
   -0.15760
    0.09944
   -0.12095
    0.09755
   -0.12821
    0.03993
   -0.01805
    0.04400
   -0.09754
    0.00120
    0.08139
   -0.01235
   -0.04443
    0.03937
   -0.01960
    0.01357
   -0.04953
    0.06881
   -0.04465
   -0.03338
   -0.07661
    0.11893
    0.03918
    0.00797
   -0.08147
    0.02156
   -0.01448
   -0.01901
    0.00678
    0.06572
    0.21525
   -0.02816
   -0.10059
    0.03857
    0.04888
   -0.01584
   -0.11926
    0.09573
    0.26378
   -0.04756
   -0.22867
   -0.01375
    0.21938
    0.00616
   -0.11279
    0.08817
    0.08840
    0.14132
   -0.13405
    0.06014
    0.07177
    0.13806
   -0.27433
    0.08487
    0.10814
    0.06168
   -0.13906
   -0.06184
    0.06406
    0.11046
   -0.14735
    0.09782
    0.00975
    0.02967
   -0.08518
    0.09596
   -0.00991
    0.03488
   -0.11171
    0.06458
    0.05940
    0.00767
   -0.06753
   -0.02471
    0.07168
   -0.00988
    0.02468
   -0.07805
    0.00537
    0.01347
   -0.03074
    0.03001
    0.04771
   -0.08274
   -0.03434
    0.07139
    0.02883
    0.01102
    0.02150
   -0.09506
    0.01620
    0.02872
   -0.04394
    0.03713
    0.01344
   -0.04900
   -0.11684
    0.22613
    0.03917
   -0.02018
   -0.10555
    0.12273
    0.01936
    0.03769
   -0.08131
    0.02599
    0.21312
    0.04488
   -0.12578
    0.17447
   -0.02386
    0.11778
   -0.16816
    0.08999
    0.01949
    0.00508
   -0.18989
    0.16094
   -0.00612
    0.03315
   -0.07311
    0.02505
   -0.05443
    0.03964
   -0.02617
   -0.02149
   -0.10244
    0.12365
   -0.09628
    0.03492
   -0.13916
    0.12543
   -0.12058
    0.00862
   -0.08413
    0.10635
   -0.16599
    0.01862
    0.02877
    0.05201
   -0.02300
   -0.06426
   -0.04287
    0.14955
   -0.12666
   -0.01972
    0.01753
   -0.04332
   -0.11956
    0.11669
   -0.01289
    0.04088
   -0.01432
   -0.05500
   -0.04699
    0.01957
   -0.00401
    0.00219
    0.00835
    0.01924
   -0.08117
    0.03048
    0.01058
    0.02041
   -0.11008
    0.06732
    0.01165
    0.07138
   -0.17431
    0.02725
    0.01527
    0.05443
   -0.06393
    0.01238
