24 20 24 1 26 -8.7791 2.5456 5.0426 10793
  0.03454   0.00346  -0.03936   0.01388  -0.02233   0.01260  -0.03574   0.06126   0.06020  -0.01544  -0.05726   0.01790   0.04957   0.01874  -0.10897   0.02418   0.03764  -0.01399   0.00326  -0.00045 
  0.03325  -0.00100  -0.04398   0.02730  -0.01212  -0.00128  -0.04121   0.07581   0.03674  -0.01721  -0.06431   0.04859   0.03672   0.03876  -0.09976  -0.00521   0.03905  -0.01585   0.00235   0.00373 
  0.02077   0.00251  -0.04473   0.03578  -0.00259   0.00973  -0.04080   0.05558   0.02988  -0.01394  -0.05740   0.04557   0.05958   0.00678  -0.12973   0.05109   0.08674  -0.02329  -0.00390  -0.00188 
  0.03380  -0.00606  -0.05032   0.04122  -0.00103   0.03748  -0.06326   0.05319   0.02885  -0.00593  -0.06260   0.04406   0.03652   0.02001  -0.07921   0.00901   0.08695  -0.01248  -0.02006   0.00489 
  0.02416   0.00827  -0.05062   0.03174  -0.01095   0.02862  -0.04946   0.05302   0.06107  -0.02934  -0.06861   0.04032   0.05192   0.01086  -0.10468   0.03051   0.08504  -0.01822  -0.01230   0.00406 
  0.04000  -0.00441  -0.05291   0.03596   0.00689   0.03795  -0.07727   0.06443   0.04566  -0.03902  -0.06818   0.06236   0.06467   0.02747  -0.12896   0.00372   0.05096  -0.02089  -0.00019   0.01015 
  0.03673   0.00022  -0.06000   0.04140  -0.04296   0.05424  -0.04867   0.04620   0.04267  -0.03765  -0.05619   0.05332   0.06393   0.01289  -0.10879   0.01169   0.08957  -0.01566  -0.00674  -0.01325 
  0.03012   0.00062  -0.04669   0.03156   0.00361   0.05374  -0.06196   0.02674   0.04062  -0.03985  -0.06483   0.06457   0.05009   0.03512  -0.11412  -0.00339   0.11044  -0.02428   0.00806  -0.03857 
  0.03818   0.00466  -0.05123   0.02337  -0.03408   0.07284  -0.08341   0.06234   0.04256  -0.00446  -0.10224   0.06435   0.07422   0.02974  -0.15806   0.01252   0.03149  -0.00217  -0.00970   0.00284 
  0.03104   0.01994  -0.08020   0.04302  -0.03832   0.11751  -0.10302   0.02841   0.03953  -0.03362  -0.08748   0.07935   0.05417   0.03953  -0.12381  -0.00879   0.14050  -0.02081  -0.00836  -0.03867 
  0.03288   0.01969  -0.07166   0.03193  -0.03912   0.09437  -0.08059   0.03340   0.05425  -0.02003  -0.12027   0.08093   0.06869   0.02869  -0.12371  -0.01156   0.11144  -0.02569   0.00218  -0.02555 
  0.04018   0.01329  -0.07326   0.03541  -0.02200   0.10215  -0.08975   0.02013   0.02740  -0.00820  -0.11933   0.09303   0.08759   0.03892  -0.17005  -0.01865   0.11334  -0.00967  -0.00858  -0.03930 
  0.03982   0.02535  -0.08594   0.03303  -0.01770   0.12147  -0.12717   0.03570   0.06405  -0.04242  -0.12713   0.09471   0.08190   0.05160  -0.16999  -0.03628   0.03976  -0.00329   0.01419  -0.04320 
  0.04180   0.02560  -0.09042   0.03559  -0.02165   0.12275  -0.16239   0.07639   0.00511  -0.04610  -0.10160   0.12543   0.11591   0.06892  -0.23707  -0.08282   0.04196  -0.03624   0.02799  -0.00648 
  0.03196   0.02175  -0.09697   0.05749  -0.05202   0.15165  -0.14962   0.04272  -0.00126  -0.02760  -0.14458   0.14473   0.09614   0.06577  -0.21233  -0.05558   0.06644  -0.03326   0.01175   0.00228 
  0.01754   0.03295  -0.10499   0.06370  -0.08672   0.16504  -0.16620   0.06457   0.03123  -0.06271  -0.15073   0.14919   0.12697   0.07513  -0.26772  -0.09619   0.05739  -0.03396   0.04278  -0.05028 
  0.03233   0.02917  -0.10672   0.05697  -0.06444   0.19277  -0.20269   0.03985   0.01698  -0.04966  -0.17543   0.16454   0.14554   0.03778  -0.27908  -0.03585   0.04959  -0.03324   0.04810  -0.05775 
  0.03636   0.02992  -0.12151   0.06660  -0.07293   0.19898  -0.21841   0.05063   0.00857  -0.00272  -0.22127   0.16235   0.13841   0.08311  -0.32858  -0.09241   0.02340  -0.02460   0.03941  -0.03942 
  0.02284   0.05595  -0.14374   0.06353  -0.07775   0.21525  -0.24661   0.05101  -0.03775  -0.01760  -0.21511   0.19668   0.13377   0.08442  -0.32044  -0.09137   0.04890  -0.02444   0.03633  -0.05010 
  0.00596   0.05320  -0.14828   0.08605  -0.15022   0.24475  -0.30261   0.08825  -0.05088   0.01791  -0.23938   0.19126   0.13994   0.07346  -0.30027  -0.09366  -0.01970  -0.00170   0.03881  -0.05984 
 -0.01879   0.07220  -0.15713   0.08719  -0.11412   0.24624  -0.36012   0.10335  -0.05170   0.05579  -0.29191   0.18600   0.16317   0.08526  -0.41480  -0.09740  -0.02572  -0.00724   0.01835  -0.00469 
 -0.00594   0.08083  -0.20301   0.10076  -0.17272   0.27020  -0.38513   0.10725  -0.05691   0.04878  -0.28346   0.19068   0.17473   0.07245  -0.40063  -0.10266  -0.00922   0.01572  -0.00957  -0.00983 
 -0.02004   0.08753  -0.20998   0.10715  -0.14635   0.27910  -0.41420   0.09306  -0.05458   0.06267  -0.29784   0.18458   0.16258   0.06920  -0.40252  -0.06044  -0.06069   0.04937  -0.05459   0.01751 
 -0.02779   0.10116  -0.23716   0.11208  -0.12226   0.28336  -0.45949   0.09493  -0.06765   0.08785  -0.28296   0.16525   0.14878   0.07880  -0.44042  -0.02887  -0.05391   0.03657  -0.05057   0.03443 
 -0.03784   0.10607  -0.23833   0.11300  -0.17988   0.28003  -0.50790   0.15149  -0.11529   0.08961  -0.28570   0.18865   0.07479   0.09293  -0.35023   0.02828  -0.04503   0.06948  -0.09933   0.02908 
 -0.08729   0.11698  -0.25700   0.14110  -0.13385   0.25184  -0.48884   0.16776  -0.09191   0.07731  -0.29444   0.19083   0.08723   0.10753  -0.38562  -0.00612  -0.08791   0.07826  -0.11034   0.04270 
 -0.07793   0.11093  -0.25847   0.14467  -0.18271   0.28131  -0.52859   0.15841  -0.13516   0.13995  -0.29931   0.15849   0.07595   0.09409  -0.41138   0.05730  -0.09147   0.07662  -0.13216   0.07223 
 -0.10739   0.13433  -0.27652   0.13938  -0.15326   0.29204  -0.59434   0.14925  -0.12903   0.12895  -0.30043   0.16657   0.03520   0.11876  -0.41966   0.06902  -0.14704   0.09514  -0.16780   0.09105 
 -0.12132   0.13996  -0.29856   0.15087  -0.16848   0.28641  -0.60638   0.16942  -0.16419   0.13912  -0.27434   0.16205   0.00517   0.14021  -0.42564   0.06482  -0.13244   0.11910  -0.20570   0.07223 
 -0.14893   0.15302  -0.30180   0.14792  -0.25259   0.28030  -0.52304   0.18538  -0.17916   0.15898  -0.30398   0.16105  -0.06167   0.15931  -0.40536   0.09047  -0.19372   0.12062  -0.22366   0.10321 
 -0.19208   0.16067  -0.30974   0.16112  -0.25031   0.29632  -0.57940   0.17750  -0.19717   0.18761  -0.29700   0.13491  -0.07899   0.17183  -0.38373   0.06918  -0.25103   0.14031  -0.25882   0.10478 
 -0.21456   0.18114  -0.32008   0.14495  -0.22498   0.28987  -0.55039   0.16929  -0.22557   0.19189  -0.30269   0.14413  -0.09963   0.18218  -0.35233   0.04819  -0.19496   0.13604  -0.24871   0.09150 
 -0.21979   0.17971  -0.31307   0.14594  -0.17145   0.28364  -0.65104   0.18749  -0.26320   0.18844  -0.29188   0.15750  -0.17288   0.19030  -0.37771   0.10812  -0.21104   0.13893  -0.25276   0.09289 
 -0.25010   0.17998  -0.32008   0.16139  -0.20094   0.28356  -0.51486   0.15737  -0.23522   0.16829  -0.22468   0.13839  -0.18754   0.18672  -0.35750   0.11766  -0.25131   0.14374  -0.28145   0.11389 
 -0.25222   0.17367  -0.28348   0.15325  -0.19016   0.30008  -0.66666   0.17275  -0.24992   0.17631  -0.23072   0.13823  -0.25240   0.24053  -0.42929   0.06306  -0.25256   0.13685  -0.26237   0.11487 
 -0.26921   0.18700  -0.29991   0.14764  -0.22147   0.29973  -0.71968   0.19797  -0.23276   0.15436  -0.22487   0.15226  -0.22873   0.21562  -0.38554   0.09242  -0.27895   0.12319  -0.26612   0.14948 
 -0.26227   0.16772  -0.29454   0.17166  -0.27559   0.31295  -0.68035   0.18633  -0.27599   0.16483  -0.19478   0.14172  -0.30193   0.21824  -0.34809   0.11420  -0.29286   0.13189  -0.25459   0.12805 
 -0.31300   0.17935  -0.27017   0.15947  -0.21779   0.26005  -0.79361   0.26554  -0.21455   0.08689  -0.10366   0.14062  -0.32213   0.21795  -0.28380   0.09102  -0.31170   0.10125  -0.20287   0.14994 
 -0.27590   0.13433  -0.20086   0.17085  -0.26196   0.38015  -0.83069   0.07856  -0.27968   0.22364  -0.18813   0.06540  -0.38320   0.28739  -0.43699   0.00218  -0.38030   0.18595  -0.31364   0.06739 
 -0.34339   0.24552  -0.31085   0.07301  -0.20527   0.27220  -0.63480   0.21367  -0.17208   0.04323   0.01813   0.05926  -0.30934   0.22352  -0.27560   0.06336  -0.14698   0.10312  -0.16254   0.06981 
 -0.20587   0.10586  -0.10054   0.10591  -0.35015   0.41418  -0.92257   0.04148  -0.30394   0.21744  -0.08804   0.00738  -0.54470   0.34366  -0.51645  -0.11080  -0.37774   0.22879  -0.34643  -0.03638 
 -0.39486   0.28325  -0.29856  -0.00899  -0.15746   0.31993  -0.73366   0.13933  -0.07946   0.01191   0.06569  -0.02876  -0.35860   0.25881  -0.33223   0.02519  -0.04744   0.10116  -0.14308   0.01333 
 -0.12211   0.09544  -0.06156   0.03303  -0.34983   0.41751  -0.93092   0.03302  -0.21546   0.18992  -0.14816   0.05677  -0.49485   0.33514  -0.66842  -0.02938  -0.24556   0.20305  -0.37412   0.03121 
 -0.31627   0.27123  -0.37520   0.03959  -0.18409   0.27565  -0.79751   0.23443  -0.15844   0.00814   0.01401   0.08822  -0.29419   0.24241  -0.32097   0.02767  -0.12952   0.04168  -0.11036   0.12420 
 -0.18504   0.07001  -0.09326   0.13794  -0.27782   0.42405  -0.79311  -0.05824  -0.17521   0.19741  -0.02898  -0.09921  -0.48673   0.34762  -0.63967  -0.10542  -0.31499   0.21980  -0.27576  -0.08907 
 -0.30733   0.28374  -0.26192  -0.08533   0.15583   0.16980  -0.41157   0.03175   0.07910  -0.39854   0.25614  -0.30936  -0.07307   0.15961  -0.11468  -0.14185   0.26762  -0.21952   0.12714  -0.14351 
  0.08903  -0.15548   0.14026  -0.18405  -0.63764   0.52620  -1.54848  -0.28793  -0.41021   0.46294  -0.98976  -0.17293  -0.99553   0.42063  -1.14252  -0.24303  -0.73038   0.35520  -1.31307  -0.20043 
 -0.68032   0.44313  -1.21781  -0.24298   0.71608  -4.03318  -4.03318  -4.03318   0.64769  -4.03318  -4.03318  -4.03318   0.59368  -4.03318  -4.03318  -4.03318   0.97880  -4.03318  -4.03318  -4.03318 
  0.69272  -4.03318  -4.03318  -4.03318  -4.03318  -2.14796   0.44741  -4.03318  -4.03318  -4.03318  -4.03318  -4.03318  -4.03318  -4.03318  -4.03318  -4.03318  -4.03318  -4.03318  -4.03318  -4.03318 
 -4.03318  -2.22030   0.52611  -4.03318  -4.03318  -4.03318  -4.03318  -4.03318   0.06793   0.17191  -0.12946  -0.18779  -0.08206  -0.02959   0.14829  -0.10087  -4.03318  -4.03318  -4.03318  -4.03318 
  0.01716   0.01105   0.06906  -0.17417  -0.05824   0.12971  -0.24656   0.16267  -0.04822   0.07420  -0.12261   0.07702  -0.09004   0.05866  -0.05990   0.07544   0.13462   0.09027  -0.17625  -0.03258 
 -0.03204   0.07540  -0.14487   0.08246   0.09349   0.15752  -0.39470   0.10839   0.01498   0.02094  -0.13137   0.08689  -0.00048   0.04096  -0.11303   0.05878   0.11325   0.09932  -0.23623   0.02566 
  0.02491   0.07254  -0.19701   0.08246   0.02932   0.17548  -0.31826   0.09102  -0.00941   0.03588  -0.08363   0.05547  -0.02264   0.03019  -0.05892   0.05003   0.01364   0.11785  -0.18470  -0.01117 
 -0.02004   0.08487  -0.14525   0.05905   0.09472   0.09798  -0.39208   0.17777   0.00795   0.02143  -0.09694   0.06616   0.00286   0.01859  -0.09048   0.07150   0.10029   0.09074  -0.20604   0.02430 
  0.02397   0.05103  -0.17096   0.09251   0.08252   0.13238  -0.29494   0.08968   0.01728   0.05526  -0.09416   0.02176  -0.03397   0.05853  -0.06477   0.01616  -0.04435   0.12557  -0.25491   0.06703 
 -0.00816   0.09150  -0.16360   0.05506   0.06961   0.13482  -0.22983   0.04460   0.06999   0.04892  -0.11201  -0.00800  -0.01411   0.01703  -0.01745   0.01217  -0.00186   0.10517  -0.13872  -0.02595 
  0.02771   0.06920  -0.11901   0.01388   0.09928   0.08024  -0.27542   0.12519   0.00676   0.03580  -0.08522   0.04361   0.01874   0.02243  -0.05301  -0.00008   0.03428   0.08259  -0.16086   0.03408 
  0.02677   0.04704  -0.13184   0.06164   0.10328   0.13397  -0.23860   0.01777   0.03144   0.05882  -0.06855  -0.02094  -0.02251   0.08750  -0.10483  -0.01736  -0.01180   0.13530  -0.20277  -0.02301 
  0.01429   0.10020  -0.13924  -0.00496   0.07742   0.11473  -0.18136   0.01759   0.01490   0.05116  -0.05141  -0.01304  -0.02819   0.03321  -0.02794   0.01387  -0.04932   0.11321  -0.11590  -0.05308 
  0.00576   0.06596  -0.08512   0.00319   0.11423   0.05050  -0.20157   0.08525   0.01253   0.02731  -0.06688   0.03067   0.01333   0.02484  -0.07332   0.02789   0.07278   0.10589  -0.18704  -0.01441 
  0.03727   0.04667  -0.12061   0.04122   0.07323   0.10105  -0.13218  -0.01655   0.02929   0.04526  -0.06718  -0.00411  -0.01014   0.03378  -0.05960   0.02773   0.06238   0.12450  -0.19158  -0.05244 
  0.02114   0.07254  -0.10293  -0.00296   0.06468   0.11139  -0.13085  -0.02563   0.00342   0.06709  -0.07394   0.00214   0.00600   0.00375  -0.02513   0.01876   0.03563   0.09857  -0.16560   0.00217 
  0.01640   0.06116  -0.09209   0.00866   0.08685   0.09094  -0.19089   0.05243   0.05116   0.02767  -0.10852   0.03144   0.00630   0.02363  -0.08075   0.04817   0.05280   0.09751  -0.15988  -0.01255 
  0.04054   0.05200  -0.12928   0.03869   0.07316   0.12184  -0.18763   0.01805  -0.00531   0.07231  -0.09406   0.02268  -0.04763   0.05887  -0.04929   0.01432  -0.02940   0.12448  -0.16593  -0.02726 
 -0.01222   0.08886  -0.11741   0.01808   0.03335   0.10446  -0.11132  -0.00648   0.02808   0.04075  -0.05175  -0.01371  -0.02646   0.06565  -0.07454   0.00246   0.02838   0.10886  -0.18575   0.00424 
  0.00772   0.07059  -0.09460   0.00456   0.09390   0.08132  -0.14098   0.00155   0.03185   0.01958  -0.06627   0.02020   0.01841   0.03766  -0.06858  -0.01119   0.05854   0.10327  -0.15493  -0.03745 
  0.03927   0.05224  -0.09968   0.00808   0.02486   0.11818  -0.11854  -0.01015   0.03223   0.04672  -0.05943  -0.01680  -0.01005   0.03894  -0.05484   0.01166  -0.00813   0.11326  -0.14018  -0.04208 
  0.00772   0.07105  -0.08544  -0.00717   0.02601   0.11120  -0.12247   0.00540   0.05903   0.02573  -0.06532  -0.01506   0.01052   0.04431  -0.05602  -0.02951   0.05193   0.11041  -0.17304  -0.02906 
  0.03454   0.06245  -0.09595  -0.00818   0.10758   0.07280  -0.15659   0.01709   0.02891   0.03824  -0.05672  -0.00646   0.02103   0.05345  -0.08097  -0.03472   0.05464   0.11393  -0.17844  -0.03369 
  0.04306   0.06163  -0.10655  -0.00376   0.08161   0.08713  -0.11373  -0.02994   0.02924   0.06227  -0.06688  -0.02465  -0.00869   0.05851  -0.09139   0.01268   0.02037   0.13426  -0.16215  -0.09238 
  0.02434   0.07801  -0.09815  -0.02192   0.04421   0.08729  -0.09567  -0.01314   0.02963   0.06556  -0.06203  -0.03443  -0.01502   0.04919  -0.03730  -0.02616   0.04036   0.10098  -0.12171  -0.06531 
  0.01887   0.06572  -0.07374  -0.02443   0.08111   0.07210  -0.10965  -0.01154   0.03433   0.06510  -0.09534  -0.00486   0.01248   0.03169  -0.05067  -0.01236   0.01484   0.11228  -0.16403  -0.02199 
  0.03490   0.06222  -0.10002  -0.00336   0.04496   0.10053  -0.09203  -0.04139   0.01476   0.08293  -0.10851   0.00489   0.02762   0.02913  -0.06716  -0.00982   0.00331   0.12267  -0.12069  -0.10715 
  0.01925   0.07642  -0.09360  -0.01902   0.03407   0.08060  -0.05713  -0.05263   0.04051   0.02513  -0.06136   0.00106  -0.01070   0.03995  -0.04636  -0.00027   0.10594   0.08225  -0.10503  -0.08884 
  0.02956   0.04594  -0.06281  -0.01613   0.06048   0.10239  -0.12102  -0.01933   0.03454   0.02050  -0.07403   0.02402   0.03224   0.01938  -0.06015  -0.00629   0.09367   0.09474  -0.16590  -0.02574 
  0.04396   0.04971  -0.09815   0.00535   0.04524   0.09666  -0.08611  -0.04447   0.04311   0.05573  -0.06227  -0.03638  -0.02478   0.03836  -0.04788   0.02440   0.01489   0.11437  -0.15741  -0.03602 
  0.01506   0.06909  -0.07988  -0.01839   0.05788   0.08164  -0.08638  -0.03375   0.03902   0.04399  -0.05680  -0.02350  -0.03329   0.03645  -0.03732   0.02624   0.06823   0.08666  -0.10725  -0.06759 
  0.02341   0.05260  -0.06753  -0.01448   0.06997   0.08639  -0.14106   0.02114   0.05363   0.01290  -0.05018  -0.01104   0.02307   0.01995  -0.07622   0.02622   0.07595   0.08457  -0.12999  -0.03424 
  0.04806   0.04153  -0.09142   0.00613   0.02835   0.07623  -0.08533   0.00532   0.00244   0.04685  -0.03674  -0.01177  -0.02313   0.05618  -0.03885  -0.02767   0.04202   0.10171  -0.11991  -0.07128 
 -0.00094   0.06409  -0.06203  -0.01571  -0.00009   0.09828  -0.07301  -0.01878   0.03018   0.03181  -0.04535  -0.01253   0.00865   0.02904  -0.01554  -0.05087   0.03595   0.09299  -0.10753  -0.06157 
  0.01754   0.05308  -0.05644  -0.02360   0.07750   0.05105  -0.09018  -0.00442   0.05173   0.04282  -0.07009  -0.02176   0.01198   0.02345  -0.04876   0.00280   0.04203   0.08359  -0.13361  -0.00487 
  0.04342   0.04313  -0.08102  -0.00376   0.00161   0.09028  -0.05194  -0.04196   0.03435   0.07539  -0.06064  -0.05424  -0.00737   0.03668  -0.01728  -0.03911  -0.02357   0.10531  -0.12029  -0.03924 
  0.00439   0.07001  -0.05660  -0.03958   0.01576   0.08141  -0.07506  -0.00490   0.04416   0.03284  -0.04808  -0.02543  -0.03703   0.04289  -0.01578  -0.01066   0.03383   0.08061  -0.09578  -0.04515 
  0.01467   0.04874  -0.05567  -0.01407   0.08119   0.04367  -0.09461   0.00793   0.04017   0.02329  -0.05110  -0.00718   0.00049   0.02979  -0.05443   0.01437   0.03790   0.09046  -0.11965  -0.03812 
  0.03490   0.04116  -0.07454   0.00082   0.03453   0.07305  -0.09076   0.01143   0.01462   0.04900  -0.05917  -0.00214  -0.02372   0.04866  -0.05352   0.00913  -0.00276   0.10784  -0.14279  -0.02709 
  0.00104   0.06409  -0.07939   0.00417   0.02595   0.08671  -0.06585  -0.03871   0.03835   0.03049  -0.03585  -0.03019  -0.01556   0.03780  -0.02096  -0.02339   0.02144   0.07887  -0.10189  -0.02393 
  0.01410   0.05019  -0.05123  -0.02192   0.06662   0.06318  -0.08674  -0.01461   0.05745   0.02690  -0.09543   0.01453  -0.03069   0.04853  -0.04775   0.01166   0.00650   0.10320  -0.12255  -0.04804 
  0.02696   0.05380  -0.08610   0.00279   0.07547   0.05884  -0.07967  -0.02946   0.03364   0.04863  -0.06538  -0.01427  -0.04322   0.03807  -0.04416   0.04393   0.02812   0.09367  -0.11039  -0.05382 
  0.01544   0.05404  -0.07006  -0.00516   0.05837   0.05651  -0.07511  -0.01299   0.02795   0.04796  -0.04408  -0.03056  -0.03831   0.05892  -0.03583  -0.01603   0.03958   0.09647  -0.11968  -0.05524 
  0.01295   0.05986  -0.06281  -0.02192   0.05649   0.07221  -0.09827   0.00018   0.03923   0.01952  -0.05319   0.00003   0.01003   0.04349  -0.06967  -0.00908   0.08339   0.10364  -0.16839  -0.03847 
  0.03782   0.05128  -0.08842  -0.00196   0.04118   0.06765  -0.06136  -0.03244   0.01652   0.04812  -0.04272  -0.02048  -0.01185   0.03195  -0.03526   0.00329  -0.02536   0.09843  -0.09726  -0.05373 
  0.00459   0.05475  -0.05291  -0.01736   0.05236   0.04678  -0.04004  -0.04986   0.04434   0.03050  -0.04293  -0.02865  -0.05207   0.05972  -0.02859  -0.00884   0.03579   0.09419  -0.09643  -0.08265 
  0.01525   0.05296  -0.04850  -0.03183   0.10082   0.07508  -0.12783  -0.01477   0.02047   0.01954  -0.04021   0.00499   0.01450   0.01774  -0.04775   0.00893   0.02989   0.10192  -0.12796  -0.05164 
  0.03782   0.04411  -0.07874  -0.00196   0.02631   0.08409  -0.06787  -0.03146   0.02625   0.04694  -0.05569  -0.01487  -0.04208   0.05109  -0.03489   0.00499   0.00754   0.10351  -0.12933  -0.03990 
 -0.00035   0.06456  -0.06532  -0.01285   0.02637   0.04960  -0.03451  -0.03410   0.02337   0.02025  -0.03542  -0.00370  -0.02437   0.02510  -0.00384  -0.00844   0.01656   0.09808  -0.09861  -0.07692 
  0.00733   0.04153  -0.03936  -0.01633   0.09184   0.05991  -0.11991   0.00771   0.06422   0.02303  -0.07681  -0.00609  -0.00983   0.02651  -0.03044   0.00495   0.05767   0.07166  -0.11253  -0.01434 
  0.04557   0.03881  -0.08216   0.00220   0.05523   0.07214  -0.05183  -0.07364   0.01325   0.05883  -0.04262  -0.03037  -0.01744   0.03828  -0.05404   0.02222   0.01983   0.10355  -0.10369  -0.08693 
  0.00908   0.06245  -0.05536  -0.03248   0.00612   0.07019  -0.06684   0.00881   0.05449   0.02771  -0.05672  -0.02140  -0.01830   0.03256  -0.01701  -0.01374   0.02672   0.07640  -0.06225  -0.08472 
  0.02077   0.04215  -0.05002  -0.01716   0.05737   0.06374  -0.09538   0.00743   0.03280   0.01289  -0.06016   0.02016   0.03070   0.00705  -0.05103   0.00871   0.07862   0.07529  -0.10849  -0.04324 
