16 20 5 1 45 -3.7618 2.8000 5.4168 10780
  0.04430  -0.02579  -0.01659   0.01363  -0.02166   0.00548   0.00851  -0.00191   0.05138  -0.02875  -0.00587  -0.01558   0.02887  -0.03699   0.02841  -0.01987  -0.00753  -0.00218  -0.00353   0.01407 
  0.01806  -0.01752   0.01016  -0.00846   0.03027   0.02027  -0.02663  -0.01021   0.10350  -0.07323  -0.02720  -0.00878   0.03063  -0.07423   0.07359  -0.03475   0.00704  -0.01187   0.01325  -0.00436 
  0.05353  -0.03969   0.00976  -0.01622   0.06385  -0.03144  -0.04537   0.04595   0.09174  -0.03517  -0.04325  -0.01223   0.03199  -0.03600   0.02587  -0.02279   0.03878  -0.01257  -0.01040   0.01904 
  0.05876  -0.02955  -0.01631   0.00233  -0.02835  -0.02334   0.00574   0.04229   0.06191  -0.02748  -0.03859   0.00855   0.01441  -0.03306   0.03917  -0.02101   0.04295  -0.01876   0.01069  -0.00778 
  0.02091  -0.02709   0.00777   0.00548   0.02742  -0.01571  -0.00570   0.00221   0.08656  -0.06164  -0.02136  -0.00578   0.03108  -0.05344   0.06778  -0.06268   0.08351  -0.00347  -0.01335  -0.02149 
  0.05300  -0.03393   0.00937  -0.02307   0.06438  -0.01977  -0.02559   0.00177   0.07295  -0.06774  -0.04785   0.04125   0.04005  -0.04363   0.04161  -0.04928   0.03839  -0.00401  -0.03123   0.03602 
  0.05667  -0.03540  -0.01253   0.00724   0.00171  -0.01044   0.00007   0.01098   0.06663  -0.04404  -0.01627  -0.00536   0.02481  -0.03452   0.03849  -0.03437   0.02244  -0.00843   0.00404  -0.00339 
  0.02953  -0.02521   0.01003  -0.00968   0.04131   0.01671  -0.02910  -0.01302   0.09147  -0.05818  -0.01423  -0.02295   0.02097  -0.05662   0.06507  -0.03378   0.08775  -0.01855   0.01801  -0.05257 
  0.05563  -0.03305   0.01148  -0.03089   0.05859  -0.00868  -0.01330  -0.02691   0.08456  -0.05973  -0.02295  -0.00344   0.01703  -0.02984   0.03754  -0.02860   0.06408  -0.01417  -0.03936   0.05078 
  0.05423  -0.02998  -0.00589  -0.00685  -0.01807  -0.00445   0.01267  -0.00033   0.04171  -0.02085  -0.00737  -0.01138   0.02788  -0.04583   0.04653  -0.03230   0.01850  -0.02138  -0.01406   0.05069 
  0.02034  -0.02651   0.01320  -0.00283   0.00911  -0.01047  -0.00085   0.00559   0.09069  -0.05622  -0.04275   0.00785   0.01978  -0.02853   0.04835  -0.05485   0.06971  -0.01582  -0.00017  -0.01105 
  0.04645  -0.02738   0.00241  -0.01396   0.07564  -0.00667  -0.04491   0.00482   0.08421  -0.03278  -0.04188  -0.00729   0.03741  -0.06169   0.04710  -0.02118   0.09203  -0.02638  -0.02562   0.03484 
  0.06632  -0.03613  -0.01351  -0.00144   0.01833  -0.00265  -0.01056   0.00387   0.05195  -0.02908   0.00550  -0.02984   0.01691  -0.02301   0.03428  -0.03605   0.04672  -0.03194  -0.01633   0.05632 
  0.02860  -0.02349   0.00737  -0.00705   0.02706   0.00094  -0.00329  -0.02269   0.09181  -0.04491  -0.00001  -0.05432   0.02904  -0.03538   0.05322  -0.06679   0.06574  -0.03919   0.01832   0.00160 
  0.05317  -0.03159   0.01816  -0.04102   0.06421   0.00707  -0.03582  -0.01439   0.07554  -0.01496  -0.03099  -0.02730   0.05301  -0.05063   0.03135  -0.04191   0.02219  -0.04107  -0.00586   0.06775 
  0.06325  -0.03013  -0.00933  -0.01212  -0.02709  -0.00855   0.02235  -0.00500   0.07245  -0.06400  -0.03244   0.02352   0.03284  -0.05425   0.03011   0.00117   0.01822  -0.00487  -0.00005  -0.00070 
  0.03046  -0.03599   0.00897   0.00567   0.00854  -0.03876   0.01237   0.01551   0.10585  -0.08840  -0.02493  -0.00111   0.02988  -0.07159   0.05730  -0.00915   0.06923  -0.02712   0.01886  -0.02383 
  0.05317  -0.05605   0.01790  -0.00644   0.04322  -0.02959  -0.03475   0.04866   0.09562  -0.05330  -0.08306   0.03855   0.04368  -0.05217   0.04222  -0.04082   0.02540  -0.00888  -0.01954   0.03414 
  0.05720  -0.03584  -0.01928   0.01651  -0.00979  -0.02544  -0.00045   0.03912   0.08088  -0.04097  -0.02674  -0.01233   0.01254  -0.03620   0.04575  -0.02324   0.00784  -0.01133   0.00916   0.00142 
  0.02468  -0.02839   0.01082  -0.00124   0.01714  -0.04444  -0.00466   0.04213   0.09205  -0.06034  -0.01527  -0.02040   0.04472  -0.05281   0.05120  -0.05773   0.07455  -0.02699  -0.00480   0.01418 
  0.05754  -0.04552   0.00830  -0.01069   0.02796  -0.02432  -0.03699   0.06042   0.07844  -0.05408  -0.03338   0.00964   0.02957  -0.05536   0.02480   0.01611   0.05768  -0.03082  -0.03552   0.07545 
  0.04680  -0.04282  -0.01702   0.03337   0.00704  -0.04160   0.00699   0.02924   0.07068  -0.04390  -0.00938  -0.01799   0.00648  -0.04035   0.05215  -0.01687  -0.02913  -0.04320   0.03384   0.03317 
  0.01673  -0.04043   0.02474   0.00213   0.00197  -0.02342   0.00063   0.02476   0.08165  -0.06611   0.01185  -0.03605   0.02610  -0.06994   0.07494  -0.03696   0.05158  -0.03840   0.02183   0.00273 
  0.04196  -0.05022   0.02882  -0.01870   0.01912  -0.00002  -0.03931   0.04555   0.09851  -0.06408  -0.02868  -0.00931   0.04054  -0.04892   0.01381   0.00448  -0.01417  -0.02517  -0.02818   0.09138 
  0.05106  -0.03584  -0.01914   0.02295   0.01537  -0.01418  -0.00924   0.01829   0.05049  -0.02181  -0.01421  -0.01170   0.02674  -0.07023   0.05123   0.00366  -0.00039  -0.00582  -0.01051   0.02828 
  0.02336  -0.02969   0.00830   0.00567   0.02032  -0.04147   0.00665   0.01723   0.07037  -0.04712  -0.00299  -0.02223   0.02418  -0.04302   0.05134  -0.03964   0.03274  -0.04426   0.02561   0.01717 
  0.03798  -0.04282   0.02127  -0.01212   0.03198  -0.03200  -0.01530   0.03221   0.08184  -0.07649  -0.02756   0.01889   0.04215  -0.07439   0.04311  -0.00136   0.04706  -0.05353  -0.01835   0.09086 
  0.05388  -0.06070  -0.00219   0.02782   0.00540  -0.04323   0.02896  -0.00702   0.03379  -0.01742  -0.01250  -0.00075   0.01292  -0.06721   0.07033  -0.01165   0.01746  -0.04647   0.03421   0.01415 
  0.01251  -0.04357   0.03499  -0.00544   0.00022  -0.03143   0.01855   0.00401   0.08861  -0.07216   0.00517  -0.03026   0.00677  -0.05509   0.08049  -0.04155   0.08509  -0.05835   0.01554   0.02632 
  0.04160  -0.05297   0.03135  -0.01870   0.04475  -0.02178  -0.03509   0.03939   0.06995  -0.04594  -0.04170   0.02011   0.03801  -0.06472   0.03772  -0.00173   0.03219  -0.05572  -0.00474   0.08257 
  0.05053  -0.04900  -0.00920   0.02670   0.01501  -0.01292  -0.00821   0.01543   0.07289  -0.06815  -0.00590  -0.00229   0.02508  -0.05247   0.04180  -0.00792   0.01858  -0.05096   0.01671   0.05032 
  0.03157  -0.04583   0.01464   0.00899   0.00173  -0.01631   0.00105   0.01617   0.08540  -0.04967   0.01571  -0.06238   0.01883  -0.06216   0.07803  -0.04428   0.04805  -0.05940   0.01440   0.05131 
  0.03798  -0.04794   0.02996  -0.01911   0.05509  -0.01665  -0.01583  -0.00834   0.10584  -0.05930  -0.04613  -0.00335   0.07465  -0.06333   0.02537  -0.04955   0.07781  -0.07340   0.00756   0.06574 
  0.08271  -0.05481  -0.00644  -0.00644   0.02591  -0.05022   0.02864  -0.01931   0.06242  -0.05383   0.01116  -0.02434   0.01612  -0.06738   0.07922  -0.03261   0.01254  -0.04456   0.03661   0.00927 
  0.02953  -0.05589   0.04353  -0.02140   0.03155  -0.00073   0.00049  -0.03250   0.09821  -0.09944  -0.00010  -0.01138   0.04576  -0.06977   0.07362  -0.07064   0.09151  -0.02247   0.00488  -0.02221 
  0.06684  -0.04885   0.02179  -0.03906   0.09614  -0.05696  -0.05055   0.04581   0.09822  -0.05909  -0.04345   0.00255   0.07267  -0.09216   0.03594  -0.01413   0.08773  -0.06078  -0.02838   0.09303 
  0.09004  -0.07145  -0.01871   0.02258   0.01778  -0.02568   0.00461   0.00549   0.08843  -0.04931  -0.00346  -0.04107   0.05659  -0.07891   0.04826  -0.02731   0.11995  -0.07962   0.03157   0.00898 
  0.05772  -0.06039   0.02602  -0.01891  -0.01217  -0.00864  -0.00343   0.02736   0.10216  -0.07731  -0.02196  -0.00949   0.03832  -0.06755   0.06577  -0.04562   0.10789  -0.04058   0.00549  -0.00141 
  0.05615  -0.05022   0.01490  -0.01294   0.04107   0.02888  -0.08988   0.06105   0.08869  -0.06266  -0.03796   0.01069   0.06476  -0.04558   0.00221  -0.02549   0.13455  -0.07433  -0.02272   0.07681 
  0.07476  -0.04013  -0.03530   0.02352  -0.00130  -0.01452  -0.00549   0.02785   0.09644  -0.03733  -0.03762  -0.02196   0.02855  -0.07020   0.05083   0.00141   0.01490  -0.05805   0.00944   0.07374 
  0.03543  -0.04809   0.00963   0.01517   0.04410  -0.05024   0.00028   0.01408   0.10014  -0.07050  -0.01948  -0.01593   0.05654  -0.05391   0.03695  -0.05215   0.06918  -0.05963   0.01275   0.04243 
  0.06615  -0.05620   0.00990  -0.00907   0.08532  -0.04709  -0.08160   0.08795   0.13621  -0.07776  -0.08488   0.01422   0.10340  -0.07493  -0.00995  -0.02949   0.09651  -0.05472  -0.05072   0.10797 
  0.10775  -0.06462  -0.05361   0.03776   0.02815  -0.05235  -0.01354   0.05393   0.10254  -0.05254  -0.02238  -0.03228   0.07205  -0.04557  -0.02212  -0.00309   0.06785  -0.05585  -0.00202   0.06033 
  0.05911  -0.05175  -0.00561   0.01593   0.00732  -0.01074  -0.00285   0.01108   0.17651  -0.10281  -0.04771  -0.05933   0.11686  -0.08632   0.01902  -0.08675   0.03611  -0.05336   0.02091   0.03804 
  0.10166  -0.06415   0.00147  -0.03046   0.14203  -0.10356  -0.04248   0.02525   0.16185  -0.11614  -0.05752  -0.01500   0.13883  -0.13207  -0.02744   0.01159   0.15207  -0.07682   0.00064   0.03431 
  0.14740  -0.11093  -0.02830   0.00782   0.08976  -0.02917   0.00034  -0.06558   0.21295  -0.05630  -0.12441  -0.08148   0.16821  -0.06724  -0.07707  -0.09445   0.11379   0.01237  -0.07176   0.01794 
  0.14697  -0.03525  -0.04782  -0.06339   0.15968  -0.06917  -0.04170  -0.03585   0.32541  -0.16889  -0.18079  -0.15890   0.23515  -0.11908  -0.02338  -0.33395   0.24990  -0.02387  -0.09415   0.00588 
  0.24749  -0.10226  -0.07082  -0.11945   0.33662  -0.28759  -0.16464   0.01853   0.26221  -0.20628  -0.22731   0.03888   0.29931  -0.22041  -0.17293  -0.12115   0.15614  -0.10733  -0.08838   0.17705 
  0.29226  -0.22484  -0.14986   0.02483  -0.12999  -0.35555   0.23698  -0.18190   0.03107  -0.21385   0.12419  -0.02605  -0.01627  -0.23542   0.25431  -0.15529  -0.19017  -0.20721   0.19701  -0.02612 
 -0.08798  -0.26764   0.24021  -0.11091  -4.03266  -4.03266   0.44818  -4.03266  -1.68482  -4.03266   0.54518  -4.03266  -2.36468  -4.03266   0.60534  -4.03266  -1.64652  -4.03266   0.47991  -4.03266 
 -2.07977  -4.03266   0.52615  -4.03266  -4.03266  -4.03266  -4.03266   0.69738  -4.03266  -4.03266  -4.03266  -4.03266  -4.03266  -1.39788  -4.03266   0.76024  -4.03266  -4.03266  -4.03266  -4.03266 
 -4.03266  -1.35821  -4.03266   0.68682  -4.03266  -4.03266  -4.03266  -4.03266   0.04566  -0.49907   0.29317  -0.32814  -4.03266  -4.03266  -4.03266  -4.03266   0.09302  -0.92244   0.38834  -1.04148 
 -0.18786  -0.82015   0.43253  -1.03435   0.47419   0.03650  -0.56066  -0.55137   0.41464  -0.22798  -0.28026  -0.30756   0.50508  -0.44998  -0.63594  -1.16744   0.41382  -0.04993  -0.03200  -0.33448 
  0.57524  -0.32106  -0.61909  -0.92986  -1.17316  -1.63143   0.43581  -1.33041  -0.71016  -0.80018   0.49820  -1.01363  -0.47316  -0.40388   0.47214  -0.52937  -0.20062  -0.31779   0.32143  -0.49018 
 -0.93133  -1.10163   0.49871  -1.11430   0.03214  -0.11725  -0.08497   0.18679  -0.02300  -0.02669   0.03059   0.01004  -0.72393  -0.15655  -0.75596   0.59919  -0.04235  -0.10576   0.01908   0.14344 
 -0.55515  -0.11551  -0.69331   0.50924   0.07450   0.04147  -0.01008  -0.13294   0.33391  -0.26034  -0.09428  -0.21000   0.08466   0.06205  -0.05106  -0.26093   0.46771  -0.32550   0.07061  -0.18003 
  0.22949  -0.20656   0.05812  -0.18839  -0.21276   0.04255   0.03386   0.04079  -0.01845  -0.06568   0.12131  -0.09374  -0.22114   0.15377  -0.10368   0.03844  -0.12750  -0.09496   0.11815  -0.00799 
 -0.15290   0.04805   0.03897  -0.00524  -0.03309  -0.04584   0.08341  -0.08641  -0.02531  -0.09704   0.21456  -0.29106  -0.10587   0.08555   0.06374  -0.16805   0.08958  -0.03745   0.08959  -0.19277 
 -0.03624  -0.00211   0.11856  -0.20240   0.00019   0.02306   0.01263  -0.05598   0.08162  -0.10164   0.12796  -0.20622  -0.03274   0.16840  -0.11426  -0.26612   0.10598  -0.04368   0.04486  -0.07187 
  0.04591   0.05599   0.00697  -0.17811  -0.07417  -0.05020   0.12008  -0.14181  -0.08806  -0.16393   0.25221  -0.24236  -0.08645   0.13619  -0.05071  -0.13819  -0.07932  -0.04867   0.11068  -0.09810 
 -0.06802  -0.01428   0.13026  -0.16747   0.01597  -0.03157   0.04324  -0.06254  -0.01263  -0.10792   0.17287  -0.16698  -0.05371   0.14758  -0.15914  -0.07206   0.01306  -0.01006   0.02934  -0.04208 
 -0.00042   0.04573   0.01451  -0.10304  -0.01482  -0.05743   0.08234  -0.08814  -0.02071  -0.12913   0.19600  -0.19361   0.02725   0.06429  -0.09879  -0.04840   0.01364  -0.11133   0.11548  -0.04727 
  0.01328  -0.04522   0.08790  -0.10506  -0.03389  -0.06931   0.09244  -0.07823   0.00463  -0.11483   0.16130  -0.15331   0.05737   0.02459  -0.01976  -0.12868   0.04266  -0.08058   0.09658  -0.07386 
  0.03980  -0.04058   0.07612  -0.12260  -0.04446  -0.02225   0.07713  -0.09118  -0.00668  -0.06666   0.12159  -0.10651  -0.02104   0.08232  -0.05482  -0.07315   0.06238  -0.03995   0.05516  -0.06896 
  0.00038   0.00733   0.04659  -0.09235  -0.02864  -0.02850   0.04245  -0.01855   0.02503  -0.05327   0.11923  -0.15835   0.01268   0.05911  -0.05940  -0.06371   0.11492  -0.06710   0.06253  -0.07278 
  0.03083  -0.01051   0.04095  -0.08796   0.00247  -0.04156   0.05017  -0.05003   0.06840  -0.04839   0.04594  -0.08639   0.03605   0.03889  -0.05320  -0.06554   0.11409  -0.05046   0.05100  -0.07868 
  0.05737  -0.01738   0.02063  -0.07315  -0.02792   0.00011   0.03141  -0.03331   0.03782  -0.02917   0.03618  -0.05513   0.02832   0.05189  -0.09119  -0.03041   0.11157  -0.02803   0.02694  -0.06994 
  0.03488   0.00236   0.00336  -0.04717  -0.02115  -0.05381   0.05482  -0.02123   0.04431  -0.03987   0.04438  -0.06317   0.04984   0.00069  -0.02356  -0.04938   0.11079  -0.02916   0.01021  -0.03330 
  0.04484  -0.02955   0.02461  -0.04474  -0.03211  -0.02502   0.03197   0.00112   0.05854   0.00555  -0.00366  -0.06388   0.07621  -0.00241  -0.04025  -0.06888   0.08832  -0.02968   0.03257  -0.05996 
  0.05580  -0.01246   0.00483  -0.05161   0.00796  -0.02848   0.02287  -0.01521   0.08232  -0.05530   0.03400  -0.07890   0.03644   0.01300  -0.03430  -0.03532   0.09176  -0.06533   0.04374  -0.01783 
  0.05510  -0.03202   0.01803  -0.04255  -0.02856  -0.01605   0.02635  -0.00208   0.09464  -0.05738  -0.00273  -0.04181   0.06647  -0.00542  -0.05637  -0.02060   0.11586  -0.04407   0.02852  -0.04417 
  0.06547  -0.02984   0.00012  -0.02961  -0.00260  -0.00869   0.00094   0.01140   0.09350  -0.02038   0.00023  -0.08412   0.07510  -0.00439  -0.04811  -0.05056   0.10132  -0.05441   0.02902  -0.01515 
  0.06870  -0.02278  -0.00206  -0.04080   0.00563  -0.01611   0.00997  -0.00359   0.08539  -0.05339   0.00329  -0.04190   0.08437  -0.00814  -0.06022  -0.04397   0.12045  -0.03936   0.01482  -0.02985 
  0.07409  -0.03071  -0.00451  -0.03195   0.02147  -0.01316   0.00967  -0.02282   0.09749  -0.04350  -0.03910  -0.01559   0.09983  -0.04347  -0.06476  -0.00124   0.15213  -0.04247   0.01792  -0.05602 
  0.08891  -0.03969  -0.01505  -0.02203   0.00416  -0.02728  -0.01963   0.05891   0.08690  -0.01984  -0.02789  -0.03946   0.05097   0.00485  -0.04849  -0.02400   0.17796  -0.06264   0.00737  -0.02045 
  0.06496  -0.02608  -0.01772  -0.00765   0.01969  -0.05897   0.00951   0.03136   0.06455  -0.05139  -0.00250  -0.01223   0.07699  -0.02426  -0.07460   0.01833   0.12926  -0.04697   0.01775  -0.02805 
  0.06462  -0.04492  -0.00644   0.00213   0.00004  -0.01343  -0.02027   0.04880   0.07560  -0.02929  -0.01765  -0.02825   0.07625  -0.00333  -0.08454  -0.00659   0.17316  -0.05434  -0.01246   0.00375 
  0.06904  -0.02392  -0.02873  -0.00004  -0.00261  -0.01575  -0.02219   0.05639   0.07970  -0.05420  -0.02828   0.00292   0.06269  -0.01006  -0.06292   0.00331   0.10268  -0.04917  -0.00175   0.02871 
  0.05510  -0.03319  -0.02341   0.02088   0.00147  -0.02556  -0.02979   0.07402   0.08310  -0.07125  -0.03438   0.02032   0.04942  -0.00283  -0.08266   0.03493   0.11201  -0.06593   0.02253   0.00875 
  0.05212  -0.03865  -0.02513   0.03318   0.01784  -0.01090  -0.03156   0.04736   0.07324  -0.06027  -0.03796   0.02519   0.07644  -0.02008  -0.05257  -0.01566   0.13957  -0.03438  -0.01552   0.00028 
  0.06410  -0.02984  -0.02931   0.01440  -0.00572   0.00434  -0.02994   0.04855   0.05600  -0.02656  -0.02943   0.00414   0.05382   0.01741  -0.08951  -0.00202   0.14153  -0.03753  -0.01680   0.00648 
  0.04734  -0.01009  -0.03471   0.01325  -0.03261  -0.01338  -0.02678   0.08398   0.07062  -0.05639  -0.03621   0.02286   0.04957   0.01155  -0.08125   0.00676   0.11263  -0.02472  -0.01084  -0.00533 
  0.04304  -0.01993  -0.03324   0.02912  -0.02632   0.00105  -0.04261   0.08608   0.05729  -0.03276  -0.02798   0.00705   0.03612   0.01184  -0.08271   0.02909   0.08237  -0.04500  -0.01261   0.05134 
  0.02953  -0.01540  -0.03559   0.03975  -0.01381   0.02236  -0.04555   0.05717   0.04832  -0.01618  -0.07395   0.04568   0.02560   0.04901  -0.11608   0.00933   0.11086  -0.02365  -0.01183  -0.00438 
  0.02860   0.01039  -0.05530   0.03005  -0.03641  -0.01641  -0.01772   0.07713   0.07013  -0.03670  -0.07629   0.04466   0.01371   0.05312  -0.10498   0.00663   0.03357   0.01728  -0.04346   0.01750 
  0.01959   0.00773  -0.05407   0.04102  -0.02950   0.01217  -0.04792   0.08381   0.01956  -0.03696  -0.03224   0.05074   0.01248   0.04388  -0.11018   0.03282   0.05862  -0.03374   0.01313   0.00561 
  0.00433  -0.00280  -0.03574   0.04729  -0.01956   0.03255  -0.05089   0.05737   0.05485  -0.05925  -0.07496   0.07565   0.03061   0.06538  -0.14811   0.00014   0.12546  -0.02355  -0.00606  -0.02543 
  0.03433   0.00839  -0.06260   0.03575  -0.05929   0.04612  -0.04689   0.06594   0.03936  -0.06542  -0.08844   0.10366   0.02682   0.06706  -0.15240   0.00680   0.07574  -0.02742   0.02314  -0.03601 
  0.01231   0.00546  -0.05484   0.05172  -0.03184   0.09739  -0.08707   0.03187   0.01957  -0.07322  -0.08781   0.12349   0.06244   0.06012  -0.14517  -0.04642   0.09080  -0.04549   0.02465  -0.01540 
  0.02468   0.00906  -0.06322   0.04497  -0.03672   0.12608  -0.13100   0.04886   0.00908  -0.10592  -0.10552   0.16211   0.10159   0.07584  -0.20214  -0.10597   0.11359  -0.06307   0.06015  -0.07402 
  0.03725   0.00893  -0.07611   0.04747  -0.06883   0.13213  -0.10025   0.02615   0.02511  -0.11757  -0.11873   0.16598   0.12172   0.05601  -0.21200  -0.08844   0.03531  -0.05895   0.08417  -0.07983 
  0.03212   0.00236  -0.06370   0.04729  -0.09597   0.16428  -0.15959   0.06499   0.01287  -0.08975  -0.12976   0.16541   0.14513   0.04534  -0.21914  -0.11138   0.03235  -0.08822   0.11060  -0.08863 
  0.03488   0.00706  -0.07241   0.04818  -0.10475   0.20099  -0.18537   0.03616   0.02920  -0.08649  -0.19714   0.18895   0.15605   0.05794  -0.27232  -0.11955   0.08331  -0.08677   0.10467  -0.11521 
  0.04787   0.02111  -0.10361   0.04978  -0.06310   0.20733  -0.21524   0.02484   0.02011  -0.06584  -0.18881   0.17913   0.19030   0.02033  -0.29242  -0.09705   0.06896  -0.05907   0.09021  -0.12164 
  0.05754   0.02137  -0.11406   0.05031  -0.14981   0.22329  -0.21359   0.05281   0.01930  -0.04077  -0.19760   0.16892   0.17841   0.04172  -0.25557  -0.15732   0.04631  -0.06730   0.08310  -0.06847 
  0.03396   0.03548  -0.11283   0.05278  -0.08951   0.22432  -0.27431   0.06630  -0.00649  -0.00265  -0.20600   0.16442   0.17901   0.04343  -0.28731  -0.12997   0.01893  -0.04080   0.05140  -0.02994 
  0.03341   0.04829  -0.14472   0.06559  -0.13864   0.23523  -0.21324   0.02224  -0.02327  -0.00494  -0.23103   0.18772   0.16419   0.02357  -0.25404  -0.06996   0.04149  -0.01445   0.05116  -0.10018 
  0.01057   0.05120  -0.13022   0.06882  -0.09903   0.24420  -0.30450   0.05962  -0.01884   0.02413  -0.22030   0.15982   0.15423   0.02789  -0.26310  -0.04723  -0.00033  -0.01958   0.02094   0.00036 
  0.01251   0.05908  -0.15914   0.08167  -0.11643   0.24490  -0.31084   0.07420  -0.01079   0.01670  -0.20683   0.15364   0.15617   0.04237  -0.27827  -0.07273  -0.00045   0.01318  -0.01912   0.00643 
