IntronPotTab 1 1024 0.06601
    0.01519
   -0.01525
   -0.00759
   -0.00022
   -0.00346
   -0.01589
    0.01045
    0.00472
   -0.00169
    0.00543
   -0.01687
    0.01026
    0.00066
    0.00024
   -0.01425
    0.01072
    0.00268
   -0.00697
   -0.00314
    0.00597
   -0.02591
    0.01113
    0.01236
   -0.00107
    0.00550
   -0.00254
   -0.00334
   -0.00409
    0.00832
    0.00449
   -0.00796
   -0.00417
   -0.01062
   -0.00286
    0.01471
   -0.00076
   -0.01623
   -0.00929
    0.01659
    0.00378
    0.00218
    0.00065
    0.02918
   -0.04098
   -0.02632
    0.00933
    0.00186
    0.00193
    0.00183
   -0.02496
    0.00259
    0.01321
   -0.01135
    0.00312
    0.00760
   -0.00179
    0.01321
   -0.00356
   -0.01150
   -0.00694
    0.02249
    0.00267
   -0.02198
   -0.00204
    0.00350
   -0.01990
   -0.00182
    0.01680
   -0.01334
   -0.01429
    0.01618
    0.00995
    0.01084
    0.00423
   -0.02617
    0.00273
    0.01329
   -0.01890
   -0.00648
    0.01866
   -0.01158
    0.00070
   -0.00570
    0.01583
   -0.02186
   -0.00282
    0.01328
    0.00729
    0.00528
   -0.00514
    0.00047
   -0.00430
    0.02532
    0.00214
   -0.01533
   -0.00404
   -0.01065
   -0.00447
    0.00585
    0.00965
   -0.01829
   -0.02151
    0.01585
    0.01575
    0.00841
   -0.00367
    0.00477
   -0.01661
   -0.01159
   -0.00126
   -0.00075
    0.00952
    0.05394
   -0.04826
    0.01049
   -0.00516
   -0.02043
   -0.00201
    0.01461
    0.00163
    0.02710
   -0.01902
   -0.01676
   -0.00465
    0.01391
   -0.01507
    0.00822
    0.00841
    0.00596
   -0.01747
   -0.01935
    0.02556
   -0.01191
   -0.01254
    0.00950
    0.01103
    0.00545
    0.00380
   -0.01270
   -0.00019
    0.00227
   -0.01084
   -0.01073
    0.01985
    0.00082
   -0.02085
    0.00509
    0.00885
   -0.01754
   -0.00158
    0.01069
    0.00387
    0.00696
   -0.01849
    0.00683
   -0.00369
   -0.00012
    0.00752
   -0.00480
   -0.00786
    0.00946
   -0.02797
    0.00555
   -0.00115
   -0.01745
   -0.01254
    0.00796
    0.01488
    0.00980
   -0.01244
    0.00982
   -0.01953
   -0.03559
    0.02508
   -0.02081
    0.01433
    0.00520
   -0.03817
    0.02054
    0.00807
   -0.00592
   -0.01049
    0.01217
   -0.00169
    0.01044
   -0.01151
   -0.00510
    0.00025
    0.00211
   -0.00284
   -0.01632
    0.01334
   -0.03019
   -0.00878
   -0.00953
    0.03509
   -0.02176
   -0.00345
    0.01714
    0.00632
    0.00611
    0.00373
   -0.01690
    0.00284
   -0.03027
   -0.00044
   -0.00546
    0.02087
   -0.01423
   -0.01787
    0.00513
    0.01972
   -0.02192
    0.00967
    0.01379
   -0.00594
    0.00407
   -0.00619
    0.00506
   -0.00721
    0.01672
   -0.00081
    0.00225
   -0.01087
   -0.00971
   -0.00235
    0.00251
    0.00937
   -0.02032
   -0.01085
    0.01307
    0.01249
    0.00649
   -0.00809
    0.01439
   -0.02043
   -0.02090
    0.00442
   -0.00231
    0.01089
    0.00541
   -0.02871
    0.01045
    0.00748
   -0.01220
    0.00602
    0.00416
   -0.00067
    0.01257
   -0.00936
   -0.01657
    0.00488
    0.00582
   -0.00334
   -0.01112
    0.00849
   -0.00441
   -0.00138
   -0.00882
    0.01476
   -0.01789
    0.00089
    0.01178
    0.00571
   -0.01915
    0.02936
   -0.02436
    0.01267
   -0.01428
    0.00866
   -0.00640
    0.00604
   -0.00042
    0.00421
   -0.01413
    0.01338
   -0.04119
    0.01583
    0.02103
   -0.00690
   -0.00465
    0.01387
   -0.00250
   -0.00449
   -0.00185
    0.01106
   -0.00106
   -0.01450
   -0.00163
    0.00785
    0.00206
   -0.00816
   -0.02757
    0.01016
    0.01047
    0.00387
   -0.00474
    0.03154
    0.02008
   -0.05717
   -0.03363
    0.02898
   -0.00249
   -0.02108
    0.00433
   -0.01050
   -0.00978
    0.01244
   -0.03042
    0.01559
    0.00865
    0.00266
    0.00655
    0.01133
   -0.01255
   -0.00794
    0.01122
    0.00815
   -0.00665
   -0.01139
   -0.00646
   -0.00978
   -0.01033
    0.02632
   -0.03218
    0.00934
    0.00765
    0.01104
   -0.00051
    0.01830
   -0.03905
    0.01811
   -0.00581
   -0.00514
   -0.00550
    0.01512
   -0.01252
   -0.00191
   -0.02436
    0.03454
   -0.03257
    0.00686
    0.00570
    0.01362
   -0.00067
    0.00348
   -0.00586
    0.00377
   -0.00349
    0.00487
   -0.00738
    0.00096
   -0.00949
   -0.00621
    0.00297
    0.01287
   -0.03139
   -0.00834
    0.00591
    0.02385
   -0.00578
    0.00708
    0.00599
   -0.00566
   -0.01346
    0.00224
    0.00204
    0.00330
    0.03069
   -0.02802
   -0.00474
    0.00595
   -0.02016
    0.00174
    0.00459
    0.00971
    0.00659
   -0.00461
   -0.02081
    0.01776
    0.01456
   -0.00499
   -0.00786
    0.01002
   -0.00533
    0.00120
   -0.03036
    0.03282
   -0.02445
    0.00786
   -0.00021
    0.01564
   -0.00674
    0.01865
   -0.02461
    0.00983
   -0.00759
    0.00044
   -0.01389
    0.01810
   -0.00461
   -0.00740
   -0.01389
    0.02638
   -0.02882
    0.00997
    0.00647
    0.00844
   -0.00113
   -0.00683
    0.00229
    0.00656
   -0.01230
    0.01250
   -0.01353
   -0.00003
    0.00181
   -0.01052
    0.00034
    0.00546
   -0.02074
   -0.00399
    0.00149
    0.01820
   -0.00050
    0.00785
    0.00167
   -0.01089
   -0.03101
    0.02174
   -0.00711
   -0.00199
    0.00251
   -0.02093
   -0.00122
    0.01593
   -0.02760
    0.00385
    0.00798
    0.00920
   -0.01031
    0.00372
   -0.00404
    0.01603
   -0.01922
    0.00883
   -0.01210
    0.00517
   -0.01851
    0.00477
   -0.03286
    0.03374
   -0.03404
    0.01222
    0.00419
    0.01516
    0.00413
    0.00920
   -0.02552
    0.00864
   -0.03395
    0.00603
   -0.01733
    0.02424
   -0.01773
   -0.00969
   -0.00703
    0.02993
   -0.03747
    0.02113
    0.00829
   -0.00013
   -0.00844
    0.00760
    0.00221
    0.00305
   -0.00163
    0.00647
    0.00507
   -0.01499
   -0.01627
    0.01251
   -0.00277
    0.00911
   -0.05240
    0.01545
    0.00806
    0.01444
   -0.01244
    0.01583
    0.00407
   -0.00216
   -0.03169
    0.01489
   -0.00311
    0.00236
    0.00194
   -0.02553
    0.00499
    0.01432
   -0.03339
    0.01895
   -0.00237
    0.00924
   -0.00481
    0.00335
   -0.01244
    0.01463
   -0.01385
   -0.00437
   -0.00647
    0.01643
    0.00436
   -0.00817
   -0.00994
    0.00996
   -0.01841
   -0.01078
    0.01936
    0.00295
   -0.01174
    0.01702
   -0.00898
    0.00565
   -0.00601
   -0.00091
   -0.00417
    0.00897
   -0.00764
   -0.01227
    0.01513
    0.00091
   -0.03164
   -0.00279
    0.02310
   -0.00277
   -0.00653
    0.00265
    0.00666
    0.00027
   -0.00534
    0.00436
    0.00986
   -0.01337
   -0.00481
   -0.00389
    0.00753
    0.00044
   -0.02738
   -0.00508
    0.01637
    0.00802
   -0.00364
    0.00768
    0.02247
   -0.03369
   -0.03316
    0.00900
    0.01103
   -0.00226
    0.00154
   -0.01278
    0.00615
    0.00370
   -0.02681
    0.01081
    0.01487
   -0.00747
    0.00117
    0.00603
   -0.00602
   -0.00177
    0.00324
    0.00791
   -0.00726
   -0.00663
   -0.00344
   -0.00735
   -0.00800
    0.01975
   -0.02345
    0.00166
    0.01222
    0.00722
   -0.00322
    0.01178
   -0.02152
    0.00931
    0.00377
   -0.01164
    0.00121
    0.01146
   -0.01730
   -0.00437
    0.01141
    0.00788
   -0.02487
    0.00426
    0.01337
    0.00052
   -0.00657
    0.00001
    0.00759
    0.00183
    0.01103
    0.00179
    0.00007
   -0.00890
   -0.00848
   -0.00961
    0.01152
    0.00424
   -0.02349
   -0.01103
    0.01468
    0.01191
   -0.00205
   -0.00318
    0.00804
   -0.00123
   -0.01540
   -0.00405
    0.01604
    0.00029
    0.02500
   -0.03611
    0.01152
    0.00432
   -0.01668
    0.00067
    0.01515
   -0.00642
   -0.00192
   -0.00225
    0.00038
    0.00506
    0.01775
   -0.00830
   -0.00004
    0.00487
   -0.00441
   -0.00642
   -0.01192
    0.02137
   -0.01680
   -0.00887
    0.01795
    0.00124
   -0.00256
    0.00795
   -0.00916
    0.00312
   -0.00158
   -0.00475
   -0.00421
    0.01050
   -0.00398
   -0.02348
    0.00994
    0.00994
   -0.03185
   -0.00334
    0.02275
   -0.00003
   -0.00670
   -0.01245
    0.01547
    0.00087
   -0.00500
    0.01096
   -0.00110
   -0.01369
    0.00564
   -0.01828
    0.00562
   -0.00249
   -0.01245
   -0.01069
    0.00154
    0.01503
    0.01053
   -0.00462
    0.00247
   -0.02125
   -0.02693
    0.01555
   -0.00237
    0.00033
   -0.03732
   -0.00863
    0.02583
    0.00834
   -0.02783
   -0.00391
    0.02084
   -0.00278
   -0.03675
    0.01220
    0.01550
    0.01935
   -0.01808
    0.00741
   -0.00691
    0.00272
    0.00128
    0.01395
   -0.06794
    0.04086
   -0.02997
    0.01622
    0.01602
   -0.00269
    0.00603
    0.01538
   -0.02324
   -0.00349
   -0.01132
    0.00758
   -0.01623
    0.01082
   -0.01795
   -0.00595
    0.00895
    0.01187
   -0.03164
    0.01497
    0.01858
   -0.01248
   -0.00746
    0.00076
    0.00669
    0.00296
    0.00175
    0.00585
    0.00992
   -0.02082
   -0.00090
    0.02417
   -0.03292
    0.01820
   -0.03323
   -0.00163
    0.01098
    0.01536
   -0.00218
    0.00649
    0.00553
   -0.00931
   -0.02924
    0.00585
    0.00415
    0.00628
    0.00245
   -0.01509
    0.00653
    0.00466
   -0.02296
    0.00925
    0.01149
   -0.00605
   -0.00837
    0.00919
   -0.00654
    0.00653
    0.00762
   -0.00400
   -0.00975
    0.00922
   -0.00446
   -0.00834
   -0.01408
    0.01922
   -0.01934
   -0.01761
    0.02012
    0.01013
    0.00193
    0.01525
   -0.01848
   -0.00277
   -0.01970
   -0.00654
   -0.00481
    0.01990
   -0.01580
   -0.00230
   -0.02229
    0.03378
   -0.03291
    0.00479
    0.01677
    0.00068
   -0.00314
    0.00589
   -0.00114
   -0.00001
    0.00838
    0.00854
   -0.01100
   -0.00624
   -0.00398
   -0.00082
   -0.00780
    0.01413
   -0.02627
   -0.01351
    0.01045
    0.01772
    0.00033
    0.00919
    0.00669
   -0.01650
   -0.03033
    0.01166
   -0.00770
    0.01046
    0.00342
    0.00033
   -0.01063
    0.00346
   -0.02292
    0.00319
    0.01031
    0.00351
    0.00638
    0.00402
   -0.01331
    0.00022
    0.00585
    0.00665
   -0.01024
   -0.00392
   -0.00054
   -0.03246
   -0.01723
    0.04063
   -0.02962
   -0.02353
    0.01829
    0.02731
    0.00975
   -0.00952
   -0.03470
    0.03214
   -0.00817
   -0.02514
   -0.00385
    0.03566
    0.00033
    0.00074
   -0.04643
    0.03866
   -0.02991
    0.00924
    0.00274
    0.01137
    0.00374
   -0.00533
   -0.00819
    0.00849
    0.01818
    0.00361
   -0.01590
    0.00059
   -0.00840
   -0.01558
   -0.00120
    0.02174
   -0.03121
   -0.01813
    0.00523
    0.02756
    0.00101
   -0.01010
    0.00245
    0.00649
   -0.01954
   -0.00625
   -0.00048
    0.01746
    0.05350
   -0.04745
   -0.00616
    0.00945
   -0.01087
   -0.00656
    0.00664
    0.00743
    0.01843
   -0.01258
   -0.02052
    0.00779
    0.03334
   -0.01400
   -0.00598
    0.01530
   -0.00082
   -0.01433
   -0.03697
    0.04260
   -0.00895
   -0.01928
    0.00206
    0.02089
    0.00078
    0.01758
   -0.01638
   -0.00850
   -0.00976
   -0.00851
   -0.01343
    0.02536
   -0.00461
   -0.00609
   -0.03031
    0.03857
   -0.02482
    0.00229
    0.00737
    0.00886
    0.00148
   -0.01334
    0.00147
    0.00946
   -0.00296
    0.01177
   -0.01945
    0.00338
    0.00530
   -0.02143
    0.00005
    0.00827
   -0.02076
   -0.01889
    0.00346
    0.02404
    0.00598
   -0.00683
    0.00463
   -0.00893
   -0.04218
    0.01969
   -0.00642
    0.00710
   -0.01095
   -0.02750
    0.00075
    0.02858
   -0.00939
   -0.01096
    0.00896
    0.00613
   -0.00372
   -0.00231
   -0.01196
    0.01874
   -0.00352
    0.00185
   -0.01548
    0.01228
   -0.02593
    0.00026
   -0.01207
    0.02830
   -0.05940
    0.00097
    0.02857
    0.01782
   -0.00081
    0.00927
   -0.00506
   -0.00521
   -0.02934
    0.00509
   -0.00855
    0.01226
   -0.00884
   -0.00282
   -0.03027
    0.03552
   -0.04656
    0.01357
    0.01415
    0.00745
   -0.00365
    0.00073
    0.00512
   -0.00111
    0.00523
    0.01029
    0.00701
   -0.02518
   -0.01110
    0.00662
   -0.00091
    0.00791
   -0.05774
    0.00509
    0.01766
    0.01766
    0.00128
   -0.00065
    0.00742
   -0.00940
   -0.05426
    0.00938
    0.00052
    0.01490
    0.00489
   -0.01573
    0.00457
    0.00523
   -0.05015
    0.01645
    0.00646
    0.01040
    0.00328
    0.00610
   -0.02392
    0.00923
   -0.01533
   -0.00026
   -0.00952
    0.01061
