IntronPotTab 1 1024 1.95142
    0.03039
   -0.04624
   -0.08563
    0.06270
    0.06290
   -0.02842
   -0.07683
   -0.01044
   -0.04508
    0.02474
   -0.02962
    0.05059
    0.09005
   -0.10628
   -0.08723
    0.05580
   -0.03195
    0.12610
   -0.17512
    0.02209
    0.03691
    0.05307
   -0.08601
   -0.06188
   -0.01419
    0.04128
   -0.08445
    0.01402
    0.15756
   -0.03175
   -0.07059
   -0.03885
   -0.02075
    0.07010
   -0.12121
    0.05877
    0.03454
   -0.01776
   -0.06604
    0.01303
   -0.02164
    0.08594
   -0.01527
   -0.04982
    0.07074
   -0.11005
    0.01110
    0.00392
    0.05274
   -0.04231
   -0.05184
    0.00847
    0.04876
   -0.00351
   -0.13304
    0.00841
    0.00870
    0.01370
   -0.13207
    0.07339
    0.06786
   -0.10850
   -0.08386
    0.07686
    0.06097
   -0.05904
   -0.14275
    0.09482
    0.07800
   -0.10474
   -0.05365
    0.03736
   -0.11238
    0.09949
   -0.12689
    0.04377
    0.09866
   -0.09756
   -0.03145
    0.02999
   -0.00451
    0.07189
   -0.15826
    0.04670
   -0.03000
    0.14223
   -0.09271
   -0.02422
   -0.05298
    0.06982
   -0.10639
    0.02714
    0.17618
   -0.05874
   -0.11758
    0.02293
    0.06041
   -0.02202
   -0.11916
    0.06313
    0.03444
   -0.12404
    0.06274
   -0.00658
   -0.06211
    0.03342
    0.05244
   -0.01707
    0.06003
   -0.06397
    0.02536
   -0.00931
    0.12408
   -0.09784
   -0.06320
   -0.00708
    0.11092
   -0.01158
   -0.22084
   -0.03498
    0.07684
   -0.01652
   -0.22614
    0.08346
    0.12694
   -0.18998
   -0.02965
    0.06334
    0.06148
   -0.03983
   -0.15208
    0.10143
    0.09361
   -0.12505
   -0.08559
    0.01091
   -0.04091
    0.01260
   -0.07311
    0.09224
    0.11729
   -0.21551
   -0.05491
    0.04752
   -0.00401
    0.14042
   -0.15281
    0.03017
    0.00941
    0.04729
   -0.04424
   -0.01675
   -0.08555
    0.01517
   -0.04746
    0.08078
    0.15127
   -0.02585
   -0.12133
    0.01885
    0.06311
   -0.01024
   -0.10523
    0.04017
   -0.03718
   -0.03466
   -0.00824
    0.04853
    0.04557
   -0.07280
    0.07433
   -0.05691
    0.05753
   -0.12493
   -0.02090
    0.04490
    0.07931
   -0.08223
   -0.09217
    0.04724
    0.02512
    0.01432
   -0.10699
    0.03499
   -0.07256
    0.04733
   -0.07253
    0.09696
    0.08755
   -0.22133
   -0.04391
    0.08681
    0.04087
   -0.04759
   -0.15151
    0.07515
    0.06899
   -0.10803
   -0.08441
    0.05661
   -0.03773
    0.04767
   -0.05971
    0.01803
    0.07413
   -0.09629
   -0.07857
    0.06768
   -0.04044
    0.13168
   -0.18783
    0.04646
   -0.00164
    0.11608
   -0.03832
   -0.07016
   -0.03518
    0.05303
    0.05536
   -0.04519
    0.12837
    0.05325
   -0.15810
   -0.04521
    0.01543
   -0.00417
   -0.09118
    0.05828
    0.00814
   -0.08482
   -0.03440
    0.05350
   -0.01658
   -0.00700
   -0.03057
    0.04225
    0.05195
   -0.08429
   -0.00862
    0.03267
    0.04446
    0.01713
   -0.12197
    0.01990
    0.05219
    0.00179
   -0.11026
   -0.00271
   -0.02134
    0.03336
   -0.05763
    0.04850
    0.07560
   -0.08498
   -0.10645
    0.09388
    0.03053
    0.00707
   -0.13918
    0.07129
    0.00756
   -0.01936
   -0.11110
    0.07752
   -0.08272
    0.01501
   -0.05237
    0.09971
    0.01946
   -0.02421
   -0.11972
    0.08210
   -0.07148
    0.13235
   -0.13724
    0.00562
   -0.02163
    0.13204
   -0.11939
   -0.01998
   -0.12166
    0.10517
   -0.17524
    0.01924
    0.02344
    0.05304
   -0.15530
    0.01718
    0.03497
   -0.04762
   -0.10458
    0.07242
    0.00585
    0.04724
   -0.09798
    0.02542
    0.01029
    0.05610
   -0.00129
   -0.07188
    0.05486
   -0.07080
    0.00811
    0.01064
    0.03432
   -0.05065
   -0.08411
    0.06252
    0.01969
   -0.02466
   -0.16510
    0.08721
   -0.03638
    0.09169
   -0.18768
    0.06650
    0.01434
   -0.03176
   -0.10284
    0.08484
   -0.01953
    0.00348
   -0.10698
    0.09523
    0.02901
   -0.11657
   -0.05519
    0.10779
   -0.15006
    0.12385
   -0.12128
    0.02071
    0.00138
   -0.04439
   -0.08046
    0.08552
   -0.07951
    0.10728
   -0.14217
    0.04723
   -0.03230
    0.04941
   -0.10895
    0.06096
   -0.10249
    0.06598
   -0.06692
    0.01876
    0.08947
   -0.06403
   -0.13957
    0.09795
    0.04101
   -0.05979
   -0.08143
    0.07517
    0.02488
   -0.11215
   -0.08952
    0.10164
    0.04386
    0.09898
   -0.09323
   -0.10082
   -0.01450
   -0.15328
    0.01962
    0.13093
    0.07310
   -0.10035
   -0.04685
    0.03674
    0.01563
   -0.04073
   -0.15415
    0.09749
    0.01339
    0.02115
   -0.12773
    0.04608
    0.08523
   -0.11009
   -0.09280
    0.12472
    0.06945
   -0.05126
   -0.19900
    0.09384
   -0.04704
   -0.07680
   -0.04092
    0.13699
   -0.00431
   -0.03156
   -0.08955
    0.09858
   -0.00589
   -0.08305
   -0.08885
    0.15146
   -0.04704
    0.09394
   -0.09916
    0.05794
   -0.04164
    0.04524
   -0.07376
    0.06960
   -0.19541
   -0.08614
   -0.04885
    0.18220
    0.10204
   -0.03308
   -0.10758
    0.05856
    0.05676
   -0.15296
   -0.00600
    0.02499
   -0.07157
   -0.12385
   -0.04685
    0.15340
    0.02950
   -0.11881
    0.11334
   -0.05763
   -0.01213
   -0.05863
   -0.02798
    0.10214
    0.00620
   -0.03335
   -0.07577
    0.07099
    0.05891
   -0.08320
   -0.18315
    0.11238
   -0.02379
   -0.04902
   -0.06227
    0.09896
    0.04609
   -0.15601
   -0.06144
    0.12211
   -0.05014
    0.10427
   -0.17458
    0.04668
    0.07453
   -0.09290
   -0.13809
    0.06645
   -0.06189
   -0.01349
   -0.09832
    0.12636
    0.03287
   -0.07713
   -0.07772
    0.09432
   -0.07753
    0.14746
   -0.20436
    0.04576
   -0.02810
    0.13543
   -0.06669
   -0.04876
   -0.11833
    0.11014
   -0.10140
    0.04432
    0.06671
    0.01790
   -0.16107
    0.03500
   -0.06539
    0.15785
   -0.08854
    0.00242
   -0.03634
   -0.02028
    0.00698
    0.03039
   -0.01950
    0.10240
   -0.01891
   -0.06770
    0.01131
   -0.05611
   -0.00683
    0.04448
   -0.00151
    0.00935
   -0.11536
    0.04771
   -0.00930
   -0.03162
   -0.10713
    0.06062
   -0.00868
    0.02937
   -0.11342
    0.06876
    0.07509
   -0.07844
   -0.12041
    0.11172
    0.01286
   -0.02430
   -0.14836
    0.10186
    0.03421
   -0.01371
   -0.08112
    0.02792
   -0.02444
    0.04082
   -0.07016
    0.06842
    0.10075
   -0.07541
   -0.13188
    0.06759
   -0.06657
    0.18432
   -0.19004
    0.03995
    0.03170
   -0.00611
   -0.07647
   -0.00236
   -0.13389
    0.09603
   -0.10692
    0.10793
    0.06633
   -0.05129
   -0.03818
    0.02331
   -0.00224
    0.05278
   -0.04783
    0.01398
    0.01258
   -0.06450
   -0.02893
    0.03547
   -0.08301
    0.08483
   -0.08387
    0.09359
    0.08409
   -0.19118
    0.00434
    0.00049
    0.00931
   -0.02748
   -0.08763
    0.06408
    0.05793
   -0.05633
   -0.09916
    0.02774
   -0.02350
   -0.02724
   -0.07008
    0.11863
    0.11927
   -0.10491
   -0.10172
    0.06356
    0.04235
   -0.03721
   -0.15159
    0.09276
    0.09957
   -0.13389
   -0.07153
    0.03023
   -0.05537
   -0.02214
   -0.07358
    0.13914
    0.11590
   -0.10408
   -0.09509
    0.05173
   -0.03356
    0.13430
   -0.16465
    0.02484
    0.01523
    0.06244
   -0.03190
   -0.04025
   -0.07110
    0.00892
   -0.04037
    0.07229
    0.17218
   -0.14869
   -0.06961
    0.04969
    0.01232
   -0.09416
   -0.07719
    0.11370
    0.05150
   -0.11237
   -0.02771
    0.01986
    0.00975
   -0.02189
    0.02180
   -0.00693
    0.06357
   -0.13729
    0.00985
    0.03828
    0.10296
   -0.11959
   -0.06083
    0.01878
    0.12203
   -0.10584
   -0.19752
    0.00364
    0.04663
   -0.08647
   -0.08372
    0.08872
    0.18374
   -0.19485
   -0.12181
    0.09437
    0.05068
   -0.09833
   -0.16980
    0.12502
   -0.01231
   -0.18054
   -0.14283
    0.19408
   -0.04758
   -0.08365
   -0.16820
    0.21224
    0.08342
   -0.21618
   -0.11808
    0.12368
    0.00379
    0.09540
   -0.11954
    0.04159
   -0.00090
    0.02340
   -0.01249
   -0.00100
   -0.08180
   -0.01060
   -0.12712
    0.14398
    0.09040
   -0.16953
   -0.06875
    0.09486
   -0.00794
   -0.14317
   -0.03419
    0.08791
   -0.01940
   -0.21029
   -0.13244
    0.16427
    0.01975
   -0.10410
   -0.13052
    0.09017
   -0.02804
   -0.25699
   -0.02466
    0.13321
    0.03509
   -0.03401
   -0.09401
    0.05081
   -0.02486
   -0.16100
   -0.07385
    0.12373
   -0.06844
   -0.06603
   -0.12521
    0.19117
    0.08992
   -0.16869
   -0.09927
    0.10085
    0.03903
   -0.03223
   -0.17308
    0.07698
    0.08535
   -0.10440
   -0.11994
    0.02755
   -0.03070
    0.00542
   -0.02894
    0.04782
    0.07046
   -0.07429
   -0.15275
    0.08800
   -0.05949
    0.06910
   -0.15134
    0.10076
   -0.00035
    0.11042
   -0.12601
   -0.00743
   -0.04688
    0.03020
   -0.07933
    0.05585
    0.06368
   -0.04317
   -0.19665
    0.10424
    0.04820
   -0.04302
   -0.12329
    0.08726
    0.02795
   -0.08603
   -0.05389
    0.04506
   -0.05398
    0.06766
   -0.10738
    0.06247
    0.06352
   -0.16623
   -0.02949
    0.06187
   -0.01406
   -0.01481
   -0.12794
    0.09646
    0.02494
    0.01906
   -0.11624
    0.02340
   -0.03794
    0.03224
   -0.08684
    0.08723
    0.08478
   -0.09505
   -0.09091
    0.08358
    0.06368
   -0.00275
   -0.17693
    0.05609
    0.03586
    0.00350
   -0.13449
    0.05339
   -0.04764
    0.04988
   -0.06006
    0.04215
    0.03400
   -0.05629
   -0.12588
    0.08586
   -0.02074
    0.10819
   -0.14522
    0.01130
   -0.03989
    0.09821
   -0.15066
    0.05126
   -0.11598
    0.07882
   -0.17991
    0.08499
    0.06171
    0.00767
   -0.10303
    0.01898
    0.04361
   -0.01101
   -0.07205
    0.02287
   -0.00287
   -0.00530
   -0.06282
    0.04760
   -0.04852
    0.06937
   -0.02257
   -0.00205
    0.01293
   -0.07909
    0.01831
    0.02714
    0.02848
   -0.01583
   -0.12640
    0.05283
   -0.01619
    0.03167
   -0.14100
    0.08741
    0.01037
    0.00056
   -0.09668
    0.05688
    0.05903
   -0.03902
   -0.13663
    0.07111
    0.02295
   -0.01558
   -0.12064
    0.07754
    0.08463
   -0.14196
   -0.07921
    0.06928
   -0.02521
    0.00470
   -0.10033
    0.08172
    0.11388
   -0.09244
   -0.07418
    0.05997
   -0.03570
    0.07947
   -0.14395
    0.05058
   -0.05549
    0.10810
   -0.04989
   -0.00171
    0.00577
    0.02405
   -0.05651
   -0.00661
    0.24757
   -0.11028
   -0.09406
    0.04400
    0.06010
   -0.02570
   -0.13171
    0.06125
    0.02077
   -0.05621
   -0.04638
    0.04129
    0.00716
   -0.01006
   -0.07997
    0.03436
    0.04580
   -0.16843
    0.02270
    0.10228
    0.09592
   -0.05582
   -0.07188
   -0.01133
    0.10489
   -0.06924
   -0.14517
    0.00308
    0.08072
   -0.05823
   -0.13122
    0.05910
    0.21037
   -0.17048
   -0.11642
    0.10201
    0.09206
   -0.11954
   -0.15970
    0.08289
    0.03174
   -0.15817
   -0.06489
    0.09576
   -0.00429
   -0.00274
   -0.08438
    0.06227
    0.05065
   -0.12636
   -0.10979
    0.10911
    0.01267
    0.05715
   -0.18068
    0.07976
    0.00496
    0.01866
   -0.08681
    0.03637
   -0.06613
   -0.03138
   -0.10950
    0.11349
    0.12444
   -0.06353
   -0.12493
    0.07635
   -0.01150
   -0.06953
   -0.06756
    0.08703
   -0.04659
   -0.09537
   -0.08898
    0.10759
   -0.02581
   -0.00272
   -0.04585
    0.04302
   -0.02018
   -0.17446
   -0.00810
    0.11331
   -0.00315
   -0.02620
   -0.09310
    0.08117
   -0.03481
   -0.09710
   -0.18097
    0.15581
   -0.04973
   -0.02973
   -0.11138
    0.12897
    0.03008
   -0.16566
   -0.11042
    0.15418
    0.00228
   -0.03365
   -0.12057
    0.08524
    0.06312
   -0.12068
   -0.12044
    0.07633
   -0.05666
    0.00697
   -0.09138
    0.10388
    0.10305
   -0.10607
   -0.10554
    0.05374
   -0.02697
    0.09429
   -0.15262
    0.04585
   -0.08305
    0.11448
   -0.03699
    0.02464
   -0.11612
    0.06635
   -0.01803
    0.07267
    0.16873
   -0.01717
   -0.16283
   -0.00167
    0.04315
   -0.05946
   -0.11510
    0.07618
    0.03010
   -0.13498
   -0.07898
    0.07006
   -0.04972
    0.02126
   -0.01794
    0.03618
    0.00385
   -0.07231
   -0.00257
    0.04439
    0.01891
   -0.01484
   -0.11550
    0.05424
    0.04728
   -0.06429
   -0.13440
    0.04341
   -0.00963
    0.03866
   -0.10878
    0.05935
    0.08011
   -0.06932
   -0.13958
    0.09729
