8 20 2 1 48 -3.7923 2.4654 3.7579 11621
  0.03499   0.01035  -0.01513  -0.03388   0.00362   0.00146   0.03684  -0.04122   0.02626  -0.04649   0.00762  -0.00534   0.00292   0.02372   0.02084  -0.04564  -0.00467   0.01183   0.02157  -0.02896 
  0.01066  -0.00140   0.02277  -0.02992   0.01480   0.00943   0.02258  -0.04644   0.04560  -0.05266   0.05728  -0.06599   0.01742   0.00303   0.08219  -0.10403   0.01203   0.01015   0.03738  -0.05827 
  0.02578  -0.00388   0.04488  -0.06726   0.04303  -0.01066  -0.03081  -0.01271   0.02338  -0.02131   0.00653  -0.01709   0.03891  -0.00495   0.00389  -0.04878   0.01387   0.01685  -0.04314   0.01274 
  0.03739  -0.00488  -0.02253  -0.01696  -0.00282  -0.00392   0.02857  -0.02085   0.02238  -0.00007  -0.01178  -0.01728   0.00694   0.02720   0.00588  -0.04196  -0.01220   0.02262   0.00306  -0.01509 
  0.00514   0.01067   0.00959  -0.02267   0.01755   0.00242   0.02651  -0.04764   0.04516  -0.05520   0.05313  -0.05990   0.03209  -0.02643   0.06211  -0.07036   0.01984  -0.02349   0.03317  -0.02748 
  0.03143  -0.02431   0.03980  -0.05010   0.02555   0.00502  -0.00085  -0.03198   0.04678  -0.04345   0.00593  -0.03132   0.03488   0.00315   0.00440  -0.05223  -0.01789   0.02748   0.00117  -0.01386 
  0.02964   0.00206  -0.00020  -0.03329   0.01075   0.00622   0.00783  -0.02408   0.05422  -0.05229   0.00548  -0.03510   0.01682   0.00025   0.02718  -0.04386  -0.03862   0.04745   0.02311  -0.04203 
  0.01796   0.00468   0.01472  -0.03595   0.03255  -0.02726   0.04751  -0.06386   0.05206  -0.05586   0.04902  -0.06549   0.01589  -0.01202   0.07806  -0.07921   0.05857  -0.01386   0.03519  -0.07351 
  0.04164  -0.02605   0.04873  -0.07062   0.02883   0.00770  -0.00681  -0.03256   0.03648  -0.03285  -0.02544  -0.00333   0.04926  -0.00279   0.02798  -0.08923  -0.02228   0.01652  -0.02407   0.02210 
  0.03334  -0.00074  -0.01021  -0.02628  -0.02623   0.02003   0.05516  -0.04427   0.02862  -0.06208   0.03350  -0.01786   0.02047   0.01356   0.01424  -0.05205   0.00138   0.01941   0.01451  -0.03377 
  0.00717   0.00190   0.03098  -0.03684   0.00091  -0.02112   0.05632  -0.04017   0.05758  -0.05789   0.01209  -0.04109   0.02198  -0.00456   0.08190  -0.10150   0.03130  -0.01911   0.03505  -0.04312 
  0.03092  -0.02344   0.04458  -0.05517   0.02477   0.00553  -0.01225  -0.02084   0.04143  -0.04831  -0.00453  -0.01390   0.02732   0.02345   0.02998  -0.08864  -0.01281   0.01082  -0.00668   0.00557 
  0.02733   0.00239  -0.00251  -0.02889  -0.00234  -0.01787   0.05220  -0.03460   0.01910  -0.04038   0.00596   0.00037  -0.00801   0.00124   0.04900  -0.03237  -0.01112  -0.00182   0.04091  -0.03171 
  0.00255  -0.01415   0.03844  -0.02498   0.01874  -0.01384   0.03016  -0.03889   0.06628  -0.09969   0.04768  -0.05656   0.05648   0.00391   0.04533  -0.12833   0.02749  -0.02974   0.03193  -0.02681 
  0.04537  -0.02763   0.03541  -0.05984   0.02841   0.02041  -0.00475  -0.04540   0.02983  -0.03715  -0.01013  -0.00296   0.04065  -0.00341   0.02460  -0.07169  -0.02649   0.00575   0.01207   0.00202 
  0.02707  -0.00074   0.00309  -0.03079  -0.01423  -0.02143   0.05054  -0.01699   0.01269  -0.07101   0.06382  -0.01786   0.00930   0.01259   0.01502  -0.03658   0.00942   0.01330   0.03365  -0.05502 
  0.00568  -0.01279   0.04055  -0.03153   0.01421  -0.01630   0.04321  -0.04537   0.04067  -0.06401   0.06502  -0.05859   0.04415  -0.01350   0.06773  -0.11031   0.01849  -0.00982   0.03387  -0.03978 
  0.03283  -0.02187   0.04784  -0.06236   0.02027   0.00659  -0.01913  -0.01042   0.03534  -0.04094   0.00521  -0.01794   0.05578  -0.01339   0.02957  -0.08906  -0.01511   0.02041  -0.01965   0.01003 
  0.03296  -0.00405  -0.00668  -0.02599  -0.01400   0.01869   0.02152  -0.02088   0.03825  -0.08301   0.01723  -0.00518  -0.01291   0.00872   0.07403  -0.05857  -0.02290  -0.00531   0.04350  -0.02253 
  0.00050  -0.01008   0.03753  -0.02541  -0.00755   0.00705   0.03380  -0.03021   0.03156  -0.04591   0.04590  -0.04170  -0.00743   0.00721   0.06474  -0.05463   0.01237  -0.00706   0.04737  -0.05280 
  0.00892  -0.00605   0.04488  -0.04538   0.01284  -0.00841   0.00200  -0.00895   0.04789  -0.00671  -0.04082  -0.02454   0.04651  -0.01227   0.03466  -0.08046  -0.00426   0.04181  -0.03166  -0.00750 
  0.03245   0.00500  -0.01139  -0.02933  -0.00608   0.00281   0.01541  -0.01004   0.03160  -0.05332   0.00091  -0.00281   0.02272   0.03531   0.00348  -0.07142  -0.00342   0.02302   0.00076  -0.01973 
  0.01386   0.00468   0.00538  -0.02296   0.01754  -0.00503   0.00316  -0.01801   0.02272  -0.04174   0.05769  -0.04325   0.02473   0.01095   0.03728  -0.07665   0.01403  -0.01422   0.04047  -0.03931 
  0.02202  -0.01143   0.03160  -0.04221   0.02059  -0.01765  -0.00225  -0.00646   0.02993  -0.02936  -0.00523  -0.01133   0.05400  -0.01977   0.03575  -0.08502  -0.00074   0.01614  -0.03544   0.01740 
  0.03169  -0.01126  -0.00601  -0.01895   0.00826   0.00773   0.03279  -0.04790   0.03621  -0.06351   0.03552  -0.02793  -0.00959   0.02551   0.03538  -0.04451   0.00454   0.00987   0.01924  -0.03174 
  0.01159  -0.00057   0.02991  -0.03847   0.03410  -0.01629   0.03110  -0.05693   0.04572  -0.08441   0.05935  -0.04740   0.02835   0.01424   0.02415  -0.07325   0.05212  -0.02939   0.03772  -0.05508 
  0.04239  -0.02431   0.03496  -0.05859   0.03221  -0.00773  -0.01610  -0.01514   0.03218  -0.03753  -0.03945   0.01333   0.05555  -0.00234   0.00924  -0.08187   0.00293   0.01001  -0.01782   0.00517 
  0.03776  -0.00756  -0.01770  -0.01910   0.00661  -0.03276   0.06227  -0.04399   0.03201  -0.08578   0.03415  -0.00868   0.00493   0.00429   0.04944  -0.05282  -0.01007  -0.00124   0.02041  -0.01140 
  0.01066  -0.02500   0.04250  -0.02846   0.00454  -0.01210   0.03048  -0.02422   0.02408  -0.03781   0.06461  -0.05378   0.01288   0.02270   0.03634  -0.07252   0.00918  -0.03624   0.04845  -0.02442 
  0.01479  -0.01262   0.04190  -0.04311   0.00324  -0.01883  -0.00164   0.01246   0.03756  -0.06723   0.00022  -0.00127   0.02017   0.01348   0.02618  -0.06236   0.00383   0.00176  -0.00814   0.00317 
  0.02045  -0.01262   0.00030  -0.01091  -0.00337   0.03349   0.02690  -0.05180  -0.00103  -0.01529   0.02660  -0.00776  -0.00914   0.01793   0.04082  -0.04151   0.00942  -0.01171   0.02892  -0.02533 
 -0.00114   0.00728   0.03037  -0.03211   0.00681   0.01313   0.03861  -0.05747   0.02451  -0.05181   0.08748  -0.06614   0.01428   0.01795   0.07725  -0.11240   0.01423   0.01178   0.01012  -0.03184 
  0.01809   0.00157   0.04666  -0.06504   0.01783   0.00138  -0.00052  -0.02018   0.03551  -0.03679   0.00759  -0.02254   0.06168  -0.01651   0.02069  -0.08646  -0.00061  -0.00346  -0.00464   0.00777 
  0.03739  -0.01312   0.00063  -0.02962   0.01181  -0.04603   0.03053  -0.00630   0.05497  -0.07290   0.02551  -0.03866   0.00426   0.00666   0.05567  -0.06066   0.01933   0.02165   0.02783  -0.06574 
  0.02462  -0.01825   0.03343  -0.04101   0.03107  -0.03590   0.03738  -0.04349   0.06340  -0.08684   0.02983  -0.04518   0.02242  -0.00514   0.08853  -0.10928   0.03276  -0.05104   0.06543  -0.05074 
  0.04052  -0.04064   0.05342  -0.06126   0.03736  -0.09141   0.04798  -0.02152   0.07097  -0.08666  -0.01178  -0.02410   0.08735  -0.07511   0.03799  -0.08482  -0.00908   0.00345  -0.02137   0.02237 
  0.05671  -0.05912   0.01392  -0.02700  -0.01765  -0.05170   0.07492  -0.01666   0.03568  -0.12796   0.05764  -0.00892   0.04001  -0.05632   0.07680  -0.06662   0.02215  -0.01375   0.05677  -0.06595 
  0.01848  -0.05312   0.06776  -0.03981  -0.00140  -0.02778   0.03549  -0.01040   0.03078  -0.06404   0.07738  -0.05665   0.02979  -0.05400   0.10500  -0.08486   0.02123  -0.05291   0.05931  -0.03207 
  0.02228  -0.04647   0.06407  -0.04568   0.00410  -0.03690   0.00830   0.01590   0.06296  -0.10066   0.00052  -0.01435   0.04724  -0.06936   0.05789  -0.04580  -0.02544  -0.01775  -0.01499   0.04480 
  0.02939  -0.04978   0.00959   0.00068  -0.05519  -0.01489   0.02154   0.04391   0.03235  -0.09378   0.07248  -0.03585   0.01123  -0.03902   0.06569  -0.03208  -0.00554  -0.02790   0.04983  -0.02192 
 -0.00724  -0.03650   0.05020  -0.00798  -0.05251  -0.03288   0.06724   0.01178   0.02178  -0.04233   0.03002  -0.01913   0.01281  -0.04684   0.10509  -0.06730   0.02997  -0.04673   0.04446  -0.02773 
  0.00214  -0.04028   0.06108  -0.02527  -0.02899  -0.03522  -0.01301   0.06285   0.00962   0.01056  -0.09057   0.03680   0.00382   0.03228  -0.02151  -0.02170  -0.03269  -0.04771  -0.01224   0.06864 
 -0.00877  -0.00823  -0.03006   0.03771  -0.06061  -0.07615   0.05663   0.05669   0.00887  -0.10121   0.03482   0.02484   0.02289  -0.03871   0.04817  -0.03145  -0.00445  -0.06263   0.00302   0.04939 
 -0.01271  -0.06636   0.03572   0.03142  -0.02200  -0.05524   0.02138   0.04188   0.04237  -0.04528   0.05141  -0.06129   0.05921  -0.07665   0.03164  -0.03252   0.02825  -0.09109   0.02956   0.02277 
  0.02358  -0.06655   0.03328  -0.00164   0.00918  -0.07301  -0.06930   0.09055   0.08903  -0.03530  -0.07906  -0.03670   0.10151  -0.06987  -0.02506  -0.05713   0.00877  -0.08839  -0.03642   0.08795 
  0.05332  -0.06790  -0.04994   0.03332  -0.01830  -0.02286   0.01850   0.01910   0.06958  -0.02968  -0.02657  -0.04775   0.10676  -0.03626  -0.00066  -0.12454   0.03156  -0.04074  -0.00501   0.01528 
  0.03852  -0.03169   0.00554  -0.01981   0.10828  -0.10270   0.02695  -0.09015   0.16996  -0.05641  -0.05464  -0.19267   0.19188  -0.03214   0.05816  -0.51398   0.14874  -0.03987  -0.00711  -0.09846 
  0.15438  -0.05762   0.00959  -0.18046   0.22328  -0.32416   0.00828  -0.15853   0.21080  -0.19576  -0.14335  -0.12165   0.26550  -0.20980  -0.13386  -0.23618   0.04955  -0.11114  -0.00632   0.05190 
  0.22239  -0.22771  -0.04718  -0.12036  -0.17493  -0.44068   0.36774  -0.17908  -0.14011  -0.13414   0.16108   0.06771  -0.02592  -0.11003   0.25867  -0.17509  -0.29646  -0.26075   0.29013  -0.06000 
 -0.14471  -0.26976   0.31756  -0.11164  -4.06528  -4.06528   0.62102  -4.06528  -4.06528  -4.06528   0.70001  -4.06528  -4.06528  -4.06528   0.71200  -4.06528  -4.06528  -4.06528   0.57909  -4.06528 
 -4.06528  -4.06528   0.64457  -4.06528  -4.06528  -4.06528  -4.06528  -4.06528  -4.06528  -4.06528  -4.06528  -4.06528  -4.06528  -3.36439  -4.06528   0.59191  -4.06528  -4.06528  -4.06528  -4.06528 
 -4.06528  -3.33213  -4.06528   0.56207  -4.06528  -4.06528  -4.06528  -4.06528  -4.06528  -4.06528   0.70001  -4.06528  -4.06528  -4.06528  -4.06528  -4.06528   0.04922  -0.93390   0.39074  -0.47610 
 -0.07616  -0.89040   0.45624  -0.46442   0.21841  -0.19438  -0.00400  -0.21576   0.20057  -0.17411  -0.00408  -0.23018   0.22743  -0.34864   0.17416  -0.45428   0.33893  -0.41243  -0.03790  -0.11528 
  0.25713  -0.29081   0.07683  -0.35570  -1.01273  -1.55124   0.59636  -1.08479  -1.12407  -1.24069   0.67244  -1.03678  -1.13110  -1.23920   0.69251  -1.54252  -0.83386  -1.22374   0.53723  -0.77722 
 -1.02308  -1.35934   0.61894  -1.10300  -0.40705  -0.23520  -0.24326   0.37144  -0.28158  -0.74585  -0.10537   0.34507  -0.69128  -0.41390  -0.75920   0.49991  -0.15331  -0.45636  -0.40553   0.37343 
 -0.61962  -0.37431  -0.76246   0.46502   0.01113  -0.13892  -0.02931   0.09613  -0.00333  -0.23694   0.03194   0.09212   0.01203  -0.20843   0.04524   0.09830  -0.03557  -0.29800   0.09211   0.10651 
 -0.11014  -0.24910   0.12773   0.11430  -0.08378  -0.19165   0.08736   0.10287  -0.04096  -0.34180   0.07485   0.12449  -0.09509  -0.26356   0.20856   0.08140  -0.09168  -0.44134   0.12663   0.14277 
 -0.09623  -0.29992   0.14068   0.11188   0.02050  -0.13292  -0.03819   0.09104  -0.01526  -0.14346   0.02474   0.07366   0.02055  -0.16587   0.13790  -0.01416  -0.00016  -0.19725   0.08038   0.05499 
 -0.00335  -0.15273   0.07253   0.04244  -0.07530  -0.15048   0.03179   0.12412  -0.10880  -0.12091   0.05929   0.11478  -0.04345  -0.14285   0.19335  -0.01811  -0.00732  -0.26801   0.06939   0.10037 
 -0.06090  -0.17164   0.09283   0.08031  -0.08742  -0.12746   0.00094   0.14319  -0.12046  -0.10521   0.01314   0.14166  -0.08524  -0.07269  -0.00836   0.13804   0.00038  -0.17034  -0.03489   0.13370 
 -0.07763  -0.11122  -0.00936   0.13587  -0.11249  -0.17172   0.04260   0.14789  -0.12534  -0.14984   0.09541   0.11341  -0.18287  -0.12017  -0.05089   0.23643  -0.04967  -0.22656   0.06723   0.10842 
 -0.12763  -0.16750   0.05516   0.14796  -0.10623  -0.05478  -0.05989   0.15728  -0.06815  -0.14977  -0.02955   0.14534  -0.16823  -0.03693  -0.13132   0.21892  -0.01165  -0.17809  -0.00713   0.12514 
 -0.10174  -0.09554  -0.03755   0.15822  -0.07133  -0.06997  -0.10106   0.16497  -0.08539  -0.13701  -0.07626   0.17171  -0.19108  -0.02429  -0.01979   0.17781   0.00137  -0.22480   0.00200   0.13136 
 -0.09333  -0.11895  -0.02427   0.15698  -0.03683  -0.01669  -0.13295   0.13056  -0.05259  -0.09096  -0.08996   0.13937  -0.12503  -0.01521  -0.08554   0.16547   0.02293  -0.19298  -0.06941   0.15180 
 -0.05854  -0.08459  -0.07841   0.14874  -0.04977  -0.05989  -0.08856   0.13998  -0.03796  -0.12532  -0.04626   0.12302  -0.07710  -0.03879  -0.02381   0.11897   0.02451  -0.18888  -0.04457   0.13458 
 -0.04647  -0.10825  -0.04043   0.13256  -0.06247  -0.03065  -0.07412   0.12535  -0.02765  -0.06469  -0.00725   0.06843  -0.08560   0.00385  -0.05013   0.10883   0.03116  -0.17631  -0.04542   0.12584 
 -0.04677  -0.07274  -0.03719   0.11293  -0.07297  -0.01219  -0.10355   0.13787   0.01495  -0.06846  -0.01158   0.03230  -0.10523   0.02378  -0.09739   0.13071   0.04060  -0.12368  -0.05648   0.10167 
 -0.03785  -0.04629  -0.05891   0.10433  -0.01357   0.00338  -0.08806   0.07556   0.01953  -0.06977   0.00217   0.01933  -0.09817   0.02735  -0.04872   0.09888   0.06168  -0.12581  -0.01889   0.06188 
 -0.01214  -0.04428  -0.02918   0.06497  -0.02362  -0.01607  -0.09576   0.10074   0.00514  -0.07289  -0.02915   0.05485  -0.04978   0.01371  -0.06770   0.08131   0.06097  -0.10333  -0.06676   0.08372 
 -0.00765  -0.04391  -0.06271   0.08212   0.00799  -0.02472  -0.09514   0.07922   0.00019  -0.07886  -0.00296   0.04723  -0.06921  -0.03084  -0.02785   0.10967   0.10175  -0.12466  -0.04564   0.05082 
  0.00757  -0.06674  -0.04079   0.06987   0.01880  -0.03578  -0.06100   0.05433   0.03609  -0.06746  -0.03081   0.02067  -0.04812  -0.03740  -0.05822   0.11357   0.07847  -0.12520  -0.03770   0.06342 
  0.01571  -0.06790  -0.04025   0.06308   0.02423  -0.07099  -0.02834   0.04752   0.04114  -0.10125  -0.00260   0.01484  -0.01884  -0.06076  -0.00372   0.07311   0.10881  -0.14189  -0.02614   0.03997 
  0.03309  -0.09410  -0.01258   0.04380   0.01829   0.01568  -0.06564   0.02165   0.04632  -0.06146  -0.02900   0.00430  -0.01568   0.01130  -0.01389   0.01705   0.10312  -0.13719  -0.03229   0.04686 
  0.03130  -0.03974  -0.03290   0.02464  -0.00585   0.07277  -0.15189   0.05436   0.04966  -0.02901  -0.09560   0.01996  -0.01628   0.04858  -0.08800   0.02835   0.10279  -0.05770  -0.07706   0.02912 
  0.02785   0.01179  -0.10049   0.03433  -0.01029   0.12163  -0.19553   0.03847   0.04357   0.03887  -0.15281   0.01132  -0.07341   0.10908  -0.14871   0.05142   0.10684  -0.01702  -0.16382   0.05159 
  0.01848   0.05915  -0.16391   0.03983   0.01608   0.12592  -0.26147   0.04074   0.07186   0.06829  -0.14850  -0.05079  -0.02662   0.08493  -0.21223   0.06197   0.08611   0.01404  -0.16933   0.04687 
  0.03977   0.06642  -0.19043   0.02593   0.00724   0.12191  -0.20409   0.02567   0.06881   0.08746  -0.22373  -0.02644  -0.02813   0.10906  -0.22588   0.04301   0.10300   0.01527  -0.18648   0.04172 
  0.04140   0.07371  -0.20026   0.02245  -0.01456   0.13389  -0.25436   0.05873   0.05807   0.08609  -0.17023  -0.03580  -0.08254   0.13690  -0.16197   0.03341   0.05322   0.06292  -0.18903   0.04021 
  0.01293   0.09514  -0.19558   0.02824  -0.05189   0.16964  -0.20133   0.02991   0.00510   0.06525  -0.22376   0.06273  -0.14791   0.22635  -0.23653  -0.00265   0.05466   0.09763  -0.20870   0.01513 
 -0.02213   0.12703  -0.20977   0.03546  -0.04897   0.19525  -0.24882   0.02209  -0.07907  -0.02910  -0.30499   0.19601  -0.19308   0.26865  -0.21550  -0.05185   0.05941   0.10756  -0.22543   0.00966 
 -0.05215   0.12320  -0.24772   0.07940   0.00565   0.21562  -0.27709  -0.04632  -0.11533  -0.09585  -0.42401   0.25847  -0.10676   0.27103  -0.22279  -0.14316   0.13323   0.07558  -0.21450  -0.02907 
 -0.01497   0.10470  -0.27263   0.07689   0.10334   0.21299  -0.40058  -0.12176  -0.09631  -0.18454  -0.47909   0.28003  -0.00185   0.22138  -0.28059  -0.14270   0.19673   0.05664  -0.23371  -0.07055 
  0.05357   0.07772  -0.32683   0.05870   0.08087   0.28031  -0.56191  -0.14503  -0.00086  -0.22128  -0.48250   0.23771   0.11278   0.18370  -0.36466  -0.24409   0.23711   0.04418  -0.21404  -0.12944 
  0.09888   0.09739  -0.36637   0.00393   0.07525   0.28320  -0.57346  -0.13745   0.10593  -0.22128  -0.46211   0.15088   0.19085   0.08425  -0.41272  -0.21672   0.22556   0.06412  -0.22720  -0.12732 
  0.13199   0.09474  -0.39202  -0.02831   0.05502   0.27003  -0.51450  -0.09901   0.12239  -0.18076  -0.27897   0.07861   0.14642   0.11118  -0.37697  -0.16474   0.21826   0.04562  -0.23574  -0.08616 
  0.12258   0.09594  -0.34070  -0.03580   0.05220   0.25600  -0.46045  -0.08912   0.12151  -0.11754  -0.23695   0.03970   0.09987   0.11561  -0.29596  -0.11135   0.17889   0.04199  -0.18574  -0.06259 
  0.10839   0.09646  -0.29028  -0.03832   0.02640   0.25645  -0.42436  -0.06834   0.12004  -0.04960  -0.23862   0.00690   0.05794   0.14714  -0.31789  -0.07896   0.15568   0.04075  -0.18064  -0.03700 
  0.09061   0.11036  -0.28136  -0.03417   0.02403   0.22986  -0.37458  -0.04362   0.06671   0.03019  -0.20791   0.01394   0.05917   0.11356  -0.30991  -0.03406   0.14070   0.05925  -0.21310  -0.01980 
  0.06963   0.11074  -0.26833  -0.01414   0.02388   0.20967  -0.35915  -0.02126   0.07931   0.04729  -0.21770  -0.01052   0.02174   0.12055  -0.25271  -0.01625   0.11593   0.07184  -0.24425   0.00887 
  0.06351   0.10933  -0.26925  -0.00494   0.00111   0.22753  -0.33984  -0.02816   0.08004   0.06720  -0.20379  -0.03364   0.03783   0.13703  -0.26905  -0.05424   0.12128   0.09031  -0.26485  -0.00526 
  0.06006   0.12740  -0.26741  -0.02196  -0.00266   0.21514  -0.30506  -0.02236   0.08688   0.09478  -0.25160  -0.04650  -0.04020   0.18283  -0.27382  -0.02216   0.09818   0.09738  -0.31205   0.03020 
  0.04906   0.13616  -0.28644  -0.01063  -0.01269   0.19001  -0.13757  -0.07657   0.13447   0.07151  -0.31040  -0.07746  -0.04987   0.18794  -0.19168  -0.05933   0.14986   0.06833  -0.30694   0.01024 
  0.07716   0.11341  -0.23197  -0.04477  -0.07149   0.15248   0.03632  -0.12592   0.14185   0.05628  -0.32499  -0.07086  -0.08689   0.17471  -0.09821  -0.05260   0.15234   0.07445  -0.31808   0.00642 
  0.05743   0.10067  -0.13960  -0.06000  -0.05905   0.10603   0.08877  -0.14763   0.18318   0.05737  -0.37119  -0.13677  -0.05349   0.15143  -0.05445  -0.08591   0.18142   0.09170  -0.33890  -0.03536 
  0.08558   0.09035  -0.11852  -0.10256  -0.08916   0.05975   0.17067  -0.18857   0.18831   0.00280  -0.30059  -0.12584  -0.02238   0.09613  -0.00350  -0.08380   0.16629   0.08109  -0.33142  -0.00939 
  0.07819   0.04940  -0.04297  -0.10673  -0.12906   0.04481   0.19273  -0.16463   0.16646   0.02267  -0.28023  -0.10632  -0.03730   0.06877   0.03679  -0.06388   0.12744   0.09374  -0.26700  -0.01409 
  0.04376   0.05102  -0.00869  -0.09266  -0.08593   0.07827   0.13095  -0.14416   0.17674   0.00191  -0.26395  -0.11708  -0.04233   0.05701   0.06124  -0.06640   0.15000   0.06717  -0.23470  -0.02560 
  0.06316   0.04911  -0.03557  -0.09132  -0.11623   0.05936   0.16009  -0.13546   0.15649   0.01276  -0.21845  -0.10797  -0.03238   0.06137   0.03792  -0.06150   0.13918   0.07608  -0.18332  -0.05655 
  0.04709   0.04822  -0.00852  -0.09419  -0.08180   0.06104   0.11714  -0.10570   0.10861   0.00994  -0.13254  -0.06741  -0.01915   0.04420   0.04420  -0.06275   0.09068   0.08732  -0.16892  -0.02920 
