5 20 5 1 45 -1.8897 1.4963 2.1497 11608
 -0.04340  -0.21487   0.17894  -0.00184   0.00545  -0.25403   0.21358  -0.11369   0.02402  -0.13301   0.15542  -0.08684  -0.10794  -0.38182   0.17019   0.16544  -0.01625  -0.25451   0.20412  -0.06557 
 -0.03662  -0.26836   0.18782   0.00617  -0.03056  -0.29141   0.25519  -0.12863   0.02504  -0.15155   0.16714  -0.09167  -0.16547  -0.40468   0.13015   0.22972  -0.02218  -0.32701   0.23821  -0.08448 
 -0.06918  -0.31075   0.20328   0.03165  -0.07319  -0.30537   0.28146  -0.12635  -0.00179  -0.22085   0.22392  -0.09300  -0.22871  -0.42898   0.18268   0.22929  -0.05044  -0.36756   0.26151  -0.08899 
 -0.11714  -0.34478   0.23812   0.03519  -0.09342  -0.33079   0.31220  -0.16437  -0.07552  -0.20154   0.27088  -0.08261  -0.25096  -0.44954   0.16833   0.25151  -0.04024  -0.39287   0.25427  -0.07095 
 -0.14307  -0.36494   0.23917   0.05763  -0.10477  -0.32722   0.31249  -0.15340  -0.09264  -0.27085   0.30361  -0.08424  -0.27517  -0.50457   0.12968   0.29149  -0.04220  -0.47223   0.26950  -0.06933 
 -0.15862  -0.41728   0.23774   0.08362  -0.09357  -0.31168   0.28435  -0.10654  -0.10648  -0.21121   0.24477  -0.01162  -0.24109  -0.39730   0.13365   0.25791  -0.00634  -0.40559   0.23040  -0.04772 
 -0.13663  -0.34844   0.21259   0.08011  -0.12528  -0.32048   0.28577  -0.07363  -0.09878  -0.24865   0.21921   0.02578  -0.21046  -0.41758   0.10416   0.26647  -0.00677  -0.40552   0.20075   0.00069 
 -0.12917  -0.36038   0.19441   0.09877  -0.12829  -0.26419   0.25275  -0.03458  -0.06684  -0.25039   0.19154   0.02807  -0.21464  -0.31900   0.10348   0.24572  -0.00773  -0.39522   0.18908   0.01458 
 -0.12714  -0.30974   0.18221   0.09451  -0.10707  -0.26944   0.21893   0.00403  -0.08133  -0.17785   0.13845   0.06145  -0.15213  -0.24893   0.05363   0.22333  -0.02743  -0.28448   0.11165   0.07842 
 -0.10842  -0.24108   0.12588   0.11195  -0.14116  -0.15683   0.19224   0.01426  -0.10489  -0.21135   0.12500   0.10080  -0.17456  -0.21811   0.07069   0.21470  -0.03635  -0.26245   0.09486   0.09116 
 -0.12770  -0.20630   0.12053   0.11447  -0.09250  -0.12811   0.09254   0.07597  -0.07422  -0.15311   0.09129   0.08217  -0.16495  -0.16391   0.00954   0.22034  -0.01804  -0.23450   0.06820   0.09407 
 -0.10247  -0.16702   0.06655   0.12585  -0.06938  -0.11751   0.03031   0.10649  -0.05403  -0.11747  -0.01296   0.11572  -0.15030  -0.13250   0.03420   0.18695   0.00800  -0.23037   0.04123   0.10031 
 -0.07912  -0.15131   0.03681   0.12575  -0.04924  -0.10976  -0.02538   0.12706  -0.06714  -0.08808  -0.00315   0.10824  -0.12524  -0.11690   0.03465   0.16478   0.01396  -0.18744   0.01631   0.09782 
 -0.06757  -0.12722   0.01568   0.12154  -0.05881  -0.06244  -0.06247   0.13306  -0.04617  -0.11069   0.01328   0.09283  -0.10680  -0.05395  -0.01880   0.14690   0.02107  -0.19468   0.00609   0.10463 
 -0.05805  -0.10544  -0.00569   0.11844  -0.05103  -0.06245  -0.06129   0.12705  -0.05947  -0.09715  -0.00209   0.10586  -0.11117  -0.04285  -0.03874   0.15292   0.02849  -0.18075  -0.00733   0.10368 
 -0.05649  -0.09732  -0.01721   0.12041  -0.05448  -0.06316  -0.07901   0.13968  -0.03102  -0.09720  -0.05013   0.10838  -0.08209  -0.05970  -0.05947   0.15374   0.00851  -0.17094  -0.03405   0.12903 
 -0.05105  -0.09959  -0.04376   0.13325  -0.03717  -0.01869  -0.11953   0.12526  -0.01834  -0.08963  -0.02855   0.08384  -0.08324  -0.01988  -0.05370   0.12619   0.01983  -0.16406  -0.01854   0.10903 
 -0.04143  -0.07617  -0.03958   0.11247  -0.03849  -0.00897  -0.09486   0.10735  -0.01649  -0.07167   0.00127   0.05687  -0.11545  -0.00014  -0.05681   0.13618   0.04481  -0.12891  -0.04565   0.09456 
 -0.03782  -0.05394  -0.04322   0.09964  -0.06317  -0.00110  -0.08228   0.11333   0.01757  -0.07631  -0.04106   0.05095  -0.06865   0.01780  -0.05001   0.08425   0.08558  -0.13871  -0.06031   0.08167 
 -0.01194  -0.05171  -0.05355   0.08485  -0.03245   0.03004  -0.09475   0.07698   0.00325  -0.03073  -0.04022   0.04064  -0.08235   0.02318  -0.07024   0.10157   0.05679  -0.11044  -0.07437   0.09550 
 -0.01920  -0.02539  -0.06605   0.08158  -0.01608   0.04346  -0.09191   0.05124   0.02704  -0.08029  -0.05944   0.05327  -0.07286   0.00775  -0.06458   0.10355   0.07102  -0.10486  -0.06259   0.07475 
 -0.00134  -0.03351  -0.06375   0.07094  -0.00422   0.02683  -0.12255   0.07165   0.02782  -0.05202  -0.05842   0.03732  -0.07743   0.02765  -0.06004   0.08864   0.07071  -0.06911  -0.07120   0.05855 
  0.00113  -0.01673  -0.07458   0.06416  -0.00571   0.01008  -0.09056   0.06568   0.01051  -0.03110  -0.08658   0.05823  -0.06057   0.02082  -0.07243   0.08713   0.09498  -0.09967  -0.06754   0.05697 
  0.00738  -0.02979  -0.07263   0.06639   0.00118   0.03897  -0.12597   0.05986   0.05225  -0.06096  -0.07775   0.02565  -0.04855   0.02036  -0.10401   0.09324   0.08291  -0.08057  -0.08464   0.06596 
  0.01818  -0.02035  -0.09177   0.06180   0.00452   0.05141  -0.14900   0.06033   0.03883  -0.03419  -0.06853   0.02077  -0.00753   0.01644  -0.11528   0.06430   0.10287  -0.07655  -0.09600   0.05528 
  0.02936  -0.01247  -0.10209   0.05198   0.02163   0.05059  -0.13605   0.03701   0.09243  -0.04304  -0.11125  -0.01764   0.00758   0.04074  -0.12458   0.03054   0.09874  -0.04316  -0.08283   0.02599 
  0.05089   0.00074  -0.10397   0.02164   0.02829   0.09539  -0.18248   0.01767   0.05740  -0.00520  -0.13447   0.01582   0.00398   0.03801  -0.10998   0.02937   0.10926  -0.03864  -0.11327   0.03474 
  0.04709   0.02258  -0.13324   0.02552   0.00737   0.13597  -0.19612   0.00678   0.07358  -0.01350  -0.16770   0.01685  -0.01557   0.06263  -0.09342   0.01603   0.11950  -0.01616  -0.15383   0.03426 
  0.04585   0.04412  -0.15533   0.02099  -0.00855   0.16993  -0.25646   0.01698   0.06360   0.04331  -0.18924   0.00047  -0.06004   0.16893  -0.16716  -0.03038   0.09173   0.04099  -0.19243   0.03197 
  0.02614   0.10089  -0.20265   0.01298  -0.02386   0.20054  -0.29128   0.01205   0.04502   0.08842  -0.26974   0.02047  -0.10559   0.21691  -0.30402   0.00288   0.08291   0.08477  -0.21056   0.00654 
  0.01275   0.13520  -0.25637   0.01575  -0.00563   0.21394  -0.34272  -0.00118   0.02646   0.09605  -0.26333   0.03290  -0.12048   0.21007  -0.30556   0.02700   0.09645   0.11424  -0.27553  -0.00371 
  0.01633   0.14346  -0.29108   0.01786  -0.03091   0.21948  -0.35623   0.02186   0.01784   0.07768  -0.32468   0.07378  -0.13692   0.22126  -0.32355   0.02995   0.07156   0.09986  -0.25829   0.02512 
 -0.00052   0.13664  -0.30685   0.04699   0.00329   0.22062  -0.33938  -0.02109  -0.02246   0.00378  -0.33319   0.15125  -0.11823   0.23546  -0.28064  -0.02576   0.09078   0.11378  -0.28472   0.00640 
  0.00044   0.12715  -0.30718   0.05572  -0.04321   0.26553  -0.38945  -0.01723  -0.06311  -0.09771  -0.36314   0.22277  -0.18217   0.34092  -0.39225  -0.15734   0.10987   0.12954  -0.27505  -0.03573 
 -0.02629   0.14923  -0.33305   0.06522   0.02515   0.26882  -0.47608  -0.06850  -0.16024  -0.32675  -0.43493   0.32677  -0.08052   0.32961  -0.36639  -0.27758   0.15399   0.10485  -0.26854  -0.05554 
 -0.01166   0.10337  -0.36435   0.10503   0.06352   0.32198  -0.74662  -0.15585  -0.12632  -0.30459  -0.61407   0.32835   0.02616   0.33685  -0.75249  -0.38456   0.21686   0.11765  -0.26735  -0.16515 
  0.04610   0.14036  -0.46105   0.04686   0.17026   0.24411  -0.79139  -0.18799   0.01294  -0.42976  -0.52216   0.27093   0.28686   0.01649  -0.60345  -0.36702   0.29221  -0.03751  -0.23316  -0.11541 
  0.16220  -0.00207  -0.44512   0.03506   0.09684   0.30342  -0.74660  -0.17317   0.18548  -0.17164  -0.28206  -0.01486   0.30323  -0.05664  -0.55527  -0.32226   0.29315   0.01592  -0.20116  -0.21128 
  0.18449   0.11161  -0.38149  -0.14582   0.10067   0.27623  -0.64510  -0.14630   0.23667  -0.12388  -0.20558  -0.19607   0.26250  -0.07054  -0.48142  -0.17017   0.26773  -0.01719  -0.22255  -0.10136 
  0.20157   0.08640  -0.37322  -0.15024  -0.03421   0.35204  -0.60920  -0.11668   0.17937  -0.01240  -0.17224  -0.16266   0.09614   0.14863  -0.28950  -0.16710   0.11941   0.10396  -0.26402  -0.01949 
  0.08696   0.19356  -0.35528  -0.10957  -0.03467   0.26561  -0.35635  -0.03948   0.11580   0.08184  -0.17431  -0.12121  -0.04846   0.17409  -0.24218  -0.01347   0.06489   0.12211  -0.25639   0.00494 
  0.05587   0.15063  -0.25996  -0.04915  -0.00227   0.23633  -0.42563  -0.00382   0.04957   0.16649  -0.21389  -0.08408  -0.07467   0.18700  -0.30509   0.01951   0.03036   0.15209  -0.30145   0.01811 
  0.02015   0.17478  -0.30953  -0.01577   0.00533   0.17340  -0.38192   0.04972  -0.01240   0.17243  -0.20313  -0.01682  -0.09007   0.19021  -0.23418   0.00121   0.02470   0.09351  -0.25065   0.06225 
 -0.00452   0.13988  -0.26754   0.03190   0.01212   0.15448  -0.47997   0.08983  -0.00303   0.13052  -0.21872   0.01926  -0.03848   0.15686  -0.26444   0.00992   0.00185   0.09200  -0.28052   0.09069 
 -0.00342   0.11945  -0.30318   0.06498  -0.01573   0.22313  -0.72931   0.09082  -0.08140   0.19808  -0.39413   0.08273  -0.10756   0.23569  -0.52401   0.03732  -0.11638   0.19992  -0.48057   0.10599 
 -0.07796   0.20286  -0.50786   0.09374   0.18170   0.04117  -0.43926  -0.02455   0.14425  -0.02982  -0.09261  -0.12620   0.14892  -0.01550  -0.06665  -0.18035   0.20357   0.02106  -0.21721  -0.05033 
  0.16390  -0.00356  -0.19638  -0.06965  -0.29290   0.48954  -3.00352  -0.12197  -0.21316   0.46043  -1.53941  -0.08090  -0.65359   0.46953  -2.49977  -0.10803  -0.37926   0.35760  -1.81007   0.08122 
 -0.32163   0.44024  -1.96954  -0.05284   0.55147  -4.06479  -4.06479  -4.06479   0.50031  -4.06479  -4.06479  -4.06479   0.52079  -4.06479  -4.06479  -4.06479   0.69001  -4.06479  -4.06479  -4.06479 
  0.56466  -4.06479  -4.06479  -4.06479  -4.06479  -4.06479   0.62102  -4.06479  -4.06479  -4.06479  -4.06479  -4.06479  -4.06479  -4.06479  -4.06479  -4.06479  -4.06479  -4.06479  -4.06479  -4.06479 
 -4.06479  -4.06479   0.64457  -4.06479  -4.06479  -4.06479  -4.06479  -4.06479  -4.06479  -4.06479  -4.06479  -4.06479  -0.01451  -0.03103   0.19170  -0.16442  -4.06479  -4.06479  -4.06479  -4.06479 
  0.02936   0.00890   0.12427  -0.19425  -0.10344   0.10898  -0.30628   0.16094  -0.13304   0.12407  -0.11326   0.08774  -0.05888   0.06819  -0.15206   0.08215  -0.05364   0.15400  -0.06553  -0.07760 
 -0.07469   0.10609  -0.17636   0.08068   0.07649   0.13929  -0.43504   0.02699   0.05736  -0.04521  -0.03755  -0.01356   0.01898   0.04998  -0.02120  -0.06297   0.03666   0.07097  -0.05774  -0.04837 
  0.04486   0.05457  -0.10692  -0.01705  -0.01480   0.14827  -0.17336   0.00308   0.01127   0.03076   0.02992  -0.05871  -0.01863   0.00050   0.10721  -0.07780  -0.00737   0.11740  -0.02280  -0.10585 
 -0.00480   0.08260  -0.02623  -0.05253   0.04790   0.08904  -0.21144   0.01787   0.01230  -0.01804  -0.00497   0.00160   0.03645   0.00293   0.02652  -0.07441  -0.03332   0.10254  -0.02962  -0.05644 
  0.02640   0.04516  -0.05975  -0.02075   0.02503   0.09758  -0.10676  -0.03007   0.01435  -0.02133   0.01266  -0.01094  -0.01221   0.01711   0.06004  -0.05494  -0.03978   0.10661  -0.05580  -0.03218 
  0.00386   0.05617  -0.03223  -0.02870   0.01931   0.06903  -0.04027  -0.04814   0.02249  -0.04459   0.10829  -0.08994   0.01599   0.02609   0.06683  -0.11380   0.02297   0.05478   0.00117  -0.07655 
  0.02355   0.02818   0.02746  -0.07823   0.05400   0.06335  -0.09233  -0.04194   0.02675   0.01147   0.00584  -0.04393   0.06751   0.00810   0.00160  -0.10745  -0.01089   0.10277  -0.06137  -0.04403 
  0.04672   0.04679  -0.04578  -0.05764   0.03974   0.08926  -0.06122  -0.07758   0.02749  -0.01736   0.04109  -0.05208   0.02092   0.02247   0.02069  -0.06891   0.00849   0.09735  -0.03656  -0.07700 
  0.03141   0.05048  -0.01670  -0.06821   0.01478   0.04257  -0.02677  -0.02892   0.03765  -0.02745   0.03740  -0.05519   0.01990   0.01856   0.05050  -0.09215   0.03306   0.03447  -0.00342  -0.05727 
  0.03205   0.01547   0.00651  -0.05484   0.04016   0.05005  -0.06287  -0.03520   0.01192  -0.01058  -0.01813   0.00597   0.03216   0.05860  -0.05377  -0.06680   0.02186   0.05122  -0.06863  -0.00527 
  0.03192   0.03857  -0.05542  -0.02391   0.02124   0.06597  -0.06522  -0.02587   0.00565  -0.02287   0.00826   0.00293  -0.03167   0.04386   0.00721  -0.01461   0.01274   0.06362  -0.05017  -0.02684 
  0.00603   0.03902  -0.03099  -0.01535  -0.02010   0.05408  -0.00768  -0.01858   0.01683  -0.04177   0.03093  -0.01435  -0.00861   0.04395   0.00861  -0.04361   0.01232   0.07114  -0.00780  -0.07712 
  0.00167   0.03569   0.00325  -0.03665  -0.01172   0.06403  -0.04500  -0.00431   0.00188   0.00084  -0.03092   0.01751   0.03039   0.02739  -0.03743  -0.03904  -0.03874   0.09053  -0.07864   0.00456 
  0.00208   0.04797  -0.05261  -0.00308  -0.02072   0.09581  -0.04162  -0.02912   0.00140   0.00469  -0.01549   0.00573  -0.03314   0.05712  -0.01802  -0.00842  -0.03718   0.08759  -0.02778  -0.03691 
 -0.01920   0.06335  -0.02711  -0.01634  -0.00612   0.06263  -0.02034  -0.03022   0.00827   0.01350   0.03122  -0.04245  -0.00241   0.02566   0.02740  -0.04673  -0.00385   0.04802   0.00185  -0.04657 
  0.00236   0.03599   0.00570  -0.03993   0.01802   0.04108  -0.05079  -0.01070  -0.01502   0.01893  -0.01281   0.01165   0.01560   0.02924   0.00550  -0.05573  -0.01602   0.05510  -0.04410  -0.00166 
  0.00616   0.03523  -0.03170  -0.01140  -0.01422   0.07108  -0.01713  -0.03265   0.01228  -0.00659   0.00410  -0.01217  -0.01151   0.05673  -0.00711  -0.04213  -0.00809   0.05996  -0.04111  -0.01498 
 -0.00328   0.04664  -0.01824  -0.02334   0.01088   0.05484  -0.02571  -0.03705   0.02454  -0.00005   0.01907  -0.04283   0.02199   0.05502  -0.00774  -0.08566   0.01829   0.04581  -0.00254  -0.05788 
  0.02185   0.03826  -0.00686  -0.05284   0.04535   0.03315  -0.04535  -0.04078   0.01482  -0.00095  -0.04426   0.01293   0.02712   0.03749  -0.02457  -0.05640   0.00815   0.10237  -0.08747  -0.03605 
  0.03064   0.04397  -0.05523  -0.02783   0.01024   0.06362  -0.01479  -0.05550   0.02232  -0.03239   0.01746  -0.01662   0.00959   0.05577  -0.01142  -0.06538  -0.00157   0.08362  -0.04442  -0.04357 
  0.01395   0.04486  -0.01567  -0.04248   0.00597   0.03357   0.02975  -0.06625   0.03379  -0.01147   0.03690  -0.06120   0.02802   0.04382   0.01596  -0.10239   0.04214   0.05660   0.01218  -0.11038 
  0.03038   0.03003   0.02138  -0.08250   0.03640   0.03477  -0.02235  -0.05199   0.04688  -0.04582  -0.02690  -0.00697   0.04023   0.03798  -0.01518  -0.08464  -0.01911   0.07501  -0.03823  -0.02585 
  0.03863   0.02756  -0.03046  -0.04127   0.00931   0.05771   0.00818  -0.07170   0.04318  -0.00778  -0.01872  -0.03285  -0.00200   0.06663  -0.02833  -0.04953   0.01331   0.08739  -0.04717  -0.05784 
  0.02054   0.05224  -0.02066  -0.05330   0.02255   0.04960   0.01212  -0.08457   0.03929  -0.02840   0.02470  -0.04618   0.02223   0.03233   0.03103  -0.09319   0.03937   0.02540   0.01459  -0.07283 
  0.03560   0.01849   0.01648  -0.07206   0.03990   0.01883  -0.04422  -0.02204   0.01668   0.00775  -0.00803  -0.01863   0.03600   0.04806  -0.01874  -0.08802  -0.01297   0.08881  -0.06115  -0.02584 
  0.02987   0.04052  -0.03904  -0.03650  -0.00949   0.04737   0.00173  -0.03251   0.05353  -0.04071  -0.00727  -0.03224  -0.00599   0.03892  -0.02072  -0.01756   0.00853   0.05220  -0.01778  -0.04123 
  0.01686   0.02554  -0.01090  -0.03104   0.02313   0.02067   0.01367  -0.05775   0.04074  -0.03001   0.05346  -0.07176   0.03168   0.03719   0.00778  -0.09137   0.05541   0.03932  -0.00149  -0.08611 
  0.03925   0.01801   0.01552  -0.07530   0.04840   0.01745  -0.04264  -0.03270   0.02337  -0.02767  -0.04024   0.01778   0.03355   0.02308  -0.00102  -0.06846   0.00935   0.07495  -0.05651  -0.03119 
  0.03750   0.02289  -0.04049  -0.02724   0.00249   0.02821   0.00879  -0.03500   0.04160  -0.03604   0.00574  -0.02933  -0.00943   0.03097   0.01451  -0.03258  -0.00072   0.06295  -0.01374  -0.04990 
  0.01248   0.02383   0.00259  -0.03650  -0.00584   0.05545   0.01483  -0.05790   0.02694  -0.01642   0.03616  -0.04790   0.00976   0.02928   0.04667  -0.08648   0.02737   0.05534  -0.00278  -0.07686 
  0.01699   0.03294   0.01870  -0.06614   0.02210   0.03572  -0.02037  -0.03699   0.01922   0.01288  -0.03064  -0.00988   0.04527   0.01132  -0.01671  -0.05871  -0.00136   0.08184  -0.04646  -0.03973 
  0.02949   0.03478  -0.03295  -0.03546   0.00149   0.03678   0.00318  -0.03627   0.03774  -0.02570  -0.01712  -0.01495  -0.02005   0.07758  -0.02004  -0.04705  -0.00187   0.05326  -0.02532  -0.02689 
  0.00980   0.03569  -0.01464  -0.02972   0.01797   0.01015   0.02126  -0.04957   0.01878  -0.02578   0.04675  -0.03983  -0.00732   0.01319   0.03079  -0.02964   0.00033   0.06543   0.01039  -0.07987 
  0.01195   0.01770   0.02388  -0.05007   0.02266   0.02677  -0.01187  -0.03735   0.04769   0.00046  -0.06777  -0.01220   0.02811   0.03373  -0.02105  -0.05619   0.00539   0.06102  -0.07409   0.00149 
  0.03256   0.03141  -0.04559  -0.02550   0.00160   0.06326  -0.01671  -0.04300   0.03576  -0.03075   0.00717  -0.02648  -0.00187   0.02992   0.03730  -0.06160  -0.01038   0.05515  -0.04067  -0.00868 
  0.01061   0.03172  -0.00854  -0.03207   0.01256   0.04210   0.01346  -0.06523   0.02321   0.00088   0.02173  -0.04396   0.01066   0.02085   0.02386  -0.05547   0.01951   0.03498  -0.00495  -0.04450 
  0.01963   0.02414   0.01007  -0.05191   0.04168   0.01132  -0.04011  -0.02123   0.02524   0.00049  -0.02597  -0.01143   0.01486   0.04110  -0.01320  -0.05293   0.00276   0.07387  -0.07640  -0.00820 
  0.02820   0.03218  -0.04431  -0.02233  -0.00457   0.03527   0.01446  -0.03917   0.04516  -0.01240   0.00489  -0.04970  -0.02251   0.05727   0.01196  -0.04509   0.00214   0.04480  -0.01582  -0.03006 
  0.00940   0.03049   0.00292  -0.03978   0.00202   0.02635   0.03378  -0.05882   0.04378  -0.03496   0.04087  -0.06121   0.01786   0.03991   0.02693  -0.09232   0.02928   0.02559   0.01390  -0.06301 
  0.02691   0.01531   0.02575  -0.06741   0.02277   0.00824  -0.02341  -0.01087   0.00267   0.03810  -0.03928  -0.00370   0.01542   0.03591  -0.00391  -0.05529   0.00842   0.06870  -0.08011  -0.00398 
  0.01871   0.03569  -0.04103  -0.01776  -0.00208   0.04978  -0.00563  -0.03603   0.03015  -0.02494  -0.01016  -0.01102  -0.02134   0.04685   0.00222  -0.02598   0.03060   0.05647   0.00647  -0.09184 
  0.01141   0.03340  -0.00169  -0.04067  -0.00671   0.04416   0.00388  -0.03464   0.04958  -0.01771   0.02802  -0.07087   0.01137   0.04453   0.03313  -0.09490   0.00985   0.05899  -0.00374  -0.06457 
  0.02120   0.03371   0.01040  -0.06376   0.03755   0.01634  -0.01998  -0.03852   0.04188   0.00047  -0.03305  -0.02710   0.01968   0.03123   0.00080  -0.05971   0.00092   0.07894  -0.08449  -0.00592 
  0.03383   0.03126  -0.03904  -0.03207   0.00258   0.06199   0.00413  -0.06360   0.02367  -0.02890   0.01408  -0.01799  -0.00357   0.04682  -0.00070  -0.04563  -0.00600   0.06577  -0.01349  -0.04915 
  0.00833   0.03857  -0.00021  -0.04368   0.01299   0.01287   0.01138  -0.03590   0.02185  -0.01716   0.06261  -0.06384   0.01626   0.05490   0.03243  -0.11617   0.00416   0.04714  -0.00073  -0.04938 
  0.01910   0.02461   0.02106  -0.06250   0.02796   0.03704  -0.01960  -0.04613   0.04346  -0.02907  -0.05033   0.00167   0.03287   0.03481  -0.02762  -0.05896   0.00503   0.04151  -0.04014  -0.00662 
  0.03522   0.02242  -0.03706  -0.02695   0.01446   0.03160   0.02875  -0.07386   0.03572  -0.02006   0.00076  -0.02886  -0.00374   0.03427   0.02963  -0.05712   0.00325   0.06015   0.00816  -0.07338 
  0.01633   0.02771   0.01695  -0.05826   0.00264   0.05049   0.01580  -0.06403   0.04480  -0.03824   0.05336  -0.07141   0.04890   0.01058   0.03002  -0.10715   0.03947   0.02511  -0.01033  -0.04575 
  0.03850   0.01356   0.01648  -0.07077   0.01423   0.03164  -0.02487  -0.02000   0.02497   0.00214  -0.02123  -0.01541   0.04985   0.02030  -0.02046  -0.07307   0.01937   0.05093  -0.06314  -0.00753 
