IntronPotTab 1 1024 -6.80647 0.69165 15.41920 65824 6 16   54.50
   -0.00475
    0.06866
   -0.14559
    0.07016
   -0.07891
    0.00023
   -0.09398
    0.15681
   -0.07225
    0.07955
   -0.08521
    0.08076
   -0.01400
   -0.00166
   -0.06899
    0.08322
   -0.06646
    0.08445
   -0.17271
    0.10358
   -0.04576
    0.01746
   -0.06770
    0.07282
   -0.05002
    0.06722
   -0.10025
    0.06583
    0.05884
   -0.02608
   -0.00373
   -0.00272
   -0.05069
    0.06463
   -0.07171
    0.07147
   -0.08278
   -0.02107
   -0.10089
    0.15014
   -0.06209
    0.07171
   -0.03704
    0.02851
   -0.04675
    0.00498
   -0.03121
    0.06255
   -0.03571
    0.04575
   -0.17024
    0.07104
   -0.02745
   -0.01748
   -0.08906
    0.11359
   -0.00557
    0.07289
   -0.13399
    0.05625
    0.01463
   -0.01133
   -0.05982
    0.04975
   -0.04547
    0.04800
   -0.13964
    0.13466
   -0.05597
   -0.03850
   -0.06391
    0.14518
   -0.04448
    0.04827
   -0.11485
    0.08962
   -0.03335
   -0.00738
   -0.07459
    0.10389
   -0.02675
    0.03434
   -0.16573
    0.10578
   -0.06629
    0.01815
   -0.05996
    0.08792
   -0.02044
    0.02398
   -0.12391
    0.08257
    0.04566
   -0.03532
   -0.06853
    0.06387
   -0.00412
    0.01052
   -0.09997
    0.08947
   -0.06523
   -0.05592
   -0.02163
    0.12102
   -0.04779
    0.01124
   -0.04006
    0.07030
   -0.06753
   -0.03763
   -0.02941
    0.10718
    0.26815
   -0.12747
   -0.21802
   -0.01552
    0.11941
   -0.09127
   -0.12098
    0.06247
    0.27946
   -0.13135
   -0.26668
   -0.07166
    0.13228
   -0.06529
   -0.08708
    0.06928
   -0.04574
    0.07993
   -0.11799
    0.11378
   -0.08338
    0.01116
   -0.13526
    0.18399
   -0.02996
    0.04679
   -0.08793
    0.08583
   -0.00476
    0.00238
   -0.09535
    0.11735
   -0.06210
    0.05750
   -0.12891
    0.11941
   -0.04143
    0.02128
   -0.06958
    0.07353
   -0.06792
    0.05767
   -0.09326
    0.09385
    0.08875
   -0.03700
   -0.00029
   -0.01272
   -0.01832
    0.04827
   -0.09871
    0.08362
   -0.06701
   -0.05185
   -0.13239
    0.18532
   -0.03521
    0.03568
   -0.05452
    0.05731
   -0.10006
    0.03158
   -0.06766
    0.10564
   -0.01561
    0.01499
   -0.12153
    0.08082
   -0.04265
   -0.02841
   -0.09692
    0.14734
   -0.04975
    0.07525
   -0.12264
    0.09899
    0.01945
   -0.02645
   -0.07366
    0.08664
   -0.07203
    0.12841
   -0.19741
    0.08368
   -0.09366
   -0.01407
   -0.13774
    0.17790
   -0.09015
    0.09633
   -0.10824
    0.06804
   -0.03106
    0.00792
   -0.09479
    0.08655
   -0.08986
    0.07593
   -0.16495
    0.10820
   -0.05846
    0.02603
   -0.09715
    0.08974
   -0.07143
    0.06029
   -0.09281
    0.07596
    0.03370
    0.00157
   -0.05995
    0.02512
   -0.03416
    0.07199
   -0.15067
    0.08509
   -0.09981
   -0.05304
   -0.09628
    0.17690
   -0.06186
    0.04504
   -0.05792
    0.06868
   -0.09141
   -0.00642
   -0.04236
    0.10577
    0.07473
   -0.00339
   -0.20612
    0.05810
    0.00675
   -0.03547
   -0.09361
    0.09834
    0.08209
    0.01598
   -0.16361
    0.02815
    0.04274
   -0.00307
   -0.11458
    0.06921
   -0.03358
    0.06243
   -0.15367
    0.11783
   -0.11343
    0.04251
   -0.09438
    0.14942
   -0.10087
    0.06950
   -0.09162
    0.11240
   -0.02436
    0.02556
   -0.09654
    0.09449
   -0.07651
    0.08726
   -0.17477
    0.11349
   -0.08122
    0.05110
   -0.08570
    0.10170
   -0.06664
    0.08427
   -0.11122
    0.07239
    0.01997
   -0.00045
   -0.04841
    0.03246
   -0.03853
    0.03662
   -0.07321
    0.08094
   -0.09706
   -0.01308
   -0.07200
    0.14828
   -0.05158
    0.06440
   -0.04967
    0.03055
   -0.04457
    0.02089
   -0.06956
    0.08467
   -0.02936
    0.01764
   -0.18390
    0.10019
   -0.05365
    0.00114
   -0.10050
    0.12999
   -0.03675
    0.08119
   -0.12813
    0.06850
   -0.01835
    0.01041
   -0.10030
    0.08035
   -0.03666
    0.05706
   -0.12488
    0.10974
   -0.03622
   -0.02481
   -0.08042
    0.12281
   -0.04895
    0.02710
   -0.09649
    0.10163
   -0.02786
   -0.00630
   -0.09823
    0.10994
   -0.07506
    0.05286
   -0.16653
    0.13523
   -0.11552
    0.04856
   -0.09827
    0.11956
   -0.07910
    0.04134
   -0.12043
    0.11436
    0.02542
   -0.03153
   -0.08900
    0.08476
   -0.03117
    0.02333
   -0.09620
    0.10608
   -0.04824
   -0.03828
   -0.08355
    0.13462
   -0.06548
    0.03338
   -0.06564
    0.08396
   -0.05610
   -0.02107
   -0.05611
    0.10304
    0.09605
   -0.04148
   -0.18685
    0.07260
   -0.00635
   -0.03758
   -0.09407
    0.12507
    0.09979
    0.00372
   -0.17784
    0.04304
    0.05005
   -0.03426
   -0.10316
    0.11182
    0.00291
    0.06402
   -0.18495
    0.12899
   -0.07165
    0.03357
   -0.12248
    0.16137
   -0.02291
    0.04115
   -0.10934
    0.09966
   -0.01130
    0.02101
   -0.11253
    0.12810
   -0.08438
    0.04792
   -0.16647
    0.15232
   -0.05950
    0.04167
   -0.07008
    0.08727
   -0.09858
    0.05307
   -0.12749
    0.12587
    0.03948
   -0.01239
   -0.02652
    0.02117
    0.00416
    0.03595
   -0.13146
    0.10291
   -0.06538
    0.00162
   -0.10693
    0.16641
   -0.04452
    0.06209
   -0.08185
    0.06115
   -0.06401
    0.03232
   -0.09740
    0.12703
   -0.05204
   -0.00057
   -0.14949
    0.12681
   -0.05113
    0.00988
   -0.10946
    0.14362
   -0.07473
    0.05594
   -0.10838
    0.10848
    0.01763
   -0.01689
   -0.10113
    0.10578
   -0.13469
    0.17355
   -0.32304
    0.10494
   -0.09478
    0.01474
   -0.09313
    0.13218
   -0.05089
    0.06708
   -0.12012
    0.07255
   -0.04037
    0.02442
   -0.11058
    0.09240
   -0.12655
    0.09969
   -0.23594
    0.14170
   -0.07663
    0.06142
   -0.08833
    0.06675
   -0.08038
    0.06085
   -0.09929
    0.08983
    0.02184
   -0.00456
   -0.07902
    0.05317
   -0.17769
    0.23165
   -0.32855
    0.10339
   -0.07346
   -0.00621
   -0.07029
    0.11055
   -0.07076
    0.05657
   -0.07593
    0.08473
   -0.09485
    0.02871
   -0.06334
    0.08811
   -0.03030
    0.03019
   -0.22192
    0.08876
   -0.04887
    0.01875
   -0.09976
    0.09951
   -0.04163
    0.06558
   -0.10788
    0.07775
   -0.00802
    0.02062
   -0.12204
    0.08895
   -0.07939
    0.09277
   -0.12862
    0.11544
   -0.10168
    0.02192
   -0.08015
    0.15393
   -0.08901
    0.11107
   -0.09239
    0.09848
   -0.02682
    0.00679
   -0.06083
    0.08842
   -0.07672
    0.09049
   -0.12593
    0.08109
   -0.06199
    0.01898
   -0.03670
    0.06998
   -0.07290
    0.08648
   -0.08582
    0.08595
    0.02510
   -0.03031
    0.02391
   -0.00768
   -0.06467
    0.07927
   -0.06939
    0.07041
   -0.11185
   -0.00101
   -0.08826
    0.14911
   -0.07150
    0.09934
   -0.06360
    0.05479
   -0.03485
    0.00527
   -0.05756
    0.07732
   -0.05720
    0.06627
   -0.17537
    0.07922
   -0.02990
   -0.02815
   -0.04604
    0.09405
   -0.04915
    0.07972
   -0.09497
    0.07804
   -0.01069
   -0.00186
   -0.04624
    0.04862
   -0.03490
    0.05218
   -0.13470
    0.13001
   -0.04476
   -0.03341
   -0.08081
    0.14154
   -0.05595
    0.03410
   -0.09806
    0.11391
   -0.01271
   -0.02740
   -0.06946
    0.10361
   -0.05450
    0.05991
   -0.14431
    0.09067
   -0.07991
    0.04276
   -0.06757
    0.08999
   -0.05132
    0.01778
   -0.11937
    0.11199
    0.04470
   -0.03792
   -0.08194
    0.07365
   -0.01631
    0.03373
   -0.12597
    0.10795
   -0.09124
   -0.03461
   -0.06188
    0.14413
   -0.06425
    0.03564
   -0.05509
    0.07457
   -0.04872
   -0.03020
   -0.04992
    0.09957
    0.29398
   -0.13041
   -0.24983
   -0.05516
    0.15113
   -0.10994
   -0.15299
    0.05589
    0.28290
   -0.14915
   -0.26766
   -0.06178
    0.20116
   -0.07752
   -0.11330
    0.06533
   -0.00117
    0.07574
   -0.13515
    0.09636
   -0.06708
   -0.00281
   -0.09601
    0.16255
   -0.02948
    0.09765
   -0.11147
    0.08436
   -0.02181
    0.00515
   -0.07651
    0.11017
   -0.05516
    0.06826
   -0.11869
    0.09473
   -0.06171
    0.04256
   -0.04870
    0.06880
   -0.08702
    0.08642
   -0.10012
    0.10780
    0.06820
   -0.01365
   -0.01404
   -0.01264
   -0.02115
    0.05596
   -0.09950
    0.08431
   -0.08863
   -0.03505
   -0.10247
    0.18013
   -0.07160
    0.06881
   -0.05009
    0.06494
   -0.07410
   -0.00654
   -0.06704
    0.12711
   -0.07500
    0.03408
   -0.13359
    0.10829
   -0.03913
   -0.02377
   -0.06721
    0.12132
   -0.08820
    0.06873
   -0.07560
    0.10947
   -0.01405
   -0.01526
   -0.08166
    0.09561
   -0.02730
    0.14640
   -0.28548
    0.13441
   -0.07862
   -0.00091
   -0.18620
    0.18858
   -0.07143
    0.11784
   -0.13451
    0.05678
   -0.03780
    0.05010
   -0.13342
    0.09119
   -0.06840
    0.08409
   -0.18339
    0.11935
   -0.05948
    0.03584
   -0.09954
    0.09193
   -0.08505
    0.07432
   -0.09383
    0.08589
    0.02799
    0.00747
   -0.06557
    0.02969
   -0.03443
    0.11867
   -0.22945
    0.12038
   -0.07097
   -0.04930
   -0.16671
    0.18991
   -0.05929
    0.10737
   -0.14304
    0.05103
   -0.06211
   -0.01118
   -0.04271
    0.08665
    0.06652
    0.02856
   -0.24024
    0.06936
   -0.02944
   -0.02586
   -0.09175
    0.12134
    0.02225
    0.06226
   -0.13623
    0.04696
    0.04223
    0.01823
   -0.10986
    0.06433
   -0.06561
    0.10945
   -0.17149
    0.08799
   -0.04904
    0.01451
   -0.06868
    0.09904
   -0.04711
    0.11187
   -0.09713
   -0.00535
   -0.04314
    0.02784
   -0.07402
    0.07967
   -0.08756
    0.09600
   -0.17510
    0.09735
   -0.06002
    0.05665
   -0.09585
    0.07083
   -0.03739
    0.06183
   -0.07889
    0.03801
   -0.02095
    0.01922
    0.00574
   -0.01188
   -0.04473
    0.07902
   -0.08402
    0.04645
   -0.08600
   -0.02891
   -0.13124
    0.17302
   -0.04137
    0.08097
   -0.04867
   -0.00011
   -0.06489
    0.02853
   -0.06740
    0.09462
   -0.04628
    0.04448
   -0.18014
    0.07311
   -0.05216
   -0.00218
   -0.12022
    0.13269
   -0.02247
    0.07906
   -0.10461
    0.03027
   -0.04170
    0.02077
   -0.06446
    0.05205
   -0.01634
    0.04629
   -0.16420
    0.12930
   -0.03231
   -0.04479
   -0.09827
    0.14651
   -0.02659
    0.01269
   -0.10540
    0.10353
    0.02137
   -0.05437
   -0.07245
    0.11683
   -0.06418
    0.05389
   -0.18413
    0.12894
   -0.11252
    0.02747
   -0.09767
    0.12781
   -0.06809
    0.01841
   -0.12587
    0.13149
    0.06852
   -0.06499
   -0.06093
    0.08428
   -0.01364
    0.00864
   -0.10902
    0.10784
   -0.05116
   -0.06609
   -0.08748
    0.15306
   -0.05000
    0.00659
   -0.04458
    0.08286
   -0.04704
   -0.06623
   -0.01596
    0.12062
    0.15734
   -0.06533
   -0.20478
    0.05417
    0.06198
   -0.06602
   -0.12683
    0.11151
    0.15144
   -0.04052
   -0.19630
    0.04319
    0.12333
   -0.07100
   -0.09752
    0.11129
   -0.00866
    0.09076
   -0.19531
    0.11876
   -0.05198
    0.01889
   -0.08958
    0.12182
   -0.00946
    0.07530
   -0.12148
    0.04391
    0.00045
    0.01018
   -0.10263
    0.11075
   -0.06469
    0.06932
   -0.17087
    0.12701
   -0.06844
    0.02072
   -0.09097
    0.11811
   -0.06030
    0.06833
   -0.11566
    0.08011
    0.05355
   -0.01163
   -0.03633
    0.02068
   -0.02088
    0.05104
   -0.12273
    0.09266
   -0.07717
   -0.03988
   -0.08078
    0.16296
   -0.04735
    0.05047
   -0.07025
    0.06230
   -0.04671
    0.02168
   -0.10134
    0.12793
   -0.05555
    0.01788
   -0.16089
    0.11682
   -0.08168
   -0.01016
   -0.10649
    0.16098
   -0.07463
    0.05422
   -0.06665
    0.08338
    0.01190
    0.00059
   -0.10930
    0.09372
   -0.07829
    0.13006
   -0.22858
    0.07854
   -0.09265
   -0.02081
   -0.10248
    0.14775
   -0.06797
    0.08365
   -0.10110
    0.05666
   -0.05657
    0.00493
   -0.09034
    0.09620
   -0.09042
    0.07864
   -0.20830
    0.13681
   -0.08620
    0.04550
   -0.10186
    0.08883
   -0.07594
    0.06022
   -0.12413
    0.10171
    0.03428
   -0.00602
   -0.04315
    0.02052
   -0.06414
    0.12585
   -0.19539
    0.08527
   -0.07393
   -0.04879
   -0.09832
    0.14801
   -0.05856
    0.04279
   -0.06817
    0.07801
   -0.09362
   -0.00298
   -0.04949
    0.09458
   -0.02362
    0.05682
   -0.24425
    0.07859
   -0.03317
   -0.02621
   -0.09990
    0.10921
   -0.01998
    0.05151
   -0.13219
    0.08999
    0.00097
    0.00073
   -0.10697
    0.07910
