IntronPotTab 1 1024 2.18934
    0.01001
    0.06624
    0.00383
   -0.12792
    0.02690
    0.20571
   -0.06239
   -0.07170
   -0.01295
    0.10350
    0.00035
   -0.22289
   -0.22025
   -0.00788
    0.06374
   -0.04939
   -0.08680
    0.02846
    0.09121
   -0.12625
   -0.10024
    0.05207
    0.01162
    0.00898
   -0.09305
    0.07848
   -0.01486
   -0.02863
   -0.04039
   -0.12130
    0.18356
   -0.09919
   -0.15561
   -0.01892
    0.10674
   -0.07791
    0.01253
   -0.08490
   -0.01133
    0.07712
   -0.06701
   -0.01341
    0.14177
   -0.12588
   -0.17219
   -0.13384
    0.18754
   -0.15038
   -0.19928
   -0.02681
    0.08133
   -0.00373
   -0.02934
    0.06335
    0.04140
   -0.07075
   -0.11020
    0.06433
    0.03139
   -0.08890
   -0.03264
   -0.08916
    0.07139
   -0.02491
    0.05763
   -0.09155
    0.00805
    0.07372
    0.09562
   -0.03460
   -0.11168
    0.15506
    0.04540
   -0.03877
    0.03018
    0.03736
    0.12519
   -0.11315
    0.08211
   -0.00919
   -0.08746
    0.01011
    0.00040
    0.03523
   -0.03323
    0.08197
   -0.09666
    0.06633
   -0.09468
    0.04251
   -0.01900
    0.00229
    0.20642
   -0.05228
    0.02657
    0.02331
    0.08266
   -0.07673
    0.01705
    0.05122
    0.03328
   -0.10630
   -0.04658
    0.14596
    0.06611
   -0.04928
    0.05786
    0.04897
   -0.00926
   -0.07494
    0.06997
    0.03532
    0.35863
   -0.20832
    0.23004
    0.05626
   -0.07056
    0.05797
   -0.10870
    0.21546
    0.33426
   -0.06715
   -0.18995
   -0.01241
    0.26334
   -0.11857
    0.08215
   -0.03190
    0.19693
   -0.06196
   -0.02826
    0.04869
    0.11923
    0.00857
   -0.10214
    0.15427
    0.11136
   -0.06347
   -0.01171
   -0.03919
    0.12529
   -0.16569
    0.06865
   -0.00991
   -0.01646
   -0.02655
   -0.00667
    0.07564
    0.01523
    0.02537
   -0.08719
    0.11980
    0.03767
   -0.01583
   -0.01140
    0.01231
    0.13987
   -0.12764
    0.09067
   -0.05534
   -0.02845
   -0.02098
    0.01381
    0.01440
    0.07867
   -0.12557
   -0.05149
    0.18056
    0.10632
   -0.07657
    0.09801
   -0.03724
   -0.11969
   -0.08437
    0.06464
   -0.00041
    0.09302
   -0.15712
    0.06320
    0.19083
    0.04785
    0.02318
   -0.10725
    0.15038
   -0.06952
    0.01328
    0.00630
    0.01834
    0.25255
   -0.17016
    0.08767
    0.06708
   -0.00692
   -0.00521
    0.07064
   -0.26025
    0.03133
   -0.08211
   -0.06754
    0.13585
   -0.10170
    0.05135
    0.08914
   -0.14785
   -0.17480
   -0.05072
    0.09907
   -0.03291
   -0.18792
    0.07000
    0.07071
   -0.05443
   -0.08233
    0.09016
   -0.00075
   -0.00879
   -0.17149
    0.14307
   -0.04050
   -0.06743
   -0.07937
   -0.05050
    0.11321
   -0.10829
   -0.09012
   -0.00402
    0.06254
   -0.05332
   -0.00431
   -0.11502
   -0.02982
    0.14659
   -0.00407
    0.00104
    0.06953
   -0.12053
   -0.09114
   -0.10042
    0.14723
   -0.14593
    0.03408
    0.02346
   -0.03577
   -0.00950
   -0.03064
   -0.01251
    0.03014
   -0.00593
   -0.11098
    0.05422
    0.02535
   -0.07920
    0.03146
   -0.04618
    0.03729
   -0.02338
    0.11187
   -0.02869
   -0.02985
    0.06478
   -0.04060
   -0.01658
   -0.00635
    0.08525
   -0.06702
    0.05311
   -0.01642
   -0.01517
   -0.02686
   -0.05241
    0.01202
    0.10301
   -0.14429
    0.02859
    0.02189
   -0.00044
   -0.08459
    0.10205
   -0.03267
    0.02556
   -0.05957
    0.04250
   -0.04449
    0.00796
   -0.07666
   -0.11608
    0.11862
   -0.02884
   -0.10299
   -0.05657
    0.10214
   -0.08432
   -0.04284
   -0.01517
   -0.00618
    0.08123
   -0.02628
    0.00136
    0.12005
   -0.13803
   -0.10309
   -0.06795
    0.09321
   -0.12164
   -0.12933
   -0.04135
    0.03379
    0.10512
   -0.06985
   -0.00614
   -0.01789
    0.08554
   -0.16185
    0.08599
   -0.07937
    0.00625
   -0.00477
   -0.03447
    0.00312
    0.08193
    0.00860
   -0.06820
    0.00035
    0.12937
    0.05323
   -0.03781
   -0.08847
    0.14512
    0.02189
   -0.03138
    0.01798
    0.05637
    0.13943
   -0.08825
    0.03138
    0.12960
   -0.07260
    0.01744
   -0.03928
    0.07793
   -0.33026
    0.29176
   -0.27118
   -0.03752
   -0.14078
    0.05512
   -0.00350
    0.00864
   -0.02496
   -0.02746
    0.02997
    0.02182
    0.09416
   -0.09247
    0.00457
    0.10641
    0.05576
   -0.11945
   -0.04089
    0.14675
    0.04340
   -0.05834
    0.09374
    0.08763
    0.00599
   -0.11035
    0.09152
    0.06126
   -0.10729
   -0.12049
    0.14902
    0.10238
   -0.03356
    0.02924
   -0.14035
    0.20715
    0.03192
   -0.02318
   -0.06427
    0.15003
    0.17580
   -0.04179
   -0.03772
    0.15444
    0.14389
   -0.09531
   -0.01085
    0.08419
    0.07578
    0.01846
   -0.08885
    0.15418
    0.04345
   -0.00405
   -0.02167
   -0.00279
    0.11263
   -0.07755
    0.01127
    0.08481
   -0.03157
   -0.01752
   -0.02168
    0.10265
   -0.01858
    0.04540
   -0.07841
    0.12848
   -0.00208
   -0.00146
   -0.03929
    0.06726
    0.03721
   -0.09265
    0.05315
    0.02500
   -0.00477
   -0.02984
    0.02453
   -0.00593
    0.03833
   -0.04155
   -0.06113
    0.15732
    0.06823
   -0.05462
    0.11883
    0.00157
   -0.05414
   -0.03493
    0.02416
    0.00849
    0.14060
   -0.13520
    0.02973
    0.21547
   -0.03582
    0.09103
   -0.09659
    0.13821
   -0.11136
    0.00965
   -0.01937
    0.08104
    0.14320
   -0.07162
    0.01199
    0.10346
   -0.13467
    0.10618
   -0.05108
   -0.00397
   -0.02711
   -0.03658
   -0.05079
    0.12791
   -0.05056
    0.00633
    0.03931
   -0.00577
    0.02073
   -0.05396
    0.03683
    0.01443
   -0.25522
    0.07351
    0.01212
    0.03245
   -0.08517
    0.18984
   -0.03683
   -0.04022
   -0.15748
    0.11296
   -0.06901
   -0.00743
   -0.13148
    0.02734
    0.01523
   -0.05496
   -0.29468
    0.21212
   -0.24021
   -0.02800
   -0.02845
   -0.00298
   -0.03243
    0.06058
   -0.05648
    0.03634
   -0.00803
   -0.05526
   -0.12782
   -0.02371
    0.05880
   -0.05411
   -0.19795
    0.07571
   -0.02714
   -0.03128
   -0.06211
    0.01380
    0.00234
    0.01961
   -0.21010
    0.10716
   -0.09492
    0.01435
   -0.08833
    0.06584
   -0.06397
    0.09709
   -0.01310
    0.01159
    0.02178
   -0.10904
    0.03607
    0.03480
   -0.00866
   -0.06085
   -0.08953
    0.05020
    0.03628
   -0.05933
   -0.04123
   -0.02876
   -0.00254
    0.11105
   -0.16323
    0.03455
    0.08048
   -0.06758
   -0.02401
    0.07531
   -0.00910
   -0.03049
   -0.12944
    0.10716
   -0.05124
    0.01570
   -0.12840
   -0.11294
    0.15010
   -0.11085
   -0.15211
   -0.05134
    0.11602
   -0.14384
   -0.01064
   -0.01265
   -0.02190
    0.05622
   -0.09975
    0.01633
    0.12669
   -0.09047
   -0.06358
   -0.05633
    0.08809
   -0.14992
    0.00722
   -0.03870
    0.04796
   -0.04640
   -0.01773
    0.02342
    0.00457
   -0.01107
   -0.18350
    0.05208
    0.01678
    0.03400
   -0.02322
   -0.04971
    0.02696
    0.01557
    0.01191
   -0.02756
    0.00201
    0.02865
    0.09378
   -0.07981
   -0.07848
    0.16360
    0.04685
   -0.03345
   -0.02042
    0.11678
    0.09901
   -0.11086
    0.07626
    0.03829
   -0.10562
    0.01689
    0.02118
    0.01477
   -0.06989
    0.18923
   -0.08845
    0.04988
   -0.11330
    0.03718
   -0.02784
    0.04819
    0.07508
   -0.04990
    0.04073
    0.01296
    0.05793
   -0.06914
   -0.00589
    0.10603
    0.02162
   -0.09778
   -0.02506
    0.12951
    0.04641
   -0.05414
    0.07934
    0.07602
    0.01111
   -0.09383
    0.05355
    0.08479
    0.17876
   -0.15240
    0.11445
    0.07234
    0.13071
   -0.03476
   -0.12131
    0.12348
    0.30072
   -0.08836
   -0.12590
    0.05926
    0.22677
   -0.09429
    0.01828
    0.13865
    0.14853
   -0.07792
   -0.02837
    0.08105
    0.07130
   -0.04510
   -0.06218
    0.09933
    0.03346
   -0.02200
   -0.00594
    0.01342
    0.03199
   -0.11717
    0.03157
    0.14215
   -0.05480
   -0.08034
    0.04964
    0.04586
    0.03440
    0.07923
   -0.08393
    0.04029
    0.02004
   -0.00308
   -0.02148
    0.01812
   -0.02375
   -0.08085
    0.06887
   -0.04397
   -0.06272
    0.00323
    0.04363
   -0.05278
    0.03719
   -0.02952
   -0.05574
    0.10881
   -0.06955
   -0.12211
    0.23772
   -0.25305
   -0.06093
   -0.02276
    0.02815
   -0.01743
   -0.06886
   -0.11371
    0.04620
    0.14131
    0.00232
    0.01630
   -0.09998
    0.16929
   -0.22751
    0.00486
    0.05425
    0.12027
   -0.01041
   -0.07894
   -0.01295
    0.28762
    0.01845
    0.07984
   -0.03890
   -0.00239
   -0.01411
    0.07061
   -0.07267
    0.06785
   -0.07533
    0.10521
   -0.00050
   -0.16171
   -0.12476
   -0.00930
    0.06299
   -0.15202
   -0.13186
    0.10817
   -0.01685
    0.00437
   -0.06417
    0.12405
    0.00135
   -0.03351
   -0.17749
    0.14070
   -0.07884
    0.00052
   -0.00797
   -0.02453
    0.05994
   -0.07816
    0.06520
    0.10172
   -0.13690
    0.11085
    0.02010
   -0.06535
   -0.06822
    0.12965
   -0.00256
    0.03047
    0.01008
   -0.08906
   -0.12340
   -0.07940
    0.09188
   -0.08654
   -0.19509
    0.14081
   -0.15551
    0.15314
   -0.06692
   -0.00293
   -0.00803
    0.05680
   -0.21171
    0.11979
   -0.06348
   -0.01714
   -0.08528
    0.06132
   -0.05860
    0.12766
   -0.00585
    0.06198
    0.01443
   -0.19704
    0.07444
   -0.08349
   -0.01762
    0.11753
   -0.02098
    0.05493
    0.00887
   -0.19206
   -0.07103
    0.02512
   -0.01450
    0.03045
   -0.20977
    0.00905
    0.06521
    0.03679
   -0.09332
    0.05785
   -0.04434
    0.06235
   -0.18101
    0.11744
   -0.03720
   -0.00876
   -0.19018
   -0.11802
    0.19362
   -0.09764
   -0.11162
    0.02655
    0.05647
   -0.08112
    0.07750
   -0.13574
   -0.05772
    0.15391
   -0.00723
   -0.01246
    0.08732
   -0.12127
   -0.12445
   -0.03642
    0.12085
   -0.13430
   -0.09456
   -0.01861
    0.02546
    0.04290
   -0.04501
   -0.05349
    0.00841
    0.06347
   -0.11635
    0.07047
   -0.05391
   -0.05394
   -0.12139
   -0.04924
    0.04616
    0.03608
    0.13154
   -0.08882
   -0.03282
    0.16122
    0.13406
   -0.13115
   -0.08613
    0.19750
    0.11910
   -0.08329
    0.05361
    0.07897
    0.22710
   -0.12146
    0.06079
    0.14786
   -0.04752
    0.02840
   -0.05205
    0.06289
   -0.20508
    0.18621
   -0.13937
    0.11971
   -0.11701
    0.04493
   -0.03135
    0.03273
    0.16704
   -0.07848
    0.09234
    0.02213
    0.07579
   -0.07091
    0.00188
    0.09002
    0.06328
   -0.13211
   -0.06871
    0.17334
    0.04063
   -0.03520
    0.03294
    0.06626
   -0.06979
   -0.09638
    0.10667
    0.11953
    0.17706
   -0.15611
    0.14814
    0.11485
    0.02655
   -0.06486
   -0.17528
    0.23925
    0.15235
   -0.02252
   -0.11458
    0.10518
    0.15466
   -0.10895
    0.03643
    0.17316
    0.14429
   -0.02647
   -0.04180
    0.13099
    0.07353
    0.04525
   -0.09694
    0.12662
    0.10702
   -0.00004
    0.01412
   -0.17898
    0.09071
   -0.05744
    0.00290
    0.11160
    0.06373
   -0.01930
   -0.04681
    0.11364
    0.05868
   -0.00037
   -0.10022
    0.14094
    0.07206
   -0.02192
   -0.01996
    0.02056
    0.13048
   -0.07196
    0.02963
    0.02276
   -0.06055
   -0.00478
    0.05283
   -0.10276
    0.07071
   -0.08104
   -0.08451
    0.19381
   -0.02781
   -0.01341
    0.09038
   -0.04527
   -0.08332
    0.03099
    0.00491
   -0.05299
    0.10969
   -0.13569
    0.02432
    0.19935
   -0.04418
    0.00022
   -0.09076
    0.19684
   -0.13680
    0.02681
   -0.07732
    0.11809
    0.08718
   -0.05451
   -0.01619
    0.19612
   -0.07308
    0.08068
    0.00364
   -0.05516
   -0.07634
   -0.00045
   -0.06726
    0.14123
    0.02313
    0.03835
   -0.14226
    0.08323
   -0.03626
   -0.02667
    0.04930
   -0.03015
   -0.17037
    0.08660
    0.03292
   -0.03185
   -0.16411
    0.10179
   -0.02822
    0.03205
   -0.15422
    0.11963
   -0.10507
   -0.00400
   -0.12211
    0.01228
    0.08959
   -0.11123
   -0.09252
    0.06552
   -0.01030
   -0.02586
    0.05247
   -0.09936
   -0.07208
    0.15970
    0.03142
   -0.00226
    0.01957
   -0.05615
   -0.25764
   -0.02568
    0.10236
   -0.02261
   -0.01135
    0.06822
   -0.08605
   -0.05781
   -0.08445
    0.01487
   -0.04292
    0.06426
   -0.15758
    0.08728
   -0.08021
   -0.05225
   -0.08378
   -0.02067
   -0.03534
    0.12130
