IntronPotTab 1 1024 -9.96901 0.33138 9.56670 23802 6 16   72.23
   -0.01192
    0.07160
   -0.07807
    0.03367
    0.06049
    0.03283
   -0.07116
   -0.04636
   -0.01827
    0.05078
   -0.02042
   -0.02378
   -0.07161
    0.06192
    0.00782
   -0.00569
   -0.00027
    0.05915
   -0.08384
    0.00940
    0.03365
    0.06922
   -0.06430
   -0.06167
    0.03502
    0.00973
   -0.06934
   -0.00417
   -0.02632
    0.02543
    0.01822
   -0.01698
   -0.02718
    0.07534
   -0.03880
   -0.00253
    0.06435
    0.00902
   -0.08371
   -0.01565
    0.00985
   -0.00889
    0.03068
   -0.02599
   -0.04693
    0.04732
    0.03588
   -0.04151
   -0.12218
    0.16112
   -0.09057
    0.00651
    0.07989
    0.04297
   -0.07248
   -0.05602
    0.00794
    0.02300
   -0.05356
    0.01361
   -0.13810
    0.05612
    0.02892
    0.01582
    0.01993
    0.02949
   -0.08933
    0.04532
    0.03940
   -0.00974
   -0.06796
    0.02385
    0.00663
    0.01453
   -0.05481
    0.01890
    0.03820
   -0.01125
   -0.01960
    0.01178
   -0.03013
    0.08989
   -0.11451
    0.02551
   -0.01192
    0.08063
   -0.08204
   -0.00384
    0.01825
    0.02352
   -0.06430
   -0.00724
    0.02968
    0.03976
   -0.02954
   -0.04011
    0.02523
    0.01324
   -0.06635
    0.02732
    0.04824
   -0.00506
   -0.02626
   -0.02342
    0.04024
    0.00444
   -0.03155
   -0.02577
   -0.02909
   -0.00848
    0.02722
    0.00364
    0.02699
    0.08084
   -0.11136
   -0.03387
    0.06404
    0.05406
   -0.07050
   -0.04221
    0.12008
   -0.01535
   -0.09961
   -0.00983
   -0.13211
    0.02980
    0.00884
    0.02793
    0.04578
    0.07694
   -0.10581
    0.03002
    0.09074
    0.00227
   -0.06318
   -0.04279
    0.01993
   -0.00046
   -0.01781
   -0.00813
   -0.05249
    0.02735
    0.01024
    0.01018
    0.02273
    0.08060
   -0.11411
    0.01604
    0.02874
    0.07388
   -0.08155
   -0.03110
    0.04284
   -0.00428
   -0.04235
   -0.01245
   -0.01176
    0.03899
   -0.00482
   -0.02318
    0.03020
    0.04263
   -0.06269
   -0.00605
    0.05021
    0.00405
   -0.08831
    0.02417
    0.05828
   -0.03181
    0.02695
   -0.04819
    0.00852
   -0.00984
   -0.01431
    0.01790
   -0.07768
    0.11260
   -0.10621
    0.04678
    0.08018
    0.02772
   -0.06608
   -0.03111
    0.04968
   -0.00149
   -0.05454
    0.00357
   -0.13008
    0.03929
    0.00004
    0.04426
    0.01063
    0.11564
   -0.10637
   -0.01021
    0.09130
    0.01304
   -0.05193
   -0.06769
   -0.03156
    0.05735
    0.02511
   -0.05182
   -0.14652
    0.10813
    0.09754
   -0.05495
   -0.01830
    0.08425
   -0.06905
   -0.00394
    0.01578
    0.07042
   -0.07111
   -0.02456
    0.00749
    0.03329
   -0.04421
   -0.02058
   -0.00655
    0.05313
    0.00157
   -0.04794
    0.02734
    0.01590
   -0.05087
    0.00298
    0.06155
   -0.02870
   -0.05256
    0.00192
    0.03855
   -0.01727
   -0.01218
   -0.01156
    0.03051
   -0.01238
   -0.00039
   -0.01085
   -0.14973
    0.17177
   -0.06605
   -0.00729
    0.08033
    0.05455
   -0.07114
   -0.05775
    0.02547
   -0.00021
   -0.04433
    0.01349
   -0.10319
    0.06974
   -0.01514
    0.00459
    0.02838
    0.04799
   -0.10201
    0.03872
    0.02368
    0.03739
   -0.11096
    0.03468
    0.01291
    0.03082
   -0.09701
    0.03743
    0.01646
    0.01794
   -0.07190
    0.05490
   -0.00140
    0.04973
   -0.09870
    0.03557
    0.01667
    0.03622
   -0.09869
    0.02757
    0.01877
    0.00592
   -0.07453
    0.03142
    0.05812
    0.00816
   -0.05639
    0.00781
    0.01531
    0.02986
   -0.06062
    0.00982
    0.03078
    0.02840
   -0.08661
    0.00690
    0.02750
    0.00692
   -0.00620
   -0.03874
    0.02463
    0.01614
   -0.02918
   -0.01260
    0.00242
    0.04210
   -0.11472
    0.03068
    0.04382
    0.02942
   -0.10208
    0.01585
    0.02388
    0.01968
   -0.09549
    0.04415
    0.02345
    0.02416
   -0.05793
    0.02969
    0.03904
    0.02492
   -0.10149
    0.04383
    0.03842
    0.01886
   -0.07919
    0.00018
    0.00900
    0.03495
   -0.07049
    0.00082
    0.07064
    0.00219
   -0.06149
    0.02574
    0.01590
    0.08100
   -0.12513
    0.00801
   -0.03220
    0.10569
   -0.11513
    0.04891
   -0.00495
    0.02509
   -0.06249
    0.01708
    0.08008
    0.02562
   -0.08372
   -0.00184
    0.04780
    0.00964
   -0.07196
    0.01388
    0.04416
    0.00201
   -0.05950
   -0.00075
    0.02206
   -0.02245
    0.00393
    0.00145
   -0.00191
    0.01036
   -0.02491
    0.01399
   -0.02464
    0.06406
   -0.07160
   -0.00021
    0.04434
    0.05277
   -0.11100
    0.00673
    0.02413
    0.02077
   -0.10245
    0.05022
    0.00646
    0.01812
   -0.08336
    0.06944
    0.04128
    0.06602
   -0.12600
    0.05955
    0.03586
    0.01515
   -0.08478
    0.03279
    0.02918
    0.03537
   -0.10767
    0.03837
    0.05518
    0.01486
   -0.08470
    0.06100
    0.00860
    0.05666
   -0.10675
    0.04337
    0.00803
    0.04691
   -0.08073
    0.02795
    0.02649
    0.00300
   -0.10196
    0.05241
    0.08004
    0.01302
   -0.04191
   -0.02227
    0.04279
    0.03502
   -0.07142
   -0.00535
    0.04456
    0.05177
   -0.11732
    0.03365
    0.06391
   -0.01191
   -0.05166
   -0.01435
    0.04859
    0.04354
   -0.10877
    0.04749
    0.01213
    0.04339
   -0.13802
    0.06492
    0.04815
    0.03274
   -0.09664
    0.02379
    0.02257
    0.02529
   -0.08049
    0.02967
    0.01163
    0.03332
   -0.07694
    0.05872
   -0.08230
    0.22676
   -0.22015
    0.00173
    0.07579
    0.05738
   -0.07135
   -0.08197
   -0.02345
    0.02832
    0.02881
   -0.02953
   -0.14513
    0.09456
    0.09561
   -0.04372
   -0.00694
    0.07350
   -0.08367
    0.00547
    0.01896
    0.11727
   -0.08595
   -0.06622
    0.01641
    0.04926
   -0.06801
   -0.02886
   -0.04020
    0.09935
   -0.03633
   -0.04153
   -0.03979
    0.14442
   -0.14084
    0.00399
    0.05555
    0.01158
   -0.03884
   -0.03954
    0.04585
   -0.02069
   -0.01897
   -0.01749
    0.03624
    0.01250
   -0.04553
    0.00149
   -0.10194
    0.14176
   -0.09163
   -0.00662
    0.09477
    0.07438
   -0.09362
   -0.08597
    0.00316
    0.02645
   -0.05684
    0.01824
   -0.09161
    0.06618
   -0.04265
    0.02874
    0.00883
    0.06334
   -0.07905
    0.02319
    0.04099
    0.03745
   -0.05593
   -0.03461
   -0.02499
    0.05652
   -0.05807
    0.01909
   -0.01378
    0.03250
   -0.02111
    0.00589
   -0.02882
    0.07971
   -0.07708
    0.02035
    0.01794
    0.04091
   -0.06082
   -0.00539
    0.00488
    0.01722
   -0.06103
    0.02864
    0.06742
    0.01355
   -0.03310
   -0.02498
   -0.03825
    0.06721
   -0.02302
    0.00332
    0.04621
    0.02034
   -0.08232
    0.00132
   -0.01771
    0.02294
    0.01386
   -0.01499
    0.01289
   -0.00440
    0.01606
   -0.02471
   -0.07268
    0.06233
   -0.06712
    0.04213
    0.06648
    0.02589
   -0.07817
   -0.02473
    0.00303
    0.03598
   -0.04967
    0.00437
   -0.03470
    0.03487
   -0.00897
   -0.00139
    0.01054
    0.04519
   -0.09271
    0.04343
    0.04161
    0.00867
   -0.05548
   -0.00742
   -0.00664
    0.01904
   -0.06032
    0.03542
    0.01030
   -0.01263
    0.00007
    0.00732
   -0.00906
    0.07953
   -0.08920
    0.01328
   -0.02600
    0.09711
   -0.04381
   -0.00997
   -0.00824
    0.04274
   -0.07543
    0.00878
    0.03744
    0.03359
   -0.01667
   -0.04162
    0.02218
    0.03931
   -0.10136
    0.03166
    0.05149
    0.01279
   -0.03465
   -0.04400
    0.03080
    0.00406
   -0.01479
   -0.02907
    0.00381
    0.00669
   -0.01867
    0.00935
    0.11009
    0.03470
   -0.12053
   -0.04009
    0.04104
    0.03786
   -0.07717
   -0.00024
    0.08851
   -0.01947
   -0.10046
    0.02966
   -0.06371
    0.02556
   -0.04557
    0.05330
    0.03370
    0.03458
   -0.09146
    0.06291
    0.04970
    0.00224
   -0.08075
    0.02381
    0.01609
    0.02364
   -0.05282
    0.01507
    0.03334
   -0.01666
   -0.03859
    0.04606
    0.01087
    0.04919
   -0.06459
    0.01132
    0.02478
    0.06952
   -0.07977
   -0.01090
    0.02514
    0.02686
   -0.07297
    0.00999
    0.09286
    0.02604
   -0.02295
   -0.05640
    0.00515
    0.00411
   -0.02165
    0.01613
    0.04483
    0.03566
   -0.09001
    0.01950
    0.00723
   -0.01829
    0.06843
   -0.04738
    0.03997
   -0.03167
   -0.03456
    0.03603
   -0.01559
    0.01817
   -0.05785
    0.04472
    0.06561
    0.02802
   -0.10640
    0.02207
   -0.01399
    0.02240
   -0.01152
    0.00412
    0.06462
    0.01117
   -0.06394
    0.03348
    0.03477
    0.04533
   -0.05122
   -0.01525
    0.04857
    0.03374
   -0.08423
   -0.02040
    0.01206
    0.04032
   -0.00766
   -0.05280
   -0.01874
    0.04455
   -0.01558
   -0.01315
   -0.01949
    0.10255
   -0.08219
   -0.00550
    0.00778
    0.09034
   -0.06982
   -0.02614
   -0.01079
    0.05971
   -0.07909
   -0.00182
    0.08943
    0.02872
   -0.04304
   -0.04347
    0.01455
    0.02232
   -0.04762
    0.00935
    0.06617
   -0.01010
   -0.08889
    0.00785
    0.02945
    0.02176
   -0.03328
   -0.02658
    0.03157
   -0.00462
   -0.02107
   -0.00047
   -0.08437
    0.16251
   -0.12520
    0.00244
    0.06385
    0.03825
   -0.06932
   -0.03706
   -0.00464
    0.04837
   -0.06698
    0.01257
   -0.04212
    0.02524
   -0.02397
    0.02854
    0.00260
    0.14152
   -0.12163
   -0.00369
    0.14538
    0.04330
   -0.03818
   -0.16834
   -0.06335
    0.03620
    0.01358
    0.02360
   -0.23797
    0.13245
    0.16531
    0.01106
   -0.00239
    0.05402
   -0.08472
    0.01896
    0.02697
    0.06000
   -0.06951
   -0.03239
    0.05044
   -0.00994
   -0.06788
   -0.00432
   -0.13673
    0.05216
    0.10051
   -0.01156
   -0.01379
    0.13478
   -0.08811
   -0.01280
    0.03447
    0.05958
   -0.01205
   -0.06635
    0.04590
   -0.01421
    0.03135
   -0.05188
   -0.14243
    0.12129
    0.10156
   -0.04158
   -0.12703
    0.23212
   -0.13831
   -0.00349
    0.11476
    0.05095
   -0.04217
   -0.10449
    0.04716
   -0.01422
   -0.03154
    0.00191
   -0.25852
    0.10433
    0.11930
    0.02489
    0.05181
    0.01118
   -0.10824
    0.05825
    0.05108
   -0.03093
   -0.07993
    0.04530
    0.04683
   -0.00329
   -0.07105
    0.01572
    0.08361
   -0.03756
   -0.03238
    0.03445
    0.02025
    0.06317
   -0.11653
    0.02399
   -0.01213
    0.08666
   -0.09571
    0.00546
    0.03998
    0.01439
   -0.06769
   -0.01479
    0.14570
   -0.02820
   -0.04674
   -0.00193
    0.03596
   -0.01577
   -0.04871
    0.03153
    0.07797
   -0.03474
   -0.05329
   -0.00451
    0.07997
   -0.04079
   -0.02836
   -0.01337
    0.02012
   -0.04834
    0.01285
    0.03763
   -0.02200
    0.08485
   -0.09180
   -0.00351
    0.09131
    0.02526
   -0.12557
   -0.00183
    0.08596
   -0.02110
   -0.10417
    0.05495
   -0.06580
    0.00204
   -0.00742
    0.04431
    0.06016
    0.03364
   -0.10945
    0.07016
    0.05768
   -0.01464
   -0.09856
    0.04583
    0.04189
    0.00165
   -0.09811
    0.05808
    0.06934
   -0.00257
   -0.08176
    0.06845
    0.02288
    0.05373
   -0.11366
    0.04668
    0.02372
    0.06592
   -0.08877
   -0.00441
    0.05212
    0.01241
   -0.07201
   -0.01912
    0.08529
   -0.01671
   -0.03753
   -0.00525
    0.02656
    0.01848
   -0.06104
    0.02370
    0.06724
   -0.00834
   -0.09244
    0.02649
    0.06487
   -0.02189
   -0.01317
   -0.04008
    0.04946
    0.00992
   -0.07043
    0.04248
    0.01508
    0.00577
   -0.08100
    0.05580
    0.06657
    0.02268
   -0.12453
    0.04321
    0.03158
    0.02498
   -0.08480
    0.02566
    0.00949
    0.01664
   -0.07064
    0.07052
   -0.01852
    0.15187
   -0.10161
   -0.01161
    0.10145
    0.03898
   -0.04050
   -0.09355
   -0.02864
    0.01470
    0.09454
   -0.05092
   -0.23849
    0.13299
    0.19397
   -0.04890
   -0.00627
    0.07939
   -0.09517
    0.00875
    0.02141
    0.07863
   -0.08864
   -0.02809
    0.01924
    0.02079
   -0.05466
   -0.00520
    0.00108
    0.05428
    0.02189
   -0.06419
    0.01841
    0.01139
   -0.04313
    0.01317
    0.07193
   -0.05388
   -0.04288
    0.00593
    0.04791
   -0.01005
    0.00074
   -0.04458
    0.02307
   -0.02276
    0.00532
   -0.00083
   -0.10215
    0.16677
   -0.07334
   -0.03389
    0.08480
    0.03201
   -0.06368
   -0.04873
    0.03067
    0.00428
   -0.06321
    0.02437
   -0.07862
    0.05462
   -0.01820
    0.00836
