IntronPotTab 1 1024 1.91258
    0.04076
    0.00321
   -0.08711
    0.04889
   -0.02660
    0.04981
   -0.05741
    0.04986
    0.02838
    0.02487
   -0.06940
   -0.00374
    0.02020
   -0.03775
   -0.02756
    0.05325
    0.07523
   -0.02796
   -0.09210
    0.02985
   -0.03111
    0.01846
   -0.03007
    0.04814
    0.03672
    0.01188
   -0.03223
   -0.04554
    0.19058
   -0.11028
   -0.03019
   -0.00156
   -0.02454
    0.04130
   -0.00973
   -0.00221
    0.04769
   -0.00585
   -0.05457
    0.01461
   -0.03622
   -0.05042
    0.06026
    0.06059
    0.06262
   -0.15383
    0.02222
    0.07254
   -0.01095
    0.03702
   -0.14519
    0.05566
    0.03240
   -0.03402
   -0.04856
    0.04220
    0.03937
   -0.04570
   -0.06124
    0.06872
   -0.00321
   -0.07882
    0.02992
    0.03677
   -0.00725
    0.09187
   -0.10796
    0.06041
    0.11445
   -0.02291
   -0.17343
    0.12186
    0.07041
   -0.07422
   -0.05278
    0.12507
   -0.01879
   -0.03721
   -0.02830
    0.09481
    0.07075
   -0.01173
   -0.08377
    0.03678
   -0.00868
    0.02295
   -0.10586
    0.08655
    0.01368
   -0.04387
    0.02288
    0.03436
    0.21678
   -0.01627
   -0.08497
    0.01669
    0.09940
   -0.00809
   -0.14422
    0.12426
    0.08579
   -0.03095
   -0.06938
    0.02246
    0.01706
   -0.01975
   -0.05871
    0.07781
    0.02297
   -0.17357
    0.05279
    0.11411
    0.25910
   -0.11504
   -0.12767
   -0.01143
    0.19273
   -0.04998
   -0.21113
    0.12991
    0.24346
   -0.09462
   -0.14159
    0.02658
    0.35357
   -0.05174
   -0.10040
   -0.02053
    0.04353
    0.05193
   -0.13239
    0.08245
    0.12267
   -0.06781
   -0.12294
    0.11823
    0.02105
   -0.02234
   -0.02554
    0.05714
    0.12164
   -0.08851
   -0.04218
    0.07822
    0.11277
   -0.02957
   -0.11897
    0.09701
    0.03412
   -0.05961
   -0.01790
    0.03008
    0.02974
   -0.06994
    0.02766
    0.07371
    0.27745
   -0.09381
   -0.09363
    0.09861
    0.05097
   -0.07347
   -0.06418
    0.11050
    0.09638
   -0.06712
   -0.11713
    0.16257
    0.14860
   -0.13489
    0.00917
    0.05597
    0.10718
   -0.07860
   -0.05079
    0.08813
    0.09385
   -0.08758
   -0.17906
    0.18369
    0.09026
   -0.01956
   -0.14597
    0.14445
    0.02726
   -0.03397
   -0.02515
    0.06115
    0.12785
   -0.04731
   -0.06034
    0.05865
    0.04525
   -0.12478
   -0.03424
    0.04725
    0.03049
   -0.00256
   -0.12680
    0.10813
    0.06084
   -0.03251
   -0.05737
    0.02876
    0.06395
   -0.11283
   -0.00666
    0.07176
   -0.02575
    0.04644
   -0.06865
    0.03185
   -0.01897
    0.07106
   -0.05781
    0.02175
    0.01031
   -0.02535
   -0.05032
    0.05646
    0.22068
   -0.07906
   -0.03700
   -0.02484
    0.02845
   -0.03932
   -0.02831
    0.03958
    0.06645
   -0.01061
   -0.09989
    0.05854
    0.04136
   -0.03885
   -0.02699
    0.03430
    0.07079
   -0.11584
    0.01657
    0.03876
   -0.03975
   -0.01402
   -0.04873
    0.06309
   -0.00268
   -0.00972
   -0.08714
    0.08751
    0.03514
   -0.01514
   -0.02524
    0.00162
    0.12094
   -0.05931
   -0.06530
    0.04840
    0.03932
    0.02109
   -0.04888
    0.00110
   -0.01310
    0.04214
   -0.05479
    0.04655
   -0.04683
    0.02799
   -0.06559
    0.08335
    0.06686
   -0.03562
   -0.08028
    0.12040
   -0.02932
    0.00360
    0.02013
   -0.00363
   -0.00995
    0.06994
   -0.02245
   -0.01925
    0.00570
   -0.00324
   -0.07510
    0.07366
    0.14338
   -0.01957
   -0.08345
    0.03301
    0.03916
    0.04805
   -0.10287
    0.00785
   -0.01350
    0.07243
   -0.05727
    0.02892
   -0.04639
    0.00107
    0.06519
   -0.02146
   -0.02316
   -0.03695
   -0.03191
    0.12001
    0.00817
   -0.00858
   -0.02456
    0.03130
    0.03692
    0.00721
   -0.04977
    0.02633
    0.08239
   -0.03633
   -0.04410
    0.03350
    0.08083
   -0.04051
   -0.07790
    0.08968
    0.00741
    0.05654
   -0.05501
    0.02900
    0.02785
   -0.04055
   -0.05580
    0.10077
    0.09731
   -0.04809
   -0.06428
    0.07519
   -0.02874
   -0.04289
   -0.02667
    0.13042
    0.06115
   -0.02298
   -0.05228
    0.03667
   -0.03658
    0.04645
   -0.10626
    0.10956
    0.07226
   -0.03699
   -0.09261
    0.04551
    0.17471
   -0.03766
   -0.03997
    0.00704
    0.13902
   -0.06201
   -0.09269
    0.11019
    0.00290
    0.03753
   -0.08068
    0.06084
    0.09581
   -0.06705
    0.02394
    0.03372
    0.01701
   -0.09761
    0.00284
    0.16032
   -0.01264
   -0.01771
   -0.06970
    0.07827
   -0.02465
    0.11161
   -0.18664
    0.18613
    0.17402
   -0.14495
   -0.08476
    0.16703
    0.14728
   -0.00497
   -0.13242
    0.13304
    0.07323
   -0.01825
   -0.06285
    0.04238
   -0.01930
   -0.00432
   -0.04237
    0.11708
    0.10756
   -0.02572
   -0.08341
    0.05531
   -0.04314
   -0.05936
   -0.01353
    0.16915
    0.04462
   -0.10242
    0.06555
   -0.00259
    0.03978
    0.02774
   -0.05124
    0.01612
    0.03837
   -0.02625
   -0.01701
    0.03910
    0.18089
   -0.07077
   -0.06048
    0.11572
    0.06656
    0.00112
   -0.03051
   -0.03226
    0.02948
    0.01841
   -0.10204
    0.15064
    0.14607
   -0.11781
    0.00825
    0.06277
    0.13613
   -0.06279
   -0.10976
    0.19544
   -0.04205
   -0.08413
   -0.12313
    0.21929
    0.05843
    0.02382
   -0.10679
    0.11894
    0.05998
   -0.04973
   -0.02748
    0.06627
    0.10932
   -0.07752
   -0.01431
    0.07636
   -0.17042
    0.22108
   -0.17773
    0.00923
    0.04086
   -0.08713
   -0.02480
    0.07138
    0.01555
   -0.03405
   -0.10026
    0.12339
   -0.02537
   -0.06428
   -0.01888
    0.10616
   -0.12708
    0.15642
   -0.10215
    0.00503
    0.05102
    0.10289
   -0.12224
   -0.02782
   -0.05619
    0.02679
    0.00886
    0.01326
    0.20588
    0.01183
   -0.06109
   -0.07087
   -0.15118
    0.19596
   -0.17820
    0.00299
   -0.04715
   -0.01941
   -0.02942
    0.09003
   -0.00227
    0.00382
    0.01763
   -0.02331
    0.02631
   -0.01976
   -0.00789
    0.01344
   -0.16201
    0.13476
   -0.17532
    0.02595
    0.02337
    0.03418
   -0.06341
    0.00785
   -0.02156
    0.01641
   -0.03698
    0.04089
    0.04256
    0.04517
   -0.05897
    0.01032
   -0.08708
    0.00447
   -0.02563
    0.12498
    0.05253
   -0.00800
   -0.06233
    0.01652
    0.02490
   -0.04753
   -0.04185
    0.09624
   -0.03950
   -0.02069
    0.00543
    0.05656
   -0.07695
    0.00911
   -0.00986
    0.06298
   -0.03881
    0.01570
   -0.00161
    0.03127
    0.00318
   -0.00112
   -0.01923
    0.01885
    0.13127
   -0.09010
    0.04694
   -0.04735
   -0.00599
    0.02928
   -0.09993
    0.06210
    0.01444
    0.04793
   -0.07547
    0.03786
    0.11502
   -0.09429
    0.01758
   -0.04122
    0.04662
   -0.02607
   -0.02089
    0.02555
   -0.03560
   -0.00699
   -0.00986
    0.03341
    0.01780
    0.04521
   -0.12462
    0.07133
    0.03664
   -0.05258
    0.00722
    0.03588
    0.02530
    0.00756
   -0.04330
    0.02965
   -0.00313
    0.03155
   -0.04568
    0.04957
   -0.02710
   -0.02122
   -0.07955
    0.19790
    0.11129
   -0.06877
   -0.07954
    0.16855
    0.02680
   -0.14216
   -0.00398
    0.17288
    0.03216
    0.01830
   -0.14195
    0.07770
   -0.12589
    0.14273
   -0.06104
    0.05994
    0.03066
   -0.01094
   -0.05458
    0.03981
    0.18486
   -0.06167
   -0.02555
    0.02819
    0.10367
   -0.00759
   -0.09435
    0.06567
   -0.01584
    0.00700
   -0.05912
    0.09450
    0.11176
   -0.04292
   -0.02466
    0.00349
    0.11367
   -0.10967
    0.01944
    0.05676
    0.21484
   -0.09549
   -0.10380
    0.03686
    0.06809
    0.00814
   -0.12199
    0.12750
    0.18570
   -0.06658
   -0.11625
    0.08255
    0.27232
   -0.08092
   -0.12700
    0.12503
    0.08049
   -0.09183
   -0.10348
    0.15946
    0.00383
   -0.03814
   -0.04928
    0.14759
    0.08538
   -0.09829
    0.00689
    0.10292
    0.08221
   -0.12036
   -0.05141
    0.20225
    0.06917
   -0.04192
   -0.05218
    0.05383
   -0.02137
    0.04389
   -0.03305
    0.02782
    0.02043
    0.00327
    0.02523
   -0.07481
    0.13413
   -0.05911
   -0.05339
    0.07454
   -0.00296
   -0.06747
   -0.05491
    0.12117
    0.04304
    0.04304
   -0.11356
    0.09204
    0.17234
   -0.05690
   -0.09846
    0.00790
    0.11112
   -0.08422
   -0.03895
    0.06090
   -0.17093
    0.03744
   -0.14669
    0.10851
    0.07079
   -0.06166
   -0.14798
    0.19362
    0.05842
   -0.03024
   -0.01204
    0.01961
    0.10009
   -0.12098
    0.00049
    0.11137
   -0.06799
    0.07693
    0.04798
   -0.06261
   -0.06803
   -0.00568
    0.07820
   -0.05789
    0.00815
   -0.04787
    0.12308
   -0.10731
   -0.00576
   -0.12014
    0.05956
    0.03803
   -0.01600
    0.01988
   -0.11025
    0.08769
   -0.01791
    0.09504
   -0.02904
   -0.02111
    0.04857
    0.00189
   -0.06704
   -0.00260
    0.20225
   -0.01275
   -0.09236
   -0.00501
    0.08233
   -0.03644
   -0.16023
    0.09626
    0.02635
   -0.03208
   -0.04316
    0.06455
    0.05263
   -0.06134
   -0.02711
    0.06057
    0.08869
   -0.07376
   -0.04970
    0.09195
   -0.03294
   -0.00454
   -0.10170
    0.11391
    0.02017
   -0.09640
   -0.07801
    0.13746
   -0.04044
   -0.02676
    0.01255
    0.05539
    0.12327
    0.02652
   -0.15172
    0.08393
    0.00291
   -0.02284
   -0.11046
    0.12654
    0.04983
   -0.04834
   -0.01701
   -0.00730
   -0.01205
   -0.06821
    0.03971
    0.06195
   -0.07917
   -0.00863
    0.01991
    0.04667
    0.04068
   -0.06963
   -0.04523
    0.06562
   -0.03350
    0.04089
   -0.03166
    0.03377
   -0.09809
   -0.07451
   -0.10441
    0.20703
    0.16602
   -0.12061
    0.02249
   -0.02457
   -0.02463
    0.03695
   -0.08496
    0.06829
   -0.03126
    0.06028
   -0.09905
    0.07521
    0.01751
   -0.03326
   -0.10446
    0.10802
    0.02859
   -0.12047
    0.02128
    0.07704
    0.06635
   -0.01925
   -0.12589
    0.05392
   -0.01724
    0.02218
   -0.11506
    0.11919
    0.02295
   -0.09470
   -0.05325
    0.13195
    0.01204
   -0.04466
   -0.03653
    0.07338
   -0.05168
    0.01959
    0.00974
    0.02056
    0.07012
   -0.08947
   -0.10453
    0.15971
    0.08999
   -0.06986
   -0.05326
    0.09839
    0.03477
   -0.11219
    0.04853
    0.04951
    0.05122
   -0.01743
   -0.04952
    0.03486
   -0.09376
    0.08023
   -0.10063
    0.11732
    0.03700
   -0.01531
   -0.04254
    0.02193
    0.34918
   -0.13681
   -0.03626
    0.02839
    0.15500
   -0.03710
   -0.11537
    0.07447
    0.07541
   -0.10178
   -0.09912
    0.16052
    0.10596
   -0.13786
    0.03797
    0.11026
    0.07816
   -0.20111
    0.08203
    0.12035
    0.18436
   -0.10152
   -0.04764
    0.02120
    0.14216
    0.00444
   -0.23182
    0.15606
    0.15583
   -0.10185
   -0.12759
    0.11900
    0.28871
   -0.13053
   -0.02813
    0.06063
    0.10134
   -0.06245
   -0.04429
    0.02058
    0.03510
    0.01314
   -0.07737
    0.06277
    0.09189
   -0.00335
   -0.12482
    0.04935
   -0.04731
   -0.10716
   -0.02048
    0.19106
    0.14226
   -0.08977
   -0.07904
    0.09229
    0.03482
    0.01262
   -0.16023
    0.14574
    0.09057
   -0.08718
   -0.02651
    0.10916
    0.22947
   -0.09822
   -0.07794
    0.11186
    0.04035
   -0.00169
   -0.06132
    0.02378
    0.07085
   -0.01410
   -0.11101
    0.08803
    0.04698
   -0.01542
   -0.02276
    0.00030
    0.13245
   -0.14410
   -0.04249
    0.11119
    0.02231
   -0.09465
   -0.11780
    0.17197
    0.06532
   -0.02564
   -0.10772
    0.12545
    0.07305
   -0.08431
   -0.01090
    0.08807
    0.12541
   -0.05672
   -0.05259
    0.06606
   -0.03456
    0.06993
   -0.05384
    0.02984
   -0.01315
   -0.09008
    0.02240
    0.08319
    0.00081
   -0.09954
    0.01763
    0.09216
   -0.00248
   -0.08010
   -0.08966
    0.15480
   -0.04845
    0.08998
   -0.04480
   -0.00930
   -0.00871
   -0.02061
    0.00907
    0.01643
    0.02472
   -0.01641
   -0.06039
    0.03799
    0.24482
   -0.11180
   -0.02974
   -0.00201
    0.05412
    0.00967
   -0.07387
    0.01423
    0.11438
   -0.06083
   -0.09578
    0.05305
   -0.02429
   -0.02254
   -0.04436
    0.08889
   -0.00409
   -0.08478
   -0.00659
    0.10454
   -0.06836
   -0.08897
    0.06137
    0.07344
    0.04073
    0.00355
   -0.12838
    0.06409
   -0.02717
    0.02446
   -0.04848
    0.04692
    0.12079
   -0.09255
   -0.00626
    0.03332
