24 4 24 1 26 -2.3222 1.6651 3.7146 2864
  0.03294  -0.04812   0.01930   0.00297 
 -0.00503  -0.02795   0.00737   0.03218 
  0.01829  -0.03904   0.00787   0.02313 
  0.05238  -0.05100  -0.01276   0.03080 
  0.02252  -0.02577  -0.01329   0.03080 
  0.00752  -0.02197  -0.01382   0.04105 
  0.04310  -0.04870  -0.02617   0.05435 
 -0.01258  -0.04017  -0.00491   0.06915 
 -0.00803  -0.00555   0.00178   0.01316 
  0.02182  -0.02741  -0.03220   0.05696 
  0.01329  -0.03624  -0.02508   0.06661 
  0.02323  -0.02414  -0.02183   0.03902 
  0.03294  -0.03848  -0.01118   0.03356 
  0.00386  -0.04641  -0.01013   0.06852 
 -0.00056  -0.00038  -0.03220   0.04374 
  0.01616  -0.04985  -0.02237   0.07606 
  0.00969  -0.05274  -0.00647   0.06598 
  0.01329  -0.03015  -0.02617   0.06085 
  0.02041  -0.03904  -0.02671   0.06534 
  0.01687  -0.05158  -0.00855   0.06085 
  0.03156  -0.05274  -0.01968   0.06213 
  0.05500  -0.09597  -0.03888   0.10556 
  0.05041  -0.08087  -0.00699   0.05891 
  0.03635  -0.08335  -0.01013   0.07854 
  0.05695  -0.14758   0.01783   0.08469 
 -0.04828  -0.12992   0.06534   0.09495 
 -0.05160  -0.17742   0.05281   0.14926 
  0.01829  -0.18837   0.03377   0.12989 
 -0.01410  -0.12373  -0.07148   0.20684 
  0.08155  -0.09918   0.00585   0.02872 
 -0.12495   0.01128  -0.08437   0.16680 
 -0.06773  -0.13760   0.06268   0.11818 
 -0.04171  -0.09854  -0.08065   0.21234 
 -0.00803  -0.05158  -0.05897   0.13481 
 -0.03847  -0.03513  -0.02454   0.10614 
 -0.02104  -0.00868  -0.06727   0.10846 
  0.02811  -0.01982  -0.09509   0.10788 
 -0.02729   0.03889  -0.10282   0.09016 
  0.00166   0.04263  -0.12481   0.08224 
  0.03362   0.02892  -0.14367   0.08895 
  0.05107   0.03701  -0.20245   0.10904 
  0.00386   0.04449  -0.28404   0.18462 
  0.15938  -0.07717  -0.21911   0.13481 
  0.17499   0.03132  -0.17245  -0.06126 
  0.18477   0.03701  -0.23380  -0.02599 
 -0.05916   0.10171  -0.20000   0.10730 
  0.09365  -0.01767   0.01188  -0.11005 
 -0.34667   0.36846  -0.76256  -0.08769 
  0.68840  -3.45712  -3.45712  -3.45712 
 -3.45712  -2.56655   0.52893  -3.45712 
  0.03499   0.00978  -0.05198   0.01960 
 -0.03928   0.02409  -0.05897   0.07481 
 -0.00130  -0.00192  -0.06667   0.08469 
  0.01114   0.00625  -0.06608   0.06342 
  0.02041  -0.02686  -0.04339   0.07042 
 -0.02026   0.00927  -0.02454   0.03902 
  0.04444  -0.01289  -0.04169   0.02803 
  0.03974  -0.00711  -0.04795   0.03287 
 -0.02967   0.00675   0.00178   0.01603 
  0.03156   0.00371  -0.02291  -0.00597 
  0.01616  -0.01025  -0.05721   0.06979 
 -0.03685   0.00625   0.01188   0.00882 
  0.01041  -0.00451  -0.02671   0.03218 
  0.00460  -0.00399  -0.06608   0.08163 
 -0.02337   0.00978   0.00988  -0.00597 
  0.03499  -0.01554  -0.03165   0.02872 
  0.03567   0.00927  -0.06847   0.03902 
 -0.03766   0.01625   0.01337  -0.00748 
  0.05695  -0.03180   0.00178  -0.01973 
  0.02880   0.00625  -0.04000   0.01603 
 -0.02572  -0.00141   0.01684   0.00223 
  0.02393  -0.01448   0.00888  -0.01741 
  0.01758  -0.01131  -0.04000   0.05040 
 -0.03205   0.01872  -0.00284   0.00737 
  0.03225  -0.01236  -0.00387  -0.01051 
  0.01544  -0.00816  -0.05024   0.06020 
 -0.01106  -0.00296   0.00433   0.00882 
  0.01329  -0.02305   0.01585  -0.00447 
  0.02393  -0.01078  -0.03776   0.04105 
 -0.05663  -0.00868   0.03044   0.01960 
  0.04377  -0.00659  -0.00543  -0.02995 
  0.02041   0.01427  -0.06548   0.04374 
  0.02112   0.00013   0.00787  -0.03474 
  0.02880  -0.02036  -0.00491   0.00590 
  0.01114  -0.00659  -0.02508   0.03218 
 -0.03605  -0.01025   0.01238   0.03011 
  0.00533  -0.00399  -0.00439   0.00664 
  0.00313   0.01427  -0.05546   0.04841 
 -0.03205   0.02409  -0.00129  -0.00297 
  0.01186   0.00065  -0.01276   0.00517 
  0.02811  -0.01183  -0.04057   0.04172 
 -0.00653  -0.01821   0.01979   0.00297 
  0.02323   0.00827  -0.01435  -0.01586 
  0.01114  -0.00659  -0.02726   0.03493 
 -0.02729   0.00927  -0.00491   0.01960 
 -0.00578   0.02796  -0.00803  -0.02520 
  0.02323  -0.01714  -0.02945   0.03970 
 -0.02337   0.00726  -0.00129   0.01388 
  0.02182  -0.00192   0.00076  -0.02129 
