29 4 5 1 45 -2.6870 2.4756 5.6789 2862
 -0.01456  -0.01524  -0.00460   0.04068 
 -0.01996  -0.00838   0.02303  -0.00267 
 -0.00323  -0.02601   0.02545   0.00179 
 -0.00924  -0.01524  -0.00930   0.04203 
 -0.01533   0.03495  -0.00512  -0.03124 
  0.03597  -0.01048   0.00565  -0.03203 
  0.03869  -0.04212  -0.01777   0.04068 
 -0.01687   0.00044   0.01517  -0.00642 
  0.02142  -0.01418   0.01862  -0.03044 
  0.00122   0.01457  -0.01564  -0.00043 
 -0.00622   0.00907   0.00868  -0.02020 
  0.01288  -0.01952   0.00615   0.00547 
  0.04004  -0.02601  -0.02914   0.03386 
 -0.02778  -0.00733   0.02010   0.00767 
  0.02142  -0.03483   0.02156  -0.00567 
 -0.00026   0.00706  -0.02315   0.02202 
 -0.02073   0.01705  -0.01404   0.01491 
  0.04072  -0.03986   0.00968  -0.00192 
  0.02841  -0.02930  -0.01298   0.02902 
 -0.00924   0.00807   0.00209  -0.00567 
  0.01144   0.00044  -0.00150  -0.01021 
  0.03049   0.00146  -0.02532   0.00179 
  0.00417   0.00146   0.00817  -0.01865 
  0.01859  -0.00525   0.00055  -0.01249 
  0.01503  -0.00214  -0.02750   0.02554 
 -0.03334   0.00605   0.03692  -0.03364 
  0.04004  -0.02383   0.02205  -0.04337 
  0.01360  -0.01791   0.00004   0.01130 
 -0.03978  -0.00421   0.02883   0.00105 
  0.03187  -0.02875   0.01418  -0.01402 
  0.03734  -0.01791  -0.02695   0.02343 
 -0.06312   0.02245   0.01418   0.00474 
  0.00999  -0.00421   0.00055  -0.00492 
  0.02702  -0.01206  -0.03245   0.03317 
  0.00563  -0.02492   0.01268   0.01058 
  0.02841  -0.03427   0.01813  -0.00869 
  0.03801  -0.04496  -0.01087   0.03592 
  0.00490  -0.01630  -0.00825   0.02902 
  0.04341  -0.03095  -0.00460   0.00401 
  0.03461  -0.04326  -0.01938   0.04805 
 -0.03015   0.00095   0.00260   0.02343 
  0.04475  -0.02656   0.01467  -0.03283 
  0.04341  -0.00785  -0.05167   0.03455 
 -0.00773  -0.00059  -0.02423   0.04068 
  0.05660  -0.05476  -0.00305   0.01777 
  0.10514  -0.07199  -0.06220   0.05661 
  0.05595   0.02098  -0.04650  -0.02805 
  0.18216  -0.06181  -0.09415  -0.02176 
  0.21270  -0.09248  -0.10251  -0.02333 
 -0.11201  -0.16569   0.17847  -0.02176 
 -2.42492  -3.45682   0.52893  -3.45682 
 -3.45682  -3.45682  -3.45682   0.68970 
  0.51164  -0.70621  -0.10382  -0.66938 
 -0.32865   0.26052  -0.53957   0.13783 
 -0.63094  -0.71146   0.45853  -0.65572 
 -0.52229  -0.30768  -0.67879   0.55381 
  0.13814  -0.17481   0.05174  -0.03605 
 -0.12072   0.00857  -0.04650   0.13403 
  0.05465  -0.03371  -0.07058   0.07574 
 -0.01227   0.00655  -0.07727   0.09406 
 -0.02620  -0.01577  -0.05984   0.11279 
 -0.01841   0.01754  -0.07543   0.08377 
  0.01503  -0.02005  -0.06637   0.09166 
  0.12668  -0.07504  -0.03802   0.00474 
 -0.11201   0.14491  -0.20874   0.08193 
 -0.10159  -0.07321  -0.20708   0.29716 
  0.04475  -0.04496  -0.09671   0.12130 
  0.29959  -0.09953  -0.24961  -0.03044 
  0.05725   0.13935  -0.24327  -0.03044 
  0.06878   0.03873  -0.06877  -0.04337 
  0.02563   0.12457  -0.17675  -0.02568 
  0.21270  -0.01791  -0.17829  -0.04010 
  0.09928  -0.02492   0.02787  -0.13840 
  0.18070  -0.05243  -0.07361  -0.05925 
  0.05855  -0.04043   0.03313  -0.06096 
  0.06242  -0.04156  -0.03467   0.03660 
  0.07318  -0.02221  -0.07482   0.04805 
  0.03255  -0.04043  -0.01617   0.04270 
  0.05137  -0.03986  -0.04593   0.05921 
  0.05530  -0.02930  -0.06339   0.06244 
  0.03734   0.00554  -0.05225   0.02343 
  0.03937  -0.02875  -0.01830   0.02414 
  0.05595  -0.00421  -0.05283   0.01777 
  0.02910  -0.01577  -0.03079   0.03386 
  0.02702  -0.00785  -0.03467   0.03041 
  0.01431  -0.02005  -0.02207   0.04270 
  0.02633  -0.03650  -0.03802   0.07009 
  0.03597  -0.01153  -0.04139   0.03455 
  0.02423   0.00044  -0.03245   0.01919 
  0.03597  -0.01100  -0.03690   0.02833 
  0.02841  -0.02059  -0.05283   0.06628 
  0.02353   0.00248  -0.03300   0.01777 
  0.02353  -0.02547  -0.01723   0.03455 
  0.03801  -0.03261  -0.02207   0.03523 
  0.00048  -0.00369  -0.01991   0.03179 
  0.02841  -0.00577  -0.05167   0.04672 
  0.01930   0.00958  -0.02750   0.00474 
  0.03529  -0.00838  -0.03467   0.02273 
  0.05660  -0.02383  -0.03190   0.01705 
