IntronPotTab 1 1024 3.90870
   -0.06626
    0.21768
    0.14790
   -0.25856
   -0.02706
   -0.04539
    0.24168
   -0.19072
   -0.03594
    0.06299
    0.13746
   -0.14206
   -0.07448
    0.12042
    0.24493
   -0.26545
   -0.18934
    0.15115
    0.14573
   -0.05120
   -0.12117
   -0.06093
    0.21313
   -0.00933
   -0.06576
    0.03316
    0.00458
    0.04375
   -0.24886
    0.10763
    0.19674
   -0.16309
   -0.07920
    0.14201
    0.15061
   -0.21140
   -0.02356
   -0.01322
    0.18563
   -0.15395
   -0.04801
    0.04195
    0.10769
   -0.06971
   -0.20621
    0.14579
    0.21124
   -0.15334
   -0.28044
    0.23727
    0.10833
    0.03709
   -0.17918
    0.04208
    0.31603
   -0.06429
   -0.24081
    0.20010
   -0.03432
    0.07913
   -0.31902
    0.21441
    0.11484
   -0.04960
   -0.02542
    0.11398
    0.12764
   -0.26141
    0.03178
   -0.04189
    0.03235
   -0.04833
    0.00741
   -0.02345
    0.01723
   -0.00587
    0.10736
   -0.01892
    0.12591
   -0.25712
   -0.15854
    0.12303
    0.10505
   -0.05629
   -0.07172
   -0.01986
    0.08008
    0.02569
   -0.02274
   -0.02330
   -0.05222
    0.09009
   -0.08747
    0.05223
    0.07009
   -0.07399
   -0.01582
    0.00761
    0.04145
   -0.04894
    0.01010
   -0.08573
    0.04354
    0.00638
   -0.01239
   -0.05072
    0.03370
    0.04406
   -0.00538
   -0.02168
    0.01060
    0.01493
   -0.18621
    0.16048
    0.17674
   -0.10624
   -0.10228
   -0.03899
    0.14078
   -0.00056
   -0.11715
    0.03863
   -0.02233
    0.08056
   -0.29784
    0.13294
    0.08065
   -0.05322
   -0.01903
    0.14538
    0.08927
   -0.26102
    0.02320
   -0.04164
    0.05399
   -0.08313
    0.04157
   -0.04441
    0.01640
   -0.08698
    0.00990
    0.04555
    0.13456
   -0.20409
   -0.11664
    0.10345
    0.06122
   -0.02115
   -0.08408
   -0.04290
    0.08815
    0.02144
   -0.02090
   -0.02920
   -0.02725
    0.08408
   -0.14740
    0.03013
    0.10733
   -0.07195
   -0.03163
    0.10853
    0.03735
   -0.10384
    0.00460
   -0.04420
    0.04169
   -0.03291
   -0.00097
   -0.04953
    0.05561
   -0.02040
   -0.15982
    0.06768
    0.10145
   -0.04696
   -0.23396
    0.14987
    0.15362
   -0.00956
   -0.13354
   -0.00508
    0.11008
    0.01264
   -0.11087
    0.05621
   -0.03562
    0.09236
   -0.29614
    0.13506
    0.06431
   -0.02028
    0.07924
    0.17033
    0.16780
   -0.30642
    0.11917
   -0.15380
    0.22224
   -0.32395
    0.05972
   -0.02182
    0.14278
   -0.21434
    0.24534
   -0.26561
    0.04593
   -0.63295
   -0.13711
    0.23567
    0.15257
   -0.13036
   -0.10602
    0.03138
    0.22908
   -0.04821
   -0.02494
    0.00687
    0.01487
    0.01444
   -0.04806
    0.11073
    0.15408
   -0.20460
   -0.04290
    0.17301
    0.16861
   -0.21412
    0.00616
   -0.04536
    0.14823
   -0.13909
   -0.04487
    0.05921
    0.05580
   -0.02416
    0.03955
    0.03963
    0.11812
   -0.19151
   -0.19990
    0.20759
    0.15918
   -0.01606
   -0.10232
    0.00682
    0.31266
   -0.09162
   -0.16442
    0.15686
   -0.03714
    0.07161
   -0.14073
    0.15774
    0.09315
   -0.09799
   -0.10370
    0.17801
    0.13047
   -0.13591
   -0.09150
    0.01223
    0.17763
   -0.04417
   -0.07820
    0.06651
    0.08890
   -0.03059
   -0.21790
    0.20738
    0.21691
   -0.12873
   -0.17070
    0.06797
    0.04108
    0.04943
   -0.14699
    0.02344
    0.06777
    0.05676
   -0.06438
    0.01599
   -0.01235
    0.06539
   -0.28631
    0.05782
    0.10023
   -0.02830
   -0.12274
    0.08777
    0.09070
   -0.03032
   -0.07505
   -0.00234
    0.07789
    0.00442
   -0.07532
    0.02061
    0.06552
    0.02274
   -0.27523
    0.08172
    0.11567
   -0.03102
   -0.35382
    0.11224
   -0.01688
    0.09465
   -0.24806
    0.01560
    0.14093
    0.07215
   -0.22449
    0.07243
   -0.09851
    0.09241
   -0.46073
    0.15768
    0.03639
    0.04745
   -0.10074
    0.14021
    0.15826
   -0.18225
   -0.03356
   -0.03536
    0.08433
   -0.00048
   -0.06861
    0.01578
    0.00089
    0.06752
   -0.10722
    0.06657
    0.17242
   -0.12513
   -0.17163
    0.06824
    0.08838
    0.00161
   -0.12074
    0.01525
    0.02744
    0.06659
   -0.07152
   -0.04178
   -0.04969
    0.13185
   -0.19668
    0.03062
    0.02611
    0.01155
   -0.05185
    0.00453
    0.02198
    0.03624
   -0.01510
   -0.09904
    0.04231
    0.06361
   -0.05246
   -0.03330
    0.00541
    0.08492
   -0.08821
   -0.03942
    0.04867
    0.04057
   -0.26265
    0.11860
    0.12768
    0.01413
   -0.10665
   -0.08470
    0.04741
    0.08038
   -0.17500
    0.02958
   -0.06476
    0.12455
   -0.33213
    0.05279
    0.00219
    0.02613
   -0.00495
    0.04809
   -0.00127
   -0.03899
   -0.01943
   -0.01932
   -0.01355
    0.05178
    0.00085
   -0.03739
   -0.02673
    0.06345
   -0.09113
    0.03393
    0.04442
   -0.01121
   -0.09897
    0.01124
   -0.02630
    0.10014
   -0.10095
   -0.03004
   -0.01319
    0.08619
   -0.07458
   -0.02633
   -0.07141
    0.13892
   -0.16204
    0.00536
   -0.00870
    0.04745
   -0.04487
    0.01923
   -0.00398
    0.05753
   -0.02472
   -0.02297
   -0.02567
    0.07243
   -0.03855
   -0.07255
    0.04658
    0.05733
   -0.19510
    0.00271
    0.03811
    0.06071
   -0.19429
    0.00724
    0.04665
    0.07333
   -0.11902
   -0.03998
   -0.02230
    0.09012
   -0.07863
    0.00147
   -0.03637
    0.08126
   -0.24622
    0.01119
   -0.03386
    0.06337
   -0.01339
    0.19914
    0.19826
   -0.27072
    0.00443
    0.00087
    0.17480
   -0.15334
   -0.05567
    0.04975
    0.15048
   -0.08958
    0.01485
    0.20183
    0.19651
   -0.29662
   -0.16807
    0.15843
    0.07430
   -0.04522
   -0.12221
    0.05434
    0.07601
    0.01673
   -0.06189
    0.00208
   -0.02972
    0.07829
   -0.27770
    0.10228
    0.04060
   -0.06012
   -0.06803
    0.10865
    0.10540
   -0.11526
   -0.04041
   -0.01090
    0.07460
   -0.01655
   -0.06855
    0.03914
    0.05518
    0.01577
   -0.12773
    0.05155
    0.08948
   -0.06206
   -0.24389
    0.19131
    0.14637
   -0.02139
   -0.16966
    0.01498
    0.11284
    0.02619
   -0.19840
    0.10604
   -0.06186
    0.10115
   -0.41300
    0.14529
    0.03360
   -0.00008
   -0.06314
    0.15573
    0.11485
   -0.20344
   -0.05403
   -0.02914
    0.15325
   -0.06906
   -0.06717
    0.05221
    0.08081
   -0.01807
   -0.15298
    0.12994
    0.20857
   -0.16870
   -0.13037
    0.05879
    0.05935
    0.00526
   -0.11575
   -0.02067
    0.06597
    0.05886
   -0.09637
    0.03136
   -0.01745
    0.11231
   -0.21764
    0.04693
    0.09176
   -0.04694
   -0.08273
    0.04705
    0.09602
   -0.09179
   -0.04355
   -0.02174
    0.10950
   -0.04600
   -0.07948
    0.01338
    0.08690
    0.03713
   -0.21184
    0.06590
    0.12265
   -0.04758
   -0.28683
    0.16036
    0.18487
   -0.00474
   -0.21457
   -0.00452
    0.17670
    0.04195
   -0.26673
    0.13666
   -0.01115
    0.14144
   -0.35434
    0.13597
    0.07826
   -0.01336
   -0.01620
    0.08713
    0.08785
   -0.21260
    0.01613
   -0.02817
    0.00885
   -0.00393
   -0.00189
   -0.04473
    0.00315
    0.05442
    0.00280
   -0.02368
    0.11522
   -0.14439
   -0.13590
    0.06680
    0.06610
   -0.00984
   -0.06110
   -0.02235
    0.00860
    0.06433
   -0.02839
   -0.04744
   -0.03099
    0.10899
   -0.10837
    0.00256
    0.03490
    0.00326
   -0.00975
   -0.01105
    0.01736
    0.00257
    0.00876
   -0.09371
    0.03866
    0.04476
   -0.02392
   -0.05383
    0.00474
    0.09835
   -0.01863
   -0.03966
    0.01758
    0.03729
   -0.17302
    0.10882
    0.13425
   -0.07777
   -0.12897
   -0.05428
    0.05805
    0.06831
   -0.12261
   -0.00843
   -0.02941
    0.11229
   -0.28841
    0.06804
    0.01442
    0.00023
   -0.02161
    0.09671
    0.07720
   -0.19197
   -0.01832
   -0.04330
    0.04007
    0.00525
    0.01493
   -0.02994
   -0.00091
   -0.00324
   -0.06479
    0.04252
    0.10972
   -0.09695
   -0.08288
    0.03571
    0.03026
    0.02330
   -0.07920
   -0.08000
    0.04849
    0.05973
   -0.02469
   -0.04615
   -0.06161
    0.13979
   -0.14096
   -0.00359
    0.04796
    0.00714
   -0.06374
    0.04157
    0.07356
   -0.05592
   -0.00039
   -0.07620
    0.05247
   -0.01400
   -0.01472
   -0.06325
    0.05928
    0.00442
   -0.15686
    0.02008
    0.12414
   -0.08302
   -0.21151
    0.06645
    0.14368
    0.00335
   -0.12963
   -0.04406
    0.06960
    0.05120
   -0.12831
    0.03243
   -0.04695
    0.11640
   -0.28375
    0.07656
    0.02440
    0.01534
    0.05098
    0.19592
    0.06287
   -0.27321
    0.05849
   -0.06227
    0.10806
   -0.14314
    0.02982
    0.03050
    0.05930
   -0.12567
    0.12351
    0.03206
    0.18032
   -0.30861
   -0.10042
    0.11730
    0.05163
   -0.06081
   -0.07547
   -0.03196
    0.05352
    0.05354
   -0.02636
   -0.00402
   -0.02250
    0.05317
   -0.15465
    0.04917
    0.04282
   -0.03857
   -0.01519
    0.10504
    0.01042
   -0.10162
    0.00377
   -0.04043
    0.04367
   -0.01124
   -0.00319
   -0.00184
   -0.00101
    0.00783
   -0.02982
    0.01912
    0.07393
   -0.08560
   -0.17898
    0.19727
    0.13087
   -0.06982
   -0.11766
   -0.00612
    0.09707
    0.02595
   -0.12533
    0.09271
   -0.06559
    0.06815
   -0.27633
    0.11251
    0.00582
   -0.00049
   -0.11178
    0.23031
    0.03783
   -0.04374
   -0.12130
    0.05344
    0.32177
   -0.09509
   -0.09883
    0.11207
    0.11483
   -0.05349
   -0.19594
    0.25309
    0.21884
   -0.09748
   -0.37728
    0.15207
    0.00282
    0.14295
   -0.19392
    0.03655
    0.14821
    0.06008
   -0.16570
    0.04627
   -0.03372
    0.10189
   -0.33328
    0.14565
    0.13258
   -0.02119
   -0.22029
    0.20620
    0.08345
    0.03696
   -0.11943
    0.04082
    0.19852
   -0.04366
   -0.12070
    0.07506
    0.03155
    0.04630
   -0.31838
    0.22160
    0.17859
   -0.05340
   -0.68110
   -0.06255
   -0.34916
    0.17572
   -0.36006
    0.03024
    0.18641
    0.11448
   -0.41274
    0.11520
   -0.21751
    0.21074
   -0.48062
    0.19213
   -0.01083
    0.11240
   -0.08641
    0.17943
    0.13426
   -0.18363
   -0.03996
   -0.01549
    0.11249
   -0.02614
   -0.09163
    0.02158
    0.01669
    0.07922
   -0.09352
    0.01864
    0.25632
   -0.13725
   -0.28231
    0.17106
    0.07429
    0.01778
   -0.24685
    0.05605
    0.03619
    0.07915
   -0.10495
   -0.02658
   -0.04705
    0.12368
   -0.23057
    0.03720
    0.02439
    0.00868
   -0.07874
    0.02879
    0.02813
    0.02784
   -0.06370
   -0.05740
    0.02593
    0.06746
   -0.07911
   -0.02547
   -0.00640
    0.10804
   -0.14028
   -0.02748
    0.05359
    0.04528
   -0.35023
    0.16594
    0.05424
    0.07147
   -0.23111
   -0.04314
    0.05648
    0.08399
   -0.25984
    0.04659
   -0.10640
    0.15730
   -0.40426
    0.08063
    0.00464
    0.00707
   -0.08471
    0.16788
    0.09165
   -0.10583
   -0.04046
   -0.03690
    0.08896
   -0.01399
   -0.05011
   -0.01376
    0.05562
    0.02154
   -0.16104
    0.09468
    0.13915
   -0.06574
   -0.24409
    0.08791
   -0.01513
    0.10976
   -0.14872
   -0.02848
    0.03607
    0.08436
   -0.10582
   -0.03306
   -0.06861
    0.13342
   -0.27542
    0.03571
    0.02943
    0.03668
   -0.11867
    0.14344
    0.06306
   -0.02700
   -0.05440
   -0.02587
    0.05417
    0.01147
   -0.13830
    0.02830
    0.07870
    0.05114
   -0.23123
    0.06422
    0.10710
   -0.00299
   -0.36014
    0.05963
    0.02370
    0.12746
   -0.18092
   -0.05109
    0.04263
    0.07731
   -0.17407
    0.01873
   -0.09056
    0.13110
   -0.38457
    0.09719
   -0.03617
    0.07058
   -0.04401
    0.27032
    0.21469
   -0.23392
   -0.03037
    0.03180
    0.32049
   -0.17174
   -0.09472
    0.12621
    0.13083
   -0.06203
    0.05015
    0.13863
    0.28851
   -0.26017
   -0.22883
    0.23268
    0.09972
   -0.03910
   -0.18656
    0.02842
    0.14775
    0.04840
   -0.10420
    0.03698
   -0.04618
    0.07211
   -0.35700
    0.15079
    0.06461
   -0.06139
   -0.13871
    0.22151
    0.15098
   -0.11009
   -0.13008
    0.04240
    0.17485
   -0.02524
   -0.14630
    0.10342
    0.08206
    0.04582
   -0.23439
    0.14008
    0.17270
   -0.09815
   -0.33165
    0.21575
    0.09613
    0.05449
   -0.23233
    0.03677
    0.20179
    0.01490
   -0.24662
    0.17153
   -0.11739
    0.12543
   -0.36211
    0.18038
    0.00373
   -0.01710
