IntronPotTab 1 1024 0.49135
    0.00712
   -0.02701
   -0.05979
    0.01613
    0.00215
   -0.07191
   -0.01222
    0.03262
    0.01790
   -0.02278
   -0.04679
    0.00796
   -0.00365
   -0.08144
   -0.05886
    0.04459
    0.00350
   -0.02944
   -0.09246
    0.03564
   -0.01300
   -0.04426
   -0.02761
    0.04604
   -0.00242
   -0.03274
   -0.09056
    0.05154
    0.02148
   -0.06958
   -0.07490
    0.03081
    0.00815
   -0.02734
   -0.02778
    0.00668
    0.01070
   -0.05533
   -0.00224
    0.01317
    0.02504
   -0.00984
    0.03016
   -0.04445
   -0.01725
   -0.04420
   -0.01871
    0.03315
   -0.00824
   -0.04244
   -0.09609
    0.04306
    0.01829
   -0.10250
   -0.02210
    0.03187
    0.01532
   -0.03858
   -0.06326
    0.03042
    0.02748
   -0.09331
   -0.08201
    0.02847
    0.00761
   -0.04567
   -0.04970
    0.02588
    0.01875
   -0.13498
    0.00157
    0.04881
    0.02194
   -0.04222
   -0.06641
    0.02746
    0.01561
   -0.10146
   -0.06220
    0.04523
    0.01880
   -0.02649
   -0.04303
    0.00658
   -0.00755
   -0.04006
   -0.03151
    0.04356
   -0.00516
   -0.02077
   -0.05255
    0.05175
    0.01495
   -0.07317
   -0.07812
    0.04696
    0.02674
   -0.05136
   -0.04256
    0.00068
   -0.00823
   -0.09746
    0.05908
    0.02396
    0.00284
   -0.01202
   -0.00328
    0.00405
   -0.00656
   -0.08868
   -0.03814
    0.05875
    0.08441
   -0.11183
   -0.10351
   -0.02608
    0.05774
   -0.11712
   -0.05161
    0.02180
    0.04497
   -0.06556
   -0.06630
    0.01586
    0.06402
   -0.11912
   -0.09625
    0.03247
    0.01487
   -0.03761
   -0.05793
    0.01749
    0.00759
   -0.08313
   -0.02727
    0.04900
    0.02030
   -0.03873
   -0.02910
    0.00685
    0.01946
   -0.05540
   -0.04059
    0.02215
    0.02057
   -0.02823
   -0.06084
    0.01505
   -0.00473
   -0.01568
   -0.04329
    0.03738
    0.02567
    0.00636
   -0.06329
    0.00001
    0.04377
   -0.06130
   -0.07361
    0.02288
    0.02696
   -0.05027
   -0.03624
   -0.00225
    0.02054
   -0.05862
   -0.01302
    0.01211
    0.00608
   -0.01685
   -0.03272
    0.01648
   -0.03872
   -0.02421
   -0.03472
    0.05855
   -0.00336
   -0.03892
   -0.05377
    0.03460
    0.01116
   -0.06649
   -0.03650
    0.03710
    0.00339
   -0.04333
   -0.02783
    0.03294
    0.02658
   -0.07145
   -0.06561
    0.03042
   -0.03786
   -0.01292
   -0.08420
    0.05686
    0.00400
   -0.11819
   -0.02894
    0.05366
    0.01399
   -0.04631
   -0.07637
    0.03258
    0.01717
   -0.12316
   -0.08466
    0.04103
    0.02018
   -0.03636
   -0.08139
    0.01895
   -0.02658
   -0.04741
   -0.03306
    0.06460
    0.02728
   -0.03590
   -0.09824
    0.03538
    0.01957
   -0.04734
   -0.06946
    0.02831
   -0.00151
   -0.04684
   -0.02731
    0.02141
    0.00023
   -0.06557
   -0.01071
    0.03108
    0.01343
   -0.03169
   -0.00041
   -0.00243
   -0.00384
   -0.07647
   -0.04966
    0.04722
    0.04251
   -0.10363
   -0.14378
    0.02145
    0.02701
   -0.12589
   -0.02403
    0.03293
    0.03383
   -0.05991
   -0.08398
    0.02815
    0.05714
   -0.10684
   -0.09755
    0.01768
   -0.00155
   -0.01696
   -0.04434
    0.02167
   -0.00396
   -0.03745
   -0.01410
    0.02735
    0.00418
   -0.00350
   -0.01832
    0.00400
   -0.01606
   -0.05096
   -0.04058
    0.04295
   -0.01325
    0.01323
   -0.06436
    0.03078
   -0.02835
    0.02537
    0.00347
    0.02646
   -0.01573
   -0.00093
   -0.04972
    0.02528
   -0.00281
   -0.03291
   -0.03785
    0.02461
   -0.00216
    0.00556
    0.00677
   -0.00122
   -0.00124
   -0.03677
   -0.01382
    0.02341
    0.00984
    0.03169
    0.04046
   -0.04117
   -0.00867
   -0.02293
   -0.02339
    0.02369
   -0.02682
   -0.02592
   -0.08491
    0.05049
    0.00458
   -0.05540
   -0.00916
    0.02390
    0.00230
   -0.00837
   -0.05535
    0.02433
    0.00620
   -0.06182
   -0.07614
    0.03398
    0.01452
   -0.01067
   -0.05045
    0.00532
    0.02036
   -0.07751
   -0.00159
    0.03344
    0.05507
   -0.05425
   -0.07997
   -0.00581
    0.00589
   -0.05661
   -0.02755
    0.02760
    0.00218
    0.01166
   -0.00549
   -0.00555
   -0.06270
    0.00718
   -0.05953
    0.07356
    0.00890
   -0.02712
   -0.05699
    0.03538
   -0.03697
   -0.00210
   -0.05787
    0.04246
   -0.01091
   -0.05420
   -0.01379
    0.03421
    0.00884
   -0.01491
    0.00586
   -0.00336
    0.00165
   -0.00183
    0.03184
   -0.01700
   -0.02079
   -0.04267
    0.00396
    0.03155
    0.00980
   -0.04965
   -0.03614
    0.01893
    0.01971
   -0.08674
   -0.03284
    0.04862
    0.00997
   -0.01399
   -0.01874
    0.00519
    0.03818
   -0.10159
   -0.07201
    0.03876
    0.00843
   -0.01080
   -0.08663
    0.03157
   -0.01023
   -0.06831
    0.00220
    0.05319
    0.01527
   -0.03484
   -0.03298
    0.01437
    0.00453
   -0.04505
   -0.05711
    0.04020
    0.00706
   -0.00514
   -0.05759
    0.02592
    0.00941
   -0.02553
   -0.02262
    0.01068
   -0.04158
   -0.00576
   -0.07973
    0.05592
    0.01610
   -0.01973
   -0.09033
    0.03238
    0.00292
    0.00972
   -0.06043
    0.01531
    0.00726
   -0.03197
   -0.02357
    0.02236
   -0.01024
    0.00477
    0.03971
   -0.00538
   -0.03309
   -0.03270
   -0.01773
    0.05037
   -0.02095
   -0.04096
   -0.06669
    0.06315
    0.00482
   -0.06640
   -0.02581
    0.04227
    0.00815
   -0.03996
   -0.09699
    0.05411
    0.01642
   -0.06194
   -0.10150
    0.04934
   -0.06751
    0.07694
   -0.10290
    0.06122
   -0.01025
   -0.04646
   -0.02442
    0.03839
    0.00266
   -0.00194
   -0.04273
    0.01374
   -0.03267
   -0.06842
   -0.03082
    0.05377
   -0.00714
    0.02271
   -0.08193
    0.02488
   -0.07237
    0.05516
   -0.02442
    0.05473
    0.00718
   -0.00318
   -0.07957
    0.02644
   -0.01823
    0.00945
   -0.04237
    0.01913
   -0.01660
    0.01854
   -0.05119
    0.02386
    0.01149
   -0.02597
    0.00377
   -0.00351
    0.01017
   -0.00176
    0.00927
   -0.01411
   -0.00362
   -0.02538
   -0.02192
    0.02033
   -0.00058
   -0.07030
   -0.09308
    0.04971
   -0.01152
   -0.04021
    0.00532
    0.02919
    0.00052
   -0.02087
   -0.02888
    0.02401
    0.00074
   -0.06594
   -0.08123
    0.04252
   -0.00576
    0.00005
   -0.04882
    0.02442
   -0.00875
   -0.06436
    0.00156
    0.03916
    0.00773
   -0.02980
   -0.01914
    0.01403
   -0.00571
   -0.07973
   -0.03396
    0.03907
    0.01215
   -0.00168
   -0.04349
    0.00113
   -0.01501
   -0.01604
   -0.00822
    0.03181
    0.00416
    0.02960
   -0.04147
   -0.00280
    0.03381
   -0.06835
   -0.03480
    0.01294
    0.00368
   -0.02998
   -0.00181
    0.00546
   -0.00363
   -0.04389
    0.02060
    0.01437
    0.01132
   -0.00097
    0.03701
   -0.03547
   -0.02504
   -0.03218
    0.01588
    0.02303
   -0.00754
   -0.02797
   -0.01983
    0.02320
    0.00661
   -0.06680
   -0.03927
    0.04467
    0.01043
   -0.02713
   -0.04363
    0.02412
    0.02869
   -0.09008
   -0.07692
    0.03093
    0.00667
   -0.06779
   -0.03411
    0.03377
    0.02800
   -0.06862
   -0.06074
    0.03750
    0.01718
   -0.05911
   -0.06538
    0.04812
    0.02172
   -0.09763
   -0.02163
    0.03026
    0.00443
   -0.02681
   -0.00461
    0.00918
   -0.01216
   -0.03943
   -0.02778
    0.04823
   -0.00238
   -0.01804
   -0.01600
    0.02681
    0.03319
   -0.04038
   -0.04876
    0.01480
    0.00626
   -0.04687
   -0.00172
    0.01142
    0.00356
   -0.03639
   -0.02368
    0.03442
    0.01808
   -0.06610
   -0.00303
    0.01549
    0.00347
   -0.07162
   -0.00955
    0.03313
    0.04165
   -0.08465
   -0.06438
    0.00398
    0.04731
   -0.09533
   -0.01158
    0.00115
    0.03500
   -0.09353
   -0.02491
    0.02704
    0.08905
   -0.12470
   -0.06292
    0.01638
    0.01780
   -0.03188
   -0.03447
    0.00534
    0.01922
   -0.11945
   -0.00626
    0.04541
    0.03728
   -0.06245
   -0.01827
   -0.00869
    0.02787
   -0.09168
   -0.01711
    0.02163
    0.01629
   -0.02890
   -0.02133
    0.00065
   -0.00468
    0.00132
   -0.05183
    0.04087
    0.00847
    0.01563
   -0.03245
    0.00061
    0.04094
   -0.04982
   -0.05125
    0.01313
    0.01593
   -0.04098
   -0.00769
   -0.00224
    0.02463
   -0.05835
   -0.04115
    0.02354
    0.00834
    0.01393
    0.00582
   -0.01949
   -0.03816
   -0.10894
    0.00500
    0.06491
   -0.02277
   -0.01022
   -0.02601
    0.03802
    0.03200
   -0.07388
   -0.02757
    0.01334
   -0.00440
   -0.02957
   -0.02865
    0.04263
    0.04395
   -0.10251
   -0.07483
    0.03480
   -0.02993
   -0.00550
   -0.08904
    0.05812
   -0.00715
   -0.06577
   -0.05858
    0.06209
   -0.00165
   -0.02551
   -0.04753
    0.03276
    0.00628
   -0.11222
   -0.06615
    0.05012
    0.00926
   -0.02096
   -0.07335
    0.02457
   -0.03455
   -0.01762
    0.00391
    0.04854
   -0.01719
   -0.01892
   -0.03840
    0.04516
    0.02072
   -0.05318
   -0.03828
    0.01944
    0.00641
   -0.03288
   -0.02729
    0.01223
    0.01957
   -0.04388
    0.00965
   -0.00814
   -0.00739
   -0.02557
    0.04880
   -0.00142
   -0.00537
   -0.05414
   -0.00424
    0.02568
    0.01532
   -0.08170
   -0.06572
    0.03392
    0.01510
   -0.11552
   -0.01344
    0.04247
    0.01804
   -0.03388
   -0.03208
    0.01277
    0.04212
   -0.08881
   -0.07914
    0.02953
   -0.01459
   -0.01911
   -0.07707
    0.04506
   -0.00681
   -0.08283
   -0.01197
    0.04700
   -0.00342
   -0.00813
   -0.06551
    0.03502
   -0.02264
   -0.06407
   -0.08359
    0.06104
   -0.00758
   -0.04786
   -0.07806
    0.05261
   -0.03270
   -0.02060
   -0.00505
    0.04887
    0.00631
   -0.00800
   -0.10564
    0.03858
    0.01686
   -0.06653
   -0.07941
    0.03577
   -0.00041
   -0.02263
   -0.01888
    0.01420
    0.00160
   -0.06828
    0.00021
    0.02787
   -0.00143
   -0.00447
    0.05795
   -0.02584
   -0.01901
   -0.03741
   -0.03730
    0.04247
   -0.02996
   -0.04342
   -0.13076
    0.06297
   -0.01210
   -0.07874
   -0.02322
    0.05984
   -0.00042
   -0.03089
   -0.08566
    0.05259
   -0.00078
   -0.07718
   -0.10949
    0.04786
    0.00377
   -0.04008
   -0.07436
    0.03979
    0.01742
   -0.11422
   -0.01853
    0.05283
    0.02470
   -0.05684
   -0.08051
    0.04570
    0.00934
   -0.14937
   -0.03441
    0.06462
    0.00872
   -0.02162
   -0.01188
    0.00298
   -0.04423
   -0.01821
   -0.02650
    0.07400
    0.01688
    0.00212
   -0.06437
    0.02376
    0.01872
   -0.09570
   -0.07724
    0.05083
    0.02623
   -0.06344
   -0.05038
    0.01103
    0.00100
   -0.09417
    0.03723
    0.02927
    0.01328
   -0.03698
   -0.04975
    0.02947
   -0.00349
   -0.10598
   -0.04798
    0.06564
    0.05139
   -0.11253
   -0.10248
    0.00908
    0.04156
   -0.13480
   -0.04370
    0.03968
    0.02683
   -0.07612
   -0.06145
    0.04510
    0.08294
   -0.18759
   -0.12252
    0.05557
    0.00176
   -0.02014
   -0.08148
    0.04122
    0.00228
   -0.07425
   -0.03208
    0.05429
    0.01755
   -0.03204
   -0.02426
    0.00782
    0.00200
   -0.06319
   -0.08392
    0.06228
    0.01016
   -0.02805
   -0.05786
    0.02308
   -0.00834
   -0.02244
   -0.02737
    0.04021
    0.00714
   -0.03288
   -0.05333
    0.04037
    0.05055
   -0.06823
   -0.10599
    0.03450
    0.01240
   -0.03176
   -0.04563
    0.01464
   -0.00076
   -0.05289
   -0.03556
    0.04626
    0.01519
    0.00415
   -0.05389
    0.00307
   -0.03032
   -0.02870
   -0.06402
    0.06997
   -0.02076
   -0.03120
   -0.10154
    0.06248
    0.01460
   -0.10772
   -0.04438
    0.05641
    0.00910
   -0.04243
   -0.06092
    0.04272
    0.03102
   -0.09672
   -0.13420
    0.06247
   -0.04348
    0.01165
   -0.12169
    0.06413
   -0.01048
   -0.12139
   -0.03948
    0.07711
   -0.00769
   -0.03991
   -0.04611
    0.04495
   -0.02605
   -0.12510
   -0.07873
    0.06340
    0.00463
   -0.02076
   -0.13366
    0.04414
   -0.07627
   -0.01357
   -0.05599
    0.09986
    0.02426
   -0.02103
   -0.10886
    0.03769
    0.01571
   -0.04563
   -0.12516
    0.03869
   -0.00760
   -0.01822
   -0.08995
    0.03601
   -0.00465
   -0.08109
   -0.00713
    0.04143
    0.01076
   -0.02985
   -0.02207
    0.01043
   -0.01114
   -0.07542
   -0.07490
    0.05499
    0.00574
   -0.08024
   -0.17521
    0.05487
   -0.01121
   -0.11489
   -0.02918
    0.06163
    0.00745
   -0.03615
   -0.09273
    0.04871
    0.01948
   -0.11231
   -0.12432
    0.04249
