IntronPotTab 1 1024 -4.57207 0.72331 6.74217 12376 6 16   63.98
    0.06782
   -0.02021
   -0.07107
   -0.00034
   -0.03992
   -0.04882
   -0.12962
    0.15910
    0.04852
   -0.07186
   -0.02685
   -0.00020
    0.03592
   -0.06345
   -0.06184
    0.07088
   -0.02143
    0.03312
   -0.09282
    0.08050
   -0.13467
    0.13530
   -0.05697
    0.07782
   -0.03359
   -0.02242
   -0.00903
    0.07097
    0.06803
   -0.04485
    0.01925
   -0.00823
    0.05508
   -0.07983
   -0.00217
   -0.04160
   -0.10630
   -0.09901
   -0.03501
    0.16426
   -0.00455
   -0.07758
    0.14025
   -0.08350
    0.02272
   -0.07701
   -0.02756
    0.08253
    0.03421
   -0.03908
   -0.04070
    0.03298
   -0.09482
   -0.01025
   -0.16581
    0.14205
    0.03093
    0.05316
   -0.14132
    0.04801
    0.03587
   -0.06027
   -0.07800
    0.09798
    0.06753
   -0.10983
   -0.08576
    0.06146
    0.11181
   -0.21432
   -0.14420
    0.04772
    0.06276
   -0.10809
   -0.07137
    0.07140
    0.06653
   -0.11041
    0.00603
    0.04228
    0.03119
   -0.02320
   -0.16100
    0.08270
   -0.18647
    0.17444
   -0.27720
    0.12174
    0.00528
    0.00183
   -0.04589
    0.02354
    0.03246
   -0.04167
   -0.11675
    0.06407
    0.03632
   -0.06664
   -0.01525
    0.02958
   -0.06179
   -0.12487
   -0.08213
    0.13516
    0.00061
   -0.12755
    0.05139
    0.08376
    0.08068
   -0.09645
   -0.05778
    0.06660
    0.38325
   -0.21207
   -0.21752
   -0.03211
    0.07754
   -0.13171
   -0.19962
    0.07426
    0.40504
   -0.26150
   -0.43086
   -0.20049
    0.34837
   -0.19994
   -0.09305
    0.06019
    0.08899
   -0.10599
   -0.06369
   -0.00531
   -0.03828
   -0.12414
   -0.08433
    0.14484
    0.13482
   -0.15871
   -0.09096
   -0.09197
    0.06030
   -0.09631
   -0.01735
    0.03908
   -0.00003
   -0.08853
   -0.04862
    0.10475
   -0.09756
    0.11344
   -0.05553
    0.09741
    0.01887
   -0.02461
    0.02195
   -0.02898
    0.08046
   -0.09741
    0.07333
   -0.04516
    0.02453
   -0.06651
    0.01455
   -0.02281
   -0.07717
   -0.09074
   -0.01774
    0.14537
    0.01148
   -0.09126
    0.11669
   -0.08969
   -0.00014
   -0.03770
   -0.06812
    0.13074
    0.03052
   -0.09659
   -0.00561
    0.03693
   -0.03823
   -0.04324
   -0.14960
    0.13703
    0.03279
   -0.04146
   -0.13154
    0.11023
    0.13512
   -0.14885
   -0.06985
    0.10528
    0.04317
    0.01194
   -0.01000
   -0.05216
   -0.01639
   -0.16127
   -0.13902
    0.14963
    0.05023
   -0.06425
   -0.03003
    0.00169
    0.14850
   -0.12800
   -0.03807
   -0.00960
   -0.05095
    0.04788
   -0.11240
    0.08341
   -0.15230
    0.12948
   -0.08312
    0.10256
   -0.04868
    0.07508
   -0.05714
    0.05288
    0.00529
    0.01189
   -0.01255
   -0.00369
    0.01769
   -0.05380
   -0.00626
    0.01730
   -0.09827
   -0.15410
   -0.05654
    0.15174
   -0.01160
   -0.04068
    0.09497
   -0.01911
    0.01879
   -0.09372
    0.06780
    0.01611
    0.10156
   -0.09054
   -0.07260
    0.04880
   -0.07060
   -0.04107
   -0.19008
    0.14314
    0.10081
   -0.02561
   -0.18651
    0.04433
    0.03940
   -0.03876
   -0.10179
    0.11460
    0.05711
   -0.03335
   -0.05860
    0.01995
   -0.10799
    0.02708
   -0.04585
    0.15257
   -0.02981
   -0.01945
    0.01332
    0.05010
    0.01896
   -0.00836
   -0.03781
    0.02788
   -0.09719
    0.16170
   -0.13790
    0.03463
   -0.13216
    0.16988
    0.00741
    0.03529
   -0.00183
    0.06293
   -0.07607
   -0.00395
    0.01276
   -0.01979
    0.04238
   -0.01961
   -0.05059
    0.00937
    0.06063
   -0.00841
   -0.08591
   -0.13634
    0.03697
    0.14235
    0.00617
    0.00866
    0.18020
   -0.14921
    0.02897
   -0.06579
    0.02351
    0.03283
   -0.04007
    0.01714
   -0.05556
    0.04581
   -0.07298
   -0.02439
   -0.13332
    0.12288
    0.00180
    0.11364
   -0.17648
    0.04821
    0.01285
   -0.00450
   -0.09446
    0.08770
    0.05641
   -0.02117
   -0.04713
   -0.01253
    0.02957
   -0.06899
   -0.08663
    0.06202
    0.02676
   -0.05206
   -0.00818
    0.02421
    0.04940
   -0.02998
   -0.06021
    0.03727
   -0.07089
    0.12091
   -0.09081
    0.03335
   -0.25792
    0.17816
   -0.27482
   -0.00198
   -0.07787
    0.07891
    0.04522
   -0.01190
   -0.06846
    0.01142
   -0.15805
    0.04512
    0.01754
   -0.02226
   -0.00207
    0.00235
   -0.05325
   -0.07053
    0.02485
    0.07586
   -0.00823
    0.00134
    0.13347
   -0.08551
    0.02094
   -0.08461
    0.02674
    0.06457
    0.17217
   -0.06820
   -0.16317
    0.03837
   -0.07910
   -0.01802
   -0.20833
    0.10395
    0.21464
   -0.12032
   -0.22082
    0.01811
    0.16611
   -0.08933
   -0.16705
    0.09508
    0.14485
   -0.12710
   -0.16751
    0.02132
   -0.05740
   -0.08977
   -0.01617
    0.09607
    0.03269
   -0.07347
    0.01251
    0.01002
    0.01772
   -0.07676
    0.00909
    0.02926
   -0.06118
    0.04314
   -0.04155
    0.09196
   -0.15463
    0.12641
    0.00149
    0.05695
   -0.02513
    0.11450
   -0.07468
   -0.09590
   -0.05823
   -0.00171
    0.08624
   -0.03388
   -0.00721
   -0.05311
    0.00582
    0.03383
   -0.03937
   -0.07641
    0.10596
    0.02758
   -0.09275
    0.00831
    0.23629
   -0.08973
   -0.05571
    0.00299
   -0.00118
    0.07698
   -0.06236
   -0.01130
   -0.01498
    0.07250
   -0.09614
    0.03059
   -0.09360
    0.09982
   -0.07791
    0.07304
   -0.08487
    0.10028
    0.03239
   -0.05454
   -0.06588
    0.07811
   -0.08916
    0.18646
   -0.21844
    0.06671
   -0.07165
   -0.04861
   -0.11782
    0.10021
    0.01495
   -0.03924
   -0.00717
    0.02000
    0.04876
   -0.07272
   -0.05323
    0.05275
   -0.14168
    0.13667
   -0.19917
    0.09183
   -0.24479
    0.18764
   -0.12279
    0.06465
   -0.07683
    0.09304
   -0.01239
    0.04192
   -0.14852
    0.16293
   -0.14106
   -0.05060
   -0.18799
    0.27027
   -0.26813
   -0.01182
   -0.07798
   -0.06411
    0.10888
    0.04815
    0.00784
    0.02636
    0.11315
   -0.09111
   -0.09998
    0.01314
    0.06921
    0.01449
    0.03716
    0.05342
   -0.17029
   -0.01106
   -0.19950
   -0.06188
   -0.27104
    0.15795
   -0.03598
    0.02306
   -0.08842
    0.07399
   -0.04924
    0.01054
   -0.17335
    0.10743
    0.04479
   -0.08388
   -0.00775
   -0.02254
   -0.05406
   -0.04917
   -0.02842
    0.14478
    0.01819
   -0.04271
    0.03804
   -0.04155
    0.02547
   -0.09252
    0.03148
    0.02630
   -0.03175
    0.07932
   -0.04558
    0.02706
   -0.11968
    0.11020
    0.02025
    0.07283
   -0.02572
    0.02842
   -0.05854
    0.07475
    0.01997
   -0.04718
    0.04319
   -0.01600
   -0.07150
   -0.10896
    0.15373
   -0.09225
   -0.07431
   -0.06663
    0.04672
    0.09715
   -0.03002
   -0.04215
    0.17793
   -0.08826
    0.04183
   -0.05450
    0.00672
   -0.01032
    0.01872
   -0.04143
   -0.03419
    0.04614
   -0.00398
   -0.10976
   -0.14744
    0.14280
   -0.00456
    0.00522
   -0.06085
    0.06920
    0.01309
   -0.11213
   -0.02709
    0.10418
    0.07269
   -0.11438
   -0.06280
    0.02444
    0.08291
   -0.16951
    0.02591
    0.02575
    0.06084
   -0.09350
   -0.02813
    0.06490
    0.11839
   -0.12877
    0.05579
    0.00502
    0.00027
   -0.00119
    0.01059
   -0.00657
   -0.17151
    0.21990
   -0.11705
    0.06011
   -0.02137
    0.08060
    0.01509
   -0.07185
    0.07067
   -0.07624
   -0.01153
    0.02304
   -0.00587
   -0.06863
    0.03983
    0.01207
    0.01012
   -0.17643
    0.11512
    0.03255
   -0.01187
   -0.03909
    0.13343
   -0.06549
    0.09217
   -0.11666
    0.06539
   -0.02818
    0.40886
   -0.29468
   -0.18480
   -0.14354
    0.20010
   -0.17654
   -0.27800
    0.00268
    0.41410
   -0.32646
   -0.39024
   -0.21960
    0.39284
   -0.14567
   -0.07965
    0.01048
    0.10644
   -0.15211
   -0.09693
   -0.00457
   -0.01923
   -0.06961
    0.01283
    0.06975
    0.10791
   -0.14361
   -0.06210
   -0.01477
    0.03072
   -0.12972
    0.01843
    0.06464
   -0.01869
   -0.02197
   -0.03600
    0.07744
   -0.14073
    0.17114
   -0.10277
    0.12697
   -0.03398
   -0.03435
    0.04319
    0.03110
    0.05938
   -0.07585
    0.08476
   -0.05807
    0.04538
   -0.13184
    0.02273
   -0.03945
   -0.05698
   -0.07014
    0.03375
    0.08367
   -0.03261
   -0.06210
    0.11969
   -0.13970
   -0.00692
   -0.07874
   -0.05556
    0.13574
   -0.00761
   -0.12432
    0.00359
    0.07999
   -0.03741
   -0.04023
   -0.13195
    0.12631
    0.00414
   -0.01968
   -0.05255
    0.07581
    0.08260
   -0.14162
   -0.06125
    0.11222
    0.03360
   -0.05646
   -0.01019
   -0.01771
   -0.00718
   -0.17121
   -0.11191
    0.14179
    0.01790
   -0.04677
   -0.04477
    0.04186
    0.06633
   -0.11862
    0.00512
    0.03414
   -0.05782
    0.05102
    0.03736
    0.02443
   -0.13969
    0.08927
    0.03971
    0.08884
   -0.06024
    0.07064
   -0.07158
    0.08193
    0.00545
    0.01517
    0.01771
   -0.02135
    0.03669
   -0.03500
   -0.07386
    0.04094
   -0.07517
   -0.14123
    0.04353
    0.10319
   -0.04188
    0.02180
    0.10565
   -0.03794
   -0.04343
   -0.15842
    0.16490
   -0.04949
    0.10864
   -0.10130
   -0.01475
    0.02401
   -0.03087
   -0.09888
   -0.21361
    0.17073
    0.04959
   -0.02786
   -0.09635
    0.03920
    0.02240
   -0.08909
   -0.12207
    0.15366
    0.05389
    0.03131
   -0.09006
    0.02685
   -0.01149
   -0.01837
   -0.10655
    0.09528
    0.05769
   -0.03039
   -0.01188
   -0.07081
    0.01781
    0.00031
   -0.07341
    0.05042
   -0.02703
    0.06230
   -0.09165
    0.06024
   -0.11355
    0.10285
   -0.11545
    0.08835
   -0.06725
    0.07922
   -0.06025
    0.08004
    0.01008
   -0.07139
    0.11702
   -0.03929
    0.01068
   -0.01359
   -0.00203
   -0.00088
   -0.08883
   -0.06803
   -0.07291
    0.14807
   -0.00009
   -0.01131
    0.13383
   -0.09764
    0.07101
   -0.09169
   -0.05748
    0.06961
   -0.03916
   -0.03524
   -0.10411
    0.10937
   -0.07150
   -0.02167
   -0.17777
    0.15562
    0.01369
    0.05350
   -0.15156
    0.06573
    0.01627
   -0.02118
   -0.06935
    0.08373
    0.06161
   -0.02057
   -0.10809
    0.03882
    0.07608
   -0.11961
   -0.13344
    0.06873
    0.07993
   -0.11573
    0.01947
   -0.00140
    0.04947
   -0.04251
   -0.02976
    0.04655
   -0.03028
    0.01251
   -0.09882
    0.08197
   -0.26337
    0.21732
   -0.23565
    0.09756
   -0.07238
    0.01121
    0.04347
    0.05653
    0.00784
   -0.02821
   -0.15242
    0.06706
    0.01449
   -0.08532
   -0.00621
    0.05310
   -0.07481
   -0.09342
   -0.04651
    0.11898
    0.00764
   -0.05971
   -0.00278
    0.05860
   -0.03441
   -0.06470
    0.03464
    0.08715
    0.26515
   -0.13904
   -0.19738
    0.03771
   -0.07760
   -0.10960
   -0.32043
    0.15077
    0.23974
   -0.11954
   -0.25756
   -0.00410
    0.18542
   -0.06854
   -0.17762
    0.11006
    0.08563
   -0.02341
   -0.13283
    0.02681
    0.02076
   -0.01482
   -0.14885
    0.06084
    0.09759
   -0.07398
    0.01323
   -0.10023
    0.05744
   -0.02794
   -0.07455
    0.06172
   -0.01955
    0.00120
   -0.06261
    0.07313
   -0.09311
    0.10447
   -0.08939
    0.08083
   -0.02994
    0.11046
   -0.06310
   -0.03715
    0.09338
   -0.02436
    0.04298
   -0.07730
    0.04106
   -0.01839
   -0.02520
   -0.02708
   -0.07066
   -0.05877
   -0.08832
    0.12504
   -0.04740
   -0.00591
    0.20128
   -0.10524
    0.03325
   -0.02650
   -0.07064
    0.08102
   -0.02368
   -0.04914
   -0.03294
    0.07804
   -0.10261
    0.00642
   -0.12098
    0.14196
   -0.04269
   -0.03364
   -0.15078
    0.15342
    0.08362
   -0.07450
   -0.10051
    0.12964
   -0.04613
    0.15248
   -0.06510
    0.02109
   -0.05729
   -0.04262
   -0.23580
    0.13828
    0.04917
   -0.03456
   -0.00164
   -0.04009
    0.04485
   -0.06136
   -0.07026
    0.04986
   -0.04633
    0.05776
   -0.09967
    0.06480
   -0.24554
    0.17951
   -0.13013
    0.10899
   -0.05479
    0.06306
   -0.06003
    0.07223
   -0.06090
    0.01536
   -0.13120
    0.04934
   -0.00925
    0.07630
   -0.08848
   -0.00168
   -0.08060
   -0.09689
   -0.08678
    0.12098
   -0.06396
    0.00797
    0.11152
   -0.01017
   -0.04647
   -0.03911
    0.03839
    0.03655
    0.00490
    0.00154
   -0.14911
    0.07199
   -0.15402
   -0.03094
   -0.22870
    0.15116
   -0.00620
    0.01123
   -0.10094
    0.07793
   -0.07220
   -0.03673
   -0.17304
    0.12949
