9 20 3 1 47 -4.4023 2.7097 4.2726 14850
  0.01275  -0.02398   0.02815  -0.01766  -0.02397  -0.00963   0.03602  -0.00045   0.02508  -0.04861   0.02811  -0.01025  -0.02197   0.00197   0.07254  -0.04358   0.01021  -0.00765   0.04246  -0.03660 
 -0.00282  -0.01472   0.04630  -0.02429  -0.03184   0.00710   0.07696  -0.04889   0.02023  -0.06325   0.06628  -0.01587  -0.01001  -0.01285   0.06863  -0.04200  -0.00284   0.01858   0.05555  -0.06709 
 -0.00355  -0.00798   0.06616  -0.04793  -0.01580   0.02215   0.02173  -0.01766   0.02450  -0.04513   0.02581  -0.01055   0.00406   0.00788   0.03660  -0.05146  -0.00053  -0.01486   0.01692  -0.00154 
  0.01063  -0.00784   0.02193  -0.02265  -0.00733  -0.01755   0.03624  -0.01516   0.02475  -0.02106   0.01934  -0.02275  -0.01614   0.01041   0.04825  -0.03431   0.00481   0.00725   0.02268  -0.02829 
  0.00411  -0.00499   0.03192  -0.02660  -0.02074   0.00595   0.04238  -0.02161   0.04162  -0.06683   0.04983  -0.03016  -0.01042  -0.01652   0.07033  -0.03947   0.01398   0.00710   0.05898  -0.06965 
  0.00830  -0.01459   0.05386  -0.04356  -0.01419   0.00004   0.01793  -0.00024   0.03804  -0.05723   0.02790  -0.02010   0.01298   0.00377   0.01909  -0.04317   0.00140  -0.02658   0.03168  -0.00592 
  0.01636  -0.02045   0.02244  -0.01939  -0.01861  -0.01912   0.03805  -0.00252   0.05111  -0.06773   0.04542  -0.03917  -0.01316  -0.00189   0.04885  -0.02640   0.01065  -0.00425   0.05588  -0.05342 
  0.00840  -0.02073   0.04799  -0.03315  -0.01296   0.02077   0.04489  -0.04524   0.02464  -0.06984   0.10358  -0.03888  -0.00592   0.01792   0.06744  -0.08281  -0.02242   0.00322   0.07629  -0.06310 
  0.00257  -0.00390   0.06789  -0.06013  -0.00318  -0.00180   0.02684  -0.02130   0.01691  -0.03198   0.04280  -0.01861   0.00367   0.00665   0.02865  -0.04082   0.01308  -0.00357   0.02432  -0.02484 
  0.01596  -0.00894   0.02562  -0.03080  -0.02085   0.00038   0.04328  -0.01850   0.01920  -0.06904   0.06049  -0.00828   0.00185   0.00727   0.02179  -0.03137   0.00232  -0.02656   0.06655  -0.03969 
  0.00401  -0.02214   0.04799  -0.02726  -0.02234   0.00375   0.04324  -0.01904   0.05728  -0.05584   0.02905  -0.04578  -0.00772   0.01016   0.06744  -0.07020   0.01204   0.00237   0.04629  -0.05061 
  0.01214  -0.00730   0.04787  -0.04828  -0.01407   0.02681   0.01249  -0.01389   0.02343  -0.00329   0.00110  -0.02420  -0.00116   0.02616   0.01841  -0.04416   0.00263  -0.00062   0.02203  -0.01954 
  0.00931   0.00942   0.01327  -0.02803  -0.01553  -0.01445   0.05030  -0.02231   0.02832  -0.04742   0.06876  -0.03640  -0.01576  -0.00426   0.02468   0.00427   0.01801  -0.02441   0.06229  -0.04633 
  0.00585  -0.02412   0.04968  -0.02925  -0.02933   0.02551   0.05117  -0.03544   0.02723  -0.03638   0.04731  -0.03020  -0.01411   0.00480   0.07122  -0.05783   0.01987   0.01385   0.05672  -0.07774 
  0.00174   0.00361   0.05705  -0.05481  -0.03464   0.00195   0.02529   0.01438   0.00070  -0.04090   0.05537  -0.00192   0.02412  -0.01539   0.01919  -0.04179   0.02023   0.00767   0.02206  -0.03697 
  0.00891  -0.01210   0.02397  -0.01917  -0.01248  -0.00696   0.04475  -0.02517   0.00712  -0.01473   0.04321  -0.01895   0.00867  -0.01088   0.03611  -0.03818  -0.01405   0.00581   0.04359  -0.03620 
  0.00123  -0.00648   0.04229  -0.03158  -0.00250   0.00653   0.04867  -0.05249   0.03032  -0.02520   0.06382  -0.05072  -0.00202  -0.01329   0.08546  -0.07583  -0.00368  -0.00557   0.06771  -0.05618 
  0.01124  -0.01003   0.06384  -0.06073  -0.03368   0.00283   0.03753   0.00068   0.03311  -0.05496   0.01970  -0.01159  -0.01784   0.01569   0.02955  -0.01778  -0.00134  -0.00297   0.02182  -0.01519 
  0.00236  -0.00990   0.02613  -0.01583  -0.02274  -0.00809   0.05762  -0.02607  -0.00042  -0.02109   0.08177  -0.02754  -0.04606   0.01335   0.07560  -0.02359  -0.02494  -0.02391   0.06660  -0.02710 
 -0.02092  -0.01127   0.06766  -0.02825  -0.05301  -0.00680   0.06512  -0.00070   0.00136  -0.04848   0.09797  -0.02159  -0.02487   0.00688   0.08142  -0.05525  -0.00158  -0.00719   0.06288  -0.05079 
 -0.01735  -0.01113   0.07110  -0.03539  -0.03429  -0.00354   0.02317   0.01955   0.02726  -0.07152   0.05767  -0.01450  -0.00903   0.01680   0.03474  -0.03797  -0.00331  -0.03060   0.03622  -0.00430 
  0.00019  -0.01961   0.03267  -0.01166  -0.02298   0.01727   0.04706  -0.03232  -0.00201  -0.03792   0.06782  -0.00738  -0.02030   0.00518   0.03751  -0.01118  -0.01548  -0.00990   0.04592  -0.02375 
 -0.01370  -0.00539   0.04799  -0.02200  -0.03721  -0.00780   0.05367  -0.00503   0.04128  -0.08120   0.05445  -0.02384  -0.01425   0.01894   0.06544  -0.06711   0.01454  -0.00962   0.05625  -0.05120 
  0.00236  -0.01542   0.05563  -0.03798  -0.00991   0.00655   0.00429   0.00336   0.02764  -0.04211   0.03505  -0.02064  -0.02557   0.00251   0.06378  -0.02856  -0.02118   0.00382   0.03394  -0.02150 
 -0.00012  -0.00634   0.03092  -0.02015  -0.00676  -0.01101   0.05415  -0.04017   0.01502  -0.03449   0.05540  -0.02154  -0.03380   0.01290   0.05452  -0.01736  -0.00833  -0.02699   0.05961  -0.02640 
 -0.00523  -0.01570   0.05528  -0.02925  -0.01894  -0.03586   0.06113  -0.01599   0.04030  -0.05536   0.05029  -0.03576  -0.00222   0.00025   0.06265  -0.06223  -0.00329  -0.03127   0.07822  -0.04472 
  0.00860  -0.02939   0.06431  -0.04207  -0.03589  -0.00724   0.04543   0.00177   0.02072  -0.02299   0.05789  -0.03705   0.00523  -0.00564   0.03948  -0.04169  -0.01637  -0.01754   0.05091  -0.02156 
  0.00019  -0.01500   0.04703  -0.02792  -0.04598   0.00292   0.05645  -0.00552   0.00920  -0.04031   0.09082  -0.03126  -0.01146   0.01579   0.04532  -0.04448   0.00413  -0.03124   0.08477  -0.05625 
 -0.00944  -0.01389   0.06708  -0.03753  -0.04553   0.01546   0.06534  -0.02482   0.02651  -0.07667   0.11045  -0.04139  -0.03006   0.01935   0.07170  -0.04954   0.00567  -0.03260   0.10072  -0.07451 
 -0.00807  -0.01639   0.08248  -0.05258  -0.02237  -0.03561   0.04688   0.00314   0.00067  -0.02802   0.08347  -0.02520  -0.01463   0.01267   0.04721  -0.03802   0.01663  -0.05424   0.06419  -0.02294 
  0.00030  -0.02739   0.05480  -0.02550  -0.05047  -0.00365   0.06372  -0.00403   0.01831  -0.03610   0.06714  -0.03077  -0.03633   0.00543   0.05963  -0.01141  -0.01182  -0.01080   0.07446  -0.05394 
 -0.01864  -0.01045   0.06674  -0.03036  -0.03744  -0.01730   0.07118  -0.01776   0.01635  -0.05005   0.10096  -0.03959  -0.03704   0.02360   0.08234  -0.05663  -0.00559  -0.01678   0.08400  -0.06264 
 -0.01295  -0.01237   0.08003  -0.04805  -0.02922   0.01196   0.02582   0.00118   0.01347  -0.02492   0.08741  -0.04435   0.00016   0.00099   0.04382  -0.04526   0.00589  -0.01886   0.04237  -0.02438 
  0.00401  -0.00880   0.04156  -0.03203  -0.04080  -0.00736   0.06401  -0.01255   0.05714  -0.04504   0.04425  -0.06110  -0.02958  -0.00262   0.07187  -0.02629  -0.02569  -0.01820   0.08100  -0.04662 
 -0.00376  -0.01863   0.06720  -0.03991  -0.00579  -0.00138   0.05442  -0.04884   0.02888  -0.05703   0.11519  -0.05979  -0.01135   0.00583   0.07910  -0.07355  -0.00785  -0.03441   0.08084  -0.04229 
  0.00779  -0.02143   0.07576  -0.05930  -0.03265  -0.02621   0.04362   0.01212   0.03169  -0.02155   0.03384  -0.03818   0.00542   0.00029   0.03465  -0.04317   0.01154  -0.05413   0.06575  -0.02171 
  0.01083  -0.02882   0.04485  -0.02660  -0.03743  -0.02438   0.06115  -0.00200   0.05151  -0.05619   0.04123  -0.04457  -0.02865   0.00646   0.06606  -0.03072   0.01722  -0.04632   0.07011  -0.03552 
  0.00061  -0.03069   0.06314  -0.03114  -0.02547  -0.00337   0.04702  -0.01442   0.06658  -0.05749   0.04218  -0.06474  -0.01254  -0.01556   0.08547  -0.05535   0.01787  -0.03165   0.08905  -0.06921 
  0.01365  -0.02653   0.06904  -0.05493  -0.02689   0.01551   0.00290   0.01780   0.03204  -0.07128   0.08305  -0.03453  -0.01111   0.01445   0.05087  -0.04980   0.01760  -0.04046   0.04802  -0.01866 
  0.00759  -0.02017   0.03849  -0.02407  -0.04367   0.00761   0.02733   0.01832   0.03474  -0.06170   0.07255  -0.03751  -0.01474   0.00099   0.03555  -0.01309  -0.00373  -0.06065   0.07484  -0.01741 
 -0.00523  -0.02982   0.05099  -0.01444  -0.06562   0.01298   0.04171   0.02325   0.02810  -0.02696   0.05568  -0.04206  -0.03824   0.02153   0.08063  -0.05021   0.01963  -0.03712   0.08319  -0.05876 
 -0.01724  -0.00812   0.06697  -0.03393  -0.04033   0.03471  -0.02088   0.03941   0.01838  -0.03415   0.03397  -0.01440  -0.01181   0.01947   0.02167  -0.02303   0.00545  -0.01102   0.01872  -0.00936 
 -0.00355   0.00268   0.00749  -0.00438  -0.05067   0.03162  -0.00942   0.04229   0.00521  -0.02063   0.02931  -0.00606  -0.02867   0.01759   0.00144   0.02179   0.00266  -0.03278   0.03826  -0.00755 
 -0.02027  -0.00336   0.01405   0.01124  -0.04219  -0.02211   0.05480   0.00850   0.05350  -0.06922   0.10217  -0.07606   0.00404   0.00933   0.04261  -0.05988   0.06716  -0.06324   0.09490  -0.08174 
  0.01395  -0.03575   0.07326  -0.05211  -0.01391  -0.00504  -0.01572   0.03302   0.06377  -0.06125   0.01309  -0.04266   0.05862  -0.02783  -0.02063  -0.05177   0.06716  -0.08767   0.03438  -0.00067 
  0.04763  -0.04846   0.00204  -0.01680   0.03576   0.02690  -0.02460  -0.04347   0.13513  -0.03734  -0.04945  -0.14243   0.04397   0.06027  -0.08053  -0.07215   0.08238   0.03440   0.01682  -0.10164 
  0.07183   0.02298  -0.02036  -0.08967   0.11697  -0.04708  -0.03380  -0.11604   0.19306  -0.15983  -0.00605  -0.20672   0.10120   0.06093  -0.04279  -0.26424   0.16171   0.03455  -0.02603  -0.12826 
  0.15269  -0.02739  -0.03193  -0.16711   0.19850  -0.26298  -0.12725  -0.07459   0.18044  -0.22589  -0.14595  -0.06856   0.21315  -0.17681  -0.23895  -0.11459   0.04341  -0.09417  -0.02146   0.05929 
  0.20354  -0.20914  -0.11973  -0.05399  -0.30301  -0.55606   0.40734  -0.19238   0.00006  -0.32694   0.31682  -0.06526  -0.02998  -0.28736   0.29310  -0.15144  -0.15565  -0.39724   0.33047  -0.13520 
 -0.15634  -0.43190   0.38317  -0.15584  -2.35805  -4.17176   0.61092  -4.17176  -1.64447  -4.17176   0.84100  -4.17176  -2.30405  -4.17176   0.68458  -4.17176  -1.77737  -4.17176   0.59064  -4.17176 
 -2.08729  -4.17176   0.66180  -4.17176  -4.17176  -4.17176  -4.17176   0.58115  -4.17176  -4.17176  -4.17176  -4.17176  -4.17176  -1.63606  -4.17176   0.63994  -4.17176  -4.17176  -4.17176  -4.17176 
 -4.17176  -1.62272  -4.17176   0.54702  -4.17176  -4.17176  -4.17176  -4.17176   0.22545  -0.90102   0.42019  -0.91116  -4.17176  -4.17176  -4.17176  -4.17176   0.22652  -1.02681   0.41826  -1.05399 
 -0.00617  -0.94551   0.48824  -1.00307   0.34103  -0.26238  -0.47822  -0.31315   0.25226  -0.25715  -0.06715  -0.27425   0.41059  -0.58897  -0.68130  -0.99296   0.36667  -0.08476  -0.08771  -0.21675 
  0.45498  -0.46620  -0.55701  -0.66856  -1.04131  -1.52317   0.59147  -1.37492  -0.52817  -0.57450   0.74263  -0.76068  -0.36964  -0.63269   0.55435  -0.56134  -0.40590  -0.68337   0.49541  -0.59711 
 -0.81531  -1.16758   0.62677  -1.11557  -0.15234  -0.22689   0.04021   0.18760  -0.04439  -0.10187   0.10393   0.04767  -0.50517  -0.37713  -0.74953   0.52436  -0.00612  -0.23620   0.10653   0.05342 
 -0.38828  -0.35050  -0.59554   0.41386   0.03008  -0.15379   0.08424  -0.03899   0.12070  -0.19458  -0.09285  -0.00577   0.01431   0.02812  -0.00264  -0.05095   0.24485  -0.14298   0.01734  -0.09303 
  0.04446  -0.08601   0.06396  -0.04150  -0.03761  -0.00875   0.02464   0.02496  -0.00439  -0.11074  -0.01189   0.06792  -0.03242  -0.03607  -0.08682   0.13042  -0.04526  -0.24266   0.03418   0.12728 
 -0.02376  -0.09929   0.00417   0.08051   0.03700  -0.05865  -0.03569   0.02162   0.07512  -0.08047  -0.11656   0.00805   0.02552  -0.04660  -0.06959   0.05855   0.09972  -0.10125  -0.01662   0.02902 
  0.04099  -0.06871  -0.03295   0.02953   0.04024  -0.05636  -0.04532   0.02404   0.03505  -0.04062  -0.03392   0.00177   0.08601  -0.02625  -0.03172  -0.09973   0.10785  -0.10151  -0.00130   0.01252 
  0.05737  -0.06278  -0.01755  -0.00292   0.03984  -0.05308  -0.02441   0.00528   0.01449  -0.02302  -0.09412   0.03580   0.03640  -0.01128  -0.07524   0.01656   0.07603  -0.06033  -0.02420   0.02211 
  0.03910  -0.04354  -0.03542   0.01696   0.04429  -0.11938  -0.02254   0.03301  -0.01433  -0.03212  -0.04393   0.05066   0.03492  -0.04479  -0.05576   0.03384   0.05775  -0.08294  -0.04364   0.05987 
  0.02759  -0.07440  -0.03280   0.04614   0.03706  -0.09054   0.01700  -0.00805  -0.02759  -0.04419  -0.04148   0.06760   0.04402  -0.04241  -0.05358   0.01615   0.02322  -0.08116  -0.01829   0.05931 
  0.01385  -0.06667  -0.00635   0.03692   0.05022  -0.09414   0.00188  -0.00930   0.00417  -0.00976  -0.06668   0.02878   0.03196  -0.07602  -0.02066   0.03618   0.02595  -0.07279  -0.02374   0.05658 
  0.02427  -0.06433  -0.01253   0.02972   0.02576  -0.11602   0.02902   0.00829  -0.01479  -0.00748  -0.05646   0.04182   0.04001  -0.08079  -0.01655   0.02437   0.05392  -0.08216  -0.00914   0.03797 
  0.02033  -0.07424   0.00404   0.02788   0.03491  -0.10631   0.02272  -0.00231  -0.01866  -0.02683  -0.04164   0.05084   0.04691  -0.09959   0.00870   0.00607   0.04202  -0.06034  -0.02342   0.04037 
  0.02319  -0.07202   0.00391   0.02378   0.03090  -0.13348   0.04193  -0.00252  -0.00905  -0.01221  -0.02706   0.02809   0.04031  -0.07278   0.00884  -0.00490   0.02410  -0.08566  -0.00669   0.05360 
  0.01934  -0.07872   0.01769   0.02142   0.03991  -0.11109   0.03207  -0.01596  -0.01020  -0.01909  -0.05847   0.04495   0.04643  -0.08377   0.00569  -0.00299   0.07855  -0.08148  -0.03579   0.04262 
  0.03463  -0.07615   0.00070   0.01706   0.04087  -0.11279   0.01903  -0.00317  -0.04781   0.00586  -0.04095   0.05718   0.03632  -0.05378   0.01833  -0.02415   0.07329  -0.07532  -0.03269   0.03958 
  0.02436  -0.06402   0.00230   0.01875   0.04364  -0.10253   0.01250  -0.00596  -0.04465  -0.02495  -0.01102   0.06064   0.04299  -0.07328   0.00471  -0.00508   0.04303  -0.05591  -0.06569   0.06434 
  0.02151  -0.06433  -0.01115   0.03146   0.03802  -0.10821   0.01961  -0.00235   0.00323  -0.04416  -0.03240   0.03645   0.04011  -0.09115   0.01880   0.00119   0.04957  -0.08301  -0.03184   0.05646 
  0.02720  -0.08211   0.00271   0.02681   0.03688  -0.11605   0.02833  -0.00540  -0.02812  -0.03141  -0.04618   0.06313   0.03468  -0.05849   0.02619  -0.02492   0.04843  -0.06698  -0.02476   0.04228 
  0.02013  -0.06902   0.00960   0.02073   0.04507  -0.10325   0.03428  -0.02988  -0.03143  -0.01520  -0.07203   0.06606   0.02814  -0.09414   0.02535   0.01636   0.04756  -0.07854  -0.01070   0.04020 
  0.02122  -0.07488   0.01183   0.02162   0.04483  -0.11442   0.03728  -0.02655  -0.02103  -0.03195  -0.02420   0.04924   0.02227  -0.07308   0.00344   0.02835   0.05203  -0.06569  -0.02688   0.04101 
  0.02240  -0.07139   0.00855   0.02073   0.03685  -0.07861  -0.00300   0.00462  -0.01016  -0.01363  -0.05564   0.04080   0.04869  -0.08590  -0.00605   0.00558   0.05610  -0.08947  -0.03218   0.05720 
  0.02982  -0.07107  -0.01295   0.02865   0.04842  -0.13185   0.03127  -0.01598  -0.03245  -0.05439  -0.01070   0.06555   0.04961  -0.11341   0.00495   0.01549   0.06577  -0.09786  -0.01196   0.04321 
  0.02982  -0.10047   0.01392   0.02671   0.03763  -0.12448   0.04396  -0.01828  -0.02029  -0.04445  -0.05509   0.06624   0.03315  -0.13473   0.04955   0.01536   0.07873  -0.10010  -0.01787   0.04154 
  0.02778  -0.10284   0.02321   0.02309   0.04023  -0.07146   0.00714  -0.01356  -0.02005  -0.03847   0.00022   0.04226   0.05633  -0.10413   0.02420  -0.02125   0.06469  -0.08633  -0.01306   0.03755 
  0.03338  -0.07759   0.01197   0.01074   0.05324  -0.12368   0.01991  -0.01536   0.00281  -0.02841  -0.03584   0.02945   0.04907  -0.09218  -0.02464   0.02552   0.09668  -0.09308  -0.02679   0.03309 
  0.04726  -0.08847  -0.00417   0.01486   0.03721  -0.11983   0.02401   0.00042  -0.00643  -0.01097  -0.06176   0.03796   0.03864  -0.10961   0.00731   0.02790   0.10181  -0.10392  -0.01849   0.03073 
  0.03739  -0.09276   0.00577   0.02053   0.02329  -0.06324   0.02037  -0.00888  -0.00769  -0.03011  -0.03552   0.04035   0.05595  -0.10207   0.00950  -0.00795   0.08836  -0.08377  -0.03449   0.03754 
  0.03396  -0.07313   0.00230   0.01466   0.03265  -0.08024   0.01971  -0.01066  -0.01234  -0.03122  -0.05015   0.05061   0.05424  -0.09935  -0.01230   0.01239   0.06005  -0.10227  -0.02570   0.05831 
  0.03098  -0.08324  -0.00295   0.02778   0.04507  -0.11410   0.01855  -0.00768   0.00169  -0.02359  -0.04630   0.03178   0.03375  -0.10620  -0.00043   0.03935   0.04746  -0.09057   0.00272   0.03795 
  0.02817  -0.08650   0.01026   0.02290   0.04650  -0.10775  -0.00796   0.01202   0.00544  -0.04069  -0.05456   0.04071   0.03787  -0.07635   0.00939   0.00157   0.05446  -0.08980  -0.02571   0.05393 
  0.03280  -0.08146  -0.00758   0.02817   0.02502  -0.09712  -0.01462   0.03897  -0.01748  -0.02703  -0.05573   0.05493   0.05783  -0.08872  -0.02081   0.00540   0.05909  -0.06233  -0.02613   0.03446 
  0.02593  -0.06934  -0.01629   0.03376   0.03046  -0.09920   0.02170   0.00072  -0.01859  -0.04082  -0.08891   0.07396   0.03966  -0.06898  -0.00043   0.00147   0.06970  -0.06921  -0.03495   0.03921 
  0.02348  -0.06981  -0.00689   0.02991   0.03748  -0.04684  -0.03384   0.01272  -0.03474  -0.01285  -0.04607   0.05870   0.01072  -0.01560  -0.03207   0.02613   0.04373  -0.05984  -0.02989   0.04361 
  0.01093  -0.03706  -0.02632   0.03463   0.04200  -0.05267  -0.02478   0.00252  -0.03248  -0.06074  -0.13908   0.10851   0.03133  -0.03424  -0.02788   0.00844   0.06534  -0.08045  -0.03218   0.04683 
  0.02063  -0.05846  -0.03630   0.04549   0.00697  -0.01927  -0.01900   0.02100  -0.04301  -0.09192  -0.14975   0.13170   0.02578  -0.00745  -0.03369  -0.00302   0.07022  -0.05926  -0.02030   0.02192 
  0.00483  -0.04191  -0.02890   0.04512   0.01252   0.01377  -0.03516   0.00670  -0.06469  -0.07244  -0.12450   0.13261   0.04964  -0.03788  -0.04494  -0.00400   0.03748  -0.07377   0.01173   0.02564 
  0.00185  -0.04176  -0.02361   0.04427   0.01957   0.01051  -0.06178   0.02182  -0.06432  -0.09866  -0.14721   0.14794   0.03905   0.02018  -0.09154  -0.00675   0.05670  -0.08531  -0.01265   0.04096 
  0.00555  -0.03765  -0.05284   0.05672  -0.00030   0.02307  -0.05113   0.02847  -0.03618  -0.12764  -0.17208   0.14515   0.05824   0.03721  -0.08053  -0.07033   0.07231  -0.04907   0.00190  -0.00383 
  0.01023  -0.02313  -0.04248   0.03663   0.00302   0.09258  -0.11360   0.01976  -0.07127  -0.11550  -0.19736   0.16877   0.06586   0.02993  -0.09804  -0.06152   0.06083  -0.08114   0.01915   0.01160 
  0.00667  -0.01556  -0.06346   0.04782  -0.00272   0.09428  -0.11436   0.02552  -0.07734  -0.09293  -0.24913   0.17399   0.07774   0.03015  -0.15372  -0.04280   0.06838  -0.06690  -0.00909   0.01988 
  0.00544  -0.00757  -0.08911   0.05827  -0.00345   0.07937  -0.09715   0.02601  -0.06962  -0.11017  -0.18140   0.16276   0.07412   0.04339  -0.12699  -0.07170   0.06605  -0.07735   0.01530   0.00914 
  0.00226  -0.01639  -0.06082   0.05077  -0.01014   0.13316  -0.17356   0.03900  -0.06516  -0.12492  -0.16398   0.16143   0.10253   0.00841  -0.16725  -0.05923   0.10240  -0.07234  -0.01577   0.00787 
  0.01964  -0.00703  -0.10168   0.05188  -0.00103   0.11793  -0.17855   0.04437  -0.07795  -0.09568  -0.18050   0.16251   0.09036  -0.00365  -0.16197  -0.02463   0.09234  -0.06483  -0.00984   0.00447 
  0.01124  -0.00743  -0.10117   0.05953  -0.00342   0.12591  -0.15573   0.02714  -0.06783  -0.08233  -0.19179   0.15368   0.09308   0.00413  -0.15772  -0.04123   0.04641  -0.07289   0.00436   0.02598 
  0.00236  -0.00404  -0.08763   0.05781  -0.01695   0.12568  -0.17492   0.05304  -0.06174  -0.06095  -0.22272   0.14756   0.09303  -0.00718  -0.16539  -0.02394   0.05206  -0.06114  -0.02920   0.03961 
  0.00174   0.00121  -0.11410   0.06883  -0.01871   0.11879  -0.18645   0.06633  -0.06139  -0.07609  -0.20192   0.14924   0.10922  -0.02113  -0.14361  -0.05797   0.00905  -0.00703  -0.04825   0.03637 
