26 20 24 1 26 -5.7724 2.2137 4.5530 12285
  0.01957  -0.07356  -0.01326   0.04039   0.03059  -0.08221  -0.00107   0.01285  -0.03340  -0.04700  -0.05535   0.07850   0.02385  -0.08875   0.02254   0.02131   0.05882  -0.08815  -0.03971   0.05989 
  0.01342  -0.07741  -0.00793   0.04482   0.01692  -0.07524   0.01238   0.01365  -0.00586  -0.02890  -0.09471   0.05851   0.02316  -0.07012  -0.00984   0.03583   0.05500  -0.07641  -0.03067   0.04883 
  0.01281  -0.06350  -0.01092   0.03913   0.03523  -0.04995  -0.00878  -0.00454  -0.03115  -0.05397  -0.05487   0.07989   0.03211  -0.04937  -0.01598   0.01049   0.06310  -0.08689  -0.02499   0.04712 
  0.01849  -0.06163  -0.01443   0.03499   0.02848  -0.06819  -0.00492   0.01126  -0.02760  -0.05277  -0.10216   0.09109   0.04329  -0.08213  -0.03131   0.03219   0.06724  -0.06556  -0.04121   0.04242 
  0.02124  -0.06576  -0.02706   0.04335   0.03417  -0.07737  -0.01367   0.01690  -0.01693  -0.04661  -0.10135   0.07919   0.02869  -0.08046  -0.00405   0.03089   0.07486  -0.05984  -0.05757   0.04517 
  0.02160  -0.06388  -0.02931   0.04335   0.01314  -0.07130   0.00178   0.02563  -0.02595  -0.06188  -0.08851   0.08998   0.03427  -0.07178  -0.00095   0.01288   0.05829  -0.06833  -0.02356   0.03704 
  0.01061  -0.06670  -0.01025   0.04267   0.04059  -0.05794  -0.05824   0.03447  -0.03038  -0.02973  -0.07930   0.07516   0.04179  -0.06009  -0.05245   0.03345   0.05473  -0.06164  -0.01317   0.02707 
  0.02088  -0.05202  -0.03544   0.04073   0.02324  -0.03466  -0.03445   0.02377  -0.05932  -0.01327  -0.13205   0.10423   0.05481  -0.07578  -0.03646   0.01304   0.06630  -0.07130  -0.02753   0.03734 
  0.01439  -0.05056  -0.03650   0.04662   0.03400  -0.04767  -0.03488   0.01847  -0.03036  -0.01020  -0.16211   0.08852   0.06492  -0.09183  -0.05344   0.02229   0.05441  -0.08129  -0.03676   0.05617 
  0.02302  -0.05921  -0.04634   0.04998   0.02572  -0.02238  -0.04137   0.01903  -0.06819  -0.02851  -0.07738   0.10273   0.04703  -0.06025  -0.04945   0.02319   0.05406  -0.09457  -0.02972   0.05962 
  0.00742  -0.05532  -0.03474   0.05475   0.02548  -0.04148  -0.04321   0.03202  -0.05728  -0.04013  -0.09067   0.10435   0.04111  -0.06003  -0.03810   0.02346   0.03588  -0.05096  -0.03966   0.04835 
  0.00359  -0.04532  -0.03917   0.05486   0.01327   0.01444  -0.06338   0.02794  -0.04391  -0.03858  -0.15282   0.11045   0.05022  -0.03630  -0.07777   0.01901   0.02386  -0.06742  -0.01275   0.04667 
  0.00185  -0.03255  -0.04980   0.05497   0.01196  -0.00120  -0.04211   0.02297  -0.04427  -0.04756  -0.13789   0.11109   0.06916  -0.03434  -0.09482  -0.00214   0.02692  -0.03633  -0.01598   0.02639 
  0.00631  -0.02648  -0.04671   0.04516   0.02291   0.00898  -0.05280   0.01168  -0.05209  -0.02714  -0.17165   0.11553   0.05024  -0.05076  -0.06408   0.02128   0.03925  -0.05918  -0.02912   0.04497 
  0.00730  -0.03238  -0.05493   0.05310  -0.00239   0.01548  -0.07780   0.05508  -0.06410  -0.06210  -0.14997   0.13412   0.06319  -0.01967  -0.10195  -0.00023   0.03568  -0.05643  -0.05536   0.06200 
 -0.00229  -0.02977  -0.07630   0.07207   0.01186   0.03769  -0.10332   0.04261  -0.07656  -0.03918  -0.17923   0.13911   0.04788  -0.01578  -0.08398   0.00881   0.05419  -0.04083  -0.05368   0.04120 
 -0.00431  -0.01258  -0.08236   0.06630   0.00013   0.04943  -0.09226   0.04025  -0.07905  -0.02027  -0.17149   0.13057   0.05034   0.01623  -0.13381   0.00814   0.04013  -0.02499  -0.05215   0.03649 
 -0.01093   0.00523  -0.08770   0.06306  -0.03687   0.10277  -0.12231   0.05987  -0.09207  -0.03305  -0.25451   0.16056   0.05927   0.00005  -0.14163   0.01433   0.04098  -0.05832  -0.02766   0.04252 
 -0.02305   0.00153  -0.09858   0.08109  -0.02653   0.10499  -0.16898   0.07496  -0.09862  -0.02519  -0.21606   0.15404   0.05563   0.02654  -0.13748  -0.00905   0.01812  -0.03505  -0.04300   0.04861 
 -0.03064   0.01708  -0.11100   0.08306  -0.00584   0.08714  -0.16700   0.06615  -0.12216  -0.01349  -0.21700   0.16243   0.06646   0.03639  -0.22195   0.01241   0.03745  -0.04742  -0.04140   0.04634 
 -0.02397   0.01159  -0.12270   0.08718  -0.00994   0.10885  -0.20722   0.07546  -0.13185  -0.02787  -0.25290   0.17990   0.05756   0.06159  -0.24009   0.00955   0.01746  -0.03985  -0.05043   0.05694 
 -0.03510   0.02173  -0.14257   0.09811  -0.04523   0.15586  -0.19871   0.06884  -0.10441  -0.06831  -0.28949   0.18682   0.06845   0.06366  -0.23879  -0.01235   0.01543  -0.06115  -0.05555   0.07455 
 -0.04098   0.01910  -0.14551   0.10534  -0.03321   0.14640  -0.24795   0.08820  -0.14715  -0.00628  -0.33565   0.19102   0.06626   0.06747  -0.25921  -0.00232   0.00466  -0.02592  -0.05749   0.05793 
 -0.05143   0.04147  -0.16433   0.10612  -0.03950   0.17859  -0.32188   0.09737  -0.15788  -0.01150  -0.35801   0.20106   0.07930   0.04748  -0.27582   0.00532   0.04505  -0.02552  -0.09626   0.06119 
 -0.04499   0.04484  -0.20853   0.11659  -0.02967   0.17216  -0.37420   0.11107  -0.16317   0.00860  -0.31470   0.18943   0.07691   0.07631  -0.23819  -0.04430   0.01307  -0.02775  -0.08164   0.06967 
 -0.05682   0.05036  -0.19917   0.11755  -0.03704   0.20317  -0.35438   0.08567  -0.16423  -0.01821  -0.37163   0.20821   0.09269   0.04178  -0.26555  -0.01812   0.00928   0.00272  -0.09589   0.05829 
 -0.05653   0.05978  -0.21328   0.11621  -0.06154   0.21440  -0.37355   0.10333  -0.18587  -0.01473  -0.32336   0.21017   0.09755   0.06715  -0.38174  -0.00518  -0.02867  -0.01100  -0.10634   0.08968 
 -0.07818   0.06133  -0.23008   0.13487  -0.02812   0.18969  -0.39689   0.10254  -0.19731  -0.00789  -0.29482   0.20834   0.07995   0.05146  -0.32639   0.02211  -0.02606  -0.01786  -0.13516   0.10712 
 -0.07968   0.05051  -0.23676   0.14485  -0.02814   0.16514  -0.41895   0.12776  -0.20279   0.04952  -0.37654   0.19666   0.07569   0.06676  -0.31407   0.00755  -0.01859   0.01242  -0.15907   0.09532 
 -0.08164   0.07149  -0.26099   0.14016  -0.05444   0.19753  -0.41861   0.12456  -0.21216   0.02854  -0.35854   0.20768   0.09153   0.04606  -0.39025   0.03177  -0.07238   0.00976  -0.14836   0.11212 
 -0.10413   0.07039  -0.26218   0.15417  -0.04961   0.18548  -0.47399   0.14358  -0.20304   0.04792  -0.35091   0.19433   0.05819   0.07697  -0.32062   0.02810  -0.08120  -0.00123  -0.15300   0.12408 
 -0.11362   0.07094  -0.26247   0.15906  -0.05852   0.19380  -0.43454   0.13482  -0.24089   0.07172  -0.31027   0.19267   0.04529   0.03311  -0.22343   0.04987  -0.09785   0.03200  -0.22134   0.13473 
 -0.13377   0.08728  -0.27731   0.16329  -0.06566   0.17114  -0.47237   0.16530  -0.22059   0.04046  -0.34263   0.20379   0.01795   0.01886  -0.20619   0.09179  -0.10808   0.00929  -0.21498   0.14976 
 -0.14272   0.06316  -0.28289   0.18402  -0.04926   0.15111  -0.49117   0.17069  -0.25078   0.06400  -0.38920   0.21007   0.01476   0.04237  -0.22783   0.08517  -0.13083   0.03753  -0.22969   0.14358 
 -0.15651   0.08127  -0.29716   0.18329  -0.07270   0.17523  -0.47518   0.16805  -0.27495   0.07032  -0.36396   0.21266  -0.01086   0.07266  -0.29787   0.11599  -0.18692   0.03425  -0.24557   0.16501 
 -0.19166   0.08887  -0.31025   0.19710  -0.07901   0.15375  -0.54916   0.19993  -0.28026   0.08795  -0.33017   0.20168  -0.03954   0.00923  -0.17325   0.14815  -0.16675   0.03713  -0.25601   0.16170 
 -0.20170   0.08489  -0.30267   0.20169  -0.07565   0.13824  -0.57433   0.21092  -0.26802   0.07546  -0.35898   0.20723  -0.06793   0.00596  -0.19053   0.18300  -0.15873   0.01814  -0.26851   0.17491 
 -0.20150   0.06984  -0.31796   0.21380  -0.08569   0.17432  -0.70558   0.21305  -0.26503   0.13032  -0.44671   0.18733  -0.07806   0.06471  -0.25002   0.17114  -0.16467   0.02071  -0.26219   0.17298 
 -0.20995   0.09750  -0.34409   0.20686  -0.07724   0.18878  -0.73604   0.20200  -0.27253   0.13456  -0.38896   0.18113  -0.12849   0.09726  -0.15404   0.14750  -0.15569   0.05403  -0.26688   0.15143 
 -0.21588   0.11996  -0.33310   0.19263  -0.05184   0.20648  -0.87346   0.18599  -0.24149   0.12298  -0.37530   0.17424  -0.08114   0.10251  -0.24371   0.13986  -0.14011   0.06590  -0.28049   0.14345 
 -0.18605   0.12533  -0.36468   0.18394  -0.10192   0.21152  -0.91605   0.21758  -0.24752   0.11446  -0.39518   0.18389  -0.11074   0.08753  -0.20916   0.16471  -0.16657   0.08828  -0.32191   0.14644 
 -0.21056   0.13256  -0.39875   0.19615  -0.08358   0.13543  -0.90470   0.25089  -0.25152   0.12664  -0.37982   0.17666  -0.11239   0.06166  -0.18707   0.17794  -0.18616   0.08013  -0.33344   0.16005 
 -0.21815   0.11860  -0.39631   0.20763  -0.08543   0.14890  -1.24728   0.26022  -0.24664   0.06185  -0.36188   0.20635  -0.04479   0.02158  -0.17458   0.14477  -0.13725   0.03376  -0.31198   0.17244 
 -0.19596   0.07777  -0.38749   0.22169  -0.08064   0.15259  -0.87490   0.23803  -0.21709   0.05578  -0.28310   0.18695  -0.07665   0.04408  -0.17469   0.15708  -0.16849   0.01724  -0.23692   0.16816 
 -0.20091   0.07176  -0.30628   0.20980   0.00273   0.08227  -0.99481   0.22798  -0.11177  -0.07998  -0.26280   0.19073  -0.01958  -0.01542  -0.25591   0.17711  -0.16067  -0.10124  -0.14308   0.19306 
 -0.12919  -0.03588  -0.25422   0.22003   0.16648  -0.00952  -0.66239   0.07185   0.09872  -0.12359  -0.00505  -0.04598   0.12775  -0.12569   0.01271  -0.14806   0.19304  -0.12084   0.04604  -0.08566 
  0.10149  -0.08072  -0.03917  -0.02953  -0.33812   0.52852  -2.54041  -0.00607  -0.31130   0.39607  -2.02221   0.00497  -0.80173   0.47859  -1.85446   0.06506  -0.50597   0.35598  -1.74069   0.03984 
 -0.42765   0.43779  -1.97608   0.01851   0.49915  -4.08941  -4.08941  -4.08941   0.47846  -4.08941  -4.08941  -4.08941   0.46818  -4.08941  -4.08941  -4.08941   0.78436  -4.08941  -4.08941  -4.08941 
  0.54937  -4.08941  -4.08941  -4.08941  -4.08941  -1.81471   0.61034  -4.08941  -4.08941  -4.08941  -4.08941  -4.08941  -4.08941  -4.08941  -4.08941  -4.08941  -4.08941  -4.08941  -4.08941  -4.08941 
 -4.08941  -1.90672   0.66162  -4.08941  -4.08941  -4.08941  -4.08941  -4.08941   0.07391   0.06881  -0.19708  -0.06627  -0.04113   0.03802   0.06606  -0.04787  -4.08941  -4.08941  -4.08941  -4.08941 
  0.04037   0.05238   0.04282  -0.14039  -0.18851   0.14756  -0.19282   0.17253  -0.14521   0.04265   0.00135   0.08943  -0.14686   0.11053  -0.11939   0.13330   0.01412   0.11992  -0.00642  -0.13625 
 -0.11820   0.09815  -0.09899   0.07891  -0.05395   0.16715  -0.36614   0.13252  -0.04599  -0.04748   0.11187   0.01711  -0.07331   0.05736   0.05587  -0.01417  -0.01770   0.00681  -0.04850   0.03860 
 -0.06141   0.04396  -0.05530   0.05751  -0.10956   0.20979  -0.30948   0.12296  -0.03545   0.00109   0.12431  -0.03103  -0.06483   0.04947   0.06304  -0.02402  -0.01455   0.05327   0.00073  -0.04221 
 -0.06766   0.08329  -0.02827   0.01259  -0.04168   0.15949  -0.18959   0.05775  -0.05240  -0.01153   0.11684  -0.00136  -0.02645   0.04661   0.00885  -0.01887  -0.02713   0.03174   0.02595  -0.03682 
 -0.04002   0.05581  -0.01595   0.00424  -0.07341   0.14432  -0.09254   0.04215  -0.05356   0.02188   0.13856  -0.03697  -0.05931   0.05124   0.05934  -0.02960  -0.04392   0.03880   0.01368  -0.02389 
 -0.05925   0.06330   0.01419  -0.00847  -0.07575   0.16075  -0.08243   0.02265  -0.01900  -0.02465   0.14461  -0.04446  -0.03153   0.01977   0.06935  -0.04494  -0.05525   0.02299   0.04115  -0.02848 
 -0.04084   0.04499   0.02920  -0.02143   0.00177   0.12747  -0.13631   0.00735  -0.00824  -0.00994   0.10202  -0.03854   0.02528   0.05152  -0.01151  -0.09172  -0.03442   0.05487  -0.00148  -0.03130 
  0.00458   0.05723  -0.02550  -0.03411  -0.02710   0.08782  -0.09480   0.04350   0.00518   0.00580   0.05797  -0.03888  -0.02652   0.07839  -0.00730  -0.04199  -0.02261   0.01663   0.02441  -0.02355 
 -0.01145   0.04220  -0.01696  -0.01026  -0.07753   0.09339  -0.02102   0.03355   0.00735  -0.03629   0.09912  -0.03676  -0.04985   0.08182   0.03465  -0.05472  -0.02776   0.04940   0.02346  -0.05194 
 -0.03564   0.04863   0.02168  -0.02327  -0.05140   0.10140  -0.06284   0.03492  -0.02415  -0.01213   0.09514  -0.01585  -0.01156   0.05421   0.00868  -0.05090  -0.00163   0.00974  -0.00430  -0.00389 
 -0.02028   0.03658  -0.00594  -0.00516  -0.05344   0.03695   0.00033   0.03321  -0.00706  -0.01697   0.05543  -0.00856  -0.02045   0.04322   0.01599  -0.03098  -0.00859   0.00564   0.02914  -0.02538 
 -0.02318   0.01661   0.01842  -0.00503  -0.05620   0.07905  -0.00544   0.01033  -0.02022  -0.01614   0.06238   0.00076  -0.02885   0.02673   0.03900  -0.02316   0.01501   0.04024   0.02389  -0.06779 
 -0.02570   0.03539   0.02215  -0.02156  -0.06914   0.09023  -0.05393   0.05366  -0.02496  -0.01503   0.05662   0.00768  -0.01861   0.05010  -0.00979  -0.01690  -0.01896   0.02347  -0.00032  -0.01026 
 -0.03078   0.03688  -0.01309   0.00978  -0.08419   0.09592  -0.01457   0.03244  -0.02313   0.00106   0.05878  -0.00552  -0.05150   0.05367   0.01064   0.00618  -0.02828   0.03022   0.01604  -0.02573 
 -0.04988   0.04557   0.00992   0.00225  -0.08136   0.11441  -0.01942   0.01896   0.01260  -0.02522   0.06526  -0.03017  -0.03733   0.05803   0.03772  -0.04607  -0.01287   0.04035   0.02816  -0.05542 
 -0.02957   0.04906   0.01826  -0.02672  -0.05603   0.10079  -0.06636   0.04250   0.00310  -0.02572   0.04932  -0.01064  -0.02190   0.07075   0.01283  -0.05987  -0.03524   0.03940   0.00381  -0.02024 
 -0.02133   0.04659  -0.01242  -0.00783  -0.05098   0.08770  -0.00402  -0.00348   0.00296  -0.03913   0.06336  -0.00958  -0.03638   0.03966   0.02324  -0.01074  -0.02770   0.01539   0.02245  -0.01807 
 -0.02610   0.02602   0.01702  -0.00885  -0.05566   0.07820   0.00614  -0.00024   0.02570  -0.05551   0.09177  -0.04174  -0.02843   0.05401   0.01408  -0.02976  -0.01525   0.04886   0.03144  -0.06631 
 -0.01662   0.03673   0.02676  -0.03601  -0.04327   0.11132  -0.02251  -0.01533   0.00404   0.01602   0.05437  -0.04303  -0.02655   0.05395   0.00653  -0.02505  -0.02683   0.04730   0.00213  -0.03078 
 -0.01662   0.05581  -0.00102  -0.02993  -0.04191   0.06110  -0.00927   0.01254   0.00236  -0.03322   0.06457  -0.01321  -0.01433   0.04942   0.00409  -0.03590  -0.01227   0.03936   0.01317  -0.04056 
 -0.01209   0.02922   0.00705  -0.01724  -0.05743   0.10793   0.00793  -0.02555  -0.01689  -0.00737   0.05911  -0.00649  -0.02389   0.06274   0.02624  -0.06060  -0.01829   0.04042   0.02035  -0.04496 
 -0.02796   0.05108   0.02044  -0.03208  -0.04156   0.08384  -0.02311   0.00667   0.02383  -0.00886   0.01546  -0.02787  -0.03186   0.05485   0.00400  -0.01590   0.00475   0.04660  -0.00021  -0.04544 
 -0.00672   0.04396  -0.01025  -0.02182  -0.01999   0.07430  -0.01809  -0.01457   0.02098  -0.02812   0.03313  -0.02075  -0.02073   0.03816   0.00142  -0.01066  -0.01123   0.03681   0.03121  -0.05570 
 -0.00330   0.03058   0.00577  -0.02646  -0.04100   0.07931   0.00427  -0.01549   0.00212   0.00950   0.06599  -0.04261  -0.02560   0.04966   0.03476  -0.05053  -0.02081   0.04098   0.02370  -0.04730 
 -0.01740   0.04367   0.02307  -0.03833  -0.02689   0.05737  -0.03079   0.01764   0.01663  -0.02481   0.05108  -0.02728  -0.00646   0.03426   0.01022  -0.03655  -0.00894   0.03976  -0.00194  -0.02938 
  0.00035   0.02694  -0.00495  -0.01841  -0.02832   0.08218  -0.02299  -0.00685   0.05124  -0.03676   0.01151  -0.04107  -0.01040   0.02121   0.02565  -0.03119  -0.00892   0.04340   0.01713  -0.05022 
  0.00508   0.03013   0.00271  -0.03249  -0.03942   0.04954   0.01244  -0.00152   0.00841  -0.06298   0.09111  -0.01669  -0.01658   0.05272   0.01724  -0.04985  -0.00803   0.02384   0.03414  -0.04740 
 -0.01016   0.01677   0.02950  -0.02752  -0.02247   0.05847  -0.01846   0.00123   0.02400  -0.02739   0.05460  -0.03620  -0.01658   0.04213   0.01174  -0.03136  -0.01636   0.00805   0.00461  -0.00217 
 -0.00241   0.02003   0.00384  -0.01672  -0.03579   0.02654   0.00746   0.01581   0.00399  -0.00950   0.05134  -0.02323  -0.03226   0.04326   0.00001   0.00141  -0.00819   0.01338   0.03651  -0.03959 
 -0.01675   0.01755   0.01982  -0.01322  -0.04724   0.05607   0.02982  -0.01520   0.01425  -0.04452   0.08532  -0.03115   0.00000   0.03814   0.03622  -0.08070  -0.01008   0.03414   0.03488  -0.05727 
 -0.00888   0.02449   0.03882  -0.04411  -0.02289   0.05846  -0.01430  -0.00200  -0.00840   0.00474   0.04688  -0.01704  -0.02083   0.04961   0.00170  -0.02382  -0.00401   0.03981   0.01076  -0.04345 
 -0.00825   0.03717   0.00206  -0.02407  -0.03212   0.06287   0.00512  -0.01304   0.01064  -0.01682   0.04930  -0.02473  -0.01397   0.04114   0.01335  -0.03589  -0.00817   0.01004   0.01286  -0.01504 
 -0.00748   0.02250   0.01214  -0.02038  -0.03989   0.06709  -0.00927   0.00580   0.00244  -0.01121   0.09444  -0.04515  -0.05562   0.05333   0.05887  -0.03681   0.00820   0.03398   0.03072  -0.06381 
 -0.02094   0.03598   0.03223  -0.03574  -0.02599   0.02158   0.02345  -0.00692  -0.00238  -0.02317   0.05968  -0.01180  -0.00158   0.03013   0.02588  -0.05614  -0.01838   0.03859   0.00764  -0.03151 
 -0.00519   0.01848   0.01951  -0.02553  -0.04129   0.05159   0.00309   0.00781   0.00183  -0.03802   0.05193  -0.00307  -0.04896   0.07360   0.02173  -0.03152  -0.02601   0.02648   0.01482  -0.02232 
 -0.02477   0.02982   0.01545  -0.01206  -0.03376   0.05023   0.02267  -0.01864   0.02664  -0.06183   0.07036  -0.02640  -0.02735   0.03035   0.05956  -0.05237   0.01452   0.02520   0.00236  -0.03227 
 -0.00456   0.01474   0.02828  -0.03060  -0.02047   0.03799  -0.01326   0.00954  -0.00052   0.00111   0.04692  -0.02311  -0.01167   0.03719   0.00427  -0.02587  -0.02352   0.04604   0.00407  -0.03297 
 -0.00799   0.03133   0.00239  -0.01946  -0.04964   0.01915   0.01907   0.02461   0.00943  -0.02310   0.05422  -0.02187  -0.03440   0.04471   0.01530  -0.01147  -0.00063   0.02608   0.02063  -0.04092 
 -0.01780   0.01739   0.02075  -0.01283  -0.03311   0.07987   0.01156  -0.03252   0.02867  -0.04856   0.03733  -0.01905  -0.01532   0.01983   0.05026  -0.04845  -0.00171   0.04318   0.03309  -0.06992 
 -0.00367   0.02831   0.02828  -0.04356  -0.03756   0.06017  -0.00884   0.00818   0.01068  -0.01473   0.04306  -0.02286  -0.01490   0.05003   0.01724  -0.04919   0.00720   0.03296  -0.02614  -0.01186 
 -0.00418   0.03118  -0.00430  -0.01789  -0.04407   0.06441   0.00311   0.00106   0.01706  -0.03071   0.02354  -0.00991  -0.03030   0.04422   0.01665  -0.01811   0.01116  -0.02041   0.02823  -0.01307 
 -0.01132   0.01159   0.01388  -0.00885  -0.03517   0.03410   0.03904  -0.02166   0.01702  -0.03031   0.04213  -0.01944  -0.03421   0.05160   0.07032  -0.08137  -0.00648   0.03249   0.03097  -0.05381 
 -0.01429   0.02495   0.04193  -0.04162  -0.02478   0.03300   0.02135  -0.01459  -0.01980   0.00208   0.05120  -0.00563  -0.02855   0.06210  -0.01601  -0.01069  -0.03011   0.01462  -0.01117   0.01151 
 -0.01819   0.02679   0.00319  -0.00605  -0.04170   0.02517   0.03669  -0.00511   0.00817  -0.01549   0.01579  -0.00600  -0.00827   0.04261  -0.00802  -0.02560  -0.00613   0.02378   0.01830  -0.03349 
 -0.01183   0.02049   0.01529  -0.01685  -0.02208   0.04197   0.01637  -0.01960   0.02071  -0.01690   0.06038  -0.04260  -0.03313   0.05327   0.04005  -0.04912  -0.00244   0.02441   0.02671  -0.04399 
 -0.00697   0.02633   0.02874  -0.03860  -0.02694   0.03177  -0.00502   0.01383   0.01488  -0.01351   0.03138  -0.02240   0.02320   0.01052  -0.00955  -0.03929   0.00801   0.02310   0.00314  -0.02726 
  0.01025   0.01238  -0.00217  -0.01881  -0.02330   0.03743  -0.00774   0.00821   0.01302  -0.01269   0.02503  -0.01764  -0.00925   0.00358   0.00130   0.00882   0.01285   0.01306   0.02482  -0.04021 
 -0.00128   0.00969   0.00817  -0.01283  -0.03263   0.02742   0.02271  -0.00280   0.02571  -0.04002   0.06264  -0.03450  -0.03152   0.04790   0.02292  -0.02683  -0.00329   0.02365   0.04279  -0.05859 
 -0.00952   0.01692   0.03389  -0.03222   0.00455   0.01441  -0.02239   0.00496   0.00292  -0.04557   0.01945   0.01586  -0.00952   0.04981  -0.00500  -0.03503   0.00326   0.01473   0.02051  -0.03227 
