IntronPotTab 1 1024 0.14531
    0.00701
   -0.03653
   -0.00613
    0.00922
    0.00822
    0.00104
   -0.09242
    0.02505
   -0.01791
   -0.01380
   -0.01183
    0.03470
   -0.01359
   -0.01753
    0.01291
    0.01121
   -0.01139
   -0.02681
    0.00010
    0.02506
    0.01884
   -0.00971
   -0.08068
    0.01385
   -0.00594
   -0.01962
   -0.00114
    0.01828
   -0.01619
   -0.03039
    0.01491
    0.01321
   -0.00193
   -0.02487
   -0.00048
    0.01630
    0.02093
   -0.01065
   -0.09435
    0.01408
   -0.00673
   -0.01359
    0.00078
    0.01859
   -0.00328
   -0.01570
    0.01591
    0.00010
   -0.00447
   -0.03980
    0.01198
    0.01721
    0.01755
   -0.01598
   -0.07559
    0.01930
   -0.01239
   -0.01168
   -0.00995
    0.02429
   -0.01667
   -0.02819
    0.03107
    0.01123
    0.00583
   -0.02344
    0.00417
    0.00122
    0.01182
   -0.00072
   -0.07293
    0.01337
   -0.01699
   -0.01922
   -0.00886
    0.03512
   -0.01456
   -0.01370
    0.02717
    0.00301
   -0.00563
   -0.03675
    0.00036
    0.03149
    0.02196
   -0.00485
   -0.08975
    0.01681
   -0.00379
   -0.01500
   -0.00972
    0.02008
   -0.01798
   -0.02243
    0.02504
    0.00849
   -0.00808
   -0.01139
    0.00981
    0.01330
    0.00062
    0.00139
   -0.02456
    0.01222
   -0.01400
   -0.00360
    0.00875
    0.01431
   -0.00103
   -0.00437
    0.02604
   -0.01148
    0.00223
   -0.03722
    0.01326
    0.01300
    0.01118
   -0.00285
   -0.06187
    0.01655
   -0.01151
   -0.01899
   -0.01681
    0.03345
   -0.01520
   -0.02472
    0.02255
    0.01184
   -0.00209
   -0.01884
   -0.01040
    0.01871
    0.01237
    0.00528
   -0.09180
    0.02764
   -0.01104
   -0.00116
   -0.00496
    0.01980
   -0.01609
   -0.00451
    0.01281
    0.00760
   -0.02050
   -0.02537
    0.00490
    0.03151
    0.03056
   -0.02176
   -0.08842
    0.01497
    0.00241
   -0.01572
   -0.00473
    0.01111
   -0.01322
   -0.03166
    0.02788
    0.00384
    0.00287
   -0.02320
   -0.00544
    0.01196
    0.02374
   -0.00539
   -0.10344
    0.01781
   -0.00165
   -0.02168
    0.00806
    0.01280
   -0.00715
   -0.01481
    0.01939
    0.00116
   -0.00546
   -0.03102
    0.00177
    0.02099
    0.02544
   -0.01266
   -0.08665
    0.01557
   -0.00697
   -0.00564
   -0.01119
    0.01710
   -0.01128
   -0.02434
    0.02103
    0.00890
   -0.00485
   -0.02816
   -0.00340
    0.01954
    0.00323
    0.00156
   -0.08875
    0.03010
   -0.01199
   -0.02067
   -0.00238
    0.02767
   -0.01196
   -0.02256
    0.02827
    0.00536
   -0.02174
   -0.02791
    0.01170
    0.02776
    0.02483
   -0.01662
   -0.08330
    0.01388
   -0.00710
   -0.00924
    0.00184
    0.01318
   -0.01612
   -0.03149
    0.02446
    0.00889
   -0.00188
   -0.02385
   -0.00270
    0.01650
    0.01524
   -0.00817
   -0.10441
    0.02236
   -0.01071
   -0.01517
    0.00248
    0.02341
    0.00498
   -0.03087
    0.03132
   -0.00904
   -0.00483
   -0.04291
    0.00188
    0.02366
    0.02003
   -0.01175
   -0.10050
    0.02153
   -0.00201
   -0.02088
   -0.00201
    0.01697
   -0.01575
   -0.02783
    0.01513
    0.01615
    0.00360
   -0.01899
   -0.00522
    0.00675
    0.00622
    0.01945
   -0.10006
    0.02540
   -0.01293
   -0.01055
   -0.00282
    0.02382
   -0.00910
   -0.01529
    0.01538
    0.00511
   -0.00868
   -0.01985
   -0.00638
    0.02458
    0.01753
   -0.00391
   -0.08010
    0.01409
   -0.00558
   -0.00812
   -0.01350
    0.01855
   -0.00898
   -0.02895
    0.01786
    0.00552
    0.00230
   -0.02897
   -0.00742
    0.01531
    0.01692
   -0.00494
   -0.08912
    0.01804
   -0.01707
   -0.00406
    0.01050
    0.01879
    0.00412
   -0.03541
    0.02612
   -0.00322
   -0.00149
   -0.03959
    0.01201
    0.01481
    0.01970
   -0.00806
   -0.08974
    0.01764
   -0.01076
   -0.02170
   -0.00898
    0.02879
   -0.01088
   -0.02346
    0.04105
    0.00054
    0.00498
   -0.01228
   -0.00721
    0.00356
    0.01788
    0.00023
   -0.08633
    0.02068
   -0.01258
   -0.01839
   -0.02548
    0.03713
   -0.00628
   -0.02165
    0.02127
    0.00368
   -0.01228
   -0.01112
   -0.00880
    0.02565
   -0.01554
    0.06376
   -0.12041
   -0.00875
    0.00237
   -0.00636
   -0.01253
    0.01071
   -0.01656
   -0.01123
    0.00884
    0.00944
   -0.00667
   -0.00226
   -0.00027
    0.01243
    0.00275
   -0.00290
   -0.02841
    0.01228
    0.00077
   -0.00961
   -0.00707
    0.01287
    0.00788
   -0.01206
    0.01146
   -0.00680
   -0.00157
   -0.02406
    0.00524
    0.01360
    0.01526
    0.00737
   -0.07546
    0.01281
   -0.00622
   -0.01777
   -0.01385
    0.02520
   -0.00019
   -0.02762
    0.02018
    0.00736
    0.00026
   -0.00499
   -0.00992
    0.00952
    0.00949
    0.01080
   -0.04275
    0.01151
   -0.01005
    0.00430
   -0.00136
    0.01107
   -0.01563
    0.00467
    0.01069
    0.00410
   -0.01669
   -0.00786
   -0.00239
    0.02336
    0.02386
   -0.02551
   -0.01764
   -0.00477
    0.00215
   -0.00936
    0.00314
    0.00393
   -0.00220
   -0.02032
    0.01633
   -0.00063
   -0.00591
   -0.00081
   -0.00537
    0.01427
    0.01606
    0.00262
   -0.02834
   -0.00103
   -0.00973
    0.01716
    0.00322
   -0.00185
    0.00137
   -0.00665
    0.00804
   -0.00365
   -0.00303
   -0.01904
    0.00458
    0.01291
    0.01557
   -0.00182
   -0.03549
    0.00490
   -0.01095
    0.00533
   -0.02206
    0.02262
   -0.00959
   -0.00462
    0.00982
    0.00339
    0.00261
   -0.02216
   -0.01740
    0.01587
    0.00483
    0.01031
   -0.08741
    0.02521
   -0.00974
   -0.01457
   -0.01024
    0.02724
   -0.00618
   -0.01896
    0.01902
    0.00301
   -0.01229
   -0.02331
   -0.00549
    0.02889
    0.01837
    0.00390
   -0.07976
    0.00865
   -0.00624
   -0.00823
   -0.00384
    0.01632
   -0.01908
   -0.02725
    0.02246
    0.01323
   -0.00088
   -0.02893
   -0.00951
    0.02223
    0.01856
    0.00111
   -0.10299
    0.01447
   -0.01036
   -0.00319
   -0.00652
    0.02022
   -0.00212
   -0.02612
    0.02285
    0.00016
    0.00503
   -0.03828
   -0.00827
    0.01861
    0.02263
   -0.00709
   -0.09833
    0.02156
   -0.00357
   -0.01569
   -0.01129
    0.02165
   -0.01787
   -0.02387
    0.01509
    0.01682
   -0.00001
   -0.02440
   -0.00771
    0.01485
    0.01226
   -0.00326
   -0.08892
    0.02133
   -0.01556
   -0.01102
   -0.00517
    0.03006
   -0.01495
   -0.01775
    0.01766
    0.00814
   -0.01112
   -0.02098
   -0.00536
    0.02508
    0.02071
   -0.01680
   -0.07220
    0.01554
   -0.00355
   -0.01658
   -0.00361
    0.01570
   -0.00892
   -0.02897
    0.01660
    0.00584
    0.00235
   -0.01674
   -0.00812
    0.01158
    0.02594
   -0.00146
   -0.09155
    0.00663
   -0.01054
   -0.00757
    0.00839
    0.01221
    0.00181
   -0.02564
    0.02207
   -0.00372
   -0.00552
   -0.02838
    0.00996
    0.01300
    0.01933
   -0.01755
   -0.07766
    0.01914
   -0.00919
   -0.00671
   -0.01148
    0.02083
   -0.00971
   -0.03077
    0.02403
    0.00794
    0.00197
   -0.02031
    0.00843
    0.00456
    0.01905
    0.00287
   -0.08383
    0.01358
   -0.01689
   -0.01323
   -0.02135
    0.03481
   -0.00715
   -0.00871
    0.01386
    0.00135
   -0.01136
   -0.02126
   -0.00552
    0.02792
    0.01508
   -0.00203
   -0.06920
    0.01490
   -0.00110
   -0.00463
   -0.02357
    0.02003
   -0.01004
   -0.01754
    0.02086
    0.00258
   -0.01167
   -0.00767
   -0.00547
    0.02328
    0.01448
   -0.00367
   -0.03356
    0.00780
   -0.01095
    0.00641
   -0.00032
    0.00689
    0.00235
   -0.01125
    0.02188
   -0.00934
    0.00382
   -0.02839
    0.00010
    0.01226
    0.01686
   -0.00569
   -0.07421
    0.01737
   -0.01178
   -0.01082
   -0.02778
    0.03116
   -0.00747
   -0.02210
    0.02160
    0.00648
   -0.00268
   -0.01497
   -0.01259
    0.02159
    0.01873
   -0.00505
   -0.07329
    0.01615
   -0.01226
   -0.00402
    0.00495
    0.01822
   -0.00855
   -0.01126
    0.01655
    0.00062
   -0.02160
   -0.01243
    0.00828
    0.02328
    0.02769
   -0.01777
   -0.06598
    0.01125
    0.00630
   -0.01291
   -0.00646
    0.00502
   -0.01257
   -0.03850
    0.03270
    0.00313
    0.00603
   -0.02105
   -0.00826
    0.00849
    0.03423
    0.00112
   -0.09758
    0.01370
   -0.01551
   -0.03981
    0.04839
   -0.01546
   -0.00180
   -0.02741
    0.01944
    0.00016
   -0.00712
   -0.01963
    0.00014
    0.01852
    0.02420
   -0.00830
   -0.08143
    0.01605
    0.00470
   -0.00326
   -0.02312
    0.01465
   -0.00585
   -0.03269
    0.02559
    0.00647
   -0.00344
   -0.02582
   -0.02482
    0.02843
    0.01273
    0.00194
   -0.10326
    0.03248
   -0.01442
   -0.01288
   -0.00116
    0.02446
   -0.00595
   -0.02241
    0.02455
   -0.00003
   -0.02394
   -0.02560
   -0.00062
    0.03452
    0.02254
   -0.01855
   -0.07424
    0.01952
   -0.00949
   -0.01113
    0.00874
    0.01273
   -0.01982
   -0.03796
    0.02324
    0.01505
   -0.00092
   -0.01986
   -0.01643
    0.02073
    0.02800
    0.00560
   -0.12020
    0.01141
   -0.00955
    0.00058
    0.01271
    0.00229
    0.00765
   -0.02773
    0.02030
   -0.00782
   -0.00577
   -0.03524
   -0.00707
    0.02792
    0.02338
   -0.00754
   -0.09686
    0.02209
   -0.00400
   -0.01797
   -0.00598
    0.02038
   -0.01106
   -0.03076
    0.01905
    0.01297
    0.00152
   -0.02722
   -0.00929
    0.01219
    0.00857
    0.00891
   -0.10390
    0.02428
   -0.00778
   -0.01246
   -0.01432
    0.02279
   -0.01099
   -0.01361
    0.02119
    0.00267
   -0.00992
   -0.02758
   -0.00028
    0.02251
    0.02414
   -0.00682
   -0.07453
    0.00635
    0.00174
   -0.02469
    0.00284
    0.01142
   -0.01527
   -0.03112
    0.02680
    0.00444
   -0.00213
   -0.02131
   -0.01188
    0.02062
    0.02176
   -0.00590
   -0.10332
    0.01498
   -0.00678
   -0.00143
   -0.00581
    0.01156
   -0.00005
   -0.02300
    0.01865
   -0.00119
   -0.00197
   -0.04520
    0.00744
    0.01482
    0.02130
   -0.00756
   -0.09070
    0.01453
   -0.01008
   -0.02121
   -0.01291
    0.02699
   -0.00562
   -0.03065
    0.03121
    0.00343
    0.00434
   -0.01839
    0.00330
    0.00084
    0.00536
    0.00977
   -0.09279
    0.02445
   -0.01892
   -0.02332
   -0.00988
    0.03623
   -0.00480
   -0.01505
    0.02341
   -0.00058
   -0.01509
   -0.02744
   -0.00899
    0.03610
    0.02358
    0.01260
   -0.09477
    0.01135
   -0.00102
   -0.01798
   -0.00657
    0.01599
   -0.01395
   -0.02000
    0.01300
    0.00972
   -0.00930
   -0.00796
    0.00208
    0.01853
    0.00570
   -0.00520
   -0.03531
    0.01386
   -0.00749
   -0.00846
    0.00162
    0.01583
    0.00830
   -0.01134
    0.01088
   -0.00703
    0.00605
   -0.04100
    0.00925
    0.01217
    0.01930
   -0.01344
   -0.08624
    0.02443
   -0.01283
   -0.02183
   -0.01746
    0.03433
   -0.00782
   -0.02714
    0.01920
    0.01097
   -0.00363
   -0.01974
   -0.00716
    0.01900
    0.01997
    0.00762
   -0.10512
    0.01925
   -0.00655
   -0.01062
   -0.00580
    0.01840
   -0.01020
   -0.01097
    0.01424
    0.00336
   -0.02159
   -0.01880
    0.00492
    0.02588
    0.03647
   -0.02883
   -0.08234
    0.00124
    0.00086
   -0.00944
   -0.00733
    0.00853
   -0.00915
   -0.04820
    0.03040
    0.00538
    0.00457
   -0.02549
   -0.00941
    0.01282
    0.03047
   -0.00303
   -0.09889
    0.01302
   -0.00221
   -0.02318
    0.00582
    0.01798
    0.00828
   -0.02827
    0.00753
    0.00034
   -0.00709
   -0.03366
    0.00134
    0.02263
    0.03016
   -0.02005
   -0.09813
    0.01425
   -0.01077
   -0.01027
   -0.02077
    0.02490
   -0.00175
   -0.02821
    0.01763
    0.00440
   -0.00498
   -0.02405
   -0.00843
    0.02056
    0.00557
    0.00645
   -0.09339
    0.02659
   -0.01337
   -0.00541
   -0.01250
    0.02410
   -0.00948
   -0.01740
    0.02498
    0.00127
   -0.02598
   -0.02224
    0.00226
    0.03482
    0.02042
    0.00238
   -0.09055
    0.01035
   -0.00819
   -0.01414
   -0.00059
    0.01747
   -0.02184
   -0.02807
    0.02926
    0.00775
   -0.00670
   -0.01520
   -0.00640
    0.02157
    0.02449
   -0.00810
   -0.11312
    0.01422
   -0.01252
   -0.00318
   -0.00779
    0.02147
   -0.00196
   -0.01150
    0.02210
   -0.00557
   -0.00419
   -0.03767
   -0.00148
    0.02137
    0.01771
   -0.01325
   -0.09929
    0.02212
   -0.00920
   -0.01495
   -0.01403
    0.02548
   -0.01814
   -0.03059
    0.00354
    0.02467
