IntronPotTab 1 1024 0.39672
   -0.02706
   -0.00177
   -0.02662
    0.04505
   -0.03903
   -0.00333
   -0.01202
    0.05541
   -0.04610
    0.00111
   -0.02357
    0.05386
   -0.01638
   -0.00577
   -0.02601
    0.03604
   -0.02016
   -0.00937
   -0.02962
    0.05789
   -0.03003
    0.00339
   -0.02026
    0.04622
   -0.01700
   -0.02118
   -0.02469
    0.05530
   -0.00618
   -0.03161
   -0.03426
    0.04597
   -0.02636
    0.00564
   -0.03038
    0.05990
   -0.03900
    0.00830
   -0.03191
    0.06564
   -0.04031
    0.00799
   -0.01676
    0.04731
   -0.01046
   -0.00226
   -0.03678
    0.04442
   -0.03067
   -0.01722
   -0.00911
    0.05387
   -0.02367
   -0.01327
   -0.01818
    0.05152
   -0.02449
   -0.01331
   -0.02481
    0.05734
   -0.01886
   -0.02176
   -0.02113
    0.03391
   -0.02276
   -0.01379
   -0.01203
    0.04941
   -0.00779
   -0.03617
   -0.01340
    0.04446
   -0.01870
   -0.02210
   -0.01332
    0.04671
   -0.00850
   -0.03638
   -0.03259
    0.04315
   -0.00066
   -0.03674
   -0.02831
    0.05621
   -0.02364
   -0.01043
   -0.02794
    0.04657
   -0.01948
   -0.04831
   -0.00635
    0.06655
    0.01466
   -0.05056
   -0.03871
    0.04922
    0.01085
   -0.04504
   -0.02357
    0.03858
   -0.01640
   -0.01391
   -0.03501
    0.05212
   -0.02469
   -0.01542
   -0.00284
    0.03815
   -0.00292
   -0.04079
   -0.03121
    0.05669
   -0.01537
   -0.03743
   -0.01030
    0.06199
   -0.00952
   -0.03377
   -0.00537
    0.04310
   -0.00727
   -0.03610
   -0.00528
    0.04704
    0.00307
   -0.05392
   -0.01620
    0.04034
   -0.01371
   -0.00722
   -0.04701
    0.06588
   -0.03681
   -0.00409
   -0.03766
    0.06941
   -0.02170
   -0.00462
   -0.02796
    0.06374
   -0.00577
   -0.01915
   -0.04383
    0.05153
   -0.02416
   -0.00506
   -0.04820
    0.06583
   -0.03192
   -0.01009
   -0.03067
    0.05348
   -0.01786
   -0.02176
   -0.03552
    0.05928
   -0.00712
   -0.02553
   -0.04552
    0.05530
   -0.00457
    0.01393
   -0.06675
    0.06761
   -0.03386
    0.01613
   -0.05301
    0.06803
   -0.03455
    0.00995
   -0.01499
    0.04451
   -0.02741
    0.02476
   -0.05056
    0.05926
   -0.02793
   -0.03068
   -0.00541
    0.06783
   -0.02782
   -0.00750
   -0.02399
    0.05309
   -0.01578
   -0.01763
   -0.03319
    0.06480
   -0.00964
   -0.03584
   -0.03068
    0.04746
   -0.03269
   -0.00546
   -0.01557
    0.05620
   -0.02668
   -0.01151
   -0.02977
    0.05259
   -0.03346
   -0.00716
   -0.02464
    0.05774
    0.00984
   -0.02239
   -0.04115
    0.02823
   -0.03937
   -0.00310
   -0.02975
    0.06855
   -0.03019
   -0.00641
   -0.03185
    0.05427
   -0.02216
   -0.02884
   -0.01601
    0.05617
    0.00051
   -0.02679
   -0.03670
    0.04414
   -0.00632
   -0.01970
   -0.02863
    0.04712
   -0.02856
   -0.00853
   -0.02440
    0.05332
   -0.03448
   -0.01026
   -0.00323
    0.04984
   -0.00190
   -0.02543
   -0.02222
    0.03782
   -0.02697
   -0.02251
   -0.03030
    0.06345
   -0.01042
   -0.01852
   -0.02933
    0.04391
   -0.01271
   -0.01864
   -0.02644
    0.04548
   -0.00847
   -0.01631
   -0.03949
    0.03795
   -0.01678
   -0.00503
   -0.03587
    0.04379
   -0.04254
   -0.00017
   -0.04570
    0.06091
   -0.02171
   -0.00670
   -0.03034
    0.04396
   -0.00939
   -0.00488
   -0.05434
    0.04600
   -0.02026
    0.01185
   -0.05489
    0.04889
   -0.02896
    0.01093
   -0.04510
    0.04582
   -0.00909
   -0.01868
   -0.03424
    0.04563
   -0.00849
   -0.02272
   -0.04831
    0.04526
   -0.00531
   -0.00167
   -0.04622
    0.04553
   -0.03914
    0.00311
   -0.03405
    0.06213
   -0.02281
    0.01094
   -0.00670
    0.01891
   -0.01032
    0.00008
   -0.05747
    0.05247
   -0.02781
   -0.01328
   -0.03113
    0.05763
   -0.02105
   -0.00880
   -0.03448
    0.05042
   -0.01309
   -0.00401
   -0.04146
    0.04752
   -0.01300
   -0.02437
   -0.03734
    0.03775
   -0.00427
   -0.03243
   -0.00822
    0.03637
   -0.00483
   -0.05954
   -0.02133
    0.06033
   -0.01586
   -0.02715
   -0.01745
    0.04377
    0.01517
   -0.03983
   -0.04303
    0.04071
   -0.01582
   -0.02545
   -0.02604
    0.05317
   -0.02732
    0.00914
   -0.04298
    0.03647
   -0.03568
   -0.02480
   -0.01230
    0.06168
    0.01401
   -0.05041
   -0.01789
    0.03881
    0.00524
   -0.04302
   -0.03524
    0.05108
   -0.01572
   -0.04005
   -0.02934
    0.06471
   -0.00856
   -0.00060
   -0.01420
    0.01535
   -0.01301
   -0.02814
   -0.03927
    0.05569
   -0.00906
   -0.06321
    0.00165
    0.06306
   -0.00131
   -0.06844
   -0.00787
    0.06175
   -0.00257
   -0.04351
   -0.01124
    0.04419
    0.01540
   -0.07249
   -0.01078
    0.04755
    0.01646
   -0.03304
   -0.06152
    0.04354
   -0.02104
    0.01552
   -0.07567
    0.05179
   -0.02628
   -0.02221
   -0.03286
    0.06767
   -0.00673
   -0.02077
   -0.05246
    0.05325
   -0.01119
   -0.01314
   -0.05651
    0.05569
   -0.03077
    0.01118
   -0.05299
    0.04197
   -0.02137
   -0.01857
   -0.04688
    0.05917
   -0.00475
   -0.03096
   -0.06012
    0.05850
    0.00656
    0.01120
   -0.06780
    0.04339
   -0.01599
   -0.01309
   -0.05924
    0.06090
   -0.02094
   -0.01423
   -0.00738
    0.03604
   -0.01285
   -0.00018
   -0.06280
    0.06474
   -0.01066
   -0.03540
   -0.03392
    0.06481
    0.00017
   -0.01909
   -0.05546
    0.04173
   -0.02454
   -0.01633
   -0.03985
    0.06503
   -0.00041
   -0.03694
   -0.05938
    0.05181
   -0.02404
   -0.01246
   -0.02167
    0.04991
   -0.04375
   -0.01766
   -0.05399
    0.06663
   -0.03069
   -0.02291
   -0.01231
    0.05144
    0.00025
   -0.02170
   -0.05250
    0.03994
   -0.02726
   -0.02845
   -0.04406
    0.07236
   -0.02504
    0.02076
   -0.03409
    0.02333
   -0.00291
   -0.03176
   -0.04313
    0.05073
    0.00089
   -0.03391
   -0.04080
    0.04817
   -0.00546
   -0.01793
   -0.03753
    0.04364
   -0.03307
   -0.00800
   -0.02286
    0.04933
   -0.03410
   -0.01918
    0.00497
    0.04410
   -0.00819
   -0.01287
   -0.03532
    0.03925
   -0.02186
   -0.04821
   -0.02112
    0.06741
   -0.00020
   -0.02088
   -0.02978
    0.03046
   -0.01258
   -0.02171
   -0.02537
    0.04679
   -0.00656
   -0.02440
   -0.04727
    0.04537
   -0.02520
    0.00181
   -0.03287
    0.04788
   -0.04815
    0.00230
   -0.02512
    0.06227
   -0.03593
    0.00825
   -0.03277
    0.05795
   -0.01620
   -0.00441
   -0.03626
    0.04272
   -0.01553
   -0.01619
   -0.02454
    0.05119
   -0.02246
   -0.02285
   -0.03031
    0.05050
   -0.01642
   -0.02866
   -0.02418
    0.05888
    0.00621
   -0.03396
   -0.02791
    0.03476
   -0.02758
    0.02200
   -0.05118
    0.06377
   -0.04069
    0.00615
   -0.05027
    0.06987
   -0.04642
    0.01724
   -0.01596
    0.04983
   -0.00403
   -0.00144
   -0.04373
    0.03984
   -0.02363
   -0.01145
   -0.01957
    0.04992
   -0.01313
   -0.02750
   -0.02968
    0.05292
   -0.01426
   -0.00342
   -0.04530
    0.05916
   -0.00944
   -0.02458
   -0.02739
    0.03311
   -0.01152
   -0.01842
   -0.01714
    0.04020
   -0.01656
   -0.02723
   -0.02996
    0.05142
   -0.01194
   -0.04185
   -0.02146
    0.05446
    0.00969
   -0.02546
   -0.03301
    0.02666
   -0.01347
   -0.01979
   -0.03879
    0.05439
   -0.01927
   -0.01147
   -0.04805
    0.04275
   -0.01094
   -0.05416
    0.00375
    0.05255
    0.02540
   -0.04923
   -0.02887
    0.03327
    0.01138
   -0.02327
   -0.03599
    0.02723
   -0.02098
   -0.01580
   -0.03344
    0.05265
   -0.02521
   -0.03108
    0.00542
    0.04216
   -0.00017
   -0.03725
   -0.02647
    0.04490
   -0.00752
   -0.04924
   -0.01273
    0.05764
   -0.00185
   -0.04136
   -0.03671
    0.04666
   -0.00173
   -0.05739
   -0.00476
    0.05400
    0.00849
   -0.04823
   -0.02154
    0.03620
   -0.00146
   -0.01181
   -0.04573
    0.05123
   -0.03900
   -0.01702
   -0.04549
    0.07672
   -0.01475
   -0.00034
   -0.05072
    0.07855
   -0.00463
   -0.02474
   -0.04728
    0.05555
   -0.01057
   -0.02121
   -0.04257
    0.05894
   -0.02692
   -0.00795
   -0.04141
    0.05009
   -0.00315
   -0.02747
   -0.05583
    0.06468
   -0.00878
   -0.02513
   -0.04741
    0.05498
    0.00614
   -0.01307
   -0.05100
    0.04902
   -0.03532
   -0.00827
   -0.02821
    0.05948
   -0.03995
    0.00023
    0.00224
    0.04612
   -0.02396
   -0.00277
   -0.04418
    0.06085
   -0.03051
   -0.00426
   -0.02094
    0.06438
   -0.01691
   -0.02892
   -0.02276
    0.05038
   -0.01899
    0.00337
   -0.05553
    0.07464
   -0.01268
   -0.03544
   -0.02965
    0.04482
   -0.01474
    0.00997
   -0.06628
    0.05799
   -0.02528
   -0.00027
   -0.04476
    0.04681
   -0.02965
   -0.00285
   -0.04265
    0.06093
   -0.00080
   -0.01403
   -0.03362
    0.02770
   -0.02485
   -0.00763
   -0.03464
    0.05782
   -0.02495
   -0.01324
   -0.01065
    0.03999
   -0.01538
   -0.02827
   -0.03011
    0.05671
   -0.00333
   -0.02857
   -0.02856
    0.04035
    0.00973
   -0.02006
   -0.06331
    0.04769
   -0.02901
   -0.01741
   -0.01418
    0.04803
   -0.03101
   -0.01537
    0.00186
    0.04028
   -0.01547
   -0.04070
    0.00834
    0.02675
   -0.02094
   -0.01272
   -0.03701
    0.05825
   -0.01031
   -0.02510
   -0.02731
    0.04328
   -0.00832
   -0.01254
   -0.04037
    0.04855
   -0.01237
   -0.01910
   -0.03934
    0.04295
   -0.03248
    0.00778
   -0.02852
    0.04925
   -0.04999
    0.00179
   -0.02357
    0.05504
   -0.02989
    0.00250
   -0.02174
    0.03820
   -0.02539
    0.00717
   -0.04594
    0.03950
   -0.02810
   -0.00990
   -0.04573
    0.06553
   -0.01202
   -0.00569
   -0.04014
    0.03384
   -0.00619
   -0.01240
   -0.03025
    0.03611
   -0.00714
   -0.01177
   -0.04541
    0.03554
   -0.01504
   -0.00641
   -0.04333
    0.05638
   -0.03521
   -0.00492
   -0.03783
    0.06251
   -0.02762
    0.00393
   -0.01478
    0.03240
   -0.01937
    0.00408
   -0.04954
    0.04672
   -0.04156
   -0.01883
   -0.04062
    0.06942
   -0.02164
   -0.01361
   -0.03369
    0.05149
   -0.00526
   -0.00666
   -0.03200
    0.03643
   -0.01762
   -0.02194
   -0.03156
    0.03145
   -0.00916
   -0.02449
   -0.01967
    0.04778
   -0.01637
   -0.04015
   -0.02585
    0.05516
   -0.01209
   -0.02177
   -0.02577
    0.04181
    0.01275
   -0.04283
   -0.03067
    0.03557
   -0.01571
   -0.03193
   -0.04330
    0.06634
   -0.01361
   -0.01053
   -0.04092
    0.03630
   -0.01002
   -0.05355
    0.00296
    0.04929
    0.02991
   -0.06379
   -0.02537
    0.04682
    0.01078
   -0.04555
   -0.02505
    0.04188
   -0.01226
   -0.03131
   -0.03692
    0.05748
   -0.00901
   -0.02355
   -0.02322
    0.03648
    0.00097
   -0.04652
   -0.03249
    0.05736
   -0.00773
   -0.05514
   -0.01829
    0.06937
    0.00493
   -0.06075
   -0.02280
    0.05375
    0.00744
   -0.04678
   -0.01672
    0.04597
    0.02831
   -0.06665
   -0.00768
    0.03717
   -0.00781
   -0.01662
   -0.04768
    0.05556
   -0.03717
    0.00406
   -0.02818
    0.05298
   -0.01579
    0.00150
   -0.04090
    0.05019
    0.00125
   -0.00791
   -0.05471
    0.04495
   -0.02517
   -0.00989
   -0.05651
    0.06435
   -0.02610
   -0.00605
   -0.03127
    0.04073
   -0.00613
   -0.02974
   -0.04260
    0.04822
    0.00520
   -0.02091
   -0.06511
    0.05065
    0.00233
   -0.00706
   -0.05113
    0.04432
   -0.02696
   -0.00621
   -0.04046
    0.05757
   -0.01215
   -0.00633
   -0.01588
    0.02769
   -0.00210
    0.00325
   -0.06348
    0.05620
   -0.02335
   -0.02176
   -0.04480
    0.07668
   -0.02165
   -0.01565
   -0.02706
    0.04851
   -0.02583
   -0.02335
   -0.04219
    0.06929
   -0.00808
   -0.02800
   -0.04217
    0.04245
   -0.02668
   -0.00400
   -0.02790
    0.05197
   -0.04414
   -0.01166
   -0.03776
    0.05988
   -0.03140
   -0.00466
   -0.02812
    0.04780
   -0.01376
   -0.00975
   -0.04956
    0.03579
   -0.03971
    0.00092
   -0.06424
    0.07313
   -0.03430
    0.01080
   -0.02689
    0.03750
   -0.01287
   -0.02072
   -0.03468
    0.04709
    0.00089
   -0.02082
   -0.02962
    0.03176
   -0.00381
   -0.02310
   -0.02802
    0.04120
   -0.04298
   -0.00602
   -0.02172
    0.05797
   -0.03448
   -0.01581
   -0.00648
    0.04588
   -0.01643
   -0.00514
   -0.02696
    0.03386
   -0.03153
   -0.01885
   -0.04731
    0.06962
   -0.01625
   -0.01618
   -0.01018
    0.03491
   -0.01351
   -0.01354
   -0.02354
    0.03969
   -0.01988
   -0.00916
   -0.03900
    0.04444
