20 4 18 1 32 -1.0474 1.6653 3.0039 2004
 -0.02903  -0.06744   0.01961   0.06863 
  0.02711  -0.10804   0.01641   0.05453 
 -0.00186  -0.04204  -0.03562   0.07552 
 -0.01758  -0.04756   0.02041   0.04159 
 -0.02042  -0.06358   0.00418   0.07324 
  0.01331  -0.08930   0.00086   0.06786 
  0.02456  -0.06167   0.00501   0.03079 
  0.01680  -0.08022   0.00911   0.04972 
 -0.01664  -0.05034  -0.00333   0.06631 
  0.02113  -0.10804   0.00252   0.07324 
 -0.00827  -0.08222   0.00003   0.08155 
  0.00978  -0.08222   0.00086   0.06554 
  0.02113  -0.08930  -0.02666   0.08527 
 -0.01197  -0.05786  -0.02136   0.08453 
  0.00712  -0.09032  -0.05508   0.11951 
 -0.03194  -0.10697   0.02595   0.09409 
 -0.02327  -0.06455  -0.01096   0.08970 
 -0.00096  -0.07823  -0.01182   0.08304 
  0.00623  -0.10591  -0.03201   0.11329 
  0.00085  -0.11231   0.00169   0.09409 
 -0.01570  -0.07526  -0.04850   0.12156 
 -0.00643  -0.10804  -0.01354   0.10980 
 -0.01012  -0.10910  -0.00926   0.10980 
  0.00890  -0.09442  -0.03744   0.10769 
  0.03802  -0.10804  -0.05131   0.10344 
  0.03802  -0.07923  -0.02843   0.06398 
  0.03134  -0.10065  -0.03835   0.09409 
  0.00085  -0.06841  -0.02224   0.08304 
  0.04378  -0.12209  -0.02488   0.08676 
  0.05027  -0.10697  -0.06177   0.09987 
  0.03967  -0.07231  -0.07347   0.09336 
  0.02796  -0.08022  -0.08347   0.11607 
  0.05348  -0.10380  -0.09579   0.11882 
  0.01940  -0.05128  -0.09683   0.11120 
  0.06531  -0.03931  -0.18823   0.11813 
  0.01331  -0.00026  -0.15718   0.11329 
  0.03802  -0.00526  -0.21753   0.12968 
  0.10113   0.01843  -0.32834   0.10202 
  0.13423   0.06512  -0.34097   0.02144 
  0.11175   0.09411  -0.43005   0.05053 
  0.09826   0.07220  -0.33013   0.05133 
  0.08508   0.06369  -0.29746   0.06007 
  0.13290  -0.00275  -0.24015   0.04486 
  0.08135   0.00388  -0.21478   0.08155 
  0.04214  -0.03300  -0.09892   0.07854 
 -0.05186  -0.04022  -0.13384   0.17481 
  0.12074  -0.07329  -0.00755  -0.06167 
 -0.33469   0.36319  -1.45471   0.06320 
  0.62044  -3.30211  -3.30211  -3.30211 
 -3.30211  -3.30211   0.58576  -3.30211 
  0.05587  -0.04941  -0.01011   0.00210 
 -0.09465   0.02552  -0.09788   0.12968 
 -0.01947   0.01202  -0.13841   0.11676 
  0.00534  -0.00359  -0.08550   0.07552 
  0.00890  -0.05786  -0.07347   0.10839 
 -0.01664  -0.03659  -0.03562   0.08304 
  0.01331  -0.02678  -0.01613   0.03079 
  0.06453  -0.03840  -0.06370   0.03331 
  0.00445  -0.04756  -0.00755   0.04972 
  0.02113  -0.01891  -0.00926   0.00835 
  0.02456  -0.02414  -0.02312   0.02401 
  0.00265  -0.01891   0.01881  -0.00332 
  0.04296  -0.02239  -0.06856   0.04486 
  0.00085  -0.00526  -0.02577   0.03079 
 -0.01290   0.00223  -0.01011   0.02058 
  0.01680  -0.01289  -0.00501   0.00210 
  0.04050  -0.03569  -0.03926   0.03414 
 -0.00096  -0.03479  -0.00081   0.03664 
  0.00445  -0.00026  -0.01613   0.01276 
  0.01331  -0.02766   0.00169   0.01363 
  0.04378  -0.03479   0.00911  -0.02002 
  0.01067   0.01604  -0.01354  -0.01438 
  0.03885  -0.03931  -0.00840   0.00923 
 -0.00096   0.03404  -0.02224  -0.01438 
  0.03134  -0.03479   0.00911  -0.00606 
  0.04214   0.01202  -0.05794   0.00120 
  0.02626  -0.03300   0.00335   0.00390 
  0.03636  -0.03931  -0.00333   0.00657 
  0.03469  -0.06167  -0.00081   0.02657 
 -0.01383  -0.03210   0.02830   0.01538 
  0.01331  -0.04663   0.02279   0.00923 
  0.01418  -0.03659  -0.01700   0.03995 
  0.02711  -0.03750   0.01641  -0.00698 
  0.01331  -0.02943   0.01074   0.00568 
  0.02966  -0.01289  -0.01354  -0.00241 
 -0.00005  -0.03479   0.00335   0.03163 
  0.02881  -0.02855  -0.00249   0.00300 
 -0.01290   0.01121  -0.03744   0.03747 
  0.03386  -0.01203   0.00418  -0.02765 
  0.00978   0.00633  -0.04386   0.02741 
  0.01767  -0.03032  -0.01011   0.02401 
 -0.01570   0.00223  -0.00333   0.01625 
  0.04866  -0.04756  -0.00755   0.00568 
  0.00890  -0.01632  -0.01354   0.02230 
  0.02966  -0.02855   0.00829  -0.00974 
  0.02456  -0.00275  -0.00926  -0.01252 
  0.02027  -0.01978  -0.04571   0.04486 
 -0.00186   0.00223  -0.00840   0.00835 
  0.04866  -0.04296   0.01399  -0.02287 
