19 4 5 1 45 -5.0871 3.0205 4.7227 2006
  0.02005  -0.01913  -0.05530   0.05272 
  0.01309  -0.02348   0.01699  -0.00719 
  0.01309  -0.02086   0.02887  -0.02404 
  0.00957  -0.04317   0.01377   0.01950 
  0.02091  -0.03143   0.03120  -0.02404 
  0.01832   0.00201   0.01458  -0.03859 
  0.03448  -0.02523  -0.00354  -0.00536 
  0.01309  -0.05524   0.02965   0.00990 
  0.01832  -0.02086   0.01860  -0.01741 
  0.01918  -0.03681   0.00971   0.00813 
  0.00780  -0.00380   0.00971  -0.01460 
  0.00423  -0.02086  -0.00270   0.02036 
  0.01918  -0.02788  -0.00270   0.01254 
  0.02349  -0.03681   0.00396   0.00990 
  0.01221  -0.02523   0.02887  -0.01835 
  0.01918  -0.00801  -0.03675   0.02635 
  0.02005  -0.01310  -0.00103  -0.00536 
  0.05166  -0.04226  -0.00523  -0.00536 
  0.00868  -0.01740   0.00726   0.00189 
  0.01484  -0.02699   0.02573  -0.01553 
  0.02091  -0.01740  -0.00692   0.00457 
  0.02605  -0.03054   0.01699  -0.01367 
  0.02434  -0.02348  -0.00354   0.00368 
  0.00868  -0.04870   0.03660   0.00009 
  0.05566  -0.02699  -0.00692  -0.02404 
  0.00512  -0.03143   0.02416   0.00099 
  0.02177  -0.01482   0.02808  -0.03957 
  0.03197  -0.04963  -0.01548   0.03309 
  0.00512  -0.03232   0.03042  -0.00536 
  0.03614  -0.07548   0.03584  -0.00263 
 -0.01219  -0.01225  -0.00103   0.02550 
 -0.00848  -0.04593   0.03890   0.01166 
  0.02005  -0.04778   0.01619   0.01078 
  0.00780  -0.04593   0.00561   0.03225 
 -0.02253  -0.00632   0.02416   0.00189 
  0.04356  -0.05808   0.00561   0.00725 
  0.06040  -0.05713  -0.00019  -0.00628 
  0.02859  -0.02523   0.00644  -0.00996 
  0.02434  -0.03953   0.01939  -0.00536 
  0.01832  -0.04409  -0.01204   0.03808 
  0.02091  -0.05243   0.01458   0.01603 
  0.04028  -0.02348  -0.00862  -0.00811 
  0.02859  -0.02173  -0.06199   0.05272 
  0.01658  -0.03771  -0.01983   0.04138 
  0.04438  -0.04685   0.00147   0.00009 
  0.08930  -0.09053  -0.06682   0.05351 
  0.11153   0.01019  -0.13066  -0.01647 
  0.20377  -0.04778  -0.17202  -0.06085 
  0.23956  -0.16742  -0.10548  -0.07243 
 -0.17086  -0.23027   0.26958  -0.07456 
 -3.30255  -3.30255   0.58576  -3.30255 
 -3.30255  -2.61847  -3.30255   0.61967 
  0.55082  -1.70800  -0.35044  -0.94002 
 -0.49636   0.34798  -1.08033   0.12542 
 -1.55986  -1.53561   0.57590  -1.44575 
 -1.49876  -0.67677  -1.13367   0.58307 
  0.22258  -0.40900   0.03353  -0.04156 
 -0.13243  -0.05524  -0.20152   0.25386 
  0.06432  -0.11576  -0.00019   0.03973 
  0.03448  -0.01740  -0.13066   0.09387 
  0.07585  -0.12341  -0.01548   0.04789 
  0.01484  -0.06863  -0.06102   0.10251 
  0.04520  -0.08244   0.00231   0.03058 
  0.06665  -0.07253  -0.08674   0.07833 
  0.01397  -0.04043  -0.02599   0.05192 
  0.00691  -0.06766  -0.05247   0.10180 
 -0.00027  -0.07155  -0.02954   0.09242 
  0.01133  -0.02436  -0.06199   0.07072 
  0.03113  -0.06380  -0.04223   0.06996 
  0.03364  -0.06669  -0.06391   0.08728 
  0.00064  -0.06188  -0.03223   0.08654 
  0.02005  -0.00047  -0.03948   0.02036 
  0.05804  -0.04134  -0.07468   0.05192 
  0.04193   0.00693  -0.05815   0.00725 
  0.05166  -0.03591  -0.06295   0.04383 
  0.04520   0.00201  -0.12506   0.06299 
  0.03197  -0.02788  -0.06102   0.05431 
  0.03448  -0.05056  -0.04872   0.06142 
  0.01309  -0.04409  -0.03948   0.06765 
  0.03364  -0.01567  -0.05247   0.03393 
  0.03531  -0.03321  -0.07468   0.06687 
  0.03697  -0.01140  -0.07172   0.04301 
  0.06742  -0.04593  -0.05815   0.03225 
  0.07357  -0.04593  -0.06585   0.03225 
  0.04844  -0.01653  -0.08268   0.04546 
  0.03364  -0.02348  -0.07567   0.06064 
  0.06040  -0.03862  -0.09393   0.06220 
  0.04438   0.00612  -0.05435   0.00189 
  0.04682  -0.01653  -0.08167   0.04627 
  0.05246  -0.02876  -0.09809   0.06454 
  0.02520  -0.02436  -0.04685   0.04546 
  0.04682   0.00036  -0.06295   0.01342 
  0.05883  -0.03681  -0.05341   0.02889 
  0.03364  -0.03411  -0.04315   0.04301 
  0.04763  -0.02965  -0.08067   0.05669 
  0.02005  -0.02523  -0.03766   0.04301 
  0.03364  -0.03143  -0.06877   0.06220 
  0.04682  -0.02261  -0.08776   0.05669 
  0.02944  -0.02348  -0.02246   0.01777 
