IntronPotTab 1 1024 0.12164
   -0.00010
   -0.01824
    0.00320
    0.00773
   -0.01421
   -0.01132
   -0.03534
    0.03398
   -0.01259
   -0.00433
   -0.00751
    0.02070
   -0.02516
   -0.02550
    0.01233
    0.02921
   -0.01766
    0.00317
   -0.00008
    0.01811
   -0.02026
    0.02584
   -0.04311
    0.02267
   -0.01763
    0.03414
    0.00134
   -0.00038
   -0.01309
   -0.00653
   -0.00797
    0.01803
   -0.01895
   -0.00699
   -0.00029
    0.02473
   -0.00163
   -0.02032
   -0.06370
    0.02808
    0.00567
    0.00703
    0.00178
   -0.00972
    0.00403
   -0.02666
   -0.00358
    0.01045
   -0.02134
   -0.01848
    0.01556
    0.01901
    0.00355
   -0.01122
   -0.03976
    0.01396
   -0.00405
    0.00543
   -0.03097
    0.01919
   -0.01431
   -0.03329
    0.01297
    0.01704
   -0.00485
   -0.03890
    0.00124
    0.02260
   -0.00285
   -0.03125
   -0.05703
    0.04220
   -0.01870
   -0.01697
   -0.00085
    0.02801
   -0.01063
   -0.03607
    0.01903
    0.01389
   -0.00779
   -0.01375
   -0.00865
    0.02216
    0.00509
   -0.00956
   -0.07550
    0.02121
    0.00548
   -0.01531
   -0.01408
    0.00963
   -0.01482
   -0.00787
   -0.01757
    0.02422
    0.00962
   -0.02735
   -0.01949
    0.01616
    0.00129
   -0.02500
   -0.00849
    0.02311
   -0.01396
   -0.01592
    0.00136
    0.02225
    0.00807
   -0.02018
   -0.01161
    0.01506
   -0.00074
   -0.04208
    0.00836
    0.01638
   -0.00167
   -0.01191
   -0.07153
    0.02685
    0.00270
    0.01447
   -0.03520
    0.00977
   -0.00170
   -0.03408
    0.01837
    0.00683
   -0.00085
   -0.01868
   -0.01381
    0.01752
   -0.00229
   -0.01912
   -0.06215
    0.03724
   -0.01438
   -0.00228
   -0.00141
    0.01926
   -0.00507
   -0.01924
   -0.01074
    0.02051
   -0.00350
   -0.02631
   -0.01450
    0.02788
   -0.01339
    0.04250
   -0.07246
    0.01284
   -0.01546
    0.01465
   -0.02126
    0.02135
   -0.00347
   -0.00119
   -0.01149
    0.01252
   -0.01190
   -0.00436
   -0.03113
    0.03225
   -0.00755
   -0.00050
   -0.09557
    0.03385
   -0.00491
   -0.01744
    0.00137
    0.01366
   -0.04752
    0.00954
   -0.00914
    0.03841
   -0.00774
   -0.01954
    0.00443
    0.01477
    0.00637
   -0.00351
   -0.06521
    0.01490
   -0.00228
   -0.00580
   -0.01871
    0.01599
    0.01025
   -0.02422
   -0.00228
    0.00358
   -0.01712
   -0.02832
    0.03944
    0.01621
   -0.00640
   -0.01762
   -0.04283
    0.03340
   -0.00626
   -0.01406
   -0.01103
    0.02029
   -0.01639
   -0.04102
    0.01361
    0.02537
   -0.01359
   -0.02066
    0.01781
    0.01493
   -0.00983
    0.02757
   -0.05002
    0.01339
   -0.00095
    0.02089
   -0.00803
   -0.00482
   -0.02411
   -0.01350
    0.00384
    0.02094
   -0.00923
   -0.02173
   -0.00557
    0.02371
   -0.00038
   -0.01432
   -0.06581
    0.02591
   -0.00352
    0.00127
    0.00459
    0.00060
   -0.00315
   -0.01678
    0.00134
    0.01060
   -0.00882
   -0.03088
    0.00394
    0.01887
    0.00948
   -0.01531
   -0.06394
    0.01323
    0.00643
    0.02095
   -0.03672
    0.00288
   -0.00621
   -0.03245
    0.01339
    0.01352
    0.00126
   -0.02463
   -0.00298
    0.01244
   -0.01173
    0.01149
   -0.04183
    0.01898
   -0.01534
    0.01207
   -0.00647
    0.01538
   -0.02962
   -0.00396
    0.00378
    0.02759
   -0.00858
   -0.01491
   -0.01433
    0.02672
   -0.02603
    0.05156
   -0.05252
    0.02043
   -0.00423
   -0.00005
   -0.01861
    0.01310
   -0.00871
    0.00169
   -0.00386
    0.00921
   -0.00329
   -0.00738
   -0.01290
    0.01446
   -0.01756
   -0.00261
   -0.04227
    0.02640
   -0.01200
    0.01942
    0.01039
   -0.00457
   -0.01465
   -0.02001
    0.01360
    0.01318
   -0.00845
   -0.02952
    0.00896
    0.01856
   -0.00412
    0.00205
   -0.04952
    0.01741
    0.00289
   -0.01456
   -0.01807
    0.01238
   -0.01707
   -0.01394
    0.01179
    0.01106
   -0.00179
   -0.04107
   -0.00485
    0.02476
    0.01803
   -0.05174
   -0.05731
    0.03006
   -0.01694
   -0.00332
   -0.02243
    0.02895
   -0.00610
   -0.04035
    0.01170
    0.01709
    0.00334
   -0.01662
   -0.01156
    0.01388
   -0.02709
    0.00624
   -0.05589
    0.03347
   -0.01231
   -0.02813
   -0.02135
    0.03829
   -0.01295
   -0.02190
   -0.00441
    0.02023
    0.00328
   -0.02047
   -0.03220
    0.02638
    0.02338
   -0.03072
   -0.02726
    0.01481
   -0.03583
    0.00073
   -0.00874
    0.03638
   -0.01826
    0.03932
   -0.01015
   -0.01177
    0.00574
   -0.05577
    0.00939
    0.02525
    0.02765
   -0.04233
   -0.05619
    0.01538
   -0.01156
   -0.01813
   -0.00934
    0.02220
    0.00128
   -0.05753
    0.04355
    0.00058
    0.02285
   -0.04500
   -0.02916
    0.00607
    0.01057
   -0.00186
   -0.06645
    0.01899
   -0.00199
   -0.02677
    0.00774
    0.01043
    0.00185
   -0.01925
   -0.00666
    0.01021
   -0.00038
   -0.01210
   -0.03081
    0.02358
   -0.01478
    0.04336
   -0.04717
    0.00470
   -0.00100
   -0.02124
   -0.02312
    0.02024
    0.00466
   -0.01784
   -0.01890
    0.01656
   -0.00883
   -0.03266
   -0.01816
    0.03842
    0.00633
    0.01073
   -0.04901
    0.00692
   -0.02368
    0.01833
    0.00554
    0.00773
    0.00078
    0.02554
   -0.02503
    0.00029
    0.00093
   -0.03051
   -0.01384
    0.01973
   -0.01165
    0.01598
   -0.02486
    0.01525
   -0.00020
    0.00154
   -0.02291
    0.01266
    0.00406
   -0.00810
    0.00238
   -0.00008
   -0.01464
   -0.01860
    0.02731
    0.01433
    0.00830
   -0.03097
   -0.05789
    0.02251
   -0.00880
   -0.02413
    0.02190
    0.00987
   -0.01691
   -0.01906
    0.00556
    0.02066
   -0.00996
   -0.02901
    0.00836
    0.02125
    0.00046
    0.00567
   -0.05572
    0.01279
   -0.00910
    0.00798
   -0.02244
    0.01825
   -0.00279
   -0.01409
   -0.00164
    0.01048
   -0.01504
   -0.00152
   -0.00736
    0.01994
    0.01067
   -0.00085
   -0.05709
    0.00118
   -0.01776
    0.03641
   -0.00854
    0.00183
   -0.01749
    0.00707
    0.01694
    0.00247
    0.00574
   -0.06985
    0.02369
    0.02147
    0.01688
   -0.02214
   -0.04652
    0.00298
    0.01142
    0.00428
   -0.02386
   -0.00149
   -0.00646
   -0.02912
    0.01805
    0.01127
   -0.00042
   -0.01248
   -0.00878
    0.00993
    0.00012
    0.00910
   -0.04389
    0.00962
   -0.02788
    0.00154
    0.01505
    0.02347
   -0.00801
   -0.03827
   -0.00868
    0.02620
   -0.00713
   -0.01184
   -0.01065
    0.02015
   -0.00917
    0.00849
   -0.06800
    0.02466
   -0.00909
    0.01599
   -0.05421
    0.02685
   -0.00958
   -0.02358
    0.00255
    0.01555
   -0.01698
    0.01348
   -0.01700
    0.02164
    0.00801
   -0.00495
   -0.07653
    0.01389
   -0.02357
    0.00811
    0.01745
    0.00557
   -0.00844
   -0.02533
   -0.00758
    0.01893
   -0.00933
   -0.01732
   -0.01852
    0.02166
    0.00138
   -0.00602
   -0.05534
    0.01696
    0.00126
    0.00122
   -0.03799
    0.01887
    0.00093
   -0.03813
   -0.00030
    0.01292
    0.00353
   -0.02492
    0.00231
    0.00667
    0.02227
   -0.02388
   -0.05863
    0.00687
    0.01281
   -0.05204
    0.00675
    0.00994
   -0.00879
   -0.04672
    0.03612
    0.00816
    0.00147
   -0.00864
   -0.00428
    0.00521
   -0.02194
   -0.01277
   -0.09042
    0.05356
   -0.01827
    0.01353
   -0.01742
    0.02227
   -0.00964
   -0.02243
    0.00646
    0.01431
   -0.00083
   -0.02569
   -0.02267
    0.02689
    0.00959
   -0.03036
   -0.05368
    0.02950
   -0.00491
   -0.01914
   -0.01153
    0.02339
    0.02609
   -0.01855
   -0.01217
   -0.00255
   -0.01539
   -0.02328
   -0.00720
    0.02763
    0.02330
   -0.05628
   -0.04482
    0.01250
   -0.00806
   -0.01375
   -0.02198
    0.02549
    0.03273
   -0.06444
    0.01743
   -0.00069
    0.00896
   -0.02335
   -0.03605
    0.01922
    0.01977
   -0.02438
   -0.06201
    0.00800
   -0.00821
    0.00569
   -0.00113
    0.00866
    0.00144
   -0.04671
    0.00323
    0.01517
   -0.01078
    0.00817
   -0.03037
    0.02603
   -0.01207
    0.02694
   -0.06863
    0.01789
   -0.04427
    0.00628
   -0.03914
    0.05593
   -0.00149
   -0.00306
   -0.00667
    0.00803
   -0.01183
    0.02077
   -0.01915
    0.01323
   -0.02235
    0.00789
   -0.01898
    0.03299
   -0.01554
    0.00946
    0.01314
   -0.00578
   -0.00531
   -0.02204
   -0.01331
    0.02222
   -0.03183
   -0.00484
   -0.00409
    0.03582
    0.01231
    0.00968
   -0.06267
    0.00330
   -0.02326
    0.02315
   -0.03838
    0.03389
    0.00989
   -0.02576
   -0.00331
    0.00570
    0.00399
   -0.02835
   -0.02722
    0.02153
    0.00159
   -0.02775
   -0.05826
    0.03358
    0.00271
   -0.04103
    0.01955
    0.00496
   -0.00302
   -0.03832
    0.01465
    0.01171
   -0.01213
   -0.01270
   -0.00111
    0.02177
   -0.00986
   -0.00304
   -0.00275
    0.01667
   -0.01097
    0.00681
    0.00787
    0.00410
   -0.01286
   -0.02910
    0.00519
    0.01845
   -0.00672
   -0.01003
   -0.01799
    0.01970
    0.02160
   -0.04006
   -0.06555
    0.01419
   -0.01144
    0.00920
    0.01920
   -0.00453
   -0.00558
   -0.01276
    0.00828
    0.00612
   -0.00831
   -0.02996
   -0.00598
    0.02225
    0.01282
   -0.03203
   -0.03905
    0.01279
    0.00142
   -0.00174
   -0.02255
    0.01116
   -0.00587
   -0.03190
    0.01484
    0.01042
   -0.00263
   -0.01251
    0.00917
    0.00456
   -0.00718
    0.00726
   -0.04724
    0.01915
    0.00191
    0.00423
   -0.00548
   -0.00129
   -0.02354
   -0.01864
    0.01573
    0.02076
   -0.01325
   -0.01008
   -0.00226
    0.02059
   -0.01062
    0.02358
   -0.02196
    0.00924
   -0.01092
    0.02462
   -0.00763
    0.00336
   -0.01025
   -0.00651
   -0.00499
    0.01425
   -0.00416
   -0.00992
   -0.02656
    0.02437
    0.00056
    0.00254
   -0.05653
    0.01039
   -0.00166
   -0.00637
    0.00036
    0.00465
   -0.00250
   -0.02282
    0.00180
    0.01165
   -0.02164
   -0.02729
   -0.00608
    0.02889
   -0.00871
    0.00257
   -0.03776
    0.02013
    0.00873
   -0.01125
   -0.04003
    0.01474
   -0.00762
   -0.03379
    0.01033
    0.01180
    0.00037
   -0.03052
   -0.00629
    0.01812
    0.00185
   -0.02281
   -0.05869
    0.02843
   -0.00409
   -0.02666
   -0.02587
    0.02852
   -0.01546
   -0.06285
    0.01847
    0.03026
    0.00562
   -0.02297
   -0.02424
    0.02006
   -0.02542
   -0.00796
   -0.08270
    0.04556
   -0.02232
   -0.00207
   -0.04216
    0.04489
   -0.00916
   -0.02858
   -0.00457
    0.02215
    0.01376
   -0.02094
   -0.02962
    0.01287
    0.01664
   -0.02370
   -0.04115
    0.01511
    0.00009
   -0.00705
   -0.01621
    0.01240
    0.00932
   -0.03424
    0.00819
    0.00911
   -0.00602
   -0.04267
    0.01234
    0.02052
    0.02206
   -0.03557
   -0.06249
    0.01331
    0.00756
   -0.00638
   -0.04080
    0.01357
    0.01516
   -0.06464
    0.03417
    0.00350
    0.00210
   -0.01830
   -0.02410
    0.01945
    0.00396
   -0.00990
   -0.07039
    0.02901
   -0.00715
   -0.00176
   -0.02101
    0.02146
    0.00119
   -0.03089
   -0.01416
    0.02065
   -0.00663
   -0.00674
   -0.02122
    0.02391
   -0.01719
    0.04827
   -0.06792
    0.01271
    0.00100
   -0.00038
   -0.01504
    0.00666
   -0.00021
   -0.01195
   -0.02755
    0.02537
    0.00949
   -0.01943
   -0.04062
    0.01983
    0.01091
   -0.01571
   -0.09017
    0.02995
   -0.00277
   -0.00122
   -0.00521
    0.00640
   -0.00955
   -0.00417
   -0.01467
    0.02062
   -0.00853
   -0.02631
   -0.01557
    0.02655
    0.00886
   -0.00266
   -0.07571
    0.01336
    0.00433
   -0.00125
   -0.03376
    0.01461
    0.01089
   -0.02664
   -0.01091
    0.00845
   -0.00721
   -0.02179
    0.02355
    0.00944
    0.00301
   -0.02888
   -0.06602
    0.03114
   -0.00197
   -0.00901
   -0.01826
    0.01553
   -0.00795
   -0.04299
    0.01744
    0.01696
   -0.00922
   -0.02200
   -0.01771
    0.02962
   -0.00907
    0.02068
   -0.05923
    0.01884
    0.00221
   -0.01013
   -0.00884
    0.00657
   -0.00138
   -0.01827
   -0.00034
    0.00948
   -0.00481
   -0.01714
   -0.01460
    0.01993
    0.00342
    0.00480
   -0.08592
    0.01400
    0.00068
    0.00474
   -0.01669
    0.00400
    0.00003
   -0.01576
    0.00192
    0.00686
   -0.01338
   -0.03191
   -0.00119
    0.02771
    0.00625
   -0.01420
   -0.04372
    0.01052
    0.01042
   -0.01021
   -0.03071
    0.00805
   -0.00458
   -0.03762
    0.01931
    0.01162
