IntronPotTab 1 1024 4.61023
    0.18788
   -0.07446
   -0.21835
    0.09119
    0.03327
    0.15100
   -0.09966
   -0.05012
   -0.05060
    0.02077
    0.11551
   -0.13605
    0.10214
   -0.13503
   -0.10193
    0.30559
   -0.00594
    0.09680
   -0.03985
   -0.08211
    0.09698
    0.15335
   -0.16765
   -0.15708
    0.03416
   -0.06883
    0.08097
   -0.06971
    0.11192
    0.01847
   -0.00731
   -0.09030
   -0.02580
   -0.08868
    0.14990
   -0.14187
    0.11010
    0.06509
   -0.04335
   -0.15701
   -0.03058
   -0.20346
    0.32731
   -0.15575
    0.03462
   -0.11811
    0.14554
   -0.09431
   -0.08798
   -0.01612
   -0.10066
    0.18609
    0.10347
    0.03651
   -0.03488
   -0.11071
   -0.04341
   -0.05097
    0.12170
   -0.10246
   -0.00036
   -0.06772
   -0.06539
    0.14854
   -0.04681
    0.06395
   -0.07393
    0.06535
    0.18589
   -0.14333
   -0.18309
    0.01884
    0.09632
   -0.07181
    0.06123
   -0.04126
    0.26763
   -0.14527
    0.04279
   -0.06154
   -0.06085
    0.12565
   -0.28015
    0.02052
    0.00504
    0.28548
   -0.34097
    0.00504
   -0.06135
    0.07295
   -0.08817
    0.01412
    0.25672
   -0.01738
   -0.01194
   -0.03425
    0.22433
    0.00840
   -0.16948
    0.16518
    0.17273
   -0.05261
   -0.02813
   -0.02404
    0.14434
   -0.14036
    0.17480
   -0.06195
    0.07095
   -0.16951
    0.15908
    0.00340
    0.33527
   -0.09855
   -0.00604
    0.10396
    0.44675
    0.06241
   -0.33205
    0.03391
    0.10113
   -0.04464
   -0.03050
    0.06951
    0.67480
    0.06996
   -0.08832
   -0.07776
    0.15406
   -0.21886
    0.04336
    0.06320
    0.13306
   -0.17457
   -0.06365
    0.17410
    0.14484
   -0.25342
    0.12511
   -0.00657
    0.26068
   -0.19153
    0.03825
    0.08407
    0.10176
   -0.07375
   -0.00956
    0.00054
    0.13521
    0.04889
   -0.11239
   -0.06257
    0.06197
   -0.13296
    0.08919
   -0.05309
    0.42920
   -0.13828
    0.07646
   -0.05358
    0.14295
   -0.24997
    0.08072
   -0.04809
    0.18418
   -0.18258
    0.00571
    0.04030
    0.14731
   -0.38764
    0.27078
   -0.20229
    0.05352
   -0.15871
    0.10912
   -0.04257
    0.13937
   -0.20650
    0.06391
    0.22974
    0.18790
   -0.01512
   -0.10635
    0.03809
    0.01079
   -0.15571
    0.05788
    0.08375
    0.24594
   -0.11704
    0.02774
   -0.00127
   -0.22859
    0.13586
   -0.03210
    0.17265
    0.09236
    0.03573
   -0.25717
    0.05076
    0.04537
   -0.06365
    0.07468
   -0.01704
    0.17599
   -0.21601
    0.00742
   -0.01507
   -0.19033
    0.11086
   -0.16169
    0.09028
   -0.05338
    0.28459
   -0.27256
    0.01078
   -0.14069
    0.04937
   -0.02642
    0.12947
    0.13272
   -0.00095
   -0.00714
   -0.03961
    0.00533
   -0.06328
   -0.20510
    0.20972
    0.07018
   -0.01838
   -0.05918
    0.03933
   -0.00060
   -0.12728
    0.13835
    0.05852
    0.02461
   -0.17745
    0.17408
   -0.10064
    0.01526
   -0.09100
   -0.10158
    0.12111
    0.03682
    0.10613
   -0.10561
   -0.05670
    0.00546
   -0.10799
    0.14863
   -0.02978
   -0.07498
   -0.11073
   -0.08949
    0.20092
    0.22797
   -0.00327
   -0.14981
    0.22847
    0.01375
    0.09558
   -0.15980
    0.06234
    0.02952
   -0.02847
    0.01491
   -0.00236
    0.10377
   -0.04907
   -0.04904
    0.23097
   -0.29690
    0.18511
   -0.18606
   -0.04225
    0.04107
    0.17825
   -0.22907
   -0.04971
    0.00153
    0.01744
    0.00689
   -0.04600
    0.01446
    0.10207
   -0.15982
   -0.05224
   -0.01726
   -0.00339
    0.08732
   -0.18168
    0.07885
    0.09994
   -0.15143
   -0.05549
   -0.01465
   -0.07866
    0.21867
   -0.08252
    0.01845
   -0.05307
    0.04727
   -0.01771
   -0.21546
    0.07265
   -0.15090
    0.10170
    0.07354
    0.11666
   -0.13414
   -0.04910
   -0.04296
   -0.01637
    0.05131
   -0.03114
    0.13416
    0.05139
   -0.10356
    0.11060
    0.02122
    0.13120
   -0.19793
    0.13268
   -0.06631
    0.11331
   -0.24153
    0.02086
   -0.03223
   -0.00411
    0.01855
    0.02243
    0.14752
   -0.00845
   -0.03512
    0.02607
   -0.07135
    0.11923
   -0.33137
    0.07177
   -0.24319
    0.12392
   -0.43901
    0.07766
   -0.17017
    0.09943
   -0.15812
    0.10043
   -0.01560
    0.07774
   -0.22816
   -0.03649
    0.15148
    0.05429
   -0.13558
    0.09671
   -0.02917
    0.12672
   -0.25931
   -0.01674
   -0.03827
   -0.00732
    0.04868
   -0.00315
   -0.02259
   -0.00328
    0.00030
    0.02529
   -0.13747
    0.01707
   -0.11521
    0.10282
   -0.18474
    0.29862
   -0.45260
    0.12852
   -0.03758
    0.00115
   -0.10006
    0.15105
    0.05738
    0.25279
   -0.29028
    0.07460
    0.01122
    0.03611
   -0.12019
    0.15478
    0.06028
    0.09467
   -0.14371
    0.10722
   -0.02861
   -0.04976
    0.05445
    0.02220
    0.08452
    0.01653
   -0.05471
    0.13886
   -0.06756
    0.14379
   -0.13656
    0.05519
    0.03353
    0.13327
   -0.14185
    0.07407
   -0.02446
    0.00447
   -0.01881
    0.06026
    0.17553
   -0.02448
   -0.02216
    0.02514
    0.01011
    0.01828
   -0.01115
   -0.02135
    0.01937
    0.02716
   -0.09203
    0.12523
    0.02225
   -0.14181
    0.27915
   -0.04109
    0.02132
   -0.13134
    0.06126
    0.06013
    0.11646
   -0.08821
   -0.06008
    0.26399
    0.09594
    0.09768
   -0.14188
    0.10525
   -0.04385
   -0.11525
    0.03928
    0.12100
    0.10100
   -0.00623
   -0.05578
    0.10018
   -0.02810
    0.00922
   -0.14698
    0.15487
   -0.00469
    0.12053
   -0.20451
    0.03224
   -0.02184
   -0.02434
    0.01902
    0.06309
    0.20226
   -0.04678
    0.00566
   -0.01485
   -0.40135
    0.26099
   -0.29024
    0.00883
   -0.26888
    0.32574
   -0.34229
   -0.04867
   -0.14433
    0.10341
   -0.07099
    0.04899
   -0.06257
    0.10294
   -0.10763
   -0.08994
   -0.07448
    0.02018
   -0.15959
    0.15087
   -0.08224
    0.09001
   -0.16785
    0.08719
   -0.17374
   -0.01651
    0.04363
    0.11347
   -0.04323
   -0.02878
    0.06441
   -0.05526
   -0.31386
    0.07489
   -0.17736
    0.13931
   -0.13022
    0.21299
   -0.26649
   -0.09321
   -0.17866
    0.06978
   -0.03355
    0.06898
   -0.08967
    0.17346
   -0.14978
    0.14303
   -0.02303
   -0.03054
    0.02679
    0.01058
    0.10535
   -0.09369
   -0.02258
   -0.02028
   -0.09812
   -0.18643
    0.23463
   -0.06884
    0.00292
   -0.16110
    0.03497
    0.18609
   -0.15062
    0.07003
    0.08729
    0.00796
    0.08647
    0.07605
   -0.11786
   -0.01798
   -0.01694
   -0.13227
    0.17264
   -0.11538
    0.01587
    0.05223
    0.02321
   -0.14632
   -0.11591
   -0.12414
    0.17505
   -0.16134
    0.13631
    0.04584
   -0.02506
   -0.15508
   -0.06828
   -0.25830
    0.33637
   -0.19729
   -0.04141
   -0.16492
    0.17223
   -0.12281
   -0.17137
   -0.02579
    0.00818
    0.16891
    0.16191
   -0.06838
    0.00532
   -0.15931
    0.00098
   -0.20056
    0.13223
   -0.05722
    0.22591
   -0.09736
   -0.02536
    0.04976
   -0.05157
    0.04453
   -0.02500
    0.05888
    0.08615
   -0.00397
   -0.11586
    0.04509
    0.01618
   -0.11019
    0.14142
    0.02446
    0.14008
   -0.17662
    0.11257
   -0.00578
   -0.05386
    0.07059
   -0.09841
    0.03632
   -0.00813
    0.34191
   -0.23756
    0.02183
   -0.06530
    0.04995
   -0.05834
    0.05152
    0.16452
   -0.03822
    0.03500
   -0.01746
    0.13369
   -0.00448
   -0.09174
    0.13792
    0.07644
   -0.01817
   -0.00777
   -0.03603
   -0.03475
   -0.13987
    0.17917
    0.06384
   -0.01901
   -0.22243
    0.19499
   -0.00736
   -0.02263
   -0.02172
   -0.04319
    0.10354
   -0.01248
    0.08088
   -0.12369
    0.14805
   -0.01338
   -0.10219
    0.06000
    0.10899
    0.10399
   -0.03968
   -0.01999
    0.09481
   -0.00539
   -0.20528
    0.08072
    0.02984
    0.06688
   -0.19178
    0.00104
    0.10731
    0.00115
   -0.33766
    0.18140
   -0.08441
    0.11183
   -0.22164
    0.06888
    0.04300
   -0.04924
   -0.05159
    0.01562
    0.08257
    0.09489
    0.03659
   -0.04908
   -0.07979
    0.00799
   -0.13405
    0.11435
   -0.09963
    0.08256
   -0.16051
    0.11141
   -0.05697
    0.03204
   -0.18272
    0.08298
   -0.11116
    0.07867
   -0.20066
    0.01300
    0.04959
    0.00722
   -0.29288
    0.10661
   -0.17178
    0.05498
   -0.30915
    0.09528
   -0.04659
   -0.20128
   -0.13533
    0.00767
    0.26724
    0.05569
   -0.14662
    0.05478
   -0.07132
   -0.11849
   -0.19017
    0.12788
   -0.01430
    0.05567
   -0.27069
    0.05087
    0.11928
   -0.15735
    0.14361
   -0.05622
    0.17296
    0.00210
    0.11413
   -0.13935
    0.04940
   -0.10102
   -0.01589
    0.13700
   -0.01751
    0.14211
   -0.23805
    0.07456
   -0.02830
   -0.24788
    0.05339
   -0.04772
    0.14648
   -0.04510
    0.28020
   -0.16299
   -0.00858
   -0.19083
    0.04974
    0.02283
    0.09846
    0.05387
   -0.04610
    0.06558
   -0.04210
   -0.04261
   -0.04903
   -0.10766
    0.19253
   -0.00565
   -0.12784
    0.05992
    0.05132
   -0.12507
   -0.13767
    0.11781
    0.11614
   -0.19739
   -0.38781
    0.18767
   -0.18517
   -0.29198
    0.04114
   -0.07066
    0.18463
   -0.00345
    0.04063
    0.06531
   -0.10901
   -0.22724
   -0.01316
    0.11150
    0.04816
   -0.05563
    0.03246
   -0.09813
    0.25382
    0.20321
   -0.01311
   -0.16662
    0.20456
    0.00728
    0.00216
   -0.11737
    0.14865
    0.09546
   -0.13979
    0.07241
    0.01280
   -0.05857
    0.04012
   -0.07408
    0.12182
   -0.14708
    0.09884
   -0.10622
    0.04112
   -0.01973
    0.21807
   -0.27774
   -0.00348
   -0.11983
   -0.01637
    0.11621
    0.00906
    0.02060
    0.00721
    0.03582
   -0.06390
    0.01373
   -0.05996
    0.04183
   -0.02438
    0.04429
    0.01291
   -0.10472
    0.07419
    0.03658
   -0.17402
    0.23891
   -0.14261
   -0.07968
   -0.08223
    0.11923
   -0.04069
   -0.12385
   -0.11946
   -0.12053
    0.12907
   -0.02686
    0.03957
   -0.12024
    0.12015
   -0.04751
   -0.13142
    0.07170
    0.05904
    0.03602
   -0.08681
   -0.05636
    0.15113
   -0.02416
    0.05733
   -0.15307
    0.22168
    0.12640
   -0.03681
   -0.10570
    0.06917
    0.06226
   -0.08460
    0.07653
    0.07431
    0.08262
   -0.04296
    0.05547
   -0.01759
   -0.01490
    0.09947
   -0.32807
    0.12654
   -0.27577
    0.25169
   -0.46027
    0.16161
   -0.10714
    0.04169
   -0.11864
    0.15521
    0.19414
    0.02751
   -0.10345
   -0.01776
    0.23867
   -0.00801
   -0.13433
    0.11276
    0.08665
    0.03746
   -0.16038
    0.02171
    0.02129
   -0.07141
    0.07539
    0.07161
   -0.10937
   -0.06115
    0.17293
    0.01748
    0.04895
   -0.08080
   -0.03521
    0.20930
   -0.10868
    0.13281
   -0.37617
    0.32028
   -0.00526
   -0.05136
   -0.06379
    0.18462
    0.12331
    0.06614
   -0.13896
    0.05775
    0.07269
   -0.09101
   -0.05882
    0.25481
    0.00639
   -0.02685
   -0.10723
    0.23531
    0.09864
   -0.14608
    0.06793
    0.07680
    0.01340
   -0.07630
    0.02958
    0.03384
    0.04654
    0.05352
   -0.13687
    0.11901
    0.00689
    0.13378
   -0.19112
    0.14244
    0.03040
   -0.12147
    0.02012
    0.13626
    0.14356
   -0.10251
    0.05086
    0.01012
    0.03956
   -0.04060
   -0.04028
    0.09387
    0.01301
   -0.09986
   -0.05656
    0.19992
   -0.02857
   -0.16253
    0.19151
    0.03198
   -0.07001
   -0.16412
    0.09340
    0.00114
    0.00767
   -0.18231
   -0.07087
    0.33806
    0.00860
    0.01220
   -0.11558
    0.18794
   -0.12104
   -0.23919
   -0.10230
    0.27381
    0.17730
   -0.05331
   -0.03875
    0.11044
   -0.14055
    0.00536
   -0.19787
    0.25080
    0.11755
   -0.02549
   -0.15865
    0.09947
    0.03910
   -0.07554
    0.04862
    0.06243
    0.20825
   -0.14998
    0.03926
    0.09573
   -0.06938
    0.07633
   -0.11593
    0.05919
   -0.16310
    0.29577
   -0.35839
    0.05112
   -0.13026
   -0.00297
   -0.03078
    0.16616
    0.13224
    0.01824
    0.00791
   -0.06818
    0.13633
   -0.04761
   -0.16118
    0.17027
    0.08318
   -0.04899
   -0.13332
    0.17579
   -0.05411
   -0.12001
    0.15995
    0.10604
    0.01071
   -0.13643
    0.10469
    0.05071
   -0.01997
   -0.09737
    0.12346
    0.08706
   -0.00832
    0.09445
   -0.15775
    0.02844
   -0.19935
   -0.04452
    0.10629
    0.08820
   -0.16914
   -0.16358
   -0.09540
    0.22723
