17 20 11 1 39 -2.3106 1.6963 4.1969 8758
  0.02580   0.01852  -0.07446   0.05765  -0.08634   0.06492  -0.00640  -0.03685   0.02012   0.05012  -0.06116   0.00714  -0.03147   0.01203   0.01044  -0.00460  -0.02022   0.04924  -0.02913  -0.04392 
 -0.02712   0.04016  -0.02043  -0.01366  -0.00851   0.06168  -0.07922   0.02383   0.06080  -0.03080  -0.04535   0.04691  -0.01762  -0.00655   0.03296  -0.01831   0.04214   0.02103  -0.01631  -0.03522 
  0.02449   0.00116  -0.02238   0.01153  -0.00191   0.02048  -0.09090   0.10174   0.00112   0.02504  -0.08208   0.09065   0.00816   0.01856  -0.04644   0.01788   0.00781   0.03094  -0.07833   0.07286 
  0.00139   0.02279  -0.07208   0.06934  -0.12492   0.07485   0.01154  -0.06398  -0.02200   0.05620  -0.03901   0.00756  -0.02629   0.03136  -0.00367  -0.03087  -0.08528   0.02577   0.00254  -0.02453 
 -0.05573   0.04366  -0.00527  -0.02113  -0.00665   0.03783  -0.04740   0.01884   0.05906  -0.01309  -0.05067   0.03514  -0.01439  -0.01385   0.03842  -0.01647   0.02797   0.00907   0.00382  -0.04400 
  0.02553  -0.00380  -0.01398   0.00502   0.02488   0.03191  -0.12232   0.09955   0.01344   0.00332  -0.10159   0.12746   0.01044   0.02708  -0.03863  -0.01335  -0.00457   0.03338  -0.07445   0.06746 
  0.01148   0.02308  -0.08188   0.07263  -0.13289   0.07710  -0.00347  -0.03205  -0.01784   0.05689  -0.04305   0.00882  -0.02310   0.02945   0.00262  -0.04048  -0.09191   0.03252  -0.01823   0.00651 
 -0.05604   0.04534  -0.01254  -0.01110   0.01169   0.02703  -0.04390   0.01581   0.07474  -0.02135  -0.03799   0.00623  -0.02387  -0.01537   0.04569  -0.01479   0.02735  -0.00480   0.03112  -0.07863 
  0.03124  -0.01134  -0.00059  -0.01139   0.01202   0.02927  -0.10554   0.09499   0.01287   0.02751  -0.07612   0.06879   0.04145  -0.00991  -0.04740   0.03440   0.03379   0.02022  -0.04166   0.02204 
  0.02553   0.01375  -0.06717   0.05596  -0.08791   0.06661  -0.00135  -0.04932   0.02006   0.04834  -0.06238   0.01190  -0.05431   0.04159  -0.00371  -0.02259  -0.12892   0.03796  -0.00890  -0.01114 
 -0.04424   0.04617  -0.01864  -0.01281   0.04351   0.03269  -0.07848   0.02687   0.06590  -0.03000  -0.04549   0.04021   0.01132  -0.00647   0.01430  -0.02299   0.05901  -0.01167   0.02123  -0.05602 
  0.04617  -0.01134  -0.01929   0.00502   0.05000   0.03373  -0.10579   0.05537   0.00231  -0.00281  -0.07612   0.11447   0.05260   0.00473  -0.06138   0.01032   0.01738   0.04612  -0.05891   0.00408 
  0.02917   0.01763  -0.07336   0.05450  -0.14848   0.09312   0.01895  -0.10795   0.00852   0.03109  -0.04806   0.02798   0.00401   0.04358  -0.05275  -0.02294  -0.09095   0.03762  -0.00409  -0.03619 
 -0.03635   0.04700  -0.01897  -0.02142  -0.01693   0.07172  -0.07214   0.00111   0.03888  -0.02081  -0.04454   0.05809  -0.02400  -0.01082   0.06073  -0.05172   0.03455   0.00087   0.01565  -0.05679 
  0.01229  -0.00069  -0.00653   0.00036   0.03385   0.02308  -0.11223   0.09407   0.02824  -0.00390  -0.09958   0.11994   0.00299   0.03467  -0.07627   0.02794  -0.01297   0.03463  -0.08865   0.08921 
  0.01630   0.02249  -0.09306   0.08301  -0.14839   0.07867  -0.02595   0.01588   0.01271   0.03090  -0.03133  -0.00396  -0.01864   0.02142   0.01379  -0.04596  -0.16755   0.02214   0.01951  -0.02276 
 -0.05228   0.03378   0.00003  -0.01394   0.04512   0.01186  -0.05620   0.02850   0.06718  -0.03367  -0.03988   0.03448   0.01271  -0.01640   0.03745  -0.04360  -0.03314  -0.00119   0.02529  -0.03850 
  0.03991  -0.01580  -0.00716  -0.00130  -0.00834   0.02212  -0.09952   0.11399   0.00217  -0.02257  -0.07386   0.13251  -0.00861   0.01598  -0.05687   0.05381   0.06731   0.01520  -0.05943   0.04612 
  0.00111   0.00803  -0.07117   0.09115  -0.07847   0.08459  -0.03367  -0.03635   0.01244   0.04639  -0.05166   0.00649  -0.01154   0.02512   0.00646  -0.05119  -0.14913   0.04115  -0.00367  -0.02270 
 -0.03876   0.04617  -0.01623  -0.02229   0.02671   0.02268  -0.07297   0.05209   0.03787  -0.02607  -0.03399   0.04967  -0.00501  -0.01122   0.04058  -0.03720   0.05676   0.00485   0.00887  -0.06357 
  0.02684  -0.01039  -0.01016   0.00856   0.04028   0.01734  -0.12362   0.10956   0.02585   0.00580  -0.09215   0.10288   0.03929   0.02453  -0.07621   0.00566   0.03182   0.05110  -0.08152   0.02468 
  0.03201   0.02469  -0.09095   0.06294  -0.14507   0.04276   0.02504  -0.00699   0.00357   0.03487  -0.03628   0.00876  -0.04155   0.03803  -0.00484  -0.02676  -0.07555   0.03277  -0.02061   0.00415 
 -0.05291   0.03449  -0.00621  -0.00352   0.05058   0.02107  -0.08569   0.04962   0.08160  -0.04623  -0.03516   0.02441   0.00867  -0.01890   0.02045  -0.00455   0.06116   0.02386  -0.01457  -0.05795 
  0.05186  -0.01293  -0.02254   0.00693   0.02338   0.04662  -0.12417   0.08005   0.02982  -0.00608  -0.09938   0.12063   0.03890  -0.00211  -0.07178   0.05226   0.04216   0.02044  -0.03931   0.01290 
  0.03021   0.01181  -0.08263   0.07472  -0.08710   0.05261   0.00185  -0.02586  -0.01477   0.02203  -0.02478   0.02776  -0.01951   0.04335  -0.01980  -0.04207  -0.09401   0.03507  -0.01182  -0.01172 
 -0.04824   0.03648  -0.00842  -0.00772   0.01778   0.02110  -0.04854   0.02768   0.05428  -0.03813  -0.02300   0.02820  -0.00658  -0.01162   0.03774  -0.02935   0.00169  -0.00973   0.03624  -0.06484 
  0.02553  -0.01580   0.00280  -0.00352   0.06550   0.01225  -0.12760   0.09955   0.01359  -0.00998  -0.07497   0.11097   0.04748   0.01157  -0.06956   0.01355  -0.02599   0.06318  -0.08661   0.03233 
  0.03278   0.01837  -0.08620   0.06651  -0.14792   0.06219   0.01609  -0.02693   0.01268   0.03243  -0.04832   0.02196  -0.01499   0.03869  -0.02982  -0.02124  -0.08580   0.02920  -0.01410   0.00329 
 -0.04271   0.03762  -0.01607  -0.00158   0.05766   0.00708  -0.08001   0.05752   0.05071  -0.01641  -0.03071   0.01763   0.02000   0.00286   0.01527  -0.05670  -0.05275   0.00454   0.03429  -0.06540 
  0.03457  -0.00426  -0.01064  -0.00969   0.03391  -0.00737  -0.09227   0.11393   0.01098  -0.00329  -0.08210   0.11456   0.02699   0.01774  -0.07004   0.02699   0.02282  -0.00085  -0.04166   0.06856 
  0.02213   0.00331  -0.07208   0.08164  -0.09758   0.04968  -0.00033  -0.00732   0.02284   0.01735  -0.05647   0.04455  -0.04644   0.00965   0.01212   0.01365  -0.14333   0.02409   0.02734  -0.05580 
 -0.04793   0.02308  -0.00230   0.00693  -0.00534   0.01609  -0.08379   0.10225   0.08318  -0.05826  -0.02150   0.01420  -0.01736  -0.01499   0.02997   0.00312   0.08066  -0.01823   0.02439  -0.06296 
  0.03560  -0.02323  -0.00621   0.01421   0.00911   0.03472  -0.15388   0.13924   0.01191  -0.01899  -0.08503   0.13352   0.00867   0.03518  -0.07024   0.01314  -0.02681   0.02556  -0.05391   0.05962 
  0.00386   0.02146  -0.08658   0.08732  -0.09673   0.04894   0.00084  -0.00870   0.01921   0.01453  -0.03630   0.02114  -0.02706   0.03662   0.00732  -0.06101  -0.14165   0.03611  -0.01608   0.01243 
 -0.04210   0.03163  -0.00732  -0.00575   0.08247  -0.03654  -0.06530   0.07711   0.05670  -0.04638  -0.01858   0.02800   0.00678   0.00306   0.01984  -0.04710   0.02509  -0.04716   0.05282  -0.03784 
  0.04293  -0.02930   0.00064   0.00448   0.05452  -0.00114  -0.12023   0.11947   0.01102   0.00165  -0.09182   0.12044   0.05427   0.01542  -0.04472  -0.03746  -0.01378   0.02429  -0.03124   0.01686 
  0.03201   0.01241  -0.07153   0.05790  -0.08890   0.02697   0.03306  -0.03530   0.02622   0.03683  -0.04526  -0.00519   0.00394   0.00554   0.01292  -0.03704  -0.19212   0.01453   0.02527  -0.01023 
 -0.02830   0.01925   0.00648  -0.01997   0.04324   0.00394  -0.06536   0.05620   0.03483  -0.04071  -0.00577   0.02485   0.00041  -0.00941   0.02557  -0.02179   0.01067  -0.02627   0.04850  -0.06396 
  0.02501  -0.02031   0.00403   0.00256   0.00803   0.01916  -0.14220   0.14982   0.00513  -0.02971  -0.09375   0.15875   0.01662   0.03546  -0.07769   0.01232   0.05507   0.01421  -0.07375   0.07657 
  0.01336   0.01361  -0.09459   0.10067  -0.05596   0.03476  -0.00949   0.00439   0.02775   0.02720  -0.07034   0.04603  -0.02788   0.02707  -0.00635  -0.01511  -0.12333   0.02998   0.00715  -0.02952 
 -0.03365   0.02890  -0.01639   0.00747   0.03926  -0.00774  -0.06736   0.07979   0.06789  -0.04790  -0.03636   0.04502  -0.00958   0.02906  -0.00366  -0.04609  -0.02008  -0.00673   0.02732  -0.03728 
  0.02969  -0.00724  -0.01719   0.01206   0.04151   0.00243  -0.13388   0.13897   0.01248  -0.00994  -0.10449   0.14507   0.03713   0.02386  -0.09577   0.03270  -0.05203   0.02017  -0.06680   0.09888 
  0.01923   0.01060  -0.09827   0.10437  -0.07794   0.06432  -0.00630  -0.04301   0.01201   0.00218  -0.00992   0.00150  -0.02124   0.01510   0.01190  -0.02526  -0.12366   0.01173   0.00809   0.01023 
 -0.04332   0.02014   0.00846  -0.01110   0.04893  -0.00881  -0.05768   0.05960   0.06819  -0.07877  -0.00449   0.02771  -0.00974  -0.03684   0.07884  -0.05009   0.09340  -0.05807   0.05884  -0.07476 
  0.04243  -0.04872   0.02412  -0.00631   0.10772   0.03086  -0.18449   0.09061   0.00804   0.00650  -0.08382   0.10835   0.04569   0.01975  -0.07607   0.00723   0.13169   0.01733  -0.10556   0.07746 
  0.05382   0.02146  -0.10729   0.06746  -0.02523   0.05228  -0.01634  -0.04646   0.03721   0.04816  -0.06609  -0.00213   0.01080   0.07137  -0.04304  -0.12319  -0.08674   0.07940  -0.05538  -0.03864 
 -0.00528   0.06078  -0.04019  -0.04527   0.15880  -0.00537  -0.08012  -0.04342   0.16585  -0.05775  -0.09605   0.01173   0.08376   0.02107  -0.04690  -0.09520   0.17306  -0.03629   0.00144  -0.03484 
  0.14481  -0.02372  -0.05929  -0.03259   0.18328  -0.09984  -0.14934   0.14119   0.12821  -0.08673  -0.11249   0.11350   0.09536  -0.00314  -0.12470   0.04124   0.09303   0.00018  -0.08123   0.09422 
  0.12762  -0.04682  -0.11550   0.09979  -0.09458  -0.11211   0.15375  -0.09120  -0.17821   0.02537   0.07779  -0.03374  -0.03778  -0.02007   0.09299  -0.08046  -0.36038  -0.12900   0.11566   0.07173 
 -0.14560  -0.05271   0.11832  -0.03140  -2.28017  -3.94245   0.48140  -3.94245  -3.94245  -3.94245   0.46341  -3.94245  -3.94245  -3.94245   0.57886  -3.94245  -3.94245  -3.94245   0.43345  -3.94245 
 -3.12410  -3.94245   0.49457  -3.94245  -3.94245  -3.94245  -3.94245   0.74204  -3.94245  -3.94245  -3.94245  -3.94245  -3.94245  -2.08655  -3.94245   0.75355  -3.94245  -3.94245  -3.94245  -3.94245 
 -3.94245  -2.04566  -3.94245   0.74448  -3.94245  -3.94245  -3.94245  -3.94245  -0.71278   0.08335   0.01975   0.17917  -3.94245  -3.94245  -3.94245  -3.94245   0.70580  -0.10523  -0.28207  -0.33556 
  0.38471  -0.04203  -0.21983  -0.34533  -0.44704   0.29538  -0.44717   0.03736  -0.02226  -0.01260   0.01064   0.02133  -0.10951  -0.01413   0.12038  -0.07164  -0.17168  -0.00272  -0.01810   0.10045 
 -0.17440   0.13805  -0.10789   0.02241  -0.09060  -0.04305   0.03350   0.07881  -0.35191  -0.34612   0.29041  -0.19708   0.04378   0.03728   0.07537  -0.38628  -0.21776  -0.28635   0.20916  -0.03886 
 -0.15817  -0.16577   0.21903  -0.15326  -0.23965   0.03413  -0.02031   0.12952  -0.14348   0.10378  -0.05567   0.06150  -0.37548  -0.06606  -0.25471   0.42004  -0.48513   0.10035  -0.13274   0.12515 
 -0.27649   0.01955  -0.16783   0.29202   0.04263   0.00682  -0.02228  -0.01563   0.07903   0.03591  -0.11142   0.03128   0.03837  -0.04345   0.06242  -0.07020   0.30883  -0.13313  -0.00060   0.02348 
  0.07319  -0.04068  -0.00732   0.00283  -0.05364   0.07293  -0.14550   0.11769  -0.00082   0.10580  -0.15325   0.06476   0.00528  -0.00139  -0.00906   0.00988   0.10532  -0.04252  -0.03441   0.08802 
 -0.00138   0.03663  -0.08451   0.06485  -0.11169   0.06870  -0.04966   0.04752  -0.02261   0.11201  -0.15244   0.07431  -0.04295   0.03895  -0.04161   0.02507   0.07710  -0.05311  -0.00130   0.06293 
 -0.04027   0.04450  -0.06303   0.05547  -0.01300  -0.00111  -0.03703   0.07245   0.02957   0.08199  -0.12488   0.03708  -0.00984  -0.02655   0.04909  -0.01498   0.07945  -0.00433  -0.02485   0.01701 
  0.00986   0.01435  -0.03697   0.02633  -0.00899  -0.01693  -0.04605   0.10362   0.00612   0.07141  -0.15862   0.11305  -0.00271   0.00342   0.00190  -0.00660   0.04790  -0.03383  -0.01938   0.07719 
  0.00084   0.01075  -0.06018   0.07333  -0.04343  -0.00613   0.01453   0.02274  -0.01674   0.09972  -0.09221   0.01254  -0.04196  -0.05721   0.07894   0.02432  -0.01288  -0.01238   0.01841  -0.00759 
 -0.03906   0.00955   0.00342   0.01367  -0.00707  -0.02919   0.01723   0.02328  -0.02395   0.09545  -0.11322   0.05514  -0.04228  -0.06032   0.09245   0.00610   0.02080  -0.04528   0.02593   0.02394 
 -0.02418  -0.00489   0.00111   0.02918  -0.00288  -0.01624  -0.04223   0.09308  -0.02927   0.11582  -0.16782   0.09059   0.00357  -0.04375   0.04911   0.00146   0.02846  -0.04354   0.00423   0.06039 
 -0.00979   0.00924  -0.04121   0.05886  -0.10328  -0.01736   0.02677   0.06275  -0.04992   0.12633  -0.10278   0.01326  -0.01774  -0.06653   0.06833   0.03224  -0.07815  -0.02940   0.02983   0.02942 
 -0.05731   0.01000   0.00188   0.03098   0.01821  -0.07261   0.02746   0.04468  -0.02828   0.10900  -0.12581   0.05325  -0.00542  -0.04695   0.07127  -0.02085   0.04596  -0.03396   0.02010   0.00226 
 -0.00725   0.00070  -0.00826   0.02005  -0.01141  -0.01249  -0.01813   0.06021  -0.05134   0.13871  -0.14185   0.04341   0.03669  -0.05165   0.06626  -0.05831   0.00236  -0.00470  -0.00290   0.01465 
 -0.00809   0.02293  -0.02697   0.01233  -0.09073  -0.01073   0.06367  -0.02880  -0.07357   0.14638  -0.11926   0.02042  -0.06673  -0.04107   0.10603  -0.02945  -0.01511  -0.01159   0.01408   0.00140 
 -0.06980   0.02846   0.00952  -0.00547   0.02011  -0.04386   0.00632   0.03951  -0.03142   0.12758  -0.14427   0.04756  -0.02841  -0.09964   0.11372   0.01606  -0.03804  -0.04243   0.04164   0.01147 
 -0.02010  -0.00614  -0.00059   0.03047  -0.04228   0.02011  -0.04631   0.07576  -0.06426   0.13914  -0.14954   0.06286  -0.02617  -0.05233   0.07572   0.00491   0.02149   0.01065  -0.02425   0.01578 
 -0.04088   0.03134  -0.03495   0.03888   0.01042  -0.04840   0.01462   0.04066  -0.04729   0.15466  -0.14249   0.01050  -0.05139  -0.06887   0.11840  -0.01947   0.07427  -0.02714   0.01946  -0.02668 
 -0.02977   0.01674  -0.00137   0.00063   0.02099  -0.04992   0.02269   0.01872  -0.04288   0.13314  -0.15664   0.06277  -0.00901  -0.08020   0.08964   0.00829   0.02177  -0.04523   0.00925   0.05685 
 -0.01291  -0.00054  -0.01494   0.03812  -0.02444  -0.02177   0.01512   0.03067  -0.06462   0.13782  -0.15966   0.07656  -0.03385  -0.05515   0.10892  -0.04551   0.00518  -0.02783   0.01095   0.03032 
 -0.04393   0.01584  -0.00747   0.02529  -0.01296  -0.02227   0.02299   0.00704  -0.04839   0.15148  -0.11781  -0.01607  -0.03139  -0.06989   0.10942  -0.02174  -0.07598   0.01244   0.01704  -0.03037 
 -0.04058   0.02556   0.00434  -0.01652   0.00322  -0.05632   0.03520   0.02161  -0.01738   0.13171  -0.15446   0.03913  -0.03270  -0.08014   0.10452   0.00689   0.04800  -0.01429   0.00617  -0.00823 
 -0.01064   0.00407  -0.00905   0.01873  -0.05730  -0.04747   0.05271   0.02692  -0.07448   0.18155  -0.18013   0.02782  -0.04310  -0.07305   0.11053  -0.00534   0.03891   0.00373  -0.02831   0.02894 
 -0.05072   0.02904  -0.01382   0.01793  -0.04611  -0.00141   0.02801  -0.00836  -0.03654   0.15276  -0.15016   0.01356  -0.04512  -0.07041   0.11762  -0.02203  -0.00793  -0.05195   0.04884  -0.00114 
 -0.03906   0.01688   0.00526  -0.00296   0.02041  -0.00815  -0.00915   0.01041  -0.01985   0.15084  -0.16682   0.02116   0.00603  -0.10465   0.12457  -0.03825   0.00980   0.00371   0.00918  -0.03368 
  0.00056   0.01480  -0.01111  -0.00800  -0.05564  -0.03052   0.05942  -0.01476  -0.07736   0.16661  -0.14978   0.02401  -0.04698  -0.06156   0.12632  -0.05546  -0.02151  -0.00560  -0.00005   0.02173 
 -0.05667   0.02716   0.00495  -0.00603  -0.05023   0.00454   0.04098  -0.04274  -0.02637   0.14844  -0.14297   0.00241  -0.06648  -0.06739   0.12050  -0.01034  -0.14610  -0.00910   0.03735  -0.00227 
 -0.05135   0.02425   0.00709  -0.00912   0.00875  -0.04775   0.03565   0.00265  -0.01096   0.13139  -0.17228   0.05387   0.00926  -0.09992   0.11215  -0.02423   0.06108  -0.01692   0.01460  -0.02925 
  0.00877  -0.00085  -0.00889   0.00829  -0.09771  -0.02486   0.07121  -0.01515  -0.08842   0.17055  -0.14909   0.02493  -0.05005  -0.06534   0.11130  -0.01285   0.03209   0.02187  -0.02794  -0.00701 
 -0.06527   0.03321  -0.00106   0.00063  -0.01783  -0.02293   0.03182  -0.00444  -0.08050   0.15012  -0.12342   0.02497  -0.03292  -0.07630   0.13651  -0.06756   0.01870  -0.01346   0.01144  -0.00572 
 -0.04210   0.01822   0.01028  -0.01195   0.05241  -0.03340   0.00864  -0.01349  -0.02344   0.14871  -0.17133   0.03409  -0.03387  -0.08974   0.11561   0.00267   0.05816  -0.01173  -0.00225  -0.00122 
 -0.00444   0.01105  -0.01510   0.01072  -0.11278   0.00269   0.06951  -0.04941  -0.06422   0.14703  -0.14116   0.03903  -0.06221  -0.05809   0.12350  -0.03832   0.02672  -0.00334  -0.00010  -0.00629 
 -0.06367   0.02701   0.00876  -0.00659  -0.05986  -0.02995   0.04448   0.01838  -0.01664   0.14071  -0.16630   0.03623  -0.03792  -0.08718   0.12883  -0.02407  -0.02291  -0.02103   0.05298  -0.06972 
 -0.02859   0.00834   0.00816  -0.00213   0.03262  -0.02552   0.01376  -0.01501  -0.02662   0.12638  -0.17507   0.07941  -0.02315  -0.10920   0.14334  -0.03549   0.05122  -0.00613  -0.00975   0.00656 
 -0.00697  -0.00069  -0.00512   0.01687  -0.08788  -0.03732   0.07778  -0.01682  -0.06273   0.15181  -0.14232   0.03026  -0.05042  -0.07488   0.12123  -0.01570  -0.02290   0.01674  -0.03574   0.04476 
 -0.06048   0.02132   0.00342   0.01099   0.00540  -0.03097   0.01320   0.02192  -0.07958   0.14362  -0.11765   0.02877  -0.04970  -0.07300   0.13160  -0.04215   0.01142  -0.00876   0.02242  -0.03742 
 -0.04578   0.01599   0.01073  -0.00519   0.02545  -0.02764   0.02306  -0.02215  -0.00198   0.12129  -0.15590   0.04364  -0.01127  -0.11233   0.12558  -0.00642  -0.00083  -0.03205   0.00546   0.05144 
  0.00111  -0.00865  -0.00308   0.01925  -0.10598  -0.00111   0.04626   0.00323  -0.07423   0.16224  -0.12879   0.00255  -0.05160  -0.05182   0.10873  -0.03086  -0.03519   0.00321  -0.01230   0.03405 
 -0.06980   0.03392   0.00157  -0.00158  -0.04326  -0.00884   0.02159   0.01421  -0.03915   0.12619  -0.11268   0.01691  -0.04869  -0.08262   0.13731  -0.03838   0.02091   0.00083   0.01584  -0.04908 
 -0.03544   0.01211   0.01269  -0.01110   0.05651  -0.00401  -0.00257  -0.04887  -0.06527   0.13487  -0.13263   0.05114  -0.01850  -0.08073   0.12831  -0.05822   0.08533   0.03144  -0.02533  -0.06901 
 -0.01007   0.02117  -0.00637  -0.01795  -0.09888  -0.00783   0.04909   0.00369  -0.08287   0.14735  -0.13116   0.04208  -0.04493  -0.06167   0.11156  -0.02567  -0.04373   0.00818  -0.02340   0.04825 
 -0.06560   0.02629  -0.00277   0.01687  -0.01944  -0.00368   0.01926  -0.01136  -0.03303   0.13785  -0.14093   0.02676  -0.09466  -0.05513   0.11163   0.01315  -0.04638  -0.01836   0.03884  -0.02679 
 -0.05385   0.02146   0.00203   0.00747   0.00772  -0.00326  -0.01946   0.03167  -0.05240   0.14745  -0.14318   0.03010  -0.01780  -0.07940   0.11453  -0.03124   0.08012  -0.01422  -0.02323   0.03304 
 -0.01635   0.01837  -0.01735   0.01260  -0.11358  -0.02024   0.06146   0.00997  -0.06901   0.14816  -0.11807   0.01120  -0.04850  -0.07277   0.11884  -0.01659  -0.04905   0.01547   0.00383  -0.01929 
 -0.06785   0.02410   0.01149  -0.00241  -0.02898  -0.00452  -0.00745   0.04568  -0.05184   0.13963  -0.11542   0.00779  -0.05117  -0.07140   0.12654  -0.03230  -0.00037  -0.03565   0.03233   0.00211 
 -0.04119   0.01331   0.00800   0.00063   0.02585  -0.01392  -0.01174   0.01901  -0.03787   0.12610  -0.13740   0.04778  -0.03957  -0.08172   0.11832  -0.00984   0.08958  -0.01963   0.00779  -0.02538 
 -0.01434   0.00651  -0.00606   0.01287  -0.06684  -0.00083   0.03853  -0.01268  -0.08311   0.14871  -0.13784   0.04800  -0.07665  -0.06662   0.13458  -0.03076  -0.08966   0.01100  -0.00666   0.02908 
