17 20 15 1 35 -1.7649 1.4310 3.1782 8807
 -0.00995   0.01609  -0.02562   0.02416  -0.01783   0.06111  -0.11297   0.07643  -0.01402   0.08001  -0.13316   0.09242  -0.05412  -0.05891   0.05470   0.07613   0.05571  -0.00554  -0.01160   0.00665 
 -0.02398   0.01461  -0.04705   0.07020  -0.07727   0.07280  -0.05675   0.02590  -0.01550   0.11682  -0.12472   0.02632  -0.06707  -0.04657   0.09485   0.00299  -0.05638   0.00481   0.01607  -0.01932 
 -0.05533   0.03548  -0.01433   0.01071  -0.04592   0.04494  -0.04493   0.03553  -0.01176   0.06756  -0.10498   0.07497  -0.06008  -0.05922   0.09438   0.01883  -0.03580  -0.00357   0.02372  -0.02794 
 -0.03547   0.00652  -0.00817   0.03519  -0.09474   0.09735  -0.10324   0.05518   0.01509   0.05769  -0.11490   0.07539  -0.04556  -0.05669   0.06630   0.04762   0.03932   0.00215  -0.01191   0.00000 
 -0.02369   0.01654  -0.03503   0.04988  -0.07756   0.08329  -0.09264   0.05627   0.01899   0.09737  -0.14545   0.04930  -0.04560  -0.04633   0.07491   0.01639  -0.04864   0.02699  -0.01338  -0.00892 
 -0.03013   0.03548  -0.04024   0.03035  -0.05156   0.06870  -0.06595   0.02748   0.00549   0.03470  -0.07075   0.05927  -0.03066  -0.05393   0.08330  -0.00092   0.01631  -0.00610   0.02622  -0.05585 
 -0.01734   0.00257  -0.00317   0.01762  -0.04380   0.06772  -0.11680   0.08900   0.02605   0.03475  -0.10639   0.08479  -0.05649  -0.06067   0.05149   0.08525   0.04319  -0.01708  -0.00651   0.02620 
 -0.01420  -0.00111  -0.03906   0.07554  -0.06368   0.07684  -0.06956   0.02658   0.03320   0.08493  -0.11771   0.01881  -0.08287  -0.03916   0.09205   0.01024   0.01745   0.00870   0.00705  -0.04473 
 -0.03160   0.02935  -0.01656   0.00505  -0.05975   0.07965  -0.06971   0.01812   0.00822   0.07368  -0.10360   0.04494  -0.08517  -0.04981   0.09173   0.03134   0.00566  -0.01121   0.03554  -0.06170 
 -0.03368   0.01639  -0.00990   0.01946  -0.05378   0.11044  -0.14219   0.04754   0.01639   0.05330  -0.11179   0.07636  -0.03798  -0.06989   0.04656   0.08907   0.07867  -0.02338   0.00311  -0.00055 
 -0.00855   0.00818  -0.04346   0.06266  -0.13912   0.11972  -0.08857   0.01945  -0.02346   0.07803  -0.09152   0.05336  -0.04531  -0.04801   0.06981   0.02755  -0.00185   0.01791  -0.00871  -0.02027 
 -0.05470   0.03534  -0.02382   0.02598  -0.07980   0.05752  -0.10040   0.11062   0.03505   0.03927  -0.09143   0.05067  -0.04619  -0.05439   0.07682   0.02746   0.01490   0.00106   0.01052  -0.03348 
 -0.01221   0.00257  -0.01994   0.04023  -0.04529   0.08897  -0.12079   0.05730   0.01477   0.06613  -0.10810   0.05537  -0.02135  -0.09247   0.02775   0.12805   0.06046  -0.01180  -0.00236  -0.00214 
 -0.00771   0.00561  -0.04551   0.06880  -0.06639   0.10655  -0.10753   0.02157  -0.01024   0.08956  -0.11057   0.04795  -0.01758  -0.06578   0.07240   0.02411   0.01108  -0.01941   0.01441   0.00393 
 -0.02865   0.02328  -0.02529   0.02779  -0.06466   0.11908  -0.13610   0.03058   0.03101   0.02975  -0.07483   0.04539  -0.03352  -0.07873   0.08343   0.04260   0.03024  -0.00845   0.01280  -0.02578 
 -0.00827   0.00409  -0.01720   0.02984  -0.05287   0.10081  -0.14683   0.07081   0.04226   0.04533  -0.12763   0.07987  -0.02490  -0.08186   0.04847   0.09124   0.02254  -0.00141  -0.00515   0.00244 
 -0.00186   0.00682  -0.05015   0.06833  -0.08754   0.11774  -0.12439   0.03586   0.02041   0.05437  -0.11463   0.07440  -0.07178  -0.04132   0.06140   0.05465   0.01155  -0.01175   0.02581  -0.03899 
 -0.03697   0.02357  -0.02939   0.04073  -0.03153   0.08345  -0.13023   0.06814   0.04301   0.02062  -0.09941   0.07713  -0.03715  -0.06477   0.05464   0.06965  -0.02074  -0.01022   0.03000  -0.03560 
 -0.00547  -0.00234  -0.02775   0.05402  -0.05023   0.12401  -0.17040   0.04919   0.01825   0.06755  -0.11765   0.06173  -0.10414  -0.07738   0.04800   0.14731   0.07611  -0.00398  -0.01208  -0.00736 
 -0.03338   0.02022  -0.05119   0.07439  -0.10547   0.13707  -0.14625   0.03379   0.02946   0.06023  -0.12803   0.07320  -0.06976  -0.07499   0.10107   0.04159   0.02629  -0.02500   0.03333  -0.03630 
 -0.03160   0.01594  -0.02139   0.03696  -0.06566   0.10247  -0.17673   0.10712   0.02367   0.04625  -0.12034   0.08868  -0.05924  -0.06050   0.08662   0.03362  -0.02314   0.00038   0.01036  -0.01206 
 -0.02660   0.01283  -0.03503   0.05836  -0.04750   0.10409  -0.18716   0.10211   0.05375   0.03032  -0.11608   0.07386  -0.06110  -0.05913   0.04457   0.09632   0.02681  -0.01296   0.02913  -0.05323 
 -0.00911   0.00697  -0.04227   0.06338  -0.11053   0.13555  -0.13422   0.02590   0.03804   0.06420  -0.12756   0.05815  -0.11450  -0.03962   0.08586   0.04936  -0.01959   0.02209  -0.01207  -0.01390 
 -0.04789   0.03788  -0.03704   0.03620  -0.03764   0.11128  -0.14456   0.03598   0.01180   0.04257  -0.08592   0.06283  -0.06469  -0.07312   0.10428   0.02834   0.03014  -0.03272   0.04700  -0.05672 
 -0.02194   0.00180  -0.00629   0.02830  -0.08131   0.12218  -0.16791   0.07248   0.05835   0.06039  -0.14352   0.06046  -0.08431  -0.06985   0.06186   0.10612  -0.04003  -0.02628   0.03669  -0.00788 
 -0.02398   0.01312  -0.04193   0.06551  -0.08945   0.10146  -0.12052   0.06494   0.02987   0.06925  -0.12036   0.05057  -0.09605  -0.05659   0.09389   0.04816  -0.01312  -0.01218   0.02743  -0.02886 
 -0.04148   0.01919  -0.01994   0.03746  -0.09737   0.08403  -0.14323   0.12459   0.02381   0.00513  -0.08245   0.09382  -0.09710  -0.06406   0.08265   0.07818   0.03162  -0.00080  -0.00165  -0.01108 
 -0.03697  -0.00451  -0.02317   0.07646  -0.07033   0.12598  -0.23988   0.12382  -0.00238   0.04713  -0.07883   0.06099  -0.07388  -0.06561   0.07045   0.07988  -0.04442  -0.01794   0.02775  -0.00240 
 -0.05128   0.01372  -0.02725   0.06527  -0.07045   0.10630  -0.16798   0.09501  -0.01312   0.05498  -0.10250   0.09026  -0.09369  -0.07566   0.10438   0.05782  -0.06724  -0.03753   0.04823  -0.00060 
 -0.06163   0.00364  -0.01053   0.06432  -0.01625   0.07809  -0.16601   0.10397   0.00505   0.03101  -0.10071   0.10229  -0.09975  -0.06874   0.09685   0.06492   0.04391  -0.06973   0.05032   0.00170 
 -0.03607  -0.01440  -0.01053   0.07207  -0.07530   0.11428  -0.22223   0.13277  -0.05059   0.05278  -0.07275   0.08799  -0.08099  -0.05585   0.10019   0.02276  -0.14745  -0.01809   0.04939  -0.01149 
 -0.08342   0.01565  -0.00801   0.05740  -0.16394   0.13458  -0.17489   0.10458  -0.04981   0.05651  -0.06469   0.07171  -0.09184  -0.04982   0.12795  -0.03219  -0.03437  -0.04305   0.06518  -0.04763 
 -0.08342   0.01402   0.01357   0.02494  -0.06648   0.09820  -0.20625   0.14067  -0.02318   0.05169  -0.08826   0.08603  -0.10508  -0.05049   0.07799   0.07140  -0.03014  -0.03411   0.01087   0.05702 
 -0.06036   0.00697  -0.02890   0.08468  -0.07849   0.14003  -0.25787   0.11761  -0.08156   0.06272  -0.04370   0.05958  -0.09009  -0.07790   0.12935   0.01299  -0.12355  -0.06182   0.07141   0.01140 
 -0.09800   0.00682   0.01461   0.04619  -0.07253   0.06374  -0.15132   0.14854  -0.07094   0.05234  -0.05437   0.08054  -0.18547  -0.07144   0.13280   0.07108  -0.17848  -0.03041   0.04915   0.02387 
 -0.12504  -0.00451   0.01743   0.07738  -0.04082   0.02900  -0.15498   0.17962  -0.03777   0.02607  -0.04754   0.07811  -0.09096  -0.05674   0.09939   0.03464  -0.00018  -0.07684   0.06442   0.00327 
 -0.06068  -0.02305   0.01476   0.06480  -0.08922   0.08132  -0.19162   0.16700  -0.08644   0.02423  -0.00549   0.05791  -0.17046  -0.07508   0.14858   0.03731  -0.14787  -0.02678   0.04927   0.00660 
 -0.13058  -0.00762   0.03312   0.06028  -0.06408   0.03887  -0.08047   0.10599  -0.08868  -0.00534  -0.02427   0.12191  -0.12647  -0.07100   0.12334   0.04459  -0.10979  -0.10483   0.09372   0.02428 
 -0.10636  -0.04141   0.04411   0.07508  -0.05950   0.01680  -0.11015   0.16494  -0.10500   0.02302  -0.04194   0.12469  -0.06153  -0.09015   0.10495   0.05012  -0.07066  -0.03302   0.03611   0.01973 
 -0.08342  -0.02598   0.01521   0.08445   0.02045   0.05571  -0.15133   0.09728  -0.03987   0.01481   0.01334  -0.00420  -0.05813  -0.04741   0.13758  -0.09881  -0.06142  -0.02722   0.05736  -0.04781 
 -0.04851  -0.00591   0.04300  -0.02501  -0.10364   0.09967  -0.16390   0.12274  -0.10839   0.06253  -0.01884   0.04305  -0.13912  -0.04571   0.12749   0.00517  -0.09868  -0.06988   0.09573  -0.04810 
 -0.11452   0.00682   0.03055   0.03061  -0.00304   0.02174  -0.10336   0.11493  -0.02519  -0.06720   0.01921   0.07302  -0.02461  -0.16675   0.16560   0.00409  -0.01063  -0.09102   0.10470  -0.07663 
 -0.02108  -0.09148   0.06991   0.03163  -0.00840   0.05725  -0.14858   0.11411  -0.10803  -0.02899   0.04194   0.06042  -0.01939  -0.14969   0.16498  -0.02489  -0.13454  -0.08113   0.06846   0.05422 
 -0.05564  -0.06057   0.05915   0.03847  -0.06192   0.04526   0.01429  -0.05788   0.01500  -0.01615   0.02239  -0.03877  -0.04522  -0.06143   0.12416  -0.05293  -0.00052  -0.07330   0.10226  -0.11345 
 -0.02602  -0.02908   0.06886  -0.06171  -0.05759   0.05977  -0.16384   0.15663  -0.08618   0.04227  -0.06911   0.12317  -0.04566  -0.10106   0.07605   0.09613  -0.05355  -0.02317  -0.01813   0.09835 
 -0.05377  -0.01758  -0.02939   0.11521   0.25552   0.03708  -0.17955  -0.15913   0.22413  -0.02899  -0.05140  -0.26253   0.21482  -0.11707   0.07033  -0.33955   0.29278  -0.12969   0.10190  -0.28614 
  0.21991  -0.06608   0.01401  -0.27063  -0.28839   0.32531  -0.46624  -0.14185   0.13836   0.09749  -0.02107  -0.50716  -0.36369   0.18074  -0.21968   0.08860  -0.48132   0.17207  -0.07166  -0.21073 
 -0.11560   0.20914  -0.19032  -0.11951   0.76028  -3.94488  -3.94488  -3.94488   0.68491  -3.94488  -3.94488  -3.94488   0.68375  -3.94488  -3.94488  -3.94488   1.06672  -3.94488  -3.94488  -3.94488 
  0.74675  -3.94488  -3.94488  -3.94488  -3.94488  -3.32477   0.48173  -3.94488  -3.94488  -3.94488  -3.94488  -3.94488  -3.94488  -3.94488  -3.94488  -3.94488  -3.94488  -3.94488  -3.94488  -3.94488 
 -3.94488  -3.33062   0.49457  -3.94488  -3.94488  -3.94488  -3.94488  -3.94488   0.68491  -3.94488  -3.94488  -3.94488  -0.01105  -0.05726   0.07909  -0.00953  -3.94488  -3.94488  -3.94488  -3.94488 
  0.05213  -0.01583  -0.00519  -0.01865  -0.02746   0.05769  -0.15661   0.13435  -0.11523  -0.00805  -0.07902   0.20266  -0.03773   0.06336  -0.16363   0.09801   0.09317  -0.02264   0.00512  -0.01528 
 -0.04820   0.02863  -0.09606   0.12602   0.00318   0.07790  -0.12023   0.03784  -0.06119  -0.03388   0.03943   0.03219  -0.07371   0.01574   0.04499  -0.02408  -0.04349   0.05108  -0.05214   0.00868 
 -0.06834   0.02299   0.00360   0.01418   0.06037   0.05346  -0.16641   0.08220   0.03781  -0.07412  -0.00846   0.06369   0.01818  -0.00022  -0.01815   0.00521   0.07881  -0.00270   0.02505  -0.10246 
  0.03824  -0.01186  -0.02431   0.02260   0.13574   0.00667  -0.13955   0.04985  -0.05054  -0.05120  -0.00912   0.12038   0.05933  -0.01261  -0.04418   0.01292   0.10276  -0.01474  -0.02928   0.03246 
  0.03975  -0.01838  -0.04397   0.06076  -0.05752   0.04353   0.00969  -0.04855  -0.01098  -0.06887   0.05847  -0.01357  -0.04662  -0.01038   0.07469  -0.05257  -0.25853  -0.00417   0.04638   0.00119 
 -0.06163  -0.01029   0.05415  -0.02822   0.08027  -0.00802  -0.06799   0.04183   0.01751  -0.05683   0.02048   0.01671  -0.02466  -0.02925   0.03882   0.02355  -0.10843  -0.02294   0.06403  -0.05431 
  0.00716  -0.02974   0.01758   0.01205   0.06965   0.01348  -0.10220   0.06450  -0.04396  -0.05751  -0.00312   0.11302   0.04016   0.00691  -0.06603   0.02744   0.06783   0.00940  -0.07177   0.07638 
  0.01944  -0.00374  -0.05345   0.07044  -0.06096   0.05068   0.00470  -0.05052  -0.04183  -0.01284   0.02042   0.02303  -0.09174   0.03782   0.04011  -0.04749  -0.10582   0.00891   0.02907  -0.03816 
 -0.07811   0.02124   0.02911  -0.02182   0.08130   0.02554  -0.07106  -0.01235   0.04278  -0.06395   0.01229   0.01132  -0.00310  -0.02014   0.03612  -0.01349   0.07420  -0.06216   0.07774  -0.10901 
  0.03900  -0.03337   0.01920  -0.01865   0.11655  -0.04760  -0.10296   0.10382  -0.03770  -0.10591   0.01890   0.12006   0.07053  -0.03078  -0.02716   0.00891   0.07947   0.00569  -0.05851   0.05674 
  0.04796  -0.04158  -0.03386   0.07207  -0.06408  -0.01179   0.06959  -0.06459  -0.04193  -0.03793   0.04518   0.00784  -0.05765   0.00072   0.05189  -0.02099  -0.18732   0.00294   0.04599  -0.03543 
 -0.07647  -0.00684   0.05538  -0.02384   0.00982  -0.00565  -0.02484   0.04212   0.03337  -0.06299  -0.00579   0.05228   0.00689  -0.02801   0.01782   0.01866  -0.07906  -0.05924   0.08042  -0.03461 
  0.01601  -0.03754   0.01237   0.02494   0.08282  -0.01146  -0.10179   0.08793  -0.02059  -0.07759   0.00468   0.10195   0.03482  -0.01640  -0.04417   0.04968  -0.02691   0.00967  -0.03011   0.05045 
  0.01707  -0.02031  -0.03587   0.07300  -0.10647   0.04481   0.02713  -0.04489  -0.07230  -0.03741   0.05425   0.01766  -0.07441   0.00879   0.04768  -0.01306  -0.17998   0.01307   0.04164  -0.05108 
 -0.09973   0.00788   0.04827  -0.01665   0.08031   0.01656  -0.05063  -0.02784   0.00731  -0.05252   0.00449   0.05078  -0.01325  -0.00405   0.02592  -0.01688   0.01145  -0.04546   0.05724  -0.04542 
  0.01521  -0.02063   0.01087   0.00096   0.09483  -0.03737  -0.08699   0.09348  -0.04695  -0.07596   0.01709   0.10323   0.04162  -0.00922  -0.03581   0.01806   0.01286  -0.00264  -0.04721   0.08489 
  0.01997  -0.02728  -0.02989   0.07207  -0.06323   0.00973   0.03612  -0.03033  -0.04466  -0.01479   0.04611  -0.02288  -0.06531   0.01063   0.03999  -0.01320  -0.13990   0.01035   0.02803  -0.02541 
 -0.07483   0.00697   0.04160  -0.02240   0.08116   0.00107  -0.07435   0.03552   0.03871  -0.06072   0.00885   0.01861   0.01352  -0.01506   0.03307  -0.03971   0.01067  -0.02216   0.05614  -0.09585 
  0.03799  -0.02516   0.01087  -0.01580   0.10406  -0.04217  -0.07206   0.07188  -0.00024  -0.07288   0.00324   0.08164   0.04228  -0.00020  -0.04330   0.00979  -0.00256  -0.00718  -0.03378   0.07774 
  0.03774  -0.02549  -0.03253   0.05692  -0.07233   0.06800   0.00721  -0.08545  -0.04822  -0.01530   0.03568   0.00323  -0.04631   0.00778   0.05223  -0.05001  -0.12103   0.00866   0.03057  -0.03500 
 -0.06770   0.01668   0.03611  -0.03650   0.03822   0.00009  -0.03573   0.02336   0.04282  -0.08448   0.01228   0.03468  -0.02434  -0.01659   0.04053  -0.00310   0.01479  -0.05290   0.05766  -0.03290 
  0.02076  -0.03905   0.01950   0.00991   0.09418  -0.00766  -0.07801   0.04047  -0.04807  -0.03422  -0.00750   0.09915   0.02903  -0.00123  -0.05699   0.04483   0.03963   0.02128  -0.05204   0.03533 
  0.01680  -0.00219  -0.04517   0.05908  -0.06535   0.03668   0.05301  -0.12836  -0.00470  -0.03163   0.05114  -0.05548  -0.04451   0.01670   0.02208  -0.01872  -0.14605   0.02577   0.01480  -0.02827 
 -0.05005   0.01103   0.04062  -0.05170   0.09520  -0.01960  -0.05021   0.01734   0.02449  -0.05182   0.00479   0.03140  -0.00151  -0.01285   0.03797  -0.03353  -0.00505  -0.03408   0.05178  -0.04635 
  0.03138  -0.02859   0.01162  -0.00400   0.05851  -0.01324  -0.06276   0.06409  -0.01369  -0.04952  -0.01450   0.09656   0.03823   0.01533  -0.06467   0.01154   0.06202   0.02120  -0.03323  -0.01159 
  0.02649  -0.00219  -0.04227   0.04594  -0.08219   0.04659   0.01846  -0.05109  -0.04670   0.00104   0.03448  -0.01919  -0.07868   0.01751   0.04894  -0.02981  -0.16539   0.01387   0.03231  -0.03464 
 -0.08142   0.01816   0.03809  -0.03116   0.06200  -0.01571  -0.03819   0.02859   0.02819  -0.06473   0.01454   0.02503  -0.01349  -0.01567   0.02056   0.01476  -0.02196  -0.04570   0.05655  -0.02550 
  0.01944  -0.03487   0.01416   0.01418   0.12260  -0.04069  -0.06172   0.03513  -0.03271  -0.07275   0.00870   0.10142   0.04746  -0.00095  -0.04975   0.01313  -0.00976   0.03454  -0.05222   0.03106 
  0.02984  -0.01360  -0.03403   0.04865  -0.09649   0.01349   0.06078  -0.06420  -0.00710  -0.03492   0.02856   0.00084  -0.06210   0.01386   0.04868  -0.03908  -0.18971   0.01437   0.04668  -0.06425 
 -0.06513   0.00303   0.04716  -0.03531   0.04071  -0.03970  -0.00763   0.03731   0.01288  -0.08253   0.02090   0.04980  -0.01215  -0.01411   0.04534  -0.03070   0.03011  -0.02595   0.03910  -0.05105 
  0.01468  -0.03687   0.02345   0.00532   0.08288  -0.02151  -0.07672   0.07093  -0.06692  -0.05610   0.00832   0.11256   0.08231  -0.01620  -0.05714   0.00548  -0.00729   0.02449  -0.02040  -0.00805 
  0.02804  -0.01455  -0.03303   0.05037  -0.11357   0.01922   0.05369  -0.04467  -0.01402  -0.03592   0.04142  -0.01651  -0.05210   0.00503   0.04993  -0.03289  -0.23816   0.03570   0.03099  -0.06109 
 -0.07093   0.00637   0.04661  -0.03531   0.09410  -0.02839  -0.04540   0.02490   0.02916  -0.10734   0.02634   0.04866  -0.04807   0.00386   0.03198  -0.00397  -0.00008  -0.01752   0.03910  -0.05298 
  0.01415  -0.03205   0.01610   0.01152   0.07575  -0.02543  -0.05276   0.05102   0.00585  -0.04328  -0.02000   0.08046   0.01686   0.00757  -0.04414   0.02655   0.01755   0.01134  -0.02737   0.02222 
  0.02259  -0.00684  -0.03553   0.04718  -0.08555   0.04005   0.02908  -0.05694  -0.03955  -0.05622   0.05620   0.00586  -0.04779  -0.00761   0.05355  -0.01734  -0.11877   0.01649   0.03356  -0.06277 
 -0.06481  -0.00389   0.04854  -0.02530   0.04207  -0.01625  -0.01191   0.00680   0.05423  -0.10224   0.00926   0.04558  -0.01559  -0.01873   0.05606  -0.03631  -0.05778  -0.01926   0.05767  -0.06881 
  0.02154  -0.03737   0.02622  -0.00622   0.09095  -0.00845  -0.09233   0.06407  -0.04794  -0.03452   0.00210   0.08504   0.02430  -0.00297  -0.04197   0.03507   0.02005   0.00897  -0.05435   0.07224 
  0.01441  -0.00622  -0.04142   0.06219  -0.14892   0.03519   0.02903   0.00238  -0.02634  -0.03971   0.04058   0.00357  -0.03921  -0.01096   0.06390  -0.03901  -0.08390   0.01095   0.01545  -0.01979 
 -0.06545  -0.00312   0.04230  -0.01324   0.07021  -0.02842  -0.07904   0.09521   0.00667  -0.06740   0.01331   0.05300  -0.00797  -0.00884   0.02243  -0.00767   0.02395  -0.05575   0.04492  -0.00072 
  0.01601  -0.03437   0.00604   0.03087   0.08155  -0.00888  -0.06664   0.03991  -0.01285  -0.04653  -0.02071   0.10163   0.08970   0.00293  -0.07935  -0.01474  -0.01088   0.01984  -0.03528   0.03244 
  0.04176  -0.00389  -0.04791   0.04197  -0.06617  -0.00398   0.05157  -0.03532  -0.04750  -0.03119   0.04682   0.00124  -0.08197  -0.00153   0.05573   0.00191  -0.06368   0.00476   0.00668   0.00468 
 -0.07093  -0.00825   0.04509  -0.00483   0.09410  -0.02186  -0.06208   0.03985   0.05124  -0.11453   0.02407   0.03539  -0.02900  -0.00126   0.01610   0.01085   0.00607  -0.04219   0.06401  -0.06828 
  0.02623  -0.03754   0.01461   0.01071   0.06367  -0.00809  -0.07781   0.07168  -0.03529  -0.05042  -0.00358   0.09980   0.05151  -0.01952  -0.03647   0.02565  -0.00948   0.00578  -0.01966   0.03168 
  0.01865  -0.01630  -0.03104   0.05884  -0.11790   0.03790   0.05399  -0.08191  -0.05128  -0.01376   0.03213   0.01115  -0.07352   0.02920   0.02368  -0.01789  -0.13423   0.02844   0.01441  -0.03842 
 -0.08710   0.02182   0.03341  -0.02384   0.04384   0.01230  -0.06800   0.04612   0.02785  -0.09440   0.01949   0.04897  -0.01518  -0.00933   0.02062   0.00445   0.05589  -0.04083   0.04429  -0.04741 
  0.02154  -0.03487   0.01027   0.01894   0.07728  -0.03372  -0.06937   0.08359  -0.02157  -0.05238  -0.01769   0.11056   0.04354  -0.01080  -0.03151   0.01289  -0.01452   0.00810  -0.04023   0.06562 
  0.02076  -0.01774  -0.03670   0.06716  -0.11407  -0.00095   0.08452  -0.07877  -0.02700  -0.03931   0.03528   0.01426  -0.08228  -0.00070   0.05360   0.00413  -0.25494   0.01831   0.03057  -0.01209 
 -0.09082  -0.00358   0.05211  -0.01070   0.07961  -0.02870  -0.01473  -0.00911   0.06760  -0.10255   0.00362   0.03997  -0.00558  -0.01584   0.04321  -0.03145  -0.02469  -0.04046   0.07118  -0.07565 
  0.03723  -0.04191   0.02360  -0.01070   0.11049  -0.02245  -0.08599   0.05580  -0.03003  -0.06126   0.01479   0.07830   0.05634  -0.00242  -0.05855   0.01586   0.07429  -0.01150  -0.03638   0.05452 
