IntronPotTab 1 1024 -8.33081 2.68844 14.95925 2971 6 16  175.46
    0.07665
    0.00626
   -0.20193
    0.00035
    0.01059
   -0.12399
    0.00180
    0.04810
    0.05253
   -0.05076
   -0.11147
    0.01248
    0.02542
   -0.02446
   -0.04914
    0.02244
    0.02913
    0.03307
   -0.29337
    0.07766
   -0.01894
   -0.02904
    0.00127
    0.05205
    0.03091
    0.00599
   -0.19421
    0.04280
    0.03487
    0.08592
   -0.12436
   -0.01164
    0.03501
   -0.09537
   -0.01991
   -0.00772
   -0.03675
   -0.07029
    0.10820
    0.02074
    0.08134
    0.01473
   -0.06344
   -0.14828
   -0.04203
    0.02676
   -0.04420
    0.05252
   -0.01835
    0.00430
   -0.24946
    0.11077
   -0.05728
   -0.11458
    0.04026
    0.11187
    0.04002
   -0.03924
   -0.14532
    0.06822
    0.01356
   -0.05991
   -0.06402
    0.06548
    0.09766
   -0.07685
   -0.29189
    0.07607
    0.12075
   -0.26499
   -0.04100
   -0.02868
    0.02902
   -0.10341
   -0.16267
    0.10608
    0.06766
   -0.09950
   -0.07749
    0.05640
   -0.01755
   -0.01128
   -0.22300
    0.11462
   -0.01784
    0.05498
   -0.05247
    0.01321
   -0.02451
   -0.00938
   -0.23259
    0.12941
    0.02206
    0.02192
   -0.15521
    0.05360
    0.04930
   -0.04668
   -0.10909
    0.03303
    0.05601
   -0.08331
   -0.00044
   -0.02456
    0.01529
    0.00031
   -0.06605
    0.01276
   -0.02481
   -0.07154
   -0.07603
    0.10773
    0.15733
   -0.14078
   -0.37937
    0.12743
    0.16554
   -0.27064
   -0.18686
    0.04766
    0.04196
   -0.06413
   -0.30026
    0.11112
    0.07527
   -0.09619
   -0.16474
    0.10892
    0.09989
   -0.09309
   -0.14423
    0.03143
    0.02012
   -0.14258
   -0.00991
    0.05552
    0.17749
   -0.34970
   -0.26187
   -0.03074
    0.05499
   -0.01892
   -0.14731
    0.06753
   -0.02272
    0.05641
   -0.09605
    0.08439
   -0.06786
    0.12749
   -0.00971
    0.01667
    0.03726
   -0.12085
   -0.20556
    0.12807
    0.04496
    0.01104
   -0.12805
    0.04408
    0.07050
   -0.01497
   -0.06521
   -0.04782
    0.00195
   -0.07295
    0.00597
    0.02999
    0.05930
   -0.23098
    0.11635
   -0.09883
   -0.11717
    0.09546
   -0.10611
    0.13528
   -0.00798
   -0.00645
   -0.09009
    0.09213
    0.04942
   -0.13035
   -0.03473
    0.05143
   -0.06349
   -0.05523
   -0.18418
    0.19315
   -0.00727
   -0.03602
   -0.03702
    0.05576
    0.04084
   -0.01678
   -0.22424
    0.02644
    0.01332
   -0.14508
   -0.02915
    0.07775
    0.05700
   -0.08551
   -0.13123
    0.03374
    0.11963
   -0.11451
   -0.13784
   -0.00031
    0.02638
   -0.01927
   -0.25605
    0.05165
   -0.07514
    0.00985
   -0.07083
    0.10932
   -0.00468
    0.02343
   -0.14206
    0.04572
   -0.00778
    0.11114
   -0.16763
    0.01123
    0.06890
    0.00082
   -0.17364
   -0.01238
    0.01855
   -0.09396
    0.10202
   -0.02736
    0.01609
    0.04935
   -0.14451
    0.01494
    0.01355
   -0.08340
    0.00835
    0.02266
    0.01377
   -0.05619
   -0.35856
    0.09093
   -0.00902
   -0.09595
   -0.01972
    0.07158
    0.05175
   -0.06631
   -0.28300
    0.08776
    0.00683
   -0.00393
   -0.10945
    0.05281
    0.05111
    0.05173
   -0.32319
    0.03407
   -0.04267
   -0.00281
   -0.08079
    0.15046
   -0.02434
   -0.03579
   -0.06605
    0.08319
   -0.03294
   -0.00764
   -0.13128
    0.11205
   -0.12967
    0.27060
   -0.37175
   -0.00298
   -0.14211
    0.15103
    0.00956
    0.13046
   -0.04273
    0.14000
   -0.13258
    0.03078
   -0.13759
    0.22354
   -0.15566
    0.02423
    0.01433
   -0.00803
    0.04367
   -0.04246
   -0.05586
   -0.05416
    0.07383
    0.10297
   -0.04726
    0.05514
    0.00952
    0.02766
   -0.02691
    0.06170
   -0.05567
    0.03427
   -0.05595
    0.02393
   -0.38048
    0.12350
   -0.09995
   -0.00363
   -0.00440
    0.16117
   -0.03086
    0.05870
   -0.23732
    0.11250
   -0.09827
    0.05548
   -0.15535
    0.11690
    0.01297
    0.01688
   -0.36180
    0.10411
    0.03325
   -0.10641
   -0.04203
    0.10289
   -0.04692
    0.00058
   -0.11641
    0.08537
   -0.07397
   -0.03611
   -0.03872
    0.08749
   -0.06232
    0.12504
   -0.32255
    0.06615
   -0.23277
    0.22563
   -0.26899
   -0.05928
   -0.05076
   -0.08590
   -0.13664
    0.13250
   -0.11771
    0.09501
   -0.21888
    0.06697
    0.01033
    0.02334
   -0.18773
    0.03604
    0.02459
   -0.05246
   -0.08631
    0.05697
    0.02839
   -0.01647
   -0.11696
    0.02094
    0.03013
    0.00678
   -0.10386
    0.01817
   -0.00177
   -0.01959
   -0.29940
    0.11095
   -0.04957
   -0.13347
   -0.06623
    0.16809
   -0.09282
   -0.02970
   -0.17363
    0.13736
   -0.05392
   -0.01253
   -0.26971
    0.13543
    0.02632
    0.01479
   -0.23865
    0.09977
   -0.06578
    0.03470
   -0.04417
    0.12080
    0.07266
   -0.12934
   -0.17902
    0.08882
    0.00121
    0.03479
   -0.11589
    0.07720
   -0.07491
    0.08348
   -0.21896
    0.10973
   -0.08039
    0.01012
    0.04100
    0.06424
   -0.00294
   -0.00756
   -0.10714
    0.06166
   -0.04173
    0.12665
   -0.14940
    0.04890
    0.01748
   -0.05441
   -0.13034
    0.06407
    0.02203
   -0.10474
   -0.02181
    0.03841
    0.00963
   -0.37889
    0.11965
    0.01745
   -0.02745
    0.10924
   -0.15044
    0.08625
   -0.13223
    0.03043
   -0.25246
    0.15133
   -0.12105
   -0.08016
    0.05005
    0.11022
   -0.08658
   -0.07621
   -0.23618
    0.20090
   -0.06096
    0.00758
   -0.17369
    0.15584
   -0.11204
    0.27205
   -0.56044
    0.00485
   -0.05737
   -0.01363
    0.03816
    0.02752
    0.06696
   -0.04050
   -0.04230
   -0.01431
   -0.01517
   -0.01204
   -0.16373
    0.06741
   -0.24943
    0.36197
   -0.60351
   -0.01055
   -0.20632
    0.17799
   -0.08998
    0.07003
   -0.07651
    0.08825
   -0.27330
    0.09404
   -0.09446
    0.23756
   -0.28843
   -0.08663
   -0.00387
    0.15075
   -0.24924
   -0.01650
   -0.04953
   -0.01149
    0.07986
    0.01496
    0.04154
    0.03906
   -0.04113
   -0.04078
   -0.00646
    0.02364
   -0.03225
    0.00754
   -0.06944
    0.08353
   -0.38328
    0.08592
   -0.17186
   -0.00519
   -0.14041
    0.13615
   -0.02213
    0.02336
   -0.28089
    0.10662
   -0.06722
    0.05217
   -0.19528
    0.07467
    0.01452
   -0.03025
   -0.05680
    0.03768
   -0.05788
   -0.03241
    0.03995
    0.07182
    0.02223
   -0.08859
   -0.06173
    0.05509
   -0.00930
   -0.07931
    0.00211
    0.05818
   -0.02094
    0.06647
   -0.11533
    0.05514
   -0.07510
   -0.08305
    0.08594
    0.09187
   -0.00247
   -0.02563
   -0.09468
    0.07343
   -0.11362
    0.07179
   -0.04200
    0.06649
   -0.06627
   -0.17883
    0.19767
   -0.05076
   -0.05625
    0.04355
    0.11744
   -0.03581
   -0.01275
   -0.09404
    0.18162
   -0.08189
   -0.00377
    0.00053
   -0.02803
    0.02437
   -0.03227
   -0.00031
   -0.15584
    0.09177
   -0.07834
   -0.18569
    0.08618
    0.12221
   -0.02528
   -0.03068
   -0.12852
    0.14912
   -0.05814
   -0.03197
   -0.02213
    0.06520
    0.02777
   -0.05907
   -0.18879
    0.09931
    0.02859
   -0.31733
    0.07915
    0.11927
   -0.01544
   -0.13217
   -0.05545
    0.15550
    0.02408
   -0.15029
    0.05884
    0.05484
   -0.02544
   -0.05840
   -0.19281
    0.10509
   -0.17236
    0.10382
    0.05514
    0.07267
   -0.01936
   -0.06728
   -0.13462
    0.10764
    0.03905
   -0.19179
   -0.06546
    0.09859
    0.06228
   -0.10437
   -0.13918
    0.05229
   -0.00812
    0.00824
   -0.08381
    0.06049
    0.02925
   -0.11397
    0.03661
    0.03605
   -0.01099
   -0.12084
    0.03442
    0.05747
   -0.00454
   -0.02252
   -0.11954
    0.08574
    0.13045
   -0.23514
   -0.01852
    0.02477
   -0.01095
   -0.06338
   -0.18554
    0.12688
    0.08160
   -0.12341
   -0.08423
    0.09166
    0.07504
   -0.17469
   -0.14681
    0.09933
   -0.10177
   -0.05350
    0.06016
    0.08069
    0.05596
   -0.27060
    0.00444
    0.05533
    0.04869
   -0.10926
   -0.05884
    0.08051
   -0.03075
    0.09639
   -0.11098
    0.04384
   -0.12281
   -0.06361
    0.13335
    0.05531
    0.00129
   -0.10333
   -0.10777
    0.13320
    0.07713
   -0.05636
   -0.09722
    0.05078
    0.02995
   -0.12139
   -0.07013
    0.06524
   -0.03956
   -0.15030
    0.00701
    0.11737
   -0.06940
   -0.30042
    0.15910
   -0.06731
   -0.05542
    0.04777
   -0.07359
    0.08677
   -0.08732
   -0.00590
   -0.09400
    0.11224
    0.02479
   -0.23700
    0.08550
    0.04050
   -0.04485
   -0.04661
   -0.15452
    0.19337
   -0.01817
   -0.05060
   -0.08774
    0.10946
    0.03398
    0.05681
   -0.44368
    0.05667
   -0.02844
   -0.10334
   -0.03295
    0.09185
    0.01788
   -0.06963
   -0.19032
    0.06833
    0.01364
   -0.04272
   -0.06764
    0.05312
   -0.07778
    0.02233
   -0.13696
    0.08687
   -0.14832
    0.07149
   -0.02958
    0.10930
   -0.08537
   -0.04880
   -0.16124
    0.09268
   -0.00207
    0.05047
   -0.05827
   -0.00112
   -0.00883
    0.01670
   -0.19390
    0.05469
   -0.08541
   -0.05416
    0.07550
    0.06765
   -0.08266
    0.02246
    0.09474
    0.01368
   -0.10283
   -0.13008
    0.20032
   -0.06531
   -0.10155
    0.00257
   -0.21786
    0.11785
   -0.05872
   -0.10604
    0.04178
    0.07821
   -0.02109
   -0.10068
   -0.20061
    0.10570
   -0.07053
   -0.05485
   -0.04936
    0.08853
    0.00470
    0.00993
   -0.24785
    0.08429
   -0.06906
   -0.01182
   -0.02093
    0.11754
    0.07442
   -0.04307
   -0.09529
   -0.02447
   -0.04035
    0.04011
   -0.14433
    0.11967
   -0.04582
    0.05577
   -0.24688
    0.14457
   -0.12520
    0.03330
   -0.01093
    0.16465
   -0.04881
    0.02226
   -0.09452
    0.09133
   -0.07463
    0.06963
   -0.05018
    0.09849
   -0.05357
   -0.02096
   -0.04917
    0.08698
   -0.15701
   -0.00871
    0.11913
    0.11071
    0.06915
   -0.00202
   -0.06743
   -0.07602
   -0.07399
    0.03140
   -0.03660
    0.11819
   -0.08511
   -0.05388
   -0.33159
    0.13403
   -0.13544
   -0.08349
   -0.05700
    0.20164
   -0.02526
    0.00837
   -0.33207
    0.15196
   -0.08938
    0.01425
   -0.11840
    0.13086
    0.01710
   -0.10194
   -0.32166
    0.13864
    0.03173
   -0.13809
   -0.10368
    0.11022
    0.00375
   -0.13930
   -0.23441
    0.16097
    0.01694
   -0.14123
   -0.07832
    0.13212
   -0.07872
   -0.02545
   -0.27012
    0.15120
   -0.22335
    0.07242
   -0.06085
    0.17475
   -0.06270
   -0.06791
   -0.21497
    0.14741
   -0.03357
   -0.03562
   -0.20403
    0.11940
   -0.00950
   -0.03452
   -0.16189
    0.07588
   -0.01413
   -0.14966
   -0.11407
    0.13782
    0.00174
   -0.09225
   -0.08724
    0.07900
   -0.05316
   -0.07835
   -0.09063
    0.13616
    0.05465
   -0.09672
   -0.38964
    0.12459
    0.01693
   -0.24945
   -0.20227
    0.16051
    0.01577
   -0.09502
   -0.31006
    0.14770
    0.06554
   -0.09994
   -0.19733
    0.13687
    0.00372
   -0.02770
   -0.28100
    0.13402
   -0.04333
   -0.08246
   -0.08869
    0.16351
    0.07257
   -0.10234
   -0.15339
    0.05630
   -0.03406
   -0.03975
   -0.14151
    0.16955
   -0.07063
    0.06872
   -0.32904
    0.14009
   -0.08948
   -0.04248
    0.01442
    0.10304
   -0.06493
   -0.07034
   -0.18469
    0.16278
   -0.05034
    0.10648
   -0.14654
    0.12922
    0.03721
   -0.04416
   -0.13696
    0.04243
   -0.02876
   -0.11648
   -0.07388
    0.13256
   -0.02522
    0.02262
   -0.01898
    0.03029
   -0.09218
    0.02786
   -0.12221
    0.17737
   -0.08481
   -0.04003
   -0.27906
    0.16352
   -0.09413
   -0.14487
    0.00249
    0.16193
   -0.17284
   -0.12561
   -0.42083
    0.24138
   -0.07383
    0.00235
   -0.14534
    0.17319
    0.02561
   -0.01493
   -0.26709
    0.05407
   -0.05287
   -0.09250
   -0.03208
    0.09325
   -0.02688
   -0.05304
   -0.13878
    0.09593
    0.01853
   -0.04553
   -0.09276
    0.03911
   -0.03541
   -0.02451
   -0.31631
    0.11827
   -0.14231
    0.02921
   -0.07627
    0.12376
   -0.06678
   -0.01907
   -0.21385
    0.12186
   -0.01272
    0.10475
   -0.16817
    0.01552
    0.01457
   -0.06681
   -0.14978
    0.05217
   -0.06480
   -0.10879
    0.04548
    0.06773
   -0.03045
   -0.06159
   -0.01160
    0.05191
   -0.04567
   -0.02153
   -0.01990
    0.03705
   -0.04021
   -0.03677
   -0.36424
    0.13388
   -0.16501
   -0.05048
   -0.10290
    0.15369
   -0.07145
   -0.05883
   -0.24496
    0.15033
   -0.06109
    0.00560
   -0.12387
    0.08608
