10 4 3 1 47 -6.5073 2.9118 4.0814 2670
 -0.00030   0.00187   0.03908  -0.02734 
  0.01581  -0.02682   0.06381  -0.04516 
 -0.00030  -0.00491   0.02973  -0.01623 
  0.00965   0.01757   0.01367  -0.03074 
  0.01988  -0.01616   0.03130  -0.03187 
  0.01325  -0.01441   0.06960  -0.05525 
 -0.01483   0.03972   0.02417  -0.02791 
 -0.02368   0.01757   0.08652  -0.05107 
  0.00913  -0.03224   0.09609  -0.06130 
  0.00444   0.02641   0.01774  -0.03415 
 -0.00831  -0.04051   0.08927  -0.03074 
  0.00705   0.02561   0.06671  -0.07490 
  0.00444   0.00855   0.01039  -0.01678 
  0.01683  -0.04518   0.05423  -0.02734 
 -0.00189   0.00355   0.04974  -0.03473 
 -0.02312   0.02879   0.01612  -0.00646 
 -0.00509  -0.00748   0.05720  -0.02960 
  0.00809  -0.01267   0.06888  -0.04988 
  0.00757   0.00938   0.02258  -0.02904 
 -0.01374  -0.03682   0.09405  -0.03130 
  0.01068   0.00938   0.06235  -0.06313 
  0.00287   0.01676   0.03598  -0.03875 
 -0.03615  -0.02682   0.09541  -0.01623 
 -0.00939  -0.00748   0.07389  -0.03818 
  0.00757  -0.01180   0.03130  -0.02120 
 -0.00831  -0.06435   0.09541  -0.02175 
 -0.00402  -0.01969   0.09337  -0.05226 
  0.00861   0.01431   0.03208  -0.04049 
  0.00287   0.00855   0.04520  -0.03991 
  0.01937   0.00606   0.04974  -0.06069 
 -0.01102  -0.01093   0.07032  -0.03130 
  0.00182  -0.03866   0.06454  -0.02286 
 -0.01210  -0.01880   0.10743  -0.05645 
  0.01377   0.00523   0.02017  -0.03130 
 -0.02592  -0.02592   0.10809  -0.03760 
 -0.03386   0.02081   0.10280  -0.05705 
  0.00129   0.00855   0.03598  -0.03130 
  0.01068  -0.01616   0.07246  -0.05345 
 -0.00777   0.00938   0.10678  -0.08123 
  0.01171  -0.00834   0.02736  -0.02510 
 -0.00509  -0.00406   0.07175  -0.04340 
  0.00287  -0.02862   0.07246  -0.03645 
 -0.00993   0.00187   0.03443  -0.01404 
 -0.03961   0.01919   0.04596  -0.00485 
  0.02139  -0.00662   0.10080  -0.09945 
  0.03575  -0.04331  -0.02033   0.00099 
  0.02088  -0.00577   0.05423  -0.05766 
  0.13195   0.04508  -0.03654  -0.20251 
  0.17220  -0.04612  -0.21577  -0.08507 
 -0.41969  -0.39456   0.53644  -0.33330 
 -1.56583  -3.42667   0.71137  -3.42667 
 -3.42667  -1.85406  -3.42667   0.51085 
  0.43970  -1.40575  -0.15144  -1.46267 
  0.34324   0.08368  -1.01094  -0.63970 
 -1.28786  -1.62485   0.70293  -1.62885 
 -0.53351  -0.60308  -0.80744   0.43223 
  0.09911  -0.30921  -0.16480   0.10050 
 -0.00242  -0.02413  -0.12816   0.07900 
  0.05295  -0.12639  -0.17101   0.09074 
  0.02540  -0.15804  -0.02836   0.06829 
 -0.00402  -0.14723  -0.11919   0.12694 
  0.03770  -0.13784  -0.14906   0.10092 
  0.02340  -0.15925  -0.10931   0.10592 
  0.03184  -0.17162  -0.11919   0.10674 
  0.01223  -0.15682  -0.06892   0.09797 
 -0.00030  -0.14486  -0.08197   0.10922 
 -0.01483  -0.09689  -0.04675   0.08729 
 -0.00509  -0.11855  -0.05915   0.09373 
 -0.02987  -0.14604  -0.05338   0.11978 
 -0.01156  -0.11084  -0.06892   0.10008 
 -0.00562  -0.10007  -0.07490   0.09373 
 -0.00885  -0.12301  -0.09124   0.11168 
  0.00234  -0.11194  -0.10178   0.10301 
 -0.00402  -0.11744  -0.06892   0.09670 
 -0.01868  -0.11855  -0.04301   0.09713 
 -0.00616  -0.12526  -0.10285   0.11494 
  0.01325  -0.13093  -0.08916   0.09628 
  0.00549  -0.12639  -0.04864   0.08338 
 -0.02705  -0.09795  -0.06499   0.10509 
 -0.04019  -0.09795  -0.03288   0.10050 
 -0.01210  -0.09901  -0.04023   0.08295 
 -0.02480  -0.10221  -0.05915   0.10259 
 -0.01428  -0.10650  -0.06011   0.09670 
 -0.03214  -0.09060  -0.06401   0.10550 
 -0.04252  -0.12413  -0.04115   0.11575 
 -0.03500  -0.11303  -0.04115   0.10633 
 -0.00616  -0.11303  -0.09859   0.10881 
 -0.01593  -0.11633  -0.03930   0.09245 
 -0.04780  -0.09901  -0.03471   0.10716 
 -0.04604  -0.07930  -0.04023   0.10050 
 -0.03500  -0.05084  -0.03016   0.07501 
 -0.04780  -0.07930  -0.04301   0.10301 
 -0.02201  -0.11523  -0.04864   0.10092 
 -0.02256  -0.08235  -0.04394   0.08599 
 -0.04545  -0.09479   0.00291   0.08556 
 -0.03443  -0.10221  -0.04582   0.10384 
 -0.04662  -0.07326  -0.03471   0.09586 
 -0.02090  -0.10114  -0.06499   0.10175 
 -0.04136  -0.07326  -0.02836   0.08902 
