IntronPotTab 1 1024 1.76347
    0.02490
   -0.15671
   -0.24160
    0.02179
    0.07282
   -0.17466
   -0.08707
   -0.01898
    0.04467
   -0.12764
   -0.09733
    0.00370
    0.05419
   -0.24203
   -0.14654
   -0.00731
    0.06864
   -0.20988
   -0.26866
   -0.00083
    0.01093
   -0.00965
   -0.07483
    0.00617
    0.07392
   -0.14450
   -0.14303
    0.00182
    0.11324
   -0.12317
   -0.17853
   -0.04152
    0.03828
   -0.14179
   -0.11772
   -0.00309
    0.04877
   -0.05318
   -0.03078
   -0.03799
    0.07604
   -0.07057
   -0.00044
   -0.10460
    0.05565
   -0.14197
   -0.04591
   -0.01709
    0.04115
   -0.23731
   -0.28654
    0.00604
    0.06973
   -0.15229
   -0.05934
   -0.03840
    0.05838
   -0.15362
   -0.19090
    0.03908
    0.06417
   -0.23633
   -0.16408
    0.00865
    0.00053
   -0.00039
   -0.32369
    0.05858
    0.13024
   -0.17456
   -0.14815
   -0.00682
    0.03116
   -0.14016
   -0.14529
    0.06723
    0.13078
   -0.28095
   -0.21350
   -0.01806
    0.05363
   -0.01333
   -0.18105
    0.00943
   -0.04499
    0.03054
   -0.00389
    0.03777
    0.05484
   -0.01152
   -0.09803
   -0.00557
    0.13956
   -0.01911
   -0.15119
   -0.05110
    0.04773
   -0.11401
   -0.25991
    0.04238
    0.08514
   -0.03774
   -0.05539
   -0.03528
    0.04990
   -0.10590
    0.02010
   -0.01817
    0.09698
   -0.08438
   -0.14008
   -0.01293
    0.08270
   -0.11454
   -0.30887
    0.00932
    0.04303
   -0.08188
   -0.05026
    0.00987
    0.05121
   -0.09222
   -0.16988
    0.06760
    0.12968
   -0.23565
   -0.19562
    0.03508
    0.06191
   -0.18512
   -0.16791
    0.02395
    0.06941
   -0.15039
   -0.08330
    0.01129
    0.06344
   -0.18634
   -0.09306
    0.01579
    0.10126
   -0.19129
   -0.11500
   -0.03408
    0.09895
   -0.23291
   -0.16982
    0.01297
    0.00463
   -0.09161
    0.05758
   -0.00249
    0.09238
    0.01299
   -0.10919
   -0.03367
    0.09253
   -0.03055
   -0.10774
   -0.02168
    0.04695
   -0.10745
   -0.11511
   -0.01078
    0.02190
    0.03175
   -0.01839
   -0.03199
    0.08425
   -0.18789
    0.03893
   -0.08423
    0.00179
   -0.04618
   -0.03155
    0.02709
    0.04120
   -0.22344
   -0.11603
    0.04220
    0.06757
   -0.12635
   -0.05188
   -0.03914
    0.04951
   -0.11055
   -0.11053
    0.04053
    0.09129
   -0.18085
   -0.12276
    0.01203
   -0.06463
   -0.15968
   -0.32392
    0.07601
    0.06294
   -0.23298
   -0.14544
    0.03295
    0.03582
   -0.21870
   -0.22972
    0.05251
    0.07594
   -0.27780
   -0.19174
   -0.03874
    0.03131
   -0.20904
   -0.31458
    0.05400
    0.00330
   -0.02369
   -0.06438
    0.01604
    0.07622
   -0.13492
   -0.19915
    0.01710
    0.13857
   -0.09989
   -0.21380
   -0.04799
    0.00849
   -0.18927
   -0.25202
    0.04629
    0.05698
   -0.08066
   -0.07559
   -0.00869
    0.05612
   -0.14569
   -0.05228
   -0.01883
    0.05704
   -0.20425
   -0.10222
    0.00399
    0.00363
   -0.26587
   -0.37975
    0.04894
    0.06401
   -0.15248
   -0.07472
   -0.02008
    0.03112
   -0.16735
   -0.24956
    0.07749
    0.07160
   -0.24313
   -0.23742
    0.00672
    0.03095
   -0.07292
   -0.22281
    0.03083
    0.09466
   -0.15378
   -0.14238
   -0.09074
    0.00620
   -0.02819
   -0.02680
    0.01464
    0.07677
   -0.17947
   -0.14710
   -0.02065
   -0.02854
    0.13700
   -0.21159
    0.03109
   -0.03422
    0.05174
    0.04557
    0.04135
   -0.04253
    0.02917
    0.02526
    0.02814
    0.05101
    0.01788
   -0.11418
   -0.02173
    0.00595
   -0.03033
   -0.05337
    0.01304
   -0.01157
    0.07102
    0.07654
   -0.02625
    0.05766
   -0.09326
    0.02823
   -0.06735
    0.02499
   -0.07264
   -0.02556
   -0.00397
   -0.01004
   -0.15465
   -0.32070
    0.07714
    0.03727
   -0.04229
   -0.03170
   -0.04042
    0.03520
   -0.13498
   -0.11196
    0.05708
    0.05243
   -0.15659
   -0.15325
    0.01977
    0.04350
   -0.09718
   -0.15591
    0.03481
   -0.01600
    0.00429
   -0.14599
    0.03442
    0.02400
   -0.16994
   -0.01775
    0.05057
    0.05793
   -0.10502
   -0.11297
    0.02280
    0.04585
    0.02574
   -0.09089
   -0.02978
   -0.16311
    0.21886
   -0.14568
    0.09431
    0.10778
   -0.09465
   -0.05395
   -0.07266
    0.03234
    0.07750
   -0.05797
   -0.03222
   -0.01609
   -0.06227
   -0.03549
    0.04015
   -0.04280
    0.13145
   -0.17274
   -0.02552
    0.06369
   -0.18979
    0.05286
   -0.02762
    0.04215
    0.00957
   -0.10743
   -0.00910
   -0.05372
   -0.02479
   -0.17828
    0.06808
    0.04704
   -0.03249
   -0.02013
   -0.01230
    0.05781
   -0.06112
   -0.15063
    0.04379
    0.02983
   -0.15152
   -0.20525
    0.08106
    0.07133
   -0.15626
   -0.16309
    0.00828
    0.06050
   -0.10649
   -0.05661
    0.00223
    0.04674
   -0.26112
   -0.02259
    0.04211
    0.07163
   -0.18187
   -0.06035
   -0.00606
    0.06494
   -0.03856
   -0.20341
   -0.00119
   -0.03734
    0.06026
    0.10831
   -0.01957
    0.03832
   -0.14060
    0.04247
   -0.01159
    0.04805
    0.08025
   -0.01886
   -0.06749
    0.00854
   -0.02917
   -0.14565
    0.03712
   -0.05148
    0.04599
   -0.04278
    0.05775
    0.05422
   -0.18486
   -0.02918
   -0.01423
   -0.03190
   -0.00311
   -0.01687
    0.04806
   -0.01115
   -0.09133
   -0.19204
    0.08733
    0.05526
   -0.08378
   -0.02882
   -0.04414
   -0.00477
   -0.07905
   -0.03880
    0.06314
    0.08615
   -0.16949
   -0.12016
    0.02626
   -0.04571
   -0.06468
   -0.38196
    0.08706
   -0.01961
   -0.03943
   -0.13834
    0.04487
    0.00762
   -0.16666
   -0.07451
    0.05075
    0.08261
   -0.13141
   -0.16887
   -0.00061
   -0.00245
   -0.00684
   -0.14208
    0.03131
   -0.03894
    0.14162
   -0.11184
    0.02867
    0.06961
   -0.11226
    0.01531
   -0.04175
    0.05513
    0.10033
   -0.10352
   -0.04475
   -0.01220
   -0.01487
   -0.16552
    0.03866
   -0.03673
    0.05625
    0.00014
    0.00239
    0.01769
   -0.02457
   -0.03162
   -0.00532
    0.02279
   -0.08945
   -0.02032
    0.00625
    0.00195
   -0.26237
   -0.30055
    0.10441
   -0.00659
   -0.00837
   -0.04581
    0.01616
   -0.01000
   -0.03397
   -0.08842
    0.06481
    0.01378
   -0.18110
   -0.23601
    0.06718
    0.02002
   -0.18373
   -0.16664
    0.05425
    0.04017
   -0.07628
   -0.05896
    0.00518
    0.03710
   -0.09595
   -0.05670
   -0.00753
    0.08957
   -0.22572
   -0.06594
   -0.02521
    0.05946
   -0.09362
   -0.12264
   -0.00876
   -0.01874
    0.06420
    0.01672
    0.00319
    0.01475
    0.06167
   -0.03929
   -0.02185
    0.07318
   -0.02040
   -0.11224
   -0.02187
    0.02322
   -0.11722
   -0.03719
    0.00397
   -0.00288
   -0.01958
    0.04883
   -0.00012
    0.06084
   -0.12913
    0.02347
   -0.07831
    0.03172
   -0.11119
    0.01836
   -0.01529
    0.02529
   -0.19865
   -0.16861
    0.04466
    0.06814
   -0.12105
   -0.01328
   -0.03220
    0.03485
   -0.07878
   -0.12168
    0.03728
    0.10317
   -0.20988
   -0.12800
    0.00072
    0.03760
   -0.12237
   -0.20369
    0.05886
    0.13314
   -0.17207
   -0.05051
    0.03719
    0.08104
   -0.16549
    0.00741
    0.02346
    0.09451
   -0.26617
   -0.05563
    0.02354
    0.03939
    0.00712
   -0.06430
   -0.02296
   -0.07494
    0.02362
    0.05347
    0.08152
    0.09198
   -0.00989
   -0.01752
   -0.10161
    0.13835
   -0.02234
    0.04053
   -0.08653
    0.01206
   -0.14459
   -0.05354
    0.04620
   -0.03214
    0.05227
   -0.16734
    0.02769
    0.00945
   -0.08785
   -0.01317
    0.03550
    0.02565
   -0.13775
    0.01697
    0.01850
   -0.01170
   -0.10148
   -0.13607
    0.07386
    0.04821
   -0.07052
    0.08139
   -0.01300
    0.05157
   -0.05864
   -0.06397
    0.01723
    0.15446
   -0.19678
   -0.13608
    0.04499
    0.07710
   -0.17793
   -0.15190
    0.01707
    0.03379
   -0.04550
   -0.04303
    0.00238
    0.07953
   -0.13503
   -0.04612
   -0.01146
    0.09004
   -0.17835
   -0.04262
   -0.02263
    0.11616
   -0.08450
   -0.06249
   -0.06642
   -0.01747
   -0.15412
    0.11544
    0.01436
    0.09862
   -0.07613
   -0.13820
    0.00886
    0.07379
   -0.04179
   -0.00245
   -0.04525
    0.02557
   -0.18773
   -0.02471
    0.00506
   -0.04200
   -0.08881
    0.08050
    0.04793
    0.03515
   -0.11925
    0.12679
   -0.08341
   -0.00246
   -0.06545
   -0.00617
    0.02180
    0.00254
   -0.09108
   -0.07697
    0.04684
    0.06655
   -0.09056
    0.03437
   -0.06664
    0.01705
   -0.01385
   -0.06960
    0.04619
    0.11007
   -0.17641
   -0.10365
    0.01860
   -0.01552
   -0.14584
   -0.26102
    0.07460
    0.05015
   -0.12755
   -0.07515
    0.02667
    0.00349
   -0.20327
   -0.21548
    0.07406
    0.11540
   -0.27667
   -0.15584
   -0.01456
    0.02759
   -0.12089
   -0.15803
    0.03152
   -0.05148
    0.05025
    0.02069
    0.06364
    0.04247
   -0.00355
   -0.07360
   -0.00937
    0.09210
   -0.03211
   -0.08530
   -0.02986
    0.00275
   -0.13312
   -0.15811
    0.04605
    0.01916
    0.02690
   -0.02842
   -0.02046
    0.06205
   -0.13642
    0.00070
   -0.02408
    0.01572
   -0.12135
    0.11905
   -0.02517
   -0.00437
   -0.20851
   -0.28971
    0.08422
    0.03102
    0.00431
   -0.02384
   -0.03815
   -0.01393
   -0.12916
   -0.18526
    0.10211
    0.08304
   -0.26703
   -0.14826
    0.03349
   -0.00156
   -0.16574
   -0.31219
    0.06124
    0.07151
   -0.19901
   -0.11815
   -0.02256
    0.04587
   -0.12511
   -0.15113
    0.03184
    0.06881
   -0.25929
   -0.20843
   -0.04503
   -0.00572
   -0.13281
   -0.27156
    0.07819
   -0.02164
   -0.02471
   -0.04097
    0.06045
    0.00047
   -0.04364
   -0.09388
    0.06084
    0.08536
   -0.14695
   -0.19782
   -0.01446
    0.01823
   -0.13402
   -0.11720
    0.02838
    0.05224
   -0.10031
   -0.02894
   -0.03756
    0.08342
   -0.08757
   -0.00646
   -0.08493
    0.06478
   -0.17924
   -0.10246
   -0.02687
   -0.05171
   -0.18468
   -0.33198
    0.06263
    0.04230
   -0.16838
   -0.07551
    0.00621
    0.00920
   -0.13443
   -0.24847
    0.10281
    0.04828
   -0.23251
   -0.20120
    0.00440
    0.03130
   -0.18125
   -0.26051
    0.06671
    0.10377
   -0.14293
   -0.13946
    0.02884
    0.04440
   -0.24260
   -0.05271
    0.06607
    0.11292
   -0.27737
   -0.13093
    0.02567
    0.03268
   -0.10126
   -0.09800
    0.02598
   -0.08210
    0.09011
   -0.05041
    0.05885
    0.06418
   -0.11382
   -0.02506
   -0.01920
    0.12936
   -0.06480
   -0.11972
   -0.01813
    0.04586
   -0.18976
   -0.10774
    0.01915
    0.05120
    0.00744
    0.04083
   -0.05386
    0.05987
   -0.16899
    0.03909
   -0.00939
    0.05769
   -0.14506
   -0.13075
    0.04167
    0.00055
   -0.23186
   -0.28745
    0.07996
    0.05750
   -0.17075
   -0.03682
    0.03347
    0.04824
   -0.09970
   -0.18558
    0.08513
    0.13868
   -0.27262
   -0.22046
    0.07063
    0.05781
   -0.22426
   -0.24688
    0.05394
    0.09169
   -0.16384
   -0.11807
   -0.00877
    0.06460
   -0.22613
   -0.09388
    0.04263
    0.10250
   -0.26671
   -0.12123
   -0.02176
    0.04110
   -0.15594
   -0.19093
    0.04476
   -0.02255
    0.00884
   -0.03259
    0.04833
    0.06414
   -0.13550
   -0.08531
    0.03267
    0.07973
   -0.11830
   -0.09356
    0.01112
    0.03756
   -0.15733
   -0.15124
    0.03743
    0.00630
   -0.00512
    0.04004
   -0.01831
    0.05253
   -0.06672
   -0.02116
   -0.03161
    0.05143
   -0.05110
   -0.08987
    0.01242
   -0.03370
   -0.19626
   -0.25614
    0.10270
    0.06969
   -0.15065
   -0.00107
   -0.05030
   -0.00672
   -0.11261
   -0.17433
    0.13170
    0.10901
   -0.29552
   -0.16283
    0.03409
   -0.02093
   -0.14535
   -0.33332
    0.05896
    0.05251
   -0.22955
   -0.12459
    0.04706
    0.02321
   -0.24539
   -0.11572
    0.06240
    0.03122
   -0.28459
   -0.19339
    0.02531
    0.04996
   -0.22310
   -0.28281
    0.03949
   -0.02527
    0.06155
   -0.05103
    0.02320
    0.06895
   -0.12918
   -0.18828
    0.03287
    0.09404
   -0.08006
   -0.20596
   -0.00196
    0.03196
   -0.21910
   -0.29953
    0.03969
    0.03881
   -0.06178
   -0.01085
   -0.00968
    0.05893
   -0.16294
   -0.04172
   -0.02029
    0.04866
   -0.18231
   -0.16176
    0.02015
   -0.02729
   -0.27319
   -0.37912
    0.07270
    0.05262
   -0.14723
   -0.07225
   -0.00275
    0.01381
   -0.17669
   -0.23270
    0.09240
    0.01481
   -0.30619
   -0.29356
    0.04871
