IntronPotTab 1 1024 -12.29595 1.34283 17.90457 52225 6 16  118.80
    0.08806
   -0.01857
   -0.08675
   -0.04267
   -0.02471
   -0.01764
   -0.01962
    0.06191
   -0.00230
   -0.01038
    0.02991
   -0.01180
   -0.04787
   -0.04335
    0.02402
    0.05486
    0.00761
    0.01077
   -0.05730
    0.03518
   -0.02741
    0.01606
   -0.02664
    0.04512
   -0.01176
   -0.01374
   -0.01276
    0.04216
    0.08034
   -0.04995
    0.01824
   -0.01671
   -0.00353
   -0.01355
    0.01509
    0.00146
   -0.00998
   -0.03226
   -0.00982
    0.04338
    0.00928
   -0.04148
    0.06326
   -0.02123
   -0.03502
   -0.06349
    0.04676
    0.03350
   -0.02363
   -0.00362
   -0.03278
    0.04430
   -0.03581
   -0.01887
   -0.02560
    0.07670
   -0.02288
    0.01041
   -0.02307
    0.03718
   -0.00697
   -0.05049
    0.01888
    0.02650
    0.01944
   -0.00979
   -0.05607
    0.05417
    0.02325
   -0.05424
   -0.06667
    0.09351
    0.02025
   -0.05282
   -0.01058
    0.05972
   -0.00665
   -0.07895
    0.01323
    0.07064
    0.01597
   -0.01388
   -0.06371
    0.06376
   -0.04988
    0.05996
   -0.06669
    0.07322
   -0.00859
   -0.02302
   -0.00353
    0.04082
    0.08941
   -0.03979
   -0.01803
    0.01978
    0.04612
   -0.04853
   -0.03924
    0.05796
    0.01378
   -0.05430
   -0.05063
    0.08737
    0.03235
   -0.06737
    0.01092
    0.04414
   -0.01452
   -0.08911
    0.00044
    0.10649
    0.26471
   -0.14560
   -0.11599
   -0.03348
    0.12545
   -0.07848
   -0.11400
    0.06881
    0.19008
   -0.12166
   -0.12654
    0.04506
    0.13977
   -0.09416
   -0.03820
    0.07259
    0.03519
   -0.02537
   -0.03688
    0.04447
    0.00107
   -0.03541
   -0.05373
    0.09829
    0.06324
   -0.09572
    0.01513
    0.02003
    0.04117
   -0.09089
    0.00715
    0.06240
    0.03220
   -0.02281
   -0.03751
    0.04186
   -0.00662
    0.01567
   -0.04209
    0.04407
    0.01998
   -0.04580
    0.01027
    0.02349
    0.14517
   -0.07468
    0.00626
   -0.00505
    0.00332
   -0.01976
    0.00098
    0.01480
   -0.00091
   -0.06819
   -0.02458
    0.08442
    0.00919
   -0.07521
    0.08955
   -0.02371
   -0.01532
   -0.07051
    0.02182
    0.05402
   -0.01091
   -0.06176
   -0.01017
    0.08826
    0.01956
   -0.04978
   -0.05117
    0.08715
    0.00600
   -0.03053
   -0.02896
    0.05961
    0.04207
   -0.10350
    0.01650
    0.05547
   -0.06640
    0.06475
   -0.02920
    0.03602
   -0.03924
   -0.06212
   -0.03428
    0.10873
   -0.00835
   -0.02064
   -0.00438
    0.03275
   -0.06880
   -0.04544
    0.04696
    0.04673
   -0.01419
    0.02099
   -0.06258
    0.04286
   -0.05688
    0.04721
   -0.02570
    0.05666
   -0.01157
   -0.00200
   -0.02183
    0.03031
    0.11363
   -0.03151
   -0.00464
   -0.02834
   -0.02196
   -0.00741
   -0.03439
    0.05656
   -0.01180
   -0.08183
   -0.03888
    0.09766
    0.00188
   -0.03609
    0.00534
    0.03635
   -0.04881
   -0.11131
    0.06289
    0.06526
    0.02121
   -0.02765
   -0.11300
    0.06433
   -0.00358
   -0.02483
   -0.06082
    0.07417
    0.00407
   -0.01579
   -0.05584
    0.05806
   -0.00015
   -0.07055
   -0.01870
    0.07011
    0.04161
    0.00083
   -0.06377
    0.01502
   -0.02358
    0.01500
   -0.05194
    0.07044
   -0.01733
   -0.00347
   -0.00683
    0.02939
   -0.04120
   -0.05361
   -0.00225
    0.08920
   -0.01295
    0.03182
   -0.05421
    0.03291
   -0.03663
    0.05798
   -0.05039
    0.05657
   -0.02357
   -0.00183
   -0.02527
    0.05075
    0.04264
   -0.00804
   -0.01385
   -0.00109
   -0.00982
   -0.00145
    0.01565
   -0.00466
   -0.01003
    0.00273
   -0.03689
    0.04900
    0.00154
   -0.02190
    0.04197
   -0.01146
    0.00264
   -0.06424
    0.01301
    0.04715
   -0.03536
   -0.00273
   -0.07181
    0.07598
   -0.01953
    0.00005
   -0.04160
    0.06803
   -0.04267
    0.02938
   -0.06662
    0.07476
   -0.02502
   -0.05345
   -0.00364
    0.05965
    0.00677
    0.01504
   -0.06855
    0.06453
    0.00605
    0.00264
   -0.07682
    0.07204
    0.01097
   -0.02395
   -0.02647
    0.04455
    0.00389
   -0.04351
   -0.04414
    0.09368
    0.01595
    0.01357
   -0.08507
    0.05284
   -0.12546
    0.13542
   -0.10768
    0.05195
   -0.03613
    0.03987
   -0.02790
    0.01042
    0.00938
    0.01306
   -0.05183
    0.02438
    0.02097
   -0.00723
   -0.06630
    0.07233
   -0.00997
    0.00408
   -0.05245
    0.05668
    0.01026
   -0.05822
    0.02492
    0.03811
   -0.02172
   -0.04850
   -0.01851
    0.09645
    0.09864
   -0.04554
   -0.06548
    0.01786
    0.02634
   -0.01556
   -0.10831
    0.11683
    0.04394
   -0.02072
   -0.11145
    0.09128
    0.07229
   -0.05344
   -0.07234
    0.12086
    0.03540
   -0.02385
   -0.05297
    0.06435
    0.00739
   -0.01325
   -0.05965
    0.09197
    0.02094
   -0.05916
    0.00687
    0.04424
    0.02980
   -0.09078
   -0.00633
    0.09521
    0.01409
   -0.00024
   -0.07171
    0.07230
   -0.03955
    0.06073
   -0.05550
    0.07712
   -0.03074
   -0.01004
   -0.00933
    0.05279
    0.10131
   -0.05433
   -0.02745
    0.04686
    0.02572
   -0.03420
   -0.01680
    0.02755
   -0.00850
   -0.03282
   -0.03636
    0.09203
    0.00398
   -0.04652
    0.05087
   -0.00347
   -0.00783
   -0.09058
   -0.00383
    0.10700
    0.01220
   -0.06565
   -0.06419
    0.13783
    0.00530
   -0.02586
   -0.05814
    0.10321
   -0.05736
   -0.01692
   -0.04627
    0.11127
    0.02553
   -0.11557
   -0.00977
    0.11441
   -0.23877
    0.26284
   -0.27547
    0.02713
   -0.00374
   -0.03967
   -0.05729
    0.08222
   -0.01233
   -0.03369
   -0.00845
    0.05627
   -0.04360
   -0.04643
    0.00973
    0.05924
   -0.11318
    0.15773
   -0.16985
    0.05349
   -0.07364
    0.10684
   -0.05042
    0.03742
   -0.03162
    0.02188
   -0.05923
    0.05213
    0.03265
    0.04631
   -0.03087
   -0.04243
   -0.14881
    0.19190
   -0.16411
    0.03934
   -0.02938
   -0.01350
   -0.05353
    0.06521
   -0.02344
   -0.02668
   -0.00019
    0.05295
   -0.02967
   -0.07454
    0.02580
    0.06122
   -0.05656
    0.06573
   -0.15475
    0.05935
   -0.03533
    0.00662
   -0.04910
    0.06229
   -0.05930
    0.01112
   -0.08825
    0.11958
   -0.03947
   -0.04783
   -0.03670
    0.08985
    0.01011
   -0.00165
   -0.02948
    0.02044
   -0.00577
   -0.01619
   -0.04041
    0.06293
   -0.01592
   -0.02105
    0.02254
    0.02788
   -0.04250
   -0.06924
    0.01791
    0.07567
   -0.00769
    0.00215
   -0.02637
    0.03575
   -0.02913
    0.01901
   -0.02316
    0.04600
   -0.03132
   -0.02212
    0.01076
    0.06121
    0.06592
   -0.06287
    0.03742
   -0.02007
   -0.02809
   -0.04461
    0.05876
    0.00217
   -0.02851
   -0.03255
   -0.02017
    0.06219
   -0.01398
   -0.03580
    0.08481
   -0.01850
   -0.04826
   -0.09432
    0.05974
    0.04355
   -0.04068
   -0.00361
   -0.04652
    0.06394
   -0.00523
   -0.03714
   -0.02352
    0.05979
   -0.01461
   -0.01676
   -0.01829
    0.05938
   -0.01366
   -0.06662
    0.00913
    0.05024
    0.00048
    0.00324
   -0.07261
    0.07877
    0.01386
   -0.05268
   -0.06821
    0.10464
    0.01891
   -0.05433
   -0.00497
    0.07181
   -0.01655
   -0.10303
    0.01373
    0.10241
    0.01396
   -0.01165
   -0.06813
    0.05709
   -0.07055
    0.08459
   -0.03111
    0.03496
   -0.01961
   -0.00787
    0.01646
    0.01963
    0.12036
   -0.04354
   -0.00676
    0.00343
    0.03819
   -0.04746
   -0.03592
    0.05969
   -0.00948
   -0.03636
   -0.02490
    0.06227
    0.01575
   -0.06748
    0.05955
    0.02967
   -0.00485
   -0.10096
    0.01237
    0.10290
    0.22567
   -0.11136
   -0.11939
   -0.01231
    0.08374
   -0.06735
   -0.10576
    0.08766
    0.12290
   -0.08373
   -0.08756
    0.07535
    0.11310
   -0.10890
   -0.02923
    0.10847
    0.04208
   -0.04001
   -0.04356
    0.05539
    0.00270
   -0.03029
   -0.05035
    0.09146
    0.02924
   -0.06142
    0.01545
    0.01628
    0.02771
   -0.10465
    0.00884
    0.07833
    0.00959
   -0.01939
   -0.02858
    0.04126
   -0.03215
    0.04837
   -0.03346
    0.04860
   -0.00105
   -0.02939
    0.00316
    0.02927
    0.08749
   -0.07222
    0.02601
   -0.01014
   -0.00300
   -0.03949
    0.02313
    0.01010
   -0.03483
   -0.04320
   -0.01364
    0.07808
   -0.02148
   -0.08456
    0.08307
   -0.00132
   -0.03811
   -0.10128
    0.04081
    0.06503
   -0.01109
   -0.05028
   -0.03069
    0.09195
   -0.00758
   -0.03690
   -0.05384
    0.10118
   -0.02500
   -0.03999
   -0.00983
    0.07982
    0.01688
   -0.15077
    0.00586
    0.10211
   -0.00706
    0.05682
   -0.09072
    0.03394
   -0.01924
   -0.03583
   -0.09145
    0.11903
   -0.01557
   -0.00903
   -0.01219
    0.03157
   -0.02737
   -0.05938
    0.00966
    0.06064
   -0.01643
    0.00313
   -0.05681
    0.06015
   -0.06570
    0.07017
   -0.04432
    0.06715
   -0.01265
   -0.00894
   -0.02136
    0.03534
    0.08980
   -0.02737
    0.00435
   -0.02049
   -0.00384
   -0.00875
   -0.06399
    0.06618
   -0.02130
   -0.08860
   -0.05143
    0.10289
   -0.01769
   -0.05114
    0.01436
    0.05866
   -0.06082
   -0.13570
    0.09073
    0.04275
    0.00967
   -0.02955
   -0.10364
    0.08924
   -0.03450
   -0.02991
   -0.05150
    0.09756
   -0.03200
   -0.01323
   -0.07396
    0.09721
   -0.03632
   -0.10365
   -0.01639
    0.10730
   -0.01187
    0.02415
   -0.03136
    0.02045
   -0.06270
   -0.01700
   -0.00915
    0.08478
   -0.00895
   -0.01919
    0.00990
    0.02118
   -0.09461
   -0.07869
    0.05507
    0.07795
   -0.04034
   -0.00237
   -0.00505
    0.05121
   -0.03969
    0.01588
   -0.01961
    0.05426
   -0.02220
   -0.02059
   -0.00006
    0.04568
    0.05490
   -0.07190
    0.04714
   -0.03181
   -0.00827
   -0.01932
    0.02064
    0.00348
   -0.03342
   -0.05729
   -0.03213
    0.09498
    0.01542
   -0.03435
    0.04247
   -0.02021
   -0.04735
   -0.08775
    0.05620
    0.04882
   -0.05685
   -0.00981
   -0.02622
    0.05991
   -0.04199
   -0.06151
   -0.03615
    0.12026
   -0.03348
    0.00292
   -0.04067
    0.06433
   -0.03682
   -0.09214
    0.03667
    0.04801
    0.00208
    0.01529
   -0.07658
    0.07232
    0.00709
   -0.05181
   -0.10750
    0.13297
    0.05223
   -0.06270
   -0.02977
    0.05747
    0.00221
   -0.09569
   -0.01240
    0.11943
    0.01590
   -0.02285
   -0.06250
    0.07111
   -0.08546
    0.07160
   -0.07595
    0.08723
   -0.01066
   -0.01369
   -0.02698
    0.04271
    0.14678
   -0.04974
   -0.01894
    0.01603
    0.03458
   -0.03623
   -0.04535
    0.06225
    0.02165
   -0.05976
   -0.07741
    0.09927
    0.03041
   -0.06573
   -0.00745
    0.05622
   -0.00837
   -0.10444
    0.01427
    0.11985
    0.22799
   -0.12441
   -0.12498
    0.01019
    0.06535
   -0.09308
   -0.16307
    0.16726
    0.11469
   -0.06643
   -0.12625
    0.08481
    0.14138
   -0.10493
   -0.03588
    0.11989
    0.03638
   -0.03907
   -0.05024
    0.07445
    0.00179
   -0.08292
   -0.06680
    0.14270
    0.03599
   -0.08037
    0.00399
    0.06276
    0.01768
   -0.10919
    0.01197
    0.07624
    0.01759
   -0.02995
   -0.07933
    0.10059
   -0.02220
   -0.00516
   -0.06883
    0.10965
   -0.02276
   -0.05482
   -0.02946
    0.10149
    0.10953
   -0.09565
   -0.01191
    0.05324
    0.01332
   -0.05335
   -0.01597
    0.05420
    0.01199
   -0.09942
   -0.06932
    0.13328
   -0.00633
   -0.09273
    0.05648
    0.04509
   -0.03259
   -0.12741
    0.01405
    0.11468
   -0.03485
   -0.07430
   -0.05776
    0.14128
   -0.00859
   -0.06430
   -0.07767
    0.15071
   -0.07172
   -0.04786
   -0.08441
    0.15265
   -0.00396
   -0.14967
    0.00064
    0.11031
   -0.06020
    0.11227
   -0.11537
    0.03663
   -0.03924
   -0.07401
   -0.04646
    0.12229
    0.00096
   -0.04883
   -0.00425
    0.05046
   -0.08773
   -0.08772
    0.01245
    0.09718
   -0.01883
    0.01770
   -0.06595
    0.05373
   -0.07149
    0.05545
   -0.03155
    0.05276
   -0.02658
   -0.01717
   -0.03529
    0.06030
    0.10408
   -0.03808
    0.01049
   -0.01900
   -0.02577
    0.03029
   -0.07763
    0.06087
   -0.01035
   -0.11572
   -0.06704
    0.11690
   -0.02328
   -0.08236
    0.01804
    0.08602
   -0.08390
   -0.14231
    0.04032
    0.10648
   -0.02645
   -0.01718
   -0.11288
    0.09209
   -0.03267
   -0.04529
   -0.05132
    0.09510
   -0.05248
   -0.03085
   -0.06453
    0.11726
   -0.08635
   -0.14220
   -0.05683
    0.14683
