IntronPotTab 1 1024 0.04505
   -0.00098
   -0.00986
   -0.01010
    0.00858
   -0.00999
    0.00377
   -0.01680
    0.01532
   -0.01234
   -0.00934
   -0.00847
    0.02089
   -0.00773
   -0.00717
   -0.00168
    0.01086
   -0.00620
   -0.01204
   -0.00979
    0.01755
   -0.01254
   -0.00127
   -0.01376
    0.02093
   -0.00982
   -0.01246
   -0.00694
    0.01866
   -0.00566
   -0.01184
   -0.00364
    0.01158
   -0.00289
   -0.01335
   -0.01309
    0.01825
   -0.01063
   -0.00086
   -0.01728
    0.01927
   -0.00786
   -0.00649
   -0.00396
    0.01613
   -0.00838
   -0.01230
   -0.00132
    0.01191
   -0.00654
   -0.01392
   -0.00335
    0.01369
   -0.00574
   -0.00919
   -0.01665
    0.01825
   -0.00705
   -0.01319
   -0.01695
    0.02135
   -0.00363
   -0.01687
    0.00091
    0.00736
   -0.00017
   -0.01673
   -0.01385
    0.01345
   -0.00781
   -0.00106
   -0.01886
    0.01615
   -0.00956
   -0.01390
   -0.00956
    0.02079
   -0.00912
   -0.01380
   -0.00395
    0.01283
   -0.00042
   -0.01689
   -0.01840
    0.01965
   -0.01155
   -0.00418
   -0.02516
    0.02490
   -0.01012
    0.00294
   -0.01678
    0.01740
    0.00020
   -0.01411
   -0.01052
    0.01262
   -0.00069
   -0.01558
   -0.01090
    0.01451
   -0.00807
   -0.00613
   -0.00010
    0.01316
   -0.00172
   -0.01055
   -0.00667
    0.01035
   -0.00741
   -0.01817
   -0.00413
    0.01518
   -0.00276
   -0.01783
   -0.01044
    0.01542
   -0.00260
   -0.01373
   -0.02148
    0.01841
   -0.00696
   -0.01345
   -0.01604
    0.02128
    0.00362
   -0.01650
    0.00216
    0.00344
   -0.00002
   -0.01034
   -0.01598
    0.01423
   -0.00660
    0.00666
   -0.02821
    0.01634
   -0.00550
   -0.00573
   -0.01106
    0.01979
   -0.00430
   -0.01578
   -0.01068
    0.01511
   -0.00568
   -0.01746
   -0.01258
    0.02334
   -0.01128
    0.00074
   -0.01479
    0.01907
   -0.00877
   -0.00840
   -0.00900
    0.02056
   -0.00104
   -0.01097
   -0.01078
    0.01307
    0.00270
   -0.00928
   -0.01389
    0.00983
   -0.00634
   -0.00205
   -0.01998
    0.01731
   -0.00745
   -0.00270
   -0.00667
    0.01628
   -0.01852
   -0.00237
   -0.00331
    0.01857
   -0.00759
   -0.01148
   -0.00533
    0.01791
   -0.00338
   -0.00330
   -0.02742
    0.01722
   -0.00685
   -0.00670
   -0.01537
    0.02188
    0.00173
   -0.02073
   -0.00148
    0.00651
   -0.00756
   -0.00834
   -0.00920
    0.01613
   -0.00968
   -0.00282
   -0.02384
    0.02105
   -0.01291
   -0.00940
   -0.00784
    0.01945
   -0.00721
   -0.01240
   -0.00527
    0.01101
   -0.00589
   -0.01436
   -0.00668
    0.01675
   -0.00549
   -0.00654
   -0.01718
    0.01498
   -0.00874
   -0.00817
   -0.00689
    0.01883
   -0.00464
   -0.01047
   -0.00382
    0.00999
   -0.00251
   -0.01178
   -0.01035
    0.01385
   -0.00617
   -0.00348
   -0.02759
    0.01766
   -0.00840
   -0.01233
   -0.00440
    0.01803
   -0.00651
   -0.01925
   -0.00006
    0.01180
   -0.00712
   -0.01644
   -0.00552
    0.01509
   -0.00211
   -0.01180
   -0.02866
    0.01830
   -0.00514
   -0.01281
   -0.01943
    0.01958
   -0.00255
   -0.01749
   -0.00121
    0.00760
   -0.00070
   -0.00995
   -0.01167
    0.01018
   -0.01507
    0.00538
   -0.01567
    0.01928
   -0.01081
   -0.01109
   -0.00374
    0.01970
   -0.01043
   -0.00899
   -0.00517
    0.01464
   -0.00288
   -0.01074
   -0.01277
    0.01655
   -0.01404
    0.00839
   -0.02043
    0.01844
   -0.00758
   -0.00162
   -0.00893
    0.01407
   -0.00762
   -0.00510
   -0.00596
    0.01127
    0.00032
   -0.00502
   -0.01607
    0.01132
   -0.01314
    0.00660
   -0.01890
    0.01733
   -0.00807
   -0.00742
    0.01215
    0.00482
   -0.00667
   -0.01189
   -0.00635
    0.01267
   -0.00389
   -0.01760
   -0.00616
    0.01383
   -0.00940
   -0.00501
   -0.01873
    0.02056
   -0.00665
   -0.01443
   -0.01458
    0.02225
   -0.00460
   -0.01401
    0.00255
    0.00658
    0.00087
   -0.01022
   -0.01177
    0.01016
   -0.00361
   -0.00651
   -0.02179
    0.01509
   -0.00715
   -0.01094
   -0.01224
    0.02214
   -0.00647
   -0.01437
   -0.00288
    0.01258
   -0.00104
   -0.00754
   -0.01389
    0.01457
   -0.00853
    0.00326
   -0.02719
    0.01338
   -0.00370
   -0.00600
   -0.00991
    0.01694
   -0.00842
   -0.00845
   -0.00253
    0.01286
    0.00129
   -0.00809
   -0.00937
    0.00849
   -0.00781
   -0.00150
   -0.00594
    0.01199
   -0.00039
   -0.01334
   -0.00718
    0.01469
   -0.00503
   -0.01915
   -0.00234
    0.01485
   -0.00346
   -0.01972
   -0.00182
    0.01615
   -0.00327
   -0.00984
   -0.02542
    0.01862
   -0.01000
   -0.00783
   -0.01607
    0.02626
    0.00074
   -0.02000
    0.00564
    0.00786
    0.00250
   -0.00772
   -0.01842
    0.01092
   -0.00809
    0.00682
   -0.02050
    0.01523
   -0.00810
   -0.01081
   -0.01082
    0.02536
   -0.00869
   -0.01410
   -0.01396
    0.01933
   -0.00375
   -0.00649
   -0.01554
    0.01771
   -0.00861
    0.00780
   -0.01718
    0.01329
   -0.00728
   -0.00538
   -0.00897
    0.01727
   -0.00021
   -0.00789
   -0.00630
    0.00833
    0.00451
    0.00064
   -0.02278
    0.00882
   -0.00985
    0.00780
   -0.01894
    0.01327
   -0.00841
    0.00030
   -0.00840
    0.01530
   -0.01095
    0.00373
   -0.01230
    0.01360
   -0.00901
   -0.00686
   -0.00750
    0.01866
   -0.00391
    0.00591
   -0.01862
    0.01108
   -0.00646
   -0.00850
   -0.01232
    0.02006
   -0.00518
   -0.01279
   -0.00715
    0.01056
   -0.00477
   -0.01088
   -0.00834
    0.01436
   -0.01295
   -0.00589
   -0.02688
    0.02538
   -0.01051
   -0.00896
   -0.00706
    0.01861
   -0.01070
   -0.00912
   -0.00339
    0.01223
   -0.00501
   -0.01724
   -0.00921
    0.01989
   -0.00861
    0.00534
   -0.03374
    0.01642
   -0.00770
   -0.00760
   -0.00882
    0.01830
   -0.00538
   -0.00917
   -0.00389
    0.01083
   -0.00369
   -0.00514
   -0.00782
    0.01180
   -0.00768
    0.00219
   -0.03625
    0.01804
   -0.00888
   -0.00399
   -0.00651
    0.01584
   -0.00860
   -0.01295
   -0.00358
    0.01352
   -0.00309
   -0.02393
   -0.00362
    0.01588
   -0.00461
   -0.00090
   -0.03326
    0.01656
   -0.00671
   -0.01421
   -0.01119
    0.02002
   -0.00295
   -0.01182
   -0.00163
    0.00694
   -0.00479
   -0.00880
   -0.00603
    0.01288
   -0.01105
    0.00283
   -0.01764
    0.01693
   -0.01389
   -0.00946
   -0.00173
    0.02359
   -0.00597
   -0.01267
   -0.00434
    0.01170
   -0.00553
   -0.00963
   -0.00515
    0.01391
   -0.01008
    0.00529
   -0.01307
    0.01517
   -0.00916
   -0.00708
   -0.01155
    0.01876
   -0.00116
   -0.00516
   -0.00781
    0.00820
   -0.00304
   -0.00616
   -0.01262
    0.01670
   -0.00885
    0.00515
   -0.02280
    0.01432
   -0.01377
   -0.00841
    0.00246
    0.02169
   -0.00472
   -0.01094
   -0.00548
    0.01019
   -0.00322
   -0.01433
   -0.00447
    0.01072
   -0.00448
   -0.00732
   -0.02150
    0.01819
   -0.00654
   -0.01409
   -0.01571
    0.02524
    0.00008
   -0.01703
   -0.00539
    0.00759
   -0.00441
   -0.01266
   -0.01334
    0.01761
   -0.00816
    0.00168
   -0.01772
    0.01259
   -0.00912
   -0.01955
   -0.01025
    0.02528
   -0.00679
   -0.02134
    0.00347
    0.01131
   -0.00221
   -0.00816
   -0.01317
    0.01392
   -0.00589
   -0.00699
   -0.02315
    0.01817
   -0.00834
    0.00304
   -0.01620
    0.01968
   -0.00101
   -0.01258
   -0.00640
    0.01083
   -0.00340
   -0.01602
   -0.01046
    0.01821
   -0.00489
   -0.00339
   -0.00362
    0.00904
   -0.01304
   -0.01689
   -0.00749
    0.02650
   -0.00061
   -0.01817
    0.00011
    0.00850
   -0.00347
   -0.01672
   -0.00713
    0.01544
    0.00120
   -0.01434
   -0.02542
    0.01536
   -0.00613
   -0.01522
   -0.01578
    0.02271
    0.00993
   -0.02365
    0.00116
    0.00380
    0.00255
   -0.01314
   -0.01296
    0.01107
   -0.01259
    0.00972
   -0.02081
    0.01673
   -0.00407
   -0.01222
   -0.00880
    0.01985
   -0.00150
   -0.02089
   -0.01407
    0.01647
   -0.00634
   -0.01070
   -0.00638
    0.01818
   -0.00739
   -0.00722
   -0.01298
    0.02026
   -0.01033
    0.00271
   -0.00874
    0.01674
   -0.00054
   -0.01304
   -0.00633
    0.01275
    0.00420
   -0.00739
   -0.01205
    0.00706
   -0.00742
   -0.00200
   -0.01598
    0.01441
   -0.00725
   -0.01392
    0.00151
    0.01393
   -0.01229
   -0.00552
   -0.00599
    0.01554
   -0.01234
   -0.00509
   -0.00773
    0.02177
   -0.00246
   -0.00235
   -0.02376
    0.01620
   -0.01232
   -0.00020
   -0.01337
    0.02514
   -0.00300
   -0.01955
   -0.00160
    0.01109
   -0.00455
   -0.00722
   -0.02302
    0.01840
   -0.00751
   -0.00193
   -0.02868
    0.01861
   -0.00674
   -0.01011
   -0.00795
    0.01560
   -0.00714
   -0.01440
   -0.00743
    0.01322
   -0.00258
   -0.02177
   -0.00419
    0.01673
   -0.00840
   -0.00619
   -0.01384
    0.01791
   -0.00538
   -0.00908
   -0.00345
    0.01353
   -0.00086
   -0.00836
   -0.00536
    0.00748
   -0.00145
   -0.01196
   -0.01326
    0.01502
   -0.00728
   -0.00586
   -0.02534
    0.02030
   -0.00820
   -0.00652
    0.00179
    0.01003
   -0.00295
   -0.02124
   -0.00238
    0.01142
   -0.00612
   -0.01794
   -0.00943
    0.01802
   -0.00100
   -0.01271
   -0.02847
    0.01844
   -0.00332
   -0.01220
   -0.01148
    0.01569
   -0.00073
   -0.01942
   -0.00570
    0.00982
   -0.00393
   -0.00691
   -0.00716
    0.01007
   -0.01087
    0.00096
   -0.02173
    0.01806
   -0.00868
   -0.01328
   -0.00882
    0.01929
   -0.01042
   -0.00662
   -0.00160
    0.01051
   -0.00419
   -0.01115
   -0.01257
    0.01532
   -0.00964
   -0.00135
   -0.01975
    0.01835
   -0.00503
   -0.00450
   -0.01116
    0.01327
   -0.00524
   -0.00534
    0.00246
    0.00430
   -0.00383
   -0.00609
   -0.01398
    0.01583
   -0.00853
   -0.00821
   -0.02453
    0.02133
   -0.00539
   -0.00511
   -0.01086
    0.01516
   -0.00960
   -0.01059
   -0.00059
    0.01004
   -0.00634
   -0.01596
   -0.00696
    0.01305
   -0.00729
   -0.00631
   -0.02387
    0.01852
   -0.00782
   -0.01047
   -0.01655
    0.01923
   -0.00225
   -0.01057
    0.00209
    0.00338
   -0.00267
   -0.01578
   -0.01081
    0.01564
   -0.00608
   -0.01195
   -0.02470
    0.02085
   -0.01287
   -0.01552
   -0.00982
    0.02516
   -0.00733
   -0.01889
   -0.00052
    0.01211
   -0.00182
   -0.01505
   -0.01884
    0.01932
   -0.00610
   -0.00031
   -0.02476
    0.01502
   -0.00947
   -0.00601
   -0.00424
    0.01634
    0.00323
   -0.01599
   -0.00421
    0.00907
   -0.00231
   -0.01090
   -0.01134
    0.01382
   -0.01057
   -0.00525
   -0.00682
    0.01612
   -0.00795
   -0.00208
   -0.00487
    0.01302
   -0.00653
   -0.01750
    0.00063
    0.01248
   -0.00497
   -0.01809
   -0.00833
    0.01739
   -0.00220
   -0.01061
   -0.02632
    0.01591
   -0.00701
   -0.01439
   -0.02275
    0.02650
    0.00648
   -0.02218
    0.00459
    0.00496
   -0.00187
   -0.00729
   -0.01357
    0.01342
   -0.00953
    0.00742
   -0.03226
    0.02024
   -0.00585
   -0.01136
   -0.00730
    0.01808
   -0.00481
   -0.01662
   -0.01453
    0.01670
   -0.00752
   -0.00962
   -0.01795
    0.02237
   -0.00853
   -0.00546
   -0.02214
    0.02227
   -0.00685
   -0.00704
   -0.00737
    0.01511
    0.00130
   -0.01615
   -0.01144
    0.01246
    0.00383
   -0.01165
   -0.01748
    0.01166
   -0.00618
   -0.00174
   -0.03026
    0.02238
   -0.00635
   -0.00873
   -0.00413
    0.01441
   -0.01131
   -0.00607
   -0.01346
    0.01838
   -0.00895
   -0.01337
   -0.00530
    0.01748
   -0.00260
   -0.00797
   -0.02388
    0.01586
   -0.01056
   -0.00739
   -0.01841
    0.02349
    0.00143
   -0.02057
   -0.00494
    0.00791
   -0.00490
   -0.01062
   -0.01031
    0.01410
   -0.01273
   -0.00294
   -0.02983
    0.02383
   -0.01533
   -0.01083
   -0.00887
    0.02301
   -0.01031
   -0.00927
    0.00097
    0.00823
   -0.00780
   -0.00627
   -0.01621
    0.01863
   -0.01100
   -0.00088
   -0.01905
    0.01649
   -0.00984
   -0.00247
   -0.00780
    0.01641
   -0.00326
   -0.01173
    0.00083
    0.00660
   -0.00414
   -0.00597
   -0.01170
    0.01409
   -0.00922
   -0.00215
   -0.02508
    0.01790
   -0.01187
   -0.00542
   -0.00587
    0.01921
   -0.00881
   -0.01343
   -0.00115
    0.01118
   -0.00609
   -0.01748
   -0.00776
    0.01465
   -0.00858
   -0.00374
   -0.02689
    0.01828
   -0.01034
   -0.01343
   -0.01630
    0.02234
   -0.00519
   -0.01699
   -0.00476
    0.00961
