IntronPotTab 1 1024 2.91194
   -0.06171
   -0.00107
   -0.35956
    0.17987
    0.03369
   -0.07785
   -0.00984
   -0.00817
    0.02500
   -0.10489
   -0.01599
    0.02449
    0.01293
   -0.14471
    0.01729
    0.04363
   -0.00140
    0.05308
   -0.53661
    0.11798
    0.02039
   -0.02063
   -0.01716
   -0.02407
    0.01908
   -0.07188
   -0.06076
    0.02683
    0.13654
   -0.02733
   -0.02718
   -0.03624
    0.01135
   -0.10002
   -0.04852
    0.06433
   -0.00950
    0.00302
   -0.02127
    0.01915
    0.02820
   -0.04260
   -0.12585
    0.02294
   -0.07867
   -0.14006
    0.02000
    0.09118
    0.00163
   -0.11042
   -0.47253
    0.13953
    0.09965
   -0.14015
   -0.09455
   -0.03975
    0.09365
   -0.16886
   -0.14251
    0.02843
    0.05196
   -0.09903
   -0.06316
    0.06279
   -0.04133
    0.09263
   -0.48458
    0.14243
    0.08615
   -0.12299
   -0.03799
   -0.03554
   -0.04039
   -0.06550
   -0.01911
    0.10329
   -0.00044
   -0.10906
    0.03252
    0.03075
   -0.06953
    0.03282
   -0.56576
    0.14311
   -0.02628
   -0.03181
   -0.02003
    0.05493
    0.01074
   -0.07375
   -0.07056
    0.04006
    0.11111
   -0.06659
   -0.10587
    0.04068
    0.02550
    0.03069
   -0.43265
    0.12885
    0.03305
   -0.08533
    0.17389
   -0.05863
    0.02514
   -0.07511
   -0.16123
    0.05002
    0.01964
   -0.14247
    0.07990
    0.00086
    0.02118
   -0.01548
   -0.52962
    0.11185
    0.07967
   -0.14455
   -0.08111
    0.02724
    0.07866
   -0.09820
   -0.20650
    0.07201
   -0.01699
   -0.15707
   -0.01063
    0.08688
   -0.01016
   -0.02452
   -0.13866
    0.11484
    0.05927
   -0.13583
   -0.16958
    0.05272
    0.03856
   -0.13740
   -0.09326
    0.07390
   -0.05919
   -0.01798
   -0.01867
    0.05231
    0.03658
   -0.10387
   -0.09443
    0.05387
   -0.02200
    0.08500
   -0.09578
    0.02361
    0.04785
   -0.08506
    0.03166
   -0.05799
    0.07727
   -0.04244
   -0.06512
    0.03544
   -0.00921
   -0.04575
   -0.04820
    0.06651
    0.04708
   -0.07612
   -0.08998
    0.00430
   -0.02309
   -0.09920
   -0.04476
    0.07898
   -0.11169
   -0.10121
    0.00451
    0.09891
   -0.06601
   -0.10743
    0.08530
    0.04782
    0.04671
   -0.11842
    0.02822
   -0.02376
    0.04009
   -0.13561
   -0.13687
    0.09940
    0.00780
   -0.02198
   -0.01595
    0.02234
   -0.43708
    0.05392
   -0.60649
    0.22652
    0.03990
   -0.10505
   -0.02726
    0.01826
   -0.01787
   -0.05277
   -0.05510
    0.07364
    0.11996
   -0.18736
   -0.00611
    0.01462
   -0.14459
    0.00390
   -0.63315
    0.16684
   -0.02570
   -0.10866
   -0.00509
    0.06998
   -0.04387
   -0.02743
    0.03615
    0.04696
    0.08899
   -0.01229
   -0.09112
    0.00406
   -0.03749
   -0.03746
   -0.60852
    0.15543
    0.04273
   -0.09438
    0.12828
   -0.04846
    0.01489
   -0.12988
   -0.16113
    0.08167
   -0.03538
   -0.12769
    0.07294
    0.03105
   -0.08112
   -0.11718
   -0.59506
    0.17883
    0.10078
   -0.13260
   -0.07597
   -0.04398
    0.05577
   -0.15204
   -0.15284
    0.08113
    0.06784
   -0.07219
   -0.06972
    0.05047
   -0.02112
    0.03983
   -0.44931
    0.13657
    0.03686
   -0.05530
   -0.08455
   -0.02069
    0.00328
   -0.04112
   -0.06859
    0.04473
   -0.00506
   -0.06628
    0.03363
    0.01438
   -0.09466
    0.20541
   -0.67289
    0.10493
    0.02220
   -0.01737
   -0.11558
   -0.01042
    0.00013
    0.00074
   -0.06526
    0.02600
    0.04486
   -0.00553
   -0.11107
    0.03178
    0.00163
   -0.01643
   -0.00071
    0.00632
    0.00383
   -0.08559
    0.11116
   -0.00411
    0.05230
   -0.06630
   -0.17646
   -0.00995
   -0.00158
   -0.03045
   -0.00892
    0.02432
   -0.03440
    0.01453
   -0.62543
    0.14848
    0.09819
   -0.12241
   -0.12617
   -0.09509
    0.08749
   -0.15464
   -0.19571
    0.03984
   -0.02018
    0.00148
   -0.05026
    0.04377
   -0.03948
    0.06537
   -0.45634
    0.11747
    0.02556
   -0.01690
    0.03322
   -0.02704
   -0.01491
   -0.01837
   -0.03009
    0.03965
   -0.03120
   -0.00029
    0.04604
   -0.01210
   -0.03768
    0.03322
   -0.59798
    0.11432
   -0.11252
    0.02939
    0.03017
    0.13061
    0.03209
   -0.12810
   -0.19843
    0.03134
    0.13309
   -0.06163
   -0.05549
   -0.00111
    0.03769
   -0.07927
   -0.41619
    0.12436
    0.01637
   -0.05384
    0.12612
   -0.01574
   -0.04958
    0.05630
    0.06585
    0.00556
    0.00726
   -0.07405
    0.04535
    0.00795
   -0.07331
   -0.08577
   -0.52429
    0.15341
    0.06566
   -0.07757
   -0.03621
    0.00094
    0.04282
   -0.17417
   -0.21088
    0.09665
    0.03206
   -0.11896
   -0.02323
    0.08279
   -0.02610
    0.04651
   -0.54623
    0.15102
    0.03663
   -0.03347
   -0.01052
   -0.03294
    0.01369
   -0.07161
   -0.12735
    0.06336
   -0.04514
   -0.01044
    0.01178
    0.02309
   -0.05809
    0.15025
   -0.73091
    0.12962
    0.04981
   -0.12050
    0.07661
   -0.07793
   -0.05078
    0.06303
   -0.15418
    0.06918
    0.01488
    0.06260
   -0.08300
   -0.01650
    0.07241
   -0.00302
   -0.57219
    0.11739
    0.00209
   -0.09990
    0.12653
   -0.00605
   -0.03884
    0.01160
   -0.14950
    0.07673
   -0.15159
   -0.08010
    0.03011
    0.10153
    0.01661
    0.02156
   -0.55259
    0.10542
    0.10697
   -0.14732
   -0.00998
   -0.10407
    0.05925
   -0.19295
   -0.17039
    0.07334
    0.06842
   -0.00192
   -0.07427
    0.02437
   -0.12863
    0.14138
   -0.51064
    0.13080
   -0.02455
   -0.06979
   -0.07454
    0.06523
   -0.02094
   -0.12699
    0.01758
    0.06887
   -0.01213
   -0.12568
   -0.02793
    0.06341
   -0.10387
    0.10619
   -0.48100
    0.14062
   -0.03397
   -0.03476
    0.06092
    0.03676
   -0.03042
    0.07740
    0.00615
    0.00295
    0.06195
    0.02697
   -0.05267
   -0.02751
   -0.02106
    0.14025
   -0.33903
    0.08049
   -0.00151
   -0.03119
    0.06025
    0.00435
   -0.01537
   -0.03780
   -0.08498
    0.05522
   -0.02102
   -0.05078
    0.07817
   -0.01165
    0.02098
   -0.03907
   -0.41067
    0.08260
    0.05521
   -0.06578
   -0.10239
    0.00606
    0.04858
   -0.09887
   -0.17227
    0.05743
    0.05486
   -0.08955
   -0.03653
    0.05137
   -0.02990
   -0.00382
   -0.40169
    0.16340
   -0.01429
   -0.05070
   -0.01869
    0.06718
    0.00438
   -0.03271
   -0.04534
    0.05289
   -0.00628
   -0.07374
    0.03770
    0.00709
   -0.01625
    0.07144
   -0.46477
    0.10285
   -0.00097
   -0.01187
   -0.01004
    0.00930
    0.03343
   -0.11166
   -0.07153
    0.00757
    0.12369
   -0.02127
   -0.06315
   -0.00899
   -0.00098
   -0.05483
   -0.04417
    0.07455
   -0.00581
   -0.04448
    0.05257
    0.00829
    0.03784
   -0.05571
   -0.09520
   -0.01308
   -0.09304
   -0.10121
    0.05587
    0.04096
    0.01199
   -0.05290
   -0.39073
    0.11016
    0.10688
   -0.17582
   -0.07005
   -0.03244
    0.11286
   -0.28189
   -0.14529
   -0.05713
    0.04134
   -0.02958
    0.00007
   -0.00086
   -0.01193
    0.01323
   -0.33898
    0.13253
    0.06370
   -0.14490
    0.03697
   -0.00768
   -0.05142
    0.00790
   -0.09660
    0.08479
   -0.03749
   -0.05705
    0.08416
   -0.00837
   -0.01324
    0.02659
   -0.43675
    0.07546
    0.02428
   -0.01119
    0.07307
   -0.06105
    0.04718
   -0.05712
   -0.03921
   -0.03060
    0.03846
   -0.06184
   -0.01168
    0.03019
    0.04532
   -0.03904
   -0.28048
    0.11156
    0.08726
   -0.13283
    0.21851
   -0.12212
    0.07497
   -0.08821
   -0.15203
   -0.00944
   -0.01991
   -0.14411
    0.20271
   -0.06901
    0.05191
   -0.04753
   -0.40304
    0.07691
    0.10421
   -0.16395
    0.01010
   -0.03590
    0.10435
   -0.13779
   -0.14396
    0.04117
    0.09321
   -0.06981
   -0.01120
    0.02110
   -0.03005
   -0.03323
   -0.43915
    0.20024
    0.01826
    0.00699
   -0.05507
   -0.00273
    0.02271
   -0.13482
   -0.05567
    0.08990
   -0.03501
   -0.05487
    0.03236
    0.01933
   -0.00337
    0.04171
   -0.32743
    0.10485
    0.04172
   -0.08751
   -0.01159
   -0.04353
    0.04553
   -0.15191
    0.04267
   -0.02157
    0.13743
   -0.01705
   -0.09197
    0.00286
    0.05392
   -0.12209
   -0.33009
    0.15016
   -0.00812
    0.00337
    0.13495
   -0.06746
    0.00144
   -0.31301
    0.00454
    0.09252
   -0.07390
   -0.09288
    0.00092
    0.07155
    0.00393
   -0.08964
   -0.27001
    0.12999
    0.07807
   -0.12214
   -0.00853
   -0.05956
    0.08563
   -0.12738
   -0.11408
    0.04280
    0.07127
   -0.07868
    0.01862
   -0.00354
   -0.11959
    0.11674
   -0.43290
    0.14787
    0.06573
   -0.08265
   -0.06300
   -0.02229
   -0.06850
   -0.16587
   -0.29898
    0.16333
    0.12121
   -0.13943
   -0.01303
    0.01382
   -0.07059
    0.02852
   -0.52939
    0.12343
    0.00982
   -0.12807
   -0.03526
    0.03064
   -0.03260
   -0.02635
   -0.02214
    0.04532
    0.07323
   -0.03631
    0.00764
   -0.00871
    0.03895
   -0.02322
   -0.46097
    0.11370
    0.03958
   -0.09654
    0.19224
   -0.06471
   -0.00297
   -0.05629
   -0.14344
    0.04667
   -0.09763
   -0.20259
    0.19903
   -0.06441
    0.00052
   -0.06381
   -0.47271
    0.12604
    0.11296
   -0.15837
   -0.04663
   -0.05240
    0.04366
   -0.17740
   -0.18130
    0.08543
    0.06259
   -0.09587
   -0.03284
    0.05102
   -0.00248
    0.01063
   -0.43092
    0.11144
    0.02570
   -0.01244
   -0.07900
    0.00013
    0.03497
   -0.06653
   -0.08747
    0.08009
    0.05823
   -0.14257
   -0.02935
    0.02261
   -0.02720
    0.09161
   -0.59735
    0.14597
    0.02639
   -0.04661
   -0.06409
   -0.01057
    0.03452
   -0.07390
   -0.02518
   -0.01931
    0.14136
   -0.06748
   -0.08404
   -0.02238
    0.04549
   -0.09887
   -0.09778
    0.05157
   -0.02851
    0.06564
    0.06547
   -0.02852
    0.07001
   -0.04871
   -0.07782
   -0.04882
    0.05675
   -0.19827
   -0.04193
    0.04648
   -0.08631
   -0.06726
   -0.62884
    0.17532
    0.09672
   -0.14350
   -0.07919
   -0.05003
    0.10350
   -0.19967
   -0.12278
    0.01405
    0.09148
   -0.08390
   -0.06099
    0.02774
   -0.02969
    0.05168
   -0.47213
    0.13518
    0.07711
   -0.10249
   -0.03095
   -0.03867
    0.02354
   -0.05575
   -0.03025
    0.02498
   -0.03439
   -0.03801
    0.04878
    0.01557
   -0.03326
   -0.03982
   -0.48137
    0.14414
    0.01690
    0.00160
   -0.07447
   -0.00394
    0.06502
   -0.13649
   -0.16692
   -0.03326
    0.23963
   -0.10882
   -0.12762
    0.03109
    0.07772
   -0.02689
   -0.36269
    0.07944
    0.04346
   -0.06410
    0.13257
   -0.05000
    0.08289
   -0.14149
   -0.07262
   -0.06602
   -0.02189
   -0.09770
    0.11006
   -0.00139
    0.01088
   -0.13103
   -0.45147
    0.14012
    0.09485
   -0.21256
   -0.02202
    0.00863
    0.08337
   -0.15286
   -0.21115
    0.06421
    0.15483
   -0.15451
   -0.02034
    0.07729
   -0.01389
    0.05126
   -0.60700
    0.16171
    0.04215
   -0.00605
   -0.05963
   -0.04390
    0.04388
   -0.13306
   -0.15575
    0.09724
   -0.06840
   -0.01579
    0.04776
   -0.01130
   -0.03418
    0.03368
   -0.48047
    0.15473
   -0.00067
   -0.00422
    0.01338
   -0.00200
    0.03695
   -0.12345
   -0.11212
    0.04583
    0.11299
   -0.01733
   -0.05433
   -0.00197
    0.04408
    0.00004
   -0.42935
    0.11842
   -0.01631
    0.01511
    0.09783
   -0.02977
   -0.02338
   -0.17433
   -0.04317
    0.09790
   -0.05592
   -0.02547
    0.01653
    0.02805
   -0.01719
    0.00039
   -0.46495
    0.13946
    0.10201
   -0.12723
   -0.12965
   -0.05328
    0.04453
   -0.13833
   -0.22625
    0.11977
    0.09261
   -0.04799
   -0.04374
    0.03460
   -0.10783
    0.04073
   -0.50914
    0.16644
    0.02896
   -0.14420
   -0.01291
    0.04380
   -0.00077
   -0.11631
   -0.15517
    0.13185
    0.02724
   -0.20292
   -0.01911
    0.05890
   -0.03868
    0.06038
   -0.56815
    0.11755
    0.00514
   -0.06862
    0.10854
   -0.02719
   -0.01952
   -0.01749
    0.00644
    0.02742
    0.11831
   -0.02429
   -0.03623
   -0.01466
    0.05313
    0.02764
   -0.44436
    0.08154
    0.02862
   -0.07567
    0.11796
   -0.03537
    0.03272
   -0.12336
   -0.10135
    0.04023
   -0.04522
   -0.12070
    0.07232
    0.01640
    0.03936
   -0.09160
   -0.56387
    0.14422
    0.10631
   -0.15326
   -0.01721
   -0.07668
    0.04967
   -0.12263
   -0.12113
    0.06053
    0.11892
   -0.10433
   -0.04290
    0.03456
