9 20 9 1 41 -4.2006 1.6409 2.7024 8473
 -0.01191  -0.11286  -0.04724   0.08611  -0.02825  -0.03613  -0.25978   0.13519   0.06853  -0.10200  -0.04755  -0.03411  -0.10085  -0.20077  -0.14758   0.21990   0.14177  -0.17118  -0.00392   0.01002 
 -0.00027  -0.11541  -0.06994   0.08703  -0.01600  -0.03159  -0.30498   0.13299   0.07033  -0.16421   0.00652  -0.03022  -0.02232  -0.20849  -0.15591   0.16382   0.14304  -0.12253  -0.05308   0.01799 
  0.01749  -0.09999  -0.10265   0.07914  -0.03516  -0.01183  -0.23844   0.12676   0.05641  -0.09443  -0.06042  -0.01202  -0.04444  -0.16540  -0.19282   0.18285   0.08013  -0.10690  -0.05717   0.04955 
 -0.01108  -0.07237  -0.10656   0.09348  -0.04970   0.01186  -0.28839   0.13990   0.05620  -0.12961  -0.06152   0.00524  -0.00662  -0.13176  -0.12198   0.11777   0.07916  -0.11212  -0.03006   0.03754 
 -0.01009  -0.06809  -0.08770   0.08384  -0.02422   0.00691  -0.43586   0.14746   0.06704  -0.13135   0.00526  -0.03897  -0.01536  -0.21228  -0.20778   0.17277   0.03836  -0.09874  -0.02510   0.04917 
 -0.00844  -0.07336  -0.11304   0.09413  -0.03222   0.03588  -0.44290   0.14311   0.05649  -0.14412  -0.10449   0.02490   0.00816  -0.15161  -0.11014   0.10363   0.06320  -0.10165  -0.04310   0.04836 
 -0.00613  -0.05870  -0.12294   0.08994  -0.05004   0.00296  -0.47034   0.17293   0.06302  -0.10676  -0.08166  -0.00955   0.01715  -0.06142  -0.19184   0.09189   0.06739  -0.11616  -0.03002   0.04538 
 -0.00630  -0.06192  -0.12816   0.09322  -0.01465   0.02629  -0.54532   0.14598   0.07548  -0.08080  -0.04094  -0.06144   0.05074  -0.11985  -0.22083   0.08097   0.05889  -0.13500  -0.00660   0.04407 
  0.01139  -0.06418  -0.11888   0.07617  -0.02488   0.02429  -0.53971   0.15432   0.05357  -0.05693  -0.08944  -0.01663   0.05079  -0.15261  -0.12336   0.05719   0.05023  -0.07786  -0.03911   0.04171 
  0.00392  -0.04113  -0.14150   0.08076  -0.02439   0.01981  -0.49501   0.15046   0.06053  -0.13616  -0.04700  -0.00412   0.02645  -0.15481  -0.12360   0.08879   0.04284  -0.09418  -0.03393   0.04993 
 -0.00043  -0.06031  -0.12591   0.08703  -0.01076   0.02695  -0.57580   0.14582   0.07387  -0.09591  -0.09332  -0.02987   0.04591  -0.12868  -0.15716   0.06874   0.08561  -0.11249  -0.03660   0.03797 
  0.01920  -0.05774  -0.14383   0.07562  -0.03361   0.04795  -0.48995   0.14543   0.07130  -0.12437  -0.11656  -0.00381   0.03986  -0.10746  -0.12718   0.05765   0.06786  -0.10261  -0.02940   0.03882 
  0.00680  -0.04701  -0.13459   0.07847  -0.02962   0.03874  -0.54495   0.15274   0.05730  -0.10693  -0.01856  -0.02350   0.04674  -0.13347  -0.14848   0.06604   0.06569  -0.10776  -0.00756   0.02937 
  0.00616  -0.05361  -0.11558   0.07494  -0.01688   0.02221  -0.56120   0.15117   0.05726  -0.06123  -0.10680  -0.01464   0.04413  -0.11327  -0.14080   0.05953   0.06383  -0.08466  -0.05489   0.04668 
  0.01044  -0.04206  -0.15807   0.08130  -0.02347   0.04300  -0.54859   0.14652   0.09492  -0.11876  -0.10822  -0.05288   0.06580  -0.15309  -0.14696   0.04594   0.05679  -0.11523  -0.02610   0.04806 
  0.01796  -0.05743  -0.13880   0.07480  -0.02822   0.05255  -0.51806   0.14267   0.08131  -0.10339  -0.08622  -0.04232   0.04742  -0.14670  -0.07909   0.04046   0.07665  -0.08748  -0.04023   0.03338 
  0.01484  -0.04021  -0.13497   0.06863  -0.02146   0.02535  -0.67457   0.16403   0.06089  -0.06639  -0.05966  -0.03485   0.07849  -0.21157  -0.21047   0.06872   0.07753  -0.11200  -0.04284   0.04547 
  0.02043  -0.06095  -0.16906   0.08438  -0.01186   0.03214  -0.64239   0.15102   0.05310  -0.03558  -0.05405  -0.04122   0.06051  -0.10938  -0.13276   0.03204   0.05507  -0.10227  -0.04670   0.05454 
  0.00807  -0.03898  -0.15446   0.08076  -0.02995   0.08127  -0.57006   0.13694   0.10362  -0.15047  -0.09490  -0.05955   0.05504  -0.15670  -0.12861   0.05489   0.05118  -0.09641  -0.05055   0.05587 
  0.01547  -0.04021  -0.15287   0.07440  -0.02942   0.05504  -0.66223   0.15705   0.07604  -0.10921  -0.06565  -0.03714   0.05435  -0.10172  -0.18557   0.05822   0.06842  -0.07035  -0.05563   0.03797 
  0.01328  -0.02900  -0.17237   0.07779  -0.00646   0.02871  -0.67300   0.15063   0.08484  -0.11372  -0.10811  -0.03589   0.05826  -0.16606  -0.18019   0.07280   0.08662  -0.06041  -0.02796   0.00703 
  0.02793  -0.03929  -0.15887   0.06488   0.00039   0.02898  -0.63799   0.14174   0.08250  -0.19155  -0.06657  -0.01133   0.05400  -0.11262  -0.14615   0.04802   0.05661  -0.08578  -0.02413   0.03376 
  0.02412  -0.05615  -0.15049   0.07289  -0.01248   0.03451  -0.62261   0.14875   0.09012  -0.15351  -0.07135  -0.03998   0.04926  -0.14948  -0.18795   0.08195   0.02618  -0.05620  -0.04018   0.04327 
  0.01155  -0.03929  -0.16129   0.08022  -0.02596   0.04363  -0.81556   0.16977   0.07636  -0.08394  -0.07880  -0.04618   0.04154  -0.14610  -0.17369   0.08578   0.09179  -0.08628  -0.04070   0.02480 
  0.01687  -0.03960  -0.17279   0.07955  -0.03641   0.05863  -0.71796   0.16514   0.09839  -0.14010  -0.14907  -0.03546   0.06146  -0.18622  -0.18338   0.07568   0.05239  -0.09148  -0.05822   0.05708 
  0.01265  -0.04639  -0.18845   0.09099  -0.03784   0.05953  -0.81059   0.17179   0.07598  -0.11907  -0.08749  -0.02412   0.04238  -0.07960  -0.14653   0.05144   0.04301  -0.08410  -0.03225   0.04432 
 -0.00222  -0.03050  -0.16129   0.08783  -0.01826   0.03334  -0.85368   0.17009   0.08217  -0.11444  -0.12313  -0.02555   0.03294  -0.12066  -0.14373   0.07751   0.05162  -0.09461  -0.03620   0.04716 
  0.00934  -0.04920  -0.16865   0.08875  -0.01777   0.07192  -0.82575   0.15202   0.06795  -0.08258  -0.14312  -0.01015   0.02457  -0.09601  -0.18034   0.09197   0.05674  -0.09262  -0.05542   0.05406 
  0.00392  -0.02691  -0.18889   0.08994  -0.01880   0.05729  -0.79588   0.15744   0.05963  -0.10272  -0.05262  -0.01621   0.06819  -0.12227  -0.20506   0.05321   0.06414  -0.08235  -0.06288   0.04963 
  0.01107  -0.03291  -0.18161   0.08438  -0.03343   0.06443  -0.93384   0.17267   0.07976  -0.14679  -0.10421  -0.01234   0.04251  -0.09334  -0.15683   0.06048   0.04411  -0.09043  -0.03694   0.04929 
  0.00312  -0.03715  -0.17739   0.09152  -0.03937   0.07732  -0.99545   0.17400   0.07484  -0.10116  -0.09673  -0.02774   0.05574  -0.07721  -0.23676   0.06399   0.07098  -0.07000  -0.06194   0.03984 
  0.00711  -0.01662  -0.20159   0.08650  -0.02853   0.09252  -1.08231   0.16219   0.08067  -0.08391  -0.11088  -0.04273   0.05951  -0.06647  -0.21256   0.04667   0.05429  -0.06843  -0.03012   0.03000 
  0.01044  -0.00713  -0.18502   0.07412   0.00553   0.07406  -1.12130   0.14430   0.08039  -0.10357  -0.07525  -0.04457   0.06146  -0.12238  -0.16397   0.04800   0.06056  -0.08606  -0.04896   0.04580 
  0.02732  -0.02960  -0.19453   0.07276  -0.03077   0.11970  -1.01030   0.14838   0.08067  -0.08732  -0.11734  -0.03866   0.05345  -0.06006  -0.19941   0.04797   0.03875  -0.03511  -0.05142   0.03262 
  0.00664   0.01747  -0.20650   0.07193  -0.02805   0.10912  -1.11750   0.15509   0.07526  -0.09834  -0.14496  -0.01431   0.05639  -0.14004  -0.16066   0.05994   0.04815  -0.02774  -0.06958   0.03380 
  0.01249   0.00658  -0.21928   0.07617  -0.01368   0.08870  -1.09925   0.15286   0.10894  -0.15376  -0.16699  -0.04443   0.06611  -0.17484  -0.22483   0.07955   0.00933  -0.04921  -0.06389   0.05981 
  0.01827  -0.01837  -0.22487   0.08464  -0.01633   0.11086  -1.22585   0.14781   0.07361  -0.14245  -0.12528   0.00300   0.06965  -0.09777  -0.18109   0.03332   0.03189  -0.04964  -0.10637   0.07028 
  0.00854  -0.00120  -0.24650   0.09086  -0.02019   0.16765  -1.03013   0.11393   0.09448  -0.08548  -0.19112  -0.04299   0.08403  -0.07228  -0.24930   0.02488   0.05729  -0.00575  -0.10348   0.03414 
  0.02043   0.04757  -0.24946   0.05615   0.01123   0.19523  -1.06266   0.06719   0.10028  -0.06592  -0.13282  -0.08542   0.08596  -0.03603  -0.19909  -0.01337   0.06605   0.03717  -0.06946  -0.01601 
  0.04547   0.07760  -0.23005   0.00630  -0.01214   0.18781  -1.13218   0.09765   0.10346  -0.08935  -0.15149  -0.07158   0.06550  -0.06262  -0.11539  -0.00319   0.06440   0.02269  -0.06184  -0.00960 
  0.04634   0.06066  -0.24551   0.02151  -0.03123   0.19208  -1.39963   0.11792   0.07945  -0.05475  -0.27564  -0.01051   0.03915  -0.00577  -0.19859   0.04313  -0.01748   0.02074  -0.07173   0.03745 
  0.00886   0.07313  -0.28567   0.06166  -0.00871   0.18469  -1.23222   0.09943   0.11102  -0.11718  -0.20062  -0.05681   0.11050  -0.06087  -0.25755  -0.02272   0.08048   0.02167  -0.13915   0.02243 
  0.04895   0.05749  -0.29825   0.03605   0.00818   0.13889  -1.13565   0.10911   0.09797  -0.12512  -0.22132  -0.02126   0.06449  -0.10510  -0.22325   0.05824   0.07111   0.02597  -0.18696   0.04506 
  0.04488   0.03998  -0.34573   0.06194  -0.03499   0.23056  -0.92191   0.07919   0.08625  -0.12472  -0.07633  -0.04453   0.09440  -0.07185  -0.13534  -0.03903   0.06516  -0.00493  -0.06906   0.01166 
  0.02090   0.07242  -0.21193   0.02914   0.04938   0.11906  -1.07383   0.07655   0.14727  -0.12539  -0.22942  -0.12957   0.15217  -0.26227  -0.34256   0.00163   0.13464  -0.03739  -0.14883   0.02943 
  0.10449  -0.00884  -0.32576   0.01919   0.26239  -0.31135  -0.89638  -0.11000   0.23137  -0.49663  -0.35224  -0.19882   0.22182  -0.38325  -0.20646  -0.19848   0.25522  -0.20978  -0.13887   0.01560 
  0.24180  -0.29110  -0.33231  -0.07221  -0.28589   0.40353  -1.36475   0.10489  -0.09485   0.13260  -1.01836   0.15611  -0.20367   0.31263  -0.98863   0.17742  -0.27359   0.20596  -1.18065   0.16725 
 -0.24501   0.31211  -1.22691   0.13610   0.44224  -3.92809  -3.92809  -3.92809   0.38168  -3.92809  -3.92809  -3.92809   0.40989  -3.92809  -3.92809  -3.92809   0.76032  -3.92809  -3.92809  -3.92809 
  0.49911  -3.92809  -3.92809  -3.92809  -3.92809  -1.21872   0.76892  -3.29781  -3.92809  -3.92809  -3.92809  -3.92809  -3.92809  -3.92809  -3.92809  -3.92809  -3.92809  -3.92809  -3.92809  -3.92809 
 -3.92809  -1.26580   0.73210  -3.30906  -3.92809  -3.92809  -3.92809  -3.92809   0.08067   0.13271  -0.39541  -0.13287  -0.02772  -0.02923   0.13650  -0.04988   0.76032  -3.92809  -3.92809  -3.92809 
  0.06317  -0.10889   0.11340  -0.09760  -0.07527   0.01645   0.02321   0.05571  -0.15011   0.12721  -0.16408   0.12706  -0.05176   0.06246  -0.11104   0.08304   0.02613  -0.08745   0.09727  -0.03792 
 -0.05048   0.00243   0.00411   0.04183   0.05642   0.03115  -0.35457   0.04282  -0.02282   0.10164  -0.04135  -0.02180  -0.03518   0.00057   0.18372  -0.10741   0.01025  -0.03071   0.05622  -0.02740 
  0.00022   0.01988   0.00577  -0.01563  -0.03989   0.05410  -0.14520   0.07513  -0.05099   0.02369   0.05234   0.03027  -0.10070  -0.01783   0.22157  -0.04860  -0.07379  -0.05907   0.08425   0.00504 
 -0.05781  -0.00401   0.05325   0.02304  -0.03172   0.04562  -0.11341   0.06078  -0.12039   0.09015   0.02081   0.07425  -0.07517  -0.00028   0.08536   0.03504  -0.05765  -0.09434   0.07338   0.02480 
 -0.07133  -0.00373   0.03302   0.04563   0.02273  -0.01341  -0.09848   0.02720  -0.00481  -0.01462   0.01134   0.01069   0.01017  -0.08894   0.15274  -0.09358  -0.01823  -0.05242   0.12263  -0.05900 
 -0.00352  -0.03715   0.07846  -0.02651   0.00052   0.08149   0.00883  -0.05731   0.02723   0.00699  -0.01223  -0.04135  -0.03010  -0.00789   0.21365  -0.14931   0.03513  -0.01846   0.09742  -0.08747 
  0.00949   0.01396   0.09087  -0.08403  -0.00004   0.04308  -0.08070   0.01598  -0.01299   0.05754  -0.03764  -0.00417   0.05180  -0.02503   0.03122  -0.09133  -0.00654  -0.00900   0.00169   0.00749 
  0.02671   0.00768  -0.02924  -0.01597   0.03858   0.02673  -0.06948  -0.02797   0.00194   0.02566   0.04404  -0.03928   0.03935  -0.07313   0.09490  -0.09581   0.03184  -0.06130   0.05426  -0.01923 
  0.03170  -0.01954   0.02306  -0.03714   0.01670   0.00398  -0.01794  -0.01276   0.01441  -0.03164   0.04533  -0.02253  -0.01366  -0.00936   0.10382  -0.05201  -0.01603  -0.05058   0.05072   0.00145 
  0.01060  -0.02751   0.03714  -0.01816   0.00060  -0.06085   0.03799   0.00784  -0.01982  -0.02727   0.02572   0.03162  -0.02285  -0.03246   0.09093  -0.01552  -0.01948  -0.08297   0.05952   0.01350 
 -0.00976  -0.06095   0.05523   0.00836   0.01392  -0.01371  -0.00037  -0.00935   0.00528  -0.00482   0.02972  -0.01755  -0.01727  -0.01216   0.11142  -0.05176  -0.00527  -0.09432   0.06709   0.00693 
 -0.00157  -0.04267   0.05915  -0.01179  -0.01378   0.02436   0.04149  -0.02199   0.01229  -0.02496  -0.01744   0.00378  -0.02715   0.04170   0.07831  -0.04223   0.06304  -0.05866   0.03312  -0.02195 
  0.00440  -0.01257   0.04097  -0.02274  -0.01375   0.02489   0.01307  -0.00512  -0.01136   0.04295  -0.03155   0.00117   0.00351  -0.01667   0.05125  -0.03073   0.01173  -0.02543   0.02038  -0.00426 
 -0.00027   0.00020   0.01693  -0.00996   0.01103   0.02307   0.02505  -0.04211   0.02559  -0.03725   0.04091  -0.03491  -0.01461  -0.03858   0.11351  -0.04273   0.01950  -0.07424   0.08824  -0.03359 
  0.01233  -0.03381   0.06903  -0.03873  -0.01173  -0.01551   0.07718  -0.02541   0.00343   0.02206   0.01262  -0.02443  -0.02649   0.02888   0.09978  -0.05306   0.05996  -0.02417   0.02332  -0.03355 
  0.00695  -0.00913   0.05301  -0.03591  -0.01130   0.00353   0.01419   0.00330  -0.02854   0.03802   0.00257   0.01419  -0.00658   0.03145   0.05191  -0.04469  -0.01621  -0.05358   0.06611  -0.00865 
 -0.00778  -0.00913   0.03765  -0.00996   0.02332  -0.01362   0.04507  -0.05002   0.02334  -0.03670   0.04155  -0.03188  -0.02615  -0.00644   0.10442  -0.03615   0.05705  -0.05543   0.06279  -0.04414 
  0.01997  -0.03351   0.06327  -0.04336   0.02320  -0.01920   0.01732  -0.02871  -0.00711   0.03308   0.05257  -0.03474   0.00578   0.02421   0.06480  -0.06968   0.03330  -0.02879   0.03418  -0.02365 
  0.02167  -0.01113   0.03457  -0.03838   0.01331  -0.02883   0.04705  -0.02933  -0.00294   0.06043  -0.07125  -0.00823   0.01826  -0.05044   0.05765  -0.03998  -0.01269  -0.02286   0.01665   0.00850 
  0.01390  -0.01778   0.02147  -0.01715   0.02845   0.01262   0.02339  -0.05862   0.01334   0.02054  -0.01092  -0.02854   0.00312   0.01317   0.05767  -0.05252   0.03212  -0.04993   0.04735  -0.02050 
  0.02274  -0.01056   0.03483  -0.04015   0.00009  -0.00938   0.04924  -0.02452   0.01886   0.00531   0.00639  -0.03469   0.00641   0.02463   0.08121  -0.08532   0.02336  -0.02525  -0.01159   0.01123 
  0.01702  -0.01113   0.02465  -0.02651   0.02937  -0.04050   0.01137  -0.02200   0.00121   0.03853  -0.07700   0.00268   0.02627   0.03320  -0.03845  -0.03406   0.01165   0.00636   0.01180  -0.01804 
  0.02427   0.00020  -0.00938  -0.02019   0.02812  -0.03951   0.05417  -0.04839   0.01661  -0.04426   0.03659  -0.01457  -0.02401   0.05412   0.11804  -0.09143   0.01298  -0.01531   0.04914  -0.03290 
  0.01547  -0.01807   0.05939  -0.04461  -0.00645   0.02562   0.02358  -0.02045  -0.00090   0.06019   0.05487  -0.06622   0.01514  -0.00805   0.08383  -0.08103   0.02490  -0.03525   0.03129  -0.01307 
  0.01359  -0.00008   0.03893  -0.03908  -0.01748   0.02928   0.06325  -0.03492  -0.00165  -0.00195  -0.04667   0.02100   0.00749   0.00746   0.06473  -0.06161  -0.01303   0.00670   0.01948  -0.01148 
  0.00070   0.00768   0.03068  -0.02428   0.02085  -0.00786   0.03038  -0.04017   0.01235  -0.00020   0.02911  -0.03109  -0.01155  -0.01698   0.07424  -0.02624   0.02272   0.00714   0.04369  -0.04906 
  0.01671  -0.00515   0.04097  -0.04086   0.02564  -0.02689   0.03274  -0.03749   0.02775  -0.00825  -0.00382  -0.03586  -0.00898   0.01037   0.08352  -0.05341   0.00423   0.01768   0.03031  -0.03568 
  0.02243  -0.00571   0.03379  -0.04211   0.02517  -0.01195   0.00865  -0.03010   0.00668   0.04200  -0.01548  -0.03109   0.02157  -0.01124   0.00937  -0.03131   0.02725  -0.02413  -0.00212   0.00250 
  0.02823  -0.01084  -0.00258  -0.02206   0.01655  -0.01297   0.02886  -0.03055   0.01114   0.01201  -0.03590  -0.00953   0.00987  -0.01329   0.03405  -0.02953   0.04329  -0.02052   0.02973  -0.03103 
  0.02197  -0.01372   0.02094  -0.02806   0.00927   0.01098   0.03596  -0.03943   0.01335   0.03509   0.00717  -0.04673  -0.02947   0.09002   0.05285  -0.05199   0.00345  -0.02987  -0.01245   0.02386 
  0.00552   0.01152   0.01504  -0.02172   0.00174  -0.01469   0.03177  -0.01264  -0.00520   0.00833  -0.08262   0.03173   0.00614   0.01789   0.04648  -0.05141   0.00103  -0.02245   0.00840   0.00742 
  0.00552  -0.01027   0.00961  -0.00535   0.00174   0.01821   0.01926  -0.02353   0.01057   0.00664   0.01085  -0.02444   0.02834  -0.00311   0.04914  -0.07701   0.04314  -0.02394   0.04117  -0.03771 
  0.01811  -0.00373   0.03276  -0.03767  -0.00517  -0.00380   0.05387  -0.02416   0.01533  -0.01629  -0.03261   0.00016   0.00782   0.04094   0.04638  -0.06912   0.04537  -0.01292   0.01876  -0.02882 
  0.01811  -0.00571   0.02544  -0.03153   0.00979  -0.00475   0.01564  -0.01831   0.00195   0.00688  -0.04900   0.01173   0.02356  -0.04131   0.02629  -0.02986  -0.01432  -0.02722   0.03254   0.00069 
  0.01343  -0.02012   0.01396  -0.01063   0.02237   0.01493   0.02209  -0.05059   0.02444  -0.01867  -0.07092   0.00176  -0.00386   0.03901   0.01750  -0.02843   0.01280   0.01822   0.01364  -0.02800 
  0.01687   0.01315   0.00797  -0.03066   0.04611  -0.02503   0.01332  -0.05518   0.04446  -0.02001  -0.06519  -0.03151  -0.02388   0.06573   0.06851  -0.05516   0.02346  -0.00640  -0.00544  -0.00405 
  0.03321  -0.00515   0.00356  -0.03503  -0.00113   0.01145   0.02135  -0.01730  -0.00963   0.00151  -0.02609   0.02239   0.00444   0.07014   0.00038  -0.04966   0.00345  -0.01476   0.02516  -0.01002 
  0.00504   0.00658   0.00988  -0.01496   0.03200   0.03335   0.00405  -0.06466   0.03906   0.02380  -0.11244  -0.03407  -0.00543  -0.00887   0.06391  -0.03153   0.04412   0.00006   0.02527  -0.04169 
  0.03065   0.01124   0.00988  -0.04659   0.03310  -0.02016  -0.00046  -0.03084   0.00686  -0.00691  -0.03995   0.00968  -0.04019   0.09096   0.06926  -0.05055   0.03173  -0.03675   0.01412  -0.00347 
  0.01966  -0.00856   0.00797  -0.02036   0.02874  -0.06225   0.02027  -0.01564   0.01154   0.01760  -0.08835   0.00498  -0.00422   0.02837  -0.01523  -0.00062   0.02346  -0.01125  -0.03825   0.01931 
  0.02012  -0.01633  -0.02272   0.00148   0.01979   0.02364   0.02068  -0.05156   0.01663  -0.00705  -0.01237  -0.01527   0.00080   0.02003   0.08837  -0.07934   0.01078   0.00185   0.02177  -0.02185 
  0.01233   0.00988   0.03042  -0.03820   0.01472   0.00103   0.01875  -0.02979   0.02409   0.00844  -0.00930  -0.03838  -0.00992   0.05857   0.03660  -0.04591   0.01457  -0.01809  -0.00231   0.00542 
  0.01889   0.00160   0.00604  -0.02445   0.02020  -0.01518   0.00680  -0.02067  -0.01083   0.06583  -0.06717  -0.00227   0.01033  -0.00687   0.02542  -0.02769   0.02940  -0.02372  -0.02351   0.01477 
  0.01687  -0.00401  -0.01282  -0.00765   0.01271   0.00779   0.02306  -0.03378   0.02277  -0.03828  -0.01471  -0.00541  -0.00759  -0.02462   0.05598  -0.01402   0.02172  -0.00281   0.03723  -0.03640 
  0.01343  -0.00941   0.02964  -0.02686   0.03095   0.00750   0.01765  -0.05522  -0.01523   0.04570  -0.01677  -0.00100   0.01485   0.03621   0.03874  -0.07139  -0.02004  -0.02536   0.04108  -0.00399 
  0.01375   0.00437   0.02465  -0.03240   0.01205  -0.01396   0.04419  -0.03396   0.01759  -0.01449  -0.05112   0.00259   0.00130   0.02505  -0.00673  -0.01154   0.01754  -0.02062   0.00570   0.00011 
  0.01811  -0.01343   0.00522  -0.01413   0.00557  -0.00380   0.06033  -0.04222  -0.01623   0.00168   0.06726  -0.00795   0.01870   0.00128   0.05353  -0.06691   0.04241  -0.02766   0.01981  -0.01865 
  0.01233  -0.01257   0.04300  -0.03275   0.02140   0.01603   0.00421  -0.03869   0.00745   0.04886  -0.05026  -0.02318   0.02910  -0.02574   0.06566  -0.07830   0.03213   0.01034  -0.01147  -0.01530 
  0.02808   0.00906   0.00217  -0.03714   0.01183   0.00851   0.04146  -0.04499  -0.00341   0.00926  -0.02532   0.00911   0.00864   0.00068  -0.01269  -0.00460   0.01645   0.00086  -0.00190  -0.00741 
