11 20 2 1 48 -4.4720 3.2292 5.0435 8464
  0.01655  -0.04718   0.01280   0.00146   0.02382  -0.04164   0.05099  -0.03909   0.00256  -0.04690   0.02396   0.01293   0.01226  -0.04777   0.05468  -0.02986   0.02816  -0.09671   0.07389  -0.01390 
  0.01593  -0.06470   0.06107  -0.01990   0.01578  -0.04733   0.03227  -0.01355   0.01933  -0.02544   0.08648  -0.05565   0.02703   0.02537   0.04681  -0.09166   0.03533  -0.08718   0.02604   0.01343 
  0.02550  -0.04780   0.03965  -0.02485   0.01200  -0.06330   0.00694   0.01321   0.00468   0.01467   0.02458  -0.02679   0.05601  -0.02727  -0.01822  -0.06083   0.01905  -0.09344   0.02632   0.02426 
  0.02657  -0.05792   0.01144  -0.00276  -0.00841  -0.04441   0.06730  -0.00766   0.02145  -0.01488  -0.02400  -0.01326   0.03351  -0.04243   0.04916  -0.06258   0.01820  -0.08892   0.07528  -0.01386 
  0.01153  -0.05696   0.06131  -0.01939  -0.00869  -0.04400   0.06091  -0.00340  -0.00442  -0.00282   0.10705  -0.04353   0.01126   0.02814   0.04156  -0.06229   0.01736  -0.05915   0.01273   0.01700 
  0.00470  -0.03275   0.04447  -0.01383  -0.00454  -0.02667   0.00012   0.01874  -0.00889   0.02635  -0.00314  -0.00254   0.00047  -0.00598   0.01334  -0.00587   0.02108  -0.09417   0.02394   0.02523 
  0.00245  -0.04006   0.01225   0.01231  -0.01919  -0.04026   0.06261   0.00568   0.03608  -0.01607  -0.00360  -0.04495   0.03204  -0.04126   0.07131  -0.07919   0.06826  -0.12495   0.06530  -0.01515 
  0.01857  -0.06730   0.06228  -0.02228  -0.00213  -0.01246   0.04400  -0.01672   0.00902  -0.01697   0.05880  -0.02957   0.02110   0.02566   0.03425  -0.07123   0.02212  -0.06763   0.01562   0.01717 
  0.01342  -0.02944   0.03348  -0.01770  -0.02507  -0.05123  -0.00200   0.05250   0.01582  -0.01064  -0.04120  -0.00067  -0.00437  -0.01047   0.03537  -0.01140   0.03313  -0.09682   0.04899   0.00294 
  0.00213  -0.05601   0.02167   0.01513  -0.02027  -0.01487   0.06293  -0.00612   0.02968  -0.05629   0.01496  -0.01859  -0.00139  -0.02204   0.08496  -0.04701   0.03325  -0.11763   0.08014  -0.01124 
  0.00100  -0.06049   0.07447  -0.01568  -0.01635  -0.03773   0.04026   0.01485   0.02181   0.02216   0.03976  -0.06754   0.00294   0.00587   0.07829  -0.06473   0.01924  -0.09697   0.06777  -0.00423 
  0.00534  -0.04376   0.06082  -0.01956   0.00545  -0.04855   0.02351   0.00486   0.00212  -0.01237  -0.01861   0.01159   0.02433  -0.04133   0.01745  -0.02493  -0.01661  -0.09873   0.00809   0.05398 
  0.00948  -0.06243   0.01198   0.01670  -0.00530  -0.02324   0.04891  -0.01027   0.03967  -0.05612   0.01350  -0.03444   0.00554  -0.03511   0.08710  -0.05219   0.01898  -0.10132   0.08234  -0.01369 
  0.00662  -0.05920   0.07210  -0.02058   0.00110  -0.00441   0.02313  -0.01221   0.04210  -0.01929  -0.02272  -0.04494   0.00590  -0.02691   0.06114  -0.03621   0.02228  -0.10438   0.03980   0.01864 
  0.01795  -0.04968   0.03426  -0.01200   0.00278  -0.07893   0.04128   0.01146   0.00131   0.01827   0.02396  -0.02377   0.01004  -0.03834   0.05584  -0.03229  -0.01118  -0.08868   0.05747   0.01410 
  0.00326  -0.06113   0.04999  -0.00097  -0.00175  -0.05305   0.05848  -0.00564   0.04333  -0.05324  -0.04426  -0.01806   0.03986  -0.09101   0.06283  -0.05894   0.01369  -0.08016   0.06193  -0.00550 
  0.02059  -0.07124   0.05446  -0.01702   0.01733  -0.07370   0.05267  -0.01558   0.02212   0.00221   0.04300  -0.05550   0.00263  -0.00430   0.08230  -0.06140   0.04401  -0.07823   0.03496  -0.00194 
  0.02120  -0.05378   0.05248  -0.02553  -0.02418  -0.02590   0.01567   0.03133   0.01214  -0.01526  -0.01686  -0.00181   0.02251  -0.01399   0.03371  -0.04855  -0.00659  -0.10620   0.04924   0.02630 
  0.00245  -0.05378   0.02932   0.00914   0.00527  -0.05780   0.04402  -0.00271   0.03103  -0.03439  -0.00316  -0.02541   0.04081  -0.05833   0.04762  -0.06522   0.05643  -0.09728   0.05936  -0.01745 
  0.02611  -0.06927   0.05049  -0.02143   0.00309  -0.05751   0.05439  -0.00670   0.01252  -0.01307   0.03081  -0.02401  -0.00425  -0.02748   0.10002  -0.05246  -0.00273  -0.07834   0.04322   0.01541 
  0.00502  -0.05633   0.05814  -0.01066   0.00137  -0.06600   0.00453   0.02784   0.00795   0.00201  -0.00061  -0.01259   0.01198  -0.06785   0.05221  -0.01774   0.00863  -0.09366   0.04570   0.01589 
  0.00805  -0.06763   0.03244   0.00851   0.01225  -0.03629   0.04866  -0.02505   0.05122  -0.05514   0.03939  -0.06823  -0.00671  -0.04215   0.08284  -0.02657  -0.00402  -0.08275   0.07967  -0.00954 
  0.01027  -0.05824   0.07187  -0.02485  -0.02701  -0.01797   0.05147   0.01015   0.01882   0.03195  -0.00962  -0.04591  -0.01289  -0.00083   0.12054  -0.07384   0.01715  -0.07311   0.04856  -0.00074 
 -0.00208  -0.03004   0.06009  -0.01888  -0.00317  -0.05327   0.03895   0.00813   0.00012  -0.01004   0.05182  -0.01689   0.01731  -0.03013   0.02083  -0.02239  -0.02034  -0.08728   0.05268   0.02099 
  0.00374  -0.05696   0.04194   0.00162  -0.00447  -0.09041   0.05884   0.01415   0.00935  -0.01773   0.02619  -0.01422   0.01578  -0.03317   0.09829  -0.07999   0.01110  -0.09419   0.07203  -0.00491 
  0.00502  -0.07091   0.07210  -0.01283   0.00489  -0.01072   0.01840  -0.01061   0.00485  -0.00568  -0.03448   0.00982   0.00228  -0.05261   0.14711  -0.09432   0.02916  -0.08153   0.04849  -0.00240 
  0.00996  -0.04624   0.05741  -0.02075  -0.00800  -0.04561  -0.00134   0.03213   0.00977  -0.00268  -0.00534  -0.01045   0.00656  -0.00072   0.05047  -0.04383   0.02059  -0.15620   0.06864   0.02151 
  0.00773  -0.07059   0.03760   0.00708  -0.02401  -0.07213   0.08845   0.00914  -0.00823  -0.01759   0.02953   0.00949   0.02325  -0.11236   0.11962  -0.07031   0.01639  -0.11600   0.09196  -0.01309 
 -0.00420  -0.08704   0.09495  -0.01183  -0.00561  -0.09467   0.05582   0.01903   0.01144  -0.01707   0.06131  -0.03458  -0.01395  -0.02548   0.13473  -0.07100  -0.01829  -0.10363   0.05730   0.02454 
 -0.00518  -0.07556   0.07845  -0.00456  -0.00097  -0.02941   0.01001   0.01071  -0.00407   0.00464  -0.01502   0.00889  -0.02263  -0.04506   0.12307  -0.03626  -0.03980  -0.11467   0.05003   0.04352 
 -0.01379  -0.06017   0.05322   0.01309   0.00076  -0.04045   0.02801   0.00389   0.01480  -0.01642   0.03944  -0.02954   0.01995  -0.03549   0.11171  -0.09886   0.00144  -0.11650   0.05828   0.02091 
  0.00550  -0.06437   0.06422  -0.01116   0.01223  -0.02232   0.03401  -0.02305  -0.00091   0.07388  -0.00350  -0.04843  -0.01733  -0.07016   0.14526  -0.05160   0.02207  -0.07697   0.03423   0.00923 
  0.00502  -0.03639   0.05765  -0.02109  -0.00891  -0.07517   0.01198   0.03898   0.01787  -0.01254  -0.02055  -0.01054   0.02513  -0.03639   0.03374  -0.04028   0.03017  -0.14411   0.04987   0.02543 
  0.01608  -0.08431   0.02801   0.01104  -0.02269  -0.03702   0.07545  -0.00023   0.02679   0.01900   0.01920  -0.06356   0.01107  -0.03583   0.11107  -0.08249   0.03818  -0.12744   0.08260  -0.01118 
  0.00294  -0.06146   0.08563  -0.02536  -0.02014   0.00415   0.02049   0.00933   0.01534   0.01253  -0.05929  -0.00746  -0.00285  -0.01303   0.12679  -0.08859   0.03077  -0.10443   0.04523   0.01060 
  0.00486  -0.03944   0.04824  -0.01283  -0.00335  -0.02477   0.02038   0.00534   0.00076   0.03627  -0.04534  -0.00642   0.04161  -0.07528   0.02196  -0.03850  -0.02741  -0.06484   0.02228   0.03375 
  0.00742  -0.03944   0.01550   0.00516  -0.02416  -0.02835   0.04676   0.01502   0.01952  -0.02773  -0.02020  -0.00428   0.00546  -0.00493   0.08103  -0.06444   0.04071  -0.11780   0.05580   0.00405 
  0.00261  -0.05728   0.05297  -0.00423  -0.01242   0.00447   0.00600   0.00862   0.00816   0.02415   0.06068  -0.05676  -0.01985   0.03947   0.07674  -0.05003   0.01605  -0.10192   0.03490   0.02387 
 -0.00485  -0.02526   0.04067  -0.00571  -0.00221  -0.02444  -0.01174   0.02122  -0.02614   0.00737  -0.05381   0.04939  -0.00160  -0.00218   0.07461  -0.04962   0.01019  -0.08420   0.00985   0.03469 
 -0.00420  -0.03822   0.01144   0.01825  -0.04897  -0.02194   0.06511   0.02663   0.00612  -0.05586   0.00233   0.02132   0.00953  -0.07751   0.06147  -0.01639  -0.00192  -0.07490   0.05653   0.00353 
 -0.01815  -0.05537   0.05863   0.01136  -0.01521   0.00844   0.00947   0.00771   0.04453  -0.02313  -0.07167  -0.02730  -0.06743   0.02324   0.13988  -0.03005   0.00227  -0.07131   0.00979   0.03209 
 -0.01395  -0.02408   0.03606   0.00548  -0.03318   0.03346  -0.06942   0.05121   0.01873   0.00116  -0.11583   0.01314  -0.03114   0.02546   0.04354  -0.00107  -0.02473  -0.04999  -0.01834   0.05001 
 -0.02002  -0.00468  -0.02699   0.03592  -0.04134  -0.02867   0.05334   0.02918  -0.02452  -0.05145   0.06928   0.03153  -0.03067   0.02847   0.08201  -0.03198  -0.00370  -0.09175   0.08812  -0.01201 
 -0.03520  -0.04469   0.08032   0.00724  -0.05941   0.02549   0.06764   0.01099   0.01476  -0.01877   0.07095  -0.04384  -0.04124   0.00308   0.11004  -0.02579   0.01179  -0.04383   0.05548  -0.01968 
 -0.02582  -0.01297   0.07588  -0.01584  -0.00369  -0.08816  -0.01122   0.05026   0.07163  -0.08911   0.03023  -0.08270   0.03508  -0.06892   0.05265  -0.05380   0.06003  -0.13791   0.02132   0.02724 
  0.03947  -0.10556   0.01980   0.00113   0.05245  -0.05222   0.03460  -0.06368   0.12991  -0.04792  -0.01518  -0.23702   0.07701  -0.06490   0.01212  -0.10193   0.12153  -0.15284   0.06041  -0.03152 
  0.08345  -0.09151   0.04220  -0.07636   0.07744   0.03951  -0.05459  -0.10598   0.12656   0.06860  -0.28571  -0.21453   0.11568   0.01287   0.01979  -0.26995   0.17959  -0.02070  -0.03496  -0.07879 
  0.12301   0.01143  -0.05337  -0.14037   0.17928  -0.26611  -0.07913  -0.13399   0.23128  -0.38144  -0.16797  -0.31941   0.16656  -0.16270  -0.17202  -0.13772   0.20836  -0.19721  -0.03963  -0.00461 
  0.21471  -0.25952  -0.10610  -0.12736  -0.39125  -0.42908   0.56583  -0.25024  -0.03336  -0.31759   0.31173  -0.00389  -0.08616  -0.29214   0.39460  -0.22653  -0.33878  -0.51590   0.40463  -0.17556 
 -0.24654  -0.43303   0.47953  -0.20057  -1.22026  -3.92763   0.76376  -3.92763  -0.87021  -3.92763   0.90169  -3.92763  -1.82593  -3.92763   0.75356  -3.92763  -1.21096  -3.92763   0.61384  -3.92763 
 -1.38584  -3.92763   0.73080  -3.92763  -3.92763  -3.92763  -3.92763   0.51432  -3.92763  -3.92763  -3.92763  -3.92763  -3.92763  -1.48797  -3.92763   0.54444  -3.92763  -3.92763  -3.92763  -3.92763 
 -3.92763  -1.57584  -3.92763   0.49746  -3.92763  -3.92763  -3.92763  -3.92763   0.14912  -0.15782  -0.68585  -0.03527  -3.92763  -3.92763  -3.92763  -3.92763   0.70013  -1.51256  -0.53375  -0.83984 
  0.43824  -1.38996  -0.41718  -0.77450   0.22225  -0.50371  -0.09684  -0.16115   0.10087   0.16074  -0.09444  -0.36006   0.31735  -0.61159  -0.37415  -0.54580  -0.06034  -0.26495  -0.13157   0.18233 
  0.27173  -0.51645  -0.14104  -0.15937  -1.30753  -1.53403   0.75697  -1.32746  -0.80060  -0.96330   0.85263  -0.60619  -1.07131  -1.32625   0.72018  -0.85961  -1.25208  -1.44325   0.59863  -1.12611 
 -1.18466  -1.44095   0.71379  -1.12631  -0.23253  -0.22832   0.08659   0.20071  -0.11119  -0.03797   0.08163   0.11014  -1.19317  -0.93874  -1.07266   0.52103  -0.00919  -0.35208   0.04989   0.10561 
 -0.96711  -0.92062  -0.85427   0.46253   0.01479  -0.19951   0.00264   0.06205   0.05667  -0.30936  -0.19662   0.09911  -0.00745  -0.31267  -0.21859   0.18786   0.33235  -0.59612  -0.02722  -0.02100 
  0.07399  -0.48711   0.07447   0.03978  -0.25871  -0.05354   0.12520   0.14863   0.05316  -0.30381  -0.05227   0.06582  -0.13625  -0.38138  -0.10628   0.25879  -0.14271  -0.39658   0.01052   0.17374 
 -0.18264  -0.24255   0.05074   0.18171  -0.12495  -0.23360  -0.16064   0.22761   0.03148  -0.29427  -0.13468   0.11323  -0.01829  -0.28860  -0.32426   0.21489  -0.10818  -0.19318  -0.14419   0.18145 
 -0.11139  -0.20326  -0.13795   0.20426   0.02397  -0.15801  -0.05937   0.06715   0.11132  -0.34469  -0.04344  -0.02134   0.05494  -0.20813  -0.07424   0.04741   0.04138  -0.21278  -0.04945   0.10219 
 -0.00831  -0.18573  -0.01583   0.09381  -0.04133  -0.09056   0.02160   0.07195   0.05819  -0.24874   0.12880  -0.03726   0.01789  -0.16806  -0.14034   0.10857  -0.02583  -0.18194   0.09105   0.03568 
 -0.03135  -0.15028   0.06518   0.05888  -0.03520  -0.13425  -0.10917   0.13263   0.05499  -0.26715  -0.04528   0.05100   0.01162  -0.24625  -0.21906   0.15783  -0.02579  -0.20148   0.01420   0.09240 
 -0.01832  -0.19309  -0.04554   0.11621  -0.00641  -0.16344  -0.08045   0.10684   0.07095  -0.24137   0.06606  -0.02829   0.05399  -0.21865  -0.17718   0.09218   0.04029  -0.19733   0.02030   0.06033 
  0.00035  -0.18274  -0.00268   0.07974  -0.06119  -0.14759  -0.05013   0.13671   0.05970  -0.20642  -0.02793   0.01833  -0.00685  -0.15654  -0.16039   0.13783   0.01531  -0.21638   0.03041   0.07153 
 -0.03101  -0.17849  -0.00522   0.10414  -0.03764  -0.11348  -0.10687   0.12764   0.03716  -0.26034   0.07007   0.03063   0.00729  -0.19592  -0.20180   0.14610   0.01428  -0.17837   0.04066   0.05250 
 -0.02875  -0.16070  -0.00325   0.09603  -0.03519  -0.14559  -0.08350   0.12750   0.06540  -0.23635   0.00075   0.00876   0.01100  -0.25088  -0.15064   0.13983   0.02381  -0.20866   0.04245   0.05778 
 -0.01664  -0.19048   0.00040   0.09433  -0.05942  -0.14039  -0.07259   0.14117   0.06385  -0.28019   0.06974  -0.00449   0.02261  -0.19283  -0.15202   0.11406   0.01836  -0.19048   0.05142   0.04797 
 -0.02462  -0.17638   0.01334   0.09001  -0.03985  -0.11440  -0.10932   0.13048   0.09105  -0.20119  -0.07032  -0.02161  -0.00348  -0.23245  -0.13651   0.14567   0.01249  -0.19893   0.02534   0.07006 
 -0.01832  -0.17137  -0.02020   0.09913  -0.02187  -0.14012  -0.12486   0.12831   0.09417  -0.22968   0.00104  -0.04524   0.02369  -0.18686  -0.12692   0.10248  -0.01012  -0.16156   0.01930   0.06986 
 -0.01312  -0.15626  -0.01786   0.08922  -0.06616  -0.07718  -0.09913   0.13566   0.07906  -0.30507   0.02604  -0.00256   0.03192  -0.17746  -0.18405   0.10981  -0.03916  -0.20185   0.03885   0.08311 
 -0.03188  -0.16232  -0.00863   0.10132  -0.03363  -0.12374  -0.13183   0.13524   0.06450  -0.19298   0.01914  -0.01348   0.04441  -0.18380  -0.14298   0.08269  -0.00477  -0.18769   0.02373   0.07432 
 -0.01613  -0.15989  -0.01670   0.09224  -0.01146  -0.09275  -0.13243   0.10680   0.07864  -0.27026   0.00673  -0.00452   0.05380  -0.18445  -0.17024   0.08068   0.01829  -0.17337   0.02259   0.06030 
  0.00310  -0.15227  -0.02462   0.07771  -0.02831  -0.09950  -0.17244   0.13512   0.07507  -0.23689   0.01236  -0.01214   0.01435  -0.20377  -0.11805   0.11417  -0.00894  -0.14939   0.03035   0.05806 
 -0.01546  -0.14360  -0.02610   0.09053  -0.02081  -0.08465  -0.18935   0.12872   0.07439  -0.26968   0.08396  -0.03364   0.04706  -0.21820  -0.11656   0.07889   0.01782  -0.12635   0.00958   0.05015 
 -0.00175  -0.13207  -0.02968   0.07703  -0.03599  -0.08492  -0.12957   0.12429   0.07378  -0.17209   0.00819  -0.03375   0.05201  -0.16854  -0.11744   0.05826   0.03349  -0.13947   0.01170   0.04708 
  0.00084  -0.12342  -0.02759   0.07075  -0.02748  -0.07215  -0.16036   0.12210   0.07806  -0.25036   0.05278  -0.03126   0.02534  -0.24344  -0.09984   0.10495   0.00671  -0.13820   0.00517   0.06239 
 -0.00551  -0.13703  -0.03268   0.08323  -0.02834  -0.09212  -0.17680   0.13400   0.06144  -0.20055   0.04645  -0.01765   0.02315  -0.15688  -0.13272   0.09666   0.03872  -0.15322   0.00053   0.05679 
 -0.00617  -0.13283  -0.04060   0.08577  -0.02817  -0.05482  -0.19101   0.12510   0.06282  -0.18772  -0.00060  -0.00435   0.02365  -0.19409  -0.11102   0.09859   0.04456  -0.16777  -0.00760   0.06424 
 -0.00485  -0.13017  -0.04928   0.08750  -0.03632  -0.06995  -0.17454   0.13255   0.03572  -0.16444   0.04539   0.00983   0.02174  -0.18858  -0.13036   0.10641   0.02878  -0.13521  -0.00207   0.05578 
 -0.01782  -0.11678  -0.04029   0.08922  -0.02385  -0.10002  -0.19320   0.13715   0.07291  -0.18100   0.04891  -0.04763   0.03368  -0.25922  -0.11360   0.10427   0.03904  -0.12896  -0.00712   0.05146 
  0.00003  -0.13321  -0.04337   0.08203  -0.03533  -0.09276  -0.15267   0.13315   0.05196  -0.13397   0.02174  -0.01874   0.03530  -0.20093  -0.13147   0.09441   0.05720  -0.13540  -0.01009   0.04712 
 -0.00338  -0.12231  -0.04399   0.08122  -0.00918  -0.05987  -0.20297   0.11378   0.07394  -0.15685  -0.03424  -0.02286   0.04534  -0.33616  -0.11218   0.10626   0.08174  -0.13460  -0.00249   0.02952 
  0.01873  -0.12791  -0.05369   0.06854   0.00115  -0.07745  -0.28638   0.13051   0.05790  -0.22021  -0.00874   0.01884   0.05718  -0.24952  -0.14318   0.08411   0.10205  -0.15844  -0.01525   0.03589 
  0.02794  -0.14360  -0.08383   0.07853  -0.02154  -0.07115  -0.28678   0.14752   0.09674  -0.15417  -0.06706  -0.05439   0.08446  -0.22310  -0.14696   0.04037   0.08571  -0.14346  -0.01233   0.03707 
  0.02565  -0.12194  -0.08621   0.07376  -0.01181  -0.03738  -0.30411   0.13140   0.08912  -0.19861  -0.07363  -0.01789   0.08469  -0.33577  -0.14458   0.06709   0.09111  -0.12714  -0.02829   0.03663 
  0.03081  -0.11824  -0.10078   0.07349  -0.02002   0.01430  -0.39136   0.13428   0.08177  -0.18271  -0.08105  -0.00850   0.10570  -0.32120  -0.15228   0.03499   0.10086  -0.15462  -0.03536   0.04655 
  0.03262  -0.10628  -0.12322   0.07581  -0.02446  -0.02845  -0.31108   0.14001   0.10704  -0.18834  -0.09301  -0.04978   0.12457  -0.38481  -0.17496   0.02657   0.11147  -0.12272  -0.02015   0.01825 
  0.04198  -0.11240  -0.10325   0.06184  -0.01911   0.00314  -0.37478   0.13524   0.09319  -0.17597  -0.02102  -0.05625   0.09592  -0.21892  -0.17935   0.03402   0.10368  -0.12013  -0.05970   0.04400 
  0.03576  -0.08738  -0.13604   0.07019  -0.05624   0.04758  -0.37481   0.14601   0.07999  -0.14573  -0.02104  -0.04455   0.09607  -0.23971  -0.19505   0.04550   0.07509  -0.11710  -0.01750   0.03459 
  0.01217  -0.06567  -0.11005   0.07281  -0.03265   0.00070  -0.44445   0.15760   0.06978  -0.08329  -0.01911  -0.05850   0.05891  -0.24015  -0.17256   0.08990   0.06642  -0.10395  -0.02673   0.03863 
  0.01122  -0.07224  -0.12026   0.08015  -0.04025   0.04355  -0.48151   0.15133   0.08626  -0.22872  -0.01544  -0.02343   0.07394  -0.23829  -0.18753   0.07462   0.08855  -0.12147  -0.05389   0.04967 
  0.01873  -0.08092  -0.14104   0.08457  -0.03500   0.05474  -0.60178   0.15602   0.07558  -0.14946  -0.04296  -0.02568   0.04388  -0.18503  -0.17991   0.09649   0.07967  -0.12195  -0.04520   0.04989 
  0.00789  -0.06146  -0.15281   0.08987  -0.04809   0.01723  -0.63751   0.18352   0.05406  -0.16893   0.00721  -0.00075   0.05833  -0.20574  -0.17150   0.08125   0.05874  -0.12804  -0.03480   0.05726 
 -0.00404  -0.08261  -0.13834   0.10299  -0.04061   0.04379  -0.67773   0.17129   0.05843  -0.13971  -0.05404   0.00342   0.06734  -0.17236  -0.15984   0.05502   0.06317  -0.11594  -0.03391   0.04956 
 -0.00062  -0.06146  -0.14142   0.09303  -0.04303   0.01729  -0.74575   0.18793   0.05406  -0.12508  -0.00365  -0.01543   0.04962  -0.19254  -0.11739   0.06871   0.05492  -0.10302  -0.04695   0.05507 
 -0.00485  -0.06567  -0.14727   0.10003  -0.03632  -0.00285  -0.87175   0.19729   0.06441  -0.12333  -0.06775  -0.00893   0.02418  -0.15224  -0.13840   0.09614   0.06356  -0.12351  -0.03674   0.05409 
 -0.00420  -0.07723  -0.15680   0.10706  -0.03501  -0.00652  -0.78730   0.19323   0.07528  -0.12940  -0.15713   0.00377   0.04871  -0.15014  -0.18818   0.08292   0.05846  -0.11265  -0.07451   0.07127 
 -0.00062  -0.07323  -0.19189   0.11335  -0.03323  -0.02239  -0.75114   0.19509   0.05401  -0.10601  -0.05381  -0.00481   0.05226  -0.17949  -0.16745   0.08023   0.04833  -0.11386  -0.04542   0.06199 
 -0.00930  -0.07656  -0.15360   0.10971  -0.03684   0.00658  -0.67712   0.18263   0.08861  -0.17042  -0.10083  -0.01911   0.05824  -0.18840  -0.17408   0.07738   0.09364  -0.09117  -0.06242   0.03806 
  0.01264  -0.06730  -0.16490   0.09224  -0.05185  -0.04830  -0.32921   0.17087   0.08652  -0.16308  -0.09265  -0.02123   0.01321  -0.12731  -0.10863   0.08985   0.09322  -0.11042  -0.06220   0.04681 
