IntronPotTab 1 1024 0.12929
    0.00804
   -0.00967
   -0.01113
   -0.00372
    0.00507
   -0.02422
   -0.03737
    0.01539
   -0.00236
    0.00290
   -0.02200
    0.01120
    0.00159
   -0.01723
   -0.01369
    0.01006
    0.00591
   -0.01041
   -0.01587
    0.00374
    0.00161
   -0.00344
   -0.03652
    0.01414
    0.00787
   -0.01787
   -0.02392
    0.01179
    0.00946
   -0.02931
   -0.00410
    0.00433
    0.00626
    0.00652
   -0.01693
   -0.00351
    0.00080
   -0.02824
   -0.04200
    0.02681
    0.00275
   -0.01436
    0.00629
   -0.00015
   -0.00316
   -0.01354
   -0.01464
    0.01492
    0.00114
   -0.01478
    0.00083
    0.00366
    0.00296
   -0.01311
   -0.02529
    0.01442
    0.00290
   -0.02062
   -0.03978
    0.02258
    0.00425
   -0.01944
   -0.01645
    0.00832
    0.00654
   -0.01053
   -0.02180
    0.00543
    0.01010
   -0.04120
   -0.02613
    0.01481
    0.01583
   -0.02723
   -0.03934
    0.01590
    0.01556
   -0.04261
   -0.01778
    0.00649
    0.00682
   -0.01846
   -0.01432
    0.00881
   -0.00357
    0.01791
   -0.06704
    0.01202
    0.02569
   -0.06543
   -0.02938
    0.01720
    0.02448
   -0.02535
   -0.03270
    0.00697
    0.00753
   -0.00665
   -0.01127
   -0.00057
    0.00443
   -0.00664
   -0.04033
    0.01382
    0.01386
   -0.04209
   -0.01409
    0.01466
    0.00955
   -0.00466
   -0.01670
    0.00194
   -0.03708
   -0.03433
    0.04549
    0.01891
    0.00048
   -0.01917
   -0.01916
    0.01642
    0.01797
   -0.03361
   -0.03468
    0.01164
    0.00942
   -0.03098
   -0.01191
    0.00874
    0.00857
    0.01889
   -0.04676
   -0.00003
   -0.04666
   -0.05574
   -0.09520
    0.06401
    0.00872
   -0.02163
   -0.02926
    0.01850
    0.02188
   -0.01584
   -0.04926
    0.00780
    0.01592
   -0.02056
   -0.02752
    0.00470
   -0.01138
    0.01004
   -0.07173
    0.03405
    0.01545
   -0.03606
   -0.03909
    0.02365
    0.00084
   -0.02860
   -0.03102
    0.03033
    0.00714
    0.00291
   -0.01588
   -0.00144
   -0.00398
   -0.00580
   -0.03842
    0.02195
    0.00198
   -0.01601
    0.01504
   -0.00565
   -0.00600
   -0.00053
   -0.02665
    0.01956
   -0.00442
   -0.00796
    0.00471
    0.00609
   -0.03354
   -0.02007
   -0.06528
    0.04314
   -0.00758
   -0.01765
   -0.03421
    0.03201
   -0.01842
    0.05728
   -0.03218
   -0.00447
    0.00401
   -0.01183
   -0.01985
    0.00585
    0.01120
   -0.04106
   -0.02844
    0.01179
    0.02779
   -0.05940
   -0.05965
    0.00741
    0.01034
   -0.03062
   -0.01096
    0.00343
    0.00170
   -0.02756
   -0.00598
    0.01221
    0.00093
   -0.00019
   -0.03756
    0.01189
    0.01478
   -0.04053
   -0.02152
    0.01219
    0.01067
   -0.01134
   -0.01981
    0.00436
    0.00076
    0.00213
   -0.01411
    0.00476
    0.01462
   -0.03256
   -0.02432
    0.00772
    0.00893
   -0.02036
   -0.00696
    0.00412
    0.01029
   -0.01898
   -0.01306
    0.00284
    0.00288
   -0.01687
   -0.01108
    0.00657
    0.00152
   -0.01617
   -0.02971
    0.01730
    0.00429
   -0.01796
   -0.04116
    0.02084
    0.00481
   -0.01356
   -0.01530
    0.00628
    0.00676
   -0.00773
   -0.02870
    0.00503
    0.00436
   -0.01953
   -0.04780
    0.01855
    0.00202
   -0.02079
   -0.02373
    0.02067
    0.00324
   -0.01376
   -0.02841
    0.01365
   -0.00220
    0.00810
   -0.03207
    0.01224
   -0.01386
    0.02058
   -0.06689
    0.02871
    0.00173
   -0.00630
   -0.03983
    0.02114
    0.01122
   -0.00263
   -0.03672
    0.00911
   -0.00044
    0.03194
   -0.02305
   -0.00909
   -0.00072
   -0.01330
   -0.07095
    0.02816
   -0.00393
   -0.01072
    0.01678
   -0.00191
   -0.03559
    0.01143
   -0.05983
    0.03688
   -0.00318
    0.00119
   -0.01269
    0.00698
    0.00266
   -0.00910
   -0.04637
    0.01865
    0.00016
   -0.01178
   -0.03991
    0.02520
    0.00122
   -0.00900
   -0.02852
    0.01167
    0.00934
    0.00144
   -0.02271
   -0.00420
    0.01243
   -0.03514
   -0.03220
    0.01925
    0.02391
   -0.05295
   -0.02794
    0.01921
    0.01528
   -0.02967
   -0.01743
    0.00772
    0.00314
   -0.00301
   -0.02121
    0.00834
   -0.02845
    0.02843
   -0.06790
    0.01170
    0.00688
   -0.02955
   -0.01253
    0.01732
    0.00445
   -0.00375
   -0.02935
    0.01268
    0.00623
   -0.00032
   -0.00693
   -0.00395
    0.01785
   -0.02773
   -0.05395
    0.02409
    0.01093
   -0.05597
    0.00457
    0.01855
    0.00718
    0.00407
   -0.02744
    0.00414
    0.00245
   -0.01173
   -0.00084
    0.00475
   -0.00393
   -0.00932
   -0.02872
    0.01951
   -0.00096
   -0.01031
   -0.01936
    0.01755
    0.01006
   -0.02082
   -0.01917
    0.01220
    0.01326
   -0.00890
   -0.04109
    0.00448
    0.00166
   -0.02975
   -0.04874
    0.02788
    0.00842
   -0.03829
   -0.02740
    0.02469
    0.00254
    0.00095
   -0.05229
    0.01996
    0.00720
    0.00133
   -0.04336
    0.01540
   -0.00909
    0.03865
   -0.10569
    0.03553
    0.00473
   -0.03486
   -0.03825
    0.03628
    0.01329
    0.00877
   -0.07188
    0.02379
    0.00209
    0.00560
   -0.00777
   -0.00161
   -0.00956
    0.02011
   -0.07070
    0.03083
    0.00995
   -0.02304
    0.01849
   -0.01071
   -0.02083
    0.04427
   -0.07306
    0.02563
   -0.00388
   -0.00217
   -0.00053
    0.00503
    0.00869
   -0.01414
   -0.04273
    0.01463
   -0.01098
   -0.02448
   -0.03331
    0.03753
    0.00329
   -0.01122
   -0.02223
    0.01143
    0.01092
   -0.04311
   -0.01684
    0.01278
    0.01001
   -0.03702
   -0.03621
    0.01449
    0.00972
   -0.08362
   -0.08539
    0.03178
    0.04247
   -0.07856
   -0.03763
   -0.01242
    0.00192
   -0.00903
   -0.02097
    0.01174
   -0.01305
    0.00994
   -0.02901
    0.01729
    0.00529
   -0.02675
   -0.02347
    0.01820
    0.00507
    0.01139
   -0.03217
    0.00429
    0.01128
   -0.00628
   -0.02329
   -0.00130
    0.01515
   -0.03021
   -0.04510
    0.01231
    0.01203
   -0.03462
   -0.00321
    0.00686
    0.00160
   -0.01086
   -0.03361
    0.01740
    0.00913
   -0.01560
   -0.01400
    0.00137
   -0.00237
   -0.01444
   -0.03521
    0.02009
    0.00638
   -0.01559
   -0.04013
    0.02009
    0.00397
   -0.01346
   -0.02831
    0.01138
    0.00694
   -0.02377
   -0.01340
    0.00408
   -0.00866
   -0.05062
   -0.06017
    0.03802
   -0.00783
   -0.02389
   -0.00143
    0.02212
    0.01219
   -0.02987
   -0.01335
    0.00539
    0.00905
   -0.01658
   -0.00777
    0.00033
    0.00381
   -0.00978
   -0.00357
    0.00263
   -0.00888
   -0.01293
   -0.01831
    0.02486
    0.06435
   -0.08209
   -0.03000
   -0.05461
   -0.00080
    0.00407
    0.00222
   -0.00282
    0.00732
   -0.01673
   -0.02314
    0.00936
   -0.01163
   -0.01683
    0.02462
    0.00580
    0.00855
   -0.01043
   -0.01207
    0.00361
   -0.01018
   -0.02839
    0.05499
   -0.00736
    0.00702
   -0.03288
   -0.02008
    0.02073
   -0.00313
   -0.02969
   -0.02077
    0.02765
    0.01716
   -0.03027
   -0.01957
    0.00567
    0.00939
   -0.00946
   -0.02414
    0.00323
    0.01241
   -0.04385
   -0.02810
    0.01843
    0.00860
   -0.03867
   -0.01790
    0.02728
    0.01721
   -0.05510
   -0.00715
    0.01073
    0.01295
   -0.01311
   -0.03216
    0.00737
   -0.00717
    0.01899
   -0.06457
    0.01747
    0.02210
   -0.04862
   -0.03126
    0.02478
    0.03507
   -0.02334
   -0.02846
    0.00137
    0.01328
   -0.01787
   -0.00929
   -0.00096
    0.00483
   -0.00972
   -0.04221
    0.01961
    0.02844
   -0.05134
    0.00405
    0.00498
   -0.00048
   -0.00063
   -0.00708
    0.00442
   -0.00107
   -0.02166
    0.00589
    0.00929
    0.00103
   -0.03073
   -0.03727
    0.02623
   -0.00598
   -0.02263
   -0.03231
    0.03361
    0.01071
   -0.05151
   -0.02916
    0.02404
    0.01292
   -0.02320
   -0.02795
    0.00792
   -0.01729
   -0.01344
   -0.04892
    0.03916
    0.00267
   -0.03099
   -0.00910
    0.02019
   -0.00141
   -0.02715
   -0.02550
    0.02599
    0.01768
   -0.02621
   -0.03107
    0.00787
   -0.00708
    0.01130
   -0.05518
    0.02221
    0.00041
   -0.03631
   -0.04893
    0.04928
    0.02956
   -0.02688
   -0.03147
    0.00820
    0.00983
   -0.00952
   -0.00842
   -0.00186
   -0.01040
    0.00230
   -0.02899
    0.02176
   -0.01287
   -0.03307
    0.03513
   -0.01909
   -0.01289
   -0.00709
   -0.02069
    0.02573
   -0.01075
   -0.00305
    0.00528
    0.00890
   -0.01543
    0.00139
   -0.03572
    0.02910
   -0.01537
   -0.02191
   -0.02336
    0.03885
    0.00625
   -0.03031
   -0.01236
    0.01337
    0.00859
   -0.00812
   -0.03948
    0.00864
    0.01238
   -0.03868
   -0.03205
    0.01354
    0.00721
   -0.02812
   -0.02422
    0.01603
    0.00907
   -0.02947
   -0.00514
    0.00383
    0.00734
   -0.01898
   -0.01587
    0.00584
    0.01024
   -0.01944
   -0.02692
    0.00724
    0.00714
   -0.03771
   -0.01273
    0.01277
    0.03673
   -0.04552
   -0.02315
   -0.02021
    0.00726
    0.00320
   -0.00903
   -0.00560
    0.01573
   -0.03223
   -0.01340
    0.00526
    0.00112
   -0.02433
    0.02009
    0.00017
   -0.00007
   -0.01852
    0.00196
    0.00607
    0.00644
   -0.02145
   -0.00092
    0.00210
    0.00153
   -0.07504
   -0.06146
    0.04063
   -0.00628
   -0.01158
   -0.02399
    0.01939
    0.01019
   -0.02829
   -0.01908
    0.00946
    0.00167
    0.00392
   -0.01266
    0.00135
    0.01169
   -0.01255
   -0.02734
   -0.00046
    0.00384
   -0.00432
   -0.01532
    0.00572
    0.00064
   -0.00560
   -0.02097
    0.00905
   -0.00501
   -0.00648
   -0.02549
    0.01712
    0.00047
   -0.01144
   -0.04676
    0.02359
    0.00337
   -0.01763
   -0.03338
    0.01825
    0.01275
   -0.01297
   -0.03379
    0.00790
   -0.02015
    0.05826
   -0.05111
    0.00111
    0.00015
   -0.00214
   -0.04437
    0.01330
   -0.00247
    0.01289
   -0.00662
    0.00025
   -0.03047
    0.03340
   -0.05489
    0.01304
   -0.01253
   -0.01781
    0.04317
   -0.00462
    0.00337
   -0.01461
   -0.02441
    0.01120
   -0.00391
   -0.01752
   -0.03113
    0.02076
    0.00235
   -0.01117
   -0.01837
    0.00721
    0.00546
   -0.01912
   -0.01348
    0.00745
    0.00917
   -0.04439
   -0.03330
    0.02127
   -0.01852
   -0.06118
   -0.05406
    0.05941
    0.00863
   -0.04730
   -0.01534
    0.01762
   -0.00373
   -0.02123
   -0.00328
    0.01513
   -0.01204
    0.01055
   -0.06486
    0.02405
    0.00753
   -0.03314
   -0.03739
    0.02523
    0.01354
   -0.03075
   -0.03075
    0.01796
    0.00758
   -0.01405
   -0.01627
    0.00690
    0.01129
   -0.02236
   -0.05549
    0.02083
    0.00777
   -0.03710
   -0.02199
    0.02401
    0.00744
   -0.02249
   -0.02474
    0.01521
   -0.02428
   -0.03648
    0.04663
    0.00437
   -0.00813
   -0.03290
   -0.02774
    0.03005
   -0.01378
   -0.03021
   -0.02602
    0.03500
    0.01070
   -0.03651
   -0.01119
    0.01424
    0.00757
    0.01140
   -0.03682
    0.00270
    0.00061
   -0.02811
   -0.02619
    0.02424
    0.01064
   -0.01864
   -0.02623
    0.01443
   -0.00018
   -0.00296
   -0.02850
    0.01733
    0.00633
   -0.01336
   -0.02973
    0.01357
   -0.00365
    0.00139
   -0.07317
    0.03357
    0.01241
   -0.03790
   -0.03769
    0.02462
    0.01498
   -0.01705
   -0.03995
    0.02234
    0.00244
    0.02175
   -0.02629
   -0.00125
    0.00270
    0.00149
   -0.05735
    0.01820
    0.00023
   -0.01917
    0.01085
    0.00214
   -0.00624
    0.01057
   -0.04569
    0.02422
   -0.00417
   -0.00365
   -0.00349
    0.00649
   -0.00014
   -0.02150
   -0.03593
    0.02398
   -0.00843
   -0.02115
   -0.03883
    0.03008
   -0.00134
   -0.00488
   -0.01506
    0.00968
    0.00333
   -0.00631
   -0.01103
    0.00233
    0.00659
   -0.03438
   -0.03312
    0.01603
   -0.00337
   -0.02441
   -0.01753
    0.01875
    0.00430
   -0.02993
   -0.01642
    0.01019
   -0.00146
   -0.02577
    0.01299
    0.00505
   -0.00887
    0.00633
   -0.03872
    0.01778
    0.01066
   -0.02438
   -0.02558
    0.01059
    0.02948
   -0.02531
   -0.02476
   -0.00426
    0.00269
    0.00684
   -0.01476
    0.00033
    0.00414
   -0.02258
   -0.03682
    0.01671
   -0.00411
   -0.01204
    0.00341
    0.00914
   -0.00290
   -0.00921
   -0.02057
    0.01276
    0.00335
   -0.01499
   -0.01082
    0.00541
   -0.00930
   -0.01326
   -0.02460
    0.02180
   -0.00092
   -0.00969
   -0.03402
    0.01883
    0.00035
   -0.00958
   -0.01915
    0.00926
