IntronPotTab 1 1024 -13.48955 0.74454 8.66363 36489 6 16   73.99
    0.05066
    0.07316
   -0.18965
    0.02898
   -0.05455
   -0.00650
   -0.03515
    0.09005
   -0.01657
    0.08579
   -0.10898
    0.04177
   -0.01552
    0.03010
   -0.05282
    0.02600
   -0.01185
    0.07050
   -0.20442
    0.09106
   -0.04181
    0.01439
   -0.01879
    0.03456
   -0.04152
    0.06801
   -0.09565
    0.06633
   -0.02877
   -0.00441
    0.06037
   -0.03173
   -0.02962
    0.03933
   -0.04346
    0.04383
   -0.11273
   -0.07258
   -0.08940
    0.15835
   -0.04439
    0.07330
   -0.01662
   -0.00519
   -0.04816
    0.01636
   -0.04719
    0.05059
    0.00248
    0.05279
   -0.19162
    0.05175
   -0.06007
   -0.01034
   -0.01495
    0.08825
    0.00245
    0.01675
   -0.11222
    0.07843
   -0.05011
    0.00367
   -0.05309
    0.06478
    0.00572
    0.03664
   -0.14663
    0.07380
   -0.03071
   -0.04733
    0.02768
    0.06954
   -0.02211
    0.05009
   -0.10847
    0.05613
   -0.04600
    0.01154
   -0.04823
    0.06820
   -0.01890
    0.04068
   -0.17299
    0.09737
   -0.08543
    0.02685
   -0.05130
    0.09500
   -0.02192
    0.03169
   -0.13294
    0.10001
   -0.04447
   -0.01711
   -0.05212
    0.06898
    0.00339
    0.01383
   -0.11231
    0.07132
   -0.07903
   -0.09025
    0.00523
    0.12683
   -0.00311
    0.01771
   -0.05774
    0.02765
   -0.06171
   -0.03307
   -0.00282
    0.07921
    0.23174
   -0.07908
   -0.25344
    0.00570
    0.02890
   -0.09081
   -0.01824
    0.07130
    0.25919
   -0.13480
   -0.26263
   -0.09815
    0.04099
   -0.03632
   -0.07416
    0.07964
    0.03471
    0.06509
   -0.15503
    0.07043
   -0.05848
   -0.04136
   -0.05954
    0.13479
   -0.00096
    0.09972
   -0.12320
    0.03272
   -0.04297
    0.02557
   -0.06898
    0.08005
   -0.02137
    0.06288
   -0.14007
    0.10466
   -0.06129
   -0.00065
   -0.03157
    0.07956
   -0.03373
    0.07377
   -0.10089
    0.06753
   -0.02442
   -0.01747
    0.06790
   -0.04853
   -0.00612
    0.05497
   -0.09064
    0.06235
   -0.10938
   -0.05475
   -0.06669
    0.15847
   -0.06248
    0.06542
   -0.02788
    0.04527
   -0.07835
    0.02489
   -0.05525
    0.07721
    0.00458
    0.01919
   -0.10372
    0.05814
   -0.07388
   -0.04261
   -0.02220
    0.12316
   -0.03146
    0.05525
   -0.06426
    0.05137
   -0.03354
    0.02107
   -0.05221
    0.05029
   -0.00158
    0.07080
   -0.20900
    0.09257
   -0.04397
   -0.03012
   -0.02963
    0.09204
   -0.04190
    0.09165
   -0.15319
    0.07861
   -0.00451
    0.03458
   -0.08643
    0.04205
   -0.05899
    0.07435
   -0.20285
    0.11625
   -0.05587
    0.04476
   -0.05568
    0.05031
   -0.08858
    0.09565
   -0.09949
    0.08048
   -0.05431
    0.00116
   -0.02077
    0.04516
   -0.01246
    0.05972
   -0.15685
    0.06329
   -0.09515
   -0.07233
   -0.00855
    0.13404
   -0.05313
    0.03732
   -0.02056
    0.03801
   -0.06722
    0.00759
   -0.05285
    0.08494
    0.03423
    0.00124
   -0.23269
    0.08672
   -0.04771
   -0.02179
   -0.04651
    0.10760
    0.06984
    0.00066
   -0.15164
    0.03819
   -0.05026
    0.02814
   -0.13010
    0.10515
    0.00000
    0.07562
   -0.17470
    0.07207
   -0.10645
    0.02521
    0.00042
    0.08785
   -0.06420
    0.09082
   -0.10154
    0.04313
   -0.06658
    0.05787
   -0.08526
    0.04635
   -0.04752
    0.10525
   -0.20685
    0.08024
   -0.08728
    0.05246
   -0.06436
    0.08183
   -0.06260
    0.08836
   -0.13952
    0.09595
   -0.05686
    0.02174
   -0.02246
    0.02377
   -0.03912
    0.07563
   -0.08344
    0.03425
   -0.11882
   -0.04807
   -0.03005
    0.13191
   -0.05712
    0.08030
   -0.02665
   -0.01046
   -0.08974
    0.06290
   -0.06356
    0.04880
   -0.03769
    0.05380
   -0.24215
    0.09387
   -0.08789
    0.00896
   -0.03681
    0.11214
   -0.05162
    0.05057
   -0.10830
    0.08705
   -0.08295
    0.03435
   -0.10923
    0.09052
   -0.01164
    0.04385
   -0.13646
    0.07521
   -0.04807
   -0.04810
    0.01786
    0.10107
   -0.06579
    0.06826
   -0.10463
    0.05373
   -0.06232
    0.02326
   -0.08767
    0.07532
   -0.04481
    0.05023
   -0.22703
    0.12759
   -0.13283
    0.06513
   -0.05594
    0.08933
   -0.07291
    0.05767
   -0.13302
    0.10968
   -0.11432
   -0.01460
   -0.09636
    0.10055
   -0.02361
    0.01754
   -0.10847
    0.08943
   -0.05555
   -0.07600
   -0.01416
    0.12252
   -0.05417
    0.03178
   -0.04665
    0.04517
   -0.07444
   -0.00918
   -0.04981
    0.09401
    0.04888
    0.01505
   -0.19138
    0.05335
   -0.07589
   -0.04200
   -0.03013
    0.12629
    0.05336
    0.00307
   -0.16196
    0.05767
   -0.06772
   -0.03169
   -0.11941
    0.12754
    0.01172
    0.07306
   -0.18231
    0.08714
   -0.04366
   -0.01058
   -0.05903
    0.11606
   -0.05431
    0.08936
   -0.11654
    0.05985
   -0.04718
    0.02808
   -0.10103
    0.10079
   -0.02721
    0.06298
   -0.22113
    0.13773
   -0.08380
    0.07674
   -0.08019
    0.09159
   -0.06734
    0.07244
   -0.13040
    0.09516
   -0.05337
   -0.02814
    0.02630
    0.02914
    0.00307
    0.06819
   -0.14362
    0.05616
   -0.08860
   -0.00528
   -0.08224
    0.15107
   -0.04360
    0.05112
   -0.04546
    0.02990
   -0.13097
    0.02296
   -0.06803
    0.12891
   -0.03231
    0.02515
   -0.18979
    0.12250
   -0.05935
   -0.00190
   -0.07931
    0.14338
   -0.09728
    0.06118
   -0.09050
    0.11868
   -0.06460
   -0.01847
   -0.08860
    0.12348
   -0.06757
    0.14831
   -0.34007
    0.09651
   -0.05837
    0.00404
   -0.03017
    0.07225
   -0.02813
    0.07730
   -0.13789
    0.04847
   -0.05946
    0.04941
   -0.11603
    0.08222
   -0.08078
    0.09799
   -0.27384
    0.13118
   -0.09057
    0.05182
   -0.04932
    0.05379
   -0.09565
    0.06280
   -0.10480
    0.11124
   -0.10653
    0.05305
   -0.12628
    0.06273
   -0.15148
    0.21334
   -0.37174
    0.07346
   -0.10561
   -0.03716
   -0.00829
    0.11233
   -0.05601
    0.04218
   -0.06830
    0.06194
   -0.10769
    0.02410
   -0.06632
    0.08781
   -0.08880
    0.07749
   -0.27388
    0.07489
   -0.08570
    0.00310
   -0.07036
    0.12202
   -0.05438
    0.05466
   -0.11186
    0.10030
   -0.12060
    0.03377
   -0.17760
    0.13811
   -0.00189
    0.09204
   -0.15774
    0.07825
   -0.06352
    0.01276
   -0.04299
    0.09403
   -0.07606
    0.12575
   -0.08652
    0.06922
   -0.05588
    0.03397
   -0.06399
    0.06450
   -0.04717
    0.08947
   -0.17331
    0.09280
   -0.04239
    0.01939
   -0.03162
    0.04997
   -0.04930
    0.08856
   -0.07818
    0.07755
   -0.03784
   -0.03870
    0.06211
   -0.01115
   -0.03635
    0.09310
   -0.08101
    0.04217
   -0.12567
   -0.08370
   -0.10202
    0.17029
   -0.09270
    0.12364
   -0.01851
    0.02873
   -0.09049
    0.02565
   -0.03769
    0.06008
   -0.02184
    0.05227
   -0.21623
    0.08911
   -0.04634
   -0.01970
   -0.02401
    0.08642
   -0.05140
    0.07235
   -0.09859
    0.10005
   -0.04361
    0.00268
   -0.08722
    0.09772
   -0.02887
    0.04741
   -0.10768
    0.09147
   -0.05224
   -0.04615
    0.03210
    0.07979
   -0.05008
    0.05946
   -0.09697
    0.06910
   -0.04338
    0.01102
   -0.04120
    0.05884
   -0.04101
    0.03901
   -0.12031
    0.10188
   -0.10879
    0.03122
   -0.03538
    0.09968
   -0.03419
   -0.00225
   -0.11486
    0.12698
   -0.08713
   -0.03065
   -0.04321
    0.08892
   -0.04327
    0.02014
   -0.09633
    0.09919
   -0.07615
   -0.09672
   -0.00337
    0.12800
   -0.04960
   -0.00807
   -0.04263
    0.08339
   -0.10104
   -0.03271
    0.00389
    0.08641
    0.25377
   -0.08908
   -0.23917
   -0.03169
    0.08532
   -0.12498
   -0.04165
    0.03599
    0.28781
   -0.19432
   -0.28244
   -0.11489
    0.11830
   -0.06013
   -0.08708
    0.07275
    0.02233
    0.07346
   -0.17722
    0.10511
   -0.05337
   -0.05695
   -0.03466
    0.13096
   -0.03811
    0.13649
   -0.12316
    0.07422
   -0.04771
    0.01182
   -0.06214
    0.08842
   -0.06693
    0.04782
   -0.11790
    0.13174
   -0.08343
    0.01485
   -0.03509
    0.10350
   -0.04412
    0.10442
   -0.13161
    0.10754
   -0.06487
   -0.00555
    0.03331
    0.00111
   -0.01050
    0.07662
   -0.12923
    0.07639
   -0.08508
   -0.05294
   -0.05283
    0.13565
   -0.09921
    0.05014
    0.00887
    0.06467
   -0.14934
    0.03036
   -0.06807
    0.10573
   -0.08377
    0.03847
   -0.12267
    0.11025
   -0.08518
   -0.02212
   -0.01915
    0.12364
   -0.07970
    0.07600
   -0.09521
    0.13007
   -0.12159
   -0.01660
   -0.07553
    0.11776
   -0.01081
    0.13320
   -0.27087
    0.11458
   -0.03652
   -0.02396
   -0.11127
    0.14001
   -0.04848
    0.15493
   -0.16292
    0.01521
   -0.03207
    0.04633
   -0.10342
    0.07337
   -0.05455
    0.07701
   -0.18760
    0.12997
   -0.08602
    0.02634
   -0.03798
    0.08876
   -0.08894
    0.09355
   -0.09266
    0.08581
   -0.08702
    0.01841
   -0.03079
    0.04967
   -0.01716
    0.12027
   -0.25500
    0.09720
   -0.09184
   -0.05465
   -0.04619
    0.14301
   -0.04420
    0.06199
   -0.07408
    0.05504
   -0.10856
    0.00688
   -0.02464
    0.07900
    0.01622
    0.05747
   -0.27160
    0.08997
   -0.07105
   -0.02563
   -0.05199
    0.13664
    0.02516
    0.03789
   -0.13019
    0.05841
   -0.06741
    0.03951
   -0.14259
    0.11953
    0.00826
    0.09586
   -0.20976
    0.07229
   -0.04253
   -0.02930
    0.01082
    0.06969
    0.00459
    0.10861
   -0.11008
   -0.01419
   -0.07165
    0.05610
   -0.07463
    0.06192
   -0.04711
    0.05670
   -0.22798
    0.11566
   -0.06651
    0.04480
   -0.06322
    0.06538
   -0.02709
    0.05937
   -0.13424
    0.07931
   -0.13866
    0.02038
    0.02878
    0.04491
   -0.00918
    0.04838
   -0.07921
    0.02952
   -0.11767
   -0.06437
   -0.09476
    0.16384
   -0.02664
    0.08738
   -0.06469
   -0.00276
   -0.12801
    0.05660
   -0.02923
    0.09178
   -0.05320
    0.02606
   -0.25142
    0.10436
   -0.08497
   -0.02001
   -0.03269
    0.11956
   -0.03124
    0.05430
   -0.09472
    0.05483
   -0.10804
    0.01833
   -0.09052
    0.10937
   -0.00834
    0.03011
   -0.13031
    0.08937
   -0.02768
   -0.05016
   -0.02750
    0.10873
   -0.01230
    0.04015
   -0.11176
    0.05565
   -0.03057
   -0.03241
   -0.06734
    0.11837
   -0.07304
    0.04062
   -0.21063
    0.15781
   -0.10554
    0.03490
   -0.08541
    0.10159
   -0.05747
    0.02153
   -0.13885
    0.13571
   -0.08356
   -0.06745
   -0.04721
    0.12373
   -0.02433
    0.00683
   -0.12991
    0.10514
   -0.06577
   -0.08883
   -0.06655
    0.15492
   -0.04079
    0.01370
   -0.03819
    0.05650
   -0.06303
   -0.06766
   -0.01364
    0.12629
    0.10752
   -0.00961
   -0.23853
    0.05466
   -0.07303
   -0.08503
   -0.07387
    0.17376
    0.12601
   -0.05552
   -0.18234
    0.03551
    0.00090
   -0.06624
   -0.13045
    0.14121
   -0.02575
    0.10129
   -0.18321
    0.11830
   -0.04210
   -0.05169
    0.02568
    0.06972
   -0.01814
    0.09771
   -0.09944
    0.00802
   -0.05756
    0.02944
   -0.06914
    0.08349
   -0.08539
    0.11361
   -0.17755
    0.13960
   -0.13075
    0.05176
   -0.05294
    0.12125
   -0.04752
    0.04827
   -0.09675
    0.09548
   -0.07448
   -0.00170
   -0.02235
    0.06399
   -0.04818
    0.08439
   -0.14001
    0.09130
   -0.11679
   -0.05163
   -0.04426
    0.16399
   -0.09456
    0.07651
   -0.01397
    0.05001
   -0.10862
    0.01448
   -0.08715
    0.14178
   -0.08754
    0.03792
   -0.16943
    0.13239
   -0.10369
   -0.03075
   -0.03438
    0.15613
   -0.06714
    0.03862
   -0.09450
    0.11432
   -0.07947
    0.01396
   -0.11473
    0.12719
   -0.01998
    0.12341
   -0.27847
    0.10028
   -0.05512
   -0.03578
   -0.02093
    0.10336
   -0.01208
    0.05568
   -0.12639
    0.05960
   -0.08111
   -0.00815
   -0.08474
    0.11427
   -0.07189
    0.07724
   -0.20660
    0.13956
   -0.12586
    0.04525
   -0.05838
    0.09089
   -0.09911
    0.07319
   -0.09590
    0.11985
   -0.09204
   -0.00498
   -0.08552
    0.08042
   -0.08063
    0.14962
   -0.22115
    0.08132
   -0.14608
   -0.04678
   -0.00910
    0.14739
   -0.07993
    0.03529
   -0.01884
    0.06620
   -0.12609
    0.00808
   -0.06443
    0.10186
   -0.03382
    0.02558
   -0.27634
    0.11251
   -0.14283
   -0.01052
   -0.07282
    0.15735
   -0.06211
    0.05059
   -0.09250
    0.10594
   -0.08526
    0.01879
   -0.17527
    0.12831
