IntronPotTab 1 1024 0.08946
   -0.01900
   -0.00586
    0.01137
    0.02224
   -0.03353
    0.01077
    0.00177
    0.02944
   -0.03845
    0.00347
    0.01874
    0.02397
   -0.02640
   -0.00071
   -0.00249
    0.02260
   -0.03032
    0.01221
    0.01368
    0.01792
   -0.01698
    0.02449
   -0.00587
    0.00683
   -0.03344
    0.03256
    0.01413
    0.00423
   -0.01919
   -0.01004
   -0.00431
    0.02312
   -0.01717
    0.00666
    0.01823
    0.00893
   -0.02098
    0.00697
    0.01328
    0.00983
   -0.03613
    0.02142
    0.04617
   -0.00660
   -0.02279
    0.00367
    0.00414
    0.01218
   -0.03219
    0.00310
    0.02384
    0.01890
   -0.01757
   -0.00737
    0.01157
    0.01594
   -0.03415
    0.02278
    0.00218
    0.02037
   -0.02395
   -0.01262
    0.00469
    0.01714
   -0.01543
   -0.00396
    0.01711
    0.01139
   -0.02110
    0.00649
   -0.00199
    0.01945
   -0.03008
   -0.00166
   -0.00276
    0.03249
   -0.01800
   -0.01114
   -0.00123
    0.02151
   -0.02188
    0.00197
    0.00550
    0.01693
   -0.03104
    0.03016
   -0.02340
    0.02459
   -0.01870
    0.01687
   -0.01327
    0.01109
   -0.00499
   -0.00645
   -0.02141
    0.02221
   -0.01897
    0.00964
    0.01068
    0.00901
   -0.02087
   -0.00101
    0.01800
    0.00889
   -0.04353
    0.01821
    0.02421
    0.01271
   -0.02267
   -0.01044
    0.00692
    0.01784
   -0.01273
   -0.02029
    0.03499
    0.00433
   -0.02337
    0.00975
   -0.00501
    0.02062
   -0.01807
    0.00695
   -0.00761
    0.01732
   -0.01950
   -0.01466
    0.00488
    0.01742
   -0.01871
   -0.00692
    0.01435
    0.02057
   -0.01751
    0.01315
   -0.01819
    0.02673
   -0.02147
    0.00726
    0.00688
    0.01491
   -0.01048
   -0.00659
   -0.01616
    0.02467
   -0.01982
   -0.00282
    0.00738
    0.01891
   -0.01729
    0.01242
   -0.01716
    0.02435
   -0.02833
    0.03379
   -0.00415
    0.00586
   -0.01334
    0.00177
   -0.01368
    0.01916
   -0.01805
    0.00704
    0.01841
    0.00569
   -0.02548
    0.02353
    0.00618
    0.00709
   -0.02978
   -0.00689
    0.04799
    0.00401
   -0.04812
    0.02356
    0.00012
    0.02138
   -0.02214
   -0.01563
    0.02570
    0.01357
   -0.01921
    0.00295
    0.00181
    0.01906
   -0.02910
    0.00463
    0.00705
    0.02536
   -0.01975
   -0.02187
   -0.00470
    0.02729
   -0.02157
    0.00238
    0.01815
    0.01452
   -0.02458
    0.00597
   -0.00365
    0.02555
   -0.03066
    0.00955
    0.00786
    0.02024
   -0.03030
    0.00334
    0.00243
    0.01760
   -0.01914
    0.00007
    0.02071
    0.00555
   -0.03122
    0.03971
   -0.02606
    0.02046
   -0.02212
    0.02495
    0.00138
    0.00590
   -0.01662
   -0.00353
   -0.00577
    0.01764
   -0.01059
    0.00411
    0.01021
    0.00429
   -0.02063
    0.00199
    0.01288
    0.01201
   -0.04189
    0.01783
    0.02296
    0.01907
   -0.02527
    0.00327
    0.00404
    0.01379
   -0.01887
   -0.00747
    0.02478
    0.00511
   -0.01163
   -0.00150
   -0.00971
    0.01951
   -0.01454
    0.00006
    0.00377
    0.01301
   -0.02254
   -0.01907
    0.00597
    0.01928
   -0.00656
   -0.01269
    0.00367
    0.01472
   -0.02785
    0.02534
   -0.00102
    0.01547
   -0.02634
    0.00506
    0.00999
    0.01679
   -0.02107
    0.00319
   -0.01105
    0.02257
   -0.02030
    0.01128
    0.00748
    0.00744
   -0.01365
    0.03011
   -0.00945
    0.00160
   -0.02526
    0.03110
    0.00259
    0.00090
   -0.01517
   -0.00414
   -0.00722
    0.01803
   -0.01373
    0.02042
    0.00934
   -0.00080
   -0.02275
    0.00540
    0.02966
    0.00147
   -0.03206
    0.02577
    0.05030
   -0.01976
   -0.02319
    0.00732
    0.00049
    0.01321
   -0.02459
   -0.00371
    0.01593
    0.01468
   -0.01447
    0.01171
   -0.00621
    0.01217
   -0.02524
    0.01244
    0.00862
    0.00940
   -0.01695
   -0.01390
   -0.00007
    0.01732
   -0.00608
   -0.00537
    0.00580
    0.00827
   -0.02486
    0.00175
    0.01522
    0.01241
   -0.02963
    0.01296
    0.00590
    0.01597
   -0.01661
   -0.00475
   -0.00203
    0.01550
   -0.01251
    0.00794
    0.00069
    0.00459
   -0.04862
    0.05893
   -0.04183
    0.00941
   -0.01500
    0.02487
   -0.02015
    0.00530
   -0.01684
    0.00508
   -0.01063
    0.01318
   -0.00778
    0.00149
    0.00466
    0.00540
   -0.01816
   -0.00553
    0.02199
    0.00678
   -0.02535
    0.00000
    0.03212
    0.00803
   -0.01922
    0.00034
   -0.00295
    0.01498
   -0.01066
   -0.00973
    0.01915
    0.00495
   -0.02409
    0.01889
   -0.01739
    0.01864
   -0.01917
    0.00605
    0.00457
    0.01145
   -0.01448
   -0.00621
   -0.01134
    0.01867
   -0.00948
   -0.00646
    0.00985
    0.00909
   -0.01876
    0.02425
   -0.01299
    0.01251
   -0.02025
   -0.00022
    0.00554
    0.01843
   -0.01469
   -0.00420
   -0.02403
    0.03151
   -0.01090
   -0.00482
    0.01168
    0.00440
   -0.01517
    0.02507
   -0.01529
    0.01143
   -0.01130
    0.01823
   -0.00229
   -0.00419
   -0.00159
   -0.00439
   -0.00363
    0.00758
   -0.01609
    0.00489
    0.02779
   -0.00659
   -0.01652
    0.01323
    0.00508
    0.00348
   -0.02478
    0.00591
    0.03712
   -0.00475
   -0.01894
    0.01121
   -0.01172
    0.01828
   -0.01797
   -0.02636
    0.02656
    0.01463
   -0.01042
    0.00778
   -0.00691
    0.01148
   -0.02108
    0.00226
    0.01476
    0.00748
   -0.00696
   -0.02020
   -0.00055
    0.01723
   -0.01000
   -0.00784
    0.00728
    0.01243
   -0.02002
    0.01436
   -0.01237
    0.01703
   -0.02650
    0.00461
    0.00676
    0.01931
   -0.01619
    0.00340
   -0.00889
    0.01454
   -0.00807
   -0.00071
   -0.00100
    0.00952
   -0.02243
    0.02897
   -0.00083
    0.00522
   -0.01392
    0.02872
   -0.00517
   -0.00349
   -0.00992
    0.00185
   -0.00687
    0.00988
   -0.01354
    0.01143
    0.00033
    0.01061
   -0.02427
    0.00639
    0.01583
    0.00948
   -0.03484
    0.00551
    0.02742
    0.01731
   -0.02065
    0.00115
   -0.00091
    0.01467
   -0.01377
   -0.01847
    0.01819
    0.01276
   -0.00917
    0.00261
   -0.00974
    0.01246
   -0.00995
    0.00269
   -0.01053
    0.01534
   -0.00587
   -0.01299
   -0.00522
    0.01426
   -0.02223
   -0.00222
    0.02017
    0.01767
   -0.03009
    0.02429
   -0.00396
    0.02150
   -0.03955
    0.00359
    0.02439
    0.02609
   -0.02637
    0.00254
   -0.00800
    0.02520
   -0.02832
    0.01677
    0.01175
    0.01155
   -0.02488
    0.02538
    0.00002
    0.01214
   -0.03311
    0.03271
    0.01903
    0.00236
   -0.01777
   -0.00849
   -0.00087
    0.01690
   -0.02707
    0.00247
    0.03662
    0.00559
   -0.02625
    0.00198
    0.02363
    0.01044
   -0.04279
    0.01584
    0.06062
   -0.00579
   -0.02263
    0.00614
    0.00761
    0.00701
   -0.02320
   -0.00305
    0.01880
    0.01255
   -0.01050
   -0.00230
    0.00448
    0.01025
   -0.02905
    0.01729
    0.00363
    0.01764
   -0.01995
   -0.01100
    0.00552
    0.01302
   -0.01072
   -0.00167
    0.01345
    0.00624
   -0.01569
    0.01498
   -0.00697
    0.00905
   -0.02013
   -0.00789
    0.00466
    0.02434
   -0.02045
   -0.01172
   -0.00311
    0.02304
   -0.02132
    0.01498
   -0.00397
    0.01223
   -0.01164
    0.01479
   -0.01882
    0.01355
   -0.02622
    0.01718
   -0.02708
    0.02842
   -0.00985
   -0.01693
   -0.00983
    0.02309
   -0.01734
    0.01000
    0.01023
    0.00602
   -0.01159
   -0.00927
    0.01082
    0.01055
   -0.02859
   -0.00193
    0.03615
    0.00794
   -0.01263
   -0.01260
    0.01474
    0.00597
   -0.01291
   -0.01087
    0.02588
    0.00237
   -0.00573
   -0.00089
   -0.01383
    0.01519
   -0.01701
   -0.00294
    0.00465
    0.01744
   -0.00399
   -0.01376
   -0.00880
    0.01721
   -0.01945
    0.00007
    0.02013
    0.00891
   -0.02584
    0.01529
   -0.00340
    0.02033
   -0.02801
    0.00032
    0.02481
    0.00977
   -0.01615
   -0.00735
   -0.00386
    0.01993
   -0.02183
    0.00498
    0.01165
    0.01070
   -0.00922
    0.01434
   -0.01801
    0.01551
   -0.03204
    0.02867
   -0.00280
    0.01175
   -0.01857
   -0.00152
   -0.00421
    0.01723
   -0.02772
    0.01188
    0.02454
    0.00717
   -0.01646
   -0.01263
    0.01543
    0.01280
   -0.04733
   -0.02887
    0.08051
   -0.02382
   -0.02975
    0.01171
    0.00031
    0.01581
   -0.03649
    0.00590
    0.03190
    0.00784
   -0.00998
   -0.00968
    0.01263
    0.00802
   -0.03533
    0.01667
    0.00744
    0.02050
   -0.02009
   -0.01067
    0.00344
    0.01554
   -0.01290
    0.00479
   -0.00509
    0.01643
   -0.02193
    0.02222
   -0.01874
    0.01920
   -0.01988
    0.00940
   -0.00039
    0.01453
   -0.01270
    0.00194
   -0.01640
    0.01879
   -0.01728
    0.00801
    0.00584
    0.00738
   -0.02346
    0.02806
   -0.01133
    0.01349
   -0.02702
    0.02918
   -0.00097
    0.00617
   -0.01700
   -0.00639
   -0.00441
    0.01799
   -0.00140
    0.01008
   -0.00914
    0.00250
   -0.01618
    0.01079
    0.00670
    0.00580
   -0.03297
    0.01676
    0.01502
    0.01211
   -0.00985
    0.00377
   -0.01102
    0.01214
   -0.01193
   -0.00812
    0.01088
    0.00806
   -0.00812
   -0.00325
   -0.00942
    0.01596
   -0.01165
    0.00941
   -0.00399
    0.00757
   -0.01213
   -0.01623
   -0.00835
    0.01913
   -0.01372
   -0.00254
    0.01648
    0.00795
   -0.02449
    0.01141
   -0.00208
    0.02044
   -0.02404
    0.01191
    0.01126
    0.00756
   -0.02733
    0.00331
    0.00215
    0.01739
   -0.02186
    0.00998
    0.00020
    0.01662
   -0.00474
    0.00833
    0.00513
   -0.00336
   -0.02542
    0.02188
    0.00561
    0.00866
   -0.01955
   -0.00748
   -0.00584
    0.02191
   -0.01337
    0.00298
    0.01697
    0.00391
   -0.02432
   -0.00598
    0.02282
    0.01406
   -0.03524
    0.01322
    0.03715
    0.00337
   -0.02429
    0.00336
    0.00365
    0.01373
   -0.01319
   -0.00617
    0.01832
    0.00448
   -0.02230
    0.00442
   -0.00369
    0.02405
   -0.01784
    0.01228
    0.00154
    0.00813
   -0.02219
   -0.01738
    0.00513
    0.01847
    0.00233
   -0.01639
    0.01302
   -0.00037
   -0.01790
   -0.00658
   -0.00003
    0.02125
   -0.02189
   -0.00335
   -0.01116
    0.03327
   -0.00694
   -0.02172
    0.00252
    0.01722
   -0.00529
    0.00722
   -0.02705
    0.01868
   -0.02088
    0.01780
   -0.01515
    0.01884
   -0.01010
    0.01345
   -0.01563
    0.00947
   -0.01013
   -0.02382
   -0.00939
    0.02881
   -0.00357
   -0.01920
    0.01165
    0.00867
   -0.01407
   -0.01607
    0.02015
    0.01159
   -0.02189
   -0.00691
    0.02336
    0.01570
   -0.00742
   -0.02821
    0.00773
    0.01933
   -0.00806
   -0.01729
    0.01443
    0.01142
   -0.01314
   -0.00483
   -0.01313
    0.02385
   -0.00936
    0.00295
   -0.02258
    0.02423
    0.00022
   -0.02411
    0.00280
    0.01899
   -0.01261
   -0.00421
    0.01148
    0.01022
   -0.02108
    0.02119
   -0.01347
    0.01734
   -0.01239
    0.01381
   -0.00464
    0.00623
   -0.02040
   -0.00379
   -0.01707
    0.03043
   -0.01735
    0.00219
   -0.00336
    0.02029
   -0.01938
    0.01677
   -0.01522
    0.02001
   -0.01690
    0.02641
   -0.00918
    0.00163
   -0.00931
   -0.01260
   -0.01658
    0.02849
   -0.00732
   -0.00616
    0.01749
   -0.00156
   -0.02252
    0.01544
    0.00849
    0.00506
   -0.01650
    0.00783
    0.02700
   -0.00566
   -0.01674
   -0.00592
   -0.00496
    0.02166
   -0.00669
   -0.02102
    0.02113
    0.00395
   -0.01606
   -0.00548
   -0.00225
    0.02290
   -0.01802
    0.00680
    0.00915
    0.00604
   -0.01032
   -0.01877
   -0.00719
    0.02171
   -0.00537
   -0.00582
    0.00256
    0.00871
   -0.02168
   -0.00396
   -0.00487
    0.02530
   -0.01964
   -0.00416
    0.00121
    0.02288
   -0.01797
   -0.00488
   -0.00330
    0.01445
   -0.00767
    0.00463
   -0.01903
    0.01806
   -0.02129
    0.01404
   -0.01084
    0.01870
   -0.01456
    0.01398
    0.00718
    0.00191
   -0.01213
   -0.01769
   -0.00336
    0.02038
   -0.00309
   -0.00451
    0.00066
    0.00651
   -0.02624
   -0.00501
    0.01439
    0.01936
   -0.02389
   -0.00184
    0.02593
    0.01069
   -0.01515
   -0.01092
    0.00601
    0.01157
   -0.00013
   -0.01517
   -0.00899
    0.01395
   -0.01890
   -0.00413
   -0.00160
    0.02034
   -0.00660
   -0.00283
    0.00031
    0.00917
   -0.01123
   -0.01886
    0.00481
    0.01433
