IntronPotTab 1 1024 -23.65486 2.41513 10.09228 1467 6 16  206.03
    0.00302
    0.10930
   -0.12492
   -0.01579
   -0.02710
   -0.04907
    0.13314
   -0.02901
   -0.01156
    0.09627
   -0.07698
   -0.00454
   -0.06387
    0.00778
    0.02078
    0.03241
    0.02266
    0.07355
   -0.16260
    0.02454
   -0.00071
   -0.01072
    0.13473
   -0.12815
    0.13132
   -0.05546
   -0.09233
   -0.10781
    0.01711
    0.05327
   -0.05720
   -0.01173
   -0.00614
   -0.05143
    0.02165
    0.02683
    0.01675
   -0.17133
    0.16594
   -0.01621
    0.04905
   -0.09224
    0.03389
   -0.03921
   -0.05410
    0.01711
   -0.01286
    0.05161
   -0.01774
    0.01558
   -0.06459
    0.03592
   -0.10470
   -0.03817
    0.18468
   -0.02571
   -0.01299
    0.08968
   -0.02350
   -0.04639
   -0.10143
   -0.01450
    0.03475
    0.02725
    0.01068
    0.07943
   -0.25564
    0.04975
    0.05415
   -0.17319
    0.12105
   -0.04676
   -0.00688
   -0.02449
   -0.08566
    0.08679
   -0.13055
    0.03934
   -0.07946
    0.10621
    0.01875
    0.00189
   -0.20845
    0.08754
   -0.04475
   -0.03463
    0.22938
   -0.10526
    0.09120
    0.11701
   -0.23877
    0.04645
   -0.04679
    0.00966
   -0.01972
    0.03225
    0.06288
   -0.03485
   -0.12511
    0.03514
    0.12643
   -0.12057
   -0.06896
   -0.01217
    0.06813
   -0.04888
    0.00926
   -0.03980
   -0.14252
   -0.05675
    0.07499
    0.10223
    0.08240
   -0.06176
   -0.12431
    0.07920
    0.05913
   -0.29636
    0.12331
    0.04573
   -0.00807
    0.08277
   -0.17226
    0.05835
   -0.15315
    0.00242
   -0.07829
    0.12492
    0.02053
    0.07326
   -0.10456
    0.01983
   -0.02509
   -0.08054
    0.14930
   -0.02398
    0.07315
    0.02549
   -0.09604
   -0.04044
   -0.07209
   -0.00525
    0.03740
    0.02042
    0.00753
    0.02259
    0.00499
   -0.03989
   -0.05753
   -0.00511
    0.15749
   -0.04096
    0.10694
   -0.13559
   -0.02271
   -0.01596
    0.07738
   -0.05393
   -0.01997
    0.01077
    0.03365
    0.03453
   -0.09444
    0.00874
    0.02083
   -0.10793
    0.17988
   -0.07785
   -0.02036
   -0.02707
   -0.05343
    0.09630
   -0.16524
    0.04653
    0.02912
    0.04489
   -0.06550
    0.03975
   -0.02355
    0.02885
   -0.06431
   -0.26212
    0.21894
    0.06154
   -0.05714
    0.11175
   -0.06007
    0.01666
   -0.08403
    0.02158
   -0.03925
    0.06019
   -0.04636
    0.01221
   -0.17527
    0.10656
   -0.02649
   -0.01381
    0.11916
   -0.03958
   -0.02157
    0.01748
   -0.13004
    0.08357
    0.09043
   -0.00169
   -0.09757
    0.00702
   -0.04246
    0.10114
   -0.14153
    0.04715
   -0.04839
   -0.07182
    0.16519
   -0.00992
   -0.00824
    0.10404
   -0.05649
   -0.01163
    0.02518
    0.08207
   -0.02594
   -0.06418
    0.02855
    0.00024
   -0.17334
    0.05069
   -0.00348
   -0.10388
    0.21678
   -0.05420
    0.08690
   -0.04916
   -0.11627
   -0.00400
   -0.12922
   -0.07131
    0.03183
    0.09892
   -0.12348
   -0.05600
   -0.15089
    0.15415
   -0.07212
   -0.10665
    0.22362
   -0.00746
   -0.01513
    0.03079
   -0.09900
    0.06505
   -0.04479
    0.02217
   -0.09013
    0.06160
    0.01191
    0.14106
   -0.21237
   -0.01677
   -0.04278
   -0.04192
    0.12465
    0.00286
    0.04237
   -0.02601
   -0.08762
    0.04412
   -0.05225
    0.01385
    0.02386
    0.00255
   -0.01681
    0.18692
   -0.27168
   -0.04793
   -0.12613
   -0.01149
    0.23571
   -0.04051
    0.01411
    0.02902
   -0.03960
   -0.00867
   -0.07541
    0.15292
   -0.09567
   -0.01124
    0.01333
    0.03303
   -0.03219
   -0.01588
   -0.02013
   -0.11498
    0.14237
    0.00027
    0.02688
   -0.05004
    0.01177
   -0.01335
   -0.02651
   -0.14151
    0.08358
    0.02948
   -0.03215
    0.05970
   -0.08544
    0.01990
   -0.14059
   -0.04937
    0.24600
   -0.04097
   -0.10455
    0.14307
   -0.02761
    0.00759
   -0.00596
    0.02585
   -0.04419
    0.02389
    0.00644
    0.08195
   -0.25592
    0.06655
   -0.01542
   -0.06491
    0.07595
    0.04186
    0.03511
   -0.01535
   -0.04336
    0.00589
   -0.14678
   -0.04391
    0.03983
    0.07326
   -0.01773
    0.08590
   -0.15962
    0.04525
   -0.08126
   -0.01295
    0.18490
   -0.03696
    0.06089
   -0.02220
   -0.20879
    0.12354
   -0.14144
    0.03659
   -0.01704
    0.04589
    0.07938
   -0.04167
   -0.10826
    0.01634
    0.08612
   -0.08516
   -0.05743
    0.01930
    0.02305
   -0.07130
   -0.04230
    0.04490
   -0.14855
   -0.02316
    0.09381
    0.04179
    0.04534
   -0.01761
   -0.25339
    0.10001
   -0.10224
   -0.19973
    0.21425
    0.10862
   -0.11063
    0.05683
   -0.16223
    0.13247
   -0.17404
   -0.03154
   -0.06438
    0.13988
    0.02519
    0.05814
   -0.11680
    0.00809
   -0.03785
   -0.10501
    0.06742
    0.05481
    0.03215
   -0.02914
   -0.06715
    0.04314
   -0.04600
   -0.05662
    0.04261
    0.02864
   -0.02906
    0.04353
   -0.14045
    0.08743
   -0.03567
   -0.08299
    0.05083
    0.04244
    0.07325
   -0.17134
   -0.02470
    0.07772
   -0.05110
    0.11181
   -0.13496
    0.06440
    0.08028
   -0.04118
   -0.09981
   -0.00609
    0.06503
   -0.20717
    0.06042
   -0.05274
   -0.02036
   -0.07547
    0.02645
    0.05504
   -0.10229
   -0.07632
    0.01281
    0.13321
   -0.04672
   -0.02693
   -0.09607
    0.12146
   -0.16425
   -0.08817
    0.12620
    0.04710
   -0.04806
    0.09215
   -0.14731
    0.06214
   -0.16057
    0.05771
   -0.08297
    0.08681
   -0.05829
    0.28010
   -0.49527
   -0.05347
   -0.03015
   -0.04509
    0.12272
   -0.01597
    0.06271
   -0.00390
   -0.02952
   -0.02538
   -0.08790
    0.01390
   -0.09803
    0.08249
   -0.19105
    0.34353
   -0.48470
   -0.02196
   -0.14738
    0.04586
    0.18006
    0.01419
    0.01361
   -0.05210
   -0.11127
    0.07634
   -0.09950
    0.16378
   -0.07470
   -0.05679
   -0.04671
    0.14411
   -0.19731
    0.03582
   -0.06492
   -0.00746
    0.20714
   -0.03076
   -0.02933
    0.01176
   -0.04923
    0.05351
   -0.19180
    0.02487
    0.03299
    0.05913
   -0.17212
    0.13595
   -0.09333
    0.02707
   -0.21087
   -0.06286
    0.24313
    0.04335
   -0.11614
    0.04317
   -0.19260
    0.16144
   -0.20871
    0.04373
   -0.10091
    0.10539
   -0.05634
    0.08016
   -0.08517
    0.05234
   -0.11106
   -0.06682
    0.20590
    0.01259
   -0.06042
    0.01028
    0.00294
    0.08108
   -0.09974
   -0.05520
    0.10838
    0.01008
    0.00842
    0.01057
   -0.06684
    0.03344
   -0.03581
   -0.10110
    0.19986
   -0.10624
    0.02919
   -0.07365
    0.01504
   -0.00911
   -0.03602
    0.05282
   -0.01747
   -0.01083
    0.03890
   -0.00693
   -0.01767
   -0.02995
    0.02133
   -0.14608
    0.17313
   -0.05621
    0.02178
   -0.02724
   -0.01513
   -0.00384
   -0.09788
   -0.10138
    0.06635
    0.08399
   -0.01720
    0.03266
   -0.02494
   -0.00178
   -0.09802
   -0.05551
    0.16872
   -0.04158
   -0.07812
    0.10510
   -0.05786
    0.06207
   -0.15819
   -0.02913
    0.04305
    0.04296
   -0.04269
    0.07640
   -0.26206
    0.10010
   -0.05961
   -0.05015
    0.19225
   -0.02943
   -0.01740
   -0.01305
   -0.12557
    0.11547
   -0.24768
    0.00053
    0.00064
    0.11048
   -0.01115
    0.06085
   -0.21594
    0.07987
   -0.12346
   -0.09538
    0.20930
    0.02317
    0.07651
   -0.08742
   -0.17928
    0.11585
   -0.04755
    0.03627
   -0.01834
    0.00493
    0.02054
   -0.08476
   -0.27760
    0.18285
    0.13669
   -0.07973
   -0.07844
   -0.02842
    0.08938
   -0.10575
   -0.19143
    0.12716
   -0.20614
   -0.08483
    0.04639
    0.10249
    0.05560
   -0.06393
   -0.08418
    0.06996
    0.02532
   -0.19623
    0.17554
   -0.00330
   -0.05193
    0.00924
   -0.15531
    0.10883
   -0.07334
   -0.04756
   -0.07561
    0.13766
   -0.01372
    0.02347
   -0.12386
    0.08386
   -0.04193
   -0.16422
    0.20380
   -0.02508
   -0.00085
    0.01284
   -0.07434
    0.07362
   -0.12040
   -0.08205
    0.06045
    0.06596
   -0.01966
    0.03751
   -0.07366
    0.04613
   -0.08869
    0.03998
    0.10744
   -0.04240
    0.02800
   -0.18996
    0.06276
    0.04395
   -0.06808
    0.01166
   -0.00628
    0.02874
    0.03397
   -0.09486
   -0.05928
    0.06373
   -0.00282
   -0.14486
    0.19663
   -0.05106
    0.01411
   -0.11800
    0.04925
   -0.00727
   -0.11059
   -0.01980
   -0.00600
    0.08870
   -0.11194
    0.04030
   -0.09163
    0.09503
   -0.11034
   -0.13574
    0.20831
   -0.00335
   -0.10208
    0.00781
   -0.03283
    0.10709
   -0.23592
   -0.03387
   -0.00379
    0.10463
    0.01297
    0.14167
   -0.22364
   -0.01403
   -0.03639
    0.00195
    0.04867
   -0.00696
   -0.03652
    0.07280
   -0.14945
    0.07339
   -0.03896
    0.02940
   -0.06216
    0.03221
   -0.01313
    0.06057
   -0.16021
    0.04263
   -0.10379
   -0.08422
    0.08810
    0.09835
    0.06091
   -0.08082
   -0.13583
    0.06258
   -0.05565
    0.11140
   -0.06278
   -0.02169
    0.03061
    0.04725
   -0.33549
    0.08182
   -0.05019
   -0.10806
    0.16834
    0.02478
    0.02288
   -0.08190
   -0.05268
    0.05357
   -0.19741
   -0.09625
    0.09938
    0.06147
   -0.15065
    0.00043
   -0.02663
    0.09829
   -0.14871
   -0.10179
    0.20781
    0.03027
   -0.09679
    0.00502
   -0.07723
    0.09574
   -0.17182
   -0.00635
   -0.00816
    0.05986
    0.02782
    0.04320
   -0.10946
    0.00023
   -0.05018
   -0.10495
    0.19883
    0.01263
   -0.02822
    0.10141
   -0.05895
    0.00437
   -0.06347
   -0.05072
    0.01325
    0.06829
    0.00876
    0.05697
   -0.09902
    0.01855
   -0.11680
   -0.04692
    0.16003
    0.00986
    0.02441
    0.04314
    0.03615
   -0.10084
   -0.06289
    0.05181
    0.04500
   -0.02127
   -0.02790
    0.03246
   -0.01774
    0.02702
    0.03987
   -0.13388
    0.04925
    0.00529
    0.08371
   -0.01063
   -0.05448
   -0.06730
   -0.08070
   -0.02235
   -0.01132
    0.12510
   -0.05979
   -0.01566
   -0.03967
    0.05796
   -0.13065
   -0.08730
    0.24706
    0.00314
   -0.05303
    0.07108
   -0.05132
    0.03812
   -0.01900
   -0.03928
    0.00499
    0.02902
    0.00053
    0.04885
   -0.31977
    0.11483
   -0.02431
   -0.08809
    0.11923
    0.02876
    0.07627
   -0.08084
   -0.04804
    0.00506
   -0.15480
   -0.01086
   -0.12266
    0.14669
   -0.03472
    0.05358
   -0.23666
    0.12391
   -0.14563
   -0.04433
    0.11889
    0.09590
    0.02242
   -0.02709
   -0.26041
    0.16014
   -0.03372
   -0.08666
   -0.04425
    0.10104
    0.03477
    0.00811
   -0.09402
    0.00281
    0.07066
   -0.10764
   -0.04276
    0.03232
    0.02136
   -0.04422
   -0.04611
    0.03477
   -0.24255
   -0.07900
    0.02767
    0.17529
    0.15549
   -0.13712
   -0.14933
    0.06718
    0.02950
   -0.28703
    0.14008
    0.07810
   -0.08159
    0.09581
   -0.21768
    0.11081
   -0.11891
   -0.05416
   -0.04526
    0.11979
    0.05332
    0.06765
   -0.29025
    0.06777
   -0.04960
   -0.06123
    0.12441
    0.00966
    0.11762
   -0.08108
   -0.08361
   -0.01954
   -0.15408
    0.03817
   -0.03617
    0.08786
   -0.07881
    0.00284
   -0.08360
    0.13476
   -0.06396
   -0.09357
    0.11128
    0.03072
    0.09669
   -0.15774
   -0.07889
    0.05830
    0.01067
    0.03913
   -0.08744
    0.06332
    0.00099
   -0.04143
   -0.19236
    0.13527
    0.01493
   -0.17031
    0.14242
   -0.03612
    0.09520
   -0.12174
   -0.11156
    0.02702
   -0.18754
   -0.00397
   -0.02440
    0.13872
   -0.02511
   -0.04825
   -0.18837
    0.15125
   -0.17009
   -0.11560
    0.18180
    0.06944
   -0.09119
    0.03508
   -0.19041
    0.12612
   -0.25346
    0.00305
   -0.07789
    0.15169
    0.01283
    0.00592
   -0.28065
    0.12593
   -0.04267
   -0.08536
    0.08871
    0.04490
   -0.04629
    0.05582
   -0.07221
    0.04047
   -0.08105
   -0.06305
   -0.10277
    0.10140
   -0.02028
    0.05941
   -0.24205
    0.09176
   -0.10556
   -0.02433
    0.16671
    0.01752
   -0.03262
    0.02219
   -0.11282
    0.07596
   -0.06774
    0.12211
   -0.05131
   -0.01250
   -0.01636
    0.05843
   -0.13326
    0.04176
   -0.06011
   -0.10489
    0.23423
   -0.00790
    0.02144
   -0.04138
   -0.04648
    0.02390
   -0.17061
   -0.03920
    0.05675
    0.05418
   -0.04818
   -0.01221
   -0.18862
    0.11874
   -0.15936
   -0.08943
    0.20083
    0.05395
   -0.09752
    0.01341
   -0.16099
    0.15017
   -0.14932
    0.01980
   -0.05576
    0.08074
