10 4 3 1 47 -5.3817 2.6814 3.9531 1434
 -0.00416   0.02365   0.00649  -0.02111 
 -0.00859   0.05710   0.01838  -0.05939 
  0.00348   0.00118   0.05342  -0.05318 
 -0.03615   0.02877   0.03501  -0.01882 
 -0.02677   0.04867   0.01577  -0.02920 
 -0.00526   0.01977   0.05821  -0.06569 
 -0.01986   0.07233   0.01708  -0.06190 
 -0.02909   0.07348   0.03123  -0.06696 
 -0.00970   0.01454   0.07340  -0.07208 
 -0.01419   0.02365   0.03375  -0.03507 
 -0.02561   0.01322   0.08361  -0.06442 
  0.00131  -0.01965   0.07454  -0.05441 
 -0.00087   0.02749   0.02228  -0.04222 
  0.02254   0.01977   0.04859  -0.08915 
  0.01733  -0.00980   0.02485  -0.03154 
 -0.01306   0.00925   0.02485  -0.01542 
 -0.04332   0.02365   0.08696  -0.05939 
  0.01628  -0.02973   0.05939  -0.04706 
  0.02871   0.00925  -0.02259  -0.01996 
 -0.01758   0.01977   0.05939  -0.05318 
  0.00348   0.01190   0.06411  -0.07466 
 -0.01758   0.03634   0.06176  -0.07208 
  0.01417  -0.00154   0.06878  -0.07987 
  0.02254  -0.02108   0.02613  -0.02920 
  0.00993   0.03131   0.02485  -0.06064 
 -0.01986  -0.00018   0.08023  -0.05441 
 -0.00306   0.01585   0.05821  -0.06442 
  0.00240   0.01190   0.03375  -0.04222 
  0.01733  -0.00290   0.02357  -0.03625 
  0.03580  -0.03412   0.06994  -0.07856 
 -0.02100   0.03131   0.01446  -0.01768 
 -0.02677   0.03883   0.04615  -0.04828 
 -0.02100   0.01322   0.06762  -0.05195 
 -0.00526   0.01057   0.03751  -0.03625 
 -0.01082  -0.00428   0.06411  -0.04343 
 -0.04939   0.02877   0.09249  -0.06442 
  0.01942   0.03383  -0.02691  -0.02803 
  0.00886   0.03257   0.01708  -0.05318 
  0.02666  -0.03119   0.05821  -0.05689 
  0.03680   0.03883  -0.01549  -0.06316 
 -0.01306   0.03257   0.07454  -0.08781 
  0.00672   0.01322   0.04123  -0.05565 
  0.00131   0.02106   0.00110  -0.01996 
 -0.00416   0.04988   0.02741  -0.06569 
  0.04080  -0.00842   0.05463  -0.09183 
  0.06117  -0.00980  -0.01128  -0.05195 
  0.03980   0.07463  -0.01408  -0.10831 
  0.13666   0.01190  -0.02981  -0.17965 
  0.20708  -0.07416  -0.20067  -0.09049 
 -0.41448  -0.29416   0.45144  -0.26505 
 -1.68207  -3.15685   0.64984  -3.15685 
 -3.15685  -1.35129  -3.15685   0.55231 
  0.40620  -1.32178   0.08807  -1.44541 
  0.37560   0.01585  -0.61661  -0.69009 
 -1.47685  -1.58926   0.64247  -1.54785 
 -0.38704  -0.53943  -0.65173   0.44458 
  0.08692  -0.14973  -0.06625   0.05148 
 -0.03143   0.04255  -0.06152   0.03870 
  0.02046  -0.01120  -0.07911   0.04366 
  0.01838  -0.08560   0.04737   0.00338 
 -0.02561  -0.08395  -0.01408   0.08771 
  0.01099  -0.06775  -0.02546   0.05534 
 -0.01306  -0.06301   0.02228   0.03970 
  0.00672  -0.10077   0.03999   0.03065 
 -0.02561  -0.08726   0.06994   0.02656 
 -0.00637  -0.07255  -0.01268   0.06484 
 -0.05431  -0.03412   0.05939   0.02553 
 -0.07585  -0.02973  -0.00711   0.08860 
 -0.02677  -0.07255   0.02996   0.05148 
 -0.03379  -0.04004   0.02869   0.03770 
 -0.04092  -0.05832   0.02485   0.05821 
 -0.05431  -0.08230   0.06176   0.05438 
 -0.04212  -0.10421   0.01577   0.09126 
 -0.04092  -0.09396   0.02098   0.08143 
 -0.07197  -0.04756   0.04859   0.05726 
 -0.05928  -0.09565   0.09139   0.04069 
 -0.01872  -0.06144   0.00649   0.05534 
 -0.03261  -0.04154  -0.00850   0.06484 
 -0.04092  -0.05061   0.02485   0.05342 
 -0.03143  -0.05832   0.05101   0.02963 
 -0.04696  -0.05214  -0.00162   0.07780 
 -0.03853  -0.04908   0.02357   0.05148 
 -0.05804  -0.10594   0.07683   0.05821 
 -0.03026  -0.12365   0.02228   0.08771 
 -0.06054  -0.05522   0.07109   0.03469 
 -0.06941  -0.05988   0.03501   0.07321 
 -0.08240  -0.02973   0.04247   0.05821 
 -0.00859  -0.05368   0.04370   0.01195 
 -0.02445  -0.05988   0.03751   0.03570 
 -0.03853  -0.07902   0.03375   0.06201 
 -0.05431  -0.07740   0.04737   0.06296 
 -0.06054  -0.05522   0.00110   0.08771 
 -0.03615  -0.01260   0.00381   0.03970 
 -0.03026  -0.02827   0.03501   0.02140 
 -0.05804  -0.05988   0.03249   0.06671 
 -0.08372  -0.02683   0.00381   0.08503 
 -0.02561  -0.05522   0.02996   0.03970 
 -0.06558  -0.05677   0.03501   0.06858 
 -0.06179  -0.04454   0.03123   0.06106 
