3 4 3 1 47 -1.4595 1.3921 1.6325 1432
 -0.07525   0.03944  -0.16684   0.12668 
 -0.07395   0.00718  -0.15892   0.14270 
 -0.12619   0.07752  -0.17288   0.13316 
 -0.08577   0.05170  -0.18731   0.13316 
 -0.07655   0.05651  -0.13412   0.10149 
 -0.07525   0.05770  -0.20223   0.12831 
 -0.07916   0.02810  -0.18314   0.14270 
 -0.09248   0.07865  -0.19577   0.12176 
 -0.07916   0.04315  -0.20223   0.14033 
 -0.07395   0.06245  -0.15113   0.10321 
 -0.08444   0.05170  -0.13784   0.11174 
 -0.08444   0.03944  -0.18522   0.13954 
 -0.07395   0.01514  -0.16484   0.14033 
 -0.09113   0.06008  -0.16286   0.12093 
 -0.04635   0.03694  -0.17695   0.11343 
 -0.07137   0.06008  -0.20879   0.12668 
 -0.09248   0.06480  -0.18522   0.12750 
 -0.10621   0.05889  -0.21994   0.15203 
 -0.10482   0.07637  -0.15501   0.11427 
 -0.07008   0.03444  -0.14160   0.11594 
 -0.07137   0.03444  -0.23139   0.15126 
 -0.09383   0.02682  -0.18107   0.15126 
 -0.10482   0.05049  -0.17086   0.13875 
 -0.12039   0.03569  -0.17086   0.15663 
 -0.09248   0.03318  -0.21321   0.15815 
 -0.12328   0.04806  -0.17695   0.15280 
 -0.11041   0.02425  -0.16484   0.15587 
 -0.11466   0.05049  -0.19791   0.15434 
 -0.09792   0.02810  -0.21769   0.16567 
 -0.12328   0.03694  -0.20441   0.16939 
 -0.10621   0.06830  -0.21544   0.14427 
 -0.08978   0.01251  -0.20659   0.16642 
 -0.11609   0.07408  -0.17491   0.13074 
 -0.09519   0.03065  -0.18314   0.15049 
 -0.07916   0.03318  -0.20223   0.14661 
 -0.12328   0.04806  -0.28045   0.18607 
 -0.08444   0.00043  -0.18522   0.16268 
 -0.09248   0.04068  -0.29096   0.17744 
 -0.06625   0.01514  -0.22907   0.15891 
 -0.14714   0.05770  -0.13412   0.14191 
 -0.03792   0.05770  -0.14349   0.07749 
 -0.06371   0.04806  -0.16088   0.11089 
 -0.01246   0.05770  -0.21769   0.09010 
  0.02418   0.01907  -0.16884   0.06638 
 -0.08311   0.11462  -0.20659   0.09187 
 -0.05247   0.04439  -0.23371   0.13396 
  0.18901  -0.25270   0.02802  -0.12194 
 -0.30649   0.42536  -1.53889  -0.02165 
  0.55667  -3.15625  -3.15625  -3.15625 
 -3.15625  -1.70969   0.65044  -3.15625 
  0.00301  -0.07842   0.19368  -0.17087 
 -0.03555   0.02937  -0.10369   0.07657 
 -0.04151   0.06947  -0.01067  -0.01256 
 -0.05124   0.08430   0.01899  -0.04403 
 -0.02616   0.03569   0.00710  -0.01032 
 -0.01358   0.02554   0.04798  -0.05134 
 -0.02616  -0.01905   0.07971  -0.03093 
  0.01898   0.04192  -0.02198  -0.03922 
 -0.00687   0.01907   0.06118  -0.06635 
 -0.03083   0.00314   0.06237  -0.02743 
 -0.01926   0.04315   0.02929  -0.04403 
 -0.00466  -0.00093   0.06354  -0.05257 
 -0.04635   0.02554   0.07515  -0.04524 
 -0.00687   0.06714   0.02159  -0.07535 
 -0.03673   0.06245   0.05403  -0.07018 
  0.00732   0.03318  -0.00513  -0.03211 
 -0.02040   0.07293  -0.00789  -0.03922 
 -0.00355   0.02937   0.07400  -0.09529 
 -0.02616   0.02682   0.08084  -0.07405 
  0.00947   0.03569   0.02288  -0.06255 
 -0.00026   0.01777   0.05403  -0.06508 
 -0.00136   0.00179   0.04060  -0.03565 
 -0.03792   0.05291   0.01110  -0.01822 
 -0.04757   0.09537   0.08534  -0.13515 
 -0.01246   0.04068   0.06000  -0.08058 
  0.00625   0.02937   0.01506  -0.04524 
 -0.03318   0.04315   0.06354  -0.06381 
 -0.02500   0.01514   0.07971  -0.06255 
 -0.00576   0.04928   0.03056  -0.06635 
  0.00947   0.04315   0.03183  -0.07927 
  0.00192   0.02682   0.04676  -0.06890 
 -0.03555   0.05770   0.05283  -0.06508 
 -0.01133  -0.00505   0.09089  -0.07147 
  0.00409   0.02167   0.07285  -0.09529 
  0.01478   0.03944   0.01638  -0.06635 
  0.01898   0.01646   0.01638  -0.04889 
  0.00947   0.01383   0.06354  -0.08322 
  0.02107  -0.00093  -0.01067  -0.01256 
  0.01583   0.01907   0.04676  -0.07796 
  0.01898  -0.02190   0.09419  -0.09665 
  0.01266  -0.02190   0.04307  -0.03328 
 -0.02269   0.00985   0.07170  -0.05134 
  0.00192  -0.00643   0.09200  -0.08720 
 -0.04393   0.05170   0.06589  -0.06381 
  0.00840   0.03694   0.07054  -0.11476 
 -0.00245   0.01118   0.01242  -0.01708 
  0.01160  -0.00643   0.04430  -0.04645 
 -0.03083   0.04439   0.09089  -0.09939 
  0.01583   0.01777   0.04553  -0.07535 
