IntronPotTab 1 1024 2.35656
   -0.00802
    0.04961
   -0.13441
    0.07658
   -0.02813
    0.03952
   -0.15708
    0.12641
   -0.09355
    0.10243
   -0.11691
    0.07985
   -0.01444
    0.00139
   -0.04963
    0.06995
   -0.07917
    0.07242
   -0.16564
    0.11245
   -0.02003
    0.04096
   -0.10757
    0.05174
   -0.07718
    0.06988
   -0.10507
    0.07843
    0.04752
    0.01056
   -0.03918
   -0.00534
   -0.04606
    0.05731
   -0.07062
    0.06757
   -0.03321
   -0.01421
   -0.10934
    0.11992
   -0.04151
    0.08576
   -0.05787
   -0.00758
   -0.08464
   -0.00769
    0.00417
    0.06936
   -0.05309
    0.03556
   -0.13197
    0.06849
   -0.01756
    0.01031
   -0.11299
    0.08937
   -0.04712
    0.08307
   -0.15898
    0.08901
   -0.02394
    0.02701
   -0.06356
    0.03955
   -0.00298
    0.03768
   -0.13364
    0.09426
   -0.01330
   -0.04507
   -0.08834
    0.12569
   -0.04960
    0.02793
   -0.17323
    0.13358
   -0.03709
   -0.01078
   -0.05466
    0.08741
   -0.04596
    0.02462
   -0.14440
    0.11640
   -0.04210
    0.02853
   -0.10255
    0.08223
   -0.04592
    0.00894
   -0.15276
    0.11131
    0.04347
   -0.03798
   -0.07852
    0.07125
   -0.01595
   -0.02343
   -0.05381
    0.09881
   -0.06537
   -0.06011
    0.00884
    0.10704
   -0.01249
    0.01581
   -0.12799
    0.07620
   -0.07038
   -0.01206
   -0.06364
    0.10214
    0.12738
   -0.05258
   -0.10092
    0.03310
    0.05716
   -0.00491
   -0.15283
    0.08000
    0.12007
    0.00653
   -0.22128
    0.06387
    0.04108
   -0.00082
   -0.07485
    0.06385
   -0.00171
    0.04361
   -0.18403
    0.14479
   -0.02697
   -0.00395
   -0.13803
    0.17012
   -0.06083
    0.06259
   -0.13181
    0.12354
   -0.01047
   -0.00252
   -0.07398
    0.10810
   -0.08375
    0.03726
   -0.14413
    0.15375
   -0.03482
    0.02306
   -0.09446
    0.07747
   -0.07451
    0.05674
   -0.13144
    0.08393
    0.09671
   -0.03206
   -0.04479
    0.01674
   -0.02385
   -0.00934
   -0.10015
    0.11380
   -0.06016
   -0.03379
   -0.13201
    0.18342
   -0.02446
    0.00231
   -0.04274
    0.04862
   -0.10734
   -0.01096
   -0.07111
    0.14364
   -0.04228
    0.00381
   -0.14106
    0.11515
   -0.00354
    0.00840
   -0.15253
    0.13495
   -0.07246
    0.05435
   -0.17242
    0.13883
    0.00803
   -0.02713
   -0.06008
    0.09164
   -0.04529
    0.08251
   -0.20191
    0.08301
   -0.02921
    0.00931
   -0.17988
    0.14403
   -0.07802
    0.04660
   -0.08925
    0.08270
   -0.03957
   -0.00202
   -0.05858
    0.07983
   -0.11400
    0.05973
   -0.12103
    0.10498
   -0.02378
    0.03968
   -0.11626
    0.05766
   -0.08623
    0.07598
   -0.16105
    0.08999
    0.03491
    0.01213
   -0.07663
    0.02959
    0.00025
    0.06247
   -0.16195
    0.07919
   -0.03385
   -0.03661
   -0.10661
    0.13821
   -0.03526
    0.02931
   -0.09711
    0.07768
   -0.07646
   -0.02241
   -0.01860
    0.09645
   -0.02774
    0.03611
   -0.14866
    0.05676
   -0.00801
    0.02843
   -0.16121
    0.09604
   -0.03330
    0.04016
   -0.13409
    0.09440
   -0.02125
    0.03634
   -0.10546
    0.07102
   -0.01540
    0.06616
   -0.13763
    0.08996
   -0.07048
    0.04575
   -0.09770
    0.13516
   -0.09386
    0.09610
   -0.17337
    0.12819
   -0.00869
    0.04713
   -0.10555
    0.10538
   -0.06836
    0.04505
   -0.14429
    0.12956
   -0.06516
    0.08228
   -0.07976
    0.07701
   -0.06290
    0.07483
   -0.11976
    0.08823
    0.00611
    0.03786
   -0.10896
    0.07181
   -0.01273
    0.03835
   -0.06553
    0.04816
   -0.07138
    0.05653
   -0.09325
    0.11651
   -0.04452
    0.07459
   -0.08194
    0.01025
   -0.03820
    0.02078
   -0.06277
    0.09002
   -0.04781
    0.00036
   -0.12172
    0.10576
   -0.07969
    0.06520
   -0.13406
    0.11946
   -0.03238
    0.09617
   -0.17374
    0.07372
   -0.04158
    0.03759
   -0.09743
    0.08055
   -0.02351
    0.03192
   -0.16491
    0.14605
    0.00344
   -0.03970
   -0.14281
    0.12812
   -0.07059
    0.04089
   -0.13549
    0.11744
   -0.01645
   -0.01933
   -0.09710
    0.11129
   -0.07681
    0.05441
   -0.18398
    0.14767
   -0.06824
    0.04547
   -0.09720
    0.16066
   -0.11185
    0.06159
   -0.17730
    0.12644
   -0.01011
   -0.00950
   -0.12102
    0.09115
    0.01976
   -0.01832
   -0.06994
    0.08502
   -0.03914
   -0.02184
   -0.07491
    0.12721
   -0.05122
    0.01560
   -0.05963
    0.08400
   -0.06501
   -0.01689
   -0.06017
    0.11464
   -0.02504
   -0.00117
   -0.10564
    0.08088
   -0.01525
    0.00510
   -0.12584
    0.11828
    0.00208
    0.02820
   -0.20015
    0.13187
    0.02435
   -0.00126
   -0.12774
    0.12774
    0.02176
    0.02558
   -0.17820
    0.14222
   -0.04725
    0.03317
   -0.11383
    0.15583
   -0.01904
    0.02753
   -0.14261
    0.12983
    0.01912
   -0.07712
   -0.06796
    0.14867
   -0.08727
   -0.00395
   -0.12750
    0.17386
   -0.07126
    0.09274
   -0.11164
    0.08973
   -0.13238
    0.04701
   -0.18708
    0.15891
    0.03395
    0.01149
   -0.08015
    0.06242
   -0.00157
    0.00835
   -0.10869
    0.09883
   -0.04776
    0.02745
   -0.10567
    0.16521
   -0.03731
    0.06285
   -0.07660
    0.05111
   -0.02919
    0.00249
   -0.08918
    0.14840
   -0.03717
   -0.02517
   -0.13628
    0.12961
   -0.07036
    0.04715
   -0.12640
    0.13187
   -0.09976
    0.02869
   -0.14079
    0.14790
   -0.02409
    0.00014
   -0.08147
    0.10637
   -0.08402
    0.10165
   -0.18959
    0.08296
   -0.04510
    0.03980
   -0.15724
    0.12032
   -0.07920
    0.08525
   -0.18816
    0.09624
   -0.05976
    0.03215
   -0.09669
    0.10348
   -0.09187
    0.06650
   -0.15986
    0.11986
   -0.05971
    0.09092
   -0.11116
    0.04304
   -0.10396
    0.06378
   -0.14076
    0.12323
    0.03152
    0.02507
   -0.10339
    0.04879
   -0.07039
    0.10650
   -0.19514
    0.12311
   -0.03028
    0.00848
   -0.08577
    0.09107
   -0.04799
    0.05956
   -0.10417
    0.06767
   -0.06990
    0.00885
   -0.06615
    0.10565
   -0.04617
    0.01032
   -0.12006
    0.07560
   -0.03974
    0.07014
   -0.13678
    0.07498
   -0.08311
    0.06101
   -0.14206
    0.12236
   -0.05369
    0.05223
   -0.10770
    0.08820
   -0.02758
    0.04885
   -0.12036
    0.09502
   -0.03497
    0.02949
   -0.09478
    0.11400
   -0.08961
    0.10331
   -0.13478
    0.13800
    0.00603
    0.01288
   -0.06776
    0.06955
   -0.05768
    0.02142
   -0.10349
    0.10267
   -0.02805
    0.01264
   -0.05883
    0.06548
   -0.09441
    0.10864
   -0.11408
    0.08014
    0.01860
   -0.01650
   -0.01095
    0.01411
   -0.03665
    0.04626
   -0.11921
    0.10863
   -0.05707
   -0.01394
   -0.07688
    0.12422
   -0.07913
    0.11575
   -0.06087
    0.02033
   -0.00791
   -0.00780
   -0.02877
    0.04570
   -0.02857
    0.05655
   -0.14097
    0.05258
   -0.05129
    0.05292
   -0.17869
    0.11735
   -0.06701
    0.09056
   -0.15088
    0.10925
   -0.01340
    0.00497
   -0.05248
    0.04888
   -0.03112
    0.02999
   -0.12833
    0.13977
   -0.00308
   -0.04335
   -0.10170
    0.12416
   -0.07847
    0.03635
   -0.16968
    0.17362
   -0.00127
   -0.04367
   -0.06138
    0.09770
   -0.06206
    0.03033
   -0.13909
    0.12321
   -0.02940
    0.05303
   -0.09189
    0.06413
   -0.09028
    0.01935
   -0.13105
    0.12475
    0.05893
   -0.02471
   -0.10000
    0.07771
   -0.04387
    0.01044
   -0.10333
    0.12652
   -0.03441
   -0.03786
   -0.08392
    0.13818
   -0.05590
    0.03772
   -0.09734
    0.08557
   -0.05488
   -0.02937
   -0.05966
    0.11364
    0.12009
   -0.05576
   -0.09575
    0.02949
    0.05460
   -0.03004
   -0.14150
    0.08727
    0.10940
   -0.02743
   -0.18789
    0.09532
    0.09174
   -0.05746
   -0.07644
    0.09861
    0.00200
    0.03228
   -0.16985
    0.13727
   -0.01229
   -0.00510
   -0.14171
    0.16842
   -0.03710
    0.07390
   -0.12517
    0.14134
   -0.00510
   -0.04278
   -0.07933
    0.13712
   -0.07771
    0.07885
   -0.14111
    0.11573
   -0.03514
    0.05688
   -0.07923
    0.06869
   -0.04912
    0.08767
   -0.20315
    0.11019
    0.02817
    0.00122
   -0.06186
    0.04720
   -0.02918
    0.03370
   -0.12456
    0.10933
   -0.04144
   -0.03590
   -0.07956
    0.14567
   -0.06762
    0.03368
   -0.01285
    0.05623
   -0.03999
   -0.03071
   -0.06390
    0.12807
   -0.10541
    0.00531
   -0.10389
    0.11101
   -0.01789
    0.03803
   -0.14896
    0.13556
   -0.07181
    0.02599
   -0.13569
    0.14326
   -0.01146
   -0.03173
   -0.07374
    0.11202
   -0.05136
    0.13948
   -0.27659
    0.13756
   -0.04539
    0.00779
   -0.22115
    0.18726
   -0.06229
    0.12339
   -0.16967
    0.04489
   -0.02247
    0.04099
   -0.10655
    0.08099
   -0.06158
    0.05586
   -0.15601
    0.13023
   -0.03114
    0.03889
   -0.10225
    0.07454
   -0.05378
    0.08539
   -0.14997
    0.07215
    0.03568
    0.01576
   -0.09348
    0.04605
    0.01783
    0.05518
   -0.26126
    0.12855
   -0.00566
   -0.05883
   -0.20850
    0.18863
   -0.05447
    0.07420
   -0.09904
    0.05227
   -0.03057
   -0.02750
   -0.05529
    0.09801
   -0.03751
    0.02539
   -0.20317
    0.10542
   -0.01813
   -0.00958
   -0.15451
    0.13204
   -0.03806
    0.07105
   -0.13186
    0.07638
    0.02180
    0.02899
   -0.11962
    0.09161
   -0.03974
    0.07068
   -0.14283
    0.07515
   -0.04718
    0.04699
   -0.13268
    0.11552
   -0.05869
    0.08958
   -0.08153
    0.00928
   -0.04029
    0.04087
   -0.06339
    0.06712
   -0.07072
    0.05287
   -0.15253
    0.10873
   -0.04820
    0.07057
   -0.12506
    0.08194
   -0.07759
    0.08841
   -0.15456
    0.08221
   -0.03014
    0.02730
   -0.03231
    0.02171
   -0.08076
    0.08090
   -0.09479
    0.07295
   -0.04655
   -0.00041
   -0.13490
    0.14263
   -0.00045
    0.08816
   -0.08173
   -0.05225
   -0.05678
    0.03472
   -0.05082
    0.07221
   -0.08253
    0.05478
   -0.14469
    0.07126
   -0.04393
    0.02140
   -0.12450
    0.10670
   -0.04707
    0.10475
   -0.16557
    0.03697
   -0.11654
    0.04023
   -0.05468
    0.05617
    0.00379
    0.02564
   -0.18584
    0.15109
   -0.00449
   -0.02175
   -0.16394
    0.13887
   -0.04407
    0.00599
   -0.13099
    0.12559
   -0.00264
   -0.06557
   -0.06582
    0.12720
   -0.05735
    0.00252
   -0.20369
    0.17949
   -0.06965
    0.03177
   -0.12005
    0.12789
   -0.09338
    0.04323
   -0.23418
    0.15234
    0.06703
   -0.04824
   -0.09165
    0.08974
   -0.00033
   -0.00106
   -0.08933
    0.09931
   -0.01670
   -0.03137
   -0.12035
    0.14604
   -0.06536
    0.01498
   -0.07336
    0.09609
   -0.05291
   -0.09597
   -0.00072
    0.14647
    0.02204
   -0.04982
   -0.13243
    0.10511
    0.02506
   -0.04744
   -0.14096
    0.12829
    0.02852
    0.01505
   -0.18902
    0.11964
    0.09799
   -0.06391
   -0.09509
    0.13716
   -0.00346
    0.04647
   -0.17462
    0.13589
   -0.03069
    0.01257
   -0.17161
    0.14808
   -0.01246
    0.04211
   -0.11088
    0.07162
    0.00363
    0.00318
   -0.12703
    0.14545
   -0.06468
    0.02747
   -0.18705
    0.16182
   -0.04334
    0.05466
   -0.17462
    0.12092
   -0.04457
    0.04051
   -0.14921
    0.08379
    0.03385
   -0.00054
   -0.10531
    0.07982
   -0.03452
    0.03318
   -0.14552
    0.10526
   -0.05879
    0.00685
   -0.14776
    0.16668
   -0.05530
    0.06108
   -0.09130
    0.06329
   -0.06829
    0.00832
   -0.11592
    0.16938
   -0.08608
    0.00968
   -0.18941
    0.14239
   -0.04002
    0.02999
   -0.15666
    0.15195
   -0.06935
    0.05693
   -0.14747
    0.10165
   -0.00713
    0.02074
   -0.11716
    0.10976
   -0.05837
    0.07779
   -0.21457
    0.10445
   -0.05467
   -0.00256
   -0.15380
    0.13487
   -0.07406
    0.06385
   -0.11613
    0.07180
   -0.09083
    0.04591
   -0.05957
    0.06311
   -0.09845
    0.06316
   -0.17150
    0.13453
   -0.06535
    0.05878
   -0.14837
    0.08749
   -0.07296
    0.05774
   -0.17317
    0.11770
    0.04858
    0.02135
   -0.09036
    0.02542
   -0.03094
    0.07775
   -0.15449
    0.08306
   -0.01004
   -0.02198
   -0.15244
    0.12882
   -0.04494
    0.05351
   -0.08648
    0.05936
   -0.10297
   -0.01592
   -0.01275
    0.09059
   -0.08140
    0.04035
   -0.14591
    0.06992
   -0.02344
    0.00928
   -0.15761
    0.10338
   -0.04845
    0.06128
   -0.13898
    0.09356
   -0.05853
    0.01317
   -0.08633
    0.09590
