IntronPotTab 1 1024 0.65978
   -0.00965
   -0.00711
   -0.05706
    0.05923
   -0.01157
   -0.04690
    0.00374
    0.04069
   -0.06463
   -0.01133
   -0.02060
    0.08314
    0.00668
   -0.07744
    0.00618
    0.04215
    0.00321
   -0.01013
   -0.03359
    0.03989
   -0.01185
   -0.02029
    0.00046
    0.02698
    0.00819
   -0.04808
   -0.04774
    0.06207
    0.00433
   -0.02781
   -0.01058
    0.02477
   -0.02627
   -0.04969
    0.00434
    0.07606
   -0.00849
   -0.08210
    0.02669
    0.04414
   -0.04660
   -0.00014
    0.04613
    0.02276
   -0.07011
   -0.09637
    0.10163
    0.01958
    0.01234
   -0.08567
   -0.00184
    0.04405
    0.01782
   -0.09370
    0.00745
    0.03295
    0.02845
   -0.04632
   -0.04052
    0.04153
    0.00934
   -0.06156
    0.02671
    0.01950
    0.01038
   -0.07250
   -0.02599
    0.08511
   -0.00831
   -0.08240
    0.00456
    0.06708
   -0.01195
   -0.07370
   -0.03967
    0.09401
    0.03124
   -0.09398
    0.00931
    0.05317
    0.00575
   -0.05581
   -0.01951
    0.06179
   -0.01716
   -0.01243
   -0.01499
    0.04644
   -0.00902
   -0.04677
   -0.03050
    0.06749
    0.03866
   -0.04431
   -0.02559
    0.03621
   -0.00006
   -0.08773
   -0.00227
    0.06988
    0.00604
   -0.08630
   -0.01615
    0.06416
   -0.05208
   -0.01768
    0.00023
    0.06369
   -0.05377
   -0.05548
    0.06390
    0.03414
    0.08957
   -0.11724
    0.01877
    0.01519
    0.00965
   -0.10514
    0.03128
    0.03315
    0.04935
   -0.08821
   -0.05133
    0.06317
    0.00405
   -0.09921
    0.06470
    0.02656
    0.02950
   -0.03248
   -0.07359
    0.07460
    0.00249
   -0.05867
   -0.02057
    0.05693
   -0.01686
   -0.01779
   -0.03115
    0.06185
    0.00139
   -0.04971
   -0.03712
    0.07716
   -0.00762
   -0.02058
   -0.02578
    0.06053
    0.00325
   -0.01181
   -0.04342
    0.04266
   -0.02677
   -0.00886
   -0.05372
    0.08250
    0.03609
   -0.00817
   -0.04020
    0.02957
    0.02444
   -0.05066
   -0.01942
    0.01978
    0.00342
   -0.03796
   -0.03786
    0.04615
   -0.01351
   -0.02940
    0.01947
    0.02839
   -0.13395
   -0.01845
    0.02436
    0.08434
    0.00271
   -0.06778
    0.01499
    0.05561
    0.01752
   -0.09882
   -0.03368
    0.07685
   -0.01814
   -0.05833
    0.02225
    0.04129
    0.03096
   -0.10836
   -0.00204
    0.06075
   -0.05125
    0.00245
   -0.04866
    0.08042
    0.01053
   -0.05969
   -0.01754
    0.04756
   -0.01144
   -0.02052
   -0.04693
    0.05447
    0.03810
   -0.08912
    0.00300
    0.04605
    0.00444
   -0.04553
   -0.01663
    0.04595
   -0.01428
   -0.00921
   -0.01278
    0.03573
    0.00532
   -0.05049
   -0.05638
    0.06526
    0.02345
   -0.04633
   -0.00055
    0.02005
   -0.00381
   -0.01865
   -0.01461
    0.03190
    0.01943
   -0.10350
    0.03611
    0.02234
   -0.04736
   -0.01736
    0.02312
    0.05184
   -0.01182
   -0.07366
    0.03931
    0.03487
    0.00792
   -0.06532
    0.00180
    0.04752
    0.02886
   -0.06017
   -0.01240
    0.03081
    0.03232
   -0.06273
   -0.02156
    0.02913
    0.01206
   -0.05512
    0.01680
    0.02646
   -0.00257
    0.01207
   -0.08980
    0.08597
   -0.01934
   -0.01268
   -0.03239
    0.06197
   -0.05116
   -0.02784
   -0.07767
    0.11583
    0.00834
   -0.03249
   -0.03210
    0.06105
   -0.02290
    0.01383
   -0.04096
    0.05831
   -0.05040
    0.02773
   -0.03989
    0.08035
   -0.07754
    0.04202
   -0.07926
    0.09242
   -0.04842
   -0.04172
   -0.05099
    0.07863
   -0.00985
   -0.00954
   -0.03291
    0.04724
   -0.03139
    0.03298
   -0.04673
    0.03559
   -0.04474
    0.02982
    0.04069
   -0.00107
    0.00143
   -0.05289
    0.01645
    0.02582
    0.01846
   -0.04500
   -0.02806
    0.04213
    0.00184
   -0.03381
   -0.03428
    0.05685
   -0.01871
    0.03059
   -0.08120
    0.05933
    0.01639
   -0.07389
    0.00510
    0.04552
   -0.00029
   -0.05662
   -0.00121
    0.07319
   -0.05042
   -0.10613
   -0.05741
    0.15111
    0.00319
   -0.04093
   -0.06555
    0.07679
    0.02327
   -0.07509
   -0.01305
    0.07504
    0.04972
   -0.05106
   -0.03234
    0.01624
   -0.02363
    0.03701
   -0.03161
    0.03509
   -0.01810
   -0.01031
   -0.03022
    0.05210
    0.03063
   -0.04160
   -0.03157
    0.04017
    0.00281
   -0.05332
    0.01473
    0.03239
    0.01180
   -0.04808
   -0.01871
    0.04123
   -0.03957
   -0.01435
   -0.00260
    0.05341
    0.01694
   -0.08834
    0.02711
    0.04368
    0.05495
   -0.08086
    0.02081
    0.02644
    0.01528
   -0.05745
   -0.02510
    0.06412
    0.02213
   -0.02338
   -0.08308
    0.06162
    0.05459
   -0.08324
   -0.00286
    0.07042
    0.03926
   -0.02494
   -0.08861
    0.08256
    0.01988
   -0.01168
   -0.05837
    0.04653
   -0.03410
   -0.00633
   -0.06339
    0.09183
   -0.00872
    0.00409
   -0.06984
    0.08540
   -0.06885
    0.11858
   -0.09473
    0.02872
    0.08150
   -0.08942
   -0.07375
   -0.01650
   -0.03605
    0.05502
   -0.06049
    0.03858
    0.01930
   -0.03125
   -0.05309
    0.06342
    0.04686
   -0.05489
   -0.07606
    0.02562
    0.02561
   -0.01027
   -0.04249
    0.01449
   -0.04283
   -0.00974
    0.01780
    0.04907
   -0.05541
   -0.00862
   -0.03190
    0.08200
    0.02486
   -0.03945
   -0.03904
    0.05469
    0.04924
   -0.06348
   -0.06431
    0.05097
   -0.02599
    0.08217
   -0.10700
    0.03885
    0.01862
   -0.08427
   -0.04548
    0.08693
   -0.05947
    0.02004
   -0.03453
    0.06920
   -0.03048
   -0.03516
   -0.03040
    0.08839
   -0.01503
   -0.02411
   -0.05207
    0.06943
    0.03324
   -0.05696
   -0.01794
    0.04680
   -0.01881
   -0.01294
   -0.01159
    0.04227
   -0.04215
    0.08112
   -0.03793
    0.02047
    0.01959
   -0.03951
   -0.02647
    0.02461
    0.03416
   -0.00494
   -0.01261
   -0.00199
   -0.01528
   -0.00415
   -0.02654
    0.03835
   -0.01762
   -0.01019
    0.00452
    0.02242
   -0.05617
    0.00012
    0.01536
    0.05432
   -0.00368
   -0.04390
    0.00044
    0.03735
    0.06516
   -0.11894
    0.02122
    0.07159
    0.00184
    0.01612
   -0.04004
    0.01421
    0.03025
   -0.03861
   -0.03530
    0.02551
    0.03461
   -0.03904
   -0.02071
    0.03992
    0.01548
   -0.03215
   -0.06206
    0.06755
   -0.01470
   -0.03032
   -0.00348
    0.03928
   -0.04932
   -0.01140
   -0.03412
    0.09533
    0.02579
   -0.08925
   -0.01939
    0.05618
    0.01512
   -0.04860
   -0.01123
    0.02705
   -0.02164
   -0.02400
    0.02381
    0.02113
   -0.05210
   -0.01893
   -0.06949
    0.11867
    0.02343
   -0.04883
   -0.00141
    0.01403
   -0.01037
   -0.04450
    0.00547
    0.04694
   -0.02784
   -0.06518
   -0.00360
    0.06071
   -0.05717
    0.02569
    0.04933
    0.02328
   -0.04614
   -0.09210
    0.03878
    0.05453
    0.03947
   -0.09160
   -0.00095
    0.02791
   -0.01113
   -0.11414
    0.03958
    0.04581
    0.01780
   -0.05291
   -0.02845
    0.04969
    0.00772
   -0.10635
    0.06126
    0.01382
    0.03791
   -0.07723
   -0.02697
    0.04116
   -0.02774
   -0.08464
    0.08915
    0.00811
   -0.00722
   -0.06301
   -0.00954
    0.07159
    0.05471
   -0.13712
    0.06191
    0.01170
   -0.01378
    0.07787
   -0.05215
   -0.02069
   -0.01030
   -0.01179
   -0.01822
    0.04061
    0.01482
   -0.01844
   -0.04558
    0.03532
    0.04346
   -0.02625
   -0.01695
    0.00995
    0.01214
   -0.06498
    0.01541
    0.02513
    0.05566
    0.04788
   -0.04297
   -0.11110
   -0.04421
    0.00194
    0.01602
    0.04181
   -0.00535
   -0.08043
    0.08892
   -0.01014
    0.06253
   -0.09650
    0.02121
    0.01175
    0.00814
   -0.06540
    0.00282
    0.04020
    0.03160
   -0.06822
   -0.04811
    0.06770
    0.06491
   -0.10176
    0.01887
    0.04701
    0.05313
   -0.08463
   -0.04536
    0.05300
    0.00195
   -0.03836
   -0.00802
    0.03544
   -0.00835
   -0.00690
   -0.01678
    0.03913
    0.00039
   -0.08109
   -0.00451
    0.07550
    0.03732
   -0.02818
   -0.01739
   -0.00905
   -0.02393
    0.00443
   -0.00852
    0.04225
   -0.08928
    0.16576
   -0.12452
   -0.01136
    0.02002
   -0.04519
    0.01531
    0.00156
    0.03588
   -0.06470
   -0.01197
    0.00112
    0.01234
   -0.00888
   -0.03062
    0.01843
   -0.04048
   -0.02526
    0.06715
    0.02522
   -0.05463
   -0.05320
    0.01317
    0.06001
   -0.02020
   -0.05244
    0.01912
    0.05825
   -0.00020
   -0.06093
    0.00128
    0.04575
   -0.00135
    0.01436
   -0.06054
    0.05968
    0.01119
   -0.06762
   -0.00659
    0.04968
   -0.00713
    0.03044
   -0.17542
    0.11363
   -0.01004
   -0.02983
   -0.00401
    0.03655
   -0.00962
    0.00800
   -0.04041
    0.03222
    0.03286
   -0.07608
    0.01495
    0.02966
   -0.02004
   -0.00279
   -0.02416
    0.04877
   -0.03501
    0.02798
   -0.02341
    0.04918
    0.01245
   -0.02651
   -0.03940
    0.03491
    0.02046
   -0.03677
    0.01931
   -0.00202
   -0.00410
    0.00790
   -0.05350
    0.03614
   -0.03036
   -0.08617
    0.09752
   -0.02102
   -0.08850
    0.09221
   -0.01726
    0.00034
   -0.00325
   -0.10078
    0.04909
    0.03178
    0.02309
   -0.06184
   -0.01914
    0.04593
    0.02073
   -0.06349
   -0.00436
    0.03281
    0.02670
   -0.03094
   -0.04324
    0.02921
    0.01872
   -0.07203
    0.02497
    0.02909
   -0.02186
    0.00235
   -0.05553
    0.07744
   -0.00301
   -0.03942
   -0.00501
    0.03818
   -0.01672
   -0.00297
   -0.04301
    0.04773
   -0.00708
   -0.04706
   -0.00212
    0.03869
   -0.02823
   -0.01110
   -0.01528
    0.06230
   -0.01040
    0.02055
   -0.00429
    0.00256
   -0.02470
   -0.00972
   -0.02889
    0.05816
    0.01915
   -0.03465
   -0.00121
    0.01458
    0.01769
   -0.02276
   -0.02818
    0.01997
   -0.00432
   -0.03892
   -0.01215
    0.04086
    0.00555
    0.00409
    0.00162
   -0.01011
   -0.01194
   -0.04273
    0.00440
    0.03758
    0.00221
   -0.04753
   -0.01145
    0.04673
    0.01511
   -0.07109
   -0.01192
    0.05824
    0.00813
    0.00744
   -0.05772
    0.04471
    0.00239
   -0.05200
    0.01223
    0.02901
    0.01576
   -0.06552
   -0.01453
    0.07111
   -0.01467
   -0.07815
    0.00723
    0.07222
    0.00827
   -0.04279
   -0.06652
    0.07932
    0.02421
   -0.10800
    0.01202
    0.08212
    0.05164
   -0.05416
   -0.05238
    0.05175
    0.02226
    0.00891
   -0.07490
    0.03353
   -0.00166
   -0.03025
   -0.03509
    0.05795
    0.07580
   -0.06521
   -0.02262
    0.04064
    0.00734
   -0.07467
    0.01154
    0.04606
    0.00994
   -0.06405
   -0.00765
    0.04325
   -0.04161
    0.00440
   -0.01781
    0.04417
   -0.00758
   -0.11896
    0.02508
    0.08318
    0.09094
   -0.11276
   -0.00799
    0.03542
    0.05784
   -0.09390
   -0.02607
    0.05306
    0.04614
   -0.06718
   -0.04790
    0.05585
    0.11037
   -0.10468
    0.02120
    0.04789
    0.02474
   -0.03196
   -0.07571
    0.07954
    0.00426
   -0.06363
   -0.00899
    0.05151
    0.02814
   -0.04544
   -0.03655
    0.04587
    0.00781
   -0.07143
   -0.02913
    0.07830
   -0.03305
    0.01782
   -0.07102
    0.10584
   -0.03356
   -0.00789
    0.00015
    0.04449
   -0.08262
    0.10765
   -0.12360
    0.03732
    0.03233
   -0.02390
   -0.04039
    0.04685
    0.05727
   -0.07839
   -0.04995
    0.02970
   -0.03392
   -0.08531
    0.07376
    0.01304
    0.01686
   -0.03246
    0.00172
    0.00827
   -0.04578
   -0.04536
   -0.01672
    0.08117
    0.02293
   -0.06520
   -0.04042
    0.07947
    0.03490
   -0.08313
   -0.02206
    0.05634
    0.00534
   -0.01043
   -0.06751
    0.07115
    0.04031
   -0.09357
   -0.01803
    0.05780
   -0.03157
   -0.00894
   -0.04516
    0.06225
   -0.01218
   -0.04863
    0.01465
    0.04185
    0.00162
   -0.02374
   -0.04143
    0.05168
   -0.01302
   -0.03634
    0.01324
    0.02711
   -0.00613
   -0.00196
   -0.04082
    0.04921
   -0.01293
    0.02267
   -0.01342
    0.01031
    0.00210
   -0.01453
   -0.03417
    0.03885
    0.05766
   -0.02717
    0.01028
   -0.01209
   -0.00787
   -0.02395
   -0.00526
    0.02968
   -0.02445
   -0.00268
    0.00351
    0.02082
   -0.02235
   -0.01887
    0.03968
    0.01021
   -0.05208
   -0.03595
    0.01734
    0.04465
    0.02484
   -0.03158
   -0.03978
    0.03858
    0.00076
   -0.00412
   -0.01984
    0.01807
    0.01066
   -0.00949
   -0.05739
    0.04106
   -0.01164
   -0.01835
   -0.00828
    0.03218
