19 20 18 1 32 -3.2413 1.8093 4.4505 7833
 -0.00340  -0.10017   0.03420   0.03165  -0.04543  -0.02026   0.13598  -0.02919  -0.02601  -0.00642   0.12328  -0.01391  -0.10382  -0.12937  -0.10476   0.19223   0.06586  -0.11359   0.05158  -0.02321 
 -0.02921  -0.07076   0.06949   0.02213  -0.05354   0.02475   0.09851  -0.01597  -0.03367   0.05092   0.07991  -0.02170  -0.04242  -0.14180  -0.07512   0.14040   0.03417  -0.05478   0.02770  -0.01135 
 -0.02884  -0.02823   0.04223   0.01820  -0.03357  -0.03980   0.01693   0.04430   0.00129   0.01724   0.00498  -0.01391  -0.06127  -0.05240  -0.16144   0.15604   0.05506  -0.08174   0.02377  -0.01070 
 -0.01230  -0.04565  -0.00803   0.03846  -0.03921  -0.02069   0.05799   0.01867  -0.02201   0.02581   0.00045   0.01118  -0.01463  -0.06876  -0.05657   0.08114   0.01784  -0.04314   0.02600  -0.00494 
 -0.02229  -0.02690   0.02601   0.02083  -0.03084  -0.00835   0.02452   0.02378   0.00666   0.01061  -0.00876  -0.01194  -0.00630   0.00608  -0.08864   0.05261   0.00661  -0.02290  -0.02525   0.02233 
 -0.01195  -0.00668  -0.01576   0.02327  -0.02061  -0.03912  -0.00099   0.04043   0.00196  -0.01856   0.00723   0.00562  -0.02263  -0.05212  -0.10346   0.10251   0.01121  -0.04217  -0.05247   0.04268 
 -0.01160  -0.03703  -0.03569   0.04702  -0.02719   0.00382   0.03892   0.00592  -0.00365  -0.01431   0.04617  -0.00401  -0.02097  -0.00651  -0.00398   0.03111  -0.04070  -0.01007  -0.00505   0.03190 
 -0.03197  -0.00382   0.01978   0.02132  -0.00997   0.05012   0.01696  -0.02555  -0.02144   0.03453   0.02967  -0.00535   0.00076   0.01406   0.00935  -0.01561  -0.04352   0.02036  -0.01621   0.02357 
 -0.02085   0.03171   0.00579  -0.00081  -0.01171  -0.00050  -0.03081   0.02884   0.01995   0.00058  -0.07371  -0.00268  -0.01415  -0.01021  -0.09059   0.07009  -0.03680   0.02240  -0.07028   0.04613 
 -0.00931   0.00742  -0.06415   0.03626  -0.00757  -0.05297   0.04591   0.00696  -0.00974   0.00873  -0.06902   0.02813  -0.01468   0.08381  -0.03537  -0.01368  -0.03218  -0.00410  -0.01346   0.02887 
 -0.02031   0.00184  -0.00138   0.01919   0.00194   0.03319  -0.06648   0.01408  -0.01629   0.02084   0.00446   0.00606   0.04592  -0.00495  -0.01471  -0.05228  -0.06261   0.02640  -0.06132   0.05289 
 -0.00967   0.02377  -0.04497   0.01919   0.00358  -0.03287  -0.04425   0.03350   0.00099   0.00375  -0.08536   0.02273  -0.00197  -0.03634  -0.06538   0.05772  -0.01737   0.01457  -0.04669   0.02828 
 -0.00513  -0.00605  -0.05375   0.03468  -0.00193  -0.00488   0.00135   0.00387   0.01864  -0.03205   0.00369  -0.00725  -0.02612   0.05123   0.00466  -0.00240  -0.01876  -0.03415  -0.01490   0.03700 
 -0.01072  -0.00988  -0.00201   0.01672  -0.00122   0.00294   0.00187  -0.00111   0.01233   0.01605  -0.00730  -0.02351   0.02008   0.03585  -0.01941  -0.03706  -0.01490   0.00815  -0.04847   0.03118 
  0.00039   0.01385  -0.02098   0.00313  -0.00357   0.00391  -0.02164   0.01348   0.00790  -0.02837  -0.08558   0.03175   0.02046  -0.04033  -0.11651   0.05749  -0.00509  -0.00174  -0.04789   0.03039 
  0.00312  -0.01052  -0.05552   0.03005   0.00883  -0.02104   0.00503  -0.00273   0.02695  -0.01291  -0.06121  -0.00797  -0.00311   0.03559  -0.02516  -0.00187  -0.00404  -0.03649   0.01479   0.01267 
  0.00312  -0.01505   0.00050   0.00466   0.00557   0.01398  -0.02020  -0.00273   0.01193   0.02623  -0.07058  -0.00871   0.02086   0.05211  -0.02192  -0.04802  -0.04558   0.00357  -0.05031   0.05089 
 -0.00202   0.01899  -0.03603   0.01023   0.00123  -0.00576  -0.07513   0.03763   0.00652  -0.03174  -0.04531   0.02389   0.02058  -0.03185  -0.09914   0.04558  -0.01219  -0.01842  -0.04541   0.04152 
  0.00192  -0.01831  -0.06415   0.03878  -0.00367  -0.01757   0.01012   0.00714  -0.00194   0.02949   0.00112  -0.01617   0.02764  -0.02868  -0.06871   0.02027  -0.02653   0.00837  -0.01297   0.01887 
 -0.00914   0.00184  -0.00867   0.01257  -0.00724   0.01235  -0.03142   0.01820   0.01840  -0.02527  -0.04066   0.00409   0.02921  -0.04618   0.01994  -0.02682   0.00335  -0.02876  -0.05645   0.04298 
  0.00651  -0.01798  -0.03163   0.01935   0.01053  -0.07132  -0.01638   0.02860   0.03057  -0.05705   0.04109  -0.02417   0.02327  -0.10282  -0.03495   0.04225  -0.02744  -0.04553  -0.02377   0.05151 
  0.00549  -0.06271  -0.01381   0.03261   0.00646  -0.01216   0.04466  -0.02816   0.04496  -0.00031   0.05449  -0.08809   0.05208  -0.10301   0.00646  -0.02168  -0.02554  -0.03555   0.03999   0.00925 
  0.01004  -0.03193   0.04336  -0.01872   0.02763  -0.04186   0.05153  -0.04500   0.03359   0.01565   0.03823  -0.07311   0.09463  -0.07328  -0.02715  -0.08603  -0.01807  -0.03201   0.02539   0.01235 
  0.03715  -0.03532   0.02631  -0.03664   0.04425  -0.08822   0.02442  -0.02809   0.03540  -0.07126   0.06929  -0.03536   0.05263  -0.10535  -0.02680   0.00002   0.00802  -0.09500   0.02330   0.02687 
  0.04107  -0.09389   0.01888  -0.00757   0.02950  -0.10461   0.07501  -0.03470   0.05495  -0.03051  -0.00609  -0.05833   0.06435  -0.08019   0.01184  -0.05675  -0.01543  -0.03737   0.08485  -0.02792 
  0.03145  -0.06672   0.06601  -0.03964   0.02843  -0.01121   0.07769  -0.08214   0.03977  -0.02066   0.05849  -0.06738   0.07324  -0.12950   0.04546  -0.07280   0.01021  -0.00529   0.01886  -0.01551 
  0.04154  -0.03532   0.05039  -0.05808   0.01500  -0.04160   0.05976  -0.03409   0.07700  -0.13711   0.00280  -0.04011   0.07032  -0.03800  -0.06122  -0.04084   0.03508  -0.07007   0.03227  -0.00752 
  0.05064  -0.06966   0.02007  -0.03089   0.01668  -0.00211   0.05773  -0.05576   0.05355  -0.08536   0.03084  -0.03924   0.05886  -0.00042  -0.01549  -0.07622   0.03045  -0.02081   0.07214  -0.05992 
  0.03810  -0.02424   0.04956  -0.05965   0.01970   0.05765  -0.02897  -0.04046   0.08080  -0.07157  -0.05788  -0.05841   0.08656  -0.00708  -0.04665  -0.09952   0.05845  -0.00489  -0.00035  -0.03830 
  0.06208   0.00058  -0.02761  -0.05593   0.01575   0.03542  -0.03758  -0.01748   0.07972  -0.08381  -0.13868  -0.02540   0.05630   0.00371  -0.05926  -0.04502   0.11818  -0.03657  -0.03822  -0.04685 
  0.06549  -0.01700  -0.05623  -0.03404   0.02377   0.06885  -0.05247  -0.04009   0.08048  -0.14292  -0.06511  -0.01966   0.05137   0.02226  -0.08126  -0.03623   0.16472  -0.08379  -0.03426  -0.06995 
  0.07669  -0.02291  -0.05375  -0.04647   0.00590   0.13601  -0.10428  -0.03756   0.02536  -0.07718  -0.10729   0.03958   0.05236   0.01773  -0.12026  -0.01374   0.19794  -0.10924  -0.11249  -0.04790 
  0.06828   0.00896  -0.11290  -0.02522  -0.00015   0.20266  -0.20272  -0.04237  -0.03845  -0.15432  -0.22543   0.15313   0.03406  -0.01140  -0.13876   0.03637   0.27732  -0.21639  -0.17962  -0.06737 
  0.07626  -0.00004  -0.19052   0.00108  -0.01555   0.28246  -0.23305  -0.09205  -0.09342  -0.24102  -0.24096   0.21535   0.04956   0.00717  -0.14091   0.00655   0.30363  -0.24571  -0.15661  -0.10690 
  0.07453   0.03200  -0.19247  -0.01461  -0.01715   0.34860  -0.38434  -0.12522  -0.17440  -0.26715  -0.29901   0.26944   0.05743   0.09020  -0.13533  -0.06602   0.35324  -0.15238  -0.22604  -0.21146 
  0.08084   0.09535  -0.27971  -0.03571   0.00412   0.36087  -0.48095  -0.15041  -0.17619  -0.34541  -0.41348   0.29133   0.04453   0.09058  -0.21342  -0.00959   0.39831  -0.25874  -0.29361  -0.22559 
  0.09800   0.07498  -0.37614  -0.01728   0.03137   0.36229  -0.41190  -0.22381  -0.22628  -0.36310  -0.29144   0.30422   0.05973   0.09304  -0.10138  -0.09241   0.38218  -0.23655  -0.18375  -0.26094 
  0.09910   0.08334  -0.27792  -0.05223   0.05943   0.36834  -0.46542  -0.28110  -0.13283  -0.18992  -0.30460   0.23432   0.10091   0.09458  -0.17479  -0.13065   0.36365  -0.18339  -0.27539  -0.19026 
  0.11583   0.11577  -0.34664  -0.08188   0.07559   0.30315  -0.46174  -0.19713  -0.02827  -0.15199  -0.26190   0.14912   0.06456   0.00138  -0.20903   0.01724   0.33015  -0.15974  -0.17283  -0.18826 
  0.12273   0.08101  -0.31060  -0.07529   0.06280   0.24780  -0.36299  -0.12674   0.01485  -0.10444  -0.06622   0.05329   0.04153  -0.06046  -0.02082  -0.00956   0.22837  -0.10068  -0.08596  -0.10496 
  0.09636   0.06456  -0.18714  -0.06780   0.02405   0.25072  -0.30969  -0.08462   0.06908  -0.05337  -0.12282  -0.02901   0.07724   0.02893  -0.05551  -0.10217   0.11266   0.00326  -0.15127  -0.00623 
  0.06916   0.09861  -0.20084  -0.05030   0.00101   0.19291  -0.24648  -0.02012   0.04427  -0.09244  -0.07826   0.01457   0.04408   0.03991  -0.20612   0.02185   0.02490  -0.02541  -0.11792   0.05592 
  0.03097   0.05333  -0.17949   0.01705   0.00801   0.07944  -0.13646   0.01115   0.00184  -0.01163  -0.07051   0.02612   0.01525   0.00750  -0.09078   0.02770   0.00682  -0.02967  -0.04539   0.03597 
  0.00566   0.01567  -0.08726   0.02797   0.03025   0.05635  -0.20141   0.02179   0.03031   0.03675  -0.14587  -0.01975   0.04604   0.02158  -0.12108  -0.00655   0.03231   0.02762  -0.13413   0.03136 
  0.02969   0.03894  -0.15331   0.01738   0.01450  -0.04083  -0.36039   0.11907   0.01623  -0.07890  -0.15001   0.06090   0.05976  -0.14455  -0.24506   0.09841  -0.03247  -0.09516  -0.23776   0.14875 
  0.00920  -0.07859  -0.26678   0.12079   0.13653   0.04516  -0.20182  -0.13943   0.06001   0.05515  -0.05162  -0.11232   0.15578   0.02832  -0.12735  -0.23869   0.12404   0.10346  -0.23721  -0.04790 
  0.10060   0.08049  -0.18234  -0.08856  -0.10765   0.23198  -0.55688   0.11210  -0.07725   0.20776  -0.56570   0.04035   0.06233   0.27178  -0.24235  -0.24047  -0.25668   0.20902  -0.55199   0.13775 
 -0.08427   0.21939  -0.51645   0.07851   0.44516  -3.89398  -3.89398  -3.89398   0.40323  -3.89398  -3.89398  -3.89398   0.43976  -3.89398  -3.89398  -3.89398   0.64443  -3.89398  -3.89398  -3.89398 
  0.49030  -3.89398  -3.89398  -3.89398  -3.31564  -0.90410   0.75661  -3.27107  -3.89398  -3.89398  -3.89398  -3.89398  -3.89398  -3.89398  -3.89398  -3.89398  -3.89398  -3.89398  -3.89398  -3.89398 
 -3.28198  -0.95604   0.74331  -3.28158   0.44516  -3.89398  -3.89398  -3.89398   0.05107   0.06954  -0.26477  -0.04658   0.00664   0.00622   0.10245  -0.09632  -3.89398   0.70199  -3.89398  -3.89398 
  0.05895  -0.01798   0.11313  -0.14657  -0.01648  -0.00652  -0.07707   0.05667  -0.10083   0.02246   0.01269   0.08644  -0.07883   0.06482  -0.12396   0.10610  -0.16794   0.02988   0.04546   0.04015 
 -0.05314   0.01597  -0.04602   0.06067   0.05570   0.05309  -0.15695  -0.02487  -0.06993   0.05132   0.06854   0.02326  -0.02564   0.01812   0.01557   0.01053   0.00355  -0.01585   0.07269  -0.04340 
 -0.00757   0.02525   0.01375  -0.01461  -0.00046   0.09713  -0.05781  -0.02503  -0.02597   0.09948   0.03724  -0.05006  -0.00657   0.02529   0.06351  -0.05401  -0.01079   0.07549   0.01736  -0.05266 
 -0.00722   0.07813   0.00486  -0.04456   0.02333   0.02746  -0.05354  -0.01429  -0.00248   0.02291   0.01113  -0.01485  -0.00711   0.01118  -0.00877   0.00789  -0.07057   0.05024   0.00417   0.00907 
  0.00039   0.03054  -0.02362  -0.00513   0.01249   0.05397   0.01745  -0.05665   0.00386   0.00175   0.09709  -0.04591   0.03502  -0.13189   0.07898  -0.03753  -0.00761  -0.00483   0.11569  -0.07924 
  0.01171  -0.00256   0.07532  -0.05946   0.03849   0.00748   0.03844  -0.07872   0.04061   0.01041   0.05232  -0.08743   0.01984  -0.00312   0.07634  -0.08546  -0.04016   0.03144   0.07542  -0.04575 
  0.02777   0.01019   0.05813  -0.07448   0.04725  -0.03002   0.02328  -0.05977   0.02786  -0.02825   0.02377  -0.02973   0.04594  -0.07413  -0.02426  -0.00681  -0.02993   0.00994  -0.00132   0.01331 
  0.03857  -0.02924  -0.00013  -0.02558   0.03685  -0.02463   0.03749  -0.05721   0.03090  -0.02210   0.05509  -0.05099  -0.00213  -0.04416   0.06584  -0.01906   0.01439   0.04635   0.06683  -0.08825 
  0.02616  -0.00414   0.05538  -0.06123   0.02105   0.01248   0.03542  -0.05463   0.00580   0.06850   0.06914  -0.08461   0.02713  -0.00445   0.03863  -0.06329  -0.01251   0.02672   0.06947  -0.05635 
  0.02047   0.02079   0.04816  -0.06520   0.03816  -0.03385   0.03323  -0.05129   0.04338   0.00512  -0.05020  -0.04666   0.04631   0.01761  -0.07497  -0.02909  -0.01124   0.04360   0.00061  -0.01917 
  0.04060   0.00526  -0.01381  -0.03983  -0.00911   0.03448   0.07240  -0.05412   0.02694   0.00259  -0.02244  -0.03007   0.02184  -0.01813   0.05082  -0.05624  -0.01376  -0.01973   0.07526  -0.03137 
  0.00904  -0.00036   0.05649  -0.04418   0.00616   0.05203   0.03755  -0.06034   0.02361   0.04668   0.04229  -0.08229   0.04418   0.00111   0.00186  -0.06551  -0.00345   0.02166   0.05861  -0.05078 
  0.02243   0.02908   0.03593  -0.06461   0.00862   0.02217   0.02055  -0.03426   0.02609   0.03968  -0.05849  -0.04134   0.00154  -0.02171  -0.02466   0.02500   0.00150   0.04662  -0.04461  -0.00267 
  0.01834   0.02258  -0.02561  -0.01818  -0.00499   0.02230   0.05856  -0.04216   0.02554   0.00972   0.05714  -0.06472  -0.00530   0.01544   0.05791  -0.04444  -0.01044  -0.01634   0.09078  -0.04798 
  0.00363   0.00464   0.06762  -0.04896   0.01707   0.00283   0.06311  -0.06303   0.03920   0.07277  -0.05960  -0.08729   0.02616  -0.00673   0.07556  -0.09256  -0.03846   0.03006   0.04534  -0.02338 
  0.01998   0.02108   0.04450  -0.06222   0.03782  -0.04479   0.01478  -0.03350   0.05856   0.01594  -0.04741  -0.08013   0.03802   0.00644  -0.02993  -0.03709  -0.02519   0.06875   0.00039  -0.02682 
  0.03935   0.01141  -0.01155  -0.04342  -0.00697   0.03204   0.06037  -0.04670   0.01410  -0.00189   0.01986  -0.02470  -0.01020  -0.05413   0.05784   0.00253  -0.01017   0.00890   0.07665  -0.05214 
  0.00210   0.00184   0.05731  -0.03833   0.01171  -0.00106   0.09364  -0.07684   0.02517   0.05059   0.02673  -0.08086   0.04336  -0.02173   0.06712  -0.10361  -0.03007   0.05745   0.03551  -0.03970 
  0.01883   0.02317   0.05813  -0.07204   0.02407   0.02478   0.03133  -0.06340   0.04981  -0.02550  -0.06838  -0.03132   0.03216   0.01407  -0.03380  -0.03077  -0.01077   0.02902  -0.00187  -0.00886 
  0.03479   0.01080  -0.01027  -0.03833   0.00725   0.02341   0.05611  -0.05687   0.02725  -0.01313   0.02583  -0.03881   0.03081  -0.05322   0.01317  -0.02050   0.03484   0.01123   0.05582  -0.07056 
  0.02696  -0.00193   0.04138  -0.05379   0.01202   0.00866   0.05986  -0.05720   0.03560   0.01643   0.01390  -0.06640   0.04540   0.05262  -0.02353  -0.08646   0.01618   0.01457   0.04937  -0.05326 
  0.03193   0.01688   0.03188  -0.06540   0.03946  -0.01694   0.01465  -0.05000   0.00562   0.04006  -0.08861  -0.00409   0.04417  -0.03440  -0.03751  -0.01701  -0.01376   0.03089   0.03536  -0.03255 
  0.03177   0.00308  -0.00422  -0.03367  -0.02122   0.00687   0.11386  -0.05443   0.00719  -0.00030   0.04147  -0.02473   0.01477   0.02388   0.02694  -0.05442  -0.00147   0.01837   0.06910  -0.05833 
  0.00056   0.00988   0.07189  -0.05185   0.01046   0.02591   0.06361  -0.06820   0.01337   0.03644   0.01869  -0.04872   0.02878   0.00350   0.03694  -0.06989   0.02565  -0.01471   0.03522  -0.03194 
  0.02519   0.00804   0.03938  -0.05651   0.03470  -0.00704  -0.01901  -0.02865   0.03001   0.05485  -0.04370  -0.06365   0.01895   0.01986  -0.03479  -0.01511   0.01642  -0.00008  -0.00167  -0.00964 
  0.03400   0.00896  -0.02296  -0.02905  -0.00383  -0.01271   0.08513  -0.04302   0.00594   0.04798  -0.04149  -0.02433   0.00572   0.01663  -0.00205  -0.01610   0.02709  -0.02167   0.08731  -0.06950 
  0.01054  -0.00098   0.05594  -0.04513   0.01559   0.01386   0.09782  -0.09517   0.02649   0.06387   0.02683  -0.09396   0.03084   0.04559   0.00389  -0.07742  -0.01103   0.01987   0.02602  -0.02103 
  0.02194   0.02879   0.04365  -0.06921   0.04126  -0.02639   0.03615  -0.06168   0.02638  -0.02600   0.06283  -0.04519   0.04242  -0.00633  -0.03906  -0.02984  -0.02946   0.03094   0.01555  -0.00938 
  0.03463  -0.00764   0.01131  -0.04002   0.01129  -0.01858   0.06904  -0.04758   0.02483   0.01883  -0.00954  -0.04231   0.01979  -0.02731   0.01622  -0.02146   0.01220  -0.02553   0.07910  -0.04903 
  0.02096  -0.01831   0.05290  -0.04475   0.00472  -0.00915   0.09435  -0.06311   0.04081   0.01597   0.03866  -0.08547   0.01952   0.03034   0.03142  -0.06981  -0.00373   0.03124   0.04828  -0.04902 
  0.01932   0.01324   0.05813  -0.06600   0.02746  -0.00433  -0.00053  -0.03115   0.01821   0.03155  -0.08157  -0.01733   0.02935   0.00439  -0.04356  -0.01465   0.00464   0.00545   0.00873  -0.01145 
  0.03001   0.00371  -0.01967  -0.02322   0.01976  -0.03336   0.08453  -0.06261   0.04583   0.02381  -0.00028  -0.08273  -0.01217   0.02280   0.00358  -0.00066  -0.00138   0.01941   0.05938  -0.05138 
  0.01834   0.00340   0.05039  -0.05301   0.01182   0.00399   0.06603  -0.05868   0.04897   0.06682  -0.03281  -0.10972   0.02202   0.03129   0.02401  -0.06844   0.00028   0.00034   0.05654  -0.03839 
  0.02680   0.01718   0.04052  -0.06520   0.01998   0.00983   0.02513  -0.04487   0.01501  -0.00433  -0.03136  -0.00634  -0.02245   0.01542   0.02811  -0.00002   0.00558   0.01835  -0.01823  -0.00319 
  0.01570   0.00711  -0.00044  -0.02015   0.01178  -0.00924   0.06702  -0.05185   0.01008   0.00073   0.01873  -0.02040   0.01850  -0.07410   0.00334   0.01318   0.02573  -0.01157   0.08255  -0.07066 
  0.01850  -0.01962   0.05483  -0.04247   0.02570  -0.01856   0.05335  -0.05585   0.02521   0.09560  -0.01291  -0.10236   0.04720  -0.00557   0.02385  -0.08326  -0.00600   0.04730   0.04284  -0.05428 
  0.02937   0.02495   0.03564  -0.07022   0.03712  -0.01333   0.01451  -0.04859   0.03578  -0.00553  -0.01298  -0.04136   0.02343   0.03013  -0.01131  -0.04355  -0.00985   0.06466  -0.00652  -0.02953 
  0.03447   0.01778  -0.00739  -0.04399   0.01231   0.01601   0.06841  -0.06825   0.02748   0.00973  -0.00021  -0.04366   0.00166   0.00487   0.00860  -0.01066   0.02099   0.01690   0.04910  -0.05818 
  0.02129   0.01050   0.03880  -0.05301   0.02463   0.02133   0.03153  -0.06223   0.01426   0.00893   0.03926  -0.03958   0.03580   0.05519   0.02691  -0.11273  -0.01098   0.04833   0.02211  -0.03662 
  0.02486   0.03113   0.02394  -0.06084   0.01977  -0.06982   0.03060  -0.00835   0.02053   0.00589  -0.09607  -0.00022   0.01035   0.07907  -0.00123  -0.06782  -0.02843   0.03282   0.00447  -0.00420 
  0.01719   0.00433  -0.00454  -0.01782  -0.01132  -0.00009   0.09196  -0.04566   0.03879   0.01673  -0.00961  -0.06222   0.01761  -0.01540   0.03525  -0.03934  -0.01896  -0.01576   0.07746  -0.03193 
  0.00651  -0.00605   0.06439  -0.04342   0.03073  -0.01877   0.06619  -0.07224   0.02094   0.05084  -0.00218  -0.06229   0.02869   0.02349   0.03777  -0.08472  -0.01274   0.01908   0.05243  -0.03805 
  0.02519   0.01263   0.04619  -0.06421   0.02967   0.02040   0.01233  -0.05601   0.04043   0.05612  -0.01209  -0.09407   0.01663  -0.02116  -0.04160   0.01569  -0.00864   0.08908  -0.02995  -0.03314 
  0.03033   0.03923  -0.02066  -0.04513   0.01645  -0.00490   0.05485  -0.05184   0.00245   0.03818   0.00270  -0.02839   0.00698  -0.02783  -0.00256   0.00827   0.00504  -0.02042   0.07318  -0.04216 
  0.01554  -0.00668   0.03966  -0.03646   0.02823   0.02110   0.04690  -0.07809   0.02540   0.01620   0.06917  -0.07475   0.04499   0.01461   0.03186  -0.10081  -0.00949   0.03002   0.01233  -0.01924 
  0.02841   0.01959   0.03217  -0.06301   0.01406  -0.00505   0.01457  -0.02258   0.03066  -0.00016   0.02758  -0.05298   0.03511  -0.07023   0.00013  -0.00893  -0.03281   0.02662  -0.00714   0.00895 
  0.02194  -0.00828   0.00019  -0.01854   0.01879  -0.00274   0.06407  -0.06288   0.04047  -0.00448  -0.04016  -0.03943   0.00784  -0.02210   0.01274  -0.00588   0.04384  -0.00126   0.05103  -0.06583 
  0.02905  -0.00732   0.03880  -0.05127   0.02072  -0.05386   0.09760  -0.06342   0.03283   0.07608   0.02210  -0.11333   0.04513   0.00877   0.00441  -0.07430   0.03930   0.01769   0.05322  -0.07647 
  0.03857   0.00340   0.05345  -0.08043   0.03363  -0.01624   0.00078  -0.03382   0.01684   0.00445  -0.03281  -0.01359   0.04033   0.01070  -0.04718  -0.03229   0.00308  -0.01745   0.04868  -0.02417 
