15 20 4 1 46 -2.5662 2.1705 4.3001 7821
  0.01868   0.00716   0.00242  -0.02510   0.00040   0.00948   0.06223  -0.04415   0.04727  -0.04833   0.01108  -0.04206   0.06627  -0.01000  -0.02857  -0.07309   0.00515  -0.02985   0.08540  -0.04657 
  0.02892  -0.01928   0.04798  -0.05022  -0.01770   0.02126   0.05694  -0.02513   0.04169  -0.00893   0.02338  -0.06270   0.05199  -0.02407  -0.01031  -0.05300  -0.02018   0.04881   0.02254  -0.03117 
  0.01637   0.01361   0.02609  -0.04086   0.01713  -0.03021   0.00118  -0.00610   0.02946  -0.03818  -0.03315  -0.00603   0.03963   0.01189  -0.02422  -0.04691  -0.00526   0.01627  -0.00856  -0.00077 
  0.02569  -0.01050  -0.01477  -0.01306  -0.00160  -0.00792   0.09334  -0.05467   0.02453  -0.01407   0.02031  -0.03208   0.03432  -0.00450  -0.03176  -0.02363   0.03037  -0.00068   0.06989  -0.07064 
  0.01950  -0.00729   0.05605  -0.05176   0.01400  -0.00915   0.07288  -0.05917   0.00484   0.02901  -0.00922  -0.02112   0.05207  -0.01291  -0.01371  -0.05776   0.03102   0.00267   0.01724  -0.03369 
  0.03068  -0.00221   0.02491  -0.04714   0.00634   0.02047   0.02280  -0.03182   0.06153  -0.01164  -0.09711  -0.04933   0.05541  -0.03441  -0.03333  -0.03663   0.02719  -0.02791  -0.01586   0.00656 
  0.03892  -0.01373  -0.01672  -0.02510   0.01534   0.01223   0.04198  -0.05121   0.01921  -0.01265   0.01783  -0.02444   0.01252  -0.01455   0.03523  -0.03258  -0.00692  -0.00318   0.08954  -0.05745 
  0.01388  -0.00411   0.05550  -0.04676   0.00839   0.01735   0.02977  -0.03703   0.05573   0.01928   0.03335  -0.11192   0.04584   0.01577  -0.00855  -0.07061  -0.00190  -0.01313   0.03490  -0.01375 
  0.03116   0.00468   0.02164  -0.04983  -0.00078   0.01014   0.00702  -0.00821   0.02149   0.00215  -0.09676   0.00091   0.02044   0.01979   0.00974  -0.04707   0.00790   0.03965  -0.03778  -0.00629 
  0.01653   0.01694  -0.02230  -0.01466   0.00801   0.00646   0.04571  -0.04084   0.02756   0.01602  -0.00998  -0.04429   0.03183   0.00891  -0.02996  -0.02947   0.00414  -0.01826   0.09061  -0.05701 
  0.01835  -0.00063   0.04318  -0.04561   0.01603   0.00775   0.06669  -0.06714   0.04728  -0.04431   0.03526  -0.05431   0.04497   0.03603   0.00529  -0.09494   0.01113   0.03632   0.04505  -0.06077 
  0.03403   0.01086   0.04061  -0.07016  -0.00588   0.02196   0.06237  -0.04350   0.04777  -0.04089  -0.05219  -0.02452   0.01611  -0.02573  -0.03201   0.01331   0.00684   0.05284  -0.00877  -0.03134 
  0.02212   0.00809   0.00273  -0.02967   0.01579   0.05547   0.04444  -0.08085   0.03497  -0.03266   0.01293  -0.03330   0.06522  -0.04219  -0.00942  -0.06447   0.01603   0.03000   0.06283  -0.07426 
  0.03419   0.01361   0.03573  -0.06875  -0.00470   0.01987   0.05167  -0.03643   0.05937   0.01297  -0.00664  -0.09559   0.02999   0.02908   0.02179  -0.07773   0.00979  -0.00119   0.05607  -0.04380 
  0.02876   0.00963   0.03544  -0.05919   0.00073  -0.00680   0.06523  -0.03767   0.03487  -0.01474  -0.08413  -0.01103   0.04703   0.01280  -0.02851  -0.05626  -0.01569   0.04186  -0.01312  -0.00686 
  0.02293   0.00778   0.00054  -0.02912   0.01847  -0.03116   0.09305  -0.06866   0.01160   0.00739  -0.00368  -0.01834   0.03681  -0.01392   0.01305  -0.05230   0.03161   0.00085   0.06080  -0.06517 
  0.02731  -0.01179   0.05412  -0.05702   0.01928  -0.02779   0.08172  -0.06279   0.07867  -0.02193  -0.03598  -0.09387   0.03544   0.00743   0.03919  -0.08540   0.01175   0.04418   0.00222  -0.03608 
  0.04127   0.00031   0.03167  -0.06634  -0.01134   0.02424   0.03797  -0.02198   0.03841  -0.01770  -0.09963  -0.00984   0.03033   0.00284  -0.01973  -0.03010   0.00389   0.04630   0.01334  -0.03943 
  0.01950   0.01573   0.00023  -0.02986   0.00504   0.00246   0.07125  -0.05261   0.01119  -0.00388  -0.01742  -0.00619   0.05498  -0.03353  -0.05248  -0.02450   0.02397  -0.03202   0.06006  -0.03899 
  0.02472  -0.01797   0.03341  -0.03635   0.00027  -0.01438   0.06277  -0.03140   0.02579   0.00235   0.02778  -0.04736   0.03082   0.00629   0.02261  -0.06352   0.01001   0.02529   0.03818  -0.04735 
  0.01851   0.00313   0.04119  -0.04676   0.01276   0.01879   0.04112  -0.05103   0.03267  -0.03684  -0.03187  -0.01163   0.03117   0.04272  -0.04272  -0.04290   0.01064   0.04448   0.00791  -0.03928 
  0.02666   0.01935   0.00210  -0.04143   0.01517  -0.00263   0.07531  -0.06634   0.03927  -0.05122   0.04381  -0.04138   0.00233  -0.01744   0.03713  -0.01835  -0.01235  -0.00380   0.07459  -0.04112 
  0.01835  -0.01699   0.06017  -0.04752   0.02218  -0.00800   0.06915  -0.06837   0.06149  -0.01858   0.00047  -0.07980   0.03774   0.01270  -0.00265  -0.05969   0.01387   0.01833   0.05486  -0.05824 
  0.03814  -0.00032   0.04090  -0.06834   0.02408   0.00515   0.04607  -0.06187   0.01126   0.01217  -0.06061  -0.00209   0.02109  -0.01878   0.03129  -0.03933   0.00590   0.01926   0.02775  -0.03316 
  0.02569   0.00219   0.02164  -0.04181   0.01571   0.01161   0.06910  -0.07081   0.02473  -0.01428   0.01326  -0.02954   0.03128  -0.02160   0.03886  -0.05884   0.04429  -0.00631   0.05226  -0.06396 
  0.03212  -0.00761   0.04826  -0.06136  -0.00174   0.01315   0.09520  -0.06820   0.01622   0.01780   0.05804  -0.05655   0.03278  -0.00172   0.04367  -0.07837  -0.03192   0.02375   0.06319  -0.03653 
  0.01171   0.01055   0.06640  -0.06116  -0.00003  -0.01220   0.06165  -0.03140   0.00959   0.00627  -0.05188   0.00096   0.04972   0.00487  -0.04464  -0.04458  -0.03118   0.02261   0.04930  -0.02605 
  0.01604   0.00250   0.01984  -0.02986  -0.01664  -0.00784   0.10071  -0.04151   0.01383  -0.01990   0.06812  -0.03307   0.02536  -0.02551   0.03167  -0.04181   0.03159  -0.04417   0.08318  -0.05618 
  0.01305  -0.02723   0.07572  -0.04656  -0.01030   0.01920   0.09364  -0.05939   0.02157   0.03909   0.00769  -0.05840   0.01453   0.03239   0.01066  -0.04770  -0.03284   0.03283   0.04997  -0.03194 
  0.00327   0.02651   0.05162  -0.05118   0.00089  -0.01039   0.06755  -0.03757   0.01003  -0.00478  -0.01106  -0.00629  -0.00100   0.04607   0.00140  -0.02875  -0.01214   0.07508   0.00972  -0.04610 
  0.00701   0.02828   0.02014  -0.03579   0.02114  -0.03581   0.07967  -0.05950   0.01190  -0.05831   0.01695   0.01070   0.03201   0.01784   0.00485  -0.05974   0.02058  -0.01233   0.07481  -0.05970 
  0.02634  -0.02390   0.05273  -0.04771   0.00892  -0.00024   0.04955  -0.04089   0.02065   0.04399   0.01634  -0.06419   0.03471  -0.03967   0.06203  -0.07240  -0.02447   0.03219   0.05270  -0.03891 
  0.01637   0.00809   0.04854  -0.05234   0.03535  -0.02348   0.03800  -0.05604   0.02181  -0.00126  -0.03995  -0.01455   0.03393   0.03846  -0.02355  -0.05690   0.00028  -0.01153   0.02382  -0.00871 
  0.03212  -0.00633   0.00861  -0.03616  -0.00622  -0.02715   0.10552  -0.04781   0.02496  -0.02923   0.01043  -0.01994   0.05338  -0.01046  -0.01357  -0.06161  -0.01847  -0.01584   0.09509  -0.04638 
  0.01504  -0.02357   0.06935  -0.04637   0.01130  -0.02551   0.08455  -0.05532   0.02826   0.01846   0.03902  -0.06699   0.04875  -0.00130   0.04409  -0.10656  -0.00655   0.05527   0.02958  -0.04971 
  0.02569   0.01147   0.05106  -0.06754   0.03652  -0.02508   0.01432  -0.04138   0.00715   0.03090  -0.03713  -0.01590   0.07163   0.01375  -0.03582  -0.09427  -0.01369   0.03462   0.02607  -0.02855 
  0.03782   0.00840  -0.00229  -0.04523  -0.00699  -0.05167   0.11345  -0.04062   0.02002  -0.04396   0.01262  -0.00578   0.00415  -0.04133   0.05531  -0.02083  -0.01722  -0.04341   0.11984  -0.05266 
  0.00497  -0.04884   0.09125  -0.03691   0.01911  -0.02912   0.09620  -0.07324   0.02508  -0.01155   0.03533  -0.04048   0.04426  -0.06734   0.06227  -0.07152  -0.03527   0.03027   0.05659  -0.03362 
  0.01999  -0.01568   0.07016  -0.05742  -0.00459   0.02031   0.04913  -0.03511   0.04186  -0.01619  -0.03862  -0.03473   0.00073   0.07734  -0.02782  -0.03399  -0.06502  -0.00247   0.05125   0.00672 
  0.00259   0.01513   0.02313  -0.02473  -0.01436  -0.03610   0.12992  -0.05261  -0.00110   0.02256  -0.03771   0.00028   0.00944  -0.00461   0.08104  -0.07243  -0.04835  -0.00818   0.09800  -0.03412 
 -0.00970  -0.01050   0.08947  -0.04105  -0.00059   0.00370   0.06933  -0.04465   0.04188  -0.00159  -0.02450  -0.04903   0.00358   0.04437   0.00794  -0.03845  -0.01359   0.01370   0.05614  -0.03688 
  0.01221   0.01239   0.04061  -0.04485   0.02039   0.00239  -0.00734  -0.02169  -0.01805   0.04070  -0.10089   0.02751  -0.00645  -0.00961  -0.01562   0.02288  -0.05221   0.03289  -0.00368   0.01416 
 -0.00170   0.01543  -0.02098   0.00430  -0.01105   0.02156   0.07759  -0.04771  -0.01390   0.01435  -0.01422   0.01333  -0.01958  -0.00225   0.10596  -0.05488  -0.02664  -0.01271   0.07762  -0.02886 
 -0.01714   0.00468   0.07255  -0.03004   0.00929   0.01335   0.06078  -0.05694   0.01394   0.02350   0.04315  -0.05060   0.04357   0.01291   0.00537  -0.07536  -0.03416   0.02603   0.04050  -0.02011 
  0.01404   0.01815   0.03804  -0.04887   0.03767  -0.10301  -0.01016   0.00629   0.06414  -0.01640  -0.12483  -0.04230   0.06941  -0.04179  -0.02116  -0.06347  -0.00234  -0.01401  -0.00593   0.01248 
  0.04962  -0.04708  -0.02694  -0.01412   0.09059  -0.07146   0.04275  -0.12305   0.09941  -0.11713  -0.03436  -0.07556   0.10003  -0.04470  -0.04900  -0.09859   0.03434  -0.02254   0.05095  -0.04528 
  0.08335  -0.05880   0.02579  -0.08412   0.11545  -0.04106  -0.00579  -0.15290   0.13445  -0.03848  -0.15701  -0.15709   0.13310   0.06735  -0.02223  -0.31870   0.07127   0.08704   0.00804  -0.12315 
  0.12404   0.01482  -0.01901  -0.17167   0.12529  -0.13116  -0.04149  -0.09850   0.11124  -0.04669  -0.16849  -0.09559   0.16821  -0.04165  -0.20263  -0.15932   0.03076  -0.00104   0.01567  -0.03022 
  0.13664  -0.07492  -0.07526  -0.09490   0.03595  -0.25767   0.31102  -0.25885   0.01892  -0.18994   0.29970  -0.09258   0.02994  -0.14338   0.20418  -0.16318  -0.15921  -0.18713   0.36095  -0.21667 
  0.01238  -0.21671   0.30869  -0.20869  -1.20584  -3.89332   0.75550  -3.89332  -0.77204  -3.89332   0.93558  -3.89332  -1.19641  -3.89332   0.72468  -3.89332  -1.00464  -3.89332   0.65557  -3.89332 
 -1.07191  -3.89332   0.73994  -3.89332  -3.89332  -3.89332  -3.89332   0.50467  -3.89332  -3.89332  -3.89332  -3.89332  -3.89332  -1.16141  -3.89332   0.53788  -3.89332  -3.89332  -3.89332  -3.89332 
 -3.89332  -1.20017  -3.89332   0.48596  -3.89332  -3.89332  -3.89332  -3.89332   0.07652  -0.35862  -0.27487   0.09659  -3.89332  -3.89332  -3.89332  -3.89332   0.38534  -0.54476   0.07937  -0.42968 
  0.23052  -0.49204   0.16217  -0.37498   0.07251  -0.17069  -0.71257   0.14515   0.08531  -0.04930  -0.00149  -0.10232   0.32105  -0.38079  -0.39821  -0.47259   0.04848  -0.01996   0.04464  -0.05306 
  0.18105  -0.20146  -0.36736  -0.00083  -0.51542  -0.62071   0.65274  -0.58497  -0.21350  -0.24421   0.65801  -0.28820   0.00046  -0.06996   0.23980  -0.21381  -0.47596  -0.50076   0.54737  -0.55639 
 -0.38707  -0.46189   0.59910  -0.49541   0.03148  -0.12823   0.07996  -0.03106   0.02359   0.01145  -0.05966  -0.01854  -0.85931  -0.71018  -0.90131   0.49439   0.02540  -0.10102   0.05960  -0.00514 
 -0.37387  -0.42777  -0.37325   0.34961   0.01391   0.03583   0.07679  -0.08969   0.02907  -0.00844   0.03113  -0.04664   0.10325   0.02023  -0.04181  -0.16050   0.32871  -0.40648  -0.07249  -0.14649 
  0.15517  -0.22825   0.00799  -0.10594  -0.20979  -0.02582  -0.26768   0.23572  -0.03620  -0.03348  -0.10148   0.08517  -0.00872  -0.07301  -0.10472   0.09783  -0.00557  -0.10444   0.00449   0.04928 
 -0.09286  -0.06862  -0.12375   0.14878   0.00143  -0.00700  -0.09139   0.04468  -0.03213   0.03859  -0.18194   0.06216   0.07265  -0.03379  -0.11822  -0.01514   0.06685  -0.04435  -0.15253   0.05192 
  0.00463  -0.01018  -0.11795   0.05395  -0.03243   0.06742  -0.07992   0.03766  -0.01780   0.02699  -0.08190   0.03040   0.07167   0.01155   0.01910  -0.13790  -0.01950  -0.01794  -0.12814   0.08066 
 -0.01643   0.02294  -0.08089   0.04163  -0.04422   0.03314  -0.10793   0.07629  -0.03674   0.01942  -0.12226   0.06463   0.03365  -0.00203  -0.14360   0.03404  -0.08607  -0.00801  -0.13909   0.11021 
 -0.04384   0.01300  -0.12710   0.08585  -0.05413  -0.00533   0.02010   0.04708  -0.10579   0.09808  -0.00319   0.05182   0.00662  -0.03866  -0.06705   0.04994  -0.07220  -0.01612  -0.05640   0.07569 
 -0.07311   0.01421  -0.02362   0.06667  -0.05530   0.05586  -0.03813   0.04705  -0.03213   0.05081  -0.01300   0.01172  -0.02847   0.08188  -0.05232   0.01414  -0.06721  -0.02669  -0.06169   0.08042 
 -0.05715   0.03238  -0.04361   0.05441  -0.04747   0.01407   0.01285   0.03573  -0.01452   0.02970  -0.12088   0.03503   0.01888   0.05114  -0.09556  -0.00081  -0.05571  -0.00121  -0.11466   0.08545 
 -0.03594   0.02175  -0.07155   0.05486  -0.02969   0.01063   0.02263   0.01452  -0.01628  -0.02860  -0.02344   0.04220  -0.01182   0.04230  -0.08438   0.03672  -0.04564  -0.05195  -0.07000   0.08465 
 -0.03501  -0.01211  -0.03571   0.05532  -0.01423   0.02003  -0.01599   0.01416   0.00806   0.01216  -0.11743   0.01771   0.02181   0.03385  -0.01272  -0.04276  -0.05358  -0.00212  -0.06881   0.06609 
 -0.02037   0.01573  -0.04292   0.03232  -0.02196   0.04336  -0.04784   0.02578  -0.02625  -0.00388  -0.04448   0.04649   0.03080   0.03341  -0.10097  -0.00272  -0.02833  -0.04874  -0.07291   0.07621 
 -0.01857   0.00156  -0.06530   0.04784  -0.00871  -0.03802   0.00216   0.02615  -0.01208  -0.01365   0.02495   0.01384  -0.00265  -0.03869  -0.00061   0.02450  -0.02330  -0.02723  -0.02740   0.04278 
 -0.01893  -0.02590  -0.00514   0.03375  -0.00430   0.01181   0.00665  -0.00480  -0.00123   0.02595   0.01834  -0.02114   0.02055   0.03614  -0.02831  -0.03207  -0.06659   0.05048  -0.08855   0.05413 
 -0.01821   0.03557  -0.03198   0.01423  -0.00856   0.00886  -0.06792   0.03802  -0.01771   0.00988  -0.07057   0.03696   0.01360  -0.00133  -0.05009   0.01345  -0.04058  -0.00449  -0.06098   0.05729 
 -0.01500   0.00437  -0.06385   0.04273  -0.02679   0.01232   0.02381   0.00999  -0.01327   0.00581   0.04085  -0.00176   0.01660   0.02644  -0.02029  -0.02525  -0.04555   0.00508   0.00350   0.02183 
 -0.02653   0.01330   0.01289   0.01106  -0.05903   0.05159   0.05169   0.00568  -0.01336   0.08569  -0.03284  -0.02904   0.01240  -0.00723   0.02165  -0.02687  -0.05550   0.03207  -0.00529   0.01733 
 -0.03352   0.04304   0.01472  -0.00066  -0.01572  -0.00236  -0.00637   0.02179   0.00858  -0.02952  -0.04473   0.02005  -0.01285  -0.01092  -0.01454   0.03042  -0.03628   0.00358  -0.04256   0.04231 
 -0.01270  -0.00570  -0.02929   0.03008  -0.02490  -0.02918   0.09443  -0.01629  -0.00974  -0.00639   0.03221   0.00430  -0.00375   0.02743  -0.00786  -0.00673  -0.02986   0.00113   0.04386  -0.01031 
 -0.02307  -0.00221   0.05301  -0.00725  -0.02509   0.01929   0.01591   0.00909  -0.04395   0.05226   0.01485   0.01469   0.02298  -0.00308  -0.00150  -0.02807  -0.05257   0.01103   0.00510   0.02149 
 -0.02253   0.01845   0.00830   0.00702  -0.01040  -0.02787   0.00089   0.02413   0.01735  -0.01330  -0.03196  -0.00402   0.02507   0.00658  -0.04917  -0.00673  -0.01910  -0.04181   0.00807   0.02805 
  0.00088  -0.02291  -0.00928   0.01606  -0.01660  -0.02272   0.08168  -0.02000   0.01482  -0.07224  -0.02486   0.02751  -0.02004  -0.03226  -0.00088   0.04140  -0.04240  -0.03791   0.03515   0.02297 
 -0.01911  -0.03773   0.04119   0.01457   0.01223  -0.02762   0.03085  -0.01877  -0.00932   0.03435   0.02721  -0.01950   0.03043   0.00024   0.05075  -0.08198  -0.00312  -0.01597   0.00663   0.00658 
  0.00599  -0.00665   0.02903  -0.01931  -0.01044  -0.02097   0.02759   0.00641   0.03358  -0.06974   0.00496  -0.00804   0.03891  -0.01598   0.00550  -0.04870  -0.03020  -0.05063   0.00663   0.03908 
  0.00836  -0.04014   0.01228   0.00566  -0.01136  -0.04187   0.06076  -0.00294   0.02717  -0.03423   0.03844  -0.03106   0.02822  -0.02762   0.01592  -0.03310  -0.03768  -0.04707   0.04977   0.01548 
 -0.00239  -0.04048   0.04910  -0.00499   0.01871  -0.03231   0.03873  -0.02954   0.02174   0.00119   0.02397  -0.03908   0.02978   0.05458  -0.00063  -0.07921  -0.00631   0.00358  -0.00280   0.00364 
  0.01637   0.00250   0.01623  -0.02802  -0.00561  -0.01795   0.01998   0.00397   0.03622  -0.03993  -0.12429   0.01193   0.04651  -0.02767  -0.04419  -0.02015  -0.00075  -0.02010  -0.01432   0.01940 
  0.01933  -0.02623  -0.02098   0.00532  -0.00718  -0.01221   0.07465  -0.03162   0.02538  -0.02061   0.00972  -0.02531   0.01240   0.04130  -0.00699  -0.03825  -0.00968  -0.04864   0.06321  -0.00957 
  0.00156  -0.01797   0.05217  -0.02292   0.02116  -0.00535   0.03845  -0.04669   0.01472  -0.00661  -0.03963  -0.00196   0.06329  -0.00057  -0.03694  -0.06842  -0.00666   0.02151  -0.05602   0.02301 
  0.02666   0.00313  -0.01868  -0.01967  -0.00850   0.02449   0.01608  -0.01213   0.03849  -0.03500  -0.06741  -0.00959   0.02311  -0.00455  -0.04133  -0.00214   0.01837  -0.02749  -0.04518   0.02783 
  0.01637  -0.01018  -0.02728   0.00328  -0.02715   0.05196   0.02182  -0.00987  -0.00034  -0.08924   0.02282   0.03800   0.03512  -0.01844  -0.04664  -0.00755   0.03535  -0.05044   0.03501  -0.01930 
  0.00463  -0.01895   0.01683  -0.00394   0.01353   0.07751  -0.00876  -0.05713  -0.01414  -0.00743  -0.07674   0.04394   0.04516   0.01767  -0.00325  -0.07481   0.09048  -0.02897  -0.03577  -0.02829 
  0.03339   0.01543  -0.02362  -0.03189   0.01277   0.09514  -0.10043  -0.01939  -0.00995  -0.13016  -0.04729   0.08508   0.01592   0.00039  -0.05232   0.01077   0.11468  -0.04419  -0.06557  -0.02368 
  0.03624  -0.00474  -0.07638   0.00311   0.01632   0.13714  -0.01583  -0.10258  -0.05672  -0.08828  -0.17888   0.13971   0.03393  -0.03244  -0.00364  -0.02499   0.13048  -0.08752  -0.00848  -0.05005 
  0.03371   0.00188  -0.02594  -0.02292   0.03386   0.16536  -0.08696  -0.11106  -0.04364  -0.08650  -0.05948   0.10417   0.04219  -0.01352  -0.01869  -0.03833   0.17130  -0.09085  -0.06275  -0.05559 
  0.05706   0.01543  -0.06457  -0.03841   0.03169   0.17016  -0.16316  -0.07332  -0.05197  -0.13240  -0.10751   0.13755   0.05068   0.04728  -0.13764  -0.02184   0.16696  -0.09728  -0.07424  -0.04124 
  0.05525   0.02115  -0.12334  -0.01218   0.01842   0.18977  -0.09186  -0.10774  -0.05168  -0.08548  -0.06569   0.11233   0.03577  -0.03967   0.00479  -0.02935   0.15948  -0.12115  -0.01806  -0.05611 
  0.04407   0.01875  -0.04885  -0.03281   0.00679   0.20468  -0.11111  -0.09471   0.00817  -0.10338  -0.12173   0.07372   0.06841  -0.01398  -0.03117  -0.07233   0.17741  -0.06332  -0.08295  -0.06507 
  0.06334   0.03932  -0.09199  -0.04791   0.00912   0.18664  -0.14582  -0.06393   0.01581  -0.08049  -0.08709   0.04743   0.06635  -0.01683  -0.07131  -0.04092   0.16270  -0.08660  -0.09796  -0.02945 
  0.06126   0.03062  -0.11672  -0.02802   0.00876   0.14875  -0.04757  -0.08152  -0.04360  -0.09101  -0.00961   0.09315   0.02276  -0.01195  -0.06690   0.01674   0.14281  -0.14470  -0.02051  -0.02755 
  0.03593  -0.00316  -0.04085  -0.01466   0.01664   0.16521  -0.07692  -0.09028  -0.04389   0.04397  -0.08180   0.04852   0.07422   0.00754  -0.03307  -0.09655   0.14037  -0.07611  -0.06907  -0.02856 
  0.04762   0.04389  -0.06823  -0.04313   0.02685   0.11760  -0.10657  -0.05042   0.00914  -0.12233  -0.04558   0.06137   0.06053   0.00540  -0.11539  -0.02087   0.11898  -0.07403  -0.08208  -0.00381 
  0.05495  -0.00253  -0.09824  -0.00918  -0.00750   0.11844  -0.01130  -0.05719   0.01655  -0.04623  -0.11926   0.03874   0.02521   0.05253  -0.03859  -0.04368   0.10977  -0.06076  -0.04292  -0.02357 
  0.03212   0.02145  -0.03982  -0.02528   0.00535   0.10127  -0.00413  -0.06582   0.05687  -0.07598  -0.10641  -0.00315   0.05188   0.00854  -0.00106  -0.08136   0.10744  -0.03860  -0.10100  -0.00234 
  0.05222   0.00871  -0.05273  -0.03449   0.03615   0.07304  -0.04439  -0.06451   0.04150  -0.14630  -0.17496   0.06298   0.04591  -0.02565  -0.06582  -0.00776   0.08543  -0.06165  -0.08232   0.01697 
