IntronPotTab 1 1024 1.17027
    0.05038
    0.00955
   -0.05380
   -0.04222
   -0.00522
   -0.03162
   -0.06106
    0.07076
   -0.01321
    0.01835
    0.02149
   -0.01754
   -0.03347
   -0.04965
    0.04562
    0.02076
   -0.04349
    0.02880
   -0.07170
    0.07580
   -0.04046
    0.04912
   -0.03688
    0.04756
   -0.03581
    0.04376
   -0.03275
    0.02815
    0.10314
    0.02359
   -0.01334
   -0.08069
   -0.01899
    0.02052
    0.01945
   -0.00326
    0.00421
   -0.05898
   -0.00027
    0.02825
    0.02034
   -0.03147
    0.11805
   -0.09770
   -0.00845
   -0.05809
    0.05963
   -0.01281
   -0.09551
    0.06113
    0.00355
    0.03615
    0.03116
   -0.07385
   -0.07452
    0.05199
    0.01337
    0.00684
   -0.02439
   -0.00155
   -0.00542
   -0.03440
   -0.00016
    0.02427
    0.01575
    0.00605
   -0.06344
    0.03198
    0.05521
   -0.13944
   -0.02067
    0.03606
    0.01916
   -0.01012
   -0.05549
    0.02909
   -0.00195
   -0.09840
    0.07000
   -0.00224
   -0.00798
   -0.01716
   -0.12688
    0.08089
   -0.04803
    0.07375
   -0.03784
    0.02856
   -0.02534
    0.00723
   -0.05178
    0.04660
    0.07250
   -0.00676
   -0.04517
   -0.00579
    0.01608
   -0.00924
   -0.04911
    0.02556
    0.00915
   -0.06898
    0.04746
    0.01067
    0.02247
   -0.01748
    0.03062
   -0.02348
    0.00998
   -0.06173
    0.00593
    0.02533
    0.34672
   -0.20490
   -0.16740
   -0.14193
    0.20775
   -0.14508
   -0.19015
   -0.09705
    0.22916
   -0.13392
   -0.20000
   -0.06513
    0.14685
   -0.11900
   -0.05688
    0.02933
    0.05359
   -0.02636
   -0.09677
    0.02373
    0.01689
   -0.11363
   -0.04450
    0.08798
    0.07461
   -0.08859
   -0.05112
   -0.00167
    0.00820
   -0.04675
    0.02922
   -0.00536
   -0.02482
   -0.01875
   -0.05881
    0.08220
   -0.01592
    0.05511
   -0.02570
    0.00836
   -0.00533
    0.03024
   -0.07447
    0.02780
    0.14724
   -0.03642
   -0.05741
   -0.03518
   -0.02203
   -0.04599
    0.01186
    0.03382
    0.01803
   -0.10149
   -0.03319
    0.03937
    0.03841
   -0.09176
    0.10641
   -0.07145
   -0.03511
   -0.03423
   -0.03340
    0.08933
   -0.02206
   -0.01130
   -0.03921
    0.05404
    0.02624
   -0.04998
   -0.06521
    0.03905
   -0.00225
   -0.02814
   -0.05790
    0.06959
    0.07537
   -0.08054
   -0.05672
    0.05259
   -0.10565
    0.15556
   -0.00093
    0.01657
   -0.02477
   -0.13134
   -0.06977
    0.15086
    0.01117
    0.01451
   -0.03485
   -0.00450
    0.00486
   -0.07342
    0.05314
    0.00702
   -0.03414
    0.00364
   -0.07718
    0.06275
   -0.01258
    0.05724
   -0.03824
    0.00112
   -0.00125
    0.03118
   -0.06325
    0.00931
    0.11559
    0.00314
   -0.00836
   -0.07511
   -0.01472
    0.04678
   -0.07385
    0.01840
    0.02258
   -0.09999
   -0.02623
    0.04073
    0.04895
   -0.02728
    0.03934
   -0.05773
    0.00827
   -0.06210
    0.05094
   -0.00476
    0.10984
   -0.03857
   -0.11039
   -0.01822
    0.05072
   -0.07813
   -0.07665
    0.01319
    0.08180
   -0.03393
   -0.08737
   -0.01380
    0.04183
   -0.03763
   -0.04005
    0.02664
    0.00438
    0.05260
   -0.07137
    0.01430
   -0.02904
    0.01790
   -0.05339
    0.07017
   -0.03913
    0.03604
   -0.02501
    0.03575
   -0.01613
   -0.04023
    0.02008
    0.02207
   -0.08493
    0.10298
   -0.10839
    0.05012
   -0.05677
    0.07448
    0.00115
    0.04061
   -0.06354
    0.06411
   -0.05211
    0.03668
    0.08578
    0.06438
   -0.05215
   -0.06359
   -0.03526
    0.05323
   -0.01227
    0.01164
   -0.00757
   -0.00515
    0.00827
    0.01187
    0.00106
    0.03501
    0.06627
   -0.07565
   -0.00278
   -0.00585
    0.00683
   -0.00070
   -0.06900
    0.04402
   -0.07335
    0.05102
   -0.01622
   -0.02535
   -0.04871
    0.07105
   -0.01020
    0.02246
   -0.07548
    0.04989
    0.01318
   -0.01408
   -0.02425
    0.02392
   -0.00277
    0.05988
   -0.10136
    0.03681
   -0.00305
   -0.05440
   -0.05005
    0.08041
   -0.00064
   -0.00439
   -0.04951
    0.03435
   -0.01328
   -0.05054
    0.02528
    0.02827
   -0.05738
    0.08489
   -0.11035
    0.04919
   -0.10953
    0.15278
   -0.07097
   -0.01089
   -0.06755
    0.07151
   -0.09395
    0.03957
    0.04307
   -0.01665
   -0.06138
    0.02275
   -0.01686
    0.02431
   -0.04662
    0.03222
   -0.00137
   -0.05016
   -0.00799
    0.04573
   -0.02755
    0.03744
   -0.00054
   -0.00704
   -0.01057
   -0.01878
   -0.03762
    0.04795
    0.11081
   -0.07033
   -0.07724
   -0.00127
    0.03345
   -0.02121
   -0.07050
    0.02331
    0.01667
   -0.02721
   -0.07549
    0.05385
    0.10107
   -0.07020
   -0.09036
    0.07115
    0.03313
    0.02105
   -0.13277
    0.03635
   -0.00390
   -0.03369
   -0.09169
    0.09875
    0.02897
   -0.02553
   -0.05565
    0.02268
    0.01642
   -0.02773
   -0.03530
    0.04188
   -0.06461
    0.02102
   -0.03830
    0.06484
   -0.04105
    0.04482
   -0.03533
    0.04663
   -0.05851
    0.07293
   -0.09417
    0.04227
    0.10988
   -0.01492
   -0.04471
   -0.02153
   -0.02345
    0.04797
   -0.03167
    0.01219
   -0.02491
   -0.01103
   -0.04191
    0.05970
   -0.00046
    0.02102
    0.01812
   -0.02492
   -0.00644
   -0.04917
   -0.06229
    0.09000
   -0.06914
    0.02838
   -0.05505
    0.05620
   -0.00270
   -0.00621
   -0.06598
    0.05381
   -0.05627
   -0.00496
   -0.08265
    0.10218
    0.06956
   -0.07577
   -0.07019
    0.06432
   -0.14905
    0.26486
   -0.26249
    0.02987
   -0.00259
   -0.05931
   -0.02076
    0.04664
   -0.02379
   -0.00903
   -0.01340
    0.03667
    0.01422
   -0.06698
    0.00892
    0.02880
   -0.13439
    0.14288
   -0.25215
    0.11718
   -0.06433
    0.10111
   -0.02751
    0.01741
    0.01955
    0.03935
   -0.06614
   -0.01387
    0.08281
    0.04067
   -0.06561
   -0.03711
   -0.12780
    0.23675
   -0.22076
    0.01398
    0.00873
   -0.02188
    0.04273
   -0.00866
   -0.00768
    0.04126
    0.03935
   -0.04442
    0.01456
   -0.01279
    0.00050
   -0.00410
   -0.01754
   -0.03034
   -0.11363
    0.06497
   -0.00374
   -0.01957
   -0.05780
    0.03741
   -0.01028
    0.02055
   -0.08600
    0.05428
    0.04003
   -0.02806
   -0.08028
    0.04635
   -0.00751
    0.03185
   -0.02749
    0.01030
   -0.01773
   -0.02704
   -0.01201
    0.05947
   -0.04823
    0.04045
    0.02145
    0.00929
   -0.00590
   -0.05567
    0.05987
   -0.02360
   -0.04854
    0.02879
   -0.07115
    0.06614
   -0.04127
    0.04369
   -0.02545
    0.04702
   -0.04064
    0.05456
   -0.02749
    0.04028
    0.11879
    0.01413
   -0.00244
   -0.09234
   -0.04769
   -0.01097
    0.06550
    0.00169
   -0.01276
   -0.02764
    0.01981
    0.02351
   -0.01734
   -0.00164
    0.10177
   -0.06066
   -0.00474
   -0.04577
    0.07457
   -0.04687
   -0.05258
    0.00906
   -0.03991
    0.05043
    0.02228
   -0.06082
   -0.06230
    0.05654
   -0.00044
   -0.03114
    0.01822
    0.00846
    0.04581
   -0.05362
    0.00961
   -0.00170
   -0.00088
    0.01713
   -0.06821
    0.04045
    0.04301
   -0.12121
   -0.04078
    0.06030
    0.02570
   -0.01977
   -0.05364
    0.03507
    0.02898
   -0.12939
    0.07819
    0.00065
   -0.04354
    0.03658
   -0.08456
    0.05820
   -0.04581
    0.09480
    0.00228
    0.00550
   -0.04303
    0.02214
   -0.03308
    0.03999
    0.08183
   -0.00341
   -0.02708
   -0.02690
   -0.01066
   -0.02430
   -0.01882
    0.03586
    0.01049
   -0.08033
    0.07487
    0.00031
    0.01551
   -0.03359
    0.06392
   -0.02625
    0.02869
   -0.08092
    0.03062
    0.00485
    0.27696
   -0.18274
   -0.14162
   -0.08760
    0.12546
   -0.12234
   -0.11396
   -0.04081
    0.15392
   -0.10661
   -0.09543
   -0.00889
    0.15844
   -0.13614
   -0.04793
    0.03431
    0.04813
   -0.04454
   -0.11012
    0.05499
    0.01059
   -0.09208
   -0.02876
    0.07660
    0.04908
   -0.09336
    0.00137
    0.00506
    0.04383
   -0.09155
    0.03330
   -0.01247
   -0.03837
   -0.00929
   -0.06776
    0.08251
   -0.02207
    0.06323
   -0.03332
    0.02170
   -0.05471
    0.03073
    0.01655
    0.02946
    0.12742
   -0.05692
   -0.01118
   -0.04740
   -0.00653
   -0.04612
    0.00054
    0.02419
   -0.02597
   -0.01538
   -0.02741
    0.05609
   -0.02714
   -0.07802
    0.16495
   -0.11337
   -0.04743
   -0.07021
   -0.00973
    0.08787
   -0.06888
    0.00640
   -0.02835
    0.06482
    0.04002
   -0.02815
   -0.10038
    0.03029
    0.00464
   -0.04424
   -0.03572
    0.06243
    0.08915
   -0.09730
   -0.05086
    0.04806
   -0.01586
    0.13889
   -0.19715
    0.03494
   -0.02650
   -0.10923
   -0.09491
    0.14266
    0.02870
   -0.00662
   -0.07681
    0.01897
    0.06592
   -0.10992
    0.01583
    0.00640
   -0.04179
    0.02259
   -0.08365
    0.07148
   -0.02938
    0.03888
    0.00327
    0.01687
   -0.00249
    0.04329
   -0.03401
   -0.01077
    0.13691
   -0.01020
   -0.00127
   -0.08074
   -0.00851
    0.01292
   -0.07735
    0.03458
    0.02104
   -0.09529
    0.04917
    0.00846
    0.02151
    0.01109
    0.06900
   -0.06547
    0.00575
   -0.15801
    0.13743
   -0.06681
    0.03753
   -0.00762
   -0.15991
    0.03847
    0.01290
   -0.07082
   -0.06931
    0.05775
    0.04053
   -0.00959
   -0.05099
    0.00116
    0.07431
   -0.08190
   -0.03458
    0.03187
   -0.04234
    0.13432
   -0.06984
    0.00289
   -0.03996
    0.03845
   -0.04848
    0.06269
    0.00661
    0.05611
   -0.01918
   -0.06411
   -0.06352
    0.03252
    0.03890
    0.00685
   -0.03635
    0.02374
   -0.07367
    0.06164
   -0.03127
    0.04674
   -0.00721
    0.01935
   -0.03102
    0.03308
   -0.05114
    0.04172
    0.07804
    0.03841
    0.00507
   -0.10742
   -0.05937
    0.06268
    0.01360
    0.01007
   -0.00810
   -0.01693
   -0.01596
    0.02913
    0.04941
   -0.00001
    0.03334
   -0.07930
    0.00751
   -0.03367
    0.02722
   -0.01491
   -0.11634
    0.06989
   -0.04533
    0.04812
   -0.00168
   -0.05506
   -0.07415
    0.08527
   -0.00494
    0.03935
   -0.05507
    0.01329
   -0.01890
    0.01469
    0.00387
    0.00104
   -0.00955
    0.04031
   -0.10197
    0.05721
    0.03285
   -0.10168
   -0.07856
    0.07951
    0.02108
   -0.01758
   -0.05202
    0.03459
    0.01403
   -0.09461
    0.04133
    0.03725
   -0.05143
   -0.01039
   -0.10863
    0.09917
   -0.07343
    0.10242
   -0.04386
    0.03078
   -0.01993
    0.03107
   -0.06416
    0.02128
    0.14752
   -0.06566
   -0.04951
    0.00311
   -0.01966
   -0.01171
   -0.03017
    0.03983
   -0.00441
   -0.06890
   -0.00064
    0.04792
    0.01178
   -0.01374
   -0.01638
    0.00955
    0.03013
   -0.07842
   -0.00746
    0.04700
    0.20528
   -0.12988
   -0.15361
   -0.02765
    0.08476
   -0.07448
   -0.13483
    0.03066
    0.10836
   -0.05671
   -0.15348
    0.03386
    0.16076
   -0.14380
   -0.08252
    0.08139
    0.03117
    0.02584
   -0.16455
    0.05822
   -0.00403
   -0.05000
   -0.11818
    0.11540
    0.03789
   -0.02627
   -0.03878
    0.00914
    0.02903
   -0.03810
   -0.03610
    0.04008
   -0.03199
   -0.02705
   -0.11353
    0.09675
   -0.02431
    0.05677
   -0.07599
    0.04311
   -0.06102
    0.03905
   -0.01500
    0.03492
    0.12956
   -0.00208
   -0.08794
   -0.00276
   -0.01352
   -0.00910
   -0.09526
    0.05537
   -0.00649
   -0.04610
   -0.06004
    0.06166
    0.02658
   -0.05476
    0.06596
   -0.03405
    0.00995
   -0.05093
   -0.07818
    0.09799
   -0.05257
    0.01472
   -0.09298
    0.06782
    0.00719
   -0.05641
   -0.09820
    0.08443
   -0.03515
   -0.04140
   -0.11786
    0.10918
    0.06675
   -0.06221
   -0.09726
    0.09335
   -0.10715
    0.24383
   -0.12299
   -0.00330
   -0.02392
   -0.12653
   -0.07701
    0.13727
   -0.01647
    0.00969
    0.00396
    0.00643
   -0.02038
   -0.07192
    0.02738
    0.03990
   -0.04491
    0.04072
   -0.13242
    0.07802
   -0.04525
    0.07382
   -0.01461
    0.01472
   -0.00316
    0.02995
   -0.04917
    0.00757
    0.12205
    0.01499
   -0.03948
   -0.05202
   -0.03094
    0.11029
   -0.13928
    0.01255
    0.01646
   -0.06441
   -0.04020
    0.03279
    0.01448
   -0.01471
    0.04924
   -0.03466
    0.01803
   -0.06236
    0.01832
    0.01046
   -0.01794
    0.02597
   -0.12835
    0.03737
    0.00228
   -0.05207
   -0.06555
    0.05304
    0.00611
    0.00665
   -0.07600
    0.04581
   -0.01443
   -0.07119
   -0.09399
    0.08547
