IntronPotTab 1 1024 0.60747
    0.01371
   -0.07971
   -0.05343
    0.03212
   -0.03626
   -0.02909
    0.00824
    0.05217
   -0.03394
   -0.00152
   -0.03234
    0.04846
   -0.03027
   -0.07286
   -0.03163
    0.05625
   -0.02362
    0.00655
   -0.02514
    0.04567
   -0.03202
   -0.00703
   -0.02009
    0.05407
   -0.02618
   -0.01902
   -0.03156
    0.07129
    0.04439
   -0.09997
   -0.03713
    0.04611
   -0.01006
   -0.02750
   -0.02080
    0.04643
    0.00440
   -0.06906
    0.01471
    0.04843
   -0.06638
   -0.02198
    0.06110
    0.03644
   -0.00329
   -0.06651
   -0.00652
    0.04121
   -0.03404
   -0.03577
    0.04578
    0.03549
   -0.00179
   -0.05268
   -0.00579
    0.04503
    0.00920
   -0.01349
   -0.05798
    0.04238
   -0.03420
   -0.12597
   -0.06183
    0.06544
    0.03959
   -0.08405
   -0.04766
    0.01815
   -0.00668
   -0.05625
   -0.02082
    0.05627
   -0.00424
   -0.08361
   -0.03203
    0.05881
    0.02552
   -0.12208
   -0.02503
    0.05360
    0.01347
   -0.01824
   -0.08743
    0.04365
   -0.02448
   -0.00605
   -0.04380
    0.05990
   -0.01857
   -0.00650
   -0.04791
    0.05389
    0.07143
   -0.06856
   -0.03646
    0.02620
    0.02779
   -0.06565
   -0.05314
    0.04127
    0.02392
   -0.09730
    0.00351
    0.05464
   -0.03040
   -0.04730
   -0.00746
    0.07336
    0.04021
   -0.07436
   -0.02274
    0.03527
    0.01573
   -0.09720
    0.05550
    0.01935
   -0.00997
   -0.04276
   -0.05707
    0.07495
   -0.02858
   -0.04283
   -0.09875
    0.08240
   -0.04517
   -0.10092
   -0.01452
    0.05978
    0.06058
   -0.12015
   -0.10724
    0.03283
    0.00557
   -0.05626
   -0.05791
    0.07317
   -0.00881
   -0.03025
   -0.00207
    0.04156
    0.03113
   -0.15622
   -0.06835
    0.08945
    0.01072
   -0.00474
   -0.06557
    0.03626
   -0.03017
   -0.01382
   -0.02177
    0.07063
   -0.00732
    0.01227
   -0.04280
    0.04362
    0.08871
   -0.07671
   -0.07592
    0.05332
    0.02450
   -0.05878
   -0.05276
    0.04378
    0.01902
   -0.05814
   -0.03672
    0.06222
   -0.01851
   -0.04419
    0.02306
    0.04509
   -0.01608
   -0.03096
   -0.03274
    0.05725
   -0.03984
   -0.01427
    0.01467
    0.05295
    0.00852
   -0.07840
   -0.04272
    0.07665
   -0.01608
    0.02264
   -0.04128
    0.02685
    0.01543
   -0.14082
   -0.09209
    0.08522
   -0.02393
   -0.02882
    0.00460
    0.04555
   -0.03490
   -0.02979
    0.01897
    0.04340
   -0.00600
   -0.02740
    0.00513
    0.02393
    0.02462
   -0.08553
   -0.03243
    0.03667
    0.01592
   -0.05067
   -0.00317
    0.00632
    0.01671
   -0.04344
   -0.00224
    0.01771
   -0.02644
    0.02059
   -0.02591
    0.03774
    0.06081
   -0.06331
   -0.04336
    0.03726
    0.00998
   -0.01451
   -0.02183
    0.01359
    0.02000
   -0.03436
    0.00262
    0.00572
   -0.03491
   -0.03379
    0.02858
    0.05302
   -0.00011
   -0.02336
   -0.02493
    0.02922
   -0.00536
   -0.06363
    0.03129
    0.02874
    0.01711
   -0.04724
   -0.03972
    0.04723
    0.01742
   -0.00428
   -0.05726
    0.02815
   -0.03946
   -0.10781
   -0.06466
    0.05941
    0.04890
   -0.11446
   -0.07722
   -0.00832
   -0.02825
    0.01308
   -0.02198
    0.03919
   -0.03121
   -0.00588
   -0.04422
    0.06597
    0.00832
   -0.09493
   -0.08564
    0.07035
   -0.02283
   -0.02571
    0.04178
    0.00871
   -0.04887
    0.03952
   -0.00632
    0.02724
   -0.02554
   -0.00003
   -0.00193
    0.02936
    0.01086
   -0.12477
    0.04993
    0.01275
    0.01352
   -0.01422
   -0.00515
   -0.00684
   -0.03446
   -0.02210
    0.03078
    0.02512
   -0.06447
   -0.00665
    0.06509
    0.01279
   -0.01917
   -0.05363
    0.04047
    0.01038
   -0.00456
   -0.05076
    0.03214
    0.01646
    0.01301
   -0.03053
   -0.01287
    0.01810
    0.00014
   -0.01546
   -0.03973
    0.04074
    0.01661
   -0.15480
   -0.09940
    0.07998
    0.05589
   -0.13442
   -0.02073
   -0.02003
    0.00822
   -0.09519
   -0.00814
    0.06514
   -0.01346
   -0.06179
   -0.02114
    0.08300
    0.07103
   -0.13578
   -0.03388
    0.04805
    0.02516
   -0.01220
   -0.06056
    0.00623
   -0.02314
    0.02998
   -0.04650
    0.03914
    0.01432
   -0.00114
    0.00154
   -0.02705
    0.05543
   -0.04472
   -0.01932
    0.02009
    0.00352
    0.01182
   -0.02930
    0.01190
    0.01581
   -0.04249
    0.01539
    0.01490
    0.01278
   -0.05867
    0.05566
   -0.01192
    0.04715
   -0.07536
    0.00002
    0.01853
    0.00830
   -0.10878
    0.07604
    0.01796
    0.00972
   -0.06381
   -0.06072
    0.08385
    0.01085
   -0.02098
   -0.07563
    0.06010
    0.06090
   -0.11534
   -0.04744
    0.06922
    0.07685
   -0.10266
   -0.09335
   -0.03533
    0.06187
   -0.05647
   -0.03930
   -0.01068
    0.02846
    0.00262
   -0.06224
    0.01039
    0.02281
   -0.11690
   -0.08163
    0.08381
   -0.00999
    0.05931
   -0.04057
   -0.01297
   -0.02163
    0.03866
   -0.01888
    0.01494
    0.00213
    0.03818
   -0.03910
   -0.00783
    0.04512
   -0.04027
   -0.04614
    0.03862
    0.03048
   -0.03108
   -0.04063
    0.01233
    0.01953
   -0.04131
    0.01019
    0.01362
    0.03067
   -0.02823
   -0.01097
   -0.00782
   -0.00891
   -0.03553
   -0.02449
    0.04917
   -0.02024
   -0.02377
   -0.03633
    0.04666
    0.02393
   -0.07190
   -0.00684
    0.03084
   -0.01592
    0.03869
   -0.03295
    0.00817
    0.03664
   -0.13124
   -0.10269
    0.08666
   -0.00322
   -0.01510
   -0.00631
    0.01660
    0.00146
   -0.04493
   -0.01769
    0.03926
   -0.01769
   -0.02714
    0.02316
    0.02396
    0.02479
   -0.06733
   -0.02277
    0.02731
   -0.00272
   -0.01948
   -0.00638
    0.02028
   -0.03474
    0.05430
    0.01194
   -0.01029
   -0.03419
    0.06037
   -0.00253
   -0.01342
    0.05815
   -0.00648
   -0.01417
   -0.01599
   -0.01793
   -0.00478
   -0.00187
    0.02703
    0.03397
   -0.03019
    0.02199
   -0.04703
   -0.01324
   -0.02390
    0.03504
    0.01331
    0.03042
   -0.02184
    0.01766
   -0.02565
    0.04315
   -0.13384
    0.04854
    0.03722
   -0.00378
    0.02264
   -0.03120
    0.00426
    0.01579
   -0.00294
   -0.03456
    0.01585
    0.01126
   -0.07570
   -0.05493
    0.05229
    0.02826
   -0.07959
   -0.07223
    0.02737
   -0.03973
   -0.00666
   -0.00942
    0.05167
   -0.06359
   -0.01210
   -0.00475
    0.09157
    0.01350
   -0.13791
   -0.08287
    0.08269
   -0.03616
   -0.00740
    0.01366
    0.03788
   -0.05092
    0.01381
   -0.03761
    0.06664
   -0.04460
    0.03561
   -0.03212
    0.05278
    0.05471
   -0.10109
   -0.01526
    0.02661
   -0.02591
   -0.03788
    0.02785
    0.02932
   -0.02858
   -0.04479
    0.02853
    0.03742
   -0.09490
   -0.01224
    0.06831
    0.05060
    0.02052
   -0.09036
   -0.01819
    0.04066
   -0.01238
   -0.02661
    0.03208
    0.01260
    0.00288
   -0.04058
   -0.01437
    0.03603
   -0.00448
    0.02251
   -0.07252
    0.05017
   -0.03707
   -0.19684
   -0.10860
    0.09662
    0.04668
   -0.09580
   -0.06083
   -0.01129
   -0.01559
   -0.06838
    0.00034
    0.04786
   -0.00828
   -0.01884
   -0.03935
    0.05210
    0.04125
   -0.05785
   -0.03817
    0.02601
    0.01103
    0.04558
   -0.09190
    0.00548
   -0.04032
   -0.00618
   -0.00278
    0.04771
    0.00175
    0.01722
   -0.04158
    0.02084
    0.08614
   -0.06413
   -0.04088
    0.01285
    0.00519
    0.01248
   -0.03402
    0.00394
    0.00305
   -0.04379
    0.02631
    0.01297
   -0.00136
   -0.03224
    0.02523
    0.01723
    0.05535
   -0.04255
   -0.02083
    0.00751
    0.01203
   -0.09205
    0.04506
    0.01505
    0.02902
   -0.10918
   -0.01070
    0.04803
   -0.00281
    0.02352
   -0.08707
    0.05206
    0.04049
   -0.12751
   -0.02982
    0.06127
    0.06131
   -0.12292
   -0.05374
   -0.01526
   -0.01755
    0.03315
   -0.05167
    0.02872
    0.00194
   -0.06048
   -0.00987
    0.04979
    0.03862
   -0.13164
   -0.06272
    0.07171
    0.02862
   -0.02131
   -0.04029
   -0.00471
   -0.02342
    0.02659
   -0.03744
    0.05056
   -0.00891
    0.03740
   -0.01661
   -0.00555
    0.07664
   -0.07515
   -0.05380
    0.03504
    0.03674
   -0.04584
   -0.03741
   -0.01022
    0.00203
   -0.02365
    0.00593
    0.01490
   -0.01425
   -0.06056
    0.01581
    0.04664
   -0.00263
   -0.06540
   -0.03304
    0.05262
   -0.04981
    0.01178
   -0.00232
    0.05452
    0.01582
   -0.01827
   -0.04008
    0.03056
   -0.01139
    0.03663
   -0.08855
    0.06497
    0.00619
   -0.14478
   -0.07118
    0.08190
    0.03738
   -0.02539
   -0.18520
    0.04490
   -0.03765
    0.01326
   -0.03183
    0.04308
   -0.00094
   -0.01832
   -0.04060
    0.04111
    0.04699
   -0.05276
   -0.06975
    0.02442
   -0.00407
   -0.00192
   -0.04504
    0.03109
   -0.03656
    0.04478
    0.00189
    0.00684
   -0.06511
    0.06393
    0.00293
   -0.00724
    0.07710
   -0.07131
   -0.01354
    0.00781
    0.03244
    0.00424
   -0.08627
    0.00947
    0.03573
   -0.08372
    0.02772
   -0.04311
   -0.05534
    0.03945
    0.00404
    0.03121
    0.02533
   -0.03379
   -0.03207
    0.01985
   -0.01064
   -0.05059
    0.03047
    0.02124
    0.00706
   -0.03753
   -0.02471
    0.03669
    0.00462
    0.00976
   -0.06462
    0.03358
   -0.00725
   -0.09421
   -0.06226
    0.05899
    0.02834
   -0.10010
   -0.03590
    0.01141
   -0.01355
   -0.02747
   -0.00790
    0.03956
    0.01472
   -0.00074
    0.02622
   -0.04312
    0.01905
   -0.10550
   -0.01739
    0.04090
   -0.01870
   -0.00398
    0.00983
    0.02080
    0.00548
   -0.00488
   -0.03794
    0.02335
   -0.01013
   -0.02510
   -0.02599
    0.05300
    0.05106
   -0.09570
   -0.02670
    0.03390
    0.00092
   -0.03053
    0.00761
    0.01418
    0.00242
   -0.03724
   -0.01687
    0.03946
   -0.01605
   -0.02837
    0.01278
    0.03172
    0.01988
   -0.07187
   -0.00045
    0.02918
   -0.00296
   -0.03543
    0.01809
    0.01393
    0.01994
   -0.07193
   -0.01607
    0.03922
    0.01794
   -0.01774
   -0.02866
    0.01583
    0.00206
   -0.11467
   -0.04209
    0.04997
    0.05350
   -0.14251
   -0.03411
    0.00154
    0.00429
   -0.06345
   -0.02991
    0.05661
    0.00387
   -0.06964
    0.01023
    0.05773
    0.03598
   -0.11015
   -0.00066
    0.05592
    0.03375
   -0.03705
   -0.06254
    0.01877
   -0.06597
   -0.00939
    0.03876
    0.04394
   -0.01622
    0.00966
   -0.00103
    0.01236
    0.10767
   -0.10106
   -0.01796
    0.03044
    0.04951
   -0.08046
   -0.04658
    0.01179
    0.04812
   -0.08081
    0.00821
    0.00528
   -0.01742
   -0.03425
    0.05817
    0.00271
    0.06682
   -0.10690
    0.00589
    0.02126
    0.02142
   -0.10117
    0.03816
    0.02509
    0.00696
   -0.06796
   -0.00359
    0.05249
    0.00397
   -0.01647
   -0.08556
    0.07117
    0.07493
   -0.15484
   -0.01326
    0.07069
    0.05475
   -0.11566
   -0.07311
    0.01522
    0.01357
   -0.01807
   -0.03372
    0.02549
    0.01727
   -0.01173
   -0.01539
    0.00458
    0.02685
   -0.14139
   -0.03721
    0.07649
    0.00627
    0.04029
   -0.05474
   -0.01213
    0.03266
   -0.03528
   -0.05201
    0.03047
    0.03938
   -0.02075
   -0.04083
    0.00065
    0.08150
   -0.08793
   -0.08029
    0.06876
    0.01760
   -0.06122
   -0.05774
    0.06201
    0.07060
   -0.05484
   -0.03402
    0.00392
   -0.01703
   -0.04428
    0.03147
    0.03005
    0.02661
   -0.07412
   -0.04599
    0.06828
    0.00507
   -0.05730
   -0.00059
    0.02564
    0.02544
   -0.10083
    0.01080
    0.03193
   -0.00775
    0.02859
   -0.04686
    0.02539
    0.03983
   -0.15895
   -0.07051
    0.07257
    0.01008
   -0.05704
   -0.00274
    0.01221
   -0.00399
   -0.04513
    0.00878
    0.03098
    0.00341
   -0.05094
    0.03558
    0.00398
    0.02779
   -0.08413
   -0.01010
    0.02254
    0.02524
    0.00571
   -0.10372
    0.03263
   -0.04499
    0.04601
   -0.00864
    0.01157
    0.00255
    0.00288
   -0.02281
    0.01698
    0.06927
   -0.06536
   -0.00248
    0.00810
    0.00171
   -0.04345
   -0.01159
    0.02932
    0.02337
   -0.02567
   -0.01544
   -0.00101
   -0.01771
   -0.03974
    0.03972
    0.03049
    0.01238
   -0.04765
   -0.00817
    0.02309
    0.01109
   -0.04527
    0.00815
    0.01245
   -0.00885
   -0.03419
    0.00650
    0.02997
    0.03307
   -0.01754
   -0.01449
   -0.01393
   -0.00932
   -0.09104
    0.00712
    0.03233
