IntronPotTab 1 1024 -2.08941 0.58267 3.54248 52237 6 16   62.53
   -0.02615
    0.00773
   -0.03672
    0.05898
   -0.03100
   -0.04523
   -0.03975
    0.09766
   -0.01449
    0.03814
   -0.05786
    0.04455
   -0.00659
   -0.06228
    0.01077
    0.05408
   -0.02420
   -0.01427
   -0.05990
    0.08828
   -0.03531
   -0.00853
   -0.02279
    0.05035
   -0.03458
    0.01851
   -0.03248
    0.05810
    0.03733
   -0.07188
    0.06416
   -0.01677
   -0.01918
   -0.00258
   -0.00284
    0.03536
   -0.03234
   -0.04809
   -0.06644
    0.09630
   -0.00885
    0.03687
   -0.00071
   -0.01827
   -0.03105
   -0.06161
    0.02108
    0.04859
   -0.02575
   -0.01543
   -0.06131
    0.06854
    0.00472
   -0.04821
   -0.07045
    0.08561
   -0.01130
    0.02152
   -0.06651
    0.05717
    0.02561
   -0.04298
   -0.01130
    0.03598
   -0.02041
   -0.03551
   -0.03117
    0.08588
   -0.02063
   -0.09204
   -0.02446
    0.11062
    0.00206
    0.01887
   -0.09473
    0.06178
   -0.03603
   -0.07826
    0.00617
    0.08728
   -0.02370
   -0.02152
   -0.07432
    0.09488
   -0.04786
    0.00897
   -0.03208
    0.05261
   -0.05717
   -0.00439
   -0.09437
    0.09536
   -0.00390
   -0.05715
    0.00225
    0.05423
   -0.02116
   -0.02931
   -0.00137
    0.05381
   -0.02907
   -0.07015
   -0.01112
    0.07767
   -0.01103
    0.00278
   -0.04442
    0.04255
   -0.04501
   -0.06177
   -0.00756
    0.08548
    0.12955
   -0.10056
   -0.07030
    0.02217
    0.03853
   -0.07625
   -0.11741
    0.10104
    0.13739
   -0.06071
   -0.17664
    0.01493
    0.05593
   -0.05478
   -0.03266
    0.06007
    0.00539
    0.01914
   -0.06807
    0.07791
    0.00910
   -0.03996
   -0.08026
    0.09835
   -0.00322
    0.05323
   -0.10534
    0.08794
   -0.00854
   -0.08372
   -0.00908
    0.08335
   -0.01950
   -0.00620
   -0.04898
    0.07915
   -0.03231
   -0.02440
   -0.01795
    0.05537
   -0.03107
    0.02637
   -0.08971
    0.09459
    0.05190
   -0.06055
    0.03413
   -0.00603
    0.00470
    0.00602
   -0.03128
    0.03549
   -0.01625
   -0.06141
   -0.08771
    0.10990
   -0.02395
    0.03173
   -0.03727
    0.05400
   -0.05649
   -0.02445
   -0.02420
    0.08116
   -0.01233
   -0.01137
   -0.03394
    0.05158
    0.00188
   -0.05054
   -0.05436
    0.08358
   -0.00428
    0.04233
   -0.09272
    0.06570
    0.02975
   -0.03812
   -0.00507
    0.02658
   -0.01815
    0.04065
   -0.09070
    0.05797
   -0.01256
   -0.05850
   -0.10338
    0.12398
   -0.00964
    0.04133
   -0.08897
    0.05107
   -0.05273
   -0.04422
   -0.02881
    0.08715
   -0.03491
    0.01291
   -0.07538
    0.08585
   -0.02854
    0.00873
   -0.10049
    0.06227
   -0.03778
    0.03417
   -0.06061
    0.05162
    0.03813
   -0.02306
   -0.01579
    0.01631
   -0.01858
    0.01776
   -0.05757
    0.06017
   -0.04463
   -0.05058
   -0.08781
    0.11038
   -0.00671
    0.00411
   -0.02619
    0.03059
   -0.08833
   -0.05051
    0.02404
    0.07041
    0.02362
   -0.00582
   -0.10564
    0.04932
   -0.00313
   -0.03031
   -0.13110
    0.10295
    0.02428
    0.02989
   -0.13419
    0.05541
    0.03774
   -0.00785
   -0.05868
    0.04362
   -0.03552
    0.00676
   -0.02555
    0.06043
   -0.04430
   -0.02053
   -0.02465
    0.08281
   -0.04469
    0.02739
   -0.05539
    0.07495
   -0.01225
   -0.05010
   -0.01721
    0.08040
   -0.01797
   -0.01492
   -0.05067
    0.07253
   -0.05762
    0.01573
   -0.03828
    0.06269
   -0.04432
    0.02429
   -0.04260
    0.06601
   -0.01660
   -0.02941
    0.00174
    0.03188
   -0.00796
   -0.00827
   -0.00294
    0.02107
   -0.04124
   -0.02290
   -0.03217
    0.07098
   -0.01796
    0.04280
   -0.03207
    0.01030
   -0.01897
   -0.02437
   -0.01932
    0.04828
   -0.00189
   -0.04158
   -0.08200
    0.08409
   -0.05110
   -0.00305
   -0.09111
    0.10733
   -0.01916
    0.04121
   -0.09000
    0.06044
   -0.02547
   -0.01350
   -0.04616
    0.06434
   -0.02375
   -0.00821
   -0.05141
    0.07977
   -0.02584
   -0.05951
   -0.03343
    0.09760
   -0.00553
   -0.00155
   -0.08611
    0.06775
   -0.02662
   -0.06074
   -0.00705
    0.08949
   -0.03924
    0.00952
   -0.09320
    0.08984
   -0.10461
    0.01280
   -0.08617
    0.10354
   -0.07453
    0.00780
   -0.08022
    0.08548
   -0.04904
   -0.04938
   -0.05469
    0.09825
   -0.00631
   -0.06347
    0.00785
    0.05874
   -0.00703
   -0.08837
   -0.01724
    0.08105
   -0.02427
   -0.01433
   -0.00867
    0.04690
   -0.08721
   -0.04403
   -0.00917
    0.09546
   -0.00189
   -0.01343
   -0.06879
    0.05535
   -0.01706
   -0.04401
   -0.09917
    0.10682
    0.00754
    0.02591
   -0.15404
    0.06307
    0.00278
   -0.04417
   -0.07109
    0.09877
    0.01473
   -0.01119
   -0.04455
    0.05223
   -0.00626
   -0.03518
   -0.05966
    0.09240
   -0.00627
    0.01991
   -0.09188
    0.08916
   -0.00642
   -0.06347
   -0.03108
    0.09463
   -0.01674
   -0.03607
   -0.03195
    0.07923
   -0.03817
   -0.00249
   -0.06815
    0.07849
   -0.06995
    0.02209
   -0.08505
    0.10942
    0.01032
   -0.04479
    0.00660
    0.03450
   -0.02832
    0.02713
   -0.02242
    0.03915
   -0.00528
    0.00265
   -0.08308
    0.08155
   -0.03660
    0.04184
   -0.03546
    0.05462
   -0.05260
   -0.03407
   -0.02345
    0.07959
   -0.01158
   -0.04396
   -0.05814
    0.09444
    0.00387
   -0.00966
   -0.10025
    0.08336
   -0.04304
    0.03052
   -0.08447
    0.09786
    0.00585
   -0.04495
   -0.02673
    0.06819
   -0.08392
    0.06691
   -0.12632
    0.09939
   -0.03751
    0.01133
   -0.10692
    0.08708
   -0.02691
    0.03426
   -0.10552
    0.07570
   -0.04701
   -0.04054
   -0.05903
    0.10650
   -0.07621
    0.03902
   -0.10139
    0.11231
   -0.07623
    0.01721
   -0.09164
    0.07338
   -0.09524
    0.03272
   -0.07115
    0.09272
   -0.00560
   -0.01910
   -0.04480
    0.04839
   -0.10446
    0.09219
   -0.12222
    0.11845
   -0.05842
   -0.02557
   -0.07390
    0.09259
   -0.05632
    0.04724
   -0.03398
    0.05509
   -0.07229
   -0.01314
   -0.01972
    0.06217
   -0.01159
    0.02656
   -0.10473
    0.04376
   -0.04171
    0.01911
   -0.12114
    0.07761
   -0.05591
    0.05360
   -0.11288
    0.09047
   -0.01710
    0.02568
   -0.07463
    0.04509
   -0.04506
    0.01935
   -0.02654
    0.06382
   -0.03489
   -0.04815
   -0.03337
    0.10007
   -0.05957
    0.07290
   -0.06053
    0.09938
   -0.02388
   -0.08029
    0.02877
    0.05661
   -0.02796
    0.01419
   -0.05543
    0.06882
   -0.02065
   -0.04499
   -0.02854
    0.05909
   -0.04632
    0.04583
   -0.07033
    0.09870
   -0.00139
   -0.07000
    0.03934
    0.01300
   -0.01450
    0.01554
   -0.02916
    0.04758
   -0.03875
   -0.04349
   -0.07979
    0.11142
   -0.02700
    0.05351
   -0.04565
    0.05283
   -0.03041
   -0.04427
    0.00548
    0.04433
   -0.01352
   -0.00580
   -0.08226
    0.06989
   -0.00639
   -0.04064
   -0.04597
    0.07759
   -0.02606
    0.04570
   -0.07249
    0.07619
   -0.00370
   -0.03454
   -0.00392
    0.03498
   -0.01361
   -0.01842
   -0.04678
    0.08260
    0.00878
   -0.08942
   -0.06395
    0.10483
   -0.00245
   -0.01727
   -0.08075
    0.10150
   -0.02478
   -0.07993
    0.03218
    0.06151
   -0.02577
    0.01398
   -0.06985
    0.06460
   -0.08463
    0.01224
   -0.02933
    0.08130
   -0.03035
   -0.01223
   -0.08823
    0.08269
    0.02756
   -0.04689
   -0.01188
    0.03705
    0.00137
   -0.02847
   -0.02455
    0.05148
   -0.01907
   -0.05524
   -0.04395
    0.07470
   -0.03940
   -0.00034
   -0.04953
    0.08338
   -0.03450
   -0.06243
   -0.01685
    0.08284
    0.12223
   -0.07231
   -0.10936
    0.02367
    0.03683
   -0.05321
   -0.11462
    0.07991
    0.13877
   -0.05361
   -0.20472
    0.02150
    0.07040
   -0.05231
   -0.03801
    0.05468
   -0.00050
   -0.00140
   -0.05578
    0.09056
   -0.01460
   -0.02239
   -0.08438
    0.12641
   -0.00461
    0.07612
   -0.09669
    0.08681
   -0.00682
   -0.06429
    0.01109
    0.04386
   -0.03020
    0.02551
   -0.05851
    0.07368
   -0.04220
   -0.02775
   -0.05080
    0.10536
   -0.03377
    0.05146
   -0.10730
    0.11078
    0.02388
   -0.05873
    0.02721
    0.00529
    0.00434
   -0.02204
   -0.06249
    0.08799
   -0.02163
   -0.01342
   -0.09607
    0.09240
   -0.03277
    0.01858
   -0.06684
    0.09654
   -0.08823
   -0.04847
   -0.00509
    0.08992
   -0.03918
   -0.02156
   -0.02878
    0.06726
    0.01908
   -0.04203
   -0.08526
    0.08380
   -0.02011
    0.01072
   -0.08121
    0.10753
    0.02667
   -0.06274
    0.01488
    0.02502
    0.00631
    0.07277
   -0.19284
    0.09266
   -0.00541
   -0.01967
   -0.16258
    0.12990
    0.00445
    0.07597
   -0.14599
    0.04749
   -0.03297
   -0.02771
   -0.05140
    0.08224
   -0.04503
    0.01733
   -0.08483
    0.10080
   -0.03704
   -0.00391
   -0.11183
    0.08355
   -0.06131
    0.03828
   -0.06646
    0.07272
    0.00640
   -0.01328
   -0.02106
    0.02516
   -0.00556
    0.05880
   -0.14013
    0.08670
   -0.01188
   -0.02476
   -0.14808
    0.11085
   -0.02823
    0.04063
   -0.05194
    0.05053
   -0.06336
   -0.03266
   -0.01081
    0.06726
    0.02154
    0.00172
   -0.11731
    0.06453
   -0.00854
   -0.01198
   -0.14926
    0.10932
    0.02721
    0.03693
   -0.13565
    0.05898
    0.02688
   -0.01543
   -0.04924
    0.05557
   -0.03835
    0.01390
   -0.04394
    0.07298
   -0.04205
   -0.04478
   -0.02929
    0.10389
    0.01262
    0.03624
   -0.06227
    0.01224
   -0.04877
   -0.04596
   -0.01111
    0.09360
   -0.03818
    0.00643
   -0.06434
    0.08404
   -0.06168
   -0.01682
   -0.07418
    0.09034
   -0.07607
    0.01765
   -0.03131
    0.09810
   -0.01924
   -0.04598
    0.00471
    0.04387
    0.00329
   -0.03098
   -0.03324
    0.05467
   -0.05906
   -0.02489
   -0.07576
    0.10525
   -0.01534
    0.04912
   -0.04485
    0.01535
   -0.03883
   -0.01003
   -0.05541
    0.07689
   -0.02185
   -0.03025
   -0.08846
    0.08731
   -0.03690
   -0.01283
   -0.11183
    0.11666
   -0.00867
    0.03895
   -0.08838
    0.04872
   -0.04760
   -0.02261
   -0.01853
    0.06067
   -0.00278
   -0.04242
   -0.05766
    0.10066
   -0.02923
   -0.05878
   -0.07222
    0.11767
    0.00556
   -0.02172
   -0.07066
    0.07720
   -0.02119
   -0.08089
   -0.01969
    0.11036
   -0.05637
   -0.02086
   -0.09809
    0.12715
   -0.10009
   -0.01562
   -0.09337
    0.11499
   -0.07499
    0.01239
   -0.16340
    0.11951
    0.01279
   -0.07358
   -0.04208
    0.09449
   -0.01588
   -0.04491
   -0.01704
    0.07016
   -0.02758
   -0.07460
   -0.05523
    0.09822
   -0.03114
   -0.01153
   -0.01470
    0.05780
   -0.05621
   -0.07292
    0.00478
    0.10043
    0.03072
   -0.04579
   -0.07929
    0.07110
   -0.00416
   -0.05856
   -0.12669
    0.12381
    0.04399
   -0.01048
   -0.16937
    0.08618
    0.06847
   -0.07554
   -0.05646
    0.10634
   -0.00446
    0.02322
   -0.08262
    0.09588
   -0.02645
   -0.03154
   -0.05370
    0.10659
    0.01913
    0.03070
   -0.07597
    0.03398
   -0.03744
   -0.05243
   -0.01856
    0.09343
   -0.03611
    0.01028
   -0.08421
    0.10979
   -0.05952
    0.00173
   -0.05929
    0.07975
   -0.04818
    0.03369
   -0.06623
    0.07448
    0.02406
   -0.05191
   -0.00879
    0.04498
    0.00336
   -0.01031
   -0.05589
    0.06892
   -0.01382
   -0.05941
   -0.08839
    0.11145
   -0.02166
    0.04199
   -0.08559
    0.07167
   -0.04993
   -0.02985
   -0.04838
    0.10017
   -0.02048
   -0.01444
   -0.07191
    0.09081
   -0.03476
   -0.00547
   -0.09762
    0.11038
   -0.02920
    0.03890
   -0.08741
    0.08242
   -0.01982
   -0.02316
   -0.03147
    0.06469
   -0.04080
    0.03598
   -0.09452
    0.08234
   -0.04567
   -0.01259
   -0.11821
    0.12051
    0.01053
    0.02107
   -0.11933
    0.07718
   -0.11128
   -0.01981
   -0.03068
    0.09136
   -0.07490
    0.03404
   -0.09524
    0.11673
   -0.08670
    0.01092
   -0.11336
    0.09443
   -0.08001
    0.03918
   -0.08511
    0.09367
    0.02497
   -0.01563
   -0.03296
    0.02561
   -0.04932
    0.04867
   -0.08389
    0.08271
   -0.04356
   -0.03930
   -0.07975
    0.09986
   -0.04537
    0.02951
   -0.03223
    0.06441
   -0.11244
   -0.02771
   -0.01276
    0.08249
   -0.00986
    0.00340
   -0.12466
    0.06817
   -0.03185
   -0.00305
   -0.13808
    0.09884
   -0.03860
    0.05369
   -0.11044
    0.08479
   -0.00934
    0.00175
   -0.05764
    0.06483
