IntronPotTab 1 1024 -7.37946 0.47891 4.11912 36091 6 16   70.69
   -0.00850
   -0.04947
   -0.08403
    0.06291
    0.06547
   -0.20463
   -0.03657
    0.04786
    0.02348
    0.01899
   -0.10778
    0.00077
    0.00943
   -0.04985
   -0.07056
    0.03987
    0.01032
   -0.01680
   -0.05625
    0.02215
    0.02626
   -0.20357
    0.11919
    0.12427
    0.05574
   -0.00454
   -0.06013
   -0.08271
    0.04706
   -0.06448
   -0.11313
    0.02688
    0.00475
   -0.06197
   -0.03348
    0.03131
    0.04080
   -0.05894
    0.00703
   -0.02328
    0.05738
   -0.00247
   -0.02305
   -0.08796
    0.02565
   -0.06445
   -0.07238
    0.02919
    0.06183
   -0.07016
   -0.04961
   -0.02785
    0.05509
   -0.12358
   -0.01194
   -0.01106
    0.05807
    0.01453
   -0.14493
   -0.02199
    0.04105
   -0.06227
   -0.11351
    0.02954
    0.01776
   -0.09977
   -0.12239
    0.07461
    0.05386
   -0.11476
   -0.04736
    0.00876
    0.00862
    0.01875
   -0.11550
    0.02564
    0.06461
   -0.11276
   -0.12157
    0.03944
    0.05239
   -0.05447
   -0.12709
    0.02185
    0.02993
   -0.19380
    0.17945
    0.19933
    0.10439
    0.01514
   -0.19243
   -0.12054
    0.07369
   -0.04401
   -0.15724
    0.02007
   -0.01006
   -0.08501
   -0.03262
    0.05474
    0.03632
   -0.14068
    0.03482
    0.01796
    0.06461
   -0.00315
    0.00973
   -0.10181
    0.02702
   -0.01723
   -0.08307
    0.02182
    0.06405
   -0.14752
   -0.08559
    0.02414
    0.06080
   -0.14843
   -0.05569
    0.00922
    0.09797
   -0.03862
   -0.16509
   -0.02548
    0.08933
   -0.10040
   -0.15215
    0.02751
    0.03122
   -0.13175
   -0.13426
    0.07086
    0.04284
   -0.15317
   -0.13111
    0.03221
    0.02303
   -0.04836
   -0.05291
    0.02292
    0.03464
   -0.11107
   -0.13650
    0.06615
    0.04897
   -0.10787
   -0.08324
    0.01927
   -0.03747
    0.03276
   -0.03157
    0.03405
    0.08700
   -0.11058
   -0.12671
   -0.02909
    0.07489
   -0.06501
   -0.13862
    0.02093
    0.05430
   -0.10167
   -0.10670
    0.02675
    0.00315
   -0.09723
   -0.13943
    0.04937
    0.13445
   -0.04912
   -0.09136
   -0.16310
    0.07208
   -0.05836
   -0.06851
   -0.02258
    0.07833
   -0.17240
   -0.07239
   -0.00265
    0.03832
   -0.07127
   -0.04080
   -0.00562
    0.06401
   -0.04249
   -0.11271
   -0.00284
    0.07558
   -0.09909
   -0.14926
    0.03450
    0.02069
   -0.05545
   -0.05093
    0.01379
    0.01688
   -0.09390
   -0.06829
    0.02816
    0.02971
   -0.01314
   -0.07820
    0.00002
    0.02672
   -0.06211
   -0.06830
    0.02277
    0.03440
   -0.08027
   -0.04232
    0.00485
   -0.03709
   -0.03645
    0.02197
    0.04720
    0.09170
   -0.00819
   -0.06530
   -0.11995
    0.04531
   -0.03581
   -0.09708
    0.01372
    0.01081
   -0.04837
   -0.03332
    0.01847
    0.02794
   -0.12203
    0.06228
    0.00609
    0.05908
    0.00742
   -0.07330
   -0.05975
    0.02352
   -0.07103
    0.00875
    0.00556
    0.07253
   -0.09205
   -0.08236
   -0.01837
    0.05259
   -0.14247
   -0.05787
    0.00857
    0.07532
    0.00202
   -0.18496
   -0.02755
    0.06051
   -0.02774
   -0.13823
    0.01239
    0.03102
   -0.08184
   -0.09881
    0.03547
    0.02541
   -0.14966
   -0.06921
    0.02805
    0.02809
    0.04547
   -0.06929
   -0.03479
    0.01332
   -0.02113
   -0.07796
    0.02713
    0.02473
   -0.01307
   -0.07724
    0.01358
   -0.03913
   -0.04271
   -0.03256
    0.06112
    0.07831
   -0.02879
   -0.17689
   -0.03643
    0.01377
    0.03974
   -0.15027
    0.01859
    0.02162
   -0.01042
   -0.05616
    0.01166
    0.02719
   -0.01614
   -0.10490
   -0.01049
    0.07346
    0.04784
   -0.01180
   -0.15766
    0.01900
    0.02157
   -0.10198
    0.01045
    0.09550
   -0.08484
   -0.06211
   -0.05347
    0.05334
   -0.06117
    0.00369
   -0.04222
    0.08977
   -0.01989
   -0.13240
   -0.05609
    0.02340
   -0.03117
   -0.12650
    0.03645
    0.02835
   -0.08665
   -0.14412
    0.05264
    0.06120
   -0.22914
   -0.03007
    0.05058
    0.03336
   -0.01035
    0.02467
   -0.05423
    0.05241
   -0.15604
   -0.08096
    0.04893
   -0.03228
    0.04355
   -0.11488
    0.08710
   -0.14546
    0.13533
   -0.01648
    0.26022
    0.11183
   -0.01992
   -0.22158
   -0.08001
    0.09019
   -0.07204
   -0.16260
    0.01625
   -0.03435
   -0.00274
   -0.11445
    0.08805
    0.05508
   -0.21232
    0.07590
    0.03703
    0.05797
    0.07665
   -0.06844
   -0.08564
    0.04310
   -0.07586
   -0.08287
    0.03143
    0.07258
   -0.11592
   -0.07751
   -0.01194
    0.06500
   -0.13862
   -0.04053
    0.01176
    0.09438
   -0.00091
   -0.16094
   -0.06602
    0.12895
   -0.11243
   -0.15564
   -0.00245
    0.01758
   -0.08034
   -0.11964
    0.06960
    0.03496
   -0.04792
   -0.07856
    0.00368
    0.03865
   -0.03605
   -0.04559
   -0.00633
    0.04790
   -0.07597
   -0.13637
    0.04990
    0.02712
   -0.07466
   -0.12180
    0.05693
   -0.01381
    0.06189
   -0.01478
   -0.00544
    0.06032
   -0.07613
   -0.05765
    0.00518
    0.06272
   -0.02668
   -0.15702
    0.01782
    0.06168
   -0.06452
   -0.08189
   -0.00153
   -0.04781
    0.09926
   -0.03610
    0.01478
    0.12485
    0.11677
   -0.19849
   -0.04277
    0.04439
    0.00187
   -0.11169
    0.00900
    0.12570
   -0.11854
   -0.14363
   -0.04959
    0.10008
   -0.09734
   -0.00577
   -0.07822
   -0.01739
   -0.05372
   -0.08389
    0.10580
    0.09984
   -0.10416
   -0.21178
    0.04101
    0.00485
   -0.03360
   -0.06924
    0.03549
    0.00300
   -0.01710
   -0.07492
    0.01300
    0.02753
   -0.00330
   -0.06170
   -0.00754
    0.05182
   -0.06561
   -0.05020
    0.00086
    0.02706
    0.00661
   -0.10068
    0.01095
   -0.04428
    0.05862
   -0.05406
    0.02783
    0.05285
    0.04072
   -0.06531
   -0.07411
    0.08327
   -0.01847
   -0.09680
   -0.02579
   -0.01135
   -0.01520
   -0.08503
    0.05337
   -0.00657
    0.01152
    0.04730
   -0.00461
    0.05041
    0.04813
   -0.06836
   -0.06987
   -0.00029
   -0.06138
    0.05358
   -0.00098
    0.06509
   -0.10165
   -0.09680
   -0.00418
    0.05135
   -0.02706
   -0.03848
   -0.03803
    0.07760
   -0.01637
   -0.21243
   -0.00632
    0.06307
   -0.07963
   -0.10120
    0.02274
    0.02771
   -0.12506
   -0.07172
    0.03867
    0.03892
   -0.21904
    0.01752
    0.02632
    0.01060
   -0.00135
   -0.02982
   -0.00079
    0.03993
   -0.05981
   -0.03426
    0.00195
    0.00788
   -0.05141
   -0.03584
    0.02531
   -0.02774
   -0.11632
    0.09221
    0.05759
    0.03627
   -0.02166
   -0.01874
   -0.05992
    0.07807
   -0.02498
   -0.08304
   -0.02594
    0.00992
   -0.10789
   -0.00518
    0.02659
    0.03667
   -0.06340
    0.06192
   -0.02875
    0.00459
    0.00771
   -0.03154
    0.00539
    0.06545
   -0.06876
   -0.00433
   -0.03408
    0.05514
   -0.09248
   -0.02178
   -0.02283
    0.06695
   -0.11488
    0.06357
   -0.03042
    0.03817
   -0.02473
   -0.09598
    0.00428
    0.06230
   -0.06626
   -0.07177
    0.00253
    0.00986
   -0.13596
   -0.11077
    0.08658
    0.05674
   -0.11342
   -0.07080
    0.00830
    0.02450
   -0.03383
   -0.06896
    0.02679
    0.07525
   -0.11852
   -0.08045
    0.02499
    0.04477
   -0.05548
   -0.09836
    0.01321
   -0.06838
   -0.00367
    0.05792
    0.05960
    0.10129
   -0.09679
   -0.16652
   -0.03171
    0.08214
   -0.06790
   -0.05518
   -0.00859
    0.02969
   -0.09372
   -0.08871
    0.04284
    0.10368
   -0.16362
   -0.10358
    0.00122
    0.12114
   -0.03489
   -0.01469
   -0.12525
    0.05757
   -0.12147
   -0.11956
    0.05318
    0.08770
   -0.14061
   -0.09588
   -0.00704
    0.07380
   -0.13238
   -0.02862
   -0.00931
    0.04971
   -0.05290
   -0.09527
    0.02326
    0.11599
   -0.17304
   -0.13095
    0.02659
    0.03046
   -0.08508
   -0.08815
    0.03899
    0.00578
   -0.12137
   -0.02164
    0.03774
    0.01047
   -0.03060
   -0.00234
    0.00372
    0.06751
   -0.16840
   -0.09450
    0.04362
    0.04473
   -0.12528
   -0.01840
   -0.00230
   -0.04490
   -0.10560
    0.08840
    0.06422
    0.13105
   -0.16277
   -0.13093
   -0.02648
    0.06171
   -0.09093
   -0.08484
    0.01789
    0.01682
   -0.09380
   -0.01223
    0.01722
   -0.03334
   -0.09219
   -0.00835
    0.05778
    0.26626
    0.26177
    0.07376
   -0.22885
    0.11040
    0.01603
    0.05706
   -0.06180
    0.03873
   -0.22004
   -0.02998
    0.04022
    0.06989
   -0.11375
    0.11791
   -0.04574
    0.01890
   -0.00093
   -0.13971
    0.08103
    0.07049
   -0.12529
   -0.04716
    0.00805
    0.04510
   -0.06564
   -0.17646
    0.03409
    0.03638
   -0.18254
   -0.09228
    0.03987
    0.01187
    0.02203
   -0.13514
    0.02310
    0.07010
   -0.10334
   -0.05514
    0.00006
    0.01505
   -0.04597
   -0.06101
    0.02363
   -0.04220
    0.00862
    0.07535
    0.02790
    0.07748
   -0.07262
   -0.00670
   -0.06375
    0.09462
   -0.08880
   -0.07508
   -0.01098
    0.03001
   -0.09642
   -0.08390
    0.03006
    0.02981
   -0.14435
    0.08970
    0.00584
    0.07567
    0.01126
   -0.11510
   -0.05897
    0.01226
   -0.06434
    0.00405
    0.01470
    0.09966
   -0.12544
   -0.13651
   -0.02259
    0.05783
   -0.09717
   -0.05446
   -0.01259
    0.07979
   -0.01939
   -0.18016
   -0.02117
    0.07599
   -0.08464
   -0.12006
    0.01247
    0.03194
   -0.06775
   -0.10866
    0.03397
    0.02438
   -0.16453
   -0.01876
    0.02628
    0.04407
    0.01159
   -0.09778
   -0.02134
   -0.00578
   -0.00368
   -0.09066
    0.04056
    0.02903
    0.01670
   -0.12220
    0.01544
   -0.05144
   -0.09732
   -0.00119
    0.07715
    0.06500
   -0.00292
   -0.06932
   -0.09186
    0.02345
   -0.00409
   -0.11528
    0.02370
    0.03774
   -0.03440
   -0.05625
   -0.00254
    0.04557
   -0.05270
   -0.03540
   -0.02376
    0.06234
    0.02478
   -0.03333
   -0.09552
    0.05555
   -0.02200
   -0.10769
   -0.00625
    0.07958
   -0.07318
   -0.08266
   -0.02694
    0.05832
   -0.09769
   -0.03554
   -0.02197
    0.05323
    0.01894
   -0.12382
   -0.02099
    0.00553
   -0.00572
   -0.10448
    0.03687
    0.02617
   -0.09705
   -0.10508
    0.05574
    0.08007
   -0.19829
   -0.13493
    0.01583
    0.05124
   -0.06161
   -0.10073
    0.01600
    0.09610
   -0.20830
   -0.02235
    0.02972
    0.04224
   -0.07179
   -0.11229
    0.02686
   -0.05937
   -0.03722
    0.00964
    0.07379
    0.06119
    0.05899
   -0.21495
   -0.06567
    0.10934
   -0.15465
   -0.07120
    0.02208
    0.04781
   -0.08071
   -0.09085
    0.01390
    0.05104
   -0.11608
    0.00165
   -0.00647
    0.07151
   -0.04598
    0.03013
   -0.10337
    0.10309
   -0.12527
   -0.08066
   -0.00157
    0.07123
   -0.12724
   -0.10371
    0.00880
    0.10626
   -0.14267
   -0.00709
   -0.04358
    0.10027
   -0.04859
   -0.13137
   -0.05325
    0.14862
   -0.17765
   -0.12944
    0.00871
    0.06394
   -0.11587
   -0.15109
    0.04311
    0.04098
   -0.20661
    0.00406
    0.01778
    0.03481
   -0.02588
   -0.06529
    0.00420
    0.04278
   -0.10988
   -0.10169
    0.04804
    0.03975
   -0.09876
   -0.09173
    0.03210
   -0.00192
   -0.18096
   -0.10906
    0.06933
    0.08887
   -0.14258
   -0.05880
   -0.06003
    0.06988
   -0.09366
   -0.16772
    0.04930
    0.03712
   -0.05742
   -0.07753
    0.02353
    0.01445
   -0.13740
   -0.12683
    0.04208
    0.16438
    0.08944
   -0.20842
    0.02563
    0.02856
   -0.01319
   -0.07769
    0.02044
    0.09882
   -0.11883
   -0.14069
   -0.01059
    0.04033
   -0.09654
   -0.01632
   -0.00109
    0.04967
   -0.04759
   -0.11037
    0.02610
    0.03348
   -0.06849
   -0.15897
    0.07002
    0.02094
   -0.01246
   -0.09496
    0.02422
    0.04770
   -0.10277
   -0.01344
   -0.00325
    0.02018
    0.01782
   -0.07017
   -0.00548
    0.05935
   -0.07432
   -0.01831
   -0.01035
    0.03956
   -0.03601
   -0.10832
    0.00970
   -0.04696
    0.01073
    0.02011
    0.03747
    0.06377
    0.04803
   -0.11041
   -0.07965
    0.08551
   -0.06161
   -0.10206
   -0.00994
    0.00133
   -0.02726
   -0.07231
    0.03921
    0.02503
   -0.08118
    0.05717
   -0.00467
    0.09744
    0.04827
   -0.16882
   -0.03002
    0.01537
   -0.07082
    0.03425
   -0.00152
    0.05816
   -0.05180
   -0.12399
    0.00606
    0.08703
   -0.11888
   -0.04322
   -0.03878
    0.06468
    0.02364
   -0.14156
   -0.00328
    0.07561
   -0.06259
   -0.10313
    0.00932
