IntronPotTab 1 1024 -7.83665 0.53269 6.00288 52177 6 16  141.56
    0.01224
    0.01018
   -0.05116
    0.02401
    0.03257
    0.00059
   -0.06680
    0.00105
   -0.00271
   -0.01138
   -0.02666
    0.03733
   -0.07876
    0.01637
    0.05141
    0.02969
    0.01142
   -0.00090
   -0.09138
    0.04801
    0.02206
    0.01712
   -0.07818
   -0.00107
    0.03015
   -0.04059
   -0.03249
    0.02333
   -0.00453
   -0.00667
   -0.01567
    0.01713
    0.00365
   -0.02443
   -0.04725
    0.04870
    0.04069
   -0.06411
   -0.04246
    0.02340
    0.03920
   -0.07139
    0.01179
   -0.00339
   -0.03924
   -0.01243
    0.02715
    0.02674
   -0.05503
    0.07867
   -0.04271
    0.02050
    0.04909
   -0.01755
   -0.07191
    0.00452
    0.03692
   -0.03446
   -0.02780
    0.01415
   -0.11170
    0.02099
    0.03716
    0.04049
    0.02872
   -0.02967
   -0.06915
    0.04819
    0.06584
   -0.06090
   -0.08913
    0.03170
    0.01700
   -0.04019
   -0.03259
    0.05210
    0.02546
   -0.03999
   -0.02256
    0.03660
    0.01785
    0.00182
   -0.10887
    0.05762
    0.00528
    0.05382
   -0.09630
   -0.00932
    0.01754
   -0.00847
   -0.04316
    0.02353
    0.04705
   -0.00863
   -0.04090
    0.00079
    0.04093
   -0.05763
   -0.04807
    0.03987
    0.07128
   -0.05692
   -0.01910
   -0.00754
    0.04402
   -0.03863
   -0.01344
   -0.00331
   -0.02608
   -0.03810
    0.02202
    0.03386
    0.06330
    0.03577
   -0.09748
   -0.01682
    0.04306
   -0.00490
   -0.06259
    0.00821
    0.08378
   -0.05674
   -0.05507
    0.01787
   -0.06458
    0.00415
   -0.01619
    0.04440
    0.01894
   -0.02166
   -0.04937
    0.04258
    0.03106
   -0.03366
   -0.04161
    0.02212
    0.02387
   -0.03393
   -0.02674
    0.02512
   -0.00673
   -0.03825
    0.01549
    0.02138
    0.01419
    0.00318
   -0.08904
    0.05975
    0.02845
    0.02037
   -0.06658
   -0.00689
    0.04123
   -0.02750
   -0.02602
   -0.00760
   -0.00270
    0.00172
   -0.01021
    0.00769
    0.02972
   -0.05636
   -0.04993
    0.04492
    0.05695
   -0.06120
   -0.05349
    0.01754
    0.04460
   -0.10162
    0.01970
   -0.00287
    0.01116
   -0.04955
   -0.00635
    0.02842
   -0.05177
    0.03146
   -0.01303
    0.03258
    0.06464
   -0.01741
   -0.07896
    0.00153
    0.03067
   -0.03147
   -0.02966
    0.02214
   -0.05590
   -0.00368
   -0.00952
    0.04525
    0.00356
    0.06050
   -0.04796
   -0.00477
    0.05951
   -0.01091
   -0.04649
   -0.02351
    0.03114
   -0.02794
    0.01254
   -0.02504
   -0.09376
    0.06315
    0.09535
   -0.01023
    0.01931
   -0.00413
   -0.09927
    0.03603
    0.02702
    0.02615
   -0.09678
   -0.00177
    0.02160
   -0.00602
   -0.04924
    0.00946
    0.02868
   -0.00915
   -0.04328
    0.01368
    0.02762
   -0.07548
   -0.04303
    0.03928
    0.02696
   -0.07840
   -0.03085
    0.04538
    0.03996
   -0.07813
   -0.00104
    0.01920
    0.02125
   -0.06830
    0.01057
    0.02437
   -0.05788
    0.07862
   -0.03298
    0.01533
    0.06464
   -0.00213
   -0.07745
   -0.01391
    0.03405
   -0.04075
   -0.03261
    0.02042
   -0.06098
    0.00065
    0.01648
    0.03021
    0.02168
    0.01224
   -0.07193
    0.02693
    0.01066
    0.00870
   -0.09460
    0.03842
    0.01516
   -0.00171
   -0.06629
    0.03890
   -0.00225
   -0.00122
   -0.05574
    0.04730
    0.00105
    0.01839
   -0.10705
    0.06049
    0.00638
    0.02676
   -0.10673
    0.03504
    0.02046
   -0.03671
   -0.06430
    0.05602
    0.03925
   -0.01837
   -0.07669
    0.04189
    0.02096
   -0.03833
   -0.03735
    0.03095
    0.00153
   -0.01035
   -0.07189
    0.04723
    0.01701
   -0.03868
   -0.02171
    0.02928
    0.02452
   -0.01815
   -0.03942
    0.02782
   -0.00562
    0.00025
   -0.06687
    0.03718
    0.02011
    0.00630
   -0.11558
    0.04010
    0.03162
   -0.02032
   -0.06399
    0.04256
   -0.00189
    0.00745
   -0.07544
    0.05318
    0.02416
   -0.01643
   -0.08093
    0.05611
    0.03185
   -0.00613
   -0.11810
    0.04562
    0.02198
   -0.02405
   -0.04488
    0.03850
    0.02035
   -0.00954
   -0.06533
    0.04250
    0.01743
    0.00292
   -0.11399
    0.06064
   -0.03091
    0.04953
   -0.10950
    0.04237
    0.00595
    0.00550
   -0.07140
    0.04290
   -0.02417
    0.02303
   -0.09976
    0.04259
    0.01978
   -0.02909
   -0.05330
    0.05237
    0.03626
   -0.04496
   -0.05027
    0.03776
    0.02695
   -0.06114
   -0.02487
    0.04723
   -0.01830
   -0.00829
   -0.02848
    0.04625
   -0.03069
    0.04035
   -0.06710
    0.03573
    0.04100
    0.00134
   -0.09558
    0.02646
    0.02512
   -0.01045
   -0.05690
    0.04270
   -0.09242
    0.01719
   -0.04764
    0.06550
    0.03219
   -0.02185
   -0.07446
    0.05392
    0.03567
   -0.02418
   -0.05427
    0.02849
    0.01549
   -0.04440
   -0.02953
    0.05324
    0.03567
   -0.02351
   -0.05178
    0.03892
    0.01357
    0.00839
   -0.08313
    0.05227
    0.01721
    0.00514
   -0.05965
    0.02465
    0.00668
    0.00051
   -0.04222
    0.03526
    0.02901
   -0.01449
   -0.05169
    0.04034
    0.03057
   -0.02920
   -0.03492
    0.01539
    0.03602
   -0.05598
   -0.05873
    0.05316
    0.01845
   -0.06931
   -0.00959
    0.04359
    0.01228
   -0.03079
   -0.03276
    0.05034
   -0.01342
    0.00677
   -0.07355
    0.05583
    0.04153
   -0.01544
   -0.08272
    0.03697
    0.02483
   -0.02416
   -0.04897
    0.04886
    0.01408
   -0.02994
   -0.05724
    0.07191
   -0.05389
    0.12390
   -0.10537
    0.02648
    0.05588
    0.01940
   -0.10480
   -0.01725
    0.01636
   -0.01477
    0.02644
   -0.02790
   -0.13351
    0.08304
    0.05963
    0.01152
    0.01247
   -0.00105
   -0.10264
    0.04890
   -0.00203
    0.04463
   -0.09455
    0.01151
    0.02288
   -0.01848
   -0.05399
    0.02755
    0.00252
    0.01329
   -0.06512
    0.02312
   -0.01872
    0.03375
   -0.08280
    0.05560
    0.01705
   -0.01490
   -0.03977
    0.01679
    0.02296
   -0.04904
   -0.02435
    0.03495
    0.00229
   -0.02800
   -0.02579
    0.04118
   -0.05751
    0.05989
   -0.03340
    0.01505
    0.04519
    0.02686
   -0.10767
   -0.00383
    0.01381
   -0.02669
   -0.03156
    0.03943
   -0.09010
    0.03298
   -0.02155
    0.04218
    0.02166
   -0.01083
   -0.03798
    0.01821
    0.03624
   -0.01390
   -0.07643
    0.01878
    0.00787
   -0.03799
   -0.01143
    0.03365
   -0.00874
   -0.01744
    0.01500
    0.00813
    0.01776
   -0.01024
   -0.06507
    0.03599
    0.01758
   -0.00645
   -0.07194
    0.02726
    0.00447
   -0.02676
    0.00056
    0.01570
    0.03055
   -0.02857
   -0.02385
    0.01635
    0.01057
   -0.05028
   -0.02449
    0.03803
    0.01123
   -0.03352
   -0.05588
    0.04018
    0.01363
   -0.08464
    0.03435
    0.01082
    0.01148
   -0.04081
   -0.00580
    0.02165
   -0.00537
   -0.01192
   -0.03003
    0.02543
    0.06371
   -0.04745
   -0.06405
    0.00911
    0.02321
   -0.05263
   -0.00407
    0.01663
   -0.00437
   -0.02729
   -0.00763
    0.02801
    0.01865
   -0.02811
   -0.06401
    0.05828
    0.05685
   -0.04238
   -0.05497
    0.01222
    0.02682
   -0.05710
   -0.02887
    0.05864
    0.03877
   -0.04832
   -0.02590
    0.03464
    0.01539
   -0.00377
   -0.07173
    0.03875
   -0.00137
    0.03695
   -0.06560
    0.01032
    0.02665
   -0.02370
   -0.02181
    0.00936
    0.02243
   -0.00288
   -0.04078
    0.01603
    0.03016
   -0.01896
   -0.05220
    0.03245
    0.07453
   -0.05439
   -0.02660
   -0.01447
    0.03459
   -0.07283
    0.01534
    0.01793
    0.00063
   -0.02651
   -0.00638
    0.02682
    0.11253
   -0.01320
   -0.09097
   -0.02827
    0.05054
   -0.01789
   -0.07542
    0.01961
    0.06662
   -0.05305
   -0.05005
    0.03441
   -0.02979
   -0.02055
   -0.00900
    0.04025
    0.03846
   -0.04466
   -0.05921
    0.04289
    0.03750
   -0.03002
   -0.09944
    0.05488
    0.01782
   -0.06425
   -0.00683
    0.03561
    0.01964
   -0.08841
    0.01016
    0.03279
    0.01690
   -0.00555
   -0.06393
    0.04113
    0.03402
    0.01813
   -0.05109
   -0.01581
    0.01005
   -0.00206
   -0.02275
    0.01360
    0.04858
   -0.00982
   -0.03649
    0.00643
    0.02541
   -0.08438
   -0.04012
    0.05236
    0.03207
   -0.06195
   -0.03527
    0.03380
    0.03114
   -0.09357
    0.00128
    0.02145
    0.01374
   -0.08919
    0.00110
    0.04006
   -0.01865
   -0.01282
   -0.00813
    0.02672
    0.04409
   -0.02527
   -0.06650
    0.02410
    0.03151
   -0.06494
   -0.00916
    0.02653
    0.03247
   -0.04177
   -0.04101
    0.04653
    0.01503
    0.03732
   -0.04306
   -0.00217
    0.03817
    0.00052
   -0.07397
    0.00474
    0.03159
   -0.03289
    0.01555
   -0.02573
   -0.01867
   -0.00506
    0.02839
   -0.00128
    0.01197
   -0.00248
   -0.09645
    0.05045
   -0.01055
    0.02328
   -0.06825
    0.03058
   -0.01251
    0.00665
   -0.02868
    0.03202
    0.03741
   -0.01663
   -0.04730
    0.02074
    0.01752
   -0.06820
   -0.04910
    0.05479
    0.03538
   -0.07873
   -0.04989
    0.04510
    0.03231
   -0.07660
   -0.00854
    0.02449
    0.02595
   -0.06574
    0.00666
    0.01718
   -0.01148
    0.06874
   -0.08108
    0.01036
    0.04699
   -0.02079
   -0.07505
    0.01701
    0.02608
   -0.05977
   -0.01506
    0.02874
   -0.02780
   -0.01515
   -0.02194
    0.04790
   -0.00677
    0.08286
   -0.08575
    0.02492
    0.06898
    0.01760
   -0.06203
   -0.04869
    0.00989
    0.00871
   -0.04780
    0.01990
   -0.14717
    0.11797
    0.13287
    0.00675
   -0.00423
    0.00620
   -0.08490
    0.05821
    0.01634
    0.02996
   -0.08875
    0.00549
    0.04347
   -0.04208
   -0.04400
    0.00953
   -0.11741
    0.05212
    0.07243
    0.02321
   -0.04301
    0.01177
   -0.03235
    0.05900
    0.06222
   -0.03512
   -0.04178
   -0.01181
    0.01121
   -0.06872
   -0.01584
    0.04459
   -0.12012
    0.03920
    0.10159
    0.04385
   -0.11419
    0.15694
   -0.06799
    0.03396
    0.06067
    0.00097
   -0.08808
   -0.01245
    0.02199
   -0.02499
   -0.03945
    0.03161
   -0.17650
    0.07786
    0.08878
    0.03452
    0.02266
   -0.04065
   -0.07263
    0.06522
    0.04759
   -0.03786
   -0.09431
    0.04148
    0.03501
   -0.05150
   -0.06462
    0.06815
    0.02878
   -0.04794
   -0.03145
    0.05298
    0.02207
   -0.00080
   -0.12278
    0.06185
   -0.02196
    0.04952
   -0.10577
    0.03713
    0.01653
   -0.01927
   -0.06211
    0.05064
    0.03780
   -0.02337
   -0.05851
    0.03810
    0.01288
   -0.05744
   -0.03210
    0.05569
    0.05074
   -0.06350
   -0.04542
    0.03038
    0.03951
   -0.06766
   -0.02344
    0.03912
    0.00930
   -0.06294
    0.00116
    0.05573
   -0.02831
    0.05201
   -0.07532
    0.03314
    0.04696
    0.00498
   -0.10335
    0.01865
    0.05682
   -0.03090
   -0.06852
    0.04223
   -0.04453
   -0.00734
   -0.01755
    0.04346
    0.02438
   -0.03717
   -0.07162
    0.06783
    0.03025
   -0.03620
   -0.08039
    0.05111
    0.02193
   -0.04551
   -0.02123
    0.03360
    0.01550
   -0.05228
   -0.02621
    0.04977
    0.00447
   -0.00965
   -0.07169
    0.06347
    0.01147
    0.02262
   -0.07410
    0.02205
    0.03052
    0.00425
   -0.05223
    0.00827
    0.10797
   -0.04142
   -0.06776
    0.01766
    0.02876
   -0.06463
   -0.05211
    0.04788
    0.02762
   -0.05325
   -0.06822
    0.05306
    0.02318
   -0.07445
    0.00103
    0.02524
    0.01653
   -0.05281
   -0.03823
    0.06073
   -0.01073
   -0.00101
   -0.05235
    0.04261
    0.03381
   -0.01691
   -0.09295
    0.04195
    0.01428
   -0.02156
   -0.03372
    0.03713
    0.02243
   -0.02561
   -0.07139
    0.07269
    0.01337
    0.06746
   -0.04580
   -0.01677
    0.06436
    0.01561
   -0.04256
   -0.04135
    0.02388
   -0.02459
   -0.00219
   -0.00718
   -0.16798
    0.10799
    0.15099
    0.00489
    0.00100
    0.01300
   -0.12026
    0.06036
   -0.00147
    0.03080
   -0.09300
    0.02264
    0.02063
   -0.00373
   -0.05662
    0.01991
   -0.00211
    0.00888
   -0.01491
    0.00250
    0.01659
   -0.06939
   -0.03644
    0.04710
    0.02017
   -0.05757
   -0.04123
    0.04152
    0.03462
   -0.07824
    0.00406
    0.01603
    0.00061
   -0.04333
   -0.00351
    0.03189
   -0.04572
    0.10289
   -0.07829
    0.01021
    0.05206
    0.00593
   -0.09595
    0.00203
    0.02686
   -0.04113
   -0.03049
    0.03179
   -0.09203
    0.02163
   -0.00432
    0.04811
