9 4 3 1 47 -4.4692 2.3083 3.8047 1602
 -0.01741   0.05347   0.06011  -0.04839 
  0.01156   0.00287   0.11338  -0.08883 
  0.00348   0.02742   0.10098  -0.08481 
  0.03418   0.00287   0.03741  -0.06146 
 -0.00726   0.03187   0.08169  -0.06051 
  0.02028   0.01685   0.05315  -0.06336 
 -0.02258   0.02442   0.07506  -0.03481 
 -0.00726   0.03627   0.06697  -0.05301 
 -0.00726   0.01685   0.10349  -0.06718 
 -0.03133   0.02292   0.11582  -0.05394 
 -0.00476   0.00287   0.08300  -0.04655 
 -0.00559   0.01685   0.09464  -0.06240 
 -0.00726   0.04639   0.07238  -0.06336 
 -0.00726   0.00287   0.08821  -0.04747 
 -0.00894   0.02292   0.07372  -0.04747 
 -0.01656   0.01224   0.10098  -0.05208 
  0.01634   0.00287   0.06833  -0.06051 
 -0.01231   0.02442   0.10349  -0.06622 
 -0.00144   0.00445   0.07372  -0.04473 
 -0.02519   0.03334   0.10599  -0.05956 
  0.00996   0.03773   0.07639  -0.08083 
  0.00996   0.07404   0.02560  -0.07104 
  0.00266   0.06319   0.05734  -0.07591 
 -0.00642   0.03039   0.08951  -0.06622 
 -0.00810   0.04352   0.04749  -0.04382 
 -0.00726   0.02141   0.05455  -0.03570 
 -0.00810   0.01837   0.11093  -0.07298 
 -0.00978   0.04496   0.08692  -0.07007 
 -0.01485   0.03039   0.10098  -0.06526 
 -0.01913   0.07000   0.08037  -0.07201 
 -0.00894   0.04352   0.04176  -0.03929 
 -0.00559   0.02141   0.05595  -0.03839 
 -0.01315   0.00445   0.09846  -0.04931 
 -0.00062   0.00602   0.07639  -0.04839 
 -0.00144   0.02592   0.05174  -0.04291 
  0.00996  -0.01321   0.10098  -0.06718 
 -0.00476   0.04352   0.06011  -0.05581 
 -0.01062   0.03334   0.05595  -0.04019 
 -0.00810   0.04923   0.07506  -0.06622 
 -0.01062   0.04923   0.04463  -0.04291 
  0.02652   0.02292   0.03741  -0.06431 
  0.00348   0.05065   0.06697  -0.07493 
  0.03570   0.04923  -0.00062  -0.06910 
  0.02419   0.01532   0.04749  -0.06336 
  0.02341   0.02442   0.06287  -0.07886 
  0.06357  -0.06167  -0.01189  -0.03392 
  0.08573  -0.01649  -0.03882  -0.07298 
  0.10099   0.11493  -0.02515  -0.21433 
  0.23697  -0.07468  -0.19608  -0.26425 
 -0.22119  -0.50137   0.56389  -0.42744 
 -1.80209  -3.20493   0.76548  -3.20493 
 -3.20493  -1.09095  -3.20493   0.47611 
  0.38631  -1.52448  -0.15791  -0.64589 
  0.35587  -0.46282  -0.46314  -0.38752 
 -0.24366  -0.85500   0.60520  -0.51492 
 -0.27349  -0.17625  -0.50169   0.29993 
  0.08438  -0.25440  -0.01847   0.01562 
  0.04172  -0.08615  -0.16481   0.06293 
  0.06215  -0.18590  -0.13349   0.06577 
  0.02263  -0.05621  -0.04936   0.02736 
  0.05205  -0.08038  -0.10427   0.02967 
  0.05641  -0.08422  -0.17420   0.05066 
  0.06711  -0.15304  -0.08842   0.03425 
  0.05785  -0.15079  -0.08070   0.04029 
  0.04172  -0.11005  -0.13565   0.06222 
  0.04321  -0.08615  -0.14887   0.05648 
  0.04247  -0.11005  -0.09232   0.04625 
  0.04766  -0.11210  -0.16250   0.06577 
  0.06286  -0.13969  -0.12283   0.04699 
  0.04470  -0.09793  -0.13783   0.05576 
  0.05132  -0.10395  -0.16714   0.06079 
  0.02729  -0.09200  -0.13349   0.06859 
  0.05132  -0.14855  -0.10629   0.05576 
  0.06428  -0.13969  -0.17896   0.06364 
  0.05205  -0.09397  -0.12919   0.04402 
  0.05641  -0.11831  -0.12919   0.04846 
  0.04396  -0.11005  -0.09037   0.04402 
  0.03721  -0.07092  -0.11863   0.04625 
  0.05132  -0.07657  -0.13133   0.03879 
  0.04618  -0.09595  -0.13565   0.05285 
  0.03113  -0.12040  -0.11655   0.06929 
  0.05496  -0.10193  -0.15337   0.05212 
  0.07062  -0.13969  -0.16250   0.05212 
  0.04544  -0.15531  -0.11037   0.06506 
  0.03418  -0.10193  -0.12706   0.06364 
  0.03646  -0.08615  -0.18137   0.07278 
  0.01871  -0.09200  -0.14664   0.08037 
  0.06711  -0.13101  -0.19858   0.06364 
  0.02107  -0.12674  -0.13133   0.08512 
  0.06641  -0.13317  -0.16020   0.05358 
  0.03570  -0.11210  -0.16714   0.07831 
  0.04172  -0.16449  -0.15337   0.08512 
  0.00266  -0.10395  -0.13783   0.09515 
  0.03113  -0.18105  -0.16948   0.10365 
  0.02185  -0.12250  -0.11242   0.07693 
  0.00184  -0.11005  -0.16250   0.10495 
 -0.00810  -0.13533  -0.15337   0.11768 
  0.00996  -0.06351  -0.13783   0.07486 
 -0.02693  -0.06351  -0.17657   0.11516 
