24 4 23 1 27 -2.0565 2.3319 5.3984 1600
 -0.01092  -0.09939  -0.08400   0.08702 
  0.04301  -0.11569  -0.10373   0.05194 
  0.03397  -0.07984  -0.16196   0.06702 
  0.04746  -0.11362  -0.07258   0.03480 
  0.02395  -0.12196  -0.14610   0.08567 
  0.04077  -0.12407  -0.12439   0.06418 
  0.05187  -0.10543  -0.14610   0.05412 
  0.05040  -0.13047  -0.12228   0.05630 
  0.03168  -0.16862  -0.09771   0.07748 
  0.01290  -0.07603  -0.10171   0.06489 
  0.03624  -0.10139  -0.17129   0.07540 
  0.03397  -0.17333  -0.11394   0.08227 
  0.03244  -0.17571  -0.13511   0.09104 
  0.04301  -0.14356  -0.15282   0.07748 
  0.03549  -0.18292  -0.18083   0.10355 
  0.02860  -0.17097  -0.14833   0.09701 
  0.03700  -0.12196  -0.16196   0.07885 
  0.04450  -0.16395  -0.12439   0.07332 
  0.01609  -0.16164  -0.16196   0.10871 
  0.01767  -0.11362  -0.17842   0.09767 
  0.04151  -0.14135  -0.23465   0.10029 
  0.03473  -0.17097  -0.20308   0.10678 
  0.00565  -0.09343  -0.21858   0.11127 
  0.01529  -0.13915  -0.25418   0.12568 
  0.00402  -0.12407  -0.21858   0.12197 
  0.01210  -0.15477  -0.29925   0.14143 
  0.02004  -0.16395  -0.24851   0.12753 
  0.00402  -0.20023  -0.28066   0.15489 
 -0.02117  -0.13696  -0.31867   0.16346 
 -0.04334  -0.15025  -0.26283   0.17074 
 -0.02464  -0.13047  -0.24014   0.14909 
 -0.05068  -0.12620  -0.24851   0.16627 
 -0.08836  -0.09739  -0.19058   0.16795 
 -0.09241  -0.09146  -0.28370   0.18711 
 -0.07641  -0.08368  -0.31210   0.18118 
 -0.12962  -0.12620  -0.27763   0.21308 
 -0.09548  -0.11362  -0.31537   0.19977 
 -0.12192  -0.13696  -0.31210   0.21759 
 -0.13073  -0.09146  -0.38278   0.22058 
 -0.16546  -0.13915  -0.33901   0.24043 
 -0.14314  -0.03795  -0.31537   0.20184 
 -0.18393   0.00341  -0.30243   0.20442 
 -0.08434  -0.01926  -0.27763   0.15948 
 -0.11009  -0.04495  -0.43577   0.20493 
 -0.34316  -0.13915  -0.44453   0.30539 
 -0.42917  -0.18535  -0.63599   0.34361 
 -0.05721  -0.24538   0.00467   0.12753 
 -0.46369   0.36189  -1.93536   0.17462 
  0.48205  -3.20439  -3.20439  -3.20439 
 -3.20439  -1.81600   0.76657  -3.20439 
 -0.00422  -0.05748   0.28130  -0.22058 
 -0.11221  -0.02260  -0.01793   0.10549 
 -0.04425   0.06919   0.00780  -0.00083 
 -0.07543   0.07859   0.03795   0.00409 
 -0.05721   0.06373   0.00309   0.01616 
 -0.04976   0.05681   0.03061  -0.00083 
 -0.06383   0.07726   0.13072  -0.06856 
 -0.01092   0.07726   0.05509  -0.06856 
 -0.03792   0.02945   0.10528  -0.04327 
 -0.01687   0.05959   0.11637  -0.09541 
 -0.01346   0.02497   0.07023  -0.04146 
 -0.01859   0.05959   0.08616  -0.06953 
 -0.02117   0.03093   0.13189  -0.08327 
 -0.02290   0.03828   0.09900  -0.05997 
 -0.04700   0.01739   0.10278  -0.02545 
 -0.04062   0.04262   0.15139  -0.08628 
 -0.07153   0.09423   0.07959  -0.03516 
 -0.02290   0.03828   0.10653  -0.06568 
 -0.05721   0.03388   0.15697  -0.06760 
 -0.04976   0.02044   0.08091  -0.01001 
 -0.03523   0.02346   0.11393  -0.04877 
 -0.01346   0.04693   0.11637  -0.09031 
 -0.00256   0.05541   0.08354  -0.08327 
 -0.05068   0.04693   0.10653  -0.04236 
 -0.02204   0.03241   0.11637  -0.07049 
 -0.02464   0.03828   0.07292  -0.03965 
 -0.04517   0.06510   0.11147  -0.06377 
 -0.05068   0.03535   0.14914  -0.06856 
 -0.03256   0.04262   0.10152  -0.05433 
 -0.03256   0.02346   0.11515  -0.05247 
 -0.06193   0.05959   0.16682  -0.08930 
 -0.02290   0.04693   0.08616  -0.05620 
 -0.03345   0.04835   0.09263  -0.05061 
 -0.04517   0.01432   0.14801  -0.05997 
 -0.03256   0.04977   0.09646  -0.05527 
 -0.01773   0.00183   0.07826  -0.02895 
 -0.03345   0.08123   0.12599  -0.10057 
 -0.01261   0.02195   0.07693  -0.04510 
 -0.06193   0.00183   0.15697  -0.04327 
 -0.04153   0.07324   0.12836  -0.08728 
 -0.01346   0.05260   0.08091  -0.06664 
 -0.02464   0.05959   0.05087  -0.03875 
 -0.05254   0.03828   0.15251  -0.07146 
 -0.04153   0.08123   0.07023  -0.04877 
 -0.00923   0.04118   0.11515  -0.09031 
 -0.02117   0.05541   0.09134  -0.06760 
 -0.03972   0.05820   0.10152  -0.05714 
 -0.05533   0.04406   0.13072  -0.05433 
 -0.05909   0.06373   0.15807  -0.08728 
