IntronPotTab 1 1024 -8.21209 0.10684 9.58566 31398 6 16   79.17
   -0.00995
   -0.02510
    0.03417
    0.00045
   -0.02387
   -0.04528
   -0.11290
    0.10809
    0.05206
   -0.09394
    0.04057
   -0.04935
    0.02022
   -0.06982
    0.04692
   -0.02409
   -0.01958
   -0.01936
   -0.03849
    0.05347
   -0.01000
   -0.08574
   -0.05602
    0.08508
   -0.03113
   -0.07199
    0.07508
    0.02308
    0.04603
   -0.02245
    0.00668
   -0.02511
    0.02607
   -0.02546
    0.00686
   -0.02368
   -0.04370
   -0.01359
   -0.08468
    0.08917
    0.08994
   -0.14977
   -0.03660
   -0.00989
    0.05948
   -0.06492
   -0.00341
   -0.01433
   -0.01577
    0.02096
    0.00165
   -0.00176
   -0.03686
    0.00140
   -0.12698
    0.08339
   -0.00606
   -0.08089
    0.09818
   -0.03256
    0.01634
    0.00017
   -0.01709
    0.00006
   -0.00667
   -0.05114
    0.01434
    0.03602
    0.02315
   -0.04232
   -0.14180
    0.07196
    0.03743
   -0.10218
    0.01975
    0.02197
    0.03590
   -0.14025
    0.03174
    0.04634
   -0.03588
   -0.06014
   -0.02959
    0.09202
   -0.03497
    0.00604
   -0.04431
    0.05187
   -0.03963
   -0.04541
    0.00910
    0.05940
    0.06214
   -0.01592
   -0.00235
   -0.03215
    0.01449
   -0.02879
   -0.00127
    0.00887
    0.01029
   -0.03911
   -0.04942
    0.04828
    0.06102
   -0.09906
   -0.04068
    0.04322
   -0.00465
   -0.04102
    0.01485
    0.02035
   -0.03364
    0.00016
    0.02637
    0.00628
   -0.02381
   -0.01395
   -0.11298
    0.06553
    0.03374
   -0.11381
    0.05137
    0.01378
    0.04891
   -0.04623
    0.00605
   -0.00039
   -0.02313
   -0.04001
   -0.01314
    0.05361
   -0.02306
   -0.07242
   -0.14049
    0.13675
    0.04366
   -0.11611
    0.03081
   -0.00442
    0.01974
   -0.02372
    0.03138
   -0.04162
    0.00119
   -0.07619
   -0.04355
    0.08311
    0.00566
   -0.02480
   -0.08009
    0.04662
    0.02131
   -0.08087
    0.05222
   -0.00324
    0.08867
    0.02142
   -0.04661
   -0.04526
   -0.04102
   -0.08265
    0.01235
    0.07039
   -0.01683
   -0.07140
   -0.09879
    0.10871
    0.14764
   -0.17860
   -0.06773
   -0.05339
    0.02515
   -0.06927
    0.03689
   -0.01683
   -0.02362
   -0.01233
   -0.00175
    0.02799
   -0.04387
   -0.03149
   -0.11765
    0.10598
    0.05131
   -0.07547
    0.00587
   -0.00568
    0.04747
   -0.07381
    0.04166
   -0.02515
   -0.01416
   -0.02994
    0.01318
    0.02806
   -0.01942
   -0.10604
   -0.12293
    0.13964
   -0.01818
   -0.06942
    0.01383
    0.05303
    0.04603
   -0.07687
   -0.00313
    0.00462
   -0.03357
    0.01309
   -0.04492
    0.04527
   -0.04285
    0.00191
   -0.08213
    0.07936
   -0.00181
   -0.11459
    0.02891
    0.09914
    0.05352
    0.03414
   -0.01845
   -0.05812
   -0.00113
   -0.06221
    0.04707
    0.00495
    0.02518
   -0.05607
   -0.03916
    0.03265
    0.09129
   -0.10883
   -0.07372
   -0.01542
   -0.02474
   -0.02391
    0.02899
    0.01475
   -0.02796
    0.05823
   -0.07687
    0.01692
    0.02047
   -0.03410
   -0.14521
    0.05689
   -0.03233
   -0.01195
   -0.00051
    0.03697
    0.06599
   -0.01704
   -0.03019
   -0.02066
   -0.01961
    0.00037
    0.02566
   -0.00018
   -0.03108
    0.01372
   -0.04531
    0.05457
    0.01951
   -0.07527
    0.00792
    0.01713
   -0.02128
   -0.01082
    0.03270
   -0.00719
   -0.02223
    0.02524
   -0.06555
    0.04386
   -0.01236
   -0.01341
   -0.04480
    0.04934
   -0.03323
    0.00773
   -0.02634
    0.03999
    0.04624
   -0.01700
   -0.04851
    0.01497
   -0.00882
   -0.02707
    0.03058
   -0.00110
   -0.02565
    0.02966
   -0.07200
    0.05828
    0.07255
   -0.09746
   -0.03167
   -0.00606
    0.04967
   -0.06437
   -0.02006
    0.00165
   -0.00937
    0.06061
   -0.05001
   -0.01051
   -0.05878
    0.08438
   -0.26768
    0.12232
   -0.02868
    0.03921
    0.00037
   -0.00268
    0.01700
    0.07125
   -0.07286
   -0.01895
    0.01260
   -0.06477
    0.00125
    0.03183
    0.02969
   -0.01638
   -0.08298
    0.02173
    0.02514
   -0.15095
   -0.03859
    0.09467
    0.03820
   -0.07975
   -0.05525
    0.05826
   -0.04099
   -0.11501
   -0.03534
    0.11858
   -0.05934
    0.00843
   -0.04721
    0.04620
    0.00762
   -0.08617
   -0.04973
    0.08494
    0.02408
    0.03296
   -0.03806
   -0.01396
    0.02979
    0.03339
   -0.04329
   -0.02405
   -0.04860
   -0.06950
   -0.01684
    0.10891
    0.03104
   -0.06182
   -0.06903
    0.05454
    0.02424
   -0.07417
   -0.01511
    0.04477
   -0.07698
    0.08130
   -0.02337
    0.01163
   -0.03542
   -0.00447
   -0.21629
    0.11701
    0.00791
   -0.04109
    0.01304
    0.01418
    0.01089
   -0.01603
   -0.00517
    0.00901
   -0.02355
   -0.00107
   -0.03874
    0.05527
   -0.07429
    0.02762
   -0.10215
    0.14473
   -0.02222
   -0.06744
   -0.03871
    0.09862
    0.03020
    0.00858
   -0.05168
    0.02839
   -0.03201
   -0.04409
   -0.07176
    0.11081
    0.00457
   -0.09029
    0.01451
    0.04634
   -0.06527
    0.00382
   -0.04288
    0.08298
    0.11398
   -0.05946
   -0.06191
    0.02240
   -0.00888
   -0.15062
    0.05853
    0.02441
   -0.05133
    0.04159
   -0.03911
    0.08152
    0.07787
   -0.09573
   -0.02149
   -0.01210
   -0.03440
   -0.02938
    0.03420
    0.01512
   -0.04275
   -0.04894
    0.00054
    0.06317
   -0.07294
   -0.02142
   -0.04490
    0.12162
   -0.05348
   -0.01909
   -0.02824
    0.08855
    0.02829
   -0.06445
   -0.01267
    0.03010
   -0.01239
   -0.09785
    0.01105
    0.06823
   -0.13197
   -0.07508
   -0.12843
    0.20156
   -0.01947
   -0.10977
   -0.01070
    0.08458
   -0.00235
   -0.10992
    0.05845
    0.02183
   -0.00932
   -0.00217
   -0.13123
    0.08017
   -0.03777
    0.00465
   -0.10777
    0.08372
   -0.08015
    0.02446
   -0.06961
    0.08170
   -0.01001
    0.06227
   -0.02912
   -0.01229
    0.02153
   -0.02676
   -0.06923
    0.04132
   -0.06162
   -0.06507
   -0.10594
    0.14651
    0.04369
   -0.09178
   -0.13881
    0.06587
   -0.01361
   -0.05977
    0.01237
    0.03831
   -0.03005
    0.02726
   -0.11343
    0.05297
   -0.07586
   -0.00710
   -0.15742
    0.11535
   -0.04692
   -0.02182
    0.02208
    0.03540
    0.00577
    0.02407
   -0.01717
   -0.00554
   -0.00298
    0.00009
    0.04841
   -0.03244
    0.01169
   -0.02855
   -0.14007
    0.08150
    0.04276
   -0.07233
    0.01552
   -0.02822
    0.00009
   -0.11166
    0.14798
   -0.11069
    0.02289
   -0.03727
    0.02378
   -0.01712
   -0.03183
    0.02917
   -0.04770
    0.04094
   -0.01493
   -0.10371
    0.08353
    0.02186
    0.11654
    0.00994
   -0.03465
   -0.10463
   -0.00932
    0.07504
   -0.04504
   -0.01075
   -0.04634
   -0.02652
   -0.11290
    0.11991
    0.07669
   -0.15634
    0.03623
   -0.04931
    0.10272
   -0.06019
   -0.04280
   -0.03875
   -0.03600
    0.06614
    0.04677
   -0.04272
   -0.02018
    0.00710
   -0.20433
    0.09608
    0.02068
   -0.07831
    0.10406
   -0.07370
    0.06434
   -0.01195
   -0.02492
   -0.01950
   -0.00243
   -0.04275
   -0.01219
    0.04760
    0.02541
   -0.06675
   -0.04785
    0.04610
   -0.00734
   -0.13517
    0.02039
    0.10123
    0.04534
   -0.14290
    0.04394
    0.02799
    0.00308
   -0.02835
   -0.05629
    0.04996
    0.05941
   -0.14487
   -0.02681
    0.03429
   -0.05711
   -0.03692
    0.02631
    0.05738
    0.16641
   -0.08362
   -0.06284
   -0.02493
    0.09846
    0.09095
    0.02761
   -0.15319
   -0.02504
    0.02255
    0.02560
   -0.01381
    0.01850
   -0.04761
   -0.01237
    0.03561
    0.04301
   -0.10976
    0.02592
    0.01858
   -0.05092
   -0.01410
    0.04127
    0.02528
    0.04650
   -0.03851
   -0.18716
    0.06775
   -0.00619
   -0.09721
    0.04391
    0.06458
    0.07069
   -0.07146
   -0.02597
    0.03314
   -0.02442
   -0.01500
    0.00523
    0.02815
   -0.03024
    0.00426
   -0.16250
    0.11960
    0.01641
   -0.07837
    0.02597
    0.02006
    0.00334
   -0.05852
    0.07815
   -0.06091
    0.02215
   -0.02245
   -0.01565
    0.00555
   -0.02944
    0.04601
   -0.01463
    0.02003
   -0.00355
    0.03955
   -0.06185
    0.01363
    0.04351
    0.02900
   -0.04967
   -0.01580
   -0.03248
   -0.03195
    0.08843
   -0.04349
   -0.02747
    0.01780
   -0.05754
    0.07634
    0.07002
   -0.17170
   -0.04075
    0.05441
    0.01109
   -0.01812
    0.00875
   -0.00650
   -0.02569
    0.02966
   -0.00171
    0.00064
   -0.05772
    0.01217
   -0.09815
    0.11126
    0.02064
   -0.11243
    0.05922
   -0.01412
    0.04391
   -0.01665
   -0.00354
   -0.02260
   -0.00353
   -0.03005
   -0.04688
    0.05139
   -0.02412
   -0.11108
   -0.13983
    0.15049
   -0.06652
   -0.03373
    0.02069
    0.07875
    0.06214
   -0.09809
    0.01385
   -0.01732
   -0.02719
    0.00212
   -0.06563
    0.05815
   -0.00609
    0.03273
   -0.03360
    0.00297
   -0.12891
    0.09472
   -0.03756
    0.03691
    0.09467
   -0.02903
   -0.03470
   -0.06106
   -0.01537
   -0.03684
    0.04329
    0.01084
    0.01396
   -0.04077
   -0.04153
    0.03704
    0.03545
   -0.02840
   -0.19963
    0.05829
    0.01567
   -0.05566
    0.00393
    0.01504
   -0.05945
    0.06189
   -0.01944
    0.00494
   -0.00840
   -0.03773
   -0.08094
    0.07417
   -0.06036
   -0.02170
    0.01481
    0.05758
    0.02214
   -0.02250
   -0.03126
    0.02017
   -0.04651
    0.00832
    0.06018
   -0.01042
   -0.00848
   -0.06657
   -0.01832
    0.07601
    0.02573
   -0.07007
    0.05271
   -0.03738
   -0.02445
   -0.01256
    0.07165
   -0.05484
   -0.02194
    0.05427
   -0.06510
    0.02131
    0.02235
   -0.00630
   -0.00911
   -0.02351
   -0.08917
    0.05088
   -0.00526
    0.04071
    0.06104
    0.00249
    0.05031
   -0.13681
   -0.07825
    0.06618
   -0.00868
    0.02847
   -0.04157
   -0.05948
    0.02982
    0.07020
    0.09252
   -0.08237
   -0.03348
   -0.03142
   -0.00194
   -0.01755
    0.03963
   -0.02624
   -0.02070
    0.06080
   -0.04099
   -0.00413
   -0.02336
    0.00382
   -0.13656
    0.08518
   -0.03863
    0.00809
    0.06900
   -0.04299
    0.01855
    0.03299
   -0.00838
   -0.03391
   -0.02247
   -0.01429
    0.04569
   -0.00400
    0.07246
   -0.08192
   -0.15522
    0.06741
    0.03488
   -0.11662
   -0.00824
    0.06475
    0.04176
   -0.10488
    0.03950
    0.03037
   -0.05966
   -0.06675
   -0.03976
    0.11156
   -0.02073
   -0.02979
   -0.01382
    0.04144
   -0.09725
   -0.01889
   -0.02144
    0.09733
    0.12914
   -0.01129
    0.04567
   -0.11289
   -0.02852
   -0.03290
    0.00110
    0.05004
    0.03995
   -0.08291
   -0.02386
    0.03737
   -0.03651
   -0.05952
   -0.04592
    0.10187
    0.00695
   -0.13452
    0.04587
    0.05920
   -0.04691
   -0.05421
    0.02416
    0.06136
    0.00941
   -0.04821
   -0.15319
    0.08402
   -0.00631
   -0.04790
    0.00973
    0.03697
    0.09531
   -0.04619
    0.03503
   -0.04502
   -0.02621
   -0.02550
   -0.00670
    0.04810
   -0.01564
   -0.04168
   -0.07384
    0.11130
    0.01712
   -0.01806
   -0.00957
    0.00477
    0.02821
   -0.03336
    0.02154
   -0.04130
   -0.04005
    0.00386
   -0.09726
    0.10302
    0.00649
    0.00387
   -0.03577
    0.01634
   -0.08749
   -0.02828
   -0.03569
    0.12108
    0.08002
    0.03352
   -0.02817
   -0.08586
   -0.01412
   -0.02053
    0.05165
   -0.02418
   -0.00571
   -0.05013
   -0.02831
    0.06694
    0.05133
   -0.04484
   -0.08736
    0.00345
    0.05887
   -0.06177
    0.02199
   -0.05763
   -0.00621
    0.00657
   -0.06719
    0.04825
   -0.05004
   -0.01897
   -0.09844
    0.09855
   -0.00045
   -0.03580
   -0.03534
    0.05118
    0.03393
   -0.04355
   -0.00546
    0.00579
   -0.01385
   -0.07158
   -0.00791
    0.06372
   -0.00911
   -0.11250
   -0.07152
    0.12709
    0.01352
   -0.04933
   -0.04918
    0.05652
    0.02403
   -0.10373
    0.05483
    0.00775
   -0.08423
    0.05806
   -0.14122
    0.09751
   -0.00680
   -0.02469
   -0.04067
    0.03843
   -0.10923
    0.04342
   -0.03831
    0.06470
    0.07019
   -0.00494
    0.03972
   -0.08416
   -0.04916
   -0.01649
    0.02170
    0.04109
    0.00864
   -0.03764
   -0.03290
    0.04073
    0.00667
   -0.08136
   -0.03082
    0.05807
   -0.03635
   -0.04560
    0.06614
    0.01100
   -0.03808
    0.02570
   -0.10039
    0.05719
   -0.00997
   -0.00609
   -0.05152
    0.03606
   -0.06547
   -0.00449
   -0.01267
    0.06218
    0.04588
   -0.05124
    0.02230
   -0.02808
