IntronPotTab 1 1024 0.32831
   -0.04187
   -0.01123
   -0.03148
    0.07138
   -0.00708
   -0.01486
   -0.01351
    0.02770
   -0.00729
   -0.03371
   -0.01504
    0.04699
    0.00798
   -0.03650
   -0.00537
    0.01801
   -0.06153
   -0.02032
    0.04620
    0.04306
   -0.01259
   -0.01072
    0.00782
    0.01266
   -0.00209
   -0.04968
   -0.00235
    0.04128
   -0.01043
   -0.01904
    0.01619
    0.00121
   -0.02025
   -0.00341
   -0.02045
    0.05217
    0.00031
    0.00151
   -0.01570
    0.01026
   -0.01452
   -0.00721
   -0.01288
    0.03229
    0.00200
   -0.02266
   -0.02137
    0.02403
   -0.02296
   -0.04117
   -0.01197
    0.05787
   -0.00575
   -0.02451
   -0.01627
    0.03521
    0.01169
   -0.02765
   -0.03887
    0.04371
    0.02284
   -0.04127
   -0.02152
    0.02024
   -0.00334
   -0.00445
    0.00332
    0.00599
   -0.02026
   -0.00097
   -0.01028
    0.02799
   -0.00248
   -0.03736
   -0.03821
    0.05506
   -0.02139
   -0.01560
    0.00757
    0.01785
   -0.06613
   -0.01536
    0.03485
    0.04998
   -0.02395
   -0.00830
   -0.01823
    0.04281
    0.01064
   -0.06783
   -0.01396
    0.04751
   -0.03442
   -0.00204
    0.00512
    0.01645
   -0.01940
   -0.02136
   -0.02493
    0.06172
   -0.00737
   -0.01062
   -0.01744
    0.02536
   -0.02068
   -0.02157
   -0.02866
    0.05373
   -0.00765
   -0.03972
   -0.02035
    0.03875
    0.01064
   -0.04189
    0.03000
    0.00698
   -0.00746
   -0.02538
   -0.03038
    0.04543
    0.01264
   -0.04981
   -0.05805
    0.06328
    0.01662
   -0.03221
   -0.01784
    0.02195
   -0.01982
   -0.01046
   -0.01645
    0.05518
   -0.00435
   -0.00489
   -0.02819
    0.03459
   -0.01351
   -0.04627
    0.00134
    0.06325
   -0.02084
   -0.01778
   -0.00068
    0.02658
   -0.06297
   -0.01571
    0.02699
    0.05747
    0.00285
   -0.03803
   -0.01669
    0.02907
   -0.00140
   -0.05612
   -0.00405
    0.05113
   -0.00470
   -0.04920
    0.01520
    0.01508
   -0.01024
   -0.02014
   -0.01209
    0.04363
    0.00709
   -0.01081
   -0.03810
    0.02828
   -0.01498
   -0.01999
   -0.01328
    0.04685
   -0.02269
   -0.00701
   -0.02168
    0.03753
   -0.01287
   -0.03755
    0.01191
    0.03496
    0.01327
   -0.04930
   -0.03002
    0.03911
    0.00400
   -0.03195
   -0.03528
    0.05482
    0.02499
   -0.04999
   -0.02998
    0.03403
   -0.01901
   -0.01715
   -0.02603
    0.05005
   -0.01261
    0.00185
   -0.03133
    0.03475
   -0.01435
   -0.02238
   -0.03301
    0.05622
   -0.02271
   -0.02280
   -0.00669
    0.03388
   -0.09530
   -0.01433
    0.04769
    0.05999
   -0.00869
   -0.03754
   -0.01160
    0.03990
    0.01782
   -0.05552
   -0.02393
    0.03783
   -0.02611
   -0.03998
    0.02857
    0.01359
   -0.02320
   -0.00093
   -0.03231
    0.05548
   -0.00549
   -0.00566
   -0.02843
    0.02700
   -0.03631
    0.00775
   -0.03710
    0.05573
    0.00140
   -0.03391
   -0.03273
    0.03631
    0.01867
   -0.06141
   -0.02601
    0.03540
    0.00474
   -0.03564
   -0.02170
    0.03372
    0.00212
   -0.02575
   -0.05447
    0.05370
    0.04203
   -0.03694
   -0.02502
    0.01334
   -0.02912
   -0.00290
   -0.01098
    0.04993
    0.00195
   -0.00076
   -0.01376
    0.01042
   -0.00430
   -0.03810
    0.01546
    0.02648
    0.00657
   -0.01928
   -0.01408
    0.01849
   -0.04965
   -0.02367
    0.04371
    0.02935
    0.00050
   -0.02663
   -0.00546
    0.01745
   -0.00155
   -0.05201
   -0.00065
    0.03916
   -0.01801
   -0.00702
    0.02859
   -0.01290
   -0.02383
   -0.01246
   -0.01048
    0.05175
   -0.00039
   -0.00948
   -0.01955
    0.02118
   -0.01981
   -0.01127
    0.00265
    0.02619
   -0.01594
   -0.01532
   -0.00192
    0.02084
    0.00082
   -0.07459
   -0.00701
    0.05178
   -0.00419
   -0.04439
    0.00704
    0.02962
    0.01463
   -0.04156
   -0.02113
    0.03649
    0.00872
   -0.02936
   -0.01822
    0.02270
   -0.01205
   -0.01365
    0.00835
    0.02293
   -0.00388
   -0.02541
   -0.01677
    0.03166
    0.00857
   -0.05875
   -0.03184
    0.05874
   -0.01330
   -0.02384
    0.01835
    0.01142
   -0.05484
   -0.02352
    0.01906
    0.05273
   -0.02713
    0.00094
   -0.02020
    0.03491
   -0.02034
   -0.03390
   -0.01751
    0.04348
   -0.03315
   -0.00791
    0.01015
    0.01533
   -0.02583
   -0.02085
   -0.00747
    0.06203
    0.00807
   -0.03516
   -0.02677
    0.03387
   -0.02667
   -0.04067
   -0.01231
    0.06552
   -0.01395
   -0.04166
   -0.01018
    0.03729
   -0.00835
   -0.03997
    0.04254
    0.02060
    0.01085
   -0.04326
   -0.02986
    0.03977
    0.00056
   -0.05022
   -0.04250
    0.06598
    0.01486
   -0.02724
   -0.00347
    0.01291
   -0.01483
   -0.01588
   -0.01824
    0.05194
   -0.00167
   -0.01291
   -0.03942
    0.04724
   -0.00511
   -0.06412
    0.00451
    0.06020
   -0.00995
   -0.02631
    0.00574
    0.01828
   -0.06147
   -0.02494
    0.02831
    0.05571
    0.00348
   -0.03311
   -0.02052
    0.03173
   -0.01555
   -0.04373
   -0.01956
    0.06461
   -0.00842
   -0.04848
    0.00723
    0.02276
   -0.01530
   -0.03447
   -0.01849
    0.05968
   -0.00365
   -0.01251
   -0.02923
    0.03513
   -0.02261
   -0.02348
    0.00329
    0.04367
   -0.01193
   -0.02526
   -0.02277
    0.03985
   -0.00617
   -0.05931
    0.00804
    0.04788
    0.00079
   -0.04700
   -0.01969
    0.04835
    0.00344
   -0.04602
   -0.03230
    0.06137
    0.00977
   -0.04205
   -0.02093
    0.03417
   -0.02178
   -0.01760
   -0.01543
    0.04854
   -0.02745
    0.00997
   -0.03378
    0.04274
   -0.01327
   -0.03885
   -0.00717
    0.05158
   -0.01343
   -0.02420
   -0.00303
    0.02427
   -0.07965
   -0.02764
    0.03419
    0.06259
   -0.00047
   -0.01423
   -0.03629
    0.03003
    0.00038
   -0.05194
   -0.02536
    0.05034
   -0.02293
   -0.01939
    0.03163
   -0.00054
   -0.02841
   -0.01116
   -0.02317
    0.06271
   -0.01511
   -0.00352
   -0.03565
    0.03588
   -0.03189
   -0.00824
   -0.03495
    0.05750
   -0.02278
   -0.02774
   -0.01245
    0.03638
    0.02074
   -0.08528
   -0.00579
    0.04518
    0.00069
   -0.02105
   -0.03070
    0.03403
   -0.00338
   -0.03335
   -0.05015
    0.06126
    0.02598
   -0.01582
   -0.01906
    0.00971
   -0.04693
    0.01702
   -0.00818
    0.05718
   -0.01145
    0.00327
   -0.02273
    0.03106
   -0.01935
   -0.02104
    0.00326
    0.04015
   -0.00167
   -0.01341
   -0.00858
    0.01606
   -0.06895
   -0.00620
    0.05000
    0.03771
   -0.01256
   -0.04000
    0.00190
    0.03708
   -0.01416
   -0.03660
   -0.01308
    0.05453
   -0.02062
    0.00217
    0.01911
   -0.00553
   -0.02846
    0.00978
   -0.00100
    0.03995
   -0.00243
    0.00388
   -0.02343
    0.01798
   -0.03393
   -0.00516
   -0.01209
    0.05139
   -0.00133
   -0.01642
   -0.00972
    0.01679
   -0.02345
   -0.04184
   -0.01538
    0.05918
   -0.00420
   -0.03809
   -0.00905
    0.03721
    0.00030
   -0.01944
   -0.03428
    0.04612
    0.00876
   -0.02360
   -0.00776
    0.01216
   -0.01523
    0.00193
    0.00231
    0.01929
   -0.01461
   -0.00447
   -0.03318
    0.03871
   -0.00712
   -0.03804
   -0.04752
    0.06698
   -0.00233
   -0.01684
    0.00257
    0.00927
   -0.07515
   -0.00790
    0.02058
    0.06600
   -0.02252
    0.00715
   -0.04341
    0.04597
   -0.02456
   -0.04777
   -0.02616
    0.07353
   -0.03677
   -0.00259
   -0.00029
    0.02258
   -0.01765
   -0.02120
   -0.02249
    0.05592
   -0.00392
   -0.01654
   -0.01901
    0.02792
   -0.02467
   -0.03018
   -0.03360
    0.06739
   -0.00006
   -0.04137
   -0.02272
    0.03592
   -0.00665
   -0.03343
    0.01694
    0.02476
   -0.01317
   -0.02307
   -0.03656
    0.05141
   -0.00572
   -0.04764
   -0.05461
    0.08128
    0.01423
   -0.01867
   -0.02379
    0.01720
   -0.02170
   -0.01766
   -0.00516
    0.05272
   -0.01041
   -0.00494
   -0.03690
    0.05587
   -0.00935
   -0.05055
   -0.00301
    0.06604
   -0.00930
   -0.01569
   -0.01666
    0.03187
   -0.07021
   -0.01388
    0.03058
    0.06269
   -0.00237
   -0.03867
   -0.02649
    0.04944
    0.00364
   -0.04406
   -0.02629
    0.05755
   -0.00509
   -0.04235
    0.00741
    0.01851
   -0.01425
   -0.01880
   -0.00649
    0.04216
    0.00034
   -0.02866
   -0.02310
    0.04101
   -0.02385
   -0.03283
    0.02639
    0.03523
   -0.01558
   -0.03184
   -0.02145
    0.04918
   -0.03027
   -0.02700
    0.00740
    0.05016
    0.01280
   -0.06517
   -0.02584
    0.04836
   -0.00482
   -0.03068
   -0.03778
    0.06806
    0.00932
   -0.03652
   -0.01749
    0.02841
   -0.00591
   -0.00832
   -0.06307
    0.05840
   -0.01569
    0.00087
   -0.05501
    0.05758
   -0.00952
   -0.01541
   -0.05674
    0.05923
   -0.00839
   -0.02674
   -0.03407
    0.04451
   -0.09016
   -0.01064
    0.02649
    0.06889
   -0.01381
   -0.01199
   -0.03556
    0.04821
    0.00004
   -0.04557
   -0.03251
    0.05193
   -0.02338
   -0.03314
    0.01896
    0.01583
   -0.02359
   -0.00080
   -0.04642
    0.06071
   -0.00626
    0.00086
   -0.05116
    0.03612
   -0.03865
   -0.00205
   -0.04801
    0.06710
    0.01168
   -0.01831
   -0.04343
    0.02870
    0.01011
   -0.05353
   -0.02607
    0.04375
    0.00598
   -0.04597
   -0.02467
    0.04319
   -0.00916
   -0.01953
   -0.06870
    0.06925
    0.01150
   -0.01236
   -0.02716
    0.01815
   -0.03535
   -0.02394
   -0.02500
    0.07869
   -0.02153
   -0.00967
   -0.02102
    0.04568
   -0.00448
   -0.03207
   -0.01119
    0.04361
   -0.01935
   -0.02837
   -0.01079
    0.03904
   -0.07157
   -0.00230
    0.02746
    0.05441
   -0.00130
   -0.02768
   -0.00883
    0.02132
   -0.01264
   -0.04868
   -0.00808
    0.05639
   -0.02557
   -0.00779
    0.01405
    0.00691
   -0.02367
   -0.00227
   -0.01640
    0.05067
    0.00195
   -0.00879
   -0.02324
    0.01997
   -0.01333
   -0.01296
   -0.01325
    0.03320
   -0.01103
   -0.02354
   -0.02590
    0.03720
    0.00173
   -0.05680
   -0.02443
    0.04020
    0.00217
   -0.03684
   -0.00963
    0.03020
    0.01099
   -0.02112
   -0.04819
    0.04263
   -0.00634
   -0.03392
   -0.02387
    0.03535
   -0.01194
   -0.01353
    0.01412
    0.01736
   -0.00224
   -0.03259
   -0.01603
    0.03253
    0.01086
   -0.06434
   -0.04559
    0.07194
   -0.01186
   -0.03414
    0.00856
    0.02284
   -0.06038
   -0.03059
    0.02369
    0.05582
   -0.02184
   -0.00656
   -0.03336
    0.04815
   -0.04072
   -0.04541
   -0.02403
    0.07224
   -0.02776
   -0.02576
   -0.00214
    0.02906
   -0.02116
   -0.03550
   -0.02950
    0.07143
    0.00466
   -0.01300
   -0.03618
    0.02437
   -0.05005
   -0.03894
   -0.03797
    0.08727
   -0.01247
   -0.05277
   -0.01560
    0.04878
    0.01318
   -0.03869
    0.02358
    0.00521
   -0.00903
   -0.03958
   -0.02833
    0.05005
    0.00730
   -0.06286
   -0.04519
    0.07187
    0.02814
   -0.04649
   -0.00695
    0.02620
   -0.01897
   -0.02067
   -0.02034
    0.06089
   -0.00599
   -0.01022
   -0.04617
    0.05369
   -0.01804
   -0.05035
    0.01634
    0.05929
    0.00157
   -0.02832
   -0.01321
    0.02627
   -0.06348
   -0.03081
    0.02160
    0.06874
    0.00637
   -0.04097
   -0.03324
    0.03971
    0.00181
   -0.06142
   -0.01302
    0.06011
    0.00824
   -0.05917
    0.00540
    0.02439
   -0.01643
   -0.04212
    0.00505
    0.05460
    0.00701
   -0.01728
   -0.03522
    0.03042
   -0.02494
   -0.02781
    0.00188
    0.05328
   -0.00192
   -0.03436
   -0.02034
    0.03895
    0.00138
   -0.05064
   -0.01445
    0.05047
    0.01024
   -0.06000
   -0.02423
    0.04931
    0.01658
   -0.04400
   -0.03417
    0.04874
    0.01266
   -0.05456
   -0.02590
    0.04324
   -0.01686
   -0.03638
   -0.02144
    0.05732
   -0.01429
   -0.02576
   -0.03256
    0.05224
   -0.00277
   -0.02979
   -0.05701
    0.06893
   -0.00868
   -0.04026
    0.00043
    0.02396
   -0.09003
   -0.01489
    0.03407
    0.06874
   -0.01476
   -0.02545
   -0.03405
    0.04971
    0.00404
   -0.05092
   -0.04482
    0.05950
   -0.02309
   -0.03019
    0.02326
    0.01195
   -0.02675
   -0.01016
   -0.01235
    0.05422
   -0.01462
   -0.00851
   -0.02541
    0.03397
   -0.03040
   -0.00994
   -0.02565
    0.05430
   -0.01824
   -0.03296
   -0.01591
    0.03634
    0.01396
   -0.04978
   -0.03808
    0.04024
   -0.00296
   -0.04213
   -0.02023
    0.04321
   -0.01515
   -0.02497
   -0.05487
    0.07026
    0.03199
   -0.03032
   -0.01774
    0.01527
