IntronPotTab 1 1024 0.15626
    0.02800
   -0.05237
   -0.07060
    0.01157
    0.01455
    0.00747
   -0.02578
   -0.00914
    0.00518
   -0.02430
   -0.00924
    0.01536
    0.03032
   -0.03789
   -0.03021
    0.00172
    0.01242
   -0.01682
   -0.03600
    0.01136
    0.00298
    0.01009
   -0.03106
    0.01249
   -0.00978
   -0.00708
    0.00870
    0.01233
    0.02987
   -0.00882
   -0.02521
   -0.00108
    0.00067
   -0.01269
   -0.00316
    0.00959
    0.00674
   -0.01116
   -0.01055
    0.00518
   -0.01471
   -0.01995
    0.01274
    0.02516
    0.02750
   -0.02464
   -0.01068
   -0.00273
    0.00545
   -0.01242
   -0.03943
    0.01070
    0.00051
    0.00982
   -0.01414
    0.00451
   -0.00226
   -0.01551
   -0.02368
    0.02519
    0.01215
   -0.02555
   -0.03845
    0.01665
    0.01767
   -0.01959
   -0.05460
    0.01339
    0.01321
   -0.00420
   -0.03495
   -0.00402
    0.01187
   -0.01864
   -0.01246
    0.01120
    0.03405
   -0.06075
   -0.04143
    0.00575
    0.01245
   -0.01323
   -0.04978
    0.02244
   -0.00417
    0.02640
   -0.09335
    0.03536
    0.01414
   -0.02840
   -0.02146
    0.01754
    0.01597
    0.02659
   -0.04791
   -0.00307
    0.02957
   -0.04880
   -0.02461
    0.00580
   -0.00265
   -0.00469
   -0.02748
    0.02193
   -0.00038
   -0.02165
   -0.03777
    0.03482
    0.03069
   -0.02340
   -0.01202
   -0.00138
    0.00924
   -0.00606
   -0.03667
    0.00899
   -0.00631
    0.02221
   -0.04613
    0.02468
   -0.00028
   -0.00260
   -0.03874
    0.02385
    0.02218
   -0.02808
   -0.02469
    0.01150
    0.01754
   -0.04281
   -0.03161
    0.01769
    0.00892
    0.05592
   -0.05208
   -0.01568
   -0.00747
   -0.00228
    0.01085
    0.00542
    0.02930
   -0.00495
   -0.03889
   -0.00068
    0.01149
   -0.01508
   -0.03682
    0.02482
    0.00646
    0.02336
   -0.06102
    0.02568
    0.00214
    0.00481
   -0.02945
    0.01458
    0.02169
    0.02651
   -0.02779
   -0.00949
   -0.00029
    0.00374
   -0.00026
   -0.00184
   -0.00386
    0.02620
   -0.04519
    0.02183
   -0.01374
   -0.05034
    0.00418
    0.03789
    0.00019
    0.06001
   -0.04128
   -0.01036
   -0.00659
    0.01541
   -0.01369
    0.00661
   -0.00272
    0.03416
   -0.03868
    0.01142
   -0.01184
    0.00219
   -0.01032
    0.01813
    0.01765
   -0.00556
   -0.02846
    0.00759
    0.01073
   -0.01885
   -0.04716
    0.01152
    0.01178
    0.00735
   -0.03070
   -0.00937
    0.01184
   -0.01673
   -0.00372
    0.00150
    0.00786
   -0.02646
   -0.01697
    0.00991
    0.00138
   -0.00612
   -0.02247
    0.01592
    0.00182
   -0.00277
   -0.00694
    0.00422
   -0.00380
   -0.02987
    0.03262
    0.00107
    0.03105
   -0.01148
   -0.01221
   -0.00797
    0.00948
   -0.00873
   -0.00865
   -0.00386
    0.01972
   -0.00839
   -0.02981
   -0.00337
   -0.00369
   -0.02620
    0.01713
    0.01706
    0.02560
   -0.02315
   -0.01147
   -0.00795
    0.00425
   -0.02120
   -0.03317
    0.01600
   -0.00572
    0.00675
   -0.00841
    0.00824
   -0.00974
   -0.01856
   -0.01870
    0.03082
    0.00050
   -0.02876
   -0.02857
    0.02250
    0.01444
   -0.02625
   -0.04875
    0.01813
    0.01548
    0.01015
   -0.04853
   -0.00385
   -0.00995
   -0.01314
   -0.00803
    0.02277
    0.03305
   -0.05405
   -0.02972
    0.00855
   -0.00694
    0.00068
   -0.04777
    0.03159
    0.00845
    0.01546
   -0.07118
    0.02686
   -0.01093
    0.00271
   -0.03581
    0.02743
    0.01484
    0.00157
   -0.03446
    0.00910
    0.00599
    0.00919
   -0.03218
    0.00701
   -0.01118
    0.01763
   -0.03878
    0.02652
   -0.02350
   -0.01376
    0.02022
    0.02276
    0.02598
   -0.01518
   -0.02342
    0.00528
   -0.01766
    0.00591
   -0.01917
    0.01705
   -0.00025
    0.02148
   -0.05574
    0.02714
   -0.01541
    0.00236
   -0.01922
    0.02166
    0.00148
   -0.01958
   -0.04027
    0.02176
    0.02399
   -0.01826
   -0.04829
    0.00253
    0.01520
   -0.02657
   -0.02864
    0.01551
    0.02102
   -0.01823
   -0.02631
    0.00985
    0.03536
   -0.04328
   -0.03493
    0.00881
   -0.00331
    0.01193
   -0.07472
    0.03136
    0.00599
    0.04216
   -0.08841
   -0.00015
    0.02262
   -0.02312
   -0.02290
    0.00493
    0.01817
    0.01749
   -0.03245
   -0.00656
    0.02674
   -0.04139
   -0.06448
    0.02120
    0.02166
   -0.03282
   -0.03216
    0.01898
    0.00380
   -0.00689
   -0.03132
    0.01874
    0.01628
   -0.00916
   -0.04516
    0.01534
   -0.00393
    0.00016
   -0.02425
    0.01548
   -0.00664
    0.04003
   -0.08822
    0.01924
   -0.01233
    0.00361
   -0.03708
    0.02982
    0.01450
   -0.00635
   -0.03272
    0.01165
    0.01370
   -0.01619
   -0.06056
    0.02932
    0.01897
    0.02938
   -0.06396
    0.00548
   -0.04128
    0.02188
    0.00356
    0.02084
    0.04154
   -0.03237
   -0.07491
    0.02579
   -0.00518
    0.01448
   -0.04361
    0.02354
    0.00217
   -0.00161
   -0.04283
    0.03482
   -0.02008
    0.01202
   -0.03022
    0.02535
    0.02730
   -0.00651
   -0.04069
    0.01692
   -0.00373
    0.00885
   -0.01457
    0.00947
   -0.00301
    0.06861
   -0.05301
   -0.00532
   -0.00372
   -0.00959
   -0.00155
    0.01186
    0.04718
    0.01116
   -0.07286
    0.00797
   -0.01308
    0.00754
   -0.03115
    0.02427
   -0.00235
    0.02302
   -0.05519
    0.03219
   -0.02993
    0.00647
   -0.01195
    0.02872
    0.02666
   -0.04305
   -0.03268
    0.02336
    0.01388
   -0.01501
   -0.03647
    0.00763
    0.00689
   -0.00082
   -0.04714
    0.01426
    0.00375
   -0.02085
    0.00046
    0.01147
    0.02021
   -0.03340
   -0.01810
    0.00537
   -0.01593
   -0.00007
   -0.02172
    0.03253
   -0.00780
    0.05943
   -0.07021
    0.00821
   -0.01767
    0.00058
   -0.01646
    0.02698
    0.01494
    0.01149
   -0.04237
    0.00556
    0.00537
   -0.00587
   -0.00469
   -0.00068
    0.01063
    0.00297
   -0.02140
   -0.00242
    0.00048
   -0.01690
   -0.01971
    0.02400
    0.01915
    0.00550
   -0.02822
    0.00055
    0.00090
   -0.01795
   -0.01262
    0.01543
   -0.00011
    0.00741
   -0.04489
    0.02057
   -0.00393
   -0.00986
   -0.01672
    0.02123
    0.01285
   -0.01942
   -0.02161
    0.01251
    0.01304
   -0.04369
   -0.04781
    0.02353
   -0.00129
    0.01542
   -0.05175
    0.02125
    0.00532
   -0.03834
    0.00699
    0.01698
    0.03966
   -0.08141
   -0.02720
    0.01142
   -0.00940
   -0.02158
   -0.00230
    0.02562
   -0.02307
    0.00638
   -0.05376
    0.05619
   -0.02266
   -0.01454
    0.00806
    0.03520
    0.03231
   -0.03586
   -0.01818
    0.00878
   -0.01029
   -0.02548
    0.01177
    0.01774
   -0.00494
   -0.01339
   -0.02806
    0.02710
   -0.01508
   -0.04910
    0.01291
    0.03873
    0.02751
   -0.04668
    0.00149
    0.00037
   -0.01336
   -0.01430
   -0.02516
    0.02588
   -0.01293
   -0.02524
   -0.02417
    0.04482
   -0.01281
   -0.03250
   -0.00199
    0.03641
    0.00495
   -0.05410
   -0.04958
    0.03242
    0.01558
   -0.01515
   -0.04169
    0.01138
    0.01212
   -0.01838
   -0.02653
    0.00862
    0.00254
   -0.02839
    0.00760
    0.02495
    0.03487
   -0.06768
   -0.02311
    0.01045
    0.01559
   -0.00818
   -0.03789
    0.00846
    0.01168
    0.02030
   -0.04839
   -0.00173
    0.01858
   -0.02844
   -0.01674
    0.01786
    0.03850
   -0.01118
   -0.03614
    0.00239
    0.01678
   -0.01293
   -0.03379
    0.00823
   -0.00142
   -0.00951
   -0.02414
    0.02113
   -0.00439
   -0.01873
   -0.00914
    0.02820
    0.02662
   -0.05047
   -0.00054
    0.00753
    0.00096
   -0.00986
   -0.03008
    0.01809
    0.00738
   -0.01279
   -0.05261
    0.03274
    0.00535
   -0.02948
   -0.01847
    0.03320
    0.02897
   -0.03974
   -0.02069
    0.01459
    0.01225
   -0.04639
   -0.04069
    0.03285
   -0.00461
    0.05433
   -0.05249
   -0.00088
   -0.01402
   -0.04092
    0.04478
    0.00827
    0.03584
   -0.06889
   -0.02810
    0.01982
    0.00114
   -0.01547
   -0.02059
    0.02398
    0.00233
    0.00659
   -0.02210
    0.01162
   -0.01496
    0.01789
   -0.03968
    0.03589
    0.03116
   -0.01580
   -0.01228
   -0.00494
   -0.00652
   -0.02767
    0.03901
   -0.01139
   -0.01090
    0.02473
   -0.04739
    0.03208
   -0.00644
   -0.04352
    0.03211
    0.01118
    0.01151
    0.01585
   -0.03515
    0.00811
   -0.05002
    0.04375
   -0.03171
    0.03119
   -0.02084
    0.03802
   -0.06076
    0.03706
   -0.01569
   -0.02063
   -0.01075
    0.03761
    0.02499
   -0.02707
   -0.02967
    0.01411
    0.01366
   -0.00509
   -0.06552
    0.01763
   -0.00348
    0.03716
   -0.03672
   -0.00067
    0.00009
   -0.02384
    0.00571
    0.01399
    0.00866
   -0.03932
   -0.01180
    0.01442
   -0.00234
   -0.01590
   -0.02085
    0.02579
    0.01483
   -0.02706
   -0.02141
    0.01050
   -0.01063
   -0.00441
    0.01660
    0.00412
    0.03384
   -0.04170
    0.00451
   -0.00442
    0.00758
   -0.01526
   -0.01452
    0.00875
    0.01022
   -0.01186
   -0.01137
    0.00318
   -0.01004
   -0.01222
    0.01657
    0.01159
    0.02219
   -0.04049
    0.00010
    0.00094
   -0.00262
   -0.01600
   -0.03161
    0.02374
   -0.00503
   -0.01541
    0.00841
    0.00887
   -0.02505
   -0.00900
   -0.00888
    0.02896
    0.00897
   -0.03370
   -0.01959
    0.01864
    0.02122
   -0.03988
   -0.05060
    0.00890
    0.00761
    0.00735
   -0.02681
    0.00090
    0.00604
   -0.01436
   -0.00943
    0.00890
    0.01766
   -0.04414
   -0.03347
    0.01339
   -0.01120
   -0.01725
   -0.04563
    0.03545
    0.00373
   -0.00609
   -0.03536
    0.02246
    0.00688
   -0.01068
   -0.03708
    0.01981
    0.02013
   -0.00976
   -0.03644
    0.00780
    0.00655
   -0.00931
   -0.01157
    0.00368
   -0.00992
    0.01254
   -0.02474
    0.01597
   -0.00909
   -0.00920
    0.00402
    0.01201
    0.02323
   -0.01832
   -0.01905
    0.00021
   -0.00309
   -0.01409
   -0.01446
    0.01123
   -0.00979
    0.01115
   -0.02011
    0.01662
   -0.01262
   -0.01740
   -0.02068
    0.02471
   -0.00970
   -0.01534
   -0.03718
    0.02118
    0.02774
   -0.04337
   -0.04508
    0.01005
    0.01925
   -0.00335
   -0.04443
   -0.00007
    0.00988
   -0.01378
   -0.01842
    0.01180
    0.03792
   -0.06103
   -0.03624
    0.01802
    0.00734
   -0.00716
   -0.05113
    0.02318
   -0.00610
    0.03323
   -0.06679
    0.01943
    0.01711
   -0.03696
   -0.01538
    0.01448
    0.02240
    0.01002
   -0.05504
    0.00773
    0.03719
   -0.03899
   -0.05985
    0.00770
    0.01222
   -0.01498
   -0.05496
    0.02118
    0.00851
   -0.01252
   -0.02808
    0.01533
    0.05968
   -0.04576
   -0.03549
    0.00219
    0.00092
   -0.02199
   -0.03461
    0.02715
    0.00825
   -0.00526
   -0.10030
    0.03898
   -0.00680
   -0.01686
   -0.01624
    0.02689
    0.02339
   -0.01804
   -0.04208
    0.01763
    0.02172
   -0.04847
   -0.03555
    0.01431
    0.01348
    0.02190
   -0.05024
    0.00023
   -0.00359
   -0.00893
    0.01205
    0.00272
    0.02644
   -0.04297
   -0.03177
    0.01837
   -0.00438
   -0.00144
   -0.04369
    0.03286
    0.00726
   -0.00441
   -0.04764
    0.02626
   -0.00357
    0.00074
   -0.01191
    0.01135
    0.02320
    0.01234
   -0.03522
    0.00809
    0.01011
    0.00171
   -0.01244
   -0.00796
    0.00204
    0.02753
   -0.04734
    0.01193
   -0.00979
   -0.02615
    0.02666
    0.01064
    0.03935
   -0.01401
   -0.03111
   -0.00077
   -0.01264
   -0.00083
   -0.02020
    0.01896
   -0.00048
    0.00760
   -0.04085
    0.02346
   -0.01386
   -0.01198
   -0.01938
    0.02372
    0.01846
   -0.04385
   -0.01977
    0.02006
    0.01242
   -0.01900
   -0.03949
    0.00966
    0.00767
   -0.01090
   -0.03615
    0.01346
    0.00732
   -0.02306
   -0.00952
    0.01319
    0.00619
   -0.04823
   -0.03033
    0.02193
    0.00861
   -0.02062
   -0.03190
    0.01814
    0.00491
    0.00286
   -0.03361
    0.01153
    0.00077
   -0.02687
    0.00702
    0.01260
    0.03016
   -0.02562
   -0.00857
   -0.00106
    0.01782
   -0.01528
   -0.01928
   -0.00587
    0.00379
   -0.00534
   -0.03429
    0.01551
   -0.00551
   -0.01442
   -0.01471
    0.02397
    0.01699
   -0.02798
   -0.01842
    0.00880
   -0.00314
   -0.02150
   -0.01655
    0.01770
   -0.00107
   -0.00471
   -0.01127
    0.01048
   -0.00611
   -0.02547
   -0.00241
    0.02103
    0.00303
   -0.03865
   -0.03558
    0.02782
