IntronPotTab 1 1024 -17.37405 0.99481 13.45872 66033 6 16  360.45
    0.03732
   -0.05504
   -0.13653
    0.01470
   -0.00716
    0.01137
    0.01796
   -0.00881
   -0.06752
    0.02660
   -0.01585
    0.05319
    0.00295
   -0.04887
   -0.05097
    0.03982
    0.00784
    0.02315
   -0.05289
    0.00680
   -0.04047
    0.04844
    0.02931
   -0.00873
   -0.07640
    0.10099
   -0.02560
    0.03698
    0.01702
   -0.05222
    0.00415
    0.01492
    0.01349
   -0.00878
   -0.03470
    0.00908
   -0.02327
    0.02949
    0.02266
   -0.00998
   -0.08323
    0.08002
    0.06048
    0.00388
   -0.00879
   -0.03812
   -0.03978
    0.03813
   -0.00713
   -0.03639
    0.05019
   -0.00494
   -0.01614
   -0.02077
    0.05941
   -0.01912
   -0.04018
    0.07878
   -0.02485
    0.01311
   -0.00735
   -0.05634
   -0.06548
    0.04611
    0.06186
   -0.09024
   -0.08734
   -0.00203
    0.01512
    0.00855
    0.01531
   -0.03631
   -0.03701
   -0.00393
   -0.02806
    0.04788
    0.02376
   -0.10634
   -0.02780
    0.04551
    0.04676
   -0.01344
   -0.05142
   -0.02408
   -0.02466
    0.06116
   -0.01997
   -0.01166
   -0.02256
    0.03710
   -0.01029
    0.00717
    0.08962
   -0.05559
   -0.02083
   -0.01579
    0.06803
   -0.05329
   -0.02911
   -0.04950
    0.02196
   -0.07061
    0.08021
   -0.05885
   -0.05441
    0.05156
    0.00162
    0.02537
    0.04365
   -0.06119
   -0.02766
    0.03475
    0.02599
   -0.03561
    0.03392
   -0.02012
   -0.01580
   -0.02085
    0.03939
    0.00292
   -0.01459
    0.02526
   -0.06546
    0.03684
    0.02198
   -0.11815
   -0.02222
    0.05342
    0.07448
   -0.00194
   -0.16653
   -0.02403
   -0.01557
    0.07719
   -0.01817
   -0.02247
   -0.00896
    0.04174
   -0.04537
    0.01511
    0.04245
   -0.05442
   -0.10204
    0.05158
    0.01176
   -0.02153
   -0.00610
    0.00339
   -0.01072
   -0.02213
    0.02813
    0.00314
   -0.03622
    0.10300
   -0.05240
   -0.00945
    0.06697
   -0.04956
   -0.02096
    0.01064
    0.04847
   -0.02613
   -0.06923
   -0.01053
   -0.03259
    0.05283
   -0.02728
    0.01360
   -0.06141
    0.03498
    0.04615
    0.01310
   -0.03982
    0.05264
   -0.06008
    0.03416
    0.02055
    0.01510
   -0.02838
   -0.01486
   -0.03521
    0.00616
    0.01600
    0.02265
   -0.05137
    0.06992
    0.00444
    0.00928
    0.00245
   -0.04866
   -0.08672
    0.05467
    0.02646
   -0.03483
   -0.06495
    0.00651
    0.00502
    0.01321
    0.00326
   -0.01648
   -0.02560
    0.10879
   -0.00591
   -0.04747
    0.00908
   -0.05593
   -0.05195
    0.04052
    0.01310
   -0.00977
   -0.00067
   -0.01195
   -0.02946
    0.06282
   -0.00239
   -0.00221
    0.01389
    0.03564
    0.01405
   -0.06751
    0.07780
   -0.04809
   -0.00956
   -0.00818
    0.03050
    0.00380
   -0.02631
   -0.03067
    0.00706
   -0.01421
    0.05512
   -0.03845
   -0.06917
    0.08373
    0.03858
   -0.00241
    0.01636
   -0.01300
   -0.03383
    0.01578
    0.04933
   -0.04839
    0.01790
   -0.03151
    0.01605
   -0.01284
    0.02293
   -0.02312
   -0.00309
    0.03328
   -0.03586
    0.00822
    0.01615
   -0.06071
   -0.06607
    0.03795
    0.04844
   -0.05136
   -0.13073
   -0.01740
   -0.00608
   -0.01326
    0.00877
    0.00784
   -0.02499
    0.03693
   -0.06176
    0.03682
    0.03467
   -0.09283
   -0.11620
    0.05737
    0.00878
    0.02308
   -0.01060
   -0.02315
   -0.02903
    0.06908
    0.01940
   -0.03090
   -0.01427
    0.08297
    0.01268
   -0.05322
    0.04994
   -0.03982
   -0.03066
    0.01344
    0.01588
    0.05485
   -0.00943
   -0.06737
   -0.04549
    0.06868
    0.06657
   -0.04500
   -0.05306
    0.09420
    0.04984
   -0.03654
    0.01881
   -0.07179
   -0.04250
    0.03567
    0.03319
   -0.05121
    0.01605
   -0.01922
    0.00776
   -0.01557
    0.00996
   -0.00601
   -0.00223
    0.05219
   -0.05166
    0.00213
    0.02720
   -0.12466
   -0.12093
    0.06917
    0.09892
   -0.14102
   -0.11572
   -0.05592
   -0.00854
   -0.02845
    0.05084
   -0.00296
    0.00257
   -0.01744
   -0.01789
    0.02052
    0.06520
   -0.12460
   -0.02253
    0.04014
    0.01842
    0.03428
   -0.02881
   -0.03353
   -0.01026
    0.01172
    0.03222
   -0.02510
   -0.02176
    0.06096
   -0.00329
   -0.02892
    0.06907
   -0.06319
    0.02075
   -0.00509
    0.03445
   -0.04738
   -0.02222
   -0.00692
   -0.00130
    0.01482
    0.05058
   -0.06476
   -0.04381
    0.02991
    0.03455
    0.00797
    0.05197
   -0.09895
    0.05191
   -0.00684
    0.02736
   -0.07252
    0.05222
   -0.02214
    0.03697
   -0.06218
    0.02357
    0.00619
    0.01687
    0.04015
   -0.07006
    0.00234
    0.06441
   -0.10412
   -0.05149
    0.06553
    0.08604
   -0.10403
   -0.17711
   -0.03988
    0.03073
    0.03718
   -0.04361
   -0.02663
    0.02343
   -0.04522
   -0.02876
    0.01221
    0.03401
   -0.11975
   -0.13924
    0.08081
    0.00897
    0.01374
    0.01061
   -0.03098
    0.04002
    0.04512
   -0.06401
   -0.04066
   -0.01402
    0.06108
   -0.06657
   -0.00169
    0.06415
    0.02537
   -0.02725
   -0.04008
    0.05141
   -0.01350
    0.01030
   -0.11591
    0.02861
    0.03696
   -0.06292
   -0.01117
   -0.02111
    0.01793
    0.05550
   -0.03768
    0.01737
   -0.00368
   -0.04405
    0.02042
    0.05932
   -0.03217
   -0.01202
   -0.04300
   -0.01436
    0.04449
   -0.02542
    0.00628
    0.00955
    0.00652
   -0.01539
   -0.00021
    0.02542
   -0.08410
   -0.08690
    0.05932
    0.03606
   -0.07303
   -0.04668
   -0.00268
    0.01837
    0.01118
    0.02219
   -0.04681
   -0.01744
   -0.00094
    0.05159
   -0.01282
    0.00301
   -0.10744
   -0.05172
    0.05819
    0.03607
   -0.03516
    0.00460
   -0.03160
   -0.04811
    0.05291
    0.09296
   -0.05818
   -0.03698
    0.07801
    0.02466
   -0.03212
    0.08432
   -0.02900
    0.01539
   -0.03599
    0.03495
   -0.04133
   -0.00909
   -0.04799
   -0.01365
    0.03029
    0.10161
   -0.07723
   -0.07389
    0.05957
    0.08867
    0.00765
    0.05392
   -0.03675
    0.00644
   -0.02483
    0.08862
   -0.10670
    0.02417
   -0.03214
    0.01575
   -0.00682
    0.01235
   -0.01391
   -0.00628
    0.06761
   -0.03889
   -0.01493
    0.05351
   -0.07505
   -0.03763
    0.02826
    0.04442
   -0.06613
   -0.14725
    0.00541
   -0.03129
    0.01022
   -0.01094
    0.03347
   -0.04193
    0.04521
   -0.02279
    0.04781
    0.01415
   -0.13109
   -0.10833
    0.08453
    0.01447
   -0.00783
   -0.02417
    0.00284
   -0.02999
    0.01790
    0.00153
    0.02615
   -0.06213
    0.13797
   -0.04842
   -0.00002
    0.05355
   -0.06158
   -0.04375
    0.02828
    0.00479
    0.07010
   -0.01866
   -0.04276
   -0.05278
    0.01413
    0.11966
   -0.03188
   -0.09140
    0.09568
    0.04761
    0.02346
    0.01719
   -0.06317
   -0.02266
    0.02856
    0.02501
   -0.05541
   -0.02801
    0.01230
    0.00543
   -0.05193
    0.00362
    0.02723
   -0.03312
    0.04931
   -0.03064
    0.03921
    0.00368
   -0.14101
   -0.10154
    0.08194
    0.07191
   -0.08648
   -0.06818
   -0.03690
   -0.00732
   -0.02262
    0.02383
    0.00968
    0.00432
    0.02329
   -0.01338
   -0.01850
    0.02367
   -0.14190
   -0.00209
    0.05182
    0.05451
   -0.00809
   -0.07835
   -0.03147
    0.02333
    0.02211
   -0.03196
   -0.02880
   -0.00665
    0.05434
   -0.03246
   -0.02031
    0.10152
   -0.06879
   -0.01435
   -0.04386
    0.05349
    0.01173
   -0.04431
   -0.06457
   -0.00346
   -0.04477
    0.05219
   -0.01028
   -0.01067
    0.00225
    0.03669
   -0.01773
   -0.00147
   -0.02507
    0.01368
    0.01036
    0.04383
   -0.05468
   -0.03638
    0.01056
   -0.00282
    0.01964
   -0.04186
    0.00784
    0.02064
    0.06081
   -0.08732
   -0.02152
    0.09870
   -0.10786
   -0.02989
    0.04109
    0.08527
   -0.08166
   -0.16601
   -0.01946
   -0.01380
    0.01525
    0.02799
   -0.02101
   -0.04595
    0.10106
   -0.07875
    0.02697
    0.00752
   -0.09737
   -0.09577
    0.08489
    0.04368
   -0.02326
   -0.02902
   -0.03222
   -0.01247
   -0.02844
   -0.00126
    0.03661
   -0.04526
    0.08398
   -0.00477
   -0.03480
    0.12212
   -0.06244
   -0.04431
   -0.00538
    0.03731
    0.03487
   -0.05113
   -0.05522
   -0.02749
   -0.00177
    0.04839
   -0.02471
   -0.06128
    0.03454
    0.01867
    0.02477
   -0.02309
   -0.00009
   -0.02746
    0.03284
    0.00126
   -0.00258
    0.00360
   -0.00255
   -0.01494
   -0.03410
   -0.00770
    0.04617
   -0.06603
    0.06126
   -0.03709
    0.06295
    0.00964
   -0.07510
   -0.10257
    0.06347
    0.06694
   -0.04485
   -0.16026
   -0.00124
   -0.01073
   -0.00228
    0.00451
    0.01008
   -0.03587
    0.04855
    0.00074
    0.00877
    0.02626
   -0.08962
   -0.06877
    0.05320
    0.03918
   -0.00587
   -0.03768
   -0.02771
   -0.00930
    0.06367
    0.01459
   -0.06007
   -0.02180
    0.10776
   -0.00969
   -0.05179
    0.04362
    0.01874
    0.01846
   -0.06232
    0.06017
    0.00416
   -0.07585
   -0.04229
   -0.00852
    0.01044
    0.10403
   -0.07752
   -0.09435
    0.07956
    0.08933
   -0.02943
   -0.00168
   -0.03247
    0.00375
    0.01800
    0.06330
   -0.04789
   -0.02376
   -0.01871
   -0.00238
   -0.03433
    0.00112
    0.02328
    0.00185
    0.06224
   -0.06678
    0.00300
    0.00255
   -0.06217
   -0.03430
    0.03709
    0.03850
   -0.07709
   -0.08922
    0.00008
   -0.01491
    0.01332
    0.01261
    0.00165
   -0.02677
    0.06938
   -0.02917
   -0.00279
    0.01047
   -0.07364
   -0.05177
    0.03864
    0.00380
   -0.00193
   -0.00253
   -0.00189
   -0.02555
    0.03951
    0.04525
   -0.03969
   -0.04426
    0.05007
    0.00626
    0.01325
    0.02411
   -0.02982
    0.00059
    0.00297
    0.03574
   -0.01215
   -0.03529
   -0.03961
   -0.02287
    0.07966
    0.01224
   -0.04446
   -0.05766
    0.10069
   -0.00019
   -0.03731
   -0.01122
   -0.01226
   -0.01964
    0.02008
    0.01009
   -0.02366
    0.01010
   -0.00372
   -0.00928
   -0.04391
    0.05272
    0.00364
   -0.03546
    0.04825
   -0.00550
    0.01469
    0.00581
   -0.07666
   -0.05135
    0.04523
    0.05925
   -0.07937
   -0.11064
   -0.01361
   -0.00568
   -0.03263
    0.09625
   -0.03053
   -0.01669
    0.03216
   -0.01573
    0.00899
    0.02830
   -0.12534
    0.01979
    0.04237
    0.05933
   -0.00813
   -0.09028
   -0.01105
   -0.00103
    0.02381
    0.02991
   -0.04364
   -0.00264
    0.07050
   -0.02348
   -0.03605
    0.11996
   -0.07263
    0.01121
   -0.02488
    0.04727
   -0.06254
   -0.07359
    0.00306
    0.00515
   -0.04768
    0.09273
   -0.04069
   -0.02037
    0.04617
   -0.00711
   -0.00967
    0.03696
   -0.07398
    0.05332
   -0.00177
    0.04119
   -0.07854
    0.00335
    0.00149
    0.01326
   -0.07231
    0.05227
    0.00104
    0.00778
    0.08087
   -0.06612
   -0.02504
    0.07532
   -0.09684
   -0.00314
    0.04639
    0.06112
   -0.07528
   -0.14538
   -0.01049
    0.00451
    0.04915
   -0.01416
   -0.03496
    0.00036
    0.03155
   -0.02030
   -0.01716
    0.03012
   -0.06909
   -0.08612
    0.05717
    0.02613
   -0.01590
   -0.05303
    0.00936
   -0.03721
    0.03016
    0.03605
   -0.00558
   -0.03515
    0.06605
   -0.04513
    0.01148
    0.10505
   -0.04659
   -0.04310
    0.00603
    0.03924
    0.04494
   -0.05469
   -0.05619
   -0.04651
    0.05557
    0.04366
   -0.02639
   -0.04765
    0.06750
    0.03423
   -0.01967
   -0.00105
    0.02904
   -0.03934
    0.01175
    0.02150
   -0.04075
    0.02593
   -0.01957
   -0.00314
   -0.00380
    0.02768
   -0.01401
   -0.03412
    0.04831
   -0.04151
    0.03094
    0.01332
   -0.07419
   -0.08206
    0.06106
    0.04819
   -0.06590
   -0.06338
   -0.03079
   -0.01898
   -0.00097
    0.06142
   -0.01542
   -0.01905
    0.06294
    0.00834
   -0.02616
   -0.00699
   -0.05815
   -0.02372
    0.03751
    0.04433
    0.01363
   -0.06454
   -0.02559
   -0.05160
    0.05587
    0.05801
   -0.02264
   -0.00113
    0.05999
   -0.01224
   -0.03305
    0.08509
   -0.04504
    0.00862
   -0.03223
    0.04300
    0.00117
   -0.03819
   -0.05711
   -0.00419
    0.03750
    0.07396
   -0.07200
   -0.04344
    0.06080
    0.02330
   -0.00932
    0.01252
   -0.00775
   -0.00770
    0.00136
    0.06875
   -0.03952
   -0.03274
   -0.04182
   -0.01488
   -0.00359
    0.05974
   -0.01858
   -0.01489
    0.04786
    0.00387
   -0.01444
    0.00727
   -0.05174
   -0.02127
    0.02989
