IntronPotTab 1 1024 0.99597
    0.04023
    0.01995
   -0.07936
    0.02990
   -0.01341
    0.04670
   -0.07562
    0.02928
   -0.03658
    0.04143
   -0.03253
    0.02315
    0.00211
   -0.01986
   -0.01725
    0.05406
   -0.03639
    0.04643
   -0.08706
    0.06135
   -0.04356
    0.06630
   -0.08909
    0.03070
   -0.01819
    0.00556
   -0.02264
    0.04300
    0.06367
   -0.00538
   -0.03557
    0.00585
   -0.02968
    0.01669
   -0.01258
    0.03512
    0.01476
    0.00174
   -0.11407
    0.07793
   -0.03586
    0.02201
    0.04425
   -0.04780
   -0.08632
    0.02286
    0.00358
    0.02530
   -0.04313
    0.00603
   -0.05362
    0.05163
   -0.00071
    0.04520
   -0.08222
    0.01789
   -0.04275
    0.03013
   -0.02963
    0.04192
   -0.01097
   -0.02907
   -0.00282
    0.04520
    0.00836
    0.00182
   -0.05852
    0.06580
    0.00729
    0.00997
   -0.11387
    0.08559
    0.02615
   -0.02145
   -0.08858
    0.09318
    0.03010
   -0.02874
   -0.03386
    0.06972
   -0.02886
    0.04400
   -0.10285
    0.06121
   -0.03918
    0.09070
   -0.15389
    0.04887
   -0.00356
    0.00659
   -0.07663
    0.06868
    0.06741
    0.00311
   -0.09732
    0.04249
    0.01912
   -0.04634
   -0.02441
    0.06510
    0.02282
   -0.04923
   -0.02124
    0.06882
    0.02996
   -0.01212
   -0.02405
    0.01403
   -0.01544
   -0.04025
   -0.01928
    0.09065
    0.07629
   -0.05096
   -0.03855
    0.04683
   -0.01786
    0.00476
   -0.12244
    0.12864
    0.04287
    0.00373
   -0.09271
    0.06631
    0.01498
   -0.03282
   -0.02366
    0.06807
    0.03569
    0.06075
   -0.09864
    0.06767
    0.03317
    0.01403
   -0.07374
    0.05301
    0.02903
   -0.01497
   -0.03348
    0.03193
    0.02455
   -0.04068
   -0.02281
    0.06715
   -0.01070
    0.02838
   -0.07202
    0.06600
   -0.02878
    0.05245
   -0.10940
    0.08351
    0.01350
    0.00483
   -0.03579
    0.02878
    0.08463
   -0.01221
   -0.04030
    0.01568
   -0.00005
    0.00847
   -0.03120
    0.04110
    0.02926
   -0.01760
   -0.08439
    0.08733
   -0.01270
   -0.10081
    0.08661
    0.00266
   -0.07083
   -0.03996
    0.01658
    0.06072
    0.00013
   -0.00350
   -0.05818
    0.05629
    0.01481
    0.01822
   -0.10787
    0.08603
    0.01839
    0.02109
   -0.06076
    0.03522
    0.04473
   -0.01477
   -0.05322
    0.06162
   -0.00838
    0.00084
   -0.05899
    0.06210
    0.00967
    0.01222
   -0.13252
    0.08892
   -0.02025
    0.00910
   -0.03736
    0.04802
    0.03524
   -0.01232
   -0.01671
    0.00958
   -0.05100
    0.07221
   -0.07264
    0.03341
   -0.05654
    0.11092
   -0.12170
    0.02058
   -0.04222
    0.05476
   -0.06280
    0.02921
    0.02113
    0.03147
   -0.04779
   -0.00876
   -0.01267
   -0.00248
   -0.02266
    0.03618
    0.00766
   -0.05590
   -0.05672
    0.09825
   -0.00309
   -0.02898
    0.03627
   -0.00090
    0.00017
   -0.03028
    0.00560
    0.02942
   -0.00727
    0.04248
   -0.11292
    0.04148
   -0.03116
    0.07683
   -0.15699
    0.06103
   -0.00491
    0.04341
   -0.03962
   -0.01248
    0.01402
   -0.00156
   -0.05080
    0.04943
   -0.00809
    0.04396
   -0.08577
    0.06540
   -0.05280
    0.05074
   -0.09099
    0.07752
   -0.07407
    0.05948
   -0.08135
    0.08438
   -0.02919
   -0.00477
   -0.07691
    0.12745
   -0.02250
    0.04273
   -0.10194
    0.06108
   -0.03674
    0.10122
   -0.16027
    0.06366
    0.00968
   -0.00682
   -0.06102
    0.07328
   -0.00642
    0.00793
   -0.05739
    0.04836
   -0.03101
    0.02659
    0.00488
   -0.00158
   -0.01788
    0.05013
   -0.10396
    0.06568
   -0.00531
    0.02285
    0.01075
   -0.04250
   -0.04784
    0.01198
   -0.01922
    0.04281
   -0.04099
    0.00471
   -0.08502
    0.07265
   -0.02353
    0.04689
   -0.10135
    0.06555
   -0.01375
    0.02838
   -0.07948
    0.06920
   -0.03956
    0.01985
   -0.07868
    0.08189
    0.00083
    0.00302
   -0.08812
    0.10264
   -0.01553
    0.04145
   -0.15128
    0.08535
   -0.01247
    0.02893
   -0.09634
    0.05649
    0.03127
    0.01734
   -0.13859
    0.09214
   -0.01209
    0.06228
   -0.15781
    0.06319
   -0.11453
    0.15544
   -0.23882
    0.02697
   -0.03028
    0.01548
   -0.07374
    0.07041
    0.00907
    0.00962
   -0.14067
    0.07116
    0.00855
   -0.01918
   -0.04034
    0.06212
    0.02079
   -0.00852
   -0.11258
    0.10071
   -0.01720
   -0.01125
   -0.01316
    0.05165
   -0.03397
    0.00245
   -0.07100
    0.09255
   -0.00016
   -0.00372
   -0.07617
    0.07133
   -0.05634
    0.05582
   -0.16995
    0.12658
   -0.02318
    0.00001
   -0.09588
    0.13439
    0.01125
   -0.00935
   -0.12453
    0.13710
    0.04327
    0.05281
   -0.10006
    0.06633
    0.01350
    0.02783
   -0.10158
    0.09977
    0.01257
    0.00556
   -0.07228
    0.08396
    0.03609
   -0.00539
   -0.06125
    0.08891
   -0.01060
    0.03828
   -0.11561
    0.08965
   -0.02564
    0.08047
   -0.11038
    0.06993
   -0.02743
    0.01368
   -0.07014
    0.10023
    0.07012
   -0.01741
   -0.06169
    0.06033
    0.00185
    0.02577
   -0.03778
    0.02565
    0.00615
    0.05871
   -0.10785
    0.08145
   -0.00029
   -0.02189
    0.01605
    0.00717
   -0.02286
    0.02688
   -0.03750
    0.04469
   -0.00232
   -0.02109
   -0.10948
    0.12887
    0.00020
    0.03292
   -0.10567
    0.09251
   -0.03892
   -0.00448
   -0.04637
    0.10672
    0.00551
   -0.00454
   -0.08452
    0.10843
   -0.05735
    0.05844
   -0.08272
    0.03934
   -0.00175
    0.03390
   -0.13439
    0.09446
   -0.00609
    0.01261
   -0.05869
    0.05243
    0.09264
   -0.01389
   -0.10208
    0.07372
   -0.04448
    0.06909
   -0.08630
    0.04179
   -0.05615
    0.14197
   -0.14229
   -0.01480
   -0.06565
    0.02026
   -0.06322
    0.09432
    0.04689
    0.02277
   -0.08045
    0.01004
   -0.03173
    0.04820
   -0.05948
    0.04483
    0.01838
    0.02844
   -0.11146
    0.05476
   -0.02410
    0.01002
   -0.00352
    0.02020
   -0.05493
    0.01259
   -0.03567
    0.05909
   -0.01146
   -0.00305
   -0.10457
    0.08521
   -0.03825
    0.11738
   -0.15199
    0.02057
   -0.04558
    0.04261
   -0.07816
    0.06992
   -0.02083
    0.05277
   -0.09261
    0.05053
   -0.03428
    0.01608
   -0.01347
    0.03938
   -0.00719
    0.02250
   -0.05764
    0.03782
   -0.02311
    0.02282
   -0.02366
    0.03536
   -0.00624
   -0.02423
    0.00589
    0.02506
   -0.03546
    0.01074
   -0.02056
    0.04102
   -0.01872
    0.05947
   -0.06281
    0.02383
   -0.02840
    0.00318
   -0.01861
    0.06004
    0.02240
   -0.00003
   -0.00825
   -0.00310
   -0.02429
    0.02101
    0.00856
   -0.00179
    0.00707
    0.02260
   -0.08976
    0.05919
   -0.05389
   -0.03049
    0.09034
   -0.03072
   -0.05977
   -0.01011
    0.03783
    0.00450
   -0.06213
   -0.01002
   -0.04439
    0.06552
   -0.01335
    0.01957
   -0.03467
    0.02637
   -0.01693
    0.01076
   -0.00226
    0.01089
    0.00123
   -0.01447
   -0.02632
    0.04354
   -0.00911
   -0.00153
   -0.05859
    0.09300
    0.03056
   -0.00581
   -0.10633
    0.09062
    0.01810
   -0.00557
   -0.08330
    0.08232
    0.03774
   -0.02660
   -0.03992
    0.05938
   -0.00520
    0.02908
   -0.04330
    0.01833
   -0.08218
    0.09695
   -0.09305
    0.06268
   -0.04589
    0.01539
   -0.04396
    0.07072
    0.02724
   -0.00405
   -0.05823
    0.04039
    0.00814
   -0.01295
   -0.04040
    0.05780
    0.02534
   -0.00430
   -0.06490
    0.05706
   -0.00383
   -0.03299
    0.00323
    0.05093
   -0.04508
   -0.01809
   -0.04013
    0.09815
    0.14561
   -0.05982
   -0.10001
   -0.00270
   -0.03986
    0.03009
   -0.10981
    0.11854
    0.03475
   -0.01048
   -0.07042
    0.06738
    0.00482
   -0.03357
   -0.05627
    0.11100
    0.00022
   -0.00825
   -0.03147
    0.06379
   -0.00919
   -0.00363
   -0.03129
    0.05852
   -0.02004
   -0.03429
    0.01311
    0.04397
    0.02765
   -0.07418
    0.01411
    0.01943
   -0.01497
    0.00383
   -0.03917
    0.05005
   -0.03274
    0.05633
   -0.06981
    0.06275
   -0.01273
   -0.03055
    0.00352
    0.04877
    0.07989
   -0.02706
   -0.03109
    0.01888
   -0.00150
   -0.04138
    0.00419
    0.02648
    0.02449
   -0.01171
   -0.04726
    0.05475
   -0.01802
   -0.13247
    0.09477
   -0.03550
   -0.08782
   -0.10715
    0.03692
    0.06533
   -0.03855
   -0.04525
   -0.04221
    0.10255
   -0.00128
    0.01454
   -0.07096
    0.07656
   -0.09640
   -0.02010
    0.04752
    0.03567
   -0.01985
   -0.06415
   -0.00809
    0.08100
   -0.02124
    0.08053
   -0.10714
    0.06015
   -0.00517
    0.06383
   -0.10809
    0.04361
   -0.03358
    0.07042
   -0.07550
    0.02668
    0.05218
    0.01650
   -0.06686
    0.02475
   -0.04322
    0.06344
   -0.05769
    0.03628
   -0.04258
    0.10458
   -0.08859
    0.01156
   -0.04798
    0.07521
   -0.09004
    0.04391
    0.06169
    0.02271
   -0.05965
   -0.00180
   -0.01980
    0.01004
   -0.03655
    0.04850
    0.00702
   -0.00264
   -0.07825
    0.06993
   -0.02920
   -0.02967
    0.05745
   -0.01273
   -0.02027
   -0.04520
    0.01181
    0.03936
   -0.03926
    0.07098
   -0.09926
    0.05921
   -0.02071
    0.04874
   -0.10000
    0.06166
   -0.04385
    0.03629
   -0.02873
    0.03937
   -0.02657
    0.00888
   -0.03996
    0.05888
   -0.04277
    0.02243
   -0.03517
    0.06193
   -0.03616
    0.03403
   -0.10610
    0.08767
   -0.01396
    0.06724
   -0.04811
   -0.03289
    0.01227
   -0.00980
   -0.03953
    0.06257
   -0.02180
    0.02414
   -0.08538
    0.06394
   -0.03703
    0.09520
   -0.15776
    0.06851
   -0.02670
    0.02378
   -0.02958
    0.03939
    0.05369
   -0.01699
   -0.04291
    0.03240
   -0.00096
    0.01996
   -0.03320
    0.01777
    0.04161
   -0.02870
   -0.10945
    0.08211
   -0.00077
   -0.02206
    0.04298
   -0.02603
   -0.07266
   -0.03026
    0.01960
    0.06273
   -0.00859
   -0.00856
   -0.11060
    0.06194
   -0.01979
   -0.00830
   -0.07652
    0.10148
    0.01742
    0.00468
   -0.03804
    0.02206
   -0.05313
   -0.00782
   -0.04259
    0.07783
    0.01558
   -0.01577
   -0.07016
    0.09732
    0.00280
    0.00024
   -0.13019
    0.11731
    0.02165
   -0.01722
   -0.08661
    0.09745
    0.02354
   -0.03426
   -0.06055
    0.11708
   -0.00651
    0.03078
   -0.11726
    0.07797
   -0.08174
    0.08504
   -0.17364
    0.09813
   -0.01163
   -0.01340
   -0.07951
    0.10996
    0.09350
   -0.05568
   -0.05602
    0.08390
    0.03349
   -0.05696
   -0.04195
    0.08554
    0.05935
   -0.07894
   -0.06241
    0.11268
    0.01625
   -0.03932
    0.00788
    0.04234
    0.07874
   -0.07043
   -0.05106
    0.10689
    0.07167
   -0.05903
   -0.06259
    0.08484
   -0.00598
   -0.00899
   -0.13968
    0.13474
    0.04463
   -0.01369
   -0.11610
    0.12209
    0.08309
   -0.05843
   -0.06331
    0.12292
    0.00771
    0.03302
   -0.08068
    0.10191
   -0.00518
    0.00027
   -0.08974
    0.13060
    0.00698
    0.00883
   -0.05071
    0.06758
    0.03170
   -0.00800
   -0.04170
    0.06535
    0.01522
    0.02518
   -0.11223
    0.08843
   -0.02123
    0.04827
   -0.13309
    0.12123
    0.04332
   -0.00924
   -0.06819
    0.07371
    0.09048
   -0.03724
   -0.06577
    0.07571
   -0.01143
    0.01733
   -0.03607
    0.04300
    0.00641
   -0.02532
   -0.08434
    0.11502
   -0.00625
   -0.08207
    0.05939
    0.00806
   -0.01575
   -0.01831
   -0.01919
    0.05926
   -0.02226
   -0.02452
   -0.09244
    0.13025
   -0.03686
    0.02936
   -0.11281
    0.13040
   -0.01856
   -0.01913
   -0.01271
    0.06286
    0.03133
   -0.00680
   -0.07837
    0.09778
    0.02151
    0.01504
   -0.08209
    0.05912
   -0.01941
    0.02281
   -0.09166
    0.08191
    0.02143
   -0.03318
   -0.03019
    0.07149
    0.05883
   -0.02770
   -0.03970
    0.04419
   -0.07389
    0.05655
   -0.07923
    0.07648
   -0.07379
    0.11320
   -0.13311
    0.03092
   -0.06133
    0.01844
   -0.09326
    0.12320
    0.05705
    0.00291
   -0.04119
    0.00396
    0.00163
    0.00748
   -0.03551
    0.03161
    0.03859
   -0.04448
   -0.10161
    0.10243
   -0.02432
   -0.02653
    0.04528
   -0.00132
   -0.05659
   -0.00275
   -0.01228
    0.05004
   -0.00703
    0.01056
   -0.07886
    0.05131
   -0.02973
    0.03808
   -0.09985
    0.06439
   -0.02663
    0.03780
   -0.03133
    0.01710
    0.00599
   -0.00974
   -0.07793
    0.08973
