IntronPotTab 1 1024 -101.87925 2.92704 71.94632 65752 6 16 1327.18
    0.01959
   -0.06176
   -0.01784
    0.00540
   -0.00576
   -0.02036
   -0.15918
    0.06820
   -0.02957
   -0.03907
   -0.06682
    0.07504
    0.00412
   -0.04709
   -0.03905
    0.03172
   -0.01275
   -0.04489
   -0.01137
    0.04674
   -0.00301
   -0.00964
   -0.14567
    0.05972
   -0.04194
    0.01825
   -0.02513
    0.04509
   -0.00074
   -0.06105
   -0.05138
    0.04689
    0.00419
   -0.04960
   -0.02891
    0.03613
    0.02944
   -0.06348
   -0.11311
    0.03988
   -0.01507
   -0.01960
   -0.03017
    0.04345
    0.00057
   -0.07636
   -0.07326
    0.05313
   -0.01155
   -0.05106
   -0.00985
    0.03776
   -0.00798
   -0.03392
   -0.12798
    0.06929
   -0.04667
    0.00684
   -0.03677
    0.06130
   -0.00116
   -0.07633
   -0.03734
    0.03455
    0.02250
   -0.13118
    0.01224
    0.05026
   -0.03782
    0.01138
   -0.13442
    0.12695
   -0.01287
   -0.06444
   -0.04061
    0.07815
   -0.00390
   -0.08007
   -0.03679
    0.05567
    0.00501
   -0.04453
   -0.03007
    0.04034
    0.00691
   -0.02520
   -0.15316
    0.06129
   -0.03191
    0.00009
   -0.02259
    0.04415
    0.02534
   -0.04942
   -0.05447
    0.03980
    0.00592
   -0.07970
    0.00131
    0.04158
    0.00847
   -0.06344
   -0.04709
    0.05713
   -0.00185
   -0.03991
   -0.03705
    0.05139
    0.01573
   -0.06342
   -0.05910
    0.05748
    0.04469
   -0.14913
   -0.00412
    0.04653
    0.00899
   -0.03339
   -0.15531
    0.06590
    0.00008
   -0.04534
   -0.06018
    0.05805
    0.02237
   -0.10385
   -0.05359
    0.04525
    0.01617
   -0.05952
   -0.04471
    0.03474
    0.00818
   -0.02545
   -0.18306
    0.08569
   -0.04094
    0.00203
   -0.03776
    0.08143
    0.01703
   -0.05455
   -0.07315
    0.05441
    0.02084
   -0.05151
   -0.06560
    0.04619
   -0.00234
   -0.01356
   -0.12805
    0.06228
   -0.00095
   -0.00591
   -0.05401
    0.03755
    0.01357
   -0.05183
   -0.04559
    0.04351
    0.02485
   -0.07056
   -0.02948
    0.02352
    0.00102
    0.00250
   -0.14644
    0.06101
   -0.00578
   -0.03190
   -0.02268
    0.04492
   -0.01307
   -0.05982
   -0.04607
    0.06288
    0.03544
   -0.06957
   -0.11948
    0.06392
    0.02412
   -0.06526
   -0.14409
    0.05665
   -0.01899
   -0.02323
   -0.02839
    0.04795
    0.01928
   -0.08826
   -0.06353
    0.04261
    0.02669
   -0.06894
    0.00232
   -0.00861
   -0.01021
   -0.04106
   -0.16660
    0.08578
   -0.02295
   -0.04657
   -0.06306
    0.07589
    0.05662
   -0.14377
   -0.10134
   -0.03671
    0.02135
   -0.04485
    0.02637
   -0.01485
    0.00797
   -0.02888
   -0.12622
    0.05169
    0.00195
    0.01666
   -0.03968
    0.00584
    0.00811
   -0.06671
   -0.03506
    0.04003
    0.00036
   -0.03937
    0.01261
    0.01193
    0.01944
   -0.04191
   -0.14056
    0.04566
   -0.01934
   -0.03711
   -0.01965
    0.04788
   -0.00575
   -0.05595
   -0.05745
    0.04870
    0.02274
   -0.05345
    0.00904
   -0.00624
    0.00038
   -0.02671
   -0.15371
    0.06088
   -0.01654
   -0.00483
   -0.04280
    0.03542
    0.01665
   -0.09045
   -0.04911
    0.03230
    0.03367
   -0.10705
   -0.02621
    0.02751
   -0.03954
    0.00445
   -0.16219
    0.11066
   -0.00610
   -0.04092
   -0.03003
    0.04919
    0.01672
   -0.08626
   -0.04288
    0.05047
    0.05917
   -0.11821
    0.00169
    0.05969
   -0.00500
    0.00296
   -0.16098
    0.06422
    0.01687
   -0.02138
   -0.02028
    0.01394
    0.02404
   -0.08267
   -0.03480
    0.04686
    0.03026
   -0.08725
   -0.03113
    0.03456
    0.00320
   -0.02679
   -0.13161
    0.06312
   -0.00002
   -0.02619
   -0.01347
    0.02691
    0.01978
   -0.09394
   -0.04943
    0.05168
    0.04558
   -0.11121
   -0.02590
    0.03555
   -0.01639
   -0.03216
   -0.13558
    0.09562
    0.00016
   -0.02124
   -0.02649
    0.02718
    0.02028
   -0.11172
   -0.03329
    0.04539
    0.04006
   -0.10030
   -0.02183
    0.02871
    0.00990
   -0.04371
   -0.13311
    0.07384
    0.03484
   -0.06029
   -0.04015
    0.03775
    0.04936
   -0.10956
   -0.02111
    0.04649
    0.03500
   -0.06035
   -0.03878
    0.02699
    0.00938
    0.01595
   -0.15766
    0.01659
   -0.01542
   -0.00150
    0.01162
    0.00779
    0.01932
   -0.02383
   -0.04613
    0.03452
    0.03994
   -0.05160
   -0.03701
    0.01715
    0.03899
   -0.05151
   -0.05951
    0.03528
    0.01995
   -0.03114
   -0.01808
    0.01654
    0.03790
   -0.08103
   -0.03082
    0.04151
    0.06329
   -0.10693
   -0.03551
    0.00824
    0.03268
   -0.02149
   -0.15300
    0.04262
    0.02202
   -0.01862
   -0.04369
    0.02050
    0.03652
   -0.09731
   -0.02197
    0.03685
    0.04187
   -0.07499
   -0.05276
    0.02241
    0.00131
   -0.00715
   -0.12688
    0.09151
   -0.00208
   -0.03170
   -0.02335
    0.03873
    0.00811
   -0.02861
   -0.09040
    0.07625
    0.03823
   -0.07218
   -0.04946
    0.03738
    0.00878
    0.00498
   -0.11245
    0.04441
    0.00591
   -0.01196
   -0.02636
    0.02286
    0.00032
   -0.02203
   -0.05986
    0.05042
    0.01925
   -0.04838
   -0.01808
    0.01847
    0.01825
    0.01183
   -0.13632
    0.04864
    0.01064
   -0.05635
   -0.00441
    0.03010
    0.03886
   -0.05230
   -0.08346
    0.04618
    0.06049
   -0.09751
   -0.05089
    0.01445
   -0.00491
    0.00521
   -0.12321
    0.07524
    0.01057
   -0.02057
   -0.00708
    0.00641
    0.02429
   -0.10130
   -0.07894
    0.06152
    0.02674
   -0.09986
   -0.03955
    0.03096
    0.04179
   -0.00984
   -0.15990
    0.00576
    0.01111
   -0.05516
   -0.04877
    0.05227
    0.02411
   -0.08987
   -0.04407
    0.03846
    0.03776
   -0.10087
   -0.02616
    0.02807
    0.01702
   -0.01097
   -0.13093
    0.03254
    0.01180
   -0.00590
   -0.04366
    0.01614
    0.04538
   -0.08960
   -0.02312
    0.04252
    0.00883
   -0.05262
   -0.03631
    0.03717
    0.04626
   -0.05865
   -0.12842
    0.01990
    0.01221
   -0.04814
   -0.03496
    0.03602
    0.02961
   -0.07089
   -0.05767
    0.03832
    0.04533
   -0.09822
   -0.04260
    0.01755
    0.01433
   -0.03023
   -0.16941
    0.04923
    0.01311
   -0.03309
   -0.06738
    0.04060
    0.03460
   -0.09797
   -0.06183
    0.03854
    0.01842
   -0.04691
   -0.04319
    0.01918
    0.01735
    0.00200
   -0.22582
    0.06864
   -0.02712
   -0.00834
   -0.04790
    0.06605
    0.02696
   -0.03370
   -0.09909
    0.05890
    0.01728
   -0.05535
   -0.05079
    0.03898
    0.02605
   -0.02485
   -0.16547
    0.04637
   -0.03617
    0.01016
   -0.02689
    0.05046
    0.02893
   -0.04808
   -0.07272
    0.04745
    0.03184
   -0.03566
   -0.08116
    0.04968
    0.03506
   -0.04721
   -0.11693
    0.03791
   -0.04517
   -0.01579
    0.00463
    0.05175
    0.00952
   -0.04651
   -0.08828
    0.06027
    0.01839
   -0.06846
   -0.06464
    0.03665
    0.03403
   -0.05209
   -0.15713
    0.05118
   -0.04251
    0.03507
   -0.04222
    0.07168
    0.01346
   -0.07674
   -0.05832
    0.04685
    0.02286
   -0.06568
   -0.04583
    0.03691
    0.01588
   -0.02151
   -0.16677
    0.06725
    0.00768
   -0.05112
   -0.02379
    0.04332
    0.02663
   -0.07100
   -0.05263
    0.04307
    0.02829
   -0.03513
   -0.06002
    0.02402
    0.02597
    0.01397
   -0.18711
    0.03224
    0.00840
   -0.04185
    0.00249
    0.01965
    0.02968
   -0.04977
   -0.05139
    0.04081
    0.01776
   -0.06322
   -0.04391
    0.04637
    0.03370
   -0.07707
   -0.06118
    0.05369
    0.01534
   -0.04851
   -0.02521
    0.03542
    0.03728
   -0.07505
   -0.06551
    0.06083
    0.04716
   -0.07817
   -0.05976
    0.02593
    0.03062
   -0.04893
   -0.16937
    0.05932
    0.01542
   -0.03137
   -0.04091
    0.03049
    0.02767
   -0.07628
   -0.04592
    0.04086
    0.02662
   -0.05444
   -0.04974
    0.02370
    0.03430
   -0.00677
   -0.16437
    0.04815
   -0.01654
   -0.02929
   -0.02230
    0.05820
    0.01067
   -0.03816
   -0.07724
    0.06768
    0.01436
   -0.05346
   -0.05638
    0.05037
    0.00868
   -0.01863
   -0.11787
    0.05883
   -0.00563
    0.00851
   -0.04196
    0.02884
    0.03354
   -0.05989
   -0.03205
    0.02880
    0.01696
   -0.04261
   -0.01094
    0.01373
    0.02847
   -0.02770
   -0.14071
    0.05764
   -0.02085
   -0.02304
    0.02847
   -0.00951
   -0.01445
   -0.05686
   -0.03430
    0.06213
    0.02196
   -0.04255
   -0.04627
    0.02894
    0.03204
   -0.03383
   -0.14423
    0.04676
   -0.00818
   -0.00890
   -0.03179
    0.03742
    0.00668
   -0.07528
   -0.04121
    0.04751
    0.02697
   -0.04547
   -0.05947
    0.01507
    0.01067
   -0.02765
   -0.19133
    0.07562
    0.03857
   -0.01657
   -0.04271
   -0.00485
    0.04876
   -0.05238
   -0.11545
    0.05426
    0.03700
   -0.04836
   -0.03030
    0.00347
    0.02709
   -0.01498
   -0.13801
    0.03404
    0.01562
   -0.00906
   -0.00258
   -0.00645
    0.03162
   -0.06484
   -0.05567
    0.04190
    0.02362
   -0.02871
   -0.06276
    0.02408
    0.03828
   -0.03497
   -0.15106
    0.04817
   -0.00969
   -0.02250
   -0.02963
    0.03283
    0.03641
   -0.00968
   -0.10073
    0.07825
    0.03319
   -0.04103
   -0.06647
    0.01207
    0.02578
   -0.03970
   -0.18437
    0.06036
    0.00456
    0.02079
   -0.03861
    0.00373
    0.02755
   -0.07286
   -0.09944
    0.05069
    0.01550
   -0.06660
   -0.01045
    0.01044
    0.00687
   -0.04244
   -0.17659
    0.06206
   -0.00880
   -0.04561
   -0.05609
    0.05618
   -0.01236
   -0.04685
   -0.02777
    0.03626
    0.01338
   -0.07567
   -0.00927
    0.02353
    0.03848
   -0.04271
   -0.11388
    0.01842
   -0.00507
    0.00940
   -0.03294
    0.01508
   -0.02927
   -0.05635
   -0.02390
    0.05497
    0.01325
   -0.05748
   -0.01895
    0.02098
    0.02712
   -0.02997
   -0.15245
    0.04139
    0.00849
   -0.02277
   -0.03647
    0.02881
   -0.03656
   -0.04600
   -0.04360
    0.06036
   -0.05120
   -0.13215
   -0.09652
    0.05180
    0.01413
   -0.05331
   -0.16427
    0.05507
    0.00991
   -0.00083
   -0.02660
    0.00333
   -0.01186
   -0.07550
   -0.03381
    0.03740
    0.03975
   -0.09015
   -0.00557
    0.00086
    0.04149
   -0.07150
   -0.15398
    0.05665
    0.01066
   -0.04817
   -0.03195
    0.03821
    0.06768
   -0.13415
    0.00850
    0.03827
    0.03330
   -0.06045
   -0.02759
    0.01221
    0.02855
   -0.00893
   -0.13514
    0.02566
    0.00327
   -0.01384
    0.00511
    0.00343
    0.05167
   -0.08810
   -0.03154
    0.03428
    0.02326
   -0.05464
   -0.03652
    0.02673
    0.03653
   -0.08385
   -0.05306
    0.04338
    0.01813
   -0.01540
   -0.04146
    0.01827
    0.03885
   -0.10241
   -0.00116
    0.03849
    0.04230
   -0.07250
   -0.01675
   -0.00009
    0.04744
   -0.03149
   -0.14850
    0.01827
    0.01962
   -0.04130
   -0.03411
    0.02352
    0.03630
   -0.10627
   -0.02426
    0.03765
    0.03162
   -0.04765
   -0.04444
    0.00224
    0.03019
    0.00052
   -0.23046
    0.07818
    0.00766
   -0.02218
   -0.04041
    0.02827
    0.03855
   -0.01850
   -0.09812
    0.05593
    0.03092
   -0.06162
   -0.04871
    0.02149
    0.03301
   -0.01301
   -0.15344
    0.02818
    0.01354
    0.01357
   -0.03123
   -0.00477
    0.02115
   -0.03613
   -0.07323
    0.04930
    0.03514
   -0.04917
   -0.02993
   -0.00255
    0.03702
   -0.01808
   -0.16176
    0.04336
   -0.00300
   -0.02715
   -0.00644
    0.02226
    0.01929
   -0.04275
   -0.08413
    0.05699
    0.05621
   -0.08105
   -0.03219
   -0.00678
    0.03554
   -0.03939
   -0.18819
    0.04405
    0.04791
    0.00960
   -0.01479
   -0.02381
    0.04143
   -0.05873
   -0.10389
    0.04778
    0.02421
   -0.06150
   -0.00582
   -0.00688
    0.02270
   -0.06887
   -0.15956
    0.05303
   -0.00727
   -0.04318
   -0.03098
    0.04286
    0.02688
   -0.07376
   -0.00965
    0.00695
    0.02445
   -0.03835
   -0.01844
   -0.00316
    0.02839
   -0.04126
   -0.12304
    0.02753
    0.01543
   -0.00562
   -0.02633
    0.00165
    0.02655
   -0.06785
   -0.02024
    0.02098
    0.00117
   -0.02731
   -0.01369
    0.01670
    0.03490
   -0.05947
   -0.13872
    0.03194
   -0.00433
   -0.02994
   -0.01834
    0.02792
    0.02059
   -0.04959
   -0.03419
    0.01565
    0.02659
   -0.06081
   -0.02959
    0.00435
    0.01556
   -0.03658
   -0.15402
    0.03952
    0.01080
   -0.02144
   -0.04772
    0.01878
    0.01092
   -0.09942
   -0.05729
    0.03872
