IntronPotTab 1 1024 0.10106
   -0.01684
    0.02127
    0.01238
    0.01034
    0.00592
    0.00028
   -0.06397
    0.01949
   -0.01232
   -0.00604
   -0.01301
    0.02201
   -0.01520
    0.00268
    0.01411
    0.00801
   -0.01166
   -0.00125
    0.00149
    0.01428
    0.00162
   -0.00072
   -0.04675
    0.01849
   -0.02584
   -0.01333
   -0.00623
    0.03502
   -0.01159
   -0.00726
    0.01392
    0.00494
   -0.00934
   -0.00080
   -0.01581
    0.02612
    0.00838
   -0.00456
   -0.04368
    0.01272
   -0.01399
    0.00185
   -0.01300
    0.02338
   -0.01388
   -0.01339
    0.00766
    0.01372
   -0.00678
    0.00878
    0.02152
   -0.00301
    0.00647
   -0.00571
   -0.05393
    0.02182
   -0.01108
   -0.00578
   -0.01407
    0.01943
   -0.01298
   -0.00515
    0.01904
    0.00426
    0.00120
   -0.00381
    0.00381
   -0.00128
   -0.00422
   -0.00211
   -0.05396
    0.03161
   -0.01230
   -0.00913
   -0.02044
    0.02863
   -0.02329
   -0.00918
    0.02952
    0.01012
   -0.00436
   -0.01880
    0.00521
    0.01505
   -0.00092
   -0.00578
   -0.05330
    0.02859
   -0.00331
   -0.01230
   -0.00553
    0.01484
   -0.05254
    0.01185
    0.01978
    0.03974
   -0.00394
   -0.02698
    0.00838
    0.01531
    0.00160
    0.00301
   -0.06387
    0.03504
   -0.00471
   -0.01457
    0.00163
    0.01296
   -0.01160
   -0.02012
   -0.00432
    0.02225
    0.00239
   -0.00150
    0.00410
   -0.00351
    0.01302
   -0.01360
   -0.04306
    0.01566
   -0.00263
   -0.02464
   -0.01636
    0.02432
   -0.01346
   -0.01926
    0.01317
    0.01165
   -0.00087
    0.01635
   -0.03605
    0.01815
    0.00856
    0.00228
   -0.05806
    0.01834
   -0.03058
    0.02014
   -0.00921
    0.04722
   -0.01532
   -0.00458
    0.00057
    0.01651
   -0.00037
   -0.01059
   -0.01222
    0.01607
   -0.00280
   -0.01602
   -0.04071
    0.03596
   -0.00741
   -0.02332
    0.00491
    0.01884
   -0.01082
   -0.00731
    0.00341
    0.01126
    0.00284
    0.00890
   -0.04403
    0.02654
   -0.00327
    0.01142
   -0.07132
    0.03378
   -0.01903
    0.00700
   -0.02067
    0.03434
   -0.05972
    0.03355
    0.00584
    0.04736
    0.00319
   -0.00736
   -0.00057
    0.00061
    0.01276
   -0.01221
   -0.06553
    0.02474
   -0.00095
   -0.00962
   -0.02621
    0.02342
   -0.01413
   -0.01270
    0.00033
    0.01445
    0.00968
    0.02215
    0.01612
   -0.02384
    0.00333
   -0.01410
   -0.05477
    0.02610
   -0.00780
    0.00805
   -0.03190
    0.02292
   -0.02721
    0.02175
    0.02727
    0.00624
   -0.00520
   -0.00256
    0.01935
   -0.00331
   -0.00265
   -0.00654
   -0.03522
    0.02118
   -0.01085
   -0.01782
    0.01619
    0.01155
   -0.02619
   -0.00306
    0.01069
    0.01727
   -0.00048
   -0.00662
    0.00620
    0.00070
   -0.00495
    0.01008
   -0.06788
    0.02680
   -0.01300
   -0.00161
   -0.00766
    0.01907
   -0.02399
    0.00203
    0.00426
    0.01895
    0.01015
    0.01452
    0.02605
   -0.02208
    0.00233
   -0.00317
   -0.05778
    0.02210
   -0.00398
   -0.00180
   -0.01319
    0.01039
   -0.01099
   -0.00436
    0.02008
    0.00171
   -0.00879
    0.00384
    0.00716
    0.00650
   -0.00055
    0.00351
   -0.04267
    0.01663
   -0.00594
   -0.00433
   -0.00859
    0.01327
   -0.01810
    0.00461
    0.00827
    0.01114
    0.00787
   -0.04315
    0.01012
    0.01780
    0.00895
    0.00027
   -0.05780
    0.01589
    0.00167
   -0.02233
   -0.01428
    0.02024
   -0.00304
   -0.01752
    0.00722
    0.00780
   -0.00657
    0.00251
   -0.01085
    0.01436
   -0.00005
    0.00525
   -0.04548
    0.01613
   -0.00634
    0.00540
   -0.00599
    0.00837
   -0.00136
   -0.01904
   -0.00457
    0.01293
   -0.00455
   -0.00354
    0.00942
    0.00267
    0.00195
   -0.00587
   -0.04992
    0.02244
   -0.01238
   -0.01361
   -0.02076
    0.02966
   -0.01545
   -0.00479
    0.01850
    0.00414
    0.00552
   -0.01772
   -0.00915
    0.00876
    0.01614
   -0.02048
   -0.04630
    0.01885
   -0.00330
   -0.02474
   -0.01067
    0.02803
   -0.00316
   -0.02546
    0.01721
    0.00779
    0.00220
   -0.02866
   -0.00401
    0.02142
    0.01719
   -0.01848
   -0.02553
    0.01657
    0.00946
   -0.02825
   -0.00079
    0.01292
   -0.00489
   -0.01841
    0.01089
    0.01128
   -0.00100
   -0.01297
   -0.01215
    0.01916
    0.00493
   -0.02237
   -0.04155
    0.04178
   -0.00278
   -0.01160
   -0.00181
    0.01332
    0.00341
   -0.03364
    0.00318
    0.01597
    0.01516
   -0.02295
    0.01205
   -0.00488
    0.02962
   -0.03051
   -0.03016
    0.01008
   -0.00272
   -0.02846
   -0.01575
    0.02906
    0.00398
   -0.03295
    0.01097
    0.01150
    0.00411
   -0.00450
   -0.00515
    0.00015
    0.01186
    0.01844
   -0.06706
    0.01640
   -0.00344
   -0.01272
   -0.00413
    0.01382
   -0.00482
    0.00576
   -0.00399
    0.00323
   -0.00001
   -0.01593
    0.00655
    0.00744
    0.00224
    0.01630
   -0.05709
    0.02366
   -0.00487
   -0.01825
    0.02389
   -0.00116
   -0.00626
   -0.01402
    0.00368
    0.01197
    0.00287
   -0.00434
   -0.01497
    0.01071
    0.01368
    0.00422
   -0.07080
    0.03255
   -0.00107
   -0.01030
    0.00723
    0.00249
   -0.00412
   -0.01205
   -0.03256
    0.03131
    0.00680
   -0.00603
    0.01724
   -0.01279
    0.01759
   -0.00206
   -0.07129
    0.02551
    0.00991
   -0.00782
   -0.01863
    0.00718
   -0.00056
   -0.01316
    0.01015
    0.00158
   -0.00493
    0.00521
   -0.00066
    0.00390
    0.00807
   -0.02357
   -0.03914
    0.02152
   -0.00514
   -0.01112
   -0.02082
    0.02466
   -0.03739
    0.00653
    0.02548
    0.01634
   -0.00459
   -0.01715
    0.00601
    0.01259
    0.01658
    0.00043
   -0.04119
   -0.00067
   -0.00171
   -0.01276
   -0.00511
    0.01208
    0.01307
   -0.04385
    0.02577
    0.01683
   -0.00951
   -0.00710
   -0.00181
    0.01778
   -0.00431
    0.00948
   -0.06253
    0.02206
   -0.01192
   -0.00740
   -0.01481
    0.02737
   -0.00943
   -0.01794
    0.00024
    0.01748
    0.00539
   -0.02013
    0.00540
    0.00293
    0.01887
   -0.00650
   -0.03533
   -0.00148
   -0.00393
   -0.01432
   -0.02359
    0.02524
   -0.00234
   -0.01152
    0.01894
   -0.00119
   -0.01622
    0.01497
    0.00253
    0.01404
    0.00471
   -0.00371
   -0.05018
    0.02034
   -0.02852
    0.00959
   -0.00601
    0.03715
   -0.01416
   -0.00385
    0.00931
    0.00951
   -0.00703
   -0.00829
   -0.00676
    0.01752
    0.00294
   -0.00870
   -0.05687
    0.03224
   -0.01557
   -0.00548
   -0.01663
    0.03033
   -0.00275
   -0.01158
    0.00506
    0.00427
    0.00110
    0.02133
   -0.04633
    0.03847
    0.00779
    0.00422
   -0.05273
    0.01576
   -0.02672
    0.01867
   -0.01506
    0.03537
   -0.01122
   -0.00920
   -0.00670
    0.01766
   -0.00808
   -0.00150
    0.00669
    0.00597
    0.01260
   -0.01134
   -0.04421
    0.01518
   -0.01327
   -0.00274
   -0.01863
    0.02840
   -0.00478
   -0.01706
    0.01700
    0.00202
   -0.00367
    0.00155
   -0.00679
    0.00713
    0.00858
   -0.02730
   -0.05223
    0.03283
   -0.00654
   -0.02080
   -0.01977
    0.03006
   -0.01735
   -0.01404
    0.02116
    0.00895
   -0.00313
   -0.01110
   -0.00812
    0.01573
    0.01222
   -0.01273
   -0.05532
    0.02431
    0.00329
   -0.02309
   -0.00627
    0.01858
   -0.00300
   -0.01185
   -0.00047
    0.01006
   -0.00611
   -0.01685
    0.00069
    0.01753
    0.01055
   -0.01228
   -0.04382
    0.03156
   -0.00276
   -0.02482
   -0.01118
    0.02894
   -0.01382
   -0.01158
    0.00247
    0.01596
   -0.00417
    0.00064
   -0.00483
    0.00629
    0.01176
   -0.01701
   -0.05449
    0.02361
    0.00011
   -0.02011
   -0.02621
    0.02898
   -0.00411
   -0.01899
    0.00724
    0.00879
   -0.00354
    0.00591
   -0.01991
    0.01667
    0.00634
    0.01260
   -0.06069
    0.02000
   -0.01634
    0.01117
   -0.02478
    0.04153
   -0.00655
   -0.00832
   -0.00437
    0.01115
   -0.00438
   -0.01742
   -0.00220
    0.01920
    0.00379
   -0.01045
   -0.05558
    0.04095
   -0.00699
   -0.01067
   -0.01963
    0.03177
   -0.00026
   -0.01635
   -0.00202
    0.01121
   -0.00305
   -0.00275
   -0.01911
    0.02277
    0.00523
    0.00461
   -0.04822
    0.02206
   -0.01586
    0.00366
   -0.01385
    0.03382
   -0.01661
   -0.01388
   -0.01147
    0.02642
   -0.00010
   -0.02772
    0.00830
    0.01251
    0.01200
   -0.00033
   -0.05812
    0.01899
   -0.00357
   -0.01800
   -0.01940
    0.02739
   -0.00507
   -0.02534
    0.00192
    0.01369
   -0.00284
    0.02119
   -0.02431
    0.00511
    0.01224
   -0.04068
   -0.05070
    0.03603
   -0.00284
    0.01404
   -0.04371
    0.02933
   -0.03855
    0.01514
    0.01630
    0.02005
   -0.00540
   -0.00849
    0.00665
    0.00730
    0.00507
   -0.00897
   -0.04806
    0.02564
    0.00005
    0.00028
    0.00526
   -0.00355
   -0.01110
   -0.01693
    0.01452
    0.00814
   -0.00429
   -0.00011
   -0.00906
    0.01101
   -0.00011
   -0.00148
   -0.06452
    0.03365
   -0.00572
    0.00253
   -0.02152
    0.01792
   -0.01116
   -0.00364
   -0.02708
    0.03013
    0.00307
    0.00544
   -0.00421
   -0.00367
    0.00792
   -0.00867
   -0.05071
    0.02055
   -0.00446
   -0.00366
   -0.02650
    0.02136
   -0.00470
   -0.00935
    0.00831
    0.00305
   -0.00458
    0.01527
    0.01345
   -0.00518
    0.01047
    0.00355
   -0.05674
    0.00665
   -0.00244
   -0.00528
    0.00424
    0.00236
   -0.04245
    0.02359
    0.02641
    0.02291
    0.00112
   -0.01559
    0.01018
    0.00117
    0.02974
    0.01449
   -0.01759
   -0.02518
   -0.00569
   -0.02158
    0.00503
    0.01351
   -0.01021
   -0.00998
    0.02345
   -0.00031
   -0.00113
    0.00599
   -0.00104
   -0.00088
    0.00720
    0.00725
   -0.04286
    0.00563
    0.02057
    0.03426
    0.01371
   -0.03363
   -0.01637
   -0.00401
    0.00785
    0.01042
    0.00291
   -0.01032
    0.00487
   -0.00024
   -0.00116
    0.00780
   -0.04264
    0.01408
   -0.00357
   -0.00975
   -0.00375
    0.00830
   -0.04204
    0.01012
    0.02724
    0.01676
   -0.00320
   -0.00751
    0.00263
    0.00683
    0.01173
   -0.02705
   -0.04806
    0.02255
   -0.00941
   -0.01863
   -0.02090
    0.03066
   -0.00958
   -0.01784
    0.02483
    0.00496
    0.00084
   -0.01979
   -0.00586
    0.01428
    0.01470
   -0.01009
   -0.03608
    0.00873
    0.00426
   -0.00713
   -0.01238
    0.00834
    0.00062
   -0.02954
    0.01416
    0.01120
    0.00385
   -0.02627
    0.00280
    0.00829
    0.00496
   -0.01112
   -0.04140
    0.02665
   -0.00043
   -0.01632
   -0.00339
    0.01382
    0.00127
   -0.02814
    0.01339
    0.00711
    0.00193
   -0.01488
    0.00753
    0.00303
    0.03578
   -0.02610
   -0.02372
   -0.00552
   -0.00140
   -0.02415
   -0.01541
    0.02210
    0.00756
   -0.04741
    0.02828
    0.01065
   -0.00012
    0.00022
   -0.00752
    0.00449
    0.01382
   -0.00658
   -0.06236
    0.01943
   -0.00547
   -0.01550
   -0.00549
    0.01850
   -0.01772
    0.00434
   -0.00221
    0.01466
    0.00045
   -0.01271
   -0.01253
    0.01528
    0.01647
   -0.01438
   -0.05575
    0.01581
    0.00666
   -0.02301
   -0.00370
    0.00938
   -0.00666
   -0.01137
   -0.00569
    0.01545
    0.00606
   -0.01408
   -0.01241
    0.00888
    0.02017
   -0.00033
   -0.07655
    0.01764
   -0.00349
   -0.00609
   -0.00892
    0.01306
   -0.01297
   -0.00322
   -0.01185
    0.01968
    0.00588
   -0.01368
    0.01549
   -0.00611
    0.01761
   -0.01667
   -0.06657
    0.02016
    0.00705
   -0.01095
   -0.00764
    0.00274
    0.00189
   -0.01786
   -0.00411
    0.00756
   -0.00576
    0.01647
    0.00599
   -0.00157
    0.00509
   -0.02226
   -0.05165
    0.02441
   -0.01268
   -0.00531
   -0.02220
    0.02705
   -0.02618
    0.01264
    0.02405
    0.00590
   -0.01119
   -0.00132
    0.00361
    0.01160
    0.00741
   -0.01708
   -0.04046
    0.01691
   -0.00247
   -0.00321
   -0.00373
    0.00655
   -0.00584
   -0.01934
    0.01586
    0.00588
   -0.01083
   -0.00130
    0.00722
    0.01106
   -0.00047
   -0.00439
   -0.06363
    0.02617
   -0.01029
   -0.00211
   -0.00961
    0.01638
   -0.01385
   -0.01097
    0.01255
    0.00944
   -0.00535
    0.00125
    0.00881
    0.00151
    0.00547
   -0.00779
   -0.04720
    0.01488
   -0.01419
   -0.00788
   -0.01319
    0.02227
    0.00880
   -0.00470
    0.02774
   -0.01254
