IntronPotTab 1 1024 -16.55200 0.86629 15.35513 55374 6 16  123.77
    0.03239
   -0.01547
   -0.00656
   -0.01932
   -0.02946
   -0.03792
    0.00025
    0.05942
    0.00686
   -0.01288
    0.00612
    0.00205
   -0.01595
   -0.07421
    0.03004
    0.04409
    0.01577
   -0.02489
   -0.01325
    0.01967
   -0.01241
   -0.03905
   -0.00637
    0.05219
    0.00733
   -0.02806
   -0.00908
    0.02857
    0.07623
   -0.07868
    0.03667
   -0.01467
    0.00419
   -0.01635
    0.01782
   -0.00736
   -0.00154
   -0.04610
   -0.01913
    0.04706
    0.02448
   -0.03685
   -0.00210
    0.01148
   -0.02419
   -0.07007
    0.04065
    0.03762
   -0.00814
   -0.00996
    0.01470
    0.00589
   -0.01549
   -0.05346
    0.00402
    0.05608
   -0.00811
   -0.00415
   -0.01230
    0.02505
   -0.00897
   -0.05805
    0.04531
    0.00542
   -0.00443
   -0.02010
   -0.01703
    0.05127
    0.00857
   -0.04919
   -0.04316
    0.08133
   -0.00351
   -0.02583
   -0.00808
    0.04900
   -0.03600
   -0.07850
    0.01748
    0.08153
    0.02738
   -0.04057
   -0.00619
    0.02135
    0.02025
   -0.00100
   -0.02893
    0.00778
    0.01612
   -0.04099
    0.01671
    0.01231
    0.06640
   -0.04024
    0.00899
   -0.00274
    0.00400
   -0.01364
   -0.02657
    0.04473
    0.01405
   -0.06868
   -0.04228
    0.07903
    0.02597
   -0.04471
   -0.02397
    0.04377
   -0.03437
   -0.06660
    0.00746
    0.08948
    0.18950
   -0.10070
   -0.11269
   -0.00571
    0.07353
   -0.08419
   -0.05847
    0.07627
    0.14413
   -0.08219
   -0.08787
    0.03074
    0.09164
   -0.10594
   -0.02240
    0.08551
    0.04887
   -0.05669
   -0.01160
    0.01903
    0.02399
   -0.06468
   -0.02327
    0.06058
    0.06494
   -0.06987
   -0.00282
    0.01933
    0.02971
   -0.08370
    0.01600
    0.05074
    0.04364
   -0.03529
   -0.01070
   -0.00127
    0.02722
   -0.03316
   -0.03613
    0.03047
    0.02969
   -0.03707
   -0.00102
    0.00917
    0.11472
   -0.06624
    0.02549
   -0.03287
   -0.01052
   -0.00478
    0.01776
   -0.00651
    0.02308
   -0.10216
   -0.02836
    0.08059
    0.03135
   -0.07913
    0.06727
   -0.01174
   -0.03144
   -0.08961
    0.03813
    0.05835
   -0.01045
   -0.05805
    0.00791
    0.06691
    0.01806
   -0.06627
   -0.02985
    0.07411
    0.00339
   -0.03346
   -0.00620
    0.04021
    0.00775
   -0.12254
    0.03374
    0.06191
   -0.03559
    0.03618
   -0.04361
    0.03896
   -0.04387
   -0.06503
   -0.00945
    0.09631
    0.00877
   -0.03922
   -0.02592
    0.04696
   -0.05394
   -0.05017
    0.02528
    0.05642
    0.01878
   -0.01703
   -0.02944
    0.01878
   -0.03121
   -0.00201
   -0.02439
    0.06478
    0.02690
   -0.02191
   -0.02947
    0.01092
    0.11334
   -0.05482
    0.01565
   -0.03432
   -0.01710
    0.00262
   -0.04052
    0.04945
   -0.00017
   -0.12728
   -0.04634
    0.11106
    0.02695
   -0.04909
   -0.01207
    0.02959
   -0.02301
   -0.12216
    0.05021
    0.07205
    0.01666
   -0.04220
   -0.10628
    0.07466
   -0.01757
   -0.05884
   -0.01809
    0.07979
    0.00601
   -0.02757
   -0.05092
    0.06333
   -0.00707
   -0.08609
    0.00105
    0.06330
    0.02103
   -0.03823
   -0.00294
    0.01573
   -0.00640
   -0.03670
   -0.01108
    0.04879
    0.02126
   -0.01771
   -0.02904
    0.01796
   -0.04409
   -0.07857
    0.03234
    0.06956
    0.02898
   -0.02283
   -0.00998
   -0.00089
   -0.01185
    0.01893
   -0.01875
    0.02177
    0.00332
   -0.00532
   -0.03135
    0.02579
    0.05471
   -0.05229
    0.01631
   -0.00783
    0.00899
   -0.02038
    0.02446
   -0.01532
   -0.00727
   -0.02103
   -0.03418
    0.05450
    0.01856
   -0.01645
    0.01080
   -0.01458
   -0.00859
   -0.04775
    0.01889
    0.03357
   -0.00734
   -0.01165
   -0.05207
    0.05350
   -0.00747
   -0.04294
    0.00041
    0.04417
   -0.02057
   -0.00360
   -0.04482
    0.06220
   -0.02348
   -0.07606
    0.01458
    0.05437
    0.01014
   -0.01221
   -0.02092
    0.03467
   -0.00130
   -0.01341
   -0.02926
    0.04848
    0.00198
   -0.01438
   -0.03718
    0.04871
   -0.00661
   -0.05457
   -0.01352
    0.07914
    0.04286
   -0.02595
   -0.02743
    0.01359
   -0.03863
    0.06042
   -0.05077
    0.03672
    0.01206
   -0.02678
    0.00078
    0.01396
    0.03122
    0.00871
   -0.00744
   -0.01873
    0.01670
   -0.00374
   -0.04061
    0.03909
    0.00338
   -0.03309
   -0.04190
    0.06479
   -0.00344
   -0.07328
    0.00229
    0.07265
   -0.00590
   -0.04166
   -0.01639
    0.07298
    0.05202
   -0.00709
   -0.07340
    0.01440
    0.02932
   -0.05178
   -0.05353
    0.09806
    0.03588
   -0.02535
   -0.07076
    0.06968
    0.06471
   -0.07422
   -0.04712
    0.11637
    0.03370
   -0.05490
   -0.01726
    0.04938
   -0.00436
   -0.03283
   -0.01349
    0.05152
    0.03274
   -0.04632
   -0.01642
    0.03447
    0.00173
   -0.06852
    0.00949
    0.06492
    0.02248
   -0.02624
   -0.01909
    0.03019
    0.02384
   -0.02257
   -0.03647
    0.03162
    0.02078
   -0.04884
   -0.02140
    0.04760
    0.08436
   -0.05441
    0.00012
    0.00218
    0.00955
   -0.02788
   -0.01223
    0.03304
    0.01958
   -0.07123
   -0.03273
    0.07466
    0.01300
   -0.04703
    0.01152
    0.02103
    0.02569
   -0.07571
   -0.00136
    0.05709
   -0.00496
   -0.04645
   -0.04661
    0.11420
    0.01199
   -0.06043
   -0.01316
    0.05926
   -0.04621
   -0.02920
   -0.00536
    0.07658
    0.01659
   -0.10694
    0.01642
    0.07564
   -0.15419
    0.20462
   -0.21724
    0.06910
   -0.00951
   -0.06332
   -0.04020
    0.09402
    0.00555
   -0.03564
   -0.01433
    0.04585
   -0.05215
   -0.07057
   -0.01039
    0.10079
   -0.04037
    0.07254
   -0.07744
    0.03654
   -0.02412
    0.04485
   -0.03532
    0.03101
    0.01542
   -0.00229
   -0.06024
    0.03118
    0.07476
   -0.01909
   -0.01630
   -0.01087
   -0.11500
    0.15370
   -0.14334
    0.05833
   -0.02011
   -0.07219
   -0.05183
    0.08757
   -0.00119
   -0.03663
   -0.03326
    0.05727
   -0.01090
   -0.09979
    0.02260
    0.07335
   -0.05071
    0.04927
   -0.10133
    0.06444
    0.00531
   -0.03403
   -0.02361
    0.04070
   -0.04070
    0.00583
   -0.07813
    0.10323
   -0.00845
   -0.09908
   -0.00418
    0.08455
    0.01611
   -0.01612
   -0.00917
    0.00477
   -0.01005
   -0.04050
   -0.00700
    0.04777
    0.00358
   -0.02034
    0.01463
    0.00504
   -0.02933
   -0.07760
    0.02695
    0.06241
    0.03308
   -0.02279
   -0.01110
   -0.00556
   -0.00041
   -0.00897
   -0.02057
    0.02859
    0.01006
   -0.03725
   -0.00977
    0.03490
    0.06734
   -0.07881
    0.05395
   -0.03014
   -0.00920
   -0.03243
    0.04450
   -0.00632
   -0.01013
   -0.06303
   -0.03034
    0.06510
    0.01513
   -0.04520
    0.03556
   -0.00009
   -0.00619
   -0.07191
    0.04031
    0.02512
   -0.00201
    0.00927
   -0.06080
    0.03660
    0.00961
   -0.08945
    0.00798
    0.05475
   -0.01208
   -0.01823
   -0.00828
    0.04312
   -0.01175
   -0.07766
    0.03880
    0.02818
   -0.01424
    0.00394
   -0.04297
    0.06510
    0.01776
   -0.05950
   -0.05055
    0.08615
    0.03071
   -0.04671
   -0.01935
    0.05757
   -0.02220
   -0.07806
    0.01115
    0.08502
    0.02509
   -0.02791
   -0.03490
    0.03588
   -0.01828
    0.03479
   -0.04133
    0.03233
   -0.00139
   -0.03230
    0.02636
    0.02001
    0.10032
   -0.03955
   -0.01349
    0.00419
   -0.00801
   -0.01065
   -0.01841
    0.04110
   -0.00432
   -0.05967
   -0.04869
    0.08411
    0.00782
   -0.04430
   -0.00569
    0.05128
   -0.02322
   -0.06730
    0.03787
    0.05185
    0.14576
   -0.06925
   -0.09238
    0.00730
    0.03696
   -0.05280
   -0.06651
    0.08372
    0.07719
   -0.05559
   -0.06494
    0.06240
    0.08589
   -0.11337
   -0.02369
    0.11110
    0.02954
   -0.06445
   -0.02006
    0.06192
    0.01267
   -0.06278
   -0.03566
    0.08193
    0.04331
   -0.04747
   -0.00433
    0.00747
    0.03307
   -0.11800
    0.04205
    0.04652
    0.04812
   -0.03628
   -0.02584
    0.00501
   -0.01681
    0.00089
   -0.02310
    0.04907
    0.02696
   -0.05199
    0.00264
    0.01730
    0.06470
   -0.06859
    0.02390
   -0.00814
    0.01361
   -0.04380
    0.01222
    0.00935
    0.00469
   -0.07647
   -0.02634
    0.07019
    0.00822
   -0.05224
    0.03805
    0.00473
   -0.01073
   -0.10948
    0.03396
    0.06634
   -0.00837
   -0.02751
   -0.04702
    0.08432
    0.00768
   -0.09387
   -0.01410
    0.07658
   -0.03553
   -0.01946
   -0.00281
    0.05916
    0.03103
   -0.12504
    0.02838
    0.05169
   -0.00979
    0.03532
   -0.07217
    0.04458
   -0.02632
   -0.03908
   -0.07214
    0.11303
    0.01025
   -0.00347
   -0.04541
    0.02077
   -0.04996
   -0.04954
    0.01811
    0.05840
    0.01758
   -0.02424
   -0.03040
    0.02866
   -0.01189
    0.03361
   -0.04666
    0.03782
    0.00953
   -0.02503
   -0.03023
    0.03252
    0.10260
   -0.04798
    0.00853
   -0.02239
   -0.01504
   -0.00801
   -0.05699
    0.06794
   -0.02182
   -0.10814
   -0.07650
    0.12068
   -0.01190
   -0.04158
   -0.02397
    0.06867
   -0.05645
   -0.11061
    0.07128
    0.05906
   -0.02522
   -0.04003
   -0.08948
    0.11524
   -0.02209
   -0.04884
   -0.01704
    0.07387
   -0.03661
   -0.01678
   -0.07310
    0.10492
   -0.02406
   -0.10651
    0.00104
    0.08538
    0.00047
   -0.00080
    0.00311
   -0.00266
   -0.04423
   -0.05584
    0.01248
    0.07430
   -0.00618
   -0.01566
    0.01130
    0.01248
   -0.05693
   -0.10983
    0.05199
    0.07493
    0.01617
   -0.05028
    0.01509
    0.01362
   -0.02375
   -0.04269
    0.00871
    0.05273
    0.00087
   -0.04445
   -0.01490
    0.05192
    0.06327
   -0.11637
    0.07616
   -0.04539
    0.01278
   -0.02937
    0.02485
   -0.01375
   -0.01041
   -0.08562
   -0.03324
    0.09264
    0.02543
   -0.02358
   -0.00088
   -0.00438
   -0.01714
   -0.09006
    0.04238
    0.04178
   -0.01900
   -0.01868
   -0.03452
    0.04909
   -0.04635
   -0.05590
   -0.00303
    0.09388
   -0.03536
   -0.01994
   -0.02144
    0.06879
   -0.04748
   -0.12233
    0.06925
    0.03828
    0.00181
   -0.01574
   -0.01648
    0.03861
    0.01143
   -0.06404
   -0.04830
    0.09342
    0.04016
   -0.05172
   -0.01406
    0.05000
   -0.02569
   -0.09712
    0.01012
    0.11087
    0.03282
   -0.03020
   -0.01872
    0.02410
   -0.01779
   -0.00541
   -0.03959
    0.06962
    0.02075
   -0.03204
   -0.01653
    0.02265
    0.12949
   -0.05823
    0.02113
   -0.01959
   -0.00772
   -0.01843
   -0.01105
    0.04092
    0.01877
   -0.06537
   -0.06112
    0.08285
    0.02782
   -0.05074
   -0.01534
    0.04175
   -0.03405
   -0.09001
    0.03540
    0.09231
    0.17050
   -0.09579
   -0.09869
    0.02330
    0.04365
   -0.09472
   -0.08197
    0.14441
    0.10587
   -0.07200
   -0.07967
    0.06783
    0.12224
   -0.11114
   -0.03012
    0.12666
    0.02370
   -0.06869
    0.00081
    0.04390
    0.01212
   -0.11897
   -0.02102
    0.10852
    0.02840
   -0.07926
    0.02213
    0.05395
    0.00807
   -0.12697
    0.04266
    0.05977
    0.05180
   -0.06306
   -0.02059
    0.03247
    0.01594
   -0.06056
   -0.03111
    0.06391
    0.00623
   -0.06546
   -0.02152
    0.07392
    0.09418
   -0.13373
    0.03126
    0.00915
    0.00575
   -0.05562
   -0.00803
    0.05508
    0.01840
   -0.11705
   -0.05167
    0.11833
    0.01959
   -0.09145
    0.02009
    0.05106
   -0.01624
   -0.13712
    0.04014
    0.07979
   -0.03288
   -0.08430
   -0.03887
    0.13662
    0.01543
   -0.11077
   -0.02480
    0.10754
   -0.05560
   -0.06751
   -0.02937
    0.12406
    0.00982
   -0.19647
    0.04121
    0.08692
   -0.03757
    0.05630
   -0.07309
    0.04798
   -0.03820
   -0.09319
   -0.01885
    0.11872
    0.00350
   -0.02827
   -0.00281
    0.02898
   -0.07950
   -0.09875
   -0.00060
    0.11341
    0.01864
   -0.01865
   -0.03207
    0.02506
   -0.02119
   -0.01767
   -0.01026
    0.04066
    0.01462
   -0.03701
   -0.02573
    0.03381
    0.13079
   -0.07750
    0.02420
   -0.02497
   -0.03126
    0.02044
   -0.06341
    0.06242
   -0.00202
   -0.12881
   -0.08818
    0.12579
   -0.00126
   -0.07838
   -0.01167
    0.07851
   -0.07614
   -0.16165
    0.05031
    0.11735
   -0.02301
   -0.02360
   -0.09264
    0.09395
   -0.02789
   -0.07920
   -0.02989
    0.10295
   -0.04887
   -0.03960
   -0.03815
    0.10483
   -0.01981
   -0.12824
    0.01104
    0.08833
