IntronPotTab 1 1024 -3.88432 0.09700 2.78589 41706 6 16   47.59
    0.01843
   -0.02744
   -0.04124
    0.06409
    0.01160
    0.02119
   -0.02626
   -0.01482
   -0.00184
   -0.03069
    0.04291
   -0.02125
   -0.02154
    0.00427
   -0.00016
    0.01166
   -0.07228
    0.03326
   -0.05405
    0.07723
   -0.08649
    0.04854
   -0.02787
    0.03820
   -0.01909
   -0.00371
   -0.01153
    0.03913
   -0.05187
    0.01619
   -0.01048
    0.01062
   -0.08480
    0.00668
    0.07240
   -0.00327
   -0.00812
    0.00501
    0.01084
   -0.00555
    0.01142
   -0.02260
    0.07932
   -0.11641
   -0.01990
    0.03355
    0.05205
   -0.09265
   -0.03394
    0.00384
   -0.06206
    0.05602
    0.00274
   -0.01052
   -0.06123
    0.04932
    0.02453
   -0.00216
   -0.04734
    0.01886
   -0.06738
    0.00806
   -0.02518
    0.05099
   -0.01720
   -0.03492
   -0.01824
    0.07425
    0.04486
   -0.05746
   -0.01117
    0.03590
    0.01363
   -0.04929
   -0.00638
    0.05033
   -0.03092
   -0.00435
   -0.01262
    0.04558
   -0.06087
    0.00804
   -0.08894
    0.10792
   -0.06177
    0.01808
   -0.10768
    0.09806
   -0.03025
    0.00377
   -0.04298
    0.08229
   -0.04720
    0.00218
   -0.05212
    0.06002
    0.00610
   -0.02765
   -0.01893
    0.04085
    0.01091
   -0.08627
    0.05699
    0.04119
    0.03703
   -0.07993
    0.01865
    0.01739
   -0.07213
   -0.01573
    0.03170
    0.05298
   -0.14081
   -0.03753
   -0.02215
    0.11315
   -0.10079
    0.01549
   -0.06698
    0.12917
   -0.09034
    0.03181
   -0.01082
    0.08308
   -0.09029
   -0.00085
    0.00380
    0.03367
   -0.00593
   -0.01269
   -0.04027
    0.09079
   -0.01090
    0.00199
   -0.05430
    0.06278
    0.01198
   -0.03911
    0.01433
   -0.00644
    0.00825
    0.00365
   -0.02290
    0.02489
   -0.02114
    0.02596
   -0.05068
    0.06495
   -0.03531
    0.02272
   -0.06760
    0.07612
    0.00654
   -0.00157
   -0.04078
    0.05369
    0.01710
   -0.01240
   -0.02340
    0.03165
   -0.00448
    0.00875
   -0.01191
    0.01447
    0.04088
    0.00364
   -0.06049
    0.03038
    0.03101
   -0.02902
    0.00527
   -0.03469
   -0.06542
    0.07574
   -0.01622
   -0.01067
   -0.05762
   -0.02571
   -0.03852
    0.09255
    0.00112
   -0.00860
   -0.07542
    0.07323
   -0.02217
    0.02095
   -0.00898
    0.02979
   -0.05139
   -0.00041
   -0.01976
    0.04953
   -0.03606
   -0.00478
    0.00998
    0.02746
   -0.00840
   -0.00885
   -0.05141
    0.05602
   -0.00569
   -0.04583
    0.02466
    0.02851
   -0.03729
    0.01361
    0.01606
   -0.00927
   -0.07885
    0.07408
   -0.12419
    0.09476
   -0.04191
    0.03281
   -0.10771
    0.06729
   -0.06247
    0.02074
   -0.00850
    0.05965
   -0.04149
    0.01989
   -0.02717
    0.01788
   -0.04190
   -0.00423
    0.00488
    0.02981
   -0.09884
    0.02671
    0.01626
    0.03691
    0.02873
   -0.03913
    0.02682
   -0.03469
   -0.10220
    0.02297
    0.03541
    0.01307
   -0.00562
    0.01974
   -0.10253
    0.04955
   -0.00414
    0.02573
   -0.11446
    0.05551
   -0.04079
    0.05469
   -0.03152
    0.03620
   -0.06240
    0.04875
   -0.06904
    0.04335
   -0.02707
    0.00285
   -0.07709
    0.11908
   -0.08141
    0.06353
   -0.05327
    0.05363
   -0.02342
   -0.01213
    0.01394
    0.02739
   -0.07423
    0.05747
   -0.06066
    0.04012
   -0.07876
    0.07197
   -0.11629
    0.07117
   -0.08963
    0.06376
   -0.10810
    0.07387
   -0.01894
   -0.00665
   -0.03534
    0.05990
   -0.08694
    0.04633
   -0.09638
    0.05215
   -0.04325
    0.02057
    0.01759
    0.00132
   -0.05104
    0.01111
   -0.03308
    0.04645
    0.01999
   -0.01204
    0.06008
   -0.08137
   -0.05910
    0.03719
    0.00634
   -0.00591
   -0.03720
    0.01101
   -0.11055
    0.06999
   -0.03725
    0.00678
   -0.09421
    0.08783
    0.00550
   -0.01504
   -0.06579
    0.05993
   -0.08616
    0.05350
   -0.09531
    0.05569
   -0.04331
   -0.00498
   -0.03440
    0.09018
   -0.01484
   -0.03908
   -0.03557
    0.07956
    0.00904
   -0.04859
    0.00877
    0.04636
   -0.01748
    0.00549
   -0.04360
    0.04459
   -0.06704
    0.04851
   -0.13015
    0.09291
   -0.10730
    0.07445
   -0.16054
    0.09137
   -0.02138
   -0.01828
   -0.02115
    0.06950
   -0.04398
   -0.00986
   -0.08875
    0.08092
   -0.02056
   -0.02493
   -0.01049
    0.05806
    0.00473
   -0.08970
    0.01517
    0.08923
    0.01558
   -0.03865
    0.03025
   -0.00351
   -0.08211
   -0.00512
    0.03157
    0.04738
   -0.14172
    0.02092
   -0.07412
    0.09078
   -0.01004
   -0.03321
   -0.13629
    0.13302
   -0.05231
    0.00894
   -0.05920
    0.09758
    0.01135
    0.00579
   -0.09464
    0.06917
    0.02051
   -0.04109
   -0.05008
    0.08800
   -0.02129
    0.00502
   -0.09228
    0.10558
    0.03579
   -0.02187
   -0.03057
    0.02178
   -0.05800
    0.03229
   -0.03333
    0.06299
    0.00370
   -0.00139
   -0.07830
    0.08376
   -0.04271
    0.04711
   -0.13496
    0.11188
    0.03148
   -0.03135
   -0.04684
    0.05183
   -0.01798
    0.01446
   -0.08883
    0.07711
    0.02671
   -0.00955
   -0.03441
    0.02321
    0.00493
    0.00171
   -0.08303
    0.09341
    0.05118
   -0.04542
   -0.03765
    0.01485
   -0.07836
    0.04590
   -0.03562
    0.06426
   -0.04108
   -0.03082
   -0.07328
    0.10953
   -0.02862
   -0.01315
   -0.10353
    0.13070
   -0.03961
   -0.01256
   -0.04144
    0.09796
   -0.00927
    0.00569
   -0.05406
    0.05392
   -0.02830
   -0.09937
    0.07328
    0.05348
   -0.01275
    0.01970
   -0.09242
    0.04558
   -0.00147
   -0.00706
   -0.02013
    0.03294
   -0.05214
    0.02987
   -0.03770
    0.03211
   -0.07752
   -0.02183
   -0.07751
    0.12217
   -0.07086
    0.07345
   -0.13906
    0.05566
   -0.04828
    0.04315
   -0.08237
    0.08328
   -0.05564
    0.04780
   -0.10547
    0.03339
    0.01206
   -0.04281
    0.03148
    0.00459
   -0.04246
    0.02564
   -0.05071
    0.03953
    0.00727
    0.00765
    0.00044
   -0.01772
   -0.07550
    0.05237
   -0.00195
   -0.01577
   -0.00382
   -0.04442
   -0.03539
    0.06716
   -0.01540
    0.03629
   -0.13826
    0.05217
   -0.03807
    0.04430
   -0.06730
    0.06630
   -0.07424
    0.07170
   -0.11009
    0.05175
   -0.00812
   -0.03199
   -0.00422
    0.04158
    0.00179
    0.02162
   -0.02439
    0.00223
   -0.02993
   -0.02419
    0.05406
   -0.00760
   -0.04678
    0.04108
    0.01056
   -0.02630
   -0.06749
    0.04630
   -0.02287
    0.04452
   -0.03698
    0.02795
   -0.04869
    0.05517
   -0.06152
    0.03330
    0.00689
    0.05609
   -0.00956
    0.00721
   -0.00846
    0.00638
   -0.05115
   -0.00287
    0.03463
    0.01424
    0.00610
   -0.01074
   -0.01401
    0.01227
   -0.02262
   -0.00506
    0.07106
   -0.06151
   -0.03969
    0.07244
    0.04656
   -0.11484
   -0.05778
    0.02052
   -0.05891
    0.06032
   -0.00832
   -0.02667
   -0.02770
    0.05253
   -0.02368
    0.00471
    0.00633
    0.02337
   -0.03908
    0.04622
   -0.03447
    0.01269
   -0.06695
   -0.02852
    0.01743
    0.07313
    0.03997
   -0.05058
   -0.03646
    0.04740
    0.03011
   -0.09081
    0.02178
    0.03652
   -0.00994
    0.00543
   -0.00261
    0.00427
   -0.07288
    0.03548
   -0.02589
    0.06055
   -0.07314
    0.03888
   -0.06992
    0.09004
   -0.03693
   -0.03340
    0.02812
    0.05948
   -0.06426
    0.00670
   -0.03199
    0.05433
    0.00825
   -0.02945
   -0.01915
    0.03779
    0.03189
   -0.08587
    0.00642
    0.04840
    0.04023
   -0.10065
    0.01673
    0.01750
   -0.06675
    0.01359
    0.02933
    0.00598
   -0.24248
    0.02619
    0.00200
    0.08670
   -0.07468
    0.00125
   -0.04801
    0.11380
   -0.19347
    0.02165
    0.06067
    0.13778
   -0.08640
    0.02249
   -0.02175
    0.02933
   -0.02255
   -0.03293
   -0.02216
    0.08504
    0.00513
    0.02658
   -0.05883
    0.04329
    0.03040
   -0.01289
   -0.03835
    0.02900
   -0.01527
    0.00516
   -0.01716
    0.04118
   -0.05121
    0.01955
   -0.01427
    0.05507
   -0.05527
    0.02563
   -0.05339
    0.10171
   -0.00307
    0.00140
   -0.00814
    0.01726
   -0.03374
    0.01066
   -0.03294
    0.05233
    0.01112
   -0.03775
   -0.00862
    0.02391
    0.04185
   -0.02663
   -0.05560
    0.04401
    0.03586
   -0.00943
   -0.01395
   -0.03601
   -0.04211
    0.03563
    0.00077
   -0.00142
   -0.08330
   -0.02770
    0.00083
    0.06611
   -0.02777
   -0.01782
   -0.05159
    0.09613
   -0.03494
    0.02045
   -0.00017
    0.03054
   -0.01878
    0.00533
   -0.02253
    0.02951
    0.01341
    0.05862
   -0.12779
    0.08761
    0.04301
    0.04114
   -0.12632
    0.01829
    0.00402
    0.01652
   -0.00532
   -0.01503
   -0.01931
    0.04197
   -0.04120
    0.01254
   -0.05705
    0.08382
   -0.13824
    0.11388
   -0.04404
    0.03988
   -0.09223
    0.07903
   -0.06022
    0.02817
   -0.00883
    0.06630
   -0.03478
    0.02182
   -0.01897
    0.01109
    0.05388
    0.04141
   -0.15273
    0.07396
    0.02067
   -0.00033
   -0.06118
    0.03150
    0.01437
   -0.02127
    0.02086
   -0.02768
   -0.03743
    0.02560
    0.03272
   -0.03616
   -0.06531
    0.03811
   -0.12183
    0.08875
   -0.00619
    0.02648
   -0.11539
    0.06323
   -0.05050
    0.08380
   -0.03007
    0.04021
   -0.06287
    0.07156
   -0.07551
    0.03229
   -0.00902
    0.00070
   -0.03779
    0.05803
    0.01003
    0.03274
   -0.00328
   -0.04023
    0.06013
   -0.00401
    0.03624
   -0.12443
   -0.07396
    0.04941
   -0.02711
    0.01428
   -0.04513
    0.06135
   -0.11592
    0.06506
   -0.07618
    0.06346
   -0.12839
    0.08179
   -0.01409
    0.03507
   -0.01397
   -0.00207
   -0.06256
    0.03377
   -0.07787
    0.05463
   -0.02584
    0.01544
    0.02601
   -0.01701
    0.00557
    0.00299
    0.00320
   -0.00817
    0.02991
    0.02966
    0.05513
   -0.13107
   -0.07527
    0.04995
    0.03289
   -0.04552
   -0.02206
    0.00608
   -0.11507
    0.07608
   -0.03820
    0.00919
   -0.10715
    0.10615
    0.03448
   -0.01686
   -0.01019
   -0.02065
   -0.12529
    0.06529
   -0.08444
    0.05767
   -0.04526
   -0.01430
   -0.03534
    0.10429
    0.02990
   -0.04816
   -0.11984
    0.08895
    0.05143
   -0.08883
    0.03723
    0.02921
   -0.00351
   -0.03155
   -0.00787
    0.06790
   -0.06167
    0.03820
   -0.11474
    0.09479
   -0.07668
    0.02565
   -0.15473
    0.10549
   -0.01917
   -0.02035
   -0.05583
    0.10278
   -0.03100
   -0.02088
   -0.06324
    0.07922
   -0.00993
   -0.03225
   -0.01770
    0.05956
    0.04251
   -0.07847
   -0.00282
    0.05776
    0.05883
   -0.08827
    0.01348
    0.01548
   -0.04517
   -0.03747
    0.03959
    0.06691
   -0.09268
    0.00729
   -0.08563
    0.08687
   -0.00675
   -0.02388
   -0.12735
    0.11179
   -0.02568
    0.00445
   -0.06883
    0.09457
    0.04862
   -0.01126
   -0.07293
    0.05587
    0.01234
   -0.00857
   -0.05963
    0.08280
   -0.02101
    0.02636
   -0.11689
    0.09909
    0.05654
   -0.00866
    0.01385
   -0.09787
   -0.06212
    0.05880
   -0.06855
    0.07403
   -0.00795
    0.04634
   -0.06834
    0.04434
   -0.06413
    0.04095
   -0.12151
    0.11929
    0.03434
   -0.02859
   -0.04509
    0.05022
   -0.01266
    0.01262
   -0.09531
    0.09617
   -0.00047
    0.02679
   -0.02962
    0.01181
   -0.01781
    0.00087
   -0.06708
    0.08176
    0.01944
    0.00915
   -0.00191
   -0.03262
   -0.07345
    0.06554
   -0.02290
    0.00654
   -0.03603
    0.01113
   -0.06970
    0.06310
   -0.03063
   -0.00112
   -0.10691
    0.11986
   -0.01377
    0.04179
   -0.05668
    0.04759
   -0.02651
    0.05738
   -0.10400
    0.06349
   -0.05036
    0.02990
   -0.03879
    0.05967
   -0.01539
    0.03070
   -0.11811
    0.05301
    0.03398
   -0.02418
   -0.02604
    0.01734
   -0.07543
    0.03919
   -0.03633
    0.02672
   -0.12230
    0.09416
   -0.10914
    0.09003
   -0.06738
    0.04908
   -0.12960
    0.07445
   -0.07230
    0.05940
   -0.05671
    0.07791
   -0.05019
    0.03561
   -0.05273
    0.01003
   -0.02149
    0.00849
   -0.00201
    0.01126
    0.00158
   -0.02944
   -0.02324
    0.04229
    0.00309
   -0.01183
    0.02187
   -0.01523
   -0.11120
    0.05298
    0.03043
   -0.02110
   -0.01984
    0.05775
   -0.15722
    0.03945
   -0.03166
    0.02717
   -0.12383
    0.07292
   -0.03763
    0.05130
   -0.03639
    0.04379
   -0.06499
    0.06274
   -0.11839
    0.06890
