IntronPotTab 1 1024 -10.90406 1.96101 17.21448 5094 6 16  201.04
    0.02150
   -0.00140
   -0.01379
   -0.00849
   -0.03969
   -0.04011
    0.06154
   -0.04339
    0.05288
    0.00457
    0.00164
   -0.07029
    0.06875
   -0.08757
    0.08860
    0.01637
   -0.02288
   -0.01377
   -0.02454
    0.06094
   -0.03044
   -0.02454
    0.00362
    0.05715
    0.09122
    0.00767
   -0.04650
   -0.13832
    0.10542
   -0.02766
    0.05081
   -0.03222
   -0.05691
    0.09348
   -0.00552
   -0.06310
   -0.06198
   -0.01606
    0.05847
   -0.06498
    0.02211
    0.01679
    0.02838
   -0.09855
    0.00038
    0.00688
    0.02862
   -0.03628
   -0.04119
   -0.01981
    0.02462
    0.04377
    0.04318
   -0.11050
    0.06782
   -0.08073
    0.10386
   -0.03033
   -0.01408
   -0.10669
    0.14645
   -0.03919
   -0.02138
   -0.00879
    0.02868
   -0.07149
    0.00788
    0.04580
    0.09153
   -0.01303
   -0.03875
    0.01745
    0.03470
   -0.06314
    0.02100
    0.03281
    0.07185
   -0.00313
   -0.06631
    0.05055
    0.03472
   -0.01488
    0.01182
   -0.02966
   -0.03615
   -0.00845
   -0.01838
    0.07402
    0.08050
    0.00037
   -0.05331
   -0.07612
    0.07765
    0.04029
   -0.00045
   -0.09320
   -0.04388
    0.06753
   -0.05577
   -0.04676
   -0.15069
   -0.19561
    0.12162
   -0.17977
    0.03490
   -0.02469
    0.04524
   -0.03906
   -0.06469
    0.01173
    0.00235
    0.00371
    0.06629
   -0.02508
    0.01816
   -0.03344
   -0.00936
   -0.13095
    0.04832
   -0.00862
    0.40736
   -0.29959
   -0.30353
   -0.30816
    0.13128
   -0.01805
   -0.07054
    0.04640
    0.00327
   -0.02107
    0.03581
   -0.04632
   -0.16931
   -0.14428
    0.01404
    0.15195
    0.15589
   -0.15554
    0.02350
   -0.13901
    0.04722
   -0.00079
   -0.00269
   -0.01828
    0.03586
   -0.04598
    0.05973
   -0.03753
   -0.05609
    0.09898
   -0.00297
   -0.03511
    0.08133
   -0.00265
   -0.02992
   -0.09760
    0.09192
   -0.00055
    0.02714
   -0.04729
   -0.06738
    0.07143
   -0.00933
   -0.01873
   -0.07471
   -0.05112
    0.02222
   -0.01483
    0.00659
   -0.03173
    0.11588
   -0.08883
   -0.08859
    0.10395
   -0.03022
   -0.00340
   -0.01093
   -0.04960
    0.11097
    0.01267
   -0.00018
    0.00404
    0.00977
   -0.02586
    0.08847
   -0.08051
    0.04067
   -0.05049
    0.05533
    0.00753
    0.00244
   -0.02556
   -0.04135
    0.07597
   -0.06769
    0.02780
    0.01408
   -0.02362
   -0.01056
    0.02853
    0.02328
   -0.04285
   -0.01231
    0.02346
    0.04655
   -0.07971
    0.06866
    0.02048
   -0.06186
    0.04038
   -0.03943
    0.03408
    0.00536
   -0.01386
    0.01963
   -0.02635
    0.07975
   -0.03431
    0.01179
   -0.08123
    0.04521
   -0.00262
   -0.00872
   -0.00599
   -0.04255
    0.07686
   -0.07169
    0.00918
   -0.08271
   -0.13472
    0.11948
   -0.15949
    0.05873
   -0.11137
    0.10582
   -0.08034
   -0.05955
   -0.02129
    0.06031
    0.01036
    0.06227
   -0.06966
   -0.03324
    0.04794
   -0.00471
   -0.07806
    0.05736
   -0.05878
    0.04122
   -0.07109
   -0.01876
    0.03566
   -0.02133
   -0.01926
   -0.03088
    0.05552
   -0.02287
    0.04096
    0.01852
   -0.05216
   -0.01462
    0.02592
   -0.00535
    0.00181
    0.02649
   -0.01556
    0.02259
   -0.04301
    0.02348
   -0.02002
    0.06294
   -0.02765
   -0.01168
   -0.00283
    0.01248
    0.00524
   -0.02189
    0.02589
   -0.00612
    0.01783
    0.02578
    0.01128
   -0.01531
   -0.04020
    0.03206
   -0.03322
    0.11859
   -0.06882
    0.00838
    0.01059
    0.00598
   -0.03239
    0.00481
    0.02928
   -0.02613
    0.03543
    0.02331
    0.00036
   -0.00458
   -0.02357
    0.01119
   -0.00608
    0.04845
   -0.05504
    0.00654
   -0.06742
    0.06116
    0.01820
    0.00445
   -0.02867
    0.01667
   -0.02383
    0.00624
    0.02047
   -0.03304
    0.00890
   -0.02321
    0.03976
   -0.01129
   -0.04975
   -0.01462
   -0.00877
    0.01391
    0.01383
   -0.03078
    0.00040
    0.00276
    0.01885
   -0.04930
   -0.00284
    0.03696
    0.03022
    0.04872
    0.00135
   -0.04422
    0.04402
   -0.03559
    0.00294
    0.01856
    0.01385
   -0.01724
   -0.03497
    0.01709
    0.02983
    0.00714
   -0.00127
   -0.00213
   -0.00421
    0.19963
   -0.00518
   -0.01110
   -0.06593
   -0.03577
    0.05491
   -0.03428
   -0.01053
   -0.07895
   -0.03406
    0.04878
   -0.06950
   -0.04455
    0.02136
    0.02339
   -0.01625
   -0.06308
    0.01002
    0.00338
   -0.00038
   -0.08443
   -0.06504
    0.22988
   -0.04977
   -0.01303
   -0.03436
    0.01636
    0.01032
    0.02566
   -0.05308
    0.08249
   -0.05959
    0.07717
   -0.00471
   -0.07233
    0.07912
   -0.04149
    0.06303
   -0.03766
   -0.01660
   -0.20982
   -0.04948
    0.02948
    0.02662
    0.06521
   -0.07025
    0.08089
   -0.11985
   -0.13291
   -0.01124
    0.07715
   -0.09033
    0.00462
   -0.01871
   -0.00914
    0.03597
   -0.05418
    0.01105
    0.02226
   -0.03634
    0.07954
    0.00887
   -0.02033
   -0.12230
   -0.02365
    0.02547
   -0.01599
   -0.05145
   -0.03946
    0.05573
   -0.00627
   -0.03777
   -0.06992
   -0.09549
    0.02174
   -0.02364
    0.04228
   -0.02946
    0.07939
   -0.15418
   -0.08897
    0.01699
    0.03380
   -0.06665
   -0.00726
   -0.05072
    0.04438
    0.08415
   -0.06614
   -0.03303
    0.02707
   -0.01411
    0.05520
   -0.06089
    0.04677
   -0.02682
    0.01177
    0.01173
   -0.07318
    0.04034
   -0.10501
    0.17769
    0.01105
   -0.00339
    0.03974
   -0.03025
   -0.02868
    0.04372
   -0.06090
   -0.07415
    0.14335
    0.02053
   -0.00328
   -0.04637
    0.01759
    0.04502
   -0.01244
    0.02706
    0.00953
   -0.02765
   -0.01748
   -0.01074
    0.01818
   -0.00041
    0.06899
   -0.00877
   -0.05569
   -0.04692
    0.01573
    0.04213
   -0.00469
   -0.06897
   -0.30317
    0.38096
   -0.23579
   -0.29747
   -0.00927
    0.08094
   -0.01817
   -0.02129
   -0.01167
   -0.06388
    0.02924
    0.06200
   -0.08580
    0.01916
    0.05279
   -0.02114
   -0.03157
    0.00335
    0.03903
   -0.00802
   -0.01281
   -0.00631
    0.01065
   -0.00395
    0.00298
   -0.02111
   -0.01337
    0.03957
    0.01350
   -0.00999
   -0.03022
    0.03080
    0.02382
    0.01186
    0.02589
   -0.07539
   -0.18194
   -0.13742
    0.10894
   -0.12537
    0.03498
   -0.02688
    0.03930
   -0.12175
   -0.09803
   -0.04044
    0.11931
   -0.03383
   -0.01804
    0.02790
   -0.03111
    0.00185
   -0.12113
   -0.06525
    0.07206
   -0.02769
    0.07116
    0.03356
   -0.03578
   -0.22059
   -0.13901
   -0.15216
    0.37707
   -0.34226
   -0.15260
    0.08603
    0.09034
   -0.16069
   -0.14711
   -0.01899
    0.06403
   -0.10639
    0.00661
   -0.03513
    0.13142
   -0.19364
   -0.04966
    0.05252
    0.05861
   -0.09471
   -0.00891
   -0.02052
    0.02114
    0.01871
   -0.12505
   -0.13985
    0.08275
   -0.06557
    0.05151
   -0.02089
    0.03124
   -0.14341
   -0.03659
    0.04652
    0.02201
   -0.05620
   -0.00148
   -0.01082
    0.00076
    0.01910
    0.01957
   -0.02286
   -0.00808
    0.03717
    0.03994
   -0.01614
   -0.00226
   -0.02728
   -0.01389
   -0.01525
   -0.03465
    0.08962
   -0.02319
    0.02551
    0.00777
   -0.00745
   -0.04689
    0.00184
    0.01927
    0.00347
    0.04369
    0.00069
    0.01526
   -0.07096
   -0.00287
    0.05322
   -0.03213
   -0.08637
   -0.03589
    0.01944
    0.01349
   -0.01304
   -0.19736
   -0.19365
    0.09487
   -0.21189
    0.01546
   -0.05650
    0.11051
   -0.03778
   -0.13978
    0.01597
    0.03055
   -0.01888
   -0.13734
    0.07428
    0.07625
   -0.02137
   -0.08136
   -0.05260
    0.04357
   -0.04997
    0.03865
   -0.01976
    0.04527
   -0.08446
    0.08089
   -0.03456
   -0.04058
    0.06802
   -0.02393
    0.04596
    0.01197
   -0.04918
   -0.22227
   -0.12689
    0.05491
    0.02995
    0.04203
   -0.09785
    0.06569
   -0.15445
   -0.06384
   -0.03387
    0.10911
   -0.10058
    0.00392
    0.04538
   -0.00625
   -0.06646
   -0.04876
   -0.01128
    0.02929
    0.01531
    0.05024
    0.04443
   -0.02343
   -0.13175
    0.08133
    0.00135
    0.03120
   -0.05330
   -0.08158
    0.05916
    0.04252
   -0.05967
   -0.18872
   -0.07285
    0.05931
   -0.11994
   -0.04555
   -0.02802
    0.13140
   -0.10756
   -0.16957
    0.03131
    0.07430
   -0.06584
   -0.05885
   -0.01537
    0.02136
    0.06894
   -0.09263
    0.00171
    0.04276
   -0.08119
    0.04611
   -0.05917
    0.04315
   -0.08424
    0.08585
    0.00117
   -0.03053
    0.00165
   -0.00124
    0.06015
   -0.04923
   -0.02187
   -0.01691
    0.03536
   -0.01444
    0.02359
   -0.01100
    0.02164
    0.02688
   -0.02303
    0.08408
   -0.01863
    0.01257
   -0.02712
   -0.04098
    0.04669
   -0.01420
   -0.00634
   -0.08289
    0.02765
    0.03223
    0.00453
    0.05202
    0.00052
   -0.02706
   -0.04149
   -0.04718
    0.05792
    0.00653
   -0.09375
   -0.05776
    0.07283
   -0.02343
   -0.00011
   -0.05818
   -0.00957
    0.04450
   -0.07179
    0.02345
   -0.10671
    0.09242
   -0.02552
   -0.12677
   -0.03691
    0.12657
   -0.03129
   -0.05433
    0.01213
    0.04245
   -0.00688
   -0.06086
   -0.07606
    0.04930
   -0.02741
    0.03736
   -0.04781
    0.00030
   -0.01064
   -0.05847
   -0.01684
   -0.01124
    0.05458
   -0.00587
   -0.03124
    0.00973
    0.03247
   -0.03857
    0.01021
    0.01667
    0.00262
   -0.04345
    0.00800
   -0.02733
    0.07733
   -0.01479
   -0.08847
   -0.00822
    0.12255
    0.02254
   -0.03967
   -0.03871
    0.04983
    0.01489
   -0.02928
   -0.00319
    0.02594
    0.02524
   -0.00853
    0.00914
   -0.02962
    0.17443
   -0.08533
    0.11612
   -0.08216
    0.00734
    0.02295
   -0.00698
   -0.02843
    0.02004
   -0.05171
    0.02300
   -0.02083
   -0.12620
   -0.12689
    0.20430
   -0.08205
   -0.02017
    0.02112
    0.01100
   -0.02009
   -0.07287
   -0.05445
    0.06365
    0.07138
    0.04226
   -0.02581
   -0.02341
    0.03466
   -0.00507
   -0.01418
   -0.05935
    0.07309
    0.01536
   -0.04606
   -0.09446
    0.08661
    0.02316
   -0.01625
   -0.04789
    0.05897
    0.10809
   -0.05005
   -0.03755
    0.10280
    0.06791
   -0.07081
    0.01415
    0.02321
   -0.00022
   -0.03424
   -0.02396
    0.12587
   -0.03417
   -0.00166
   -0.01492
    0.04351
   -0.04900
    0.01356
    0.01721
   -0.00384
    0.07052
   -0.02164
   -0.02016
   -0.02384
    0.06277
    0.00024
    0.08038
   -0.05215
   -0.01434
    0.03034
   -0.03730
    0.01070
   -0.10792
   -0.11005
    0.08701
   -0.08115
    0.06449
   -0.05586
    0.05093
   -0.00901
   -0.07866
   -0.00856
    0.01501
    0.05121
   -0.04503
    0.02638
    0.05679
   -0.02586
   -0.01479
   -0.13937
    0.05438
    0.02885
    0.11493
   -0.07508
   -0.04061
   -0.00069
    0.07829
   -0.02409
   -0.05947
    0.07957
   -0.01297
   -0.05665
   -0.03530
    0.11356
   -0.19514
   -0.08026
    0.01277
    0.13130
    0.05338
   -0.08474
    0.07535
    0.00683
   -0.06316
   -0.11707
    0.05090
    0.04955
    0.01490
   -0.04283
   -0.04948
    0.08688
   -0.03370
   -0.00030
    0.02120
   -0.02496
    0.03532
    0.00776
   -0.04646
   -0.02334
    0.10557
   -0.04899
    0.01313
    0.03301
   -0.02906
    0.00997
   -0.07351
    0.08232
   -0.01159
   -0.09775
    0.01700
    0.02450
    0.03512
   -0.07068
    0.07219
   -0.04694
   -0.04649
    0.02627
   -0.00110
   -0.00079
    0.01508
   -0.07567
    0.09264
    0.06584
    0.04792
   -0.07375
    0.00308
    0.04465
    0.08668
   -0.12773
   -0.00666
    0.07551
    0.04119
   -0.06572
   -0.04358
    0.10007
   -0.06932
    0.02976
   -0.08157
    0.12013
    0.01316
   -0.05604
   -0.02112
    0.07973
   -0.02449
   -0.05416
    0.04269
    0.06625
   -0.00673
   -0.07727
    0.06338
    0.05222
   -0.01785
   -0.00783
   -0.06654
    0.06194
   -0.01876
   -0.00102
    0.02188
   -0.00828
    0.06041
   -0.01889
   -0.03426
   -0.01819
    0.04434
    0.02312
    0.04449
   -0.05733
   -0.01745
    0.04346
   -0.01014
   -0.01454
   -0.00366
   -0.06005
    0.04227
   -0.02540
    0.03112
   -0.07331
    0.07596
   -0.01438
    0.01293
   -0.06458
    0.06136
    0.00007
   -0.00388
   -0.03001
   -0.00481
    0.04513
   -0.00899
   -0.06791
    0.01274
    0.04918
    0.07261
   -0.06423
   -0.05706
    0.02573
   -0.02110
   -0.05474
   -0.05765
    0.11857
