16 20 15 1 35 -2.0700 1.4406 2.6463 7888
  0.04295  -0.04111   0.02208  -0.02114   0.00982  -0.01311   0.05538  -0.06071  -0.04481  -0.11328   0.07611  -0.09525   0.03413  -0.07886   0.07235  -0.00000   0.07101  -0.04715   0.07036  -0.04379 
  0.02294  -0.05722   0.05979  -0.04112  -0.01635   0.00092   0.03522  -0.02276  -0.03136  -0.07722   0.05793  -0.07594   0.03245  -0.05951   0.04596   0.00352   0.09976  -0.09465   0.05607   0.02220 
  0.02758  -0.05074   0.03450  -0.01092   0.00117  -0.04236   0.05937  -0.01381  -0.05829  -0.05967   0.04450  -0.01593   0.07876  -0.07142   0.00542  -0.00642   0.04038  -0.06233   0.06208   0.00446 
  0.03546  -0.05491   0.02851  -0.00424  -0.04768   0.01910   0.06381  -0.05191  -0.06116  -0.05183   0.05601  -0.06566   0.02893  -0.05267   0.00881   0.03480   0.09831  -0.06077   0.03160   0.00661 
  0.00683  -0.03149   0.02937  -0.00701   0.01882  -0.01787  -0.01991   0.02247  -0.05444  -0.07403   0.05390  -0.03793   0.07296  -0.07581   0.03581  -0.02226   0.12445  -0.09018   0.04742   0.01266 
  0.04443  -0.06251   0.02885  -0.00479   0.00931  -0.00454   0.00648  -0.01163  -0.01684  -0.09599   0.05626  -0.06431   0.07403  -0.05187   0.02135  -0.04567   0.11458  -0.08369   0.03520   0.02327 
  0.05177  -0.04847   0.02067  -0.01885   0.01630   0.00757  -0.00296  -0.02720  -0.07188  -0.09650   0.06129  -0.02372   0.07043  -0.09763   0.03206   0.01586   0.04363  -0.07310   0.05827   0.02122 
  0.03293  -0.06081   0.03109   0.00207   0.02851  -0.00056  -0.01005  -0.02283  -0.02511  -0.09906   0.04231  -0.00042   0.07179  -0.08297   0.06027  -0.03762   0.09200  -0.05659   0.01288   0.02373 
  0.05056  -0.05220   0.01697  -0.00646   0.03502   0.01430  -0.00808  -0.05670  -0.05684  -0.10219   0.05253  -0.00099   0.08425  -0.04631  -0.01506  -0.03378  -0.00293  -0.06763   0.03787   0.05546 
  0.04072  -0.04030   0.01288  -0.00507  -0.03305   0.03189   0.00705  -0.01733  -0.05095  -0.08007   0.05087  -0.02364   0.05428  -0.05393   0.00208   0.00833   0.08901  -0.09565   0.06577   0.01825 
  0.01929  -0.04334   0.02626   0.00125  -0.01379   0.03926  -0.00769  -0.03445  -0.06290  -0.06339   0.03943   0.00964   0.08863  -0.09744  -0.00132   0.02020   0.04640  -0.08545   0.08689   0.00222 
  0.03319  -0.05095   0.02103   0.00478  -0.03425   0.01001   0.03712  -0.01821  -0.03233  -0.07321   0.02923   0.02354   0.08130  -0.05036   0.01977  -0.05917   0.06246  -0.10109   0.07801   0.02411 
  0.03242  -0.04641   0.02487  -0.00646  -0.04806   0.06192  -0.02311  -0.01623  -0.07108  -0.08803   0.04866   0.01143   0.08242  -0.11360   0.01245   0.03686   0.06942  -0.07350   0.07465  -0.01017 
  0.02449  -0.05033   0.02208   0.01149  -0.03110   0.07566  -0.02329  -0.05960  -0.05731  -0.09066   0.02292   0.07918   0.09602  -0.10553   0.00998   0.00856   0.01094  -0.07650   0.07576   0.02048 
  0.02886  -0.04436   0.01018   0.01705  -0.05371   0.06913  -0.03474  -0.01026  -0.03239  -0.13094   0.01118   0.12007   0.11323  -0.10694   0.03662  -0.04733   0.07901  -0.09701   0.08246   0.00562 
  0.04171  -0.05806   0.01216   0.01810  -0.01606   0.08093  -0.05966  -0.04786  -0.03723  -0.12883   0.04076   0.04299   0.08065  -0.13465   0.01546   0.06048   0.00433  -0.11266   0.12413   0.00769 
  0.02707  -0.06379   0.02260   0.02487  -0.02483   0.08937  -0.06504  -0.04745  -0.03695  -0.09471   0.01798   0.07925   0.13087  -0.12411  -0.07612   0.04772   0.06920  -0.11422   0.09979   0.01015 
  0.05732  -0.05386  -0.01197   0.03026  -0.06954   0.12177  -0.04003  -0.08836  -0.05517  -0.10739   0.02316   0.09035   0.11761  -0.11412   0.04225  -0.05176   0.02182  -0.12657   0.10087   0.04449 
  0.02475  -0.04314   0.02015   0.00478  -0.06379   0.12831  -0.04147  -0.10879  -0.07010  -0.12088   0.05033   0.03531   0.06639  -0.14696  -0.02204   0.11944   0.03159  -0.12824   0.13667  -0.00350 
  0.00710  -0.05869   0.02799   0.03026  -0.03663   0.08505  -0.05413  -0.03679  -0.08825  -0.08494   0.00730   0.13538   0.11754  -0.14691  -0.05848   0.07941   0.09283  -0.12308   0.11895  -0.01709 
  0.04245  -0.06486  -0.00576   0.05021  -0.02729   0.10027  -0.10683  -0.02506  -0.04139  -0.09639   0.00473   0.11725   0.13546  -0.09235  -0.04668  -0.02450   0.03168  -0.09528   0.09977   0.00562 
  0.04640  -0.03427  -0.01577   0.02228  -0.09029   0.13268  -0.07676  -0.04874  -0.07059  -0.10017   0.03191   0.07291   0.12904  -0.08166   0.01578  -0.09464   0.04496  -0.06193   0.05781   0.00661 
  0.02397  -0.01744   0.00910  -0.01317  -0.01956   0.08967  -0.13124   0.00532  -0.03659  -0.11830   0.03286   0.05715   0.13542  -0.10451  -0.00063  -0.05224   0.08675  -0.10105   0.07482   0.01555 
  0.05970  -0.05512   0.00548   0.00451  -0.01085   0.07041  -0.07643  -0.01883  -0.01265  -0.06399   0.00286   0.07171   0.12939  -0.06784  -0.03394  -0.06292   0.05845  -0.07280   0.06275   0.00867 
  0.06161  -0.02656  -0.01961   0.00043  -0.02571   0.07519  -0.09448   0.00587  -0.14066  -0.10015   0.05836   0.04653   0.10211  -0.07245  -0.00281  -0.03576   0.06038  -0.08634   0.08146   0.00304 
  0.01667  -0.03909   0.02138   0.00586  -0.01663   0.05747  -0.04451  -0.02155  -0.01371  -0.10190   0.03050   0.02886   0.14472  -0.09193  -0.04080  -0.04872   0.08013  -0.08078   0.04914   0.02303 
  0.07076  -0.04991  -0.00204  -0.00396   0.02990   0.04219  -0.11648   0.01254  -0.03733  -0.07171   0.01756   0.06081   0.10159  -0.06408  -0.00658  -0.04412   0.08172  -0.10211   0.03234   0.06364 
  0.05732  -0.04192  -0.01884   0.02461  -0.04857   0.09125  -0.07649  -0.01302  -0.04005  -0.11795   0.04949   0.00821   0.08659  -0.04166  -0.00861  -0.05233   0.02303  -0.06043   0.05997   0.01244 
  0.01720  -0.01859   0.01126  -0.00757  -0.02047   0.05464  -0.07215   0.01327  -0.02691  -0.10811   0.05075  -0.01894   0.07470  -0.03887   0.01277  -0.05946   0.07481  -0.10211   0.04995   0.04964 
  0.03217  -0.04192   0.01979  -0.00424   0.00271   0.06581  -0.11889   0.00985  -0.03096  -0.06239   0.02141   0.03528   0.04374  -0.02990   0.00960  -0.02082   0.09831  -0.08081   0.00534   0.05715 
  0.02937  -0.01975  -0.01615   0.02124  -0.03043   0.01710  -0.06606   0.06921  -0.04172  -0.07378   0.04507  -0.01907   0.04830  -0.02550  -0.00327  -0.02199   0.04600  -0.05629   0.03662   0.02183 
  0.00629  -0.02970   0.01359   0.01547  -0.03818   0.03691  -0.07340   0.05686  -0.06694  -0.10085   0.03576   0.05966   0.05055  -0.04350  -0.00698   0.00675   0.09816  -0.11708   0.04144   0.06297 
  0.01164  -0.04888   0.00475   0.04703   0.02018   0.00789  -0.11442   0.06749  -0.05185  -0.07023   0.01818   0.06997   0.01618  -0.01597  -0.01241   0.01646   0.04302  -0.09288  -0.01159   0.10782 
  0.00494  -0.03248  -0.02445   0.07068  -0.00053   0.02405  -0.12905   0.07836  -0.08501  -0.10326   0.04305   0.05469   0.00700  -0.02440  -0.00299   0.03246   0.00080  -0.08490  -0.02048   0.12176 
 -0.02354  -0.03747  -0.00801   0.08010   0.01018  -0.00558  -0.13132   0.10372  -0.04581  -0.12655   0.01495   0.11809   0.04662  -0.05436   0.00324   0.01869  -0.00863  -0.11515  -0.00455   0.14102 
  0.00196  -0.06550  -0.01826   0.10184   0.02987   0.03461  -0.14851   0.04685  -0.04353  -0.10838   0.01454   0.10414   0.03652  -0.02938  -0.04725   0.03947   0.06738  -0.10673  -0.04398   0.13486 
  0.01377  -0.03828  -0.04623   0.09442  -0.01044   0.02696  -0.11506   0.07469  -0.08350  -0.16964   0.07186   0.01585   0.03959  -0.04716   0.01879   0.00310   0.08148  -0.09226  -0.03751   0.11123 
 -0.00462  -0.05470   0.00766   0.06435   0.00685   0.05435  -0.11949   0.02322   0.04284  -0.10655   0.03095  -0.03159   0.07658  -0.05590  -0.00670  -0.01419   0.06983  -0.08003  -0.03193   0.09964 
  0.04836  -0.03647  -0.02270   0.03230   0.01213   0.06598  -0.14966   0.02232   0.00754  -0.06181   0.01596   0.01280   0.05420   0.00252  -0.07253  -0.01544   0.06376  -0.04147  -0.08780   0.09962 
  0.03242   0.00043  -0.05222   0.03710   0.00650   0.11614  -0.19064  -0.02726  -0.07848  -0.07429   0.04818   0.00586   0.02067   0.02346  -0.01439  -0.05819   0.09157  -0.04057  -0.00669   0.02162 
 -0.00324   0.01224  -0.00278  -0.01120   0.00983   0.05781  -0.12558   0.01943   0.00713  -0.09409   0.03774  -0.02488   0.04459   0.01215  -0.04117  -0.04643   0.04985  -0.01630   0.00355  -0.00201 
  0.02732  -0.00644  -0.00149  -0.01685   0.00552   0.06775  -0.16251   0.03583  -0.00765  -0.06742   0.02038   0.02077   0.07104  -0.01195  -0.04563  -0.04065   0.09668  -0.04897  -0.04486   0.06290 
  0.04196  -0.01229  -0.03093   0.01784  -0.00404   0.07378  -0.19681   0.05861  -0.12561  -0.11827   0.07075   0.01039   0.01348   0.05486  -0.01724  -0.11365   0.05152  -0.03645   0.02455   0.00484 
 -0.01866   0.00864   0.00820  -0.00701   0.06555  -0.02629  -0.09772   0.04560  -0.04107  -0.10453   0.03374   0.04686   0.08968  -0.08709   0.01223  -0.00831   0.06565  -0.07634  -0.00620   0.07711 
  0.05104  -0.07614   0.00711   0.03710  -0.10353   0.17476  -0.22125  -0.00675  -0.05730   0.07211  -0.05322   0.10168  -0.00600   0.07242  -0.15113  -0.00270  -0.08357   0.03825  -0.08647   0.04772 
 -0.04817   0.09861  -0.12340   0.03910   0.16844   0.03055  -0.23441  -0.09451  -0.02465  -0.09880   0.09251  -0.23336   0.08040  -0.01218   0.01251  -0.12222   0.10589  -0.01712   0.05694  -0.09895 
  0.05419  -0.03909   0.07493  -0.14568  -0.00240   0.08194  -0.10253  -0.02489   0.03278  -0.08381   0.06586  -0.20024  -0.06482   0.09342  -0.02813  -0.07778   0.09643  -0.06658   0.09264  -0.05977 
  0.01084   0.03630   0.00711  -0.08574   0.60447  -3.89702  -3.89702  -3.89702   0.77008  -3.89702  -3.89702  -3.89702   0.58036  -3.89702  -3.89702  -3.89702   0.95826  -3.89702  -3.89702  -3.89702 
  0.69585  -3.89702  -3.89702  -3.89702  -3.89702  -2.85675   0.63269  -3.89702  -3.89702  -3.89702  -3.89702  -3.89702  -3.89702  -3.89702  -3.89702  -3.89702  -3.89702  -3.89702  -3.89702  -3.89702 
 -3.89702  -2.85367   0.52439  -3.89702  -3.89702  -3.89702  -3.89702  -3.89702   0.59399   0.23659  -3.89702  -3.89702   0.01319  -0.11050   0.20605  -0.12097  -3.89702  -3.89702  -3.89702  -3.89702 
  0.12892  -0.05282   0.01803  -0.11861  -0.04064  -0.00286  -0.02133   0.06535  -0.11280  -0.06379   0.02989   0.07836   0.01800  -0.10149   0.04633   0.07492   0.11927  -0.11840   0.06680   0.02736 
  0.00440  -0.06916   0.01341   0.06506   0.03251   0.00902  -0.04494  -0.00548  -0.01809  -0.06398   0.01299   0.04920   0.01547   0.01153  -0.01340  -0.02834  -0.00210  -0.05872   0.07086   0.00876 
  0.00871  -0.00907  -0.00427   0.01069   0.02921  -0.01882  -0.09400   0.07460   0.04275  -0.04060  -0.01023   0.02904   0.04671  -0.08712   0.06863  -0.00226   0.08736  -0.12127   0.04143   0.07231 
  0.04566  -0.07024   0.00164   0.04333   0.08935  -0.02353  -0.12811   0.03556   0.02111   0.01411  -0.06642   0.12678   0.05946  -0.06028   0.00026   0.01169   0.07411  -0.05901   0.02947   0.01921 
  0.06326  -0.02931  -0.05786   0.05118   0.00387   0.01545   0.02273  -0.05439  -0.00078  -0.08234   0.02964  -0.00061   0.01871  -0.06463   0.10125  -0.03416   0.02029  -0.06468   0.06692   0.01136 
  0.00467  -0.04355   0.04460  -0.01317   0.02920   0.00253  -0.02384  -0.01337   0.08420  -0.05834  -0.00311  -0.02450   0.04021  -0.08983   0.11106  -0.04108   0.08254  -0.03112   0.02072  -0.01504 
  0.05994  -0.04396   0.01323  -0.02287   0.07668  -0.02421  -0.06583   0.00212   0.05705  -0.05194  -0.01091   0.02645   0.06519  -0.05548   0.00990  -0.01334   0.08151  -0.05456  -0.00980   0.04762 
  0.07653  -0.04355  -0.02719   0.01653   0.01621  -0.01798   0.04548  -0.04840   0.03614  -0.03486   0.00199  -0.00567   0.01337  -0.02591   0.04489  -0.02100   0.01755  -0.06867   0.08557  -0.00442 
  0.02190  -0.03228   0.02539  -0.01543   0.02301  -0.01648   0.04034  -0.05294   0.03036  -0.03820   0.02290  -0.06563   0.06286  -0.07424   0.07961  -0.06056   0.06971  -0.04149   0.03972  -0.01395 
  0.05250  -0.04334   0.03212  -0.04657   0.06610  -0.08946   0.02277   0.00519   0.02018  -0.05734  -0.00848   0.06443   0.08759  -0.07615   0.01978  -0.02860   0.03972  -0.07689   0.00203   0.08159 
  0.07446  -0.07285  -0.00707   0.02770   0.00292  -0.03291   0.07000  -0.04282  -0.03063  -0.08702   0.04298  -0.00915   0.02330  -0.04117   0.08195  -0.05455   0.03310  -0.05896   0.08289  -0.02206 
  0.01138  -0.04253   0.04758  -0.02692   0.00379   0.00989   0.04057  -0.06883   0.03067  -0.04163   0.00644  -0.00538   0.02908  -0.09161   0.12500  -0.04046   0.11494  -0.07291   0.06931  -0.03041 
  0.04221  -0.05095   0.03891  -0.03485   0.06019  -0.01322  -0.02832  -0.02723   0.00182   0.00341  -0.01855   0.04669   0.08239  -0.04626   0.01383  -0.06143   0.03052  -0.02448  -0.00371   0.02615 
  0.06585  -0.02013  -0.02465  -0.00646   0.00222   0.00676   0.02110  -0.03656  -0.02176  -0.00359   0.01893  -0.03305  -0.00389  -0.02846   0.02084   0.02997   0.00462  -0.03089   0.06050  -0.02175 
 -0.00269  -0.01514   0.02295  -0.01036   0.00163   0.00178  -0.02390   0.02009   0.06266  -0.01878  -0.00256  -0.04473   0.02455  -0.06282   0.08205  -0.02124   0.06683  -0.06456   0.04680   0.01164 
  0.03697  -0.03929   0.01679  -0.00840   0.06543  -0.01225  -0.04764  -0.01596   0.03298   0.02454  -0.04349   0.05475   0.05692  -0.06023   0.03001  -0.01418   0.04477  -0.05988   0.03780   0.02583 
  0.05851  -0.02931  -0.02367   0.01335  -0.01459  -0.01614   0.06790  -0.04232   0.00615  -0.03229   0.02033  -0.03327   0.00182  -0.02216   0.08143  -0.05506   0.01842  -0.05454   0.08702  -0.02657 
  0.00114  -0.02813   0.04725  -0.03634  -0.01337   0.00696  -0.01665   0.02225   0.04541  -0.04236   0.01402  -0.04824   0.05729  -0.07084   0.06073  -0.03303   0.10358  -0.06705   0.04495  -0.00257 
  0.05226  -0.04518   0.01591  -0.01628   0.05959  -0.01820  -0.05106   0.00323   0.05932  -0.00342  -0.03251   0.03011   0.05125  -0.03214  -0.00095  -0.01784   0.01195  -0.02645   0.00530   0.02839 
  0.05899  -0.01821  -0.03411   0.01176   0.00814  -0.01007   0.04214  -0.04522  -0.00956  -0.04559   0.02953  -0.03101  -0.01592  -0.03771   0.09601  -0.02230   0.02001  -0.03183   0.05643  -0.02271 
 -0.00352  -0.02970   0.04626  -0.02721  -0.00309  -0.02270   0.04279  -0.01424   0.06838  -0.05794   0.01000  -0.04666   0.02270  -0.06474   0.09385  -0.03028   0.08585  -0.05444   0.06861  -0.03899 
  0.04245  -0.04888   0.03518  -0.03160   0.04940  -0.05257   0.01261  -0.00502   0.03814  -0.04940  -0.01702   0.06092   0.04847  -0.03491   0.02340  -0.03438   0.00671  -0.03916   0.01162   0.04157 
  0.05274  -0.03768  -0.01140   0.01388  -0.03652  -0.00627   0.07103  -0.03534  -0.02379   0.00065   0.01636  -0.02763   0.00688  -0.03264   0.05392  -0.01113   0.02703  -0.02957   0.05984  -0.03396 
 -0.00739  -0.01552   0.03348  -0.02229  -0.00483   0.01281   0.02354  -0.04014   0.06692  -0.08396   0.00300   0.00649   0.04082  -0.04916   0.07818  -0.06375   0.03033  -0.01276   0.03514  -0.03254 
  0.04121  -0.03129   0.02295  -0.03485   0.04526  -0.02780  -0.03305   0.01648   0.02608  -0.01519  -0.02314   0.05461   0.01949  -0.03251   0.05353  -0.02856   0.07577  -0.04342   0.01827   0.00898 
  0.04245  -0.02872  -0.00989   0.01096  -0.01165  -0.02466   0.05867  -0.02145   0.01237  -0.00314   0.00781  -0.03522   0.02680  -0.04383   0.06681  -0.03628   0.00434  -0.02301   0.05537  -0.02759 
  0.01218  -0.02324   0.03092  -0.02721   0.00299  -0.02322   0.03348  -0.00950   0.06685  -0.03508  -0.01036  -0.00542   0.03201  -0.06374   0.09020  -0.04116   0.10497  -0.06822   0.03689   0.00714 
  0.04836  -0.04867   0.02032  -0.01402   0.08826  -0.05293  -0.02437  -0.01789   0.06176  -0.00100  -0.02764   0.01114   0.05634  -0.06019   0.01960  -0.00260   0.06610  -0.01951  -0.03293   0.02932 
  0.07515  -0.03268  -0.03014   0.00775   0.01133  -0.00873   0.04419  -0.05414  -0.02505  -0.00852   0.01176   0.00024   0.02563  -0.02113   0.05147  -0.05519   0.03317  -0.03674   0.07861  -0.05027 
  0.01297  -0.01725   0.03109  -0.03753  -0.01735  -0.00310   0.02091   0.00079   0.01750  -0.04325   0.01604  -0.01901   0.02880  -0.05697   0.10278  -0.06429   0.05522  -0.03990   0.06387  -0.03774 
  0.02526  -0.03768   0.03823  -0.03308   0.02653  -0.01717  -0.01138   0.00403   0.03357  -0.02392  -0.00898   0.01771   0.04077  -0.03259   0.01702  -0.01963   0.08295  -0.02787  -0.00312   0.00487 
  0.04934  -0.02304  -0.01367   0.00098  -0.02265   0.01552   0.03857  -0.04170  -0.00473  -0.00984   0.01523  -0.03147  -0.00524  -0.01049   0.07392  -0.05642   0.00706  -0.02698   0.06161  -0.03036 
 -0.00628  -0.00663   0.03416  -0.03842   0.01610  -0.02674   0.03470  -0.02207   0.04827  -0.06497   0.02057  -0.04788   0.02081  -0.02905   0.05873  -0.04254   0.08159  -0.02740   0.04916  -0.05419 
  0.03947  -0.03487   0.03212  -0.04323   0.03882  -0.05898   0.02883  -0.00203   0.04052  -0.01054  -0.02925   0.05033   0.04513  -0.03727   0.02564  -0.02770   0.06567  -0.03336   0.00704   0.01149 
  0.05467  -0.03367  -0.01102   0.00586   0.01621   0.00069   0.03705  -0.06594  -0.00942  -0.03013   0.02859  -0.04692   0.03329  -0.04147   0.04571  -0.02514  -0.02552  -0.00022   0.04626  -0.03998 
  0.01535  -0.01514   0.02903  -0.03992   0.00087  -0.00018   0.00975  -0.01143   0.05381  -0.09038   0.02421  -0.03937   0.03269  -0.04921   0.04984  -0.01657   0.01503  -0.02837   0.04853  -0.01616 
  0.03596  -0.04010   0.02591  -0.02085   0.04416  -0.03961  -0.00865   0.00833   0.04467  -0.03603  -0.02224   0.05442  -0.00099  -0.02027   0.02934   0.00557   0.07949  -0.05157   0.00314   0.03296 
  0.03822  -0.03089  -0.01520   0.02565  -0.00844  -0.01782   0.07120  -0.05207  -0.02684  -0.02308   0.01559   0.00722   0.00426  -0.02290   0.05512  -0.02494   0.02643  -0.00500   0.04532  -0.05621 
 -0.00407  -0.01267   0.03229  -0.02809  -0.01042  -0.01735   0.01682   0.01662   0.06503  -0.04893  -0.00543  -0.00240   0.05137  -0.08969   0.10228  -0.04721   0.07350  -0.03938   0.02264  -0.00012 
  0.04885  -0.05324   0.02260  -0.01204   0.03036   0.02376  -0.02154  -0.04993   0.06633  -0.02977  -0.02907   0.04180   0.04575  -0.05252   0.02249  -0.00139   0.09187  -0.05542  -0.00005   0.03472 
  0.05923  -0.02558  -0.02504   0.00936  -0.01730  -0.00788   0.05292  -0.03111  -0.03966  -0.01984   0.02973  -0.03027   0.00977  -0.03236   0.08113  -0.04827  -0.05583  -0.05132   0.10708  -0.02484 
 -0.01525  -0.02695   0.05299  -0.03101  -0.02260   0.02156   0.01527  -0.02259   0.04942  -0.06539   0.01363  -0.02491   0.02308  -0.06643   0.08986  -0.02320   0.02416  -0.03155   0.04492  -0.01151 
  0.02758  -0.03607   0.02799  -0.02056   0.03672  -0.02577  -0.01597   0.00755   0.03632  -0.02773  -0.01016   0.02222   0.03555  -0.05559   0.04368  -0.00419   0.05464  -0.02528  -0.01800   0.02945 
  0.04542  -0.03288  -0.01045   0.01415  -0.02919  -0.01389   0.06854  -0.02923   0.00394  -0.04325   0.03090  -0.05485  -0.02336  -0.01143   0.06987  -0.02472  -0.02864  -0.01691   0.05404  -0.02061 
 -0.01752  -0.01514   0.04226  -0.02750  -0.00501  -0.01747   0.05248  -0.03142   0.01864  -0.04866   0.01509  -0.01102   0.04542  -0.07102   0.08172  -0.03965   0.05463  -0.04575   0.05077  -0.01260 
  0.03495  -0.04806   0.03603  -0.02547   0.03218   0.00577  -0.03728  -0.00801   0.04831  -0.02581  -0.02234   0.04022   0.02932  -0.05621   0.03483   0.01450   0.05026  -0.04118  -0.02757   0.06049 
  0.04591  -0.02832  -0.02582   0.02847  -0.01002  -0.02464   0.09854  -0.08102   0.00055  -0.02781   0.01461  -0.01307   0.02483  -0.03967   0.06401  -0.03685   0.04720  -0.03194   0.04890  -0.02719 
  0.01111  -0.02832   0.04059  -0.03515  -0.00453  -0.00660   0.05719  -0.05446   0.05388  -0.01815  -0.00693  -0.01958   0.01439  -0.04684   0.08766  -0.03888   0.05994  -0.03977   0.02305   0.00694 
  0.03268  -0.02872   0.02173  -0.02663   0.02781  -0.02015   0.00120  -0.00692   0.03437   0.00399  -0.02441   0.02801   0.04782  -0.04418   0.03686  -0.03290   0.02976  -0.04745  -0.01193   0.06368 
