9 20 3 1 47 -2.6635 1.4648 3.0910 7830
  0.03334  -0.02433  -0.00274   0.00445  -0.02031  -0.00371   0.00483   0.02202  -0.00489  -0.07435   0.03510  -0.02300   0.01879   0.01425   0.03357  -0.09174   0.02588  -0.02428   0.03118  -0.00771 
  0.00598  -0.01213   0.02335  -0.02459  -0.01274  -0.01103   0.03110  -0.00512   0.04395  -0.05291   0.03113  -0.09755   0.01395   0.00429   0.05474  -0.09024  -0.01318  -0.00120   0.06722  -0.07168 
  0.01750  -0.00965   0.03788  -0.06747   0.03652  -0.04245   0.00970   0.00189   0.06232  -0.03150  -0.01089  -0.00221   0.03904  -0.02215   0.02474  -0.04305   0.04314  -0.03720   0.02973   0.00447 
  0.05498  -0.03266   0.00172  -0.01479  -0.01892  -0.01271   0.05673  -0.02720  -0.01939   0.05069  -0.00022  -0.04756   0.02242  -0.02153   0.04744  -0.04468  -0.00690  -0.00430   0.03084  -0.02332 
  0.00435   0.00104   0.01733  -0.03343   0.02555  -0.00296   0.03598  -0.07169   0.01419  -0.06054   0.02530  -0.02650   0.02704  -0.01874   0.05187  -0.06232   0.02725  -0.04164   0.06399  -0.02070 
  0.02821  -0.03007   0.03788  -0.04734  -0.00878  -0.01780   0.01319   0.01929   0.01806  -0.05321   0.01034   0.00960   0.05983  -0.02637   0.01637  -0.06009   0.00129  -0.02688   0.02137   0.01761 
  0.03816  -0.02729   0.00448  -0.00744  -0.01662  -0.03678   0.07172  -0.01635  -0.01742  -0.01598   0.02230  -0.03345   0.05246  -0.04472   0.06472  -0.07351   0.04472  -0.01911   0.06372  -0.06594 
  0.02224  -0.02848   0.04009  -0.04673  -0.01029   0.01080   0.01809  -0.02391   0.03085  -0.06780   0.02699  -0.04468   0.05252  -0.04644   0.06961  -0.07701   0.05306  -0.02332   0.04886  -0.04405 
  0.04242  -0.02987   0.02946  -0.04980   0.01062  -0.02317  -0.01080   0.02932   0.03441  -0.04763  -0.00260   0.02404   0.02810  -0.03582   0.05498  -0.03743   0.02548  -0.00794  -0.02269   0.02245 
  0.03512  -0.02689  -0.00312   0.00663  -0.00626  -0.01238   0.05886  -0.04577   0.01263  -0.01320   0.00554  -0.01519   0.02120  -0.00935   0.02675  -0.04086  -0.01028  -0.03393   0.04773   0.00438 
  0.01057  -0.01404   0.02053  -0.02197   0.00886  -0.00828   0.05488  -0.06625   0.02503  -0.07392   0.03820  -0.07191   0.02512  -0.01867   0.07095  -0.08422   0.02084  -0.01756   0.04118  -0.02716 
  0.02562  -0.02492   0.04379  -0.06330   0.02050  -0.02061   0.00710  -0.00382   0.03804  -0.06658   0.00235   0.02505   0.02657  -0.02492   0.04379  -0.04070   0.02553  -0.03867  -0.02365   0.06449 
  0.03942  -0.03347   0.00023   0.00609  -0.02211  -0.02722   0.06769  -0.01761   0.00774  -0.01730   0.01576  -0.03830   0.03054   0.00647   0.02067  -0.07905  -0.05213  -0.01856   0.06716  -0.02411 
  0.00571  -0.00776   0.02755  -0.03822  -0.02387  -0.01729   0.06880  -0.03085   0.01768  -0.04409   0.02191  -0.03826   0.02877  -0.03446   0.07691  -0.06849   0.05431  -0.03685   0.04252  -0.01591 
  0.02276  -0.03347   0.04127  -0.04184   0.03224  -0.03340   0.01972  -0.01563   0.03036  -0.03946  -0.00235   0.01916   0.04269  -0.03509   0.02383  -0.02561   0.01486  -0.04258   0.04179   0.01212 
  0.04467  -0.03447   0.00411  -0.00408  -0.01893   0.00338   0.06337  -0.06053  -0.00782  -0.06663   0.03877  -0.04150   0.01802  -0.01827   0.06345  -0.06358  -0.01760  -0.03778   0.07641  -0.02092 
  0.00298  -0.02296   0.04630  -0.04458  -0.03285   0.00474   0.04694  -0.02413   0.05478  -0.06265   0.02994  -0.09595   0.01188  -0.03005   0.08231  -0.05708   0.04596  -0.01641   0.03681  -0.03673 
  0.02484  -0.02335   0.03771  -0.05353   0.00711  -0.03925   0.01977   0.02152   0.03220  -0.04393  -0.00870   0.03974   0.03802  -0.03748   0.01485  -0.00557   0.04480  -0.04133   0.02407   0.01542 
  0.03992  -0.03892  -0.00144   0.01523  -0.03778  -0.00603   0.04927  -0.00625   0.00852   0.01027   0.00014  -0.02318   0.03418  -0.02701   0.02507  -0.02758   0.00086  -0.01197   0.06806  -0.06066 
  0.00814  -0.00681   0.01769  -0.02576  -0.00271  -0.00676   0.05526  -0.05388   0.03146  -0.04395   0.01493  -0.03138   0.03677  -0.04209   0.08071  -0.07297   0.05375  -0.01845   0.05632  -0.06229 
  0.03232  -0.02907   0.03958  -0.05697   0.02463  -0.01482  -0.00512  -0.00335   0.06090  -0.04385  -0.00132  -0.01563   0.03615  -0.03233   0.04170  -0.04014   0.05835  -0.02917  -0.01423   0.02961 
  0.05254  -0.02828  -0.00349  -0.01025  -0.01243  -0.01194   0.04617  -0.02240  -0.02131  -0.00762   0.01935  -0.02974   0.03294  -0.01633   0.03787  -0.05914  -0.06755  -0.01780   0.07416  -0.02786 
  0.00271  -0.01194   0.03068  -0.03373  -0.01857  -0.05054   0.08165  -0.00949   0.04680  -0.05534   0.00890  -0.01730   0.00662  -0.03703   0.07753  -0.03124   0.02755  -0.05242   0.07833  -0.02292 
  0.01935  -0.04630   0.04278  -0.02197   0.04147  -0.02626  -0.04650   0.03154   0.05622  -0.03120  -0.00887  -0.00104   0.04176  -0.02392   0.01316  -0.03157   0.02335  -0.04393   0.04741   0.00395 
  0.05206  -0.02532  -0.01314   0.00034   0.01828  -0.02758   0.08106  -0.08806  -0.01457  -0.01795   0.02654  -0.04925   0.01816  -0.01881   0.05800  -0.05589  -0.03540  -0.02689   0.08023  -0.03484 
  0.00760  -0.02062   0.04664  -0.05415  -0.00546  -0.01919   0.06590  -0.04637   0.08665  -0.04554   0.01562  -0.11254   0.04597  -0.04641   0.10822  -0.12216   0.00811  -0.02684   0.05410  -0.02185 
  0.05083  -0.03487   0.04396  -0.07987   0.01762  -0.03333   0.03059  -0.01019   0.07276  -0.02023  -0.02783   0.02057   0.05935  -0.04264   0.04048  -0.05851   0.10787  -0.06636   0.00867   0.03198 
  0.07093  -0.04034  -0.00706  -0.00968  -0.03386   0.00641   0.06823  -0.05396   0.00046  -0.04177   0.03378  -0.06328   0.01969  -0.03079   0.05106  -0.02887   0.05830  -0.04484   0.09925  -0.08109 
  0.01057  -0.02374   0.04597  -0.05135   0.00353  -0.03648   0.04250  -0.00344   0.05962  -0.08841   0.02613  -0.05648   0.05061  -0.05788   0.05924  -0.04106   0.04771  -0.04794   0.06635  -0.02465 
  0.05157  -0.05485   0.03429  -0.03254   0.01499  -0.01853  -0.02659   0.03390   0.03832  -0.06483  -0.00119   0.03315   0.04144  -0.04901   0.06334  -0.04601   0.00288  -0.06233   0.02364   0.06050 
  0.04092  -0.04259  -0.00144   0.01894   0.00019  -0.01731   0.02554  -0.00492  -0.00946  -0.01361   0.01386  -0.01679   0.02957  -0.01611   0.03404  -0.04970  -0.01508  -0.05002   0.07152   0.00169 
  0.01003  -0.01945   0.02106  -0.01422   0.00084  -0.01232   0.03029  -0.01810   0.06331  -0.06616   0.01952  -0.06363   0.02140  -0.02138   0.05058  -0.04714   0.06507  -0.03710   0.02816  -0.00496 
  0.03614  -0.02927   0.02353  -0.03283   0.04811  -0.01514  -0.02940  -0.00717   0.00931  -0.01400  -0.00950   0.03411   0.03465  -0.00990   0.02133  -0.05451   0.00585  -0.02979  -0.00490   0.04493 
  0.03791  -0.01443  -0.01391   0.00172   0.01021  -0.01865   0.04351  -0.03704   0.00911   0.00189  -0.00167  -0.00728   0.02101  -0.00534   0.04562  -0.07044  -0.03406  -0.02303   0.06501  -0.02205 
  0.01057  -0.01041   0.02441  -0.03402  -0.04163  -0.02783   0.05589   0.01840   0.05919  -0.08347   0.00970  -0.00512   0.04715  -0.05112   0.06161  -0.04952   0.05492  -0.03188   0.05008  -0.03284 
  0.03664  -0.04712   0.03102  -0.02024   0.05752  -0.07738  -0.00944   0.03618   0.06761  -0.01903  -0.01246  -0.01909   0.06894  -0.05600   0.04546  -0.05808   0.00895  -0.04075   0.03734   0.01698 
  0.06835  -0.04526  -0.00312  -0.00576  -0.00850  -0.02442   0.06823  -0.03821  -0.02313  -0.00658   0.02391  -0.04504   0.01092   0.00334   0.05568  -0.08458  -0.05443  -0.00672   0.07249  -0.04963 
 -0.00308  -0.00324   0.03669  -0.05197   0.02145  -0.04886   0.03907  -0.00499   0.06455  -0.03266   0.00214  -0.04541   0.07816  -0.08658   0.08978  -0.08167   0.00033  -0.05179   0.10440  -0.04568 
  0.06243  -0.06101   0.04127  -0.04980   0.04230  -0.03623  -0.01996   0.01781   0.07836   0.00916  -0.04541   0.02668   0.04327  -0.01773   0.05483  -0.09551   0.04616  -0.04155   0.01445   0.02480 
  0.06481  -0.01770  -0.02379  -0.00997  -0.03492  -0.01350   0.04230   0.00908  -0.01387   0.02452   0.00201  -0.02308   0.01821  -0.02672   0.04560  -0.02734  -0.00132  -0.02112   0.02812   0.00334 
 -0.00336  -0.01194   0.01875  -0.00772   0.03839  -0.01200   0.01009  -0.04238   0.06461  -0.04317   0.01045  -0.06123   0.03757  -0.06139   0.07811  -0.03808   0.06079  -0.04600   0.06401  -0.03161 
  0.04985  -0.04218   0.03050  -0.04215   0.04786  -0.04213  -0.01495   0.01323   0.07197  -0.03993  -0.02637   0.03875   0.02829  -0.02702   0.03460  -0.02923   0.03850  -0.04921   0.00560   0.04663 
  0.05546  -0.03467  -0.01737   0.01523  -0.01434   0.01572   0.04231  -0.05713   0.02602   0.00189  -0.01351   0.00922   0.02448  -0.00473   0.03184  -0.06035  -0.03692  -0.02480   0.09263  -0.05455 
  0.00895  -0.00026   0.01858  -0.03852  -0.01460  -0.00849   0.05138  -0.03143   0.01549  -0.04835   0.02478  -0.04053   0.03836  -0.04877   0.08888  -0.07490   0.01683  -0.04849   0.08214  -0.02834 
  0.02328  -0.04136   0.05062  -0.04765   0.03753  -0.05704  -0.01422   0.04199   0.06394  -0.02368  -0.02493   0.02706   0.05987  -0.04177   0.03066  -0.04935   0.04147  -0.04284  -0.00712   0.04883 
  0.06528  -0.03831  -0.01989   0.01256   0.07213  -0.02886   0.02583  -0.08776   0.05984   0.04701  -0.00901  -0.11796   0.06362  -0.02154   0.05779  -0.13047   0.05145  -0.03685   0.05790  -0.03290 
  0.06599  -0.01041   0.01483  -0.08655   0.07463  -0.01064   0.02989  -0.12892   0.19569  -0.04579  -0.05006  -0.07554   0.07030  -0.04386   0.08510  -0.13878   0.05150  -0.00743   0.05238  -0.07527 
  0.11556  -0.03107   0.00595  -0.10969   0.19523  -0.08252  -0.09395  -0.09738   0.25133  -0.13395  -0.06897  -0.03240   0.19958  -0.12739   0.01404  -0.19420   0.08800  -0.05373  -0.00200   0.03632 
  0.21925  -0.10272  -0.05550  -0.07921  -0.25148  -0.07660   0.34251  -0.35522  -0.20358   0.09706   0.06182  -0.20170  -0.13885   0.12500   0.07732  -0.21676  -0.23563   0.05492   0.13454  -0.21729 
 -0.18206   0.04973   0.14775  -0.25099  -2.39725  -3.89382   0.63244  -3.89382  -2.62439  -3.89382   0.31861  -3.89382  -2.89113  -3.89382   0.71229  -3.89382  -3.89382  -3.89382   0.59860  -3.89382 
 -2.69258  -3.89382   0.52439  -3.89382  -3.89382  -3.89382  -3.89382   0.66213  -3.89382  -3.89382  -3.89382  -3.89382  -3.89382  -2.45588  -3.89382   0.69320  -3.89382  -3.89382  -3.89382  -3.89382 
 -3.89382  -2.40037  -3.89382   0.69573  -3.89382  -3.89382  -3.89382  -3.89382   0.41791  -3.89382  -0.03338  -0.15003  -3.89382  -3.89382  -3.89382  -3.89382   0.28040  -0.25097   0.21684  -0.20117 
  0.01856  -0.13622   0.14283  -0.10934   0.03252   0.18257  -0.31865  -0.12773   0.06268   0.04353  -0.02832  -0.04808  -0.02260   0.17885  -0.11469  -0.36641  -0.05427  -0.00259  -0.02559   0.04889 
  0.03410   0.14527  -0.13185  -0.14400  -0.03086  -0.16500   0.18907  -0.03073  -0.22402  -0.36405   0.18298  -0.27361   0.12913  -0.11092   0.13697  -0.24031   0.08382  -0.13989   0.12266   0.00260 
 -0.02526  -0.22287   0.21514  -0.15489   0.00129   0.02937  -0.06840   0.02359  -0.00647   0.02276  -0.04311   0.09293  -0.09812  -0.09532  -0.21192   0.29322   0.02294  -0.01897  -0.02397   0.04026 
 -0.01091  -0.02120  -0.15856   0.19024  -0.03099  -0.02284   0.04473   0.01429  -0.05105  -0.08111   0.05298  -0.03011   0.07395  -0.08997   0.08279  -0.05895   0.09300  -0.05994   0.06459  -0.02988 
 -0.01289  -0.05191   0.06203  -0.01393  -0.00182  -0.02185  -0.05514   0.07925   0.04881  -0.08587   0.00974   0.00983   0.07035   0.02652  -0.04756  -0.11627   0.06701  -0.06536  -0.02860   0.08253 
  0.05812  -0.01539  -0.03451   0.00934   0.00366  -0.00035  -0.03538   0.03149  -0.05173  -0.08329   0.05465  -0.03327   0.09330  -0.03475  -0.05633  -0.02918   0.03478  -0.06225   0.04695   0.02379 
  0.02950  -0.04136   0.01733   0.00172  -0.02297  -0.00072   0.04100  -0.01989  -0.04401  -0.05732   0.03949  -0.01531   0.07981   0.00154  -0.02763  -0.10168   0.06659  -0.05865   0.02269   0.02935 
  0.03155  -0.01887   0.01321  -0.02605  -0.02502  -0.00106  -0.02365   0.05079  -0.02706  -0.10209   0.04082   0.00943   0.09066  -0.01298  -0.01477  -0.10769   0.09650  -0.05155  -0.02624   0.05089 
  0.04267  -0.03387   0.00338  -0.00159  -0.00459   0.01669  -0.04298   0.02477  -0.08615  -0.03792   0.03625   0.01340   0.10821  -0.00533  -0.06901  -0.10015   0.05244  -0.05373   0.01127   0.04083 
  0.03740  -0.01443  -0.00914  -0.00464  -0.01692   0.03687  -0.03417   0.00093  -0.06697  -0.08185   0.05862  -0.03423   0.08428  -0.00277  -0.05427  -0.07298   0.10985  -0.07978   0.01539   0.04084 
  0.03053  -0.02512   0.01303  -0.01536   0.03698   0.02078  -0.04040  -0.03347  -0.04072  -0.07964   0.04412  -0.01049   0.08917   0.00165  -0.03727  -0.10980   0.05948  -0.03916  -0.02477   0.05155 
  0.04985  -0.01558  -0.00330  -0.02605  -0.01482   0.00791   0.00634  -0.00122  -0.05797  -0.08917   0.05308  -0.01492   0.08434   0.01108  -0.02603  -0.13428   0.04694  -0.04986  -0.00576   0.05401 
  0.02821  -0.02159   0.01715  -0.02459  -0.00667   0.01737   0.01212  -0.03115  -0.04298  -0.06637   0.05157  -0.05017   0.08949  -0.01692  -0.01489  -0.09707   0.10138  -0.06502   0.02235   0.02021 
  0.04442  -0.02769   0.02106  -0.04093   0.02498  -0.02342  -0.00517   0.00759  -0.01946  -0.10746   0.05221  -0.03305   0.10344  -0.03353  -0.01690  -0.09009   0.10278  -0.03921  -0.01383   0.02060 
  0.06576  -0.04362   0.01050  -0.02605  -0.00978  -0.00400   0.01566  -0.00049  -0.05528  -0.09153   0.06076  -0.04378   0.06936   0.02574  -0.03983  -0.12124   0.08572  -0.05751   0.00240   0.03814 
  0.03258  -0.01635   0.01285  -0.03046   0.00652   0.00970   0.00667  -0.02920  -0.10802  -0.08596   0.05668   0.01411   0.05631   0.01223  -0.01537  -0.09387   0.05610  -0.06352  -0.01692   0.07574 
  0.01485  -0.02257   0.01822  -0.01025  -0.02500   0.02157  -0.03451   0.03151  -0.04839  -0.10349   0.06815  -0.06774   0.08230   0.00840  -0.01122  -0.14217   0.08703  -0.02696  -0.05839   0.05050 
  0.03309  -0.01366   0.01050  -0.03135  -0.02006   0.02867  -0.01147  -0.00649  -0.08662  -0.09726   0.06650  -0.02843   0.10054   0.00732  -0.06731  -0.11304   0.02262  -0.02639  -0.01848   0.04559 
  0.02821  -0.01366   0.01195  -0.02810  -0.01304   0.01737  -0.01569   0.00663  -0.11658  -0.08623   0.06958  -0.02453   0.06141   0.00326  -0.01931  -0.07990   0.07672  -0.06413   0.02255   0.03149 
  0.01218  -0.02473   0.02738  -0.01908   0.00192   0.00620  -0.02570   0.01560  -0.05535  -0.16042   0.06927  -0.00833   0.05948   0.01582  -0.01756  -0.10509   0.06094  -0.06706   0.01794   0.04705 
  0.02666  -0.03146   0.02159  -0.01564  -0.01904   0.01561  -0.04140   0.03970  -0.07716  -0.10500   0.06967  -0.04170   0.06411  -0.00064  -0.01365  -0.08316   0.08821  -0.05109  -0.01617   0.04568 
  0.02276  -0.02316   0.01303  -0.00968  -0.01405   0.03421  -0.01602  -0.01688  -0.03888  -0.11860   0.06944  -0.06715   0.05128   0.00999   0.01868  -0.12141   0.02578  -0.05212   0.02362   0.03868 
  0.01618  -0.01848   0.03206  -0.04093  -0.03550   0.03187  -0.02124   0.01515  -0.01427  -0.12462   0.05597  -0.03550   0.09666  -0.04062  -0.01390  -0.06699   0.07127  -0.03078  -0.01383   0.02522 
  0.04665  -0.03487   0.01267  -0.01908   0.02085   0.01827  -0.05291   0.00311  -0.07235  -0.04377   0.04640  -0.02723   0.07303   0.00828  -0.03088  -0.09925   0.06320  -0.04930   0.01903   0.02247 
  0.03487  -0.00908   0.00116  -0.02547  -0.02400   0.03631  -0.00767  -0.01790  -0.07762  -0.05820   0.05606  -0.04090   0.06376  -0.01251   0.03144  -0.11309   0.06732  -0.02110   0.00641  -0.00664 
  0.01485  -0.01194   0.03050  -0.04703  -0.00182  -0.01256   0.02870  -0.01273  -0.02318  -0.12321   0.06030  -0.04339   0.05981  -0.00956   0.02291  -0.10061   0.14029  -0.04520  -0.02417   0.01731 
  0.04317  -0.03811   0.03050  -0.04003   0.03648  -0.00340   0.00569  -0.04739   0.01354  -0.08032   0.04049  -0.05807   0.11571  -0.02810  -0.02351  -0.11932   0.17005  -0.06284  -0.02861   0.02660 
  0.09015  -0.03628  -0.00014  -0.05135   0.00934  -0.07264   0.13725  -0.10209   0.02427  -0.11763   0.05156  -0.07339   0.07587  -0.02773  -0.00143  -0.06568   0.11752  -0.05693   0.02422  -0.00152 
  0.06052  -0.05973   0.04697  -0.05981  -0.08684  -0.02410   0.14015  -0.05840  -0.05885  -0.13284   0.05863   0.00842   0.08489  -0.02292  -0.00558  -0.08690   0.06861  -0.07084   0.00752   0.05767 
  0.02769  -0.04588   0.03788  -0.02342   0.04264  -0.00669  -0.01174  -0.03064  -0.03419  -0.09190   0.03656   0.02043   0.08874  -0.01953  -0.00974  -0.09629   0.09174  -0.06100  -0.00487   0.04616 
  0.06148  -0.03347  -0.00088  -0.01736  -0.00066  -0.05466   0.11310  -0.07213  -0.02605  -0.14438   0.05505  -0.00086   0.08484  -0.02815  -0.00942  -0.07247   0.18641  -0.06878  -0.01800   0.01410 
  0.05715  -0.06101   0.03515  -0.03224  -0.05391  -0.04142   0.10213  -0.01079  -0.01644  -0.12267   0.04047   0.01893   0.08509  -0.02790   0.01143  -0.09778   0.17865  -0.06616  -0.00075  -0.00106 
  0.05279  -0.04899   0.02405  -0.02488   0.01566   0.00015  -0.02007   0.00257  -0.04309  -0.08485   0.04243   0.00298   0.08862  -0.03207   0.00139  -0.08457   0.16044  -0.04516  -0.02007   0.00105 
  0.06076  -0.03166   0.00005  -0.02053  -0.00479  -0.00139   0.04077  -0.04016  -0.01184  -0.12777   0.05399  -0.02771   0.11044  -0.04208  -0.01926  -0.08551   0.14682  -0.07699   0.00261   0.02938 
  0.06457  -0.05254   0.02177  -0.03046  -0.03988   0.01430   0.06679  -0.05744  -0.02491  -0.09593   0.05145  -0.03631   0.07931  -0.01883  -0.02816  -0.05969   0.10091  -0.06352  -0.01815   0.05634 
  0.03942  -0.02888   0.01429  -0.02197   0.02619   0.01674  -0.01000  -0.04620  -0.02939  -0.06740   0.03010   0.01212   0.06322  -0.00172   0.00387  -0.09975   0.08164  -0.08179   0.01308   0.05919 
  0.04192  -0.02512   0.00741  -0.01937  -0.01411  -0.01572   0.06978  -0.04614   0.00745  -0.09079   0.03095  -0.00539   0.09143  -0.04586   0.01622  -0.08185   0.10652  -0.07814   0.02476   0.03147 
  0.05328  -0.05275   0.02755  -0.02605  -0.00318  -0.00852   0.05752  -0.05368  -0.02340  -0.09437   0.03140   0.02855   0.06334  -0.02787   0.04083  -0.09337   0.12731  -0.07235  -0.01528   0.05089 
  0.04516  -0.03953   0.01715  -0.01793  -0.00606  -0.00539   0.02332  -0.01149  -0.03792  -0.08016   0.05630  -0.05813   0.09661  -0.00991  -0.00268  -0.14233   0.13858  -0.08944   0.00568   0.04590 
  0.05473  -0.03568   0.02017  -0.04003  -0.02381  -0.02169   0.02275   0.02970  -0.04836  -0.09296   0.05394  -0.02370   0.07697  -0.04285   0.02641  -0.07234   0.06092  -0.08967   0.02097   0.07006 
  0.03232  -0.05485   0.02773   0.00034  -0.01078  -0.00784   0.04615  -0.03020   0.00771  -0.06610   0.02529  -0.01274   0.06659  -0.03796   0.02057  -0.05576   0.10682  -0.08391  -0.00479   0.06540 
  0.04615  -0.04055   0.00887  -0.00464   0.01850   0.00434  -0.01674  -0.01015  -0.03822  -0.07536   0.05283  -0.04976   0.05666  -0.01356  -0.00851  -0.05081   0.07295  -0.07295   0.02697   0.03982 
  0.03360  -0.03007   0.01447  -0.01393  -0.02272  -0.00912   0.03287   0.00125  -0.01343  -0.11303   0.04272  -0.00044   0.07984  -0.04060   0.00643  -0.05844   0.14023  -0.06451  -0.00058   0.02060 
  0.04690  -0.04858   0.01875  -0.00997  -0.04475   0.02428   0.05557  -0.05239   0.01700  -0.08396   0.04044  -0.05806   0.06287  -0.04373   0.05773  -0.08457   0.10119  -0.04215  -0.02067   0.03165 
  0.03740  -0.02848   0.02476  -0.03761   0.00673  -0.00948   0.06319  -0.07341  -0.00309  -0.07750   0.03163  -0.00971   0.08022  -0.05089   0.02269  -0.05969   0.07490  -0.04083  -0.00132   0.02533 
  0.05132  -0.04177   0.02212  -0.03017  -0.06718  -0.00164   0.09802  -0.04669   0.00547  -0.06421   0.02406  -0.00821   0.06358  -0.03180   0.04708  -0.09439   0.12342  -0.06470  -0.00165   0.03135 
  0.03436  -0.03447   0.02807  -0.03076  -0.02241   0.00791   0.04804  -0.04242  -0.02254  -0.08269   0.05087  -0.05149   0.06794  -0.02405   0.02618  -0.09070   0.09907  -0.05195   0.00129   0.02526 
