IntronPotTab 1 1024 1.27793
   -0.00753
    0.05133
   -0.06108
    0.05135
    0.03180
   -0.00407
   -0.11913
    0.09762
    0.00983
    0.02252
   -0.04152
   -0.00389
    0.03425
    0.00948
   -0.04824
    0.02092
   -0.01794
    0.04906
   -0.09897
    0.07407
   -0.01850
    0.03658
   -0.06700
    0.05646
   -0.02083
    0.02643
   -0.04477
    0.02676
    0.09262
   -0.03746
    0.00818
   -0.00776
    0.02369
    0.03214
   -0.04797
   -0.00775
    0.02252
   -0.02984
   -0.04372
    0.04062
   -0.01736
    0.05199
    0.00945
   -0.06157
   -0.01762
    0.01828
   -0.03406
    0.02764
   -0.02320
    0.03426
   -0.10307
    0.05671
    0.03941
   -0.03313
   -0.05173
    0.04814
    0.04895
    0.03331
   -0.07661
   -0.01986
    0.00160
   -0.04081
   -0.01806
    0.06410
   -0.05574
    0.03801
   -0.08505
    0.13603
    0.05765
   -0.08655
   -0.07252
    0.09779
    0.02767
    0.01484
   -0.10998
    0.03285
    0.06317
   -0.02662
   -0.02912
    0.04203
    0.01199
    0.03251
   -0.15551
    0.08458
   -0.07710
    0.05415
   -0.07520
    0.09623
   -0.00723
   -0.01432
   -0.03812
    0.05281
    0.08909
   -0.05993
   -0.05494
    0.07473
    0.05831
   -0.04403
   -0.09907
    0.07752
    0.01074
   -0.07674
   -0.05961
    0.08337
    0.06488
   -0.04045
   -0.02352
    0.00024
    0.02109
   -0.07001
   -0.02101
    0.08429
    0.19960
   -0.16182
   -0.01251
    0.05951
    0.05242
   -0.02291
   -0.10850
    0.11407
    0.27890
   -0.12880
   -0.21050
   -0.04304
    0.08074
   -0.09861
   -0.01765
    0.05990
    0.04753
   -0.00850
   -0.07118
    0.06586
    0.07475
   -0.04092
   -0.12357
    0.12196
    0.03843
   -0.00224
   -0.08104
    0.04367
    0.11296
   -0.06355
   -0.05063
    0.10065
    0.00601
    0.00490
   -0.04911
    0.05765
    0.01026
    0.02000
   -0.07047
    0.04834
   -0.00216
    0.01084
   -0.06358
    0.03609
    0.12213
   -0.09891
    0.02637
    0.01173
    0.04145
   -0.01998
   -0.10075
    0.07128
    0.04379
   -0.06042
   -0.09893
    0.09156
    0.04305
   -0.01159
    0.00988
   -0.03715
   -0.03887
   -0.02719
   -0.04473
    0.12309
    0.02299
   -0.07073
   -0.03496
    0.10584
    0.03742
   -0.03490
   -0.05679
    0.06672
    0.03819
   -0.02302
   -0.04131
    0.03246
    0.10355
   -0.04478
   -0.00060
   -0.01089
   -0.10318
    0.04561
   -0.07098
    0.12614
    0.00464
   -0.02599
   -0.14194
    0.15612
    0.03938
   -0.02013
   -0.03468
    0.01311
   -0.06230
   -0.00429
   -0.01173
    0.05659
   -0.07684
    0.05205
   -0.08146
    0.07545
   -0.00655
    0.04556
   -0.07546
    0.04573
   -0.07455
    0.05876
   -0.05711
    0.05156
    0.03107
   -0.02138
   -0.01940
    0.02788
    0.01641
    0.01923
   -0.12049
    0.06213
    0.02197
   -0.07192
   -0.07050
    0.08394
    0.04074
   -0.02519
    0.02464
   -0.03012
    0.07277
   -0.05491
   -0.02872
    0.04026
   -0.04685
   -0.01995
    0.00506
    0.04776
    0.02242
   -0.06263
   -0.03407
    0.06503
    0.01130
    0.05984
   -0.09958
    0.00322
    0.02448
   -0.01993
   -0.02811
    0.04633
    0.03882
    0.03549
   -0.08513
    0.04506
    0.00009
    0.02093
   -0.07697
    0.07104
   -0.04419
    0.03175
   -0.03637
    0.04545
    0.01236
    0.03535
   -0.09943
    0.05622
   -0.00586
    0.04982
   -0.10115
    0.05431
    0.01520
    0.02486
   -0.09332
    0.05257
    0.05498
   -0.02661
   -0.15069
    0.02364
    0.01068
   -0.00949
    0.00058
    0.00601
    0.02158
   -0.01693
   -0.00727
    0.00300
    0.00339
    0.01131
   -0.08425
    0.05392
    0.00054
    0.03796
    0.02309
   -0.07576
    0.01085
   -0.01595
   -0.01304
    0.03444
    0.01246
    0.00364
   -0.07020
    0.05310
   -0.00096
   -0.00023
   -0.05484
    0.06028
   -0.00705
    0.04330
   -0.11572
    0.05828
   -0.00780
    0.00448
   -0.06783
    0.07553
    0.00769
    0.03726
   -0.11055
    0.11050
    0.04206
   -0.05603
   -0.04441
    0.07282
    0.01363
    0.00777
   -0.08158
    0.03857
    0.04463
   -0.00383
   -0.09361
    0.09352
    0.00294
    0.02263
   -0.15281
    0.09214
   -0.12381
    0.10096
   -0.12258
    0.12847
   -0.07939
    0.05878
   -0.08811
    0.07176
    0.05659
   -0.03053
   -0.04551
    0.04603
    0.02332
    0.02658
   -0.08830
    0.05396
    0.01561
   -0.07128
   -0.04034
    0.07650
    0.04928
   -0.04597
   -0.00531
    0.00962
   -0.01417
   -0.04672
   -0.02369
    0.09371
    0.08496
   -0.05254
   -0.09514
    0.09464
   -0.00194
   -0.01213
   -0.07571
    0.09871
    0.07444
   -0.04259
   -0.13826
    0.09625
    0.04771
   -0.04496
   -0.09009
    0.13136
    0.00130
    0.00595
   -0.15601
    0.12129
    0.01428
   -0.01826
   -0.09913
    0.11335
    0.01055
   -0.03111
   -0.08621
    0.10631
   -0.02191
   -0.04374
   -0.11337
    0.16664
    0.00441
    0.02509
   -0.12613
    0.08905
   -0.00396
    0.05456
   -0.11277
    0.07172
   -0.00676
    0.02099
   -0.08696
    0.03861
    0.01578
   -0.01506
   -0.04657
    0.05406
    0.00446
    0.02966
   -0.09434
    0.03783
    0.02630
    0.00032
   -0.10182
    0.06915
    0.06223
   -0.02588
   -0.04416
   -0.00891
   -0.03505
   -0.00713
   -0.06317
    0.12976
    0.01943
    0.00163
   -0.07861
    0.06417
   -0.01889
    0.00709
   -0.05523
    0.08046
    0.06582
   -0.04623
   -0.11173
    0.03106
    0.02576
   -0.01614
   -0.07175
    0.10457
   -0.11735
    0.13730
   -0.12408
    0.03623
    0.06093
   -0.05268
   -0.14770
    0.11564
    0.04484
   -0.04162
   -0.06746
    0.07605
    0.10342
   -0.02237
   -0.09853
    0.08126
   -0.07904
    0.07112
   -0.07056
    0.06354
   -0.04321
    0.09015
   -0.08600
    0.03267
   -0.03407
    0.05370
   -0.12139
    0.06854
   -0.02448
    0.04677
   -0.07842
    0.02396
   -0.16749
    0.25614
   -0.28526
   -0.01749
   -0.01024
   -0.00285
   -0.03501
    0.03252
    0.04133
    0.04195
   -0.08234
   -0.05422
    0.02921
   -0.01104
   -0.07062
    0.06192
   -0.02167
    0.02092
   -0.04971
    0.02504
    0.00696
   -0.02002
   -0.12276
    0.10377
   -0.03437
    0.04404
   -0.10548
    0.08214
   -0.04737
    0.04104
   -0.08269
    0.06960
   -0.01934
    0.05155
   -0.06731
    0.06705
    0.03601
   -0.01649
   -0.05565
    0.04521
   -0.04025
    0.04654
   -0.01951
   -0.01183
   -0.00373
    0.00756
   -0.04136
    0.04516
   -0.06172
    0.10484
   -0.09157
    0.04789
   -0.02969
    0.09539
   -0.11305
    0.07415
   -0.09136
    0.06099
   -0.03548
    0.08906
   -0.02013
   -0.01689
    0.00402
    0.02228
   -0.00179
    0.00202
    0.02355
   -0.02994
    0.03290
   -0.00330
   -0.07324
    0.03642
   -0.06083
    0.05333
    0.03305
   -0.01954
   -0.01633
   -0.00910
    0.00484
    0.01543
   -0.01036
    0.02226
   -0.04821
    0.02796
    0.03021
   -0.06827
   -0.01710
    0.04904
   -0.01834
    0.05260
   -0.08059
    0.04019
    0.02864
   -0.00204
   -0.03612
    0.03948
    0.02035
    0.02084
   -0.09381
    0.09373
    0.08626
   -0.11964
   -0.03971
    0.06630
    0.02820
   -0.02538
   -0.08983
    0.09566
    0.04853
   -0.05383
   -0.02380
    0.09272
   -0.02303
    0.03918
   -0.05979
    0.04972
   -0.04331
    0.10185
   -0.07825
    0.05487
   -0.03821
    0.05925
   -0.05516
    0.01955
    0.01356
   -0.00460
   -0.05361
    0.04481
    0.02786
    0.00907
   -0.08323
    0.05733
    0.00515
   -0.00131
   -0.02862
    0.01950
   -0.03270
    0.02940
    0.04660
   -0.04078
   -0.00009
   -0.07757
    0.01628
    0.06780
    0.13111
   -0.07159
    0.00572
   -0.01486
    0.02266
   -0.01240
   -0.08957
    0.10085
    0.20774
   -0.08589
   -0.17970
    0.00795
    0.11129
   -0.07499
   -0.01700
    0.07374
    0.03732
    0.05420
   -0.13211
    0.09791
    0.00743
   -0.00668
   -0.07822
    0.11880
   -0.00463
    0.01196
   -0.09734
    0.13259
    0.06489
   -0.02296
   -0.07870
    0.11610
   -0.03443
    0.03487
   -0.05740
    0.07600
   -0.01374
    0.09446
   -0.03780
   -0.00220
   -0.04115
    0.02435
   -0.03560
    0.05700
    0.06158
   -0.02291
   -0.01720
    0.01317
   -0.02733
    0.02498
   -0.02956
    0.03744
    0.01655
    0.03445
   -0.06345
    0.03018
   -0.05113
    0.04344
    0.07014
   -0.05841
   -0.08402
   -0.02304
   -0.02243
    0.09550
    0.04099
   -0.00017
   -0.07491
    0.05422
    0.01208
    0.01520
   -0.06336
    0.05406
    0.03906
    0.02989
   -0.13463
    0.07408
    0.05877
   -0.02505
   -0.05618
    0.08618
    0.01062
    0.10941
   -0.22318
    0.09458
   -0.00081
   -0.00351
   -0.14069
    0.14258
   -0.03469
    0.07305
   -0.07640
   -0.01342
    0.12760
   -0.05061
   -0.05524
    0.04775
   -0.06222
    0.06656
   -0.04936
    0.04911
   -0.00664
    0.06898
   -0.09993
    0.04650
   -0.03152
    0.04026
   -0.10484
    0.07261
    0.09539
   -0.00965
   -0.03842
    0.00530
    0.01994
    0.07223
   -0.15593
    0.03193
    0.02338
   -0.05431
   -0.07118
    0.06687
   -0.00375
   -0.00774
   -0.01529
    0.02122
   -0.03816
   -0.03204
    0.01041
    0.03940
    0.02738
   -0.02312
   -0.02072
    0.03192
    0.02454
   -0.03548
   -0.07657
    0.08506
   -0.00401
    0.04303
   -0.04691
    0.00373
    0.01904
   -0.00145
   -0.06253
    0.08130
    0.01839
    0.00108
   -0.07078
    0.07131
   -0.03955
    0.09423
   -0.13855
    0.06678
   -0.03990
    0.04259
   -0.08167
    0.04278
   -0.03022
    0.00248
   -0.03754
    0.05447
   -0.05645
    0.04312
   -0.09333
    0.10398
   -0.00889
    0.09477
   -0.12156
    0.05161
   -0.00544
    0.05063
   -0.09041
    0.01004
   -0.03207
   -0.07195
    0.08076
   -0.01140
    0.00353
    0.04486
   -0.06773
    0.01940
   -0.01717
   -0.05615
   -0.07507
    0.12020
    0.02411
    0.01576
   -0.01414
   -0.03786
    0.00462
   -0.04110
   -0.01339
    0.06125
   -0.03273
    0.01982
   -0.05734
    0.04008
   -0.02217
   -0.02185
   -0.05446
    0.10639
    0.02257
    0.02121
   -0.09255
    0.04072
    0.02924
   -0.05130
   -0.02165
    0.07169
    0.01211
    0.04544
   -0.11802
    0.10298
    0.01416
   -0.07458
    0.00465
    0.06737
   -0.00768
    0.01733
   -0.10960
    0.06801
    0.02482
   -0.03318
   -0.02783
    0.09354
   -0.00653
    0.04977
   -0.11894
    0.05835
   -0.05342
    0.06976
   -0.11395
    0.09523
   -0.00815
   -0.00772
   -0.15332
    0.11106
    0.14524
   -0.07906
   -0.05724
    0.08190
    0.00323
    0.05459
   -0.12520
    0.06364
    0.02760
   -0.04509
   -0.09013
    0.07330
    0.04258
   -0.02883
    0.00978
   -0.00759
   -0.02640
   -0.12629
    0.06983
    0.07394
    0.10495
   -0.08562
   -0.08209
    0.12548
    0.01838
   -0.01325
   -0.13305
    0.13735
    0.11370
   -0.04355
   -0.14214
    0.07225
    0.05890
   -0.06528
   -0.05347
    0.12422
    0.02250
    0.02328
   -0.16779
    0.08868
    0.02976
    0.03374
   -0.13443
    0.08286
    0.02007
   -0.01170
   -0.07768
    0.06600
   -0.00593
   -0.00356
   -0.12605
    0.12693
    0.02885
    0.02205
   -0.15841
    0.10579
   -0.01834
    0.02373
   -0.12137
    0.12024
    0.00200
    0.00622
   -0.06175
    0.03742
    0.02740
   -0.03125
   -0.02559
    0.05305
   -0.02174
    0.04392
   -0.10427
    0.06088
   -0.03464
   -0.04202
   -0.04951
    0.10337
    0.04565
    0.00990
   -0.05380
   -0.02887
   -0.09160
    0.02313
   -0.08995
    0.14445
    0.02803
    0.01787
   -0.15707
    0.09978
    0.02337
   -0.00136
   -0.10702
    0.10882
    0.01875
   -0.01159
   -0.07088
    0.06004
    0.02531
    0.00841
   -0.09491
    0.11487
   -0.03287
    0.00890
   -0.03315
    0.05924
   -0.00477
   -0.07460
   -0.09806
    0.16848
    0.01398
   -0.00866
   -0.07478
    0.06427
    0.01886
   -0.02439
   -0.04182
    0.05796
   -0.04753
    0.07231
   -0.11918
    0.05220
   -0.05510
    0.07541
   -0.07076
    0.06728
   -0.04205
    0.04983
   -0.11096
    0.06575
    0.01709
    0.00438
   -0.01499
    0.00296
   -0.00646
    0.06267
   -0.20154
    0.09281
    0.03235
   -0.09399
   -0.09142
    0.09656
   -0.03530
    0.01791
   -0.04207
    0.03327
   -0.07731
   -0.04777
   -0.00280
    0.08625
   -0.02884
    0.03146
   -0.07133
    0.02611
    0.00639
   -0.01477
   -0.12775
    0.12206
   -0.03405
    0.02176
   -0.07918
    0.07985
   -0.02982
   -0.03482
   -0.03687
    0.07280
