25 20 23 1 27 -1.1418 1.8415 3.7491 4540
  0.02416  -0.01762  -0.05072   0.04883  -0.02407   0.06151  -0.06681   0.02705  -0.01465   0.00318  -0.02746   0.04318   0.01576   0.01072  -0.06168   0.01880  -0.03075  -0.01458   0.00061   0.03085 
 -0.01888   0.01537  -0.02899   0.03178   0.03073   0.01727  -0.10491   0.05820  -0.00728  -0.01074  -0.05226   0.07027   0.00653  -0.02002  -0.06383   0.06974   0.07560  -0.03520  -0.00750   0.01419 
  0.01258  -0.01468  -0.04874   0.05473  -0.01763   0.01588  -0.04547   0.05184   0.00037  -0.02156  -0.05741   0.07522   0.04373  -0.01347  -0.05924   0.01329   0.06092  -0.04650  -0.02677   0.05622 
  0.00811  -0.01652  -0.04011   0.05253  -0.01315   0.06671  -0.08674   0.02948  -0.03008  -0.01417  -0.07971   0.11537   0.05566  -0.01545  -0.09751   0.02879   0.09472  -0.07198  -0.01013   0.04645 
  0.01015  -0.00959  -0.05754   0.05983  -0.03457   0.07149  -0.04465   0.00068   0.03406  -0.03417  -0.12554   0.10488   0.03646  -0.00870  -0.08244   0.03432   0.02762  -0.04652  -0.00004   0.04184 
  0.00688  -0.00419  -0.05112   0.05142  -0.00171   0.06101  -0.07318   0.01125   0.02991  -0.07925  -0.09203   0.11125   0.03003  -0.02608  -0.07716   0.05947   0.03310  -0.02690   0.00609   0.00953 
  0.01379  -0.01468  -0.04794   0.05289  -0.01200   0.08247  -0.13758   0.05387  -0.03046  -0.01052  -0.05741   0.09542   0.02549  -0.01026  -0.07346   0.04328   0.06819  -0.05631  -0.01050   0.04473 
 -0.00391   0.00078  -0.05794   0.06200  -0.02778   0.10538  -0.11592   0.02023  -0.00441  -0.03889  -0.07141   0.10278   0.03274  -0.00695  -0.07732   0.03300   0.06177  -0.05249  -0.00908   0.04234 
  0.00027   0.00149  -0.05552   0.05546  -0.03935   0.08674  -0.11039   0.05094  -0.02125  -0.04336  -0.09003   0.13367   0.00914  -0.00268  -0.10886   0.07650  -0.05128  -0.07765  -0.00370   0.10619 
 -0.02990  -0.00995  -0.06365   0.09794  -0.03808   0.09075  -0.18633   0.10237  -0.04548   0.00946  -0.08627   0.11701   0.03290  -0.03780  -0.11347   0.09234   0.07637  -0.05183  -0.03929   0.06720 
 -0.01671  -0.00028  -0.08594   0.09662  -0.02237   0.05574  -0.09150   0.05603  -0.01811  -0.03783  -0.08522   0.12441  -0.00139  -0.01259  -0.13178   0.11156   0.06561  -0.02328  -0.03569   0.03857 
 -0.01758  -0.00384  -0.06735   0.08583  -0.05641   0.08686  -0.14129   0.09005  -0.00510  -0.01595  -0.06388   0.08209   0.00022   0.00111  -0.15896   0.10959   0.06141  -0.06751  -0.03639   0.08620 
 -0.01932  -0.00134  -0.07824   0.09361  -0.04866   0.10633  -0.12684   0.04817  -0.01842  -0.06779  -0.06348   0.12548   0.02749  -0.03210  -0.16883   0.12196   0.02204  -0.02359  -0.03382   0.05741 
 -0.02194  -0.00134  -0.07402   0.09227  -0.06434   0.09675  -0.13053   0.07649  -0.00493  -0.08002  -0.08872   0.13975   0.01590   0.00233  -0.12974   0.07591   0.05498  -0.07770  -0.02236   0.08430 
 -0.01845  -0.01395  -0.07234   0.09993  -0.03196   0.07215  -0.10336   0.05603  -0.02542  -0.03171  -0.13322   0.15879   0.02596  -0.00347  -0.08705   0.04393  -0.01835  -0.07173  -0.01906   0.10501 
 -0.02811  -0.00995  -0.06942   0.10125  -0.00726   0.10704  -0.15964   0.03525  -0.02799   0.01627  -0.15320   0.14401   0.03728  -0.02620  -0.14547   0.09351  -0.02263  -0.07062  -0.01714   0.10370 
 -0.02019   0.00254  -0.09422   0.10289  -0.10067   0.12423  -0.13228   0.07140   0.00168  -0.02413  -0.11617   0.12159   0.04347  -0.06354  -0.14383   0.12291  -0.00394  -0.05560  -0.01027   0.07593 
 -0.02767  -0.00563  -0.07486   0.10125  -0.05447   0.10386  -0.13988   0.06699  -0.02805  -0.01596  -0.12950   0.14940  -0.00459   0.00590  -0.07960   0.06186  -0.00514  -0.03568  -0.03357   0.08092 
 -0.04120   0.01332  -0.07994   0.09728  -0.09337   0.11049  -0.17259   0.11208  -0.04700  -0.02247  -0.07814   0.13258  -0.02031  -0.01859  -0.09204   0.11320   0.03182  -0.05943  -0.07177   0.12323 
 -0.05280  -0.00170  -0.08767   0.12495  -0.02729   0.08431  -0.17085   0.09039  -0.06886  -0.00397  -0.13005   0.17136   0.01901   0.01461  -0.12441   0.05399   0.00941  -0.07302  -0.01986   0.09658 
 -0.04257   0.00043  -0.08379   0.11326  -0.07159   0.07861  -0.11845   0.09379  -0.04412  -0.00263  -0.10447   0.13690  -0.00514   0.01347  -0.07560   0.05011  -0.01431  -0.06714  -0.02594   0.10623 
 -0.05374   0.00113  -0.06406   0.10518  -0.02635   0.06980  -0.20362   0.12622  -0.06255   0.00519  -0.09736   0.14050   0.01477   0.02533  -0.15651   0.06432  -0.05103  -0.05441  -0.07356   0.14867 
 -0.04673   0.00814  -0.11035   0.12806  -0.05220   0.06747  -0.16706   0.12555  -0.01841  -0.01729  -0.14497   0.15238  -0.00490   0.01618  -0.14592   0.09057   0.01919  -0.07960  -0.04395   0.12105 
 -0.03846  -0.00923  -0.09864   0.12960  -0.01967   0.12009  -0.17533   0.04187   0.00428  -0.04998  -0.09167   0.11744  -0.02002   0.00302  -0.12768   0.11018   0.05182  -0.05298  -0.07094   0.10888 
 -0.02238   0.00465  -0.09466   0.10289  -0.06183   0.10939  -0.22963   0.12566  -0.03271   0.01334  -0.10712   0.11948  -0.04144  -0.00679  -0.09825   0.12335  -0.07802  -0.03398  -0.04538   0.11557 
 -0.06666   0.01708  -0.09686   0.12370  -0.07258   0.06669  -0.12571   0.11282  -0.01676  -0.01585  -0.10561   0.12456  -0.06113   0.03866  -0.14417   0.11472   0.01066  -0.03418  -0.04718   0.08649 
 -0.05658   0.01056  -0.08250   0.11262  -0.06880   0.09710  -0.23151   0.14474  -0.06451  -0.03215  -0.10524   0.16903  -0.04829   0.00944  -0.11309   0.12027  -0.04302  -0.02310  -0.07617   0.12094 
 -0.07649   0.01125  -0.10898   0.14326  -0.05118   0.11252  -0.20301   0.09822  -0.06967  -0.01519  -0.10438   0.16241  -0.07010   0.05475  -0.15669   0.10925  -0.03588  -0.00472  -0.03511   0.06168 
 -0.08501   0.03475  -0.08897   0.11294  -0.02255   0.04219  -0.13122   0.10315  -0.01776  -0.03868  -0.08121   0.12164  -0.06160   0.01728  -0.04162   0.07765  -0.01116  -0.03090  -0.08011   0.12062 
 -0.04766  -0.00527  -0.07276   0.11358  -0.07773   0.09114  -0.25815   0.16986  -0.05165  -0.02912  -0.16334   0.19265  -0.01617   0.07634  -0.25043   0.07628  -0.01463  -0.06629  -0.09551   0.16325 
 -0.06039   0.01742  -0.16012   0.15940  -0.04936   0.15404  -0.37434   0.13287  -0.11497  -0.00941  -0.10901   0.18977   0.01139   0.03610  -0.24223   0.09725   0.02901  -0.08168  -0.05739   0.13066 
 -0.06959   0.01435  -0.12901   0.14920  -0.04017   0.11748  -0.32267   0.14683  -0.12352  -0.03413  -0.18295   0.24491  -0.03274   0.05042  -0.13985   0.07176  -0.02811  -0.05129  -0.06833   0.13474 
 -0.09011   0.01469  -0.13816   0.16625  -0.07078   0.14526  -0.34059   0.14467  -0.08371  -0.05093  -0.13646   0.20879   0.00206  -0.00321  -0.13390   0.09916   0.01281  -0.08206  -0.03244   0.11503 
 -0.07007  -0.00598  -0.10626   0.15214  -0.05078   0.15171  -0.32218   0.11453  -0.12564  -0.08163  -0.16080   0.25615  -0.08477   0.08739  -0.15626   0.07785   0.02218  -0.09333  -0.04500   0.13180 
 -0.09631   0.01435  -0.12474   0.16198  -0.07710   0.22894  -0.49267   0.09217  -0.14953  -0.05059  -0.22525   0.28099  -0.10426   0.09605  -0.15708   0.08215   0.03557  -0.05890  -0.08002   0.12808 
 -0.11327   0.04699  -0.17258   0.17020  -0.03307   0.17271  -0.44770   0.12411  -0.12531  -0.08697  -0.14945   0.25283  -0.02047   0.01650  -0.16533   0.11534   0.00650  -0.09358  -0.05700   0.14761 
 -0.08552  -0.01140  -0.13236   0.18102   0.04082   0.16172  -0.76547   0.15157  -0.11494  -0.05774  -0.15356   0.23753  -0.00911  -0.06561  -0.14619   0.17460  -0.00432  -0.05887  -0.06983   0.13434 
 -0.06279  -0.00527  -0.16269   0.18047  -0.06946   0.20021  -0.52042   0.13687  -0.05315  -0.01812  -0.17636   0.19458  -0.01639  -0.01558  -0.12243   0.12369   0.03480  -0.08778  -0.05244   0.12911 
 -0.06424   0.01366  -0.14207   0.15447  -0.06114   0.22819  -0.47040   0.07323  -0.08576   0.05693  -0.11144   0.13118  -0.06333   0.02873  -0.13322   0.12229   0.00033  -0.03036  -0.03528   0.07512 
 -0.08654   0.06289  -0.11725   0.10551  -0.05742   0.19949  -0.67837   0.16536   0.01941   0.04802  -0.10249   0.04067  -0.02062  -0.01615  -0.04713   0.08181   0.05178  -0.02563  -0.04914   0.06194 
 -0.01714   0.04091  -0.12427   0.08447  -0.02756   0.15097  -0.44694   0.14640  -0.01029  -0.02292  -0.05797   0.08656  -0.06879  -0.02358  -0.09345   0.15904   0.01731  -0.00676  -0.03040   0.03685 
 -0.03846   0.02215  -0.10355   0.10453  -0.05833   0.14506  -0.37644   0.15058  -0.05867   0.01984  -0.08842   0.12162  -0.05631  -0.01130  -0.12276   0.15315   0.04525  -0.03010  -0.04247   0.06292 
 -0.05801   0.02583  -0.11264   0.12088   0.00376   0.11459  -0.57990   0.19697  -0.02422   0.02080  -0.12517   0.12007  -0.02883  -0.00222  -0.12245   0.12099   0.00289  -0.01169  -0.05995   0.07875 
 -0.03528   0.02550  -0.14651   0.12806   0.03367   0.07431  -0.46031   0.18238  -0.05078   0.00705  -0.03109   0.07689  -0.03257   0.00354  -0.12555   0.11984   0.01408  -0.01184  -0.06940   0.08318 
 -0.03709   0.01469  -0.10898   0.11454   0.03032   0.10078  -0.52930   0.17878   0.04993  -0.05845  -0.17603   0.13649  -0.06424  -0.01971  -0.16631   0.18678  -0.02419  -0.00840  -0.11828   0.13361 
 -0.01369   0.00500  -0.19419   0.15853   0.35070  -0.14161  -0.38597  -0.16082   0.22464  -0.17052  -0.04871  -0.19428   0.18656  -0.14044  -0.00410  -0.14044   0.31915  -0.18070   0.06580  -0.14578 
  0.23986  -0.15982  -0.02785  -0.15561  -0.54574   0.46808  -1.27111  -0.12483  -0.18193   0.36473  -0.73966   0.08850  -0.54118   0.31837  -0.99355   0.08894  -0.32790   0.27383  -0.83457   0.08524 
 -0.40827   0.37834  -0.97716   0.01122   0.61150  -3.65715  -3.65715  -3.65715   0.56788  -3.65715  -3.65715  -3.65715   0.56497  -3.65715  -3.65715  -3.65715   0.93317  -3.65715  -3.65715  -3.65715 
  0.63897  -3.65715  -3.65715  -3.65715  -3.65715  -3.65715   0.55369  -3.65715  -3.65715  -3.65715  -3.65715  -3.65715  -3.65715  -3.65715  -3.65715  -3.65715  -3.65715  -3.65715  -3.65715  -3.65715 
 -3.65715  -3.65715   0.56843  -3.65715  -3.65715  -3.65715  -3.65715  -3.65715  -3.65715  -3.65715  -3.65715  -3.65715  -0.05617   0.00331   0.08248  -0.02557  -3.65715  -3.65715  -3.65715  -3.65715 
  0.01781   0.05579  -0.03509  -0.05142  -0.08578   0.06382  -0.19646   0.16908  -0.03754   0.07205  -0.17265   0.12380  -0.06190   0.07191  -0.13689   0.06834   0.07290   0.05192  -0.07812  -0.01698 
 -0.03619   0.05796  -0.14552   0.09562   0.04638   0.12454  -0.42790   0.10867   0.02217  -0.04162  -0.05606   0.06616  -0.06408  -0.02753   0.01026   0.09199   0.03875   0.03239  -0.09153   0.04204 
 -0.00433   0.02114  -0.10087   0.07722  -0.02189   0.06519  -0.09255   0.04537   0.02032  -0.00151  -0.04471   0.02760  -0.07236   0.02228   0.02680   0.02457   0.00730   0.06414  -0.08626   0.00806 
 -0.02811   0.03994  -0.04597   0.02829   0.04491   0.04101  -0.12435   0.03339   0.02581  -0.05973  -0.00243   0.02059   0.02761  -0.01758  -0.02810   0.01405   0.04131   0.00112  -0.05086   0.03851 
  0.02886  -0.01104  -0.04127   0.02829   0.00873   0.04320  -0.03676  -0.01803   0.00076   0.04990  -0.00089  -0.04820   0.00772  -0.01560   0.06205  -0.05495   0.00325   0.05910  -0.01780  -0.06607 
 -0.00015   0.03409   0.00205  -0.04630  -0.01360   0.04215  -0.01695  -0.01557   0.00258  -0.01940  -0.01284   0.02773  -0.00313   0.02832   0.03795  -0.08226   0.02128   0.04550  -0.03346  -0.03213 
  0.00565   0.02148  -0.00901  -0.02159   0.02406   0.01665  -0.06677   0.03021  -0.01596   0.03430  -0.02081   0.01103   0.03937  -0.00265  -0.05299  -0.00063   0.05313   0.04733  -0.05195  -0.02933 
  0.02258   0.02047  -0.04597   0.00345   0.00394   0.05634  -0.04909  -0.01545   0.00277   0.01049   0.01361  -0.02989   0.05008   0.01354  -0.02606  -0.06687   0.00425   0.07534  -0.06933  -0.02670 
  0.01621   0.03768  -0.02710  -0.03309  -0.00105   0.04180  -0.05558   0.01616   0.05107   0.01659  -0.02720  -0.04710   0.00190  -0.01546   0.02431  -0.00482   0.01184   0.04260   0.00220  -0.07254 
  0.02416   0.01537  -0.01484  -0.02686   0.00236   0.05747  -0.07177   0.00995   0.04128   0.00590  -0.03894  -0.00988   0.03039   0.00198  -0.04519  -0.00154   0.08726   0.02736  -0.06241  -0.00724 
  0.03697   0.01979  -0.05392  -0.00278  -0.02845   0.04058  -0.01410  -0.00112   0.02758  -0.00345  -0.01789  -0.00847   0.03961   0.00230   0.00749  -0.06748   0.06933   0.02235  -0.02532  -0.03500 
  0.02139   0.01229  -0.01046  -0.02509  -0.00296   0.03375  -0.02777  -0.00326   0.02798  -0.01106  -0.01787  -0.00241   0.01586  -0.00239   0.00245  -0.01970   0.02928   0.04715  -0.04536  -0.02392 
  0.01981   0.01503  -0.02297  -0.01208   0.06509   0.06318  -0.09488  -0.05146   0.03701  -0.00034  -0.03209  -0.00661   0.04599   0.00166  -0.04906  -0.01962   0.00554   0.06401  -0.09020   0.01316 
  0.04493   0.03048  -0.06406  -0.01465  -0.00734   0.10073  -0.07144  -0.04152   0.02618   0.01922  -0.02858  -0.01483   0.01622   0.01505  -0.04613  -0.00071  -0.03763   0.04163  -0.02903  -0.00327 
  0.00852   0.03994  -0.03856  -0.01465  -0.02226   0.02752  -0.01038   0.00415   0.03139   0.01280  -0.01869  -0.02717   0.00360   0.03866  -0.04374  -0.02244   0.04950   0.01385  -0.03338  -0.00151 
  0.01460   0.01911  -0.02260  -0.01208  -0.00109   0.06432  -0.06723  -0.00010   0.01272  -0.01960  -0.01721   0.02159   0.03690   0.00855  -0.01437  -0.04982   0.03357   0.06860  -0.08365  -0.01475 
  0.02060   0.02982  -0.04401  -0.00825   0.01228   0.05422  -0.04238  -0.03049   0.04041   0.00273  -0.02668  -0.01994  -0.00528   0.04528  -0.03416  -0.03035  -0.00928   0.04009  -0.05010   0.01101 
  0.01541   0.03278  -0.03509  -0.01637   0.01905   0.06215  -0.05805  -0.03113   0.06127   0.01231  -0.04470  -0.03618   0.00851   0.01983  -0.04721   0.00317   0.03786   0.03843   0.00062  -0.07859 
  0.03506   0.02883  -0.03394  -0.03444  -0.01662   0.06511  -0.02950  -0.02792  -0.00933   0.01626  -0.00521   0.00230   0.01557   0.01018  -0.04218   0.00377  -0.03842   0.06749  -0.05643  -0.00892 
 -0.00265   0.03507  -0.02937  -0.00698   0.00275   0.05636  -0.07065   0.00979   0.01112   0.05126  -0.03940  -0.01515   0.02040   0.01291  -0.01325  -0.03351  -0.02951   0.07367  -0.02672  -0.06142 
  0.00852   0.04444  -0.03586  -0.02377   0.04291   0.04229  -0.07831  -0.01076   0.04110  -0.03475  -0.02318   0.00695  -0.01930   0.04402  -0.03821  -0.00674   0.02442   0.06400  -0.06071  -0.02904 
  0.02613   0.02683  -0.04637  -0.00783   0.02530   0.02757  -0.05422   0.00272   0.03666   0.05242  -0.06644  -0.01841   0.03872   0.02138  -0.02567  -0.06226   0.03605   0.02988  -0.05957   0.01394 
  0.03467   0.02816  -0.05072  -0.01422  -0.02950   0.07701  -0.01749  -0.04650   0.00731   0.00279  -0.01769   0.00983   0.01151   0.01954  -0.02131  -0.02364  -0.02227   0.04847  -0.01948  -0.03290 
 -0.00307   0.03344  -0.01557  -0.02028   0.01327   0.00473  -0.04620   0.03369   0.00802   0.00228  -0.00166  -0.00928   0.03113  -0.01811  -0.02140   0.00425   0.05182   0.02978  -0.03510  -0.02308 
  0.02455   0.00078  -0.02372   0.00097   0.04466   0.01596  -0.02642  -0.04028   0.03227   0.03335  -0.07288   0.01199   0.04053   0.02614  -0.04428  -0.05453  -0.05729   0.04515  -0.02768  -0.00159 
  0.02769   0.02949  -0.04127  -0.01854  -0.04320   0.06726  -0.01920  -0.01502   0.02139   0.03818  -0.01901  -0.03891  -0.02133   0.04943   0.00243  -0.05291  -0.04186   0.06465  -0.05039  -0.01010 
 -0.01197   0.05078  -0.02037  -0.02908  -0.00002   0.04801  -0.02740  -0.02581   0.01158  -0.02303   0.02593  -0.02662  -0.01459   0.04089  -0.01288  -0.03133   0.00027   0.03474  -0.01173  -0.03342 
  0.00441   0.02148  -0.00220  -0.02863   0.05748  -0.00113  -0.05536  -0.00100   0.02117   0.00466  -0.03854   0.01515  -0.00677   0.03149  -0.01825  -0.02102   0.02209   0.04571  -0.05270  -0.00915 
  0.02613   0.01979  -0.04244  -0.00320   0.00199   0.04869  -0.01617  -0.04381  -0.00154   0.02220  -0.00810  -0.00847   0.01309   0.02113  -0.03778  -0.01295  -0.03719   0.04697  -0.03618  -0.00254 
 -0.00056   0.03180  -0.02000  -0.01551  -0.00276  -0.00104   0.03045  -0.03722   0.01557   0.00392  -0.02011   0.00209   0.00970   0.03829  -0.04800  -0.02622   0.04706   0.01989  -0.01538  -0.03161 
  0.01541   0.01400  -0.01046  -0.02071   0.02530   0.01152  -0.02482  -0.01200  -0.00335   0.03722  -0.02849   0.00307  -0.01062   0.01057  -0.02464   0.02041   0.04893   0.01991  -0.02153  -0.02452 
  0.01055   0.01674  -0.02484  -0.00236  -0.02961   0.05313  -0.00795  -0.02432  -0.00736   0.04054  -0.03251   0.00883  -0.02445   0.01437   0.02550  -0.01595  -0.01147   0.03299  -0.02574  -0.00682 
 -0.01845   0.03180  -0.01119  -0.00783   0.01854   0.03919  -0.00490  -0.06715   0.02256   0.02698  -0.01054  -0.03971  -0.01264   0.00309   0.00142   0.00981   0.04920   0.02864  -0.01474  -0.04691 
  0.01581   0.02047  -0.00721  -0.03354   0.01707   0.01872  -0.02675  -0.00867   0.00771   0.01683  -0.02229   0.00229  -0.01799  -0.00326   0.00614   0.02033  -0.00295   0.05560  -0.05253  -0.01169 
  0.00565   0.01843  -0.02522   0.00097  -0.02292   0.05521  -0.01812  -0.02137   0.01824   0.01252  -0.02781   0.00007   0.00002   0.03791  -0.03679  -0.02282  -0.00033   0.06123  -0.06232  -0.01015 
  0.00027   0.04091  -0.03432  -0.01208   0.01324   0.02971  -0.01274  -0.03600   0.06253  -0.00677  -0.04149  -0.02383  -0.01643   0.02622   0.03153  -0.05183   0.04030   0.02665  -0.01463  -0.03883 
  0.02769   0.01537  -0.01082  -0.03579   0.05298   0.02888  -0.07697  -0.00776   0.03082   0.04040  -0.01720  -0.05627  -0.00349   0.00509   0.01829  -0.02109   0.00316   0.05412  -0.06320  -0.00014 
  0.02808   0.02783  -0.03547  -0.02334  -0.03485   0.03560  -0.01378   0.01123  -0.02491   0.04422   0.01082  -0.02676   0.00332   0.01416  -0.03454   0.00705  -0.00547   0.05879  -0.02035  -0.05712 
 -0.01412   0.03344  -0.00974  -0.01594  -0.00139   0.02860  -0.02362  -0.00356   0.01860  -0.00089  -0.02907   0.01264   0.00736   0.00635   0.02557  -0.04566   0.02013   0.07588  -0.05298  -0.05644 
  0.01339   0.02583  -0.02185  -0.02028   0.04105   0.03450  -0.06602  -0.01186   0.02620   0.02080  -0.04032  -0.00308  -0.02890   0.00298   0.02251   0.00885  -0.01622   0.03610  -0.02197  -0.01382 
  0.01218   0.01945  -0.02748  -0.00445   0.00788   0.03863  -0.02619  -0.02400   0.00749   0.02254   0.00062  -0.03040  -0.02916   0.00617   0.01946   0.00769   0.05860   0.04230  -0.03492  -0.04646 
  0.00359   0.02450  -0.00937  -0.02290   0.01647   0.03395  -0.01606  -0.04137   0.01097   0.00002   0.01301  -0.02939   0.01988   0.02767  -0.02759  -0.04232  -0.02538   0.06074  -0.03397  -0.03184 
  0.01460   0.02916  -0.01374  -0.03579   0.01986   0.03910  -0.05397  -0.00561   0.03093   0.01593  -0.03980  -0.00500  -0.03120   0.03203  -0.01397   0.00409  -0.04559   0.06763  -0.06649   0.00534 
  0.00688   0.03540  -0.04440  -0.00069   0.01803   0.03955  -0.03338  -0.02851   0.03705   0.02487  -0.03598  -0.02552  -0.05421   0.04101  -0.00203   0.00539   0.05484   0.02767  -0.04880  -0.00504 
  0.00974   0.02949  -0.02899  -0.01294  -0.00965   0.02024  -0.00713  -0.00446   0.02946  -0.03169   0.00688  -0.01672   0.00379   0.03715  -0.02322  -0.03959   0.06393   0.03251  -0.02502  -0.04760 
  0.01821   0.01400  -0.00865  -0.02598   0.01150   0.04968  -0.05271  -0.01107   0.02387  -0.02491  -0.00232  -0.00413  -0.00165   0.02583  -0.02090  -0.01629  -0.03442   0.03675  -0.03387   0.00806 
  0.01015   0.02148  -0.02635  -0.00614   0.00336   0.04211  -0.02725  -0.02197   0.01278   0.03880  -0.01466  -0.03395  -0.01002  -0.01365  -0.02200   0.04888  -0.03036   0.05459  -0.03324  -0.02070 
 -0.00056   0.02683  -0.02223  -0.00656   0.01900   0.06425  -0.05544  -0.03722   0.03439  -0.01049   0.00030  -0.03323  -0.06991   0.04274   0.00358   0.01425  -0.05384   0.01351  -0.00381   0.01100 
 -0.00771   0.02583  -0.01119  -0.01080  -0.00603   0.05561  -0.05341   0.00166   0.04216   0.02080  -0.03016  -0.03526  -0.00718   0.04480  -0.09679   0.02431   0.03229   0.06503  -0.07528  -0.01784 
