23 20 4 1 46 -3.4451 2.3255 4.6864 4539
  0.02935   0.00193  -0.02965   0.00107  -0.00274   0.04281  -0.02517  -0.01842   0.05136  -0.00751  -0.02936  -0.02203   0.02343  -0.01538   0.02695  -0.03693  -0.02223   0.04044  -0.03467  -0.00159 
  0.01990   0.01444  -0.01621  -0.01931   0.06369   0.01018  -0.03381  -0.04944   0.07971  -0.02701  -0.01993  -0.05688  -0.03153   0.01174   0.04520  -0.02449  -0.02098   0.04146   0.00094  -0.05098 
  0.03554   0.00893  -0.00353  -0.04574   0.02348   0.03385  -0.04485  -0.01371   0.01811  -0.01104  -0.00569  -0.00480   0.01666  -0.00447   0.02111  -0.03717   0.01320   0.05407  -0.04183  -0.03056 
  0.02426   0.01547  -0.01953  -0.02149   0.05368   0.02809  -0.03817  -0.05379   0.04699  -0.01415  -0.05091   0.01298   0.00933   0.03006  -0.01548  -0.04325   0.02577   0.02468  -0.03528  -0.00166 
  0.03783   0.01615  -0.03576  -0.01888   0.01970   0.01307  -0.01204  -0.02324   0.02421  -0.01654  -0.02416   0.01369   0.01885   0.01332   0.00997  -0.05631   0.00880   0.04839  -0.01052  -0.06149 
  0.02149   0.01307  -0.00892  -0.02809   0.03901   0.01614  -0.06569   0.01272   0.03322  -0.02388  -0.03654   0.02228   0.01054   0.02396  -0.02983  -0.02115   0.00693   0.04776  -0.01550  -0.05227 
  0.02857   0.01615  -0.03692  -0.00731   0.02144  -0.00155   0.00557  -0.03072   0.06299  -0.00804  -0.00437  -0.07022  -0.03013   0.00956   0.01295   0.01033  -0.11450   0.04405  -0.00297  -0.00875 
  0.00820   0.00997   0.00426  -0.02588  -0.00631   0.01419  -0.01147   0.00456   0.04678  -0.05744   0.00782  -0.01930  -0.03352   0.05247  -0.01393  -0.02566  -0.02631   0.00788   0.01827  -0.02304 
  0.00492   0.00927   0.00038  -0.01671   0.03277   0.01280  -0.03611  -0.00897   0.02144   0.02812  -0.05981   0.01638   0.03370   0.02134  -0.04481  -0.03573   0.00664   0.02758  -0.04454   0.01449 
  0.02896   0.02124  -0.04745  -0.00268   0.03006   0.02194  -0.02330  -0.03301   0.04348   0.02395  -0.00825  -0.06862   0.02919  -0.01600  -0.02246   0.00495   0.00696   0.05006  -0.00893  -0.06562 
  0.03129   0.01683  -0.01146  -0.04115   0.04091   0.01229  -0.04061  -0.01307   0.06340  -0.01894  -0.04559  -0.00978   0.01178  -0.01590   0.03233  -0.02567  -0.00704   0.02854  -0.03852   0.01260 
  0.04012  -0.00196  -0.02625  -0.00985   0.05182  -0.01310  -0.03007  -0.00941  -0.00956   0.01006  -0.00479   0.00755   0.05549   0.01349  -0.07724  -0.02720   0.02460  -0.00275  -0.02658   0.02433 
  0.03168   0.00052  -0.02889  -0.00060  -0.00347  -0.01396   0.02397  -0.01165   0.01530   0.01260  -0.00476  -0.02374  -0.00316  -0.04133   0.03982   0.01934  -0.00948   0.00249  -0.01506   0.01997 
  0.00120  -0.01276   0.01087   0.00065  -0.00960   0.02582   0.00299  -0.02472   0.07861  -0.05428  -0.02811  -0.02157   0.00977  -0.00262   0.04311  -0.05518  -0.00349   0.05137  -0.03005  -0.03283 
  0.02622   0.01066  -0.00603  -0.03390   0.03428   0.00689  -0.04478   0.00624   0.03209   0.04219  -0.03545  -0.03702   0.01024   0.03324  -0.01073  -0.05487   0.05207   0.01995  -0.07831   0.03843 
  0.03245   0.02325  -0.04352  -0.01327  -0.01230   0.01407   0.01257  -0.01969   0.00132  -0.01180   0.02226  -0.01913  -0.00860   0.03196   0.01407  -0.05260  -0.04704   0.04278   0.00031  -0.03946 
 -0.00932   0.01751   0.01534  -0.03121  -0.00609   0.04993   0.00455  -0.06485   0.05392  -0.00605  -0.01182  -0.04863   0.02943   0.01944  -0.01459  -0.05604   0.00250   0.03050  -0.02556  -0.01019 
  0.03168   0.02191  -0.01401  -0.04528   0.06164  -0.00466  -0.05809   0.00078   0.03827   0.00594  -0.03502  -0.01049   0.04929  -0.01335   0.01304  -0.06415  -0.00291   0.05104  -0.03126  -0.03103 
  0.04951   0.00545  -0.03003  -0.02544   0.02984  -0.00741  -0.01263  -0.01010   0.00402   0.04282  -0.05320   0.01599   0.02248  -0.02941   0.02733  -0.01609   0.00800   0.01948  -0.00817  -0.01970 
  0.01950   0.00158  -0.01328  -0.00646  -0.00098   0.01663   0.00629  -0.02737   0.03035   0.02787  -0.03034  -0.02637   0.00573   0.01925   0.00361  -0.04017   0.01775  -0.00214  -0.00515   0.00082 
  0.01389   0.01376  -0.00675  -0.02324   0.02691   0.01923  -0.03401  -0.01226   0.04414   0.03297  -0.03854  -0.04012  -0.01151   0.04474  -0.03388  -0.02157   0.00208   0.03156  -0.01178  -0.02948 
  0.02149   0.03090  -0.02965  -0.02676   0.01931   0.01163   0.00570  -0.04501   0.04605   0.02647  -0.01791  -0.06203  -0.01954   0.01689   0.03040  -0.03125   0.04151   0.02475  -0.04207  -0.00178 
  0.02347   0.01547  -0.00675  -0.03615   0.05017   0.02158  -0.03279  -0.04699   0.03550  -0.00068  -0.02475  -0.01282  -0.02530   0.05003  -0.00116  -0.04485   0.03689   0.00993  -0.05786   0.03732 
  0.02622   0.01989  -0.03041  -0.01671   0.03576   0.00991  -0.02204  -0.02648   0.01205  -0.00016  -0.04864   0.03945   0.00254   0.04545  -0.06874  -0.01029   0.01745   0.03762  -0.04006  -0.01003 
  0.01791   0.02225  -0.04157   0.00148   0.02905   0.01369  -0.02875  -0.01440   0.02522   0.02602  -0.02523  -0.02405   0.01646   0.02279  -0.01444  -0.04250  -0.01155   0.05855  -0.04219  -0.02463 
  0.01871   0.02859  -0.02550  -0.02544   0.00469  -0.00099  -0.02047   0.02070   0.03500  -0.01880  -0.02783   0.00676  -0.00655   0.02570   0.03643  -0.07063   0.02617  -0.01770   0.02047  -0.01783 
  0.01751  -0.00517   0.00074  -0.01284   0.06043  -0.01251  -0.00892  -0.04907   0.02477  -0.01273  -0.03982   0.02661   0.04168  -0.04448   0.04867  -0.04685  -0.01970   0.02371  -0.03075   0.01570 
  0.03630  -0.01240  -0.01073  -0.01113  -0.00650  -0.02173   0.03734  -0.01808   0.00489   0.01712   0.01809  -0.04505  -0.03124   0.05084  -0.00425  -0.03539   0.00829   0.04548  -0.01134  -0.05519 
 -0.00804   0.02593   0.01156  -0.03887  -0.00211   0.04717  -0.02155  -0.02965   0.03879  -0.04562   0.01846  -0.03223   0.01524   0.01016  -0.00231  -0.03296   0.02513   0.05101  -0.02844  -0.04973 
  0.02622   0.01478  -0.00856  -0.03615   0.01458   0.02468  -0.01038  -0.03409   0.02319   0.01467  -0.05839   0.02466   0.02546  -0.00301  -0.02090  -0.00943  -0.00025   0.03934  -0.02510  -0.02235 
  0.02386   0.01513  -0.03041  -0.00815   0.01538  -0.03700   0.00473   0.01727   0.06401   0.00949  -0.04788  -0.03366   0.00805  -0.02242   0.04301  -0.02304  -0.04807   0.05084  -0.02828  -0.01321 
  0.02386  -0.00054  -0.00892  -0.01370   0.02917   0.02119  -0.04398  -0.00564   0.01888  -0.02276   0.00006  -0.00276  -0.00396   0.02731   0.00622  -0.04269   0.00362   0.03461  -0.01710  -0.02770 
  0.01429   0.01683  -0.01364  -0.01931   0.01072   0.00655  -0.04548   0.03365   0.03646  -0.00537  -0.02484  -0.00978  -0.00871   0.00208   0.02791  -0.01994   0.03405   0.00267  -0.02428   0.01022 
  0.01871  -0.00089  -0.01805   0.00272   0.02054  -0.01371  -0.01305   0.00847   0.02174   0.00221   0.01868  -0.05317   0.00114   0.01123   0.00662  -0.02445  -0.02016   0.02921  -0.03212   0.01012 
  0.00943   0.00823  -0.00353  -0.01542  -0.02132   0.04002  -0.00525  -0.01923   0.03923   0.02600  -0.02520  -0.04256  -0.00138   0.01406  -0.01863  -0.00104  -0.05316   0.03384   0.00780  -0.03350 
  0.00410   0.02626  -0.01037  -0.02456   0.04894  -0.01221   0.00595  -0.05431   0.06365  -0.01314  -0.06306   0.00358   0.04684  -0.04115   0.02629  -0.03394  -0.01573   0.01595  -0.00905  -0.00218 
  0.05026  -0.01642  -0.01328  -0.01931   0.02768   0.03282  -0.04021  -0.02308   0.04469  -0.05869  -0.02173   0.01907   0.00174   0.04698  -0.01251  -0.06488   0.06078   0.01071   0.00501  -0.05498 
  0.03052   0.01376  -0.01731  -0.02898  -0.01526   0.02039  -0.00755   0.00195   0.03954   0.02206  -0.05191  -0.00816   0.01634   0.01402   0.00234  -0.04547  -0.02321   0.01098  -0.02928   0.03184 
  0.01550   0.01341  -0.02325  -0.00520   0.01905   0.00534  -0.04991   0.03075   0.00992  -0.00195  -0.05978   0.05363   0.02487   0.00204   0.00470  -0.04143  -0.02351   0.03471  -0.04128   0.01474 
  0.01349   0.00893  -0.03769   0.01774   0.01791  -0.03684   0.01089   0.00654   0.01934  -0.02150  -0.01821   0.01673   0.01258   0.00785  -0.00674  -0.02134  -0.00300  -0.00561  -0.00588   0.01597 
  0.01106  -0.01313  -0.00210   0.00642  -0.00411  -0.03269  -0.00984   0.05020   0.07102  -0.04013  -0.01963  -0.03261   0.02398  -0.01186   0.03747  -0.05506  -0.02758   0.01200   0.00797  -0.01378 
  0.02544  -0.01422   0.00285  -0.01327  -0.02017   0.02980  -0.03021   0.02250   0.04249   0.01383  -0.11744   0.05637   0.01154   0.01106  -0.01428  -0.01744  -0.02313   0.02919  -0.03906   0.01948 
  0.01106   0.02090  -0.05222   0.02093   0.01234   0.00978  -0.00687  -0.01701   0.02656   0.03647  -0.03657  -0.02270   0.00157   0.03465  -0.05127  -0.00680   0.01729   0.01582  -0.02195  -0.00156 
  0.01106   0.02191  -0.02325  -0.01113   0.00089   0.00351  -0.00393  -0.00013   0.02202   0.00594  -0.01499  -0.01339   0.00769   0.00082   0.02056  -0.03205   0.06222   0.01561  -0.00049  -0.05519 
  0.01871   0.00369   0.00003  -0.02412   0.04328   0.02339  -0.05311  -0.01520   0.03308  -0.00237  -0.01044  -0.02534   0.05860  -0.02246  -0.03132  -0.01972   0.11166  -0.01189   0.00027  -0.04817 
  0.05615  -0.00625  -0.02288  -0.02721   0.09256   0.04021  -0.08098  -0.07571   0.15294  -0.02619  -0.09770  -0.09021   0.09932  -0.00696  -0.06984  -0.07529   0.07829   0.06035  -0.05719  -0.05932 
  0.11528   0.01717  -0.07645  -0.07636   0.14671  -0.02951   0.00599  -0.21240   0.17973  -0.01585  -0.12748  -0.12301   0.13961  -0.02052  -0.05405  -0.15489   0.20023   0.00654  -0.07102  -0.04682 
  0.16844  -0.02384  -0.05503  -0.13689   0.20618  -0.10607  -0.08979  -0.08952   0.18972  -0.08080  -0.19103  -0.02190   0.14118  -0.12140  -0.19499   0.08074  -0.00421   0.00471  -0.07987   0.08226 
  0.18208  -0.08822  -0.13130   0.00107  -0.21549  -0.28250   0.30985  -0.17483  -0.07264  -0.13626   0.08524   0.06028  -0.09104  -0.10685   0.23271  -0.06018  -0.26706  -0.03707   0.14884  -0.10017 
 -0.15396  -0.14170   0.22113  -0.07290  -3.65706  -3.65706   0.55369  -3.65706  -3.65706  -3.65706   0.54530  -3.65706  -2.69455  -3.65706   0.68580  -3.65706  -3.65706  -3.65706   0.49665  -3.65706 
 -2.92825  -3.65706   0.56833  -3.65706  -3.65706  -3.65706  -3.65706   0.65586  -3.65706  -3.65706  -3.65706  -3.65706  -3.65706  -3.65706  -3.65706   0.66386  -3.65706  -3.65706  -3.65706  -3.65706 
 -3.65706  -3.65706  -3.65706   0.63801  -3.65706  -3.65706  -3.65706  -3.65706  -3.65706  -3.65706  -3.65706  -3.65706  -3.65706  -3.65706  -3.65706  -3.65706   0.66698  -0.64239   0.02017  -0.67542 
  0.37278  -0.56990   0.09193  -0.64748   0.36564  -0.12732  -0.48850  -0.16423   0.22258  -0.04801  -0.26550  -0.05668   0.37224  -0.25800  -0.49848  -0.23994   0.36148   0.04893  -0.29447  -0.06196 
  0.39364  -0.15012  -0.47443  -0.18632  -0.76217  -0.99154   0.50924  -0.87999  -0.38367  -0.66195   0.42830  -0.47650  -0.21623  -0.36553   0.49870  -0.60719  -0.31936  -0.58832   0.39493  -0.54091 
 -0.52354  -0.75377   0.49091  -0.68810   0.00390  -0.00890  -0.03730   0.04826   0.03283  -0.03650  -0.03321   0.02888  -0.54877  -0.25875  -0.67028   0.51579  -0.05472  -0.12708  -0.02751   0.16617 
 -0.36074  -0.18121  -0.52239   0.44480  -0.00016   0.01528  -0.02775   0.01591   0.07882  -0.04326  -0.10675   0.04799   0.03261   0.02912  -0.06683  -0.02684   0.29163  -0.12041  -0.07659   0.02946 
  0.04088  -0.04925  -0.03117   0.04482  -0.13545  -0.01848  -0.04115   0.16413  -0.05983  -0.08472  -0.00129   0.11502  -0.04353  -0.05576  -0.05731   0.14820   0.03091  -0.19871   0.05728   0.10027 
 -0.06900  -0.08606   0.00109   0.13185   0.01291   0.03519  -0.04878   0.00150   0.05248   0.02891  -0.14333   0.05334   0.00824   0.01057  -0.08957   0.04859  -0.02716   0.03693  -0.11368   0.08363 
 -0.00635   0.03972  -0.09677   0.05556   0.00140   0.03337  -0.07759   0.04576   0.03942   0.00547  -0.08747   0.04111   0.01428   0.02518  -0.04550  -0.01386  -0.02392  -0.02121  -0.03865   0.07848 
  0.00615   0.00545  -0.05462   0.04519   0.02524   0.03148  -0.04543  -0.01211   0.00658   0.07103  -0.13710   0.06160   0.02257   0.04898  -0.05325  -0.05812   0.02753  -0.00725  -0.05414   0.05791 
  0.01106   0.03353  -0.06850   0.02172  -0.02647   0.03400  -0.06359   0.05831  -0.00039   0.02683  -0.06629   0.04729  -0.01242   0.02732  -0.12164   0.07049   0.04493  -0.02373  -0.07111   0.08405 
 -0.00804   0.01100  -0.07058   0.06604  -0.02908   0.04717  -0.08874   0.06929   0.02577   0.01036  -0.06434   0.03114  -0.03122   0.03950  -0.10903   0.06601   0.03584  -0.02100  -0.04166   0.05665 
 -0.01231   0.01683  -0.06273   0.05665   0.01758   0.01730  -0.07344   0.04302   0.01144   0.01740  -0.08012   0.05527  -0.05242   0.02789  -0.07479   0.07911  -0.04191   0.00451  -0.03475   0.05307 
 -0.02053   0.01581  -0.05704   0.05956   0.01558   0.04292  -0.10515   0.04593   0.01246   0.05342  -0.08781   0.03037  -0.02545   0.03092  -0.08048   0.05247   0.01013   0.01386  -0.04265   0.02859 
 -0.00719   0.03321  -0.06974   0.04030  -0.08107   0.05225  -0.06076   0.08136   0.01893   0.03014  -0.06329   0.02091   0.00874   0.02729  -0.06308   0.00507   0.03543  -0.02438  -0.03871   0.05743 
 -0.01060   0.01615  -0.04904   0.04332  -0.00482   0.02358  -0.05561   0.04130  -0.01836   0.03517  -0.07514   0.06591  -0.01347   0.02782  -0.04796   0.01897  -0.01835  -0.00777  -0.02515   0.04759 
 -0.02053   0.01751  -0.04548   0.04706  -0.05742   0.02065  -0.02367   0.05994  -0.01061   0.04136  -0.08080   0.05835  -0.03544   0.04452  -0.06683   0.03426   0.04914   0.01410  -0.06816   0.03692 
 -0.02713   0.02958  -0.05623   0.04929  -0.04274   0.05568  -0.11272   0.09165   0.03287   0.04111  -0.10305   0.03233  -0.02469   0.03257  -0.07426   0.04501  -0.00139  -0.01016  -0.05032   0.06955 
 -0.01231   0.02560  -0.07772   0.06029   0.00390   0.01243  -0.05217   0.04125   0.00755   0.03775  -0.08602   0.04777  -0.02904   0.02489  -0.10189   0.07808   0.00329   0.01094  -0.05870   0.05206 
 -0.01360   0.01955  -0.06478   0.05665  -0.01073   0.02974  -0.07764   0.06154  -0.01394   0.00182  -0.02630   0.04237  -0.00226   0.06266  -0.13888   0.02048   0.04522  -0.00579  -0.07502   0.06858 
 -0.01060   0.02157  -0.06437   0.05152   0.00908   0.05121  -0.09182   0.03063   0.04763   0.02515  -0.09504   0.02192  -0.01033   0.04316  -0.08754   0.02367   0.05317  -0.02079  -0.04993   0.05690 
  0.01510   0.02124  -0.07267   0.03611   0.03944   0.01953  -0.07101   0.01385   0.02973   0.03009  -0.09177   0.03550  -0.02585   0.04531  -0.08663   0.03731   0.00536  -0.01768   0.01691  -0.00240 
  0.00820   0.01581  -0.04548   0.02290   0.03260   0.01419  -0.09577   0.05141   0.01000  -0.00939  -0.06218   0.06130  -0.00081   0.03748  -0.08501   0.01890   0.01532  -0.00573  -0.05370   0.06108 
  0.00943   0.00858  -0.06767   0.05078   0.00582  -0.04324  -0.01269   0.05346   0.03771  -0.03007  -0.06615   0.05075  -0.01013   0.02393  -0.05592   0.02697   0.06497   0.00125  -0.05706   0.03320 
  0.01187  -0.00913  -0.04196   0.04332  -0.08576   0.05191  -0.01664   0.04111   0.01215  -0.00168  -0.05849   0.04993  -0.02966   0.00205  -0.05076   0.07227   0.04130   0.01101  -0.07551   0.05169 
 -0.02669   0.01649  -0.04706   0.05483  -0.02554   0.01857  -0.01259   0.02073   0.02268  -0.00170  -0.06703   0.04671   0.00652   0.04493  -0.08344  -0.00271   0.01790   0.00179  -0.05454   0.05226 
 -0.00214   0.01683  -0.04824   0.03419   0.00403   0.02916  -0.03550   0.00377   0.05126   0.00290  -0.05363  -0.00397  -0.01880   0.04729  -0.08458   0.02512   0.02939  -0.00468  -0.03784   0.03704 
  0.01187   0.01785  -0.04548   0.01695  -0.02728   0.05050  -0.03669   0.01175   0.02608  -0.02866  -0.04396   0.04148  -0.01106   0.01315  -0.08734   0.06500   0.02453  -0.02955  -0.03125   0.06000 
 -0.00089  -0.00054  -0.04235   0.04632  -0.00579   0.00264  -0.06186   0.07025   0.01636   0.03793  -0.08336   0.03589  -0.00394   0.02235  -0.05465   0.02095   0.02338  -0.04313  -0.01704   0.05945 
 -0.00172   0.00334  -0.04785   0.04818   0.00191   0.03180  -0.07326   0.04285   0.06025  -0.05659  -0.05249   0.03064   0.00011   0.02785  -0.09204   0.03663   0.07836  -0.03478  -0.02381   0.03159 
  0.02386  -0.00589  -0.05023   0.03649  -0.05363   0.04552  -0.02713   0.03244  -0.00429  -0.01201  -0.05596   0.07166   0.00682   0.08715  -0.15619  -0.02017   0.08469  -0.00698  -0.08735   0.06258 
 -0.00719   0.03156  -0.06933   0.04181  -0.05672   0.01380  -0.04199   0.08453   0.01590  -0.00857  -0.04339   0.03675  -0.01474   0.03070  -0.08258   0.04275   0.00928  -0.04121  -0.01867   0.06528 
 -0.01705  -0.00481  -0.03576   0.05848   0.04206   0.01389  -0.04916  -0.00647   0.03308  -0.01848  -0.10072   0.07692   0.00650   0.01332  -0.03214   0.00218   0.00818   0.01385  -0.05689   0.04462 
  0.01470   0.00927  -0.05744   0.03572   0.00220   0.01842  -0.04428   0.02815   0.03109  -0.00795  -0.05289   0.02881  -0.00960   0.04826  -0.06614  -0.00158   0.02786  -0.03383  -0.00889   0.03837 
  0.00574   0.00545  -0.03461   0.02605  -0.00555   0.00883  -0.04502   0.04724   0.03012  -0.00412  -0.07452   0.04736  -0.02342   0.03481  -0.07770   0.04305   0.06729   0.01189  -0.04852   0.00923 
  0.00656   0.01410  -0.05704   0.03764   0.02641  -0.01468  -0.09050   0.08168   0.03219   0.00069  -0.07026   0.03739   0.02218   0.00552  -0.07114   0.02522   0.05856  -0.03059  -0.01822   0.03071 
  0.02504  -0.01167  -0.05382   0.04482   0.02949   0.03590  -0.04987  -0.01781   0.07751  -0.05337  -0.06624   0.02018   0.03283  -0.01914  -0.06072   0.03584   0.14598  -0.05608  -0.04064   0.03495 
  0.05469  -0.02234  -0.04824   0.02053  -0.00773   0.01050  -0.03313   0.03510   0.08480  -0.09111  -0.04966   0.02054  -0.01127   0.00063  -0.04661   0.05185   0.02094   0.01502  -0.04993   0.03009 
  0.02030  -0.00913  -0.04079   0.03419   0.01895  -0.04022  -0.00302   0.02595   0.06242  -0.01598  -0.08237   0.02630   0.00593   0.02079  -0.04559   0.00366   0.09500  -0.04679  -0.02872   0.04133 
  0.03361  -0.01900  -0.03538   0.02605  -0.03172   0.03017  -0.02211   0.02435   0.02847  -0.00975  -0.07250   0.05161   0.02915   0.01294  -0.07917   0.01225   0.05858  -0.02675  -0.00291   0.00767 
  0.01227   0.00229  -0.03653   0.02526  -0.00869   0.01933  -0.02619   0.01844   0.03927   0.02395  -0.07576   0.01488   0.01962   0.02971  -0.10573   0.02025   0.04139  -0.01950   0.00157   0.00213 
  0.01751   0.01204  -0.04196   0.01454   0.00750   0.00333  -0.06669   0.06140   0.01254  -0.01761  -0.05841   0.06132   0.02504   0.01830  -0.03818  -0.02462  -0.02098  -0.01265  -0.01166   0.03908 
  0.00820  -0.00303  -0.03962   0.03802  -0.00972   0.01419  -0.02366   0.02251   0.02512  -0.02941  -0.06897   0.06623   0.01036   0.02326  -0.07269   0.01650   0.05818  -0.03225  -0.01118   0.02450 
  0.01024  -0.00481  -0.03692   0.03534   0.00501   0.08872  -0.09057  -0.01620   0.05926  -0.02948  -0.10710   0.06155   0.05507   0.00832  -0.07763  -0.01838   0.09385  -0.06294   0.00833   0.01528 
  0.04352   0.00158  -0.05744   0.01534  -0.01852   0.05021  -0.03934   0.00610  -0.01176  -0.01064  -0.07801   0.09618   0.01833   0.02134  -0.05043  -0.00913   0.06337  -0.04433  -0.01117   0.03528 
  0.00120   0.00264  -0.03924   0.03802   0.01896   0.03192  -0.04540  -0.00524   0.05868  -0.03693  -0.08353   0.04753   0.02502   0.00690  -0.12006   0.05404   0.08046  -0.00608   0.00329  -0.04024 
  0.03592   0.00017  -0.04943   0.01695  -0.01414   0.05385  -0.02733  -0.01769   0.01943  -0.03446  -0.07957   0.08434   0.04321   0.00825  -0.07187  -0.00586   0.05878  -0.04733  -0.02059   0.05140 
  0.01910  -0.00517  -0.04352   0.03381   0.00590   0.04042  -0.07502   0.03052   0.01592  -0.04808  -0.09720   0.11000   0.03730  -0.01326  -0.06657   0.02724   0.07088  -0.04910   0.02835  -0.01444 
  0.02109  -0.01716  -0.04235   0.04332   0.00069   0.06735  -0.06364  -0.01017   0.01887  -0.03416  -0.08208   0.08674   0.06050  -0.01311  -0.07669   0.00344   0.00459  -0.02489   0.01085   0.01478 
