IntronPotTab 1 1024 1.06875
    0.06900
   -0.06110
   -0.09152
   -0.07454
    0.03970
   -0.07421
   -0.08729
    0.02049
    0.06416
   -0.04833
   -0.05074
   -0.05419
    0.06405
   -0.09269
   -0.05083
   -0.01366
    0.05133
   -0.03078
   -0.11440
    0.00645
    0.02227
   -0.00826
   -0.11160
    0.01349
    0.02598
   -0.00613
   -0.07382
    0.01064
    0.11850
   -0.03207
   -0.08953
   -0.02813
    0.04683
   -0.08115
    0.00733
   -0.05206
    0.03574
   -0.08357
   -0.06749
    0.02238
    0.04585
   -0.03749
    0.05473
   -0.08327
    0.04684
   -0.07375
    0.00729
   -0.01980
    0.02885
   -0.05102
   -0.08421
    0.02711
    0.03404
   -0.07534
   -0.08420
    0.03118
    0.04452
   -0.04266
   -0.07791
    0.01951
    0.08590
   -0.09040
   -0.05938
    0.00696
    0.05265
   -0.00987
   -0.09747
    0.00331
    0.11498
   -0.19326
   -0.09284
   -0.03873
    0.03999
   -0.02058
   -0.08213
    0.01654
    0.12217
   -0.13531
   -0.04498
   -0.02312
    0.05020
   -0.03891
   -0.10963
    0.01914
   -0.03300
    0.09198
   -0.09292
    0.01942
    0.02568
   -0.01277
   -0.02920
   -0.00567
    0.08620
   -0.03089
   -0.10065
    0.01682
    0.02952
   -0.06555
   -0.04842
    0.03678
    0.05170
   -0.09536
    0.07106
   -0.03775
    0.03924
   -0.02797
    0.00548
   -0.02546
    0.05457
   -0.09924
    0.00616
    0.00428
    0.15953
   -0.12619
   -0.12195
   -0.03840
    0.11039
   -0.09110
   -0.13691
   -0.02376
    0.08423
   -0.06162
   -0.07927
   -0.00071
    0.13326
   -0.12351
   -0.07761
    0.02570
    0.08048
   -0.11082
   -0.08880
   -0.02057
    0.03574
   -0.08785
   -0.08707
    0.04455
    0.13182
   -0.16857
   -0.13018
   -0.09548
    0.08951
   -0.12745
   -0.03967
   -0.00356
    0.04253
   -0.02911
   -0.08323
    0.01780
   -0.00137
    0.03130
   -0.04053
    0.00120
    0.03137
   -0.03185
   -0.06913
    0.01834
    0.09787
   -0.04579
   -0.07424
   -0.00361
    0.04177
   -0.07214
   -0.01190
   -0.01278
    0.02167
   -0.07078
   -0.05266
    0.02884
    0.05761
   -0.11632
    0.11322
   -0.09722
   -0.01221
   -0.04550
   -0.05797
    0.07621
    0.00381
   -0.04729
   -0.03873
    0.04148
    0.02088
   -0.02815
   -0.08062
    0.02198
    0.00609
   -0.05930
   -0.04727
    0.05509
    0.08124
   -0.09990
   -0.05772
    0.02689
   -0.00707
   -0.00682
   -0.10535
    0.05404
    0.06247
   -0.16651
   -0.11089
    0.03331
    0.06412
   -0.06326
   -0.10435
    0.00221
    0.11197
   -0.19330
   -0.08621
   -0.04993
    0.02071
   -0.05713
   -0.11666
    0.05165
   -0.02305
    0.05492
   -0.04216
    0.01476
    0.03609
   -0.01474
   -0.08642
    0.00494
    0.11592
   -0.03424
   -0.08966
   -0.02261
    0.01465
   -0.04032
   -0.06694
    0.03251
    0.03353
   -0.10719
   -0.02315
    0.02361
    0.04992
   -0.07607
    0.02017
   -0.01743
    0.08026
   -0.14115
    0.04034
   -0.03618
    0.05100
   -0.08930
   -0.14989
    0.03900
    0.02520
   -0.07859
   -0.10945
    0.03919
    0.03390
   -0.05549
   -0.08836
    0.04137
    0.07791
   -0.11446
   -0.10293
    0.03256
    0.05949
   -0.01200
   -0.09565
   -0.01197
    0.03258
   -0.04246
   -0.10311
    0.01471
    0.01246
    0.00141
   -0.07906
    0.03177
    0.05796
   -0.06108
   -0.07616
    0.02325
   -0.03794
    0.11536
   -0.16653
    0.02910
   -0.00103
    0.03425
   -0.08700
    0.01257
   -0.02865
    0.07620
   -0.11603
    0.03148
    0.08244
    0.00588
   -0.08003
   -0.01446
    0.03288
   -0.00312
   -0.03306
   -0.01629
    0.02551
   -0.05367
   -0.09414
    0.02702
    0.02160
   -0.00208
    0.02261
   -0.03546
    0.04432
   -0.05293
   -0.03094
    0.00731
   -0.02697
    0.01632
   -0.15408
    0.06492
   -0.00016
   -0.00915
   -0.11063
    0.04569
   -0.02486
    0.01450
   -0.10187
    0.07039
    0.05152
   -0.04230
   -0.10576
    0.04112
    0.05251
   -0.00585
   -0.10306
    0.01149
    0.05088
   -0.06033
   -0.10229
    0.02827
    0.05061
   -0.02523
   -0.06976
   -0.00080
    0.05426
   -0.06260
   -0.05638
    0.03211
    0.01804
    0.02403
   -0.10137
    0.01571
   -0.12857
    0.14956
   -0.17426
    0.00292
    0.02378
   -0.04047
    0.03977
   -0.02277
    0.04144
    0.02403
   -0.11012
    0.01040
   -0.00963
    0.04763
   -0.04338
    0.00988
    0.01557
   -0.01450
    0.00815
   -0.00638
    0.06033
   -0.02671
    0.04038
   -0.06899
    0.01040
   -0.02975
   -0.01891
    0.02578
    0.03995
   -0.06489
   -0.06620
    0.02684
   -0.01365
   -0.00266
   -0.10074
    0.04085
    0.01059
   -0.02973
   -0.05553
    0.03823
    0.05958
   -0.08346
   -0.12920
    0.06972
    0.07022
   -0.06651
   -0.10735
    0.01543
    0.00330
   -0.04282
   -0.07577
    0.06611
    0.05030
   -0.05530
   -0.09367
    0.03107
    0.02890
   -0.06827
   -0.03333
    0.04387
   -0.01001
    0.06661
   -0.09095
    0.01388
   -0.01473
    0.05655
   -0.06651
    0.00929
   -0.11118
    0.05280
   -0.07104
    0.06847
    0.06004
   -0.03978
   -0.09574
    0.03782
    0.00196
   -0.00901
   -0.01460
    0.01022
   -0.01452
   -0.05877
   -0.03253
    0.06136
    0.06904
   -0.08533
    0.03384
   -0.04125
   -0.01614
   -0.03306
   -0.02501
    0.05201
   -0.05489
    0.00348
   -0.07838
    0.07078
    0.01170
    0.00093
   -0.07740
    0.02096
   -0.04634
   -0.06422
   -0.11007
    0.11853
    0.05693
   -0.11143
   -0.07871
    0.06298
   -0.03673
    0.11808
   -0.15915
    0.03863
    0.02181
   -0.06248
   -0.07729
    0.03208
    0.02039
   -0.04728
   -0.03551
    0.02135
    0.06548
   -0.09194
   -0.08580
    0.02528
   -0.05602
    0.07717
   -0.15910
    0.07767
   -0.06614
    0.11460
   -0.07726
    0.01395
    0.00200
    0.04574
   -0.03737
   -0.00837
    0.03128
    0.06596
   -0.15399
   -0.00316
   -0.04699
    0.08700
   -0.10091
    0.03836
    0.01217
   -0.02799
    0.00831
    0.00193
    0.01325
    0.00380
   -0.01006
   -0.00978
    0.03098
   -0.06944
    0.01963
    0.00267
    0.01557
   -0.07057
   -0.12071
    0.05846
   -0.04727
   -0.03461
   -0.11533
    0.07249
   -0.02424
   -0.00215
   -0.08014
    0.07004
    0.03213
   -0.05232
   -0.13278
    0.05159
    0.04440
   -0.06008
   -0.02083
   -0.02611
    0.02071
   -0.04862
   -0.04985
    0.02773
    0.03507
   -0.06108
   -0.01427
   -0.00990
    0.05869
   -0.11558
   -0.01529
    0.00081
    0.02206
   -0.02482
   -0.07122
    0.03249
   -0.01772
    0.01399
   -0.03578
    0.03238
   -0.00325
   -0.01194
   -0.02290
    0.02895
    0.09634
   -0.03086
   -0.06043
   -0.01676
   -0.02195
   -0.15892
    0.15008
   -0.09051
    0.00129
   -0.04456
   -0.00881
    0.02771
    0.01222
   -0.08257
    0.12196
   -0.06923
    0.03436
   -0.09938
    0.03145
   -0.01187
    0.01848
   -0.07736
   -0.05118
    0.04160
    0.02384
   -0.05863
   -0.06701
    0.03602
    0.01448
   -0.06546
   -0.02237
    0.03847
    0.07667
   -0.09014
   -0.04989
    0.02066
    0.02588
   -0.02504
   -0.05054
    0.02090
    0.09815
   -0.12639
   -0.09594
   -0.00084
    0.02641
   -0.04418
   -0.09884
    0.06382
    0.10324
   -0.14298
   -0.00209
   -0.01150
    0.00867
   -0.03119
   -0.02653
    0.01886
   -0.03090
    0.06311
   -0.06720
    0.02755
   -0.00329
   -0.00644
   -0.02819
    0.02074
    0.09011
   -0.06021
   -0.04091
    0.00136
    0.03398
   -0.04647
   -0.03732
    0.01752
    0.05641
   -0.12920
    0.07116
   -0.01920
    0.04393
   -0.04705
   -0.00870
   -0.00474
    0.04353
   -0.14435
    0.06172
   -0.00623
    0.11760
   -0.13393
   -0.07614
   -0.00620
    0.06614
   -0.09699
   -0.13957
    0.02214
    0.06571
   -0.08023
   -0.06939
    0.03055
    0.11696
   -0.14055
   -0.06414
    0.03127
    0.05710
   -0.08021
   -0.08223
    0.02695
    0.01379
   -0.04993
   -0.07344
    0.05362
    0.06360
   -0.10774
   -0.02867
   -0.00233
    0.06689
   -0.12319
   -0.03764
    0.03519
    0.03475
   -0.03136
   -0.06425
    0.01915
   -0.01494
    0.04649
   -0.03111
    0.01145
    0.01096
   -0.04604
   -0.00222
    0.01802
    0.07677
   -0.03428
   -0.06688
    0.01128
    0.03188
   -0.09290
    0.02407
   -0.01637
   -0.01819
   -0.05907
   -0.05835
    0.07272
    0.01346
   -0.24530
    0.13907
   -0.09178
   -0.01597
   -0.08057
   -0.01396
    0.06189
   -0.03750
   -0.01519
    0.00539
    0.04337
    0.01591
   -0.03446
   -0.05044
    0.02367
   -0.01542
   -0.03637
   -0.05837
    0.07777
    0.06388
   -0.09952
   -0.07785
    0.05268
    0.01776
    0.00170
   -0.16720
    0.06323
    0.03702
   -0.13626
   -0.09395
    0.06208
    0.02800
   -0.05091
   -0.11634
    0.05364
    0.10221
   -0.17788
   -0.02667
   -0.00648
    0.00401
   -0.03762
   -0.06866
    0.04264
   -0.03014
    0.04777
   -0.01955
    0.01737
    0.01040
   -0.00303
   -0.03270
    0.00539
    0.09366
   -0.03591
   -0.04849
   -0.01759
    0.02784
   -0.04913
   -0.05358
    0.02163
    0.01746
   -0.14453
    0.08292
    0.02059
    0.03216
   -0.06639
    0.06846
   -0.03162
    0.02683
   -0.21912
    0.15829
   -0.09100
    0.03387
   -0.07669
   -0.09529
    0.04192
    0.01009
   -0.05747
   -0.07694
    0.04175
    0.00675
   -0.02550
   -0.05788
    0.03968
    0.04664
   -0.10828
   -0.06516
    0.04779
    0.03241
   -0.01067
   -0.09781
    0.02333
    0.02875
   -0.04439
   -0.11286
    0.03006
    0.05391
   -0.00641
   -0.07347
   -0.02123
    0.05812
   -0.07778
   -0.09728
    0.01406
   -0.02974
    0.01675
   -0.15260
    0.09359
   -0.00875
   -0.01009
   -0.08133
    0.04120
   -0.00571
    0.02773
   -0.10871
    0.04031
    0.09889
   -0.03941
   -0.09026
   -0.01092
    0.01114
   -0.03346
   -0.02773
    0.02202
    0.00256
   -0.08055
   -0.08206
    0.06047
    0.05118
   -0.03466
    0.03238
   -0.05436
    0.05760
   -0.08617
   -0.02870
   -0.00495
   -0.08774
   -0.04458
   -0.17135
    0.09227
   -0.01516
   -0.08342
   -0.10081
    0.08654
   -0.03630
   -0.02000
   -0.11997
    0.09753
    0.05715
   -0.09155
   -0.10071
    0.03432
    0.02537
   -0.01478
   -0.09838
    0.04497
    0.04606
   -0.08687
   -0.14129
    0.05259
    0.02449
   -0.03478
   -0.08932
    0.05298
    0.05466
   -0.10262
   -0.06558
    0.05512
    0.00771
   -0.02931
   -0.07430
    0.04356
   -0.06983
    0.08638
   -0.09161
    0.03882
    0.01247
    0.00587
   -0.01502
   -0.00803
    0.09479
   -0.07119
   -0.09196
    0.03167
    0.01510
   -0.03918
   -0.05653
    0.03807
    0.04185
   -0.06998
    0.00112
    0.00675
    0.04997
   -0.04689
   -0.02798
   -0.00101
    0.01606
   -0.10732
   -0.00427
    0.06082
    0.08398
   -0.13033
   -0.14225
    0.03807
    0.00449
   -0.08569
   -0.17936
    0.06397
    0.02857
   -0.08353
   -0.07437
    0.06142
    0.11502
   -0.13586
   -0.13970
    0.06978
    0.05346
   -0.06460
   -0.11843
    0.04617
    0.02322
   -0.06655
   -0.09708
    0.05105
    0.04943
   -0.03894
   -0.07516
    0.01793
    0.05038
   -0.09206
   -0.06196
    0.04747
    0.00644
   -0.01632
   -0.13923
    0.07000
   -0.02202
    0.00649
   -0.06743
    0.04193
   -0.01742
   -0.03229
   -0.09349
    0.07124
    0.07098
   -0.05094
   -0.10337
    0.04694
    0.01463
   -0.07941
   -0.04124
    0.03878
   -0.00378
   -0.05410
   -0.06775
    0.05364
    0.03355
   -0.07450
    0.06337
   -0.02479
   -0.00938
   -0.06679
   -0.04291
    0.07182
   -0.06204
   -0.03497
   -0.14188
    0.10166
    0.00590
   -0.04352
   -0.12159
    0.05354
   -0.12223
   -0.07882
   -0.15552
    0.14832
    0.06282
   -0.12067
   -0.11565
    0.07802
   -0.00370
    0.03878
   -0.14400
    0.03960
    0.01427
   -0.16184
   -0.13528
    0.09876
    0.02719
   -0.03129
   -0.06781
    0.02184
    0.03600
   -0.14640
   -0.09869
    0.05224
   -0.00266
   -0.01203
   -0.13117
    0.05875
   -0.05843
    0.05712
   -0.04995
    0.03752
    0.01558
    0.00350
   -0.06857
    0.01468
    0.04388
   -0.03526
   -0.11195
    0.02722
    0.00556
    0.00509
   -0.10908
    0.03591
    0.01931
   -0.09686
   -0.08308
    0.04321
    0.02786
   -0.07147
    0.01137
    0.00959
    0.02599
   -0.11621
   -0.01002
    0.03210
   -0.00292
   -0.08008
   -0.15870
    0.06919
   -0.04930
   -0.09168
   -0.11638
    0.08210
   -0.01984
   -0.03810
   -0.08126
    0.07748
   -0.00838
   -0.11890
   -0.12876
    0.06596
