IntronPotTab 1 1024 4.91347
   -0.07258
    0.16323
   -0.14469
    0.07724
    0.05004
   -0.10044
   -0.15908
   -0.01377
    0.07801
    0.02445
   -0.08820
   -0.06355
   -0.03083
    0.16618
   -0.06911
   -0.03315
   -0.01863
    0.06807
   -0.31012
    0.11091
    0.05126
    0.10477
   -0.27337
   -0.09391
    0.11164
   -0.03434
   -0.25133
   -0.13889
    0.22287
    0.08139
   -0.26174
   -0.16895
   -0.06936
    0.14173
   -0.10788
    0.03333
    0.09012
   -0.05994
   -0.06725
   -0.04943
    0.05577
    0.02423
   -0.02538
   -0.08435
   -0.03577
    0.06256
    0.02295
   -0.04270
   -0.02788
    0.13484
   -0.16116
    0.00797
    0.16473
   -0.33693
   -0.37883
   -0.50042
    0.16604
   -0.18481
   -0.16823
   -0.15950
    0.11616
    0.08037
   -0.12095
   -0.10051
    0.00892
    0.02865
   -0.21345
    0.06972
    0.05473
   -0.21062
   -0.10037
    0.08849
    0.04817
   -0.02083
    0.02595
   -0.07005
    0.04657
    0.00585
    0.00197
   -0.04785
    0.03220
   -0.04210
   -0.34500
    0.12742
   -0.03890
    0.00420
   -0.19627
    0.09477
    0.10167
   -0.01479
   -0.13055
   -0.11063
    0.19995
    0.01562
   -0.17287
   -0.01651
    0.13172
    0.03595
   -0.24223
    0.02288
    0.09787
   -0.10790
    0.08190
   -0.05615
    0.21683
   -0.08648
   -0.14090
   -0.10384
    0.01416
   -0.07110
    0.11807
   -0.07514
    0.48899
   -0.40893
   -0.42927
   -0.28646
    0.27992
   -0.31708
   -0.30250
   -0.37026
    0.33875
   -0.33655
   -0.12757
   -0.33325
    0.39800
   -0.10100
   -0.15973
   -0.11112
    0.09729
    0.00198
   -0.10197
    0.07052
    0.07641
   -0.14004
   -0.17432
    0.06785
    0.10446
   -0.07822
   -0.10496
   -0.03558
    0.07030
   -0.02716
   -0.07116
    0.03487
    0.02508
   -0.04812
   -0.08962
    0.09406
    0.01175
    0.10941
   -0.19975
   -0.02890
    0.17185
   -0.13125
   -0.15446
   -0.15538
    0.28924
    0.01630
   -0.09662
   -0.11092
   -0.04342
    0.05863
   -0.10227
    0.07870
    0.02240
    0.00653
   -0.08717
    0.01854
    0.09770
   -0.02354
    0.01015
   -0.09142
   -0.01293
    0.05257
   -0.04153
    0.00685
    0.00033
    0.05803
   -0.00284
   -0.04520
    0.13651
    0.01401
   -0.15418
   -0.12844
    0.11213
   -0.13564
   -0.07206
   -0.04342
    0.18163
   -0.01210
   -0.06787
   -0.01158
   -0.18879
    0.17564
   -0.20963
    0.04786
   -0.05060
   -0.21140
   -0.32937
    0.19308
    0.05354
    0.01992
   -0.10357
   -0.02739
    0.00716
    0.01774
   -0.06923
    0.01681
    0.07783
    0.05541
   -0.47799
   -0.03358
    0.06993
    0.10137
   -0.23892
   -0.17864
    0.12666
   -0.10132
   -0.22205
   -0.10395
    0.21750
    0.03373
   -0.19114
   -0.09897
    0.05444
    0.02060
   -0.27434
    0.04242
    0.07848
   -0.12239
    0.00612
    0.01673
    0.17967
   -0.13298
   -0.17559
   -0.11629
   -0.00751
    0.04031
   -0.00242
   -0.02355
    0.12176
    0.06793
   -0.13883
   -0.08243
    0.16569
   -0.06508
   -0.23892
   -0.38489
    0.18572
   -0.27477
   -0.18801
   -0.22765
    0.09616
    0.02690
   -0.09611
   -0.02947
   -0.10578
    0.19468
   -0.29147
    0.01126
    0.00261
    0.07000
   -0.20266
    0.01942
   -0.02666
    0.05202
   -0.09866
    0.06264
   -0.32709
    0.27982
   -0.46399
   -0.27123
   -0.06679
    0.11169
   -0.36306
    0.09016
   -0.04550
    0.20384
   -0.26293
    0.02912
    0.01538
    0.06174
   -0.19671
    0.02383
    0.05835
    0.24808
   -0.44793
   -0.24288
   -0.05218
    0.11217
   -0.13335
    0.03112
    0.05098
    0.06855
   -0.14394
   -0.07245
    0.08062
    0.01397
   -0.07407
   -0.06310
   -0.01004
    0.16779
   -0.16172
   -0.03260
   -0.07315
    0.14522
   -0.30395
   -0.02974
    0.08780
    0.08255
   -0.29355
   -0.15352
    0.06907
   -0.03439
   -0.07110
    0.00417
   -0.08743
    0.26197
   -0.31837
   -0.19674
   -0.07512
    0.01994
   -0.22936
    0.15663
   -0.02457
   -0.08135
   -0.17091
    0.15574
   -0.06901
    0.03272
    0.02955
    0.01255
   -0.03297
    0.08980
   -0.12212
   -0.05338
   -0.01110
    0.11695
   -0.32639
    0.08625
   -0.03483
    0.11802
   -0.15548
    0.02947
   -0.04538
    0.09340
   -0.06027
   -0.01959
    0.12969
    0.11869
   -0.26844
   -0.06768
    0.02903
    0.05241
   -0.19406
    0.10023
    0.03835
   -0.04434
    0.05895
   -0.00956
    0.18284
   -0.02602
   -0.08613
   -0.10335
   -0.02219
    0.08908
   -0.10448
   -0.03011
    0.30931
   -0.09911
   -0.18614
   -0.14419
    0.09539
   -0.02390
   -0.05447
   -0.06256
    0.13027
   -0.06945
    0.06050
   -0.14446
    0.29646
    0.02597
   -0.11520
   -0.03620
   -0.11464
    0.12867
   -0.29868
    0.06843
    0.05203
   -0.00940
   -0.17967
    0.05958
    0.03210
    0.00830
   -0.12298
    0.06103
   -0.06274
    0.21960
   -0.28316
   -0.03844
   -0.00954
    0.11008
   -0.27322
    0.07623
   -0.00488
    0.18225
   -0.20431
   -0.06848
    0.09657
    0.00296
   -0.13042
   -0.10691
    0.18121
    0.22680
   -0.35085
   -0.23659
    0.22820
   -0.03872
   -0.16605
   -0.07740
    0.03207
   -0.00505
   -0.06388
    0.01778
    0.15887
   -0.01961
   -0.11283
   -0.06829
    0.03183
    0.11738
   -0.13690
    0.01553
    0.02153
    0.12784
   -0.26086
    0.04823
    0.10001
    0.06893
   -0.16438
   -0.06309
    0.20904
   -0.14848
   -0.12123
   -0.03416
    0.15631
    0.22313
   -0.21327
   -0.04587
   -0.74979
    0.41755
   -0.83266
   -0.21625
   -0.02503
    0.04110
   -0.19813
    0.05771
   -0.04665
    0.10975
   -0.04289
   -0.00302
   -0.06323
    0.11109
   -0.15987
   -0.01036
   -0.08093
    0.27127
   -0.64282
   -0.03805
   -0.02479
    0.30603
   -0.10323
   -0.14032
    0.00395
    0.24925
   -0.38834
   -0.14866
    0.12149
    0.20455
   -0.33510
   -0.10940
   -0.36944
    0.41057
   -0.54393
   -0.15461
    0.01880
    0.07134
   -0.01870
   -0.06807
    0.17922
   -0.04120
   -0.17226
   -0.18773
    0.00243
    0.12956
   -0.11835
   -0.03867
   -0.16943
    0.27789
   -0.38146
   -0.15530
    0.11807
    0.07332
   -0.04435
   -0.21054
   -0.00760
    0.08156
   -0.03142
   -0.01218
    0.07229
    0.15385
   -0.09427
   -0.03550
   -0.16361
    0.16417
   -0.08686
   -0.00704
   -0.02666
   -0.02086
    0.05134
    0.02086
    0.01741
   -0.09260
    0.02356
    0.00989
   -0.16558
    0.01054
    0.08750
   -0.25734
   -0.08758
    0.13838
   -0.13012
    0.04120
    0.00159
    0.16760
   -0.14901
   -0.05432
    0.07204
    0.02155
   -0.11108
   -0.11714
    0.26045
   -0.00886
   -0.01179
   -0.22875
   -0.17110
    0.07350
    0.10861
   -0.02793
   -0.00113
   -0.03199
    0.16157
   -0.13545
    0.03323
    0.06233
   -0.03553
   -0.07451
   -0.07646
   -0.01283
    0.09675
   -0.08833
   -0.05714
    0.10410
   -0.03301
   -0.02873
    0.16055
   -0.25504
   -0.05104
   -0.39672
    0.09279
   -0.16865
    0.00168
   -0.07405
   -0.07793
   -0.20430
    0.07838
   -0.27431
   -0.07520
    0.06240
   -0.07258
    0.02971
    0.08497
   -0.14220
   -0.13319
    0.07966
    0.00079
    0.01583
   -0.01528
   -0.00832
    0.05417
   -0.03645
    0.09600
   -0.08759
   -0.01998
    0.04896
   -0.07873
    0.03877
   -0.07872
    0.15033
   -0.15503
    0.08015
    0.01075
    0.07370
   -0.00619
   -0.11891
    0.19455
    0.06684
   -0.08077
   -0.11778
   -0.02678
    0.02656
   -0.03288
    0.01936
    0.00476
   -0.03071
    0.13885
   -0.13185
    0.12886
   -0.05709
    0.05158
   -0.08560
   -0.07178
    0.00038
    0.08257
   -0.09184
    0.43519
   -0.26485
   -0.13767
   -0.22182
    0.20961
   -0.16264
   -0.18722
   -0.18074
    0.21341
   -0.09767
    0.00066
   -0.17075
    0.33926
   -0.08847
   -0.03789
   -0.02969
   -0.05324
    0.12223
   -0.32320
    0.15201
    0.01080
    0.02874
   -0.15833
    0.05531
   -0.01502
    0.00678
   -0.04507
    0.06053
    0.05433
   -0.02317
   -0.02650
    0.01103
   -0.00271
    0.03625
   -0.12045
    0.06335
   -0.01485
    0.20470
   -0.14439
    0.01042
    0.06223
    0.01955
   -0.05366
   -0.07453
    0.24653
   -0.04080
   -0.01687
   -0.14299
   -0.10704
    0.13587
   -0.09090
    0.04346
    0.00409
    0.07914
   -0.07969
    0.01228
    0.05641
   -0.01267
   -0.01655
   -0.04880
    0.01990
    0.02541
    0.00986
   -0.06840
   -0.06624
    0.10216
   -0.06115
    0.00074
    0.10346
    0.09060
   -0.15489
   -0.12642
    0.03232
   -0.05406
   -0.01920
    0.01656
    0.16462
   -0.02123
   -0.03308
   -0.03903
   -0.05562
    0.14373
   -0.25581
    0.05819
   -0.00045
   -0.06984
   -0.24220
    0.09975
   -0.01261
    0.02573
   -0.21749
    0.07053
    0.05714
    0.00884
   -0.11133
    0.05931
   -0.03523
    0.09366
   -0.14470
    0.04488
    0.05479
    0.09401
   -0.11305
   -0.12691
    0.02899
    0.04136
   -0.09805
   -0.01456
    0.22506
   -0.01865
   -0.08400
   -0.07743
   -0.08900
    0.08678
   -0.13272
    0.05630
    0.08151
   -0.09434
    0.06539
   -0.05362
    0.14335
   -0.03933
   -0.12829
   -0.13283
    0.01275
   -0.00771
    0.04181
   -0.04965
    0.06989
    0.06553
   -0.08564
   -0.03508
    0.14078
   -0.07972
   -0.00799
   -0.23055
    0.04088
   -0.04397
   -0.03923
    0.00898
    0.04502
   -0.05342
    0.00426
   -0.02833
   -0.01410
    0.14631
   -0.19414
    0.03662
    0.00944
    0.02031
   -0.26589
    0.03032
    0.05456
    0.09416
   -0.07871
   -0.04261
   -0.04379
    0.22416
   -0.14909
   -0.01157
   -0.07367
    0.09675
   -0.22574
    0.07472
   -0.03769
    0.18010
   -0.27863
   -0.00143
    0.03508
    0.06003
   -0.16037
   -0.03607
    0.20614
    0.03984
   -0.19464
   -0.15435
   -0.07719
    0.06700
   -0.09101
    0.05696
    0.03846
   -0.09052
   -0.00156
    0.01965
    0.13372
   -0.00163
   -0.18161
   -0.07248
    0.01418
    0.01334
   -0.07466
    0.02892
   -0.05987
    0.15863
   -0.16035
   -0.00898
    0.09894
    0.03382
   -0.19349
   -0.09679
    0.11334
   -0.01104
   -0.07069
   -0.07987
    0.03574
    0.14526
   -0.11917
   -0.06841
   -0.22313
   -0.21683
   -0.53224
    0.26291
   -0.11351
   -0.37745
   -0.29970
    0.25739
   -0.03365
   -0.05031
   -0.06475
    0.08871
    0.00718
   -0.13842
   -0.15122
    0.13887
   -0.03934
    0.05091
   -0.27165
    0.13305
   -0.02823
    0.04859
   -0.15036
    0.04604
   -0.04652
    0.06229
   -0.09100
    0.04238
    0.27276
   -0.02747
   -0.11372
   -0.03308
   -0.05329
   -0.06623
   -0.32295
    0.17971
   -0.10083
   -0.06384
    0.03185
    0.10530
    0.12142
   -0.09510
   -0.07586
    0.01930
   -0.08308
   -0.01336
   -0.06787
    0.08893
    0.31232
   -0.21468
   -0.22947
   -0.06122
    0.08952
   -0.11383
   -0.20823
    0.07128
    0.11789
   -0.09109
    0.01524
   -0.08264
    0.27747
   -0.00565
   -0.14354
    0.02849
   -0.17644
   -0.04634
   -0.33316
    0.19127
    0.01299
   -0.04571
   -0.28481
    0.13733
   -0.00688
   -0.05505
   -0.09849
    0.08405
   -0.13094
    0.07355
   -0.20744
    0.15090
   -0.01991
    0.07622
   -0.21574
    0.09769
   -0.05051
    0.15538
   -0.13160
    0.03000
    0.16619
   -0.07923
   -0.16889
   -0.09105
    0.32111
    0.00380
   -0.13513
   -0.06552
    0.15122
    0.01055
   -0.27913
    0.02763
   -0.01465
    0.00808
   -0.02027
    0.03399
    0.12334
   -0.00371
   -0.11179
   -0.08077
    0.01022
    0.10246
   -0.14099
    0.05734
   -0.02615
    0.12261
   -0.15468
    0.00594
    0.07794
    0.04559
   -0.17976
   -0.02810
    0.08370
   -0.09022
   -0.11037
    0.01985
    0.17824
    0.04564
   -0.09952
    0.04992
   -0.24600
    0.26574
   -0.27502
    0.03465
   -0.09897
   -0.07397
   -0.40662
    0.18964
    0.00467
    0.02208
   -0.10873
    0.02735
   -0.00289
    0.02737
   -0.04601
    0.00399
   -0.00067
    0.00363
   -0.47420
    0.08414
    0.09952
   -0.01020
   -0.09733
   -0.19636
    0.01293
    0.07348
   -0.26538
    0.01703
    0.35947
   -0.02491
   -0.19216
   -0.10045
   -0.07026
   -0.01884
   -0.34329
    0.12406
    0.02483
   -0.04786
   -0.01689
    0.03199
    0.15561
   -0.09141
   -0.19619
   -0.07956
   -0.03564
    0.02729
   -0.02983
    0.01235
    0.00962
    0.11784
   -0.23265
    0.01629
    0.10457
    0.01751
   -0.15897
   -0.10701
    0.07210
   -0.08002
   -0.07169
   -0.01118
    0.08464
   -0.00489
   -0.08368
    0.03063
