IntronPotTab 1 1024 0.80567
    0.00668
    0.00249
   -0.01456
    0.00520
   -0.03521
    0.06557
   -0.04293
    0.00155
   -0.00992
   -0.04369
    0.04304
    0.00370
    0.00811
   -0.01780
   -0.00212
    0.01267
   -0.04051
    0.06844
   -0.08305
    0.04419
   -0.06458
    0.07675
   -0.07390
    0.01391
   -0.02126
   -0.02599
    0.00843
    0.04389
   -0.00689
    0.00257
   -0.01684
    0.02291
   -0.01767
   -0.04728
    0.05228
   -0.00217
   -0.01966
    0.00990
   -0.01401
    0.02572
   -0.01810
   -0.09203
    0.11990
   -0.07567
   -0.01396
   -0.03602
    0.01557
    0.02835
    0.00092
   -0.01963
   -0.03545
    0.04229
   -0.05459
    0.03769
   -0.04433
    0.04161
   -0.00840
   -0.03173
    0.00087
    0.04235
   -0.00580
   -0.01864
   -0.01959
    0.03702
    0.01931
   -0.00161
   -0.04144
    0.02858
    0.04336
   -0.04555
   -0.04157
   -0.01715
    0.05480
   -0.05546
   -0.00661
    0.05487
    0.07321
   -0.07084
   -0.02217
   -0.02216
   -0.01063
    0.04246
   -0.09541
    0.04322
   -0.06397
    0.05773
   -0.06269
    0.03911
   -0.00649
   -0.02762
   -0.00654
    0.05709
    0.05674
    0.02968
   -0.07349
    0.02242
    0.03964
   -0.03434
   -0.02976
    0.03996
    0.03417
   -0.03634
   -0.00608
    0.00107
    0.00934
   -0.07366
    0.08731
    0.01555
    0.01722
   -0.04616
    0.01646
    0.01109
    0.00852
   -0.01054
   -0.01092
    0.01883
   -0.04044
    0.01376
   -0.03040
    0.05642
    0.01809
   -0.01694
   -0.02836
    0.04671
    0.01318
   -0.01220
   -0.02613
    0.03779
    0.01915
   -0.03478
   -0.00453
    0.02054
    0.02693
   -0.01863
   -0.02758
    0.01805
    0.02389
   -0.09409
    0.04735
    0.00291
    0.02370
   -0.06025
   -0.00341
    0.03637
   -0.00265
    0.03493
   -0.05561
    0.07580
   -0.02114
    0.03177
   -0.04626
    0.04675
    0.02100
   -0.02384
   -0.02813
    0.07163
    0.04266
   -0.02404
   -0.04472
    0.06989
    0.02978
   -0.06599
    0.01300
    0.00243
    0.01568
   -0.00923
   -0.03423
    0.03968
    0.00052
   -0.12986
    0.08020
   -0.01604
   -0.02682
   -0.03461
   -0.01812
    0.08321
    0.01672
   -0.06724
    0.01193
    0.05819
   -0.00824
    0.00784
   -0.03540
    0.04611
    0.00350
   -0.05284
   -0.00044
    0.06170
    0.01973
   -0.04449
   -0.00759
    0.03590
   -0.01677
   -0.00755
   -0.04669
    0.05687
    0.04850
   -0.03968
   -0.06303
   -0.03492
    0.00605
   -0.03015
    0.00812
    0.02982
    0.05670
   -0.04135
   -0.02948
    0.00383
   -0.06005
    0.02120
   -0.08202
    0.07865
   -0.04727
    0.05444
   -0.05015
    0.03049
   -0.04276
   -0.01628
    0.00032
    0.05176
    0.02778
   -0.00339
   -0.02567
    0.01664
   -0.00767
   -0.03559
   -0.01285
    0.04711
    0.00017
   -0.00461
   -0.00444
    0.00933
   -0.01262
   -0.06865
    0.08321
    0.00056
    0.06985
   -0.08702
    0.00344
   -0.04999
   -0.02526
   -0.01043
   -0.05312
    0.05873
   -0.04196
    0.03851
   -0.03515
    0.02438
   -0.02415
   -0.01459
   -0.00011
    0.03864
   -0.01701
    0.00253
   -0.02122
    0.02936
   -0.01076
    0.01833
   -0.04456
    0.03783
   -0.07318
    0.08657
   -0.08593
    0.05989
   -0.01431
   -0.03023
    0.00148
    0.05385
   -0.02009
    0.01963
   -0.03047
    0.03501
   -0.08768
    0.07741
   -0.15860
    0.03434
   -0.04351
    0.09163
   -0.12181
    0.04063
   -0.06508
    0.02500
   -0.04648
    0.06052
   -0.02703
    0.05797
   -0.07124
    0.03914
   -0.02877
    0.01845
   -0.01070
    0.01902
   -0.02518
    0.00862
   -0.06186
    0.07903
   -0.01062
   -0.05473
    0.10550
   -0.06271
   -0.03322
   -0.01234
   -0.02272
    0.06768
   -0.07546
    0.06408
   -0.11180
    0.00011
   -0.01031
    0.03667
   -0.09396
    0.04623
   -0.05239
   -0.00561
   -0.05017
    0.08034
   -0.01449
    0.00291
   -0.04833
    0.04764
    0.00060
    0.04607
   -0.10754
    0.04716
   -0.00706
    0.00870
   -0.05513
    0.04225
    0.00542
   -0.03127
   -0.01473
    0.08271
   -0.01884
   -0.00153
   -0.02314
    0.04708
   -0.00178
    0.06317
   -0.16567
    0.06854
   -0.10499
    0.05262
   -0.08630
    0.05528
   -0.05299
    0.00612
   -0.02294
    0.05825
   -0.03348
    0.03836
   -0.08803
    0.04544
    0.02577
   -0.01528
   -0.04660
    0.04551
    0.02561
   -0.05506
    0.01284
    0.06577
   -0.04120
   -0.06860
    0.08082
    0.02066
   -0.02409
   -0.02550
    0.00256
    0.05580
    0.00011
    0.02133
   -0.04544
    0.01416
   -0.06702
    0.02220
   -0.08841
    0.07576
    0.00459
   -0.00753
   -0.05160
    0.07024
   -0.02451
   -0.00065
   -0.06154
    0.07330
    0.01706
    0.01425
   -0.05614
    0.03698
   -0.01336
    0.06450
   -0.10578
    0.06836
    0.00404
   -0.03591
    0.00620
    0.03607
   -0.00516
    0.00030
   -0.04198
    0.07630
   -0.01992
    0.07699
   -0.15733
    0.08834
   -0.04544
    0.15666
   -0.17249
    0.11922
   -0.04069
    0.02102
   -0.07518
    0.09834
   -0.00906
    0.05646
   -0.08873
    0.09514
    0.02093
   -0.00363
   -0.06166
    0.06406
    0.00736
    0.08293
   -0.15576
    0.12187
   -0.02379
   -0.07986
    0.05180
    0.02338
   -0.02936
    0.02136
   -0.05527
    0.09214
   -0.00537
   -0.03220
   -0.04361
    0.09831
   -0.07520
    0.05418
   -0.11184
    0.12774
   -0.07349
   -0.03112
   -0.05943
    0.10875
   -0.02216
    0.00869
   -0.05419
    0.07043
   -0.01137
    0.03155
   -0.03949
    0.01462
   -0.07197
    0.04738
   -0.06679
    0.04949
   -0.01646
   -0.02715
    0.03497
    0.00545
   -0.02152
    0.03063
   -0.03873
    0.02468
   -0.05466
    0.07732
   -0.10685
    0.04294
   -0.13217
    0.10952
   -0.13565
    0.03375
   -0.07417
    0.02507
   -0.04377
    0.05048
   -0.09126
    0.07311
   -0.09672
    0.02932
   -0.01654
    0.00992
   -0.03108
    0.03707
   -0.07164
    0.02581
   -0.03473
    0.04720
   -0.05754
   -0.03989
    0.06369
    0.02415
   -0.05181
    0.02289
    0.00957
    0.00355
   -0.01990
    0.02386
   -0.02613
    0.01389
   -0.06858
    0.07314
   -0.10196
    0.02693
   -0.04021
   -0.00068
   -0.01051
    0.04179
   -0.05206
    0.04037
   -0.06243
    0.03880
   -0.00428
   -0.03073
    0.02332
    0.00677
   -0.05024
    0.03793
   -0.01608
    0.03114
   -0.02757
   -0.08745
    0.06662
    0.01886
   -0.01172
   -0.03678
    0.02126
    0.00797
   -0.06234
    0.02492
   -0.02327
    0.05393
   -0.05747
    0.03736
   -0.03784
    0.04115
   -0.04150
   -0.03445
   -0.00336
    0.08107
   -0.01592
   -0.02165
    0.00102
    0.02347
   -0.03110
   -0.08868
    0.07400
   -0.02635
   -0.02590
   -0.00172
    0.00903
    0.01895
   -0.05106
   -0.15971
    0.14155
   -0.06080
   -0.04029
   -0.06266
    0.04766
    0.00987
   -0.03102
   -0.03158
    0.00109
    0.05123
   -0.02786
    0.01196
   -0.03438
    0.04180
   -0.02751
   -0.05662
    0.01665
    0.06281
   -0.01847
   -0.03502
   -0.00936
    0.04452
    0.01604
   -0.01613
   -0.03983
    0.05563
    0.02436
   -0.04107
   -0.00631
    0.03539
    0.02363
   -0.06505
    0.01843
    0.09416
   -0.02917
   -0.05748
    0.04022
    0.02405
   -0.00397
   -0.00198
   -0.05987
    0.06976
   -0.07915
    0.03407
   -0.05294
    0.06361
    0.02740
   -0.09731
    0.05441
    0.09543
    0.01124
   -0.03374
   -0.02281
    0.05714
    0.02948
   -0.08499
    0.02655
    0.04007
    0.00829
   -0.05898
    0.03411
    0.02815
    0.01717
   -0.15350
    0.15112
    0.06745
   -0.01440
   -0.09596
    0.06279
    0.00526
   -0.00682
   -0.02949
    0.02146
    0.02435
   -0.04211
   -0.01606
   -0.02802
    0.08364
    0.00496
   -0.04737
   -0.00045
    0.08021
    0.00406
   -0.03576
   -0.02593
    0.06232
    0.02170
   -0.06541
    0.01219
    0.00611
   -0.03087
   -0.01549
   -0.00048
    0.05890
   -0.00047
   -0.13189
    0.05523
    0.01375
   -0.02609
   -0.06154
    0.00982
    0.04862
   -0.02622
    0.01725
   -0.03435
    0.06754
   -0.04540
    0.05287
   -0.05473
    0.04163
    0.01578
   -0.00103
   -0.05324
    0.12294
   -0.00800
   -0.02320
   -0.02241
    0.06439
    0.02003
   -0.10640
    0.03458
   -0.00492
   -0.03916
    0.00343
   -0.01049
    0.04671
   -0.00632
   -0.11181
    0.05529
    0.00280
   -0.04360
   -0.08819
    0.01009
    0.06799
   -0.03025
   -0.08075
    0.03363
    0.07048
   -0.02375
   -0.00988
   -0.00988
    0.05420
   -0.05942
   -0.07430
    0.02622
    0.08108
   -0.02495
   -0.04439
   -0.00912
    0.05804
    0.00479
   -0.00152
   -0.06059
    0.05449
    0.00160
    0.00164
   -0.02160
    0.03425
   -0.00858
   -0.08041
    0.05197
    0.04217
   -0.04852
   -0.11209
    0.06978
   -0.06081
   -0.04954
    0.00918
   -0.02044
    0.05236
   -0.07625
    0.04736
   -0.05330
    0.06244
   -0.03594
   -0.05715
    0.02753
    0.05099
   -0.04822
   -0.03858
    0.02760
    0.01694
    0.00892
   -0.04675
   -0.00428
    0.03847
   -0.03130
   -0.03107
    0.04316
    0.01346
   -0.05926
   -0.12876
    0.10790
    0.03201
   -0.02950
   -0.10671
    0.05851
   -0.03601
   -0.02477
   -0.00267
   -0.00645
    0.02968
   -0.05785
    0.01667
    0.00264
    0.03529
   -0.03369
   -0.04340
    0.02371
    0.04349
   -0.04720
   -0.01945
   -0.00774
    0.04587
    0.01234
   -0.01755
   -0.02766
    0.02903
   -0.06154
    0.05804
   -0.06067
    0.05851
   -0.00832
   -0.04094
    0.02220
    0.02742
    0.00084
   -0.00468
   -0.00787
    0.01294
   -0.10816
    0.03533
   -0.12796
    0.08899
   -0.07071
    0.06343
   -0.08076
    0.05445
   -0.07667
   -0.01180
   -0.02375
    0.10739
    0.00122
   -0.01771
   -0.00556
    0.01979
   -0.01619
   -0.03538
    0.00982
    0.03369
   -0.04619
   -0.00416
   -0.02034
    0.06645
   -0.02001
   -0.08733
    0.07407
   -0.00231
   -0.01732
   -0.03858
    0.00115
    0.04387
   -0.05921
   -0.03057
   -0.06932
    0.07545
   -0.05260
    0.01923
   -0.06142
    0.07428
   -0.11672
   -0.12720
   -0.09370
    0.13067
    0.01555
   -0.03749
   -0.02392
    0.03417
    0.01430
    0.01570
   -0.09513
    0.06502
   -0.02092
    0.00592
   -0.04450
    0.05916
   -0.01067
   -0.04555
   -0.01183
    0.09891
   -0.02001
   -0.00270
   -0.02242
    0.04748
   -0.00979
    0.02651
   -0.11893
    0.08630
   -0.12023
    0.06157
   -0.08575
    0.05272
   -0.03923
   -0.02866
   -0.02710
    0.08165
   -0.00694
    0.00325
   -0.04925
    0.04870
    0.00593
   -0.02136
   -0.03914
    0.05892
   -0.01333
   -0.02766
   -0.00407
    0.05428
   -0.04405
   -0.06249
    0.05728
    0.04839
   -0.04782
   -0.02869
    0.02039
    0.05326
   -0.03082
   -0.02529
   -0.02436
    0.06447
   -0.08418
    0.01054
   -0.08595
    0.09582
   -0.04056
   -0.05925
   -0.05631
    0.11746
   -0.01802
   -0.03345
   -0.03132
    0.07501
    0.02155
   -0.00452
   -0.05548
    0.06411
   -0.01883
    0.03431
   -0.07818
    0.08629
    0.00031
   -0.05577
    0.01354
    0.04946
   -0.00614
   -0.01902
   -0.02446
    0.07448
   -0.03507
    0.03910
   -0.13679
    0.12673
   -0.04419
    0.05368
   -0.09926
    0.11420
   -0.05783
   -0.02710
   -0.04808
    0.12278
    0.03208
    0.00054
   -0.04891
    0.07947
    0.01435
   -0.04114
   -0.03982
    0.07157
    0.00232
    0.01335
   -0.08921
    0.09706
   -0.03747
   -0.10615
    0.06342
    0.03239
   -0.02456
   -0.04121
   -0.02998
    0.09816
   -0.10843
   -0.10421
   -0.11427
    0.14878
   -0.06827
   -0.00845
   -0.06644
    0.12618
   -0.10134
   -0.06712
   -0.08830
    0.10272
   -0.01555
   -0.04221
   -0.03858
    0.08071
    0.00275
    0.00884
   -0.03953
    0.02882
   -0.02572
    0.03372
   -0.04193
    0.03078
   -0.02752
   -0.04975
    0.03917
    0.02137
   -0.02332
   -0.01136
   -0.02094
    0.04240
   -0.04587
    0.04944
   -0.07534
    0.04941
   -0.10830
    0.08257
   -0.09629
    0.03702
   -0.09583
   -0.01526
   -0.01712
    0.08208
   -0.03129
    0.02759
   -0.04427
    0.02848
   -0.00421
   -0.00763
   -0.03280
    0.04534
   -0.02952
    0.00371
   -0.01130
    0.03400
   -0.04235
   -0.06986
    0.07835
    0.01097
   -0.04008
   -0.02995
    0.01507
    0.03087
   -0.02350
    0.00062
   -0.01982
    0.03251
   -0.08590
    0.06417
   -0.06866
    0.02856
   -0.04997
   -0.02103
   -0.00529
    0.06142
   -0.01519
    0.00426
   -0.03328
    0.03581
