IntronPotTab 1 1024 2.25618
   -0.04088
    0.04298
   -0.12994
    0.17260
    0.02469
    0.10511
   -0.10003
    0.11146
   -0.03084
    0.08820
   -0.07182
   -0.07579
    0.03570
   -0.08000
   -0.00237
    0.10692
   -0.14127
    0.07186
   -0.04846
    0.07313
   -0.13988
   -0.04038
    0.04379
    0.05107
   -0.05250
    0.05540
   -0.06688
    0.02247
   -0.07082
   -0.02202
    0.05941
   -0.01977
   -0.24689
    0.04973
    0.02118
    0.06605
   -0.05827
   -0.01842
   -0.02094
    0.08221
   -0.08974
    0.07327
    0.00846
   -0.09506
   -0.21945
   -0.03593
    0.09700
    0.06084
    0.00002
   -0.04880
   -0.06675
    0.13622
   -0.04581
    0.00054
   -0.01910
    0.08010
   -0.02687
    0.09265
   -0.08204
   -0.08692
    0.09430
   -0.01425
   -0.06327
    0.09823
    0.06174
   -0.06100
   -0.05118
    0.18258
   -0.00902
   -0.03770
   -0.07016
    0.24395
   -0.04297
    0.00517
   -0.07005
    0.13521
    0.09342
   -0.03881
   -0.04802
    0.20232
   -0.10767
    0.08010
   -0.06741
    0.07275
   -0.04394
    0.03572
   -0.06773
    0.13389
   -0.05858
    0.05237
   -0.05855
    0.02190
    0.07813
   -0.03062
    0.00155
    0.05536
    0.03779
   -0.02521
   -0.05906
    0.12070
   -0.17372
   -0.07502
   -0.02674
    0.23976
   -0.03247
    0.01571
   -0.03868
    0.02503
   -0.10565
   -0.01478
   -0.01270
    0.12531
    0.15129
   -0.16864
    0.22098
    0.13757
    0.04127
    0.08392
   -0.08784
    0.24963
   -0.09420
    0.07903
   -0.12631
    0.09549
    0.23405
   -0.06844
    0.01676
    0.04599
    0.07953
    0.02760
   -0.12285
    0.31617
   -0.01385
    0.08279
   -0.14876
    0.31422
    0.01297
   -0.01025
   -0.05884
    0.13741
    0.07073
   -0.03801
   -0.04061
    0.24954
    0.02339
    0.03784
   -0.14649
    0.19820
   -0.02950
   -0.00229
   -0.10173
    0.23589
   -0.02361
    0.02944
   -0.09470
    0.06670
    0.23365
   -0.04899
   -0.02611
    0.10304
   -0.09791
    0.02619
   -0.04275
    0.07003
    0.03493
   -0.07163
   -0.12779
    0.29738
    0.06161
   -0.03367
    0.03610
    0.03986
   -0.11010
    0.00757
   -0.03559
    0.13125
    0.26643
   -0.08324
   -0.10585
    0.30790
   -0.03423
    0.05521
   -0.10238
    0.28103
    0.00483
    0.00830
   -0.09748
    0.10674
    0.29788
   -0.06416
   -0.04328
    0.20919
   -0.06333
    0.00745
    0.02635
    0.00550
   -0.01104
   -0.06979
   -0.04682
    0.17337
   -0.09165
    0.05892
   -0.01458
   -0.04671
    0.05800
   -0.02013
    0.00364
    0.00402
   -0.08624
    0.11300
   -0.08914
    0.05828
   -0.09821
    0.01640
   -0.00117
    0.05463
   -0.04399
    0.07457
   -0.06742
   -0.02863
   -0.07829
   -0.00784
    0.02551
   -0.00661
   -0.12119
    0.01674
    0.01334
    0.02846
   -0.07283
   -0.12129
   -0.00382
    0.17672
   -0.05086
    0.02028
   -0.01014
    0.01046
   -0.18707
   -0.01344
    0.08328
    0.04083
   -0.08538
    0.06957
   -0.12689
    0.08767
   -0.00097
   -0.06621
   -0.00498
    0.08277
   -0.06437
    0.10923
   -0.12019
   -0.05122
    0.05509
   -0.05738
    0.01936
    0.03958
    0.02760
    0.03286
   -0.09836
    0.14247
   -0.04006
    0.01723
   -0.03284
    0.11373
   -0.06222
    0.07054
   -0.07154
    0.00736
   -0.07759
   -0.00342
   -0.01460
    0.06415
   -0.08515
    0.09105
   -0.04889
    0.01744
   -0.09114
    0.08567
   -0.01490
    0.02971
   -0.04517
    0.03951
   -0.02208
   -0.00363
   -0.08270
    0.00974
    0.01777
   -0.02874
   -0.11993
    0.03807
    0.01474
   -0.01178
   -0.13120
    0.05117
   -0.06353
    0.13205
   -0.10813
    0.07433
    0.04648
   -0.11475
   -0.20119
    0.02562
    0.00838
    0.02421
   -0.03902
    0.00071
   -0.02590
    0.05805
   -0.07821
   -0.06087
    0.01491
    0.07875
   -0.05951
    0.10271
   -0.09195
   -0.02742
   -0.04665
   -0.02906
    0.00512
    0.06062
    0.00195
   -0.03278
   -0.05952
    0.19799
   -0.02562
    0.01118
   -0.05087
    0.13358
   -0.03055
    0.01519
   -0.04533
    0.05298
    0.08039
   -0.04239
   -0.02549
    0.19105
   -0.03338
    0.07531
   -0.08335
    0.05557
   -0.14379
    0.12008
   -0.04366
    0.13695
   -0.05029
    0.04775
   -0.05772
    0.01256
    0.10304
   -0.02559
    0.05439
   -0.05663
    0.02233
   -0.01769
   -0.06361
    0.12604
   -0.03962
   -0.13906
    0.00306
    0.18785
    0.00362
   -0.01804
    0.00756
    0.05037
   -0.10180
   -0.04671
    0.07637
    0.09467
    0.08140
   -0.11398
    0.14439
    0.08361
    0.01349
   -0.03480
   -0.06630
    0.28142
   -0.00441
    0.00139
   -0.07022
    0.10656
    0.21923
   -0.02901
   -0.05068
    0.21073
    0.06313
    0.01113
   -0.11953
    0.18693
   -0.01494
    0.05588
   -0.09682
    0.19448
   -0.00095
    0.04331
   -0.11213
    0.06109
    0.14165
   -0.02000
   -0.05596
    0.21246
   -0.03393
   -0.00262
   -0.06701
    0.15109
   -0.01190
    0.05028
   -0.09480
    0.17884
   -0.03578
    0.04358
   -0.08027
    0.03902
    0.17671
   -0.03114
   -0.01518
    0.05482
    0.03193
   -0.01281
    0.00970
   -0.00216
   -0.06908
    0.00033
   -0.08511
    0.22745
   -0.00466
    0.01153
   -0.00012
   -0.04021
   -0.08885
   -0.00716
   -0.03162
    0.18963
    0.20012
   -0.05347
   -0.10765
    0.27028
   -0.09640
   -0.01688
   -0.03516
    0.18960
   -0.02114
    0.02456
   -0.04367
    0.01328
    0.17039
   -0.03583
   -0.03719
    0.18678
   -0.03167
   -0.04252
    0.08332
   -0.07921
   -0.09251
   -0.04304
    0.02310
    0.08464
   -0.19777
    0.04950
    0.10918
   -0.07123
   -0.13047
   -0.05191
    0.09116
   -0.00593
   -0.17850
    0.11752
    0.00136
    0.03307
   -0.07360
    0.14369
    0.00798
   -0.04734
   -0.07284
    0.11683
   -0.10437
   -0.01310
   -0.21426
    0.02807
    0.05984
   -0.08622
   -0.00723
   -0.05936
    0.08217
    0.00219
   -0.17282
   -0.00331
    0.02558
    0.07434
   -0.09084
    0.04754
   -0.00634
   -0.01068
   -0.30701
    0.01830
    0.07766
   -0.02188
   -0.06874
   -0.02552
    0.05091
    0.00681
   -0.10130
   -0.04971
    0.07376
   -0.03944
   -0.08558
    0.13224
   -0.13287
   -0.03647
   -0.05538
   -0.00272
    0.01054
   -0.01181
   -0.07356
    0.05496
   -0.09558
    0.14189
   -0.05014
    0.09786
   -0.05943
    0.11409
   -0.14698
    0.08809
   -0.05070
    0.06719
   -0.02306
   -0.00699
    0.00001
    0.02347
   -0.05660
    0.10774
   -0.09795
    0.02607
   -0.08699
    0.07952
   -0.02888
    0.05595
   -0.08635
    0.09897
   -0.07342
    0.01852
   -0.10723
    0.01887
    0.02165
   -0.04114
   -0.19930
    0.08537
   -0.02456
    0.01229
   -0.16439
    0.06018
   -0.05046
    0.11566
   -0.17201
    0.12810
    0.03591
   -0.10178
   -0.18771
    0.01425
    0.04821
   -0.01435
    0.02506
   -0.01828
   -0.07792
    0.12789
   -0.11089
   -0.04962
    0.02740
    0.07371
   -0.09251
    0.08835
   -0.07584
    0.00952
    0.02845
   -0.01921
   -0.01208
    0.05770
   -0.03476
    0.01670
   -0.08720
    0.19327
   -0.02160
   -0.08049
   -0.03672
    0.21478
   -0.02188
    0.02936
   -0.15690
    0.16022
    0.05292
   -0.05959
   -0.00552
    0.20298
   -0.15117
    0.15085
   -0.05588
    0.05442
   -0.05868
    0.09613
   -0.04946
    0.08866
   -0.05157
    0.05839
   -0.10706
    0.07239
    0.01128
    0.00660
   -0.00074
   -0.01677
   -0.01585
    0.02153
   -0.11229
    0.12531
   -0.08985
   -0.07661
   -0.06009
    0.20715
   -0.04603
    0.01158
   -0.06350
    0.07950
   -0.07822
   -0.02195
   -0.00516
    0.11464
    0.05258
   -0.17510
    0.16763
    0.13191
   -0.06722
    0.04299
   -0.06805
    0.22917
   -0.12298
    0.04589
   -0.07070
    0.14397
    0.19455
   -0.03427
   -0.07354
    0.21774
    0.06570
    0.01251
   -0.09099
    0.18631
   -0.07803
    0.02976
   -0.08131
    0.31015
   -0.07694
    0.08297
   -0.14373
    0.11511
    0.05297
   -0.04246
   -0.02902
    0.27023
   -0.05453
    0.07260
   -0.10608
    0.10849
   -0.06201
    0.11441
   -0.08631
    0.12505
   -0.03261
    0.09152
   -0.13492
    0.02404
    0.12868
   -0.00283
   -0.02657
    0.00283
   -0.11661
    0.07899
   -0.02034
   -0.04666
   -0.11127
    0.02500
   -0.09126
    0.22160
   -0.05891
    0.01188
    0.08732
   -0.03070
   -0.17185
   -0.00348
    0.00656
    0.09488
    0.18567
    0.02567
   -0.18558
    0.22266
   -0.15336
    0.04469
   -0.04219
    0.22078
   -0.13596
    0.00042
    0.03437
    0.11534
    0.11389
   -0.02094
   -0.07130
    0.25388
   -0.04071
    0.05880
   -0.13550
    0.13921
   -0.10620
    0.11859
   -0.03213
    0.07541
   -0.15964
    0.13142
   -0.07907
   -0.00418
   -0.03048
   -0.04372
    0.08550
   -0.02620
   -0.03499
    0.18110
   -0.15882
    0.10615
   -0.03135
    0.10436
   -0.03213
    0.02701
   -0.04084
    0.10206
   -0.09191
   -0.02660
   -0.10368
    0.00182
    0.04610
   -0.05641
   -0.10674
    0.07274
   -0.10181
    0.05687
   -0.03444
    0.00676
   -0.10318
    0.18175
   -0.06232
    0.08829
   -0.04405
   -0.04364
   -0.23150
    0.01098
    0.08009
   -0.00690
   -0.07888
    0.06803
   -0.08280
    0.04728
   -0.04991
   -0.00541
    0.00206
    0.04535
   -0.12270
    0.11997
   -0.11800
    0.04175
   -0.02220
   -0.01588
   -0.01498
    0.08528
    0.20031
   -0.00992
   -0.21841
    0.10937
   -0.03782
   -0.04723
   -0.04571
    0.21521
    0.10970
   -0.04403
   -0.12283
    0.12148
   -0.08631
   -0.00552
   -0.08785
    0.14847
   -0.07137
    0.01749
    0.01506
    0.01576
   -0.11492
    0.01711
    0.06367
   -0.02956
   -0.01329
    0.04922
   -0.06523
   -0.00694
   -0.06946
   -0.00936
    0.06060
   -0.05830
   -0.07182
   -0.07367
   -0.02664
    0.16858
    0.04092
   -0.07200
   -0.11806
    0.21274
    0.12420
   -0.06522
   -0.04794
    0.07167
   -0.13770
    0.00837
    0.01847
    0.06546
   -0.11434
   -0.07420
    0.05364
    0.09942
   -0.04385
   -0.06972
   -0.00258
    0.10296
    0.02034
    0.02745
   -0.08337
    0.01607
    0.08908
   -0.00407
   -0.01081
   -0.02752
    0.00807
   -0.03157
   -0.10522
    0.30163
    0.12262
   -0.11895
   -0.07756
    0.25914
    0.04802
   -0.06495
    0.02440
    0.13941
    0.21476
   -0.08758
   -0.00567
    0.29054
   -0.06462
    0.05226
   -0.09137
    0.11689
   -0.09683
    0.02785
   -0.08889
    0.23491
    0.00234
    0.01885
   -0.08145
    0.03896
    0.19529
   -0.08269
    0.06593
    0.07114
    0.04507
   -0.01690
   -0.10915
    0.17948
    0.01723
   -0.12570
   -0.04801
    0.22068
    0.06513
   -0.03171
   -0.02678
    0.06688
   -0.02908
   -0.06004
    0.07239
    0.12691
    0.23485
   -0.16817
    0.15194
    0.23374
    0.05504
   -0.05647
   -0.05716
    0.21926
   -0.00753
    0.03117
   -0.12133
    0.09664
    0.24525
   -0.11434
    0.03476
    0.23714
    0.06900
   -0.00209
   -0.10127
    0.26828
    0.06581
   -0.01487
   -0.09793
    0.26668
    0.08331
   -0.01199
   -0.10172
    0.16894
    0.12740
   -0.03399
   -0.04351
    0.24335
    0.01929
    0.06404
   -0.09718
    0.11162
    0.01503
    0.00130
   -0.10643
    0.29616
    0.06699
    0.02435
   -0.04859
   -0.07554
    0.27970
   -0.04880
   -0.03326
    0.14580
   -0.06178
    0.01332
   -0.01281
    0.02095
   -0.02919
   -0.04646
   -0.08914
    0.25616
   -0.04366
   -0.01274
    0.00210
    0.09645
   -0.12457
    0.00458
   -0.02939
    0.13686
    0.23757
   -0.07071
   -0.05824
    0.30109
   -0.00663
   -0.04981
   -0.05025
    0.24111
    0.08822
   -0.02928
   -0.04868
    0.08121
    0.25187
   -0.06039
   -0.02715
    0.26442
   -0.01161
    0.03882
   -0.01000
   -0.01908
   -0.13007
    0.02553
   -0.03579
    0.15639
   -0.03032
   -0.05805
   -0.00756
    0.18261
   -0.02215
   -0.00622
   -0.04405
    0.07422
   -0.13495
    0.10978
   -0.01471
   -0.00805
   -0.13670
    0.00548
    0.05785
   -0.00059
   -0.05692
    0.06933
   -0.08753
    0.02403
   -0.08643
   -0.01747
    0.09164
   -0.08250
   -0.04849
    0.01470
   -0.05720
    0.08990
   -0.01762
   -0.12474
    0.00904
    0.13471
    0.00246
   -0.00293
   -0.02645
    0.03209
   -0.28759
    0.01904
    0.08152
    0.02078
    0.00079
   -0.05804
    0.01248
    0.08783
   -0.06741
   -0.05570
   -0.00446
    0.12041
   -0.05636
    0.09038
   -0.14240
   -0.00015
   -0.00439
   -0.01843
   -0.00442
    0.05809
