IntronPotTab 1 1024 -2.46978 0.81511 4.99512 16693 6 16   68.87
   -0.02228
    0.05366
   -0.08668
    0.10660
   -0.01656
   -0.00207
   -0.09108
    0.12540
   -0.04007
    0.04705
   -0.01786
   -0.00013
   -0.00034
   -0.07737
    0.01232
    0.05865
   -0.03921
    0.05025
   -0.12620
    0.11809
   -0.04902
    0.03690
   -0.07621
    0.06772
   -0.04239
    0.04353
   -0.07944
    0.06380
    0.00839
   -0.10635
    0.11026
   -0.02938
   -0.00064
    0.01877
   -0.03737
    0.03013
   -0.03443
   -0.06582
   -0.09615
    0.16034
   -0.00386
   -0.00157
    0.04600
   -0.04744
   -0.01008
   -0.07496
    0.02532
    0.06556
    0.00883
    0.00560
   -0.10823
    0.06141
   -0.01713
    0.01275
   -0.08148
    0.08307
   -0.00588
    0.07008
   -0.08903
   -0.00824
   -0.00946
   -0.03415
   -0.01564
    0.05799
    0.04113
   -0.02996
   -0.09450
    0.11610
    0.00738
   -0.07610
   -0.07559
    0.13902
    0.06430
   -0.04855
   -0.03860
    0.05873
   -0.01864
   -0.09004
    0.01486
    0.09592
   -0.01688
    0.01909
   -0.14720
    0.12510
   -0.07550
    0.08806
   -0.13634
    0.09903
   -0.02125
   -0.01630
   -0.06214
    0.09751
    0.02618
   -0.06003
   -0.03319
    0.08071
    0.09054
   -0.07538
   -0.05396
    0.05728
    0.00952
   -0.11320
   -0.09415
    0.15050
    0.04983
   -0.07756
   -0.01336
    0.07532
   -0.04426
   -0.11602
    0.04671
    0.11453
    0.33223
   -0.13984
   -0.13091
   -0.02752
    0.05540
   -0.02696
   -0.14039
    0.11039
    0.40466
   -0.20834
   -0.29786
   -0.11120
    0.19451
   -0.03145
   -0.06839
    0.04157
    0.04567
    0.02701
   -0.10204
    0.08894
   -0.00474
   -0.00382
   -0.14630
    0.17296
    0.02252
    0.00808
   -0.04531
    0.01790
    0.09067
   -0.08669
   -0.04059
    0.11893
    0.00341
    0.02831
   -0.12266
    0.13070
   -0.02784
    0.02857
   -0.10364
    0.10632
    0.02240
   -0.00858
   -0.07763
    0.06861
    0.13655
   -0.13585
    0.06773
   -0.02500
    0.06593
   -0.01447
   -0.06136
    0.01992
    0.01275
   -0.07671
   -0.14281
    0.18633
   -0.00107
   -0.02878
    0.04247
   -0.00228
   -0.00627
   -0.04990
   -0.03096
    0.11899
    0.00926
   -0.03697
   -0.05693
    0.09699
   -0.00244
   -0.01808
   -0.10736
    0.13337
   -0.01224
    0.01877
   -0.06362
    0.05603
    0.08359
   -0.06467
   -0.02615
    0.08155
   -0.02028
    0.07611
   -0.06182
    0.01055
   -0.05758
   -0.02010
   -0.11106
    0.17441
   -0.03046
    0.01981
   -0.00001
    0.00598
   -0.08527
   -0.03616
   -0.02659
    0.12544
   -0.03258
    0.07942
   -0.13371
    0.06764
   -0.06611
    0.09207
   -0.09672
    0.06488
   -0.04830
    0.04607
   -0.06903
    0.04793
    0.02874
   -0.03856
    0.01590
    0.01005
    0.01927
    0.04006
   -0.11648
    0.04592
   -0.02869
   -0.12359
   -0.10102
    0.17231
    0.03211
   -0.02076
   -0.03759
    0.02574
   -0.16077
   -0.05453
    0.05668
    0.10255
    0.02198
   -0.04638
   -0.04214
    0.06299
   -0.01031
    0.01249
   -0.10884
    0.09755
    0.08365
    0.00395
   -0.09799
   -0.02145
    0.05504
    0.01377
   -0.07189
    0.04278
   -0.03667
    0.07848
   -0.09495
    0.10400
   -0.10620
    0.04240
   -0.06287
    0.14929
   -0.05938
    0.02515
   -0.04251
    0.08078
   -0.05966
    0.00600
   -0.05516
    0.11453
   -0.03205
    0.05986
   -0.15196
    0.10400
   -0.10039
    0.10140
   -0.10603
    0.10085
   -0.04900
    0.03059
   -0.05062
    0.05282
   -0.04135
   -0.03780
    0.02035
    0.03036
    0.01990
   -0.00169
   -0.02291
    0.00825
   -0.07786
    0.01033
   -0.07774
    0.14649
   -0.00529
    0.00966
    0.01832
   -0.02723
   -0.00233
   -0.01965
   -0.01956
    0.06199
   -0.04891
    0.01673
   -0.15541
    0.10141
   -0.07783
    0.04801
   -0.08365
    0.11047
   -0.04837
    0.07365
   -0.09756
    0.02519
   -0.03653
   -0.01094
   -0.07323
    0.10756
    0.00853
    0.01127
   -0.09932
    0.11871
   -0.00434
   -0.07561
   -0.06154
    0.13590
    0.02668
   -0.05371
    0.00247
    0.06896
   -0.00478
   -0.09435
    0.00050
    0.13066
   -0.01512
    0.05046
   -0.16352
    0.09876
   -0.14177
    0.10027
   -0.16640
    0.13219
   -0.02672
   -0.00347
   -0.08818
    0.09986
   -0.04252
   -0.00102
   -0.08687
    0.07828
    0.04672
   -0.01190
   -0.10520
    0.09307
   -0.00321
   -0.11774
   -0.04226
    0.13570
   -0.00108
   -0.03444
    0.02992
    0.03322
   -0.00541
   -0.08150
    0.03452
    0.08042
    0.07542
   -0.01805
   -0.10506
    0.04942
   -0.01811
    0.00921
   -0.14507
    0.14076
    0.17423
   -0.06539
   -0.12413
    0.04921
    0.08795
   -0.03846
   -0.10818
    0.13232
    0.04079
   -0.00374
   -0.10506
    0.10739
   -0.02125
    0.00670
   -0.13358
    0.18080
    0.02342
   -0.00567
   -0.07329
    0.07856
    0.03130
   -0.01928
   -0.06725
    0.13937
   -0.04390
    0.05130
   -0.13514
    0.13531
   -0.06128
    0.09145
   -0.12399
    0.11629
   -0.00767
    0.00666
   -0.09921
    0.08543
    0.04498
   -0.06971
    0.01505
    0.03554
    0.01096
   -0.01597
   -0.05617
    0.06763
   -0.07056
    0.01514
   -0.14097
    0.20432
    0.01343
   -0.00398
   -0.00612
   -0.00254
   -0.00528
    0.00187
   -0.08242
    0.14669
    0.00036
   -0.00838
   -0.12481
    0.11897
   -0.07240
    0.02486
   -0.11100
    0.16202
   -0.05930
    0.03440
   -0.06795
    0.06147
    0.02882
   -0.01835
   -0.06575
    0.11157
   -0.12796
    0.18275
   -0.26921
    0.07174
   -0.03686
   -0.02980
   -0.08238
    0.13049
   -0.00618
   -0.00734
    0.01192
    0.00888
    0.00847
   -0.03477
   -0.05025
    0.09391
   -0.11804
    0.12462
   -0.22626
    0.11024
   -0.08034
    0.13208
   -0.13071
    0.04046
   -0.07237
    0.05535
   -0.08075
    0.06399
   -0.03629
    0.00759
   -0.04235
    0.04098
   -0.18650
    0.26363
   -0.41297
    0.00859
   -0.05132
   -0.00862
   -0.05998
    0.08709
    0.01130
    0.00078
   -0.01441
   -0.00188
   -0.07058
   -0.01880
   -0.00430
    0.06669
   -0.10828
    0.08998
   -0.21966
    0.06973
   -0.03625
    0.03466
   -0.08697
    0.06575
   -0.05115
    0.04444
   -0.06916
    0.04789
    0.00956
    0.03092
   -0.09575
    0.07370
   -0.04980
    0.07590
   -0.08267
    0.10891
   -0.01943
    0.03048
   -0.08129
    0.09679
   -0.06601
    0.02333
    0.00227
    0.06742
    0.01303
   -0.02847
   -0.01980
    0.05838
   -0.05626
    0.09327
   -0.12629
    0.07935
   -0.04485
    0.07468
   -0.06523
    0.04266
   -0.10234
    0.09914
   -0.08912
    0.07784
   -0.00682
   -0.04428
    0.06388
   -0.03755
   -0.01762
    0.00717
   -0.00742
    0.02258
   -0.04044
   -0.00413
   -0.08350
    0.12111
   -0.07549
    0.05692
    0.05485
   -0.03990
   -0.04349
   -0.03061
   -0.00142
    0.07136
   -0.06272
    0.03726
   -0.10848
    0.07969
    0.01059
   -0.00578
   -0.05060
    0.05329
   -0.07443
    0.06118
   -0.04643
    0.05455
    0.01495
   -0.04744
   -0.02230
    0.07866
    0.01495
    0.00366
   -0.09150
    0.12062
    0.02598
   -0.08530
   -0.05095
    0.11353
    0.02528
   -0.04797
   -0.00408
    0.08154
    0.06240
   -0.09473
    0.01415
    0.07334
   -0.05883
    0.07275
   -0.11155
    0.09330
   -0.08912
    0.07332
   -0.10912
    0.11412
   -0.01708
   -0.01344
   -0.07420
    0.10591
    0.03835
   -0.04196
   -0.03345
    0.06139
    0.04923
   -0.03461
   -0.05099
    0.05472
   -0.00242
   -0.08220
   -0.07930
    0.12884
    0.03756
   -0.04411
    0.00164
    0.03367
    0.00222
   -0.10474
    0.03019
    0.09805
    0.34869
   -0.15104
   -0.15829
   -0.05361
    0.13394
   -0.05414
   -0.14861
    0.06696
    0.41746
   -0.26412
   -0.24671
   -0.13718
    0.24022
   -0.07214
   -0.05894
    0.06585
    0.03758
   -0.00469
   -0.07385
    0.09444
   -0.04811
    0.00278
   -0.10846
    0.19196
   -0.03263
    0.02493
   -0.04798
    0.09751
    0.03063
   -0.05079
   -0.04135
    0.13043
   -0.03538
    0.01841
   -0.09214
    0.12363
   -0.02170
    0.02619
   -0.09859
    0.10483
   -0.03360
    0.02649
   -0.06285
    0.07691
    0.05061
   -0.05948
    0.04227
   -0.02638
    0.03061
   -0.00160
   -0.05638
    0.03504
   -0.04277
   -0.03308
   -0.09445
    0.16174
   -0.02858
    0.00926
    0.00931
    0.01364
   -0.07685
   -0.03736
    0.00639
    0.08359
   -0.01454
   -0.04015
   -0.04543
    0.09835
   -0.01936
   -0.01765
   -0.10688
    0.15567
   -0.05859
    0.04163
   -0.06329
    0.07427
   -0.00107
   -0.00880
   -0.05238
    0.09740
   -0.00098
    0.09280
   -0.14775
    0.06405
   -0.04722
    0.02714
   -0.15911
    0.16700
   -0.03027
    0.04453
   -0.01627
   -0.02167
   -0.00835
   -0.02657
   -0.03123
    0.07923
   -0.06678
    0.11426
   -0.11125
    0.05866
   -0.05833
    0.07239
   -0.08478
    0.07307
   -0.06890
    0.06941
   -0.06941
    0.04013
    0.02081
   -0.01558
   -0.00051
    0.00789
    0.03180
    0.07071
   -0.21920
    0.10015
   -0.00055
   -0.09452
   -0.11852
    0.14999
   -0.00713
    0.03310
   -0.04891
    0.00388
   -0.07415
   -0.04897
    0.01891
    0.08117
    0.06154
    0.01751
   -0.15679
    0.05540
   -0.03794
    0.01988
   -0.08203
    0.09320
    0.04413
    0.01941
   -0.07424
   -0.01132
    0.02641
    0.02748
   -0.08899
    0.07578
   -0.02984
    0.09708
   -0.12413
    0.09324
    0.00689
   -0.01473
   -0.07981
    0.09747
    0.00948
    0.03640
   -0.06436
    0.00182
   -0.00764
   -0.03228
   -0.03430
    0.09358
   -0.01728
    0.04538
   -0.10375
    0.05761
   -0.09891
    0.08417
   -0.10224
    0.09373
   -0.03534
    0.04265
   -0.06119
    0.03407
   -0.03354
   -0.06760
    0.08325
   -0.01797
    0.02736
   -0.00596
   -0.00698
   -0.01503
   -0.05178
   -0.02575
   -0.11621
    0.17186
    0.05304
    0.00635
   -0.01572
   -0.06325
   -0.03064
   -0.02554
    0.00518
    0.05439
   -0.02310
    0.04746
   -0.14289
    0.04511
   -0.08685
   -0.01080
   -0.08615
    0.15773
   -0.00035
    0.07427
   -0.09454
   -0.03101
   -0.06658
   -0.01429
   -0.01177
    0.05550
    0.04156
   -0.00381
   -0.12156
    0.12084
    0.02191
   -0.10262
   -0.08201
    0.15517
    0.07812
   -0.08064
    0.01328
    0.05482
    0.06068
   -0.12937
    0.01881
    0.14445
   -0.01309
    0.06504
   -0.20702
    0.11301
   -0.09592
    0.05912
   -0.12538
    0.10866
   -0.03101
   -0.00210
   -0.07331
    0.09294
    0.11170
   -0.10455
   -0.00446
    0.08296
    0.08085
   -0.07034
   -0.08110
    0.08542
   -0.00954
   -0.11926
   -0.09992
    0.17155
    0.05965
   -0.08033
   -0.00581
    0.07879
   -0.02329
   -0.14591
    0.06582
    0.15334
    0.20515
   -0.10681
   -0.11123
    0.06683
    0.02631
   -0.03495
   -0.16272
    0.15307
    0.27647
   -0.11940
   -0.18927
    0.03373
    0.19196
   -0.07576
   -0.07276
    0.11314
    0.03920
    0.06496
   -0.14768
    0.08605
    0.05885
   -0.00034
   -0.13460
    0.10372
    0.07028
    0.00855
   -0.05720
   -0.04124
    0.04467
   -0.00506
   -0.09193
    0.14247
   -0.00923
    0.04094
   -0.17905
    0.15061
   -0.04655
    0.05720
   -0.15702
    0.14910
    0.01187
   -0.00050
   -0.08127
    0.06603
    0.06806
   -0.05875
    0.00135
    0.03184
    0.03371
   -0.02023
   -0.07893
    0.06785
   -0.01389
   -0.01059
   -0.16162
    0.17682
   -0.01217
    0.02287
   -0.02272
    0.00017
    0.01239
   -0.02863
   -0.06959
    0.13700
    0.01756
   -0.00141
   -0.11022
    0.08146
   -0.01108
   -0.03072
   -0.12622
    0.17740
   -0.04033
    0.02182
   -0.06837
    0.07230
    0.01171
    0.00084
   -0.09543
    0.13958
    0.01493
    0.07282
   -0.16718
    0.06438
   -0.01762
   -0.05848
   -0.10593
    0.15809
    0.04331
   -0.02218
    0.00109
   -0.01791
   -0.02439
   -0.07550
   -0.00564
    0.10082
   -0.04408
    0.08238
   -0.13126
    0.07009
   -0.09406
    0.08885
   -0.14369
    0.09883
   -0.07153
    0.06064
   -0.07185
    0.05275
    0.01720
   -0.01611
    0.00627
    0.00438
   -0.00279
    0.11142
   -0.18357
    0.02935
   -0.00548
   -0.09084
   -0.12364
    0.15213
    0.01096
   -0.01396
   -0.01359
    0.02240
   -0.11903
   -0.02961
    0.03507
    0.06521
    0.01321
    0.01666
   -0.13809
    0.06125
   -0.03519
    0.00980
   -0.11988
    0.10832
   -0.00997
    0.04040
   -0.09228
    0.03883
    0.02771
    0.01037
   -0.07499
    0.06332
