IntronPotTab 1 1024 -18.28764 0.71836 20.68810 31879 6 16   69.66
   -0.01868
   -0.05251
   -0.07937
    0.06271
    0.06576
   -0.09063
   -0.06385
   -0.00928
   -0.02291
   -0.00126
   -0.00497
    0.02468
    0.10633
   -0.24597
   -0.12315
    0.02158
    0.01368
    0.04614
   -0.04433
   -0.02504
    0.04342
    0.05931
   -0.04528
   -0.07761
   -0.01260
    0.06615
    0.03088
   -0.05115
    0.23871
   -0.21121
   -0.13449
   -0.09068
   -0.01465
   -0.04558
    0.02049
    0.02308
    0.10659
   -0.06140
   -0.00809
   -0.08135
    0.01919
    0.00866
    0.10344
   -0.11401
    0.16799
   -0.27501
   -0.02317
   -0.06703
   -0.03397
    0.00922
    0.11061
   -0.01795
    0.05024
   -0.05470
   -0.03278
   -0.01336
   -0.01671
   -0.01658
    0.04212
   -0.00393
    0.15730
   -0.23395
   -0.15595
   -0.03345
   -0.05843
    0.00599
   -0.17963
    0.13393
    0.11038
   -0.17105
   -0.20013
   -0.01592
   -0.07297
   -0.00255
   -0.28015
    0.16242
    0.14253
   -0.26253
   -0.18001
    0.03005
   -0.01860
    0.00770
   -0.12327
    0.10673
   -0.09278
    0.22906
   -0.19886
    0.00914
   -0.02399
    0.03200
   -0.06859
    0.04011
    0.26793
   -0.11386
   -0.28564
   -0.00842
   -0.04069
   -0.03053
    0.02604
    0.04660
    0.09675
   -0.04916
   -0.08820
   -0.03462
   -0.01948
   -0.03119
   -0.01705
    0.05669
    0.20075
   -0.22589
   -0.08480
   -0.02904
   -0.07724
   -0.06668
    0.04464
    0.08543
    0.10474
   -0.08138
   -0.27891
    0.03709
   -0.03387
   -0.01883
   -0.07440
    0.09039
    0.29699
   -0.31980
   -0.26318
   -0.01596
    0.03805
   -0.12421
   -0.03385
    0.04225
    0.08905
   -0.10225
   -0.08120
    0.01873
   -0.05518
   -0.12497
    0.05053
    0.05873
    0.23796
   -0.36149
   -0.14622
   -0.10479
    0.03973
   -0.02757
   -0.00721
   -0.01554
    0.03599
    0.01660
   -0.10908
   -0.00113
    0.01332
   -0.01897
    0.05631
   -0.04181
    0.37611
   -0.08357
   -0.24829
   -0.20107
    0.01691
   -0.05925
    0.01817
   -0.01001
    0.08312
   -0.04928
   -0.04706
   -0.02072
    0.05409
   -0.12436
    0.12688
   -0.09851
    0.22675
   -0.25771
   -0.03882
   -0.15436
   -0.04669
   -0.13978
    0.17128
   -0.01265
    0.14937
   -0.13256
   -0.12160
   -0.04103
   -0.04546
   -0.10751
    0.02994
    0.05846
    0.34717
   -0.46541
   -0.23585
   -0.22130
   -0.05149
    0.02467
   -0.05861
    0.05654
   -0.02882
    0.04049
   -0.16599
    0.04541
   -0.09983
    0.02351
   -0.22217
    0.11639
    0.11696
   -0.24340
   -0.14519
   -0.00485
   -0.00367
    0.05990
   -0.09919
    0.02486
    0.00467
    0.13209
   -0.14707
   -0.04239
   -0.03446
    0.06184
    0.00636
   -0.01425
    0.21313
   -0.14632
   -0.17110
   -0.05042
   -0.07332
   -0.00876
   -0.00058
    0.07859
    0.08201
   -0.01972
   -0.14521
   -0.01406
   -0.04655
    0.02491
   -0.06849
    0.07045
    0.10827
   -0.28390
    0.02902
   -0.04554
   -0.05986
    0.00609
    0.07328
    0.02029
    0.07859
   -0.06964
   -0.16518
    0.00311
   -0.00938
   -0.02984
   -0.00581
    0.02338
    0.16035
   -0.20250
   -0.20657
   -0.01916
    0.00413
   -0.06203
   -0.15681
    0.08018
    0.03734
   -0.01265
   -0.08618
   -0.00120
   -0.03990
    0.10186
   -0.05749
    0.01971
    0.06320
   -0.21014
   -0.12794
    0.05948
   -0.11558
    0.11364
   -0.13076
    0.06851
   -0.00892
    0.08074
    0.00647
   -0.03433
    0.00748
    0.06042
    0.04423
   -0.06796
    0.21019
   -0.17123
   -0.20914
   -0.01213
   -0.07579
   -0.02250
   -0.06733
    0.13102
    0.10609
   -0.04927
   -0.13463
   -0.04515
   -0.00633
    0.03996
    0.15696
   -0.12362
    0.07289
   -0.23095
   -0.17942
    0.10217
   -0.02655
   -0.03046
    0.05543
    0.01518
    0.00320
    0.01385
   -0.10618
    0.03059
    0.00218
   -0.04228
    0.03851
   -0.01465
    0.08641
   -0.14534
   -0.15087
    0.03753
   -0.05802
   -0.01711
   -0.09202
    0.12272
    0.01838
   -0.09592
   -0.13414
    0.08013
   -0.04958
   -0.06684
   -0.13451
    0.14560
    0.14162
   -0.28266
   -0.19365
    0.06656
   -0.03941
    0.05553
   -0.09478
    0.08163
   -0.11702
   -0.07025
   -0.08507
    0.11455
    0.10360
   -0.02311
    0.02076
   -0.13263
    0.19579
   -0.14098
   -0.39703
    0.07893
   -0.07653
   -0.00162
   -0.06067
    0.12400
    0.05500
   -0.09860
   -0.10133
    0.06231
   -0.00872
   -0.14875
    0.16338
   -0.04193
    0.14293
   -0.29284
   -0.09689
    0.05003
   -0.03480
   -0.11304
    0.09947
    0.05159
   -0.02509
   -0.13556
   -0.25099
    0.19043
    0.03172
   -0.08413
   -0.05032
    0.04981
    0.33861
   -0.38148
   -0.30483
   -0.03770
   -0.01794
   -0.10582
   -0.03828
    0.11865
    0.04700
   -0.04246
   -0.04729
    0.01397
   -0.02825
   -0.03489
   -0.02267
    0.05179
    0.04798
   -0.03300
   -0.07273
    0.01645
    0.00437
    0.00657
   -0.09080
    0.09601
    0.05177
    0.03600
   -0.09012
   -0.03085
    0.05392
    0.04773
    0.00585
   -0.09538
    0.27232
   -0.21966
   -0.12825
    0.01846
   -0.01571
   -0.09090
   -0.00482
    0.07477
    0.06922
    0.01041
   -0.06612
   -0.04211
   -0.08719
    0.03376
    0.29275
   -0.22933
    0.09616
   -0.24829
    0.01717
   -0.01729
    0.08479
   -0.20455
   -0.02628
    0.05276
    0.09301
   -0.17172
   -0.05561
    0.03164
   -0.01875
   -0.07845
   -0.10139
    0.11248
    0.18826
   -0.27191
   -0.08448
    0.00455
   -0.10201
    0.03999
   -0.18872
    0.13106
   -0.09965
    0.03048
   -0.28029
    0.12642
   -0.07222
   -0.08141
   -0.17426
    0.13536
    0.07111
   -0.21449
   -0.24485
    0.08803
   -0.04595
    0.06549
   -0.07901
    0.07420
   -0.07658
    0.24136
   -0.12022
   -0.04784
   -0.01463
   -0.01882
    0.15156
   -0.07939
    0.23297
   -0.10771
   -0.24125
   -0.03393
   -0.06647
   -0.00302
   -0.05712
    0.10733
    0.00240
   -0.00627
   -0.15534
    0.05635
   -0.08072
   -0.00980
    0.04415
    0.05698
    0.06831
   -0.21302
   -0.07846
    0.04835
   -0.00799
   -0.04629
    0.08563
   -0.01231
    0.01217
    0.00132
   -0.14423
    0.03885
   -0.01692
    0.02554
    0.00104
    0.00557
    0.16263
   -0.17493
   -0.22101
    0.01147
    0.01768
   -0.06622
   -0.01580
    0.02050
    0.06719
   -0.07171
    0.00888
   -0.04718
    0.02019
   -0.01631
    0.00585
   -0.02618
    0.11837
   -0.19603
   -0.06347
    0.00768
    0.01286
   -0.00805
    0.03335
   -0.03885
    0.05539
    0.00339
    0.09066
   -0.11001
    0.02419
    0.02666
    0.05655
   -0.10852
    0.23749
   -0.18446
   -0.06534
   -0.08449
   -0.02287
   -0.03957
    0.06209
    0.00053
    0.01920
   -0.13432
   -0.02721
    0.06289
    0.01619
   -0.05385
    0.16864
   -0.14473
    0.15411
   -0.24783
   -0.04912
   -0.02727
   -0.05523
   -0.05063
    0.14962
    0.00470
    0.09317
   -0.07291
   -0.07622
   -0.04644
   -0.02120
    0.06053
    0.01399
   -0.01157
    0.17867
   -0.17830
   -0.00966
   -0.04865
   -0.10500
    0.08153
   -0.08827
    0.09822
    0.10602
   -0.04429
   -0.06149
   -0.06179
   -0.04240
    0.05628
   -0.21201
    0.09756
    0.13172
   -0.20001
   -0.13723
    0.03276
   -0.02448
    0.05213
   -0.07177
    0.04722
   -0.01941
    0.07810
   -0.02541
   -0.00782
   -0.02136
    0.04756
    0.02406
   -0.03058
    0.25368
   -0.23404
   -0.22638
    0.05952
    0.03937
    0.07436
   -0.05592
   -0.06056
    0.11964
   -0.02394
   -0.03965
   -0.08382
    0.03337
    0.00672
   -0.01166
   -0.04439
    0.18945
   -0.18404
   -0.02687
   -0.03511
   -0.09092
   -0.03985
    0.08587
    0.06684
   -0.02377
    0.13023
   -0.23999
   -0.02933
   -0.01084
   -0.02525
   -0.04417
    0.06381
    0.23847
   -0.33954
    0.01578
   -0.03770
    0.04529
   -0.09523
   -0.01871
    0.01472
    0.05331
   -0.07865
   -0.03900
    0.02179
   -0.05634
    0.11359
   -0.04063
   -0.00021
    0.11651
   -0.21897
   -0.03700
   -0.00497
   -0.01885
   -0.02207
    0.03524
    0.00552
    0.04790
   -0.01877
   -0.05321
   -0.01807
    0.01211
   -0.00194
    0.06083
   -0.06186
    0.23282
   -0.18925
   -0.15982
    0.03673
   -0.11064
   -0.01795
    0.15095
   -0.02200
   -0.01876
   -0.03199
   -0.02368
    0.05072
   -0.09948
   -0.04469
    0.00383
    0.11162
    0.17363
   -0.20108
   -0.04234
   -0.06472
   -0.05904
   -0.13937
    0.21428
   -0.00359
    0.05907
   -0.06855
   -0.10869
    0.03902
   -0.04179
    0.03308
    0.00644
    0.01617
    0.21163
   -0.20949
   -0.03267
   -0.08973
   -0.01374
    0.03346
   -0.16139
    0.05585
   -0.00573
   -0.04675
   -0.15611
    0.08168
   -0.11819
    0.03082
   -0.33474
    0.13660
    0.11931
   -0.31906
   -0.12351
    0.02763
   -0.03243
    0.06167
   -0.07752
    0.05185
   -0.03885
    0.17710
   -0.06303
   -0.04615
   -0.01952
    0.06655
    0.06120
   -0.05146
    0.21903
   -0.25071
   -0.15789
    0.01974
   -0.04369
    0.00727
   -0.08019
    0.08166
    0.08203
   -0.03705
   -0.17416
    0.01193
   -0.04980
    0.01935
   -0.08368
    0.07080
    0.07547
   -0.22563
    0.02444
   -0.03472
   -0.06029
   -0.02972
    0.00390
    0.07351
    0.04568
   -0.02692
   -0.10213
    0.00752
   -0.01153
   -0.00842
   -0.00292
    0.01774
    0.15490
   -0.23388
   -0.12535
   -0.00446
   -0.04235
   -0.02771
   -0.20483
    0.10388
    0.00221
   -0.02540
   -0.15538
    0.05586
   -0.07106
   -0.00505
   -0.12287
    0.11931
    0.02275
   -0.19373
   -0.19300
    0.08610
   -0.10402
    0.16172
   -0.13335
    0.01126
   -0.04461
    0.20310
   -0.15554
   -0.04455
   -0.09096
    0.07472
    0.10923
   -0.03436
    0.14894
   -0.10300
   -0.17234
   -0.02399
   -0.12330
   -0.02395
   -0.11364
    0.17060
   -0.05135
    0.00837
   -0.24400
    0.11133
   -0.12460
    0.05200
   -0.04417
    0.10036
   -0.00969
   -0.17935
   -0.24709
    0.15049
   -0.10977
    0.07536
    0.00050
    0.04422
   -0.02644
    0.03812
   -0.18370
    0.06850
   -0.06384
    0.05681
   -0.05629
    0.05687
    0.01908
   -0.13177
   -0.13767
    0.06896
   -0.04317
    0.01008
   -0.19029
    0.12629
    0.07485
   -0.10603
   -0.14444
    0.03395
   -0.05458
   -0.03736
   -0.24860
    0.18148
    0.12594
   -0.23122
   -0.14709
    0.06870
   -0.02760
    0.06235
   -0.14605
    0.08071
   -0.13709
    0.13240
   -0.23844
    0.11594
   -0.09005
   -0.05108
    0.09582
    0.04440
    0.29241
   -0.18242
   -0.22539
    0.01420
   -0.02769
   -0.01175
   -0.10933
    0.11654
    0.10902
   -0.05175
   -0.17168
   -0.03823
   -0.03233
   -0.03735
    0.03157
    0.04627
    0.16061
   -0.25782
   -0.04530
    0.04164
   -0.04871
   -0.04611
    0.02539
    0.06441
    0.04759
   -0.07270
   -0.17302
    0.07154
   -0.02190
   -0.09620
   -0.05506
    0.11406
    0.30678
   -0.33048
   -0.19447
    0.02066
    0.00114
   -0.07666
   -0.10592
    0.10772
    0.04105
   -0.02897
   -0.13607
    0.05171
   -0.02839
   -0.05255
   -0.10622
    0.10644
    0.11519
   -0.27852
   -0.08614
    0.02302
    0.01360
    0.04294
   -0.09515
    0.03497
    0.05938
   -0.02318
   -0.08924
   -0.02274
   -0.08022
    0.00659
    0.03328
    0.05366
    0.27860
   -0.26267
   -0.14349
   -0.00627
   -0.00112
   -0.06991
   -0.06953
    0.08856
    0.10033
   -0.06917
   -0.06228
   -0.05074
   -0.00609
    0.03305
   -0.06970
    0.01487
    0.12921
   -0.24363
   -0.09029
    0.01630
   -0.02233
   -0.08892
   -0.01707
    0.07366
    0.05927
   -0.13285
   -0.10542
    0.08242
   -0.08447
   -0.10206
   -0.12789
    0.11557
    0.19128
   -0.30150
   -0.09194
   -0.02453
   -0.09576
    0.05886
   -0.07055
    0.08157
   -0.00020
   -0.02577
   -0.15632
    0.05533
   -0.12029
    0.02542
   -0.22391
    0.15107
    0.04933
   -0.21116
   -0.12374
    0.06530
   -0.03559
    0.14216
   -0.17122
    0.04103
    0.01673
    0.07097
   -0.20641
   -0.00044
    0.01380
    0.03693
   -0.08233
    0.01350
    0.21434
   -0.12246
   -0.17654
   -0.03840
   -0.07657
    0.04214
   -0.12544
    0.11375
    0.06428
   -0.04155
   -0.21680
    0.04391
   -0.09559
    0.04005
   -0.15452
    0.12530
    0.04703
   -0.18695
   -0.03809
    0.03672
   -0.09049
    0.11351
   -0.03470
    0.03116
    0.02934
    0.00015
   -0.17593
    0.01900
   -0.03922
    0.00357
   -0.03253
    0.05481
    0.12070
   -0.19092
   -0.15905
    0.01238
