IntronPotTab 1 1024 0.19749
   -0.00311
   -0.02659
   -0.01689
    0.01996
   -0.01483
    0.01143
   -0.09614
    0.03587
   -0.02037
   -0.01186
   -0.01007
    0.03426
   -0.01805
   -0.01037
   -0.00734
    0.02464
   -0.00281
   -0.03101
   -0.01845
    0.02767
    0.00493
   -0.03180
   -0.09646
    0.03702
   -0.00041
   -0.02080
   -0.03844
    0.03236
   -0.00763
   -0.03559
   -0.00298
    0.02439
    0.00014
   -0.01812
   -0.02499
    0.02738
   -0.00546
   -0.01235
   -0.09159
    0.03778
   -0.00858
   -0.01113
   -0.01553
    0.03027
   -0.01191
   -0.03873
   -0.01345
    0.03296
   -0.01036
   -0.02876
    0.00335
    0.02125
    0.00221
   -0.02901
   -0.06949
    0.03251
   -0.01463
   -0.00990
   -0.01778
    0.02692
   -0.00932
   -0.01962
   -0.00293
    0.01384
    0.00111
   -0.01920
   -0.03431
    0.02193
   -0.01560
    0.02996
   -0.07656
    0.02840
   -0.02371
    0.00766
   -0.02530
    0.03682
   -0.02055
   -0.01616
   -0.00444
    0.02168
   -0.00090
   -0.03405
   -0.03408
    0.03924
    0.02071
   -0.02523
   -0.08496
    0.02740
    0.01033
   -0.02821
   -0.01115
    0.00946
   -0.01276
   -0.02709
   -0.00922
    0.03084
   -0.00548
    0.00653
   -0.01058
    0.01312
    0.00270
   -0.01267
   -0.00837
    0.01031
   -0.02083
   -0.01295
   -0.01891
    0.04212
   -0.02195
   -0.04382
    0.04992
    0.01406
   -0.01191
   -0.03045
   -0.00788
    0.03293
    0.00774
   -0.01385
   -0.05992
    0.01865
   -0.00677
   -0.02432
   -0.01883
    0.03030
    0.00807
   -0.03153
   -0.00591
    0.01159
    0.00155
   -0.02453
   -0.02721
    0.02715
    0.00043
   -0.00359
   -0.09541
    0.03637
   -0.02043
    0.00770
   -0.00152
    0.02892
   -0.00777
   -0.02001
   -0.02432
    0.02964
   -0.00703
   -0.03734
   -0.02784
    0.04798
    0.00095
   -0.00394
   -0.08135
    0.03376
   -0.00687
    0.00978
   -0.02368
    0.01974
   -0.00685
   -0.00930
   -0.02229
    0.02512
    0.00985
   -0.01436
   -0.02746
    0.01721
   -0.00635
   -0.01660
   -0.08815
    0.04643
   -0.00505
   -0.00993
   -0.02042
    0.03345
   -0.01144
   -0.02739
   -0.00681
    0.02638
   -0.01088
   -0.05004
   -0.00454
    0.03769
    0.00888
   -0.03195
   -0.09097
    0.03845
   -0.00903
   -0.01506
   -0.02864
    0.03641
   -0.00379
   -0.03325
    0.00188
    0.01544
   -0.01322
   -0.01886
   -0.00981
    0.02699
   -0.01898
    0.00098
   -0.09145
    0.04411
   -0.02474
   -0.00184
   -0.01139
    0.03487
   -0.02209
   -0.01210
   -0.00121
    0.02265
   -0.00361
   -0.02826
   -0.01472
    0.02553
    0.00537
   -0.01478
   -0.08098
    0.02485
    0.01672
   -0.04297
   -0.01767
    0.01773
   -0.01629
   -0.01742
   -0.00399
    0.02398
   -0.00144
   -0.01750
   -0.01929
    0.02425
   -0.00907
   -0.00154
   -0.11430
    0.03798
   -0.02533
   -0.01179
    0.00991
    0.03056
   -0.01899
   -0.02377
    0.00552
    0.02515
   -0.00524
   -0.02937
   -0.00905
    0.01919
    0.00653
   -0.02905
   -0.10911
    0.03555
   -0.00595
   -0.01022
   -0.03068
    0.02460
   -0.01326
   -0.03741
    0.00374
    0.02096
    0.00234
   -0.02496
   -0.01865
    0.01591
   -0.01113
    0.00534
   -0.11119
    0.03751
   -0.00690
   -0.01185
   -0.01495
    0.02560
   -0.01761
   -0.01026
   -0.00909
    0.02421
   -0.01025
   -0.02808
   -0.00594
    0.03789
    0.00096
   -0.01972
   -0.06273
    0.03440
   -0.03213
   -0.00675
   -0.02577
    0.05102
   -0.00173
   -0.02556
   -0.01784
    0.02602
    0.00208
   -0.02332
   -0.03393
    0.03189
    0.00436
   -0.01695
   -0.12563
    0.03775
   -0.01545
   -0.00734
   -0.00647
    0.02998
   -0.01766
   -0.01268
   -0.01517
    0.02862
   -0.00172
   -0.02249
    0.01185
    0.00727
   -0.01324
   -0.02831
   -0.06881
    0.04372
   -0.02204
    0.00982
   -0.03982
    0.04306
   -0.00370
   -0.02165
    0.00920
    0.00734
    0.00850
   -0.02801
   -0.02520
    0.02126
   -0.01113
   -0.01915
   -0.05155
    0.03894
   -0.01201
   -0.01371
   -0.00319
    0.02653
   -0.00902
   -0.02556
   -0.00334
    0.02144
    0.00494
   -0.04469
   -0.01505
    0.03819
    0.00619
    0.00056
   -0.11668
    0.02546
   -0.02033
   -0.02751
    0.02822
    0.01703
    0.00113
   -0.02914
   -0.00859
    0.02768
    0.00675
   -0.01630
   -0.01381
    0.01332
    0.00412
   -0.00522
   -0.07463
    0.03079
   -0.03614
    0.00222
    0.00308
    0.03784
    0.00197
   -0.02112
    0.00545
    0.01034
   -0.00419
   -0.03592
    0.00247
    0.02650
    0.01385
   -0.03108
   -0.09022
    0.03592
   -0.00156
   -0.01808
   -0.03461
    0.04177
    0.01035
   -0.04073
   -0.00392
    0.02267
   -0.01356
    0.00099
   -0.01224
    0.02601
    0.01279
    0.01268
   -0.10436
    0.02094
   -0.00734
   -0.00158
   -0.03290
    0.03869
   -0.01385
   -0.01638
    0.00817
    0.01516
   -0.01729
   -0.00603
   -0.02333
    0.04233
   -0.00824
   -0.01629
   -0.01706
    0.03064
   -0.03483
    0.02923
   -0.03233
    0.03870
   -0.02192
   -0.00385
   -0.01300
    0.02640
    0.00199
   -0.01465
   -0.01568
    0.02032
   -0.00475
    0.00160
   -0.05051
    0.02310
    0.01328
   -0.00583
   -0.02815
    0.01137
    0.01384
   -0.00580
   -0.05978
    0.03515
   -0.01937
    0.00214
   -0.00368
    0.02588
   -0.00435
    0.01547
   -0.03383
    0.00682
   -0.03039
    0.02909
   -0.03259
    0.03551
   -0.02728
   -0.00202
    0.01494
    0.01151
   -0.01643
   -0.02203
   -0.01080
    0.03451
   -0.01353
   -0.01640
   -0.10909
    0.04990
   -0.01892
   -0.02238
   -0.00255
    0.03535
   -0.01833
   -0.02732
    0.01498
    0.01882
   -0.00057
   -0.03459
   -0.02304
    0.03271
   -0.01037
    0.00614
   -0.08521
    0.02518
   -0.01115
   -0.00242
   -0.00468
    0.01761
    0.01268
   -0.04205
   -0.00469
    0.03227
   -0.00217
   -0.01662
   -0.00911
    0.01992
    0.00063
   -0.01669
   -0.12263
    0.03948
   -0.02841
    0.00458
   -0.00695
    0.03998
   -0.01445
   -0.02784
   -0.00424
    0.02975
    0.01208
   -0.04416
   -0.01348
    0.01489
    0.01025
   -0.01041
   -0.09945
    0.02004
   -0.00549
   -0.00880
   -0.03599
    0.03248
   -0.00565
   -0.02986
   -0.00766
    0.02147
   -0.00990
   -0.00937
   -0.01012
    0.02114
   -0.00826
    0.01165
   -0.11291
    0.03427
   -0.02287
   -0.00462
   -0.01138
    0.04544
   -0.01524
   -0.01145
   -0.00432
    0.02128
    0.00496
   -0.01789
   -0.03369
    0.02743
    0.01354
   -0.01221
   -0.06676
    0.02506
    0.00662
   -0.01553
   -0.03417
    0.02332
    0.00114
   -0.03510
    0.00415
    0.01634
    0.02048
   -0.00768
   -0.04500
    0.03072
    0.00718
   -0.00875
   -0.08174
    0.02695
   -0.01894
   -0.00254
   -0.01889
    0.04628
   -0.01078
   -0.05123
   -0.01222
    0.04027
   -0.00417
   -0.01516
   -0.01351
    0.01700
    0.01591
   -0.02029
   -0.08462
    0.02256
   -0.00279
    0.00688
   -0.03454
    0.02788
   -0.00090
   -0.03939
   -0.00903
    0.01748
   -0.00030
   -0.01642
   -0.02031
    0.01933
   -0.00427
   -0.00207
   -0.05956
    0.02311
   -0.01410
   -0.01820
   -0.01161
    0.03535
   -0.01513
   -0.03360
    0.01402
    0.01622
    0.00102
   -0.03958
   -0.01286
    0.02658
    0.00412
   -0.01698
   -0.06003
    0.02632
    0.00236
   -0.00490
   -0.01519
    0.01522
   -0.01116
   -0.02522
   -0.01938
    0.03400
   -0.00124
   -0.03290
    0.00323
    0.01725
   -0.00121
   -0.01792
   -0.01713
    0.01948
    0.01327
   -0.01850
    0.00741
   -0.01035
   -0.04275
   -0.02808
    0.07127
   -0.00660
   -0.00004
   -0.03889
   -0.01899
    0.02789
    0.01101
   -0.01885
   -0.11738
    0.03848
   -0.00146
    0.00010
   -0.03285
    0.02539
    0.00375
   -0.04101
   -0.01025
    0.02431
    0.00042
   -0.00381
   -0.01850
    0.01577
    0.00202
   -0.00740
   -0.07690
    0.03330
   -0.00117
   -0.01559
   -0.01836
    0.02830
   -0.01688
   -0.01496
   -0.01257
    0.02692
   -0.00448
   -0.03409
   -0.02503
    0.04451
    0.01014
   -0.01117
   -0.08013
    0.03645
   -0.00256
    0.02337
   -0.03364
    0.01881
   -0.00684
   -0.01411
   -0.03192
    0.03337
    0.00386
   -0.01589
   -0.02226
    0.02426
    0.01698
   -0.01577
   -0.09425
    0.03358
   -0.02226
   -0.01694
    0.01603
    0.01235
   -0.02424
   -0.03676
   -0.02909
    0.04515
   -0.01860
   -0.02055
   -0.01118
    0.03637
   -0.00183
   -0.02178
   -0.09282
    0.05041
   -0.01301
   -0.02185
   -0.02075
    0.04144
   -0.00903
   -0.03003
   -0.01669
    0.02789
   -0.00883
    0.00149
   -0.02562
    0.02320
   -0.01595
    0.00458
   -0.09201
    0.04242
   -0.01828
   -0.00180
   -0.01204
    0.03224
   -0.01505
   -0.02021
   -0.00301
    0.01792
   -0.00541
   -0.02885
   -0.00843
    0.02550
    0.01559
   -0.01058
   -0.09795
    0.02193
    0.00564
   -0.00394
   -0.02821
    0.01738
   -0.00473
   -0.01832
   -0.01247
    0.02027
   -0.00924
   -0.00905
   -0.01866
    0.03096
   -0.00244
   -0.01447
   -0.05970
    0.03598
   -0.01516
   -0.02402
    0.00283
    0.02581
   -0.00608
   -0.03432
    0.00820
    0.01279
    0.00459
   -0.03229
   -0.02954
    0.02125
    0.01066
   -0.01524
   -0.07816
    0.02723
   -0.00132
    0.00065
   -0.03956
    0.02912
   -0.00254
   -0.03495
   -0.01264
    0.02017
   -0.00363
   -0.01149
   -0.01704
    0.01376
   -0.01076
   -0.00223
   -0.09926
    0.03463
   -0.01578
   -0.00241
   -0.01973
    0.02787
   -0.02152
   -0.02701
    0.00466
    0.02304
   -0.00804
   -0.01600
   -0.01084
    0.01971
    0.00088
   -0.01927
   -0.10321
    0.03253
   -0.00946
   -0.01130
    0.00886
    0.00934
   -0.00593
   -0.02716
   -0.00943
    0.02011
    0.00052
   -0.02236
   -0.01869
    0.02023
   -0.00856
   -0.00851
   -0.09018
    0.03512
   -0.00640
    0.00432
   -0.01749
    0.01766
   -0.01331
   -0.00667
   -0.01765
    0.02061
    0.00107
   -0.04411
    0.00318
    0.01092
   -0.00292
   -0.00988
   -0.10244
    0.03020
   -0.00601
   -0.00015
   -0.02748
    0.01764
   -0.00787
   -0.03411
    0.00873
    0.01218
   -0.00084
   -0.02702
   -0.02300
    0.02574
   -0.00056
   -0.01846
   -0.09974
    0.03352
   -0.00483
   -0.01541
   -0.03730
    0.03767
   -0.01049
   -0.02010
   -0.00381
    0.01631
   -0.00308
   -0.03416
   -0.03098
    0.03991
    0.00196
   -0.00547
   -0.09692
    0.02736
   -0.01156
    0.00598
   -0.02376
    0.02443
   -0.00238
   -0.03195
    0.00032
    0.02171
   -0.00761
   -0.00744
   -0.01016
    0.02270
   -0.00142
    0.00842
   -0.07647
    0.01927
   -0.02065
   -0.01276
   -0.00437
    0.03325
   -0.00472
   -0.02843
    0.02002
    0.01079
    0.00126
   -0.04858
   -0.00881
    0.02825
    0.01389
    0.00207
   -0.09286
    0.01001
   -0.01323
   -0.00871
   -0.02156
    0.02806
    0.01663
   -0.04489
    0.00813
    0.01344
    0.00101
   -0.02301
   -0.02600
    0.02584
   -0.00902
   -0.00223
   -0.11432
    0.04907
   -0.01297
   -0.00822
   -0.01100
    0.02812
   -0.01141
   -0.00988
   -0.02735
    0.02732
   -0.00465
   -0.03934
   -0.03531
    0.04645
    0.00509
   -0.02554
   -0.11155
    0.04504
   -0.02139
    0.01753
   -0.06177
    0.04830
   -0.02190
   -0.02166
   -0.00196
    0.02757
    0.00960
   -0.03150
   -0.03231
    0.02841
    0.00364
   -0.00847
   -0.08142
    0.02730
   -0.01872
   -0.00191
   -0.01299
    0.04048
   -0.01204
   -0.02233
   -0.01568
    0.02857
   -0.01493
   -0.02640
   -0.00246
    0.02659
    0.01326
   -0.02078
   -0.10145
    0.02761
   -0.01107
   -0.01617
   -0.02339
    0.02279
   -0.00149
   -0.02695
   -0.00996
    0.01515
   -0.01243
   -0.01948
   -0.00183
    0.02239
   -0.02246
    0.00226
   -0.12518
    0.05064
   -0.01396
   -0.01703
   -0.03202
    0.03649
   -0.02227
   -0.01790
    0.00431
    0.01665
   -0.01090
   -0.01230
   -0.01032
    0.02133
   -0.00148
   -0.00790
   -0.11577
    0.03089
   -0.00492
   -0.01535
    0.00166
    0.01183
   -0.01437
   -0.01702
   -0.00370
    0.01845
   -0.00123
   -0.01714
   -0.02264
    0.02465
   -0.00684
   -0.01797
   -0.13589
    0.04696
   -0.01642
   -0.01365
   -0.00918
    0.03131
   -0.02074
   -0.01833
    0.00030
    0.02282
   -0.00880
   -0.03418
   -0.00565
    0.02246
   -0.00309
   -0.01375
   -0.11061
    0.03354
   -0.01409
   -0.01101
   -0.02363
    0.02723
   -0.00153
   -0.01748
    0.01071
    0.00327
