9 4 3 1 47 -3.2617 2.3133 3.9290 1500
 -0.01303   0.10630   0.05974  -0.08430 
 -0.02289   0.03404   0.13344  -0.07706 
 -0.01570   0.06866   0.14374  -0.11790 
 -0.04140   0.07912   0.08958  -0.05408 
 -0.03204   0.06866   0.13082  -0.08744 
 -0.02561   0.05327   0.18268  -0.13048 
 -0.01928   0.09506   0.06128  -0.06993 
 -0.04140   0.08059   0.12819  -0.08326 
 -0.05095   0.07467   0.17917  -0.11230 
 -0.02018   0.11726   0.07789  -0.09700 
 -0.06670   0.06410   0.12555  -0.04446 
 -0.04615   0.13579   0.14755  -0.13868 
 -0.02653   0.09364   0.06891  -0.06592 
 -0.07073   0.09931   0.14247  -0.07706 
 -0.03763   0.11044   0.15505  -0.13398 
 -0.02289   0.09790   0.07492  -0.07706 
 -0.04711   0.07467   0.13344  -0.07706 
 -0.03020   0.12530   0.13082  -0.13398 
 -0.01659   0.06714   0.06282  -0.05505 
 -0.03204   0.08644   0.10516  -0.08015 
 -0.05192   0.10072   0.15998  -0.11342 
 -0.02198   0.08206   0.06587  -0.06095 
 -0.05777   0.08789   0.13733  -0.07808 
 -0.03112   0.09364   0.16486  -0.13750 
  0.00433   0.07764   0.07492  -0.09486 
 -0.03020   0.10491   0.11479  -0.10349 
 -0.04234   0.11454   0.16848  -0.14463 
  0.00263   0.07317   0.07192  -0.08744 
 -0.04519   0.07912   0.10655  -0.06194 
 -0.04234   0.09221   0.16607  -0.12357 
 -0.01481   0.09077   0.09246  -0.09379 
 -0.05192   0.11590   0.08669  -0.06692 
 -0.01126   0.11995   0.13474  -0.15802 
 -0.02018   0.09364   0.03429  -0.05117 
 -0.03020   0.10212   0.07192  -0.06993 
 -0.03204   0.08644   0.15505  -0.12130 
 -0.02289   0.10769   0.06891  -0.08015 
 -0.04519   0.09790   0.08084  -0.05701 
 -0.02018   0.09077   0.12687  -0.11453 
 -0.01126   0.13057   0.00900  -0.07297 
 -0.03763   0.10352   0.03101  -0.03785 
 -0.03297   0.05639   0.11751  -0.06792 
 -0.01838   0.09931  -0.03480  -0.02039 
 -0.06871   0.06103   0.11206  -0.03133 
 -0.01303   0.08644   0.05037  -0.06392 
 -0.02198   0.07017  -0.00511  -0.01325 
  0.04724   0.03240   0.04080  -0.09700 
  0.07847   0.21816   0.00024  -0.31398 
  0.28340  -0.24594  -0.21266  -0.32112 
 -0.32816  -0.72517   0.63245  -0.48275 
 -1.97626  -3.17638   0.78547  -3.17638 
 -3.17638  -1.34168  -3.17638   0.46925 
  0.34036  -0.76453  -0.05645  -0.56596 
  0.30987  -0.45922  -0.44889  -0.23049 
 -0.44265  -0.51346   0.59628  -0.26230 
 -0.28799  -0.23364  -0.37569   0.29379 
  0.08346  -0.16893  -0.27141   0.06809 
 -0.05581  -0.09026  -0.29523   0.16156 
 -0.04999  -0.05268  -0.32043   0.15137 
 -0.04806  -0.02932  -0.30228   0.13970 
 -0.08827  -0.05469  -0.23339   0.15919 
 -0.06570  -0.05872  -0.33169   0.16451 
 -0.05679  -0.06485  -0.22142   0.14094 
 -0.08304  -0.09685  -0.25198   0.17151 
 -0.07479  -0.06898  -0.24569   0.15799 
 -0.04711  -0.15101  -0.29174   0.17093 
 -0.05679  -0.08377  -0.27808   0.15739 
 -0.01481  -0.15606  -0.24569   0.14280 
 -0.04329  -0.11034  -0.29174   0.15859 
 -0.02108  -0.15101  -0.28146   0.15259 
 -0.04140  -0.15860  -0.18738   0.14894 
 -0.04140  -0.11958  -0.19011   0.13970 
 -0.05386  -0.15101  -0.16091   0.14894 
 -0.04999  -0.11958  -0.21266   0.15016 
 -0.03763  -0.09464  -0.20977   0.13469 
 -0.03390  -0.11725  -0.17394   0.13026 
 -0.03669  -0.17952  -0.23643   0.16097 
 -0.02198  -0.12901  -0.13115   0.11404 
  0.00603  -0.13865  -0.17660   0.10739 
 -0.02108  -0.13865  -0.15835   0.12320 
 -0.02927  -0.11034  -0.14085   0.11668 
 -0.01481  -0.14603  -0.14826   0.11799 
 -0.03204  -0.08808  -0.14330   0.11272 
 -0.03204  -0.09026  -0.13355   0.11073 
 -0.03669  -0.11725  -0.11238   0.11602 
 -0.02289  -0.10354  -0.14578   0.11139 
  0.02184  -0.19589  -0.16349   0.10604 
 -0.01392  -0.14603  -0.13355   0.11338 
 -0.01570  -0.14110  -0.09882   0.10334 
 -0.00253  -0.11034  -0.11468   0.08888 
 -0.01659  -0.10806  -0.13597   0.10537 
 -0.01748  -0.09464  -0.11009   0.09445 
 -0.04424  -0.09685  -0.10105   0.11206 
 -0.00081  -0.09464  -0.12166   0.08466 
  0.01192  -0.14851  -0.09439   0.08183 
 -0.03390  -0.04672  -0.11238   0.09168 
  0.01192  -0.11263  -0.12638   0.08111 
 -0.01215  -0.13622  -0.10781   0.10199 
 -0.02653  -0.06898  -0.09660   0.08888 
