IntronPotTab 1 1024 3.64685
    0.05502
   -0.08967
   -0.12562
    0.07814
    0.02653
    0.01681
   -0.08196
    0.03011
    0.05959
   -0.12814
   -0.00757
    0.04402
    0.07351
   -0.03403
   -0.12574
    0.05052
    0.02853
   -0.02701
   -0.18649
    0.08828
    0.05672
   -0.05975
   -0.15191
    0.07110
    0.08813
   -0.17886
   -0.09842
    0.05992
    0.18333
   -0.04530
   -0.09360
   -0.03266
   -0.02914
   -0.12137
    0.05264
    0.09181
    0.05838
   -0.05354
   -0.11648
    0.07929
    0.04070
   -0.14092
    0.01430
    0.06878
    0.04177
   -0.05778
   -0.03268
    0.04330
   -0.09172
   -0.16734
   -0.18408
    0.16997
    0.00042
   -0.07476
    0.00916
    0.06409
    0.06708
   -0.14046
   -0.08243
    0.09701
   -0.04770
   -0.03305
   -0.08137
    0.10147
    0.00926
   -0.05851
   -0.20105
    0.18872
    0.07687
   -0.17105
   -0.22706
    0.19917
    0.07627
   -0.17648
   -0.08738
    0.11075
    0.16671
   -0.16516
   -0.07199
    0.05394
    0.03820
   -0.05064
   -0.17821
    0.11138
    0.05390
    0.03964
   -0.28646
    0.08401
    0.10980
   -0.15594
   -0.13508
    0.09191
    0.19154
   -0.07334
   -0.09373
    0.01092
    0.06688
   -0.11792
   -0.08317
    0.14859
    0.07046
   -0.10118
   -0.12350
    0.14363
    0.06450
   -0.17118
    0.02555
    0.10919
    0.02015
   -0.11743
   -0.02589
    0.10744
    0.13064
   -0.13336
   -0.02140
    0.08887
    0.07095
   -0.00934
   -0.13169
    0.11735
    0.17543
   -0.16074
   -0.10818
    0.06800
    0.09455
   -0.13063
   -0.04241
    0.11382
    0.06555
   -0.10346
   -0.20932
    0.17156
    0.03434
   -0.04714
   -0.13292
    0.14471
    0.07203
   -0.19281
   -0.08447
    0.14321
    0.16652
   -0.12574
   -0.10574
    0.06729
    0.01532
   -0.01727
   -0.14488
    0.10959
    0.13504
   -0.11923
   -0.28208
    0.04447
    0.10813
   -0.18582
   -0.16351
    0.13065
    0.18410
   -0.02892
   -0.12553
    0.01011
   -0.04282
   -0.06669
   -0.10575
    0.17917
    0.05741
   -0.09072
   -0.10320
    0.14628
    0.04692
   -0.15895
    0.00789
    0.07808
   -0.01879
   -0.12565
   -0.03895
    0.15296
   -0.09906
   -0.14667
    0.02407
    0.18659
    0.13136
   -0.09424
   -0.13028
    0.13325
    0.06766
   -0.22095
   -0.07838
    0.15173
    0.04856
   -0.15424
   -0.03761
    0.11140
    0.02248
   -0.11395
   -0.16063
    0.08358
    0.07721
   -0.12143
   -0.16160
    0.04970
    0.04452
   -0.10541
   -0.13575
    0.07611
    0.13947
   -0.24537
   -0.18908
   -0.13275
   -0.02501
   -0.02498
   -0.15504
    0.10691
    0.03702
   -0.02002
   -0.22586
    0.12720
    0.16678
   -0.22644
   -0.22608
   -0.01251
    0.20108
   -0.06918
   -0.02806
   -0.10570
   -0.02380
   -0.09561
   -0.15301
    0.15768
    0.06936
   -0.11035
   -0.12631
    0.09475
    0.05279
   -0.18384
   -0.00952
    0.10408
    0.08733
   -0.14943
   -0.01653
    0.04689
   -0.11919
   -0.15256
   -0.06780
    0.15716
   -0.00942
   -0.16413
    0.02521
    0.11124
   -0.00168
   -0.22603
    0.05613
    0.07898
    0.07202
   -0.08597
    0.02732
   -0.00680
    0.03210
   -0.08425
   -0.20124
    0.14773
    0.02399
    0.06620
   -0.12915
    0.03955
    0.02000
   -0.07615
   -0.08465
    0.08863
    0.13520
    0.02395
   -0.13464
   -0.04471
   -0.05015
    0.14860
   -0.29070
    0.02870
   -0.00247
    0.11289
   -0.20763
    0.06743
    0.08321
   -0.07440
   -0.19835
    0.07146
    0.27535
    0.00986
   -0.16890
   -0.10245
    0.03792
   -0.09896
   -0.10565
    0.11766
    0.01950
    0.06718
   -0.12499
    0.03432
    0.06851
   -0.05296
   -0.02822
   -0.00964
    0.04194
   -0.04669
   -0.04897
    0.04260
   -0.15235
   -0.09925
   -0.24094
    0.19688
    0.01985
   -0.00213
   -0.10085
    0.10711
    0.02032
   -0.07322
   -0.12611
    0.12725
   -0.01774
    0.03334
   -0.07733
    0.04480
    0.11832
   -0.08219
   -0.31962
    0.17950
    0.07286
   -0.03475
   -0.14938
    0.12956
    0.03621
   -0.15073
   -0.14311
    0.17378
    0.12600
   -0.04355
   -0.08124
    0.06199
    0.09437
   -0.10282
   -0.25968
    0.11453
   -0.00307
    0.06624
   -0.25541
    0.12135
    0.04148
   -0.15528
   -0.16069
    0.14549
    0.09190
    0.01900
   -0.14382
    0.03474
    0.07654
   -0.15029
   -0.18920
    0.24315
    0.04652
   -0.00208
   -0.14521
    0.11516
    0.08441
   -0.11439
   -0.07148
    0.05626
    0.05342
   -0.05068
   -0.09943
    0.14004
   -0.01715
   -0.07978
   -0.10845
    0.16437
    0.05519
    0.01807
   -0.15414
    0.11848
    0.10211
   -0.06138
   -0.15835
    0.11441
    0.07144
   -0.01918
   -0.12986
    0.16176
   -0.01132
   -0.13604
   -0.24941
    0.25685
    0.07745
   -0.05942
   -0.14311
    0.15365
    0.07232
   -0.17692
   -0.11688
    0.14427
    0.04301
   -0.09863
   -0.18914
    0.20845
    0.00401
   -0.05003
   -0.17069
    0.14444
    0.10158
   -0.00848
   -0.16830
    0.05491
    0.13011
   -0.07757
   -0.18597
    0.07140
    0.21721
    0.03112
   -0.10919
   -0.03611
    0.01712
   -0.11804
   -0.10469
    0.14989
    0.04015
   -0.05758
   -0.06298
    0.12161
    0.06741
   -0.14495
    0.03446
    0.01044
    0.00567
   -0.12320
   -0.08663
    0.19288
   -0.01351
   -0.13266
   -0.14961
    0.27179
    0.08136
   -0.02190
   -0.08971
    0.11998
    0.08015
   -0.16375
   -0.10891
    0.15087
    0.00279
   -0.06587
   -0.05594
    0.11735
   -0.05186
   -0.10277
   -0.24562
    0.20250
   -0.04228
   -0.03762
   -0.20066
    0.16005
   -0.05143
   -0.12142
   -0.15938
    0.12554
    0.11882
   -0.01640
   -0.13007
   -0.01105
   -0.04963
   -0.00409
   -0.21494
    0.14595
    0.04996
    0.04371
   -0.23932
    0.03354
    0.04276
   -0.13147
   -0.23986
    0.13547
    0.08199
    0.09676
   -0.12709
   -0.03972
   -0.04051
   -0.04350
   -0.24070
    0.18637
    0.02683
    0.00232
   -0.17114
    0.08754
    0.04483
   -0.12946
   -0.00212
    0.06361
    0.03290
   -0.05777
   -0.02185
    0.04057
   -0.08602
   -0.05987
   -0.10882
    0.16195
    0.03794
   -0.02830
   -0.13415
    0.11798
    0.07073
   -0.12596
   -0.16828
    0.16186
    0.01279
   -0.05677
   -0.08039
    0.11445
   -0.01989
   -0.09714
   -0.11061
    0.12505
    0.02818
   -0.00039
   -0.05435
    0.03286
    0.01910
   -0.14529
   -0.04137
    0.11136
    0.08545
    0.01100
   -0.10436
    0.01195
    0.05524
   -0.10602
   -0.14082
    0.09162
    0.00841
   -0.01882
   -0.16188
    0.12347
    0.05799
   -0.16602
   -0.10087
    0.09314
    0.13350
   -0.12765
   -0.07556
    0.05258
   -0.01215
   -0.12584
    0.03508
    0.06611
    0.02039
    0.00778
   -0.15210
    0.08331
    0.02979
   -0.14091
    0.04046
    0.03653
    0.00988
   -0.11741
    0.07880
   -0.00427
   -0.17274
   -0.15233
   -0.17188
    0.19680
   -0.03869
   -0.08435
    0.06382
    0.01612
    0.11256
   -0.17309
   -0.06744
    0.08791
   -0.11688
   -0.00624
    0.06413
   -0.03031
    0.00506
   -0.07359
   -0.17552
    0.19009
    0.07330
    0.01588
   -0.18784
    0.06972
    0.12666
   -0.11367
   -0.09181
    0.08668
    0.14841
   -0.13035
   -0.03145
    0.05950
    0.14255
   -0.11707
   -0.23833
    0.01946
    0.03056
   -0.00386
   -0.21850
    0.11872
    0.18799
   -0.17563
   -0.12897
    0.01073
    0.17320
   -0.06325
   -0.02719
   -0.01766
    0.05771
   -0.15883
   -0.09682
    0.16409
    0.02992
   -0.07001
   -0.00819
    0.04982
    0.14841
   -0.12620
   -0.07355
    0.08191
    0.02214
   -0.12061
    0.03721
    0.06930
    0.07167
   -0.06102
   -0.09302
    0.07811
    0.13673
   -0.03079
   -0.18789
    0.06698
    0.25638
   -0.12886
   -0.14398
    0.03574
    0.18150
   -0.16604
   -0.06150
    0.13517
    0.03377
   -0.12607
   -0.20330
    0.19587
    0.03458
   -0.06901
   -0.17151
    0.20330
    0.04744
   -0.16761
   -0.03047
    0.12050
    0.06653
   -0.14447
   -0.10022
    0.14385
    0.01751
   -0.07786
   -0.09083
    0.10581
    0.06712
   -0.00967
   -0.18312
    0.07273
    0.11520
   -0.11272
   -0.10270
    0.06217
    0.29260
   -0.04792
   -0.14106
   -0.10522
   -0.00083
   -0.13565
   -0.08054
    0.15353
   -0.01680
   -0.02206
   -0.12691
    0.15690
    0.06081
   -0.20256
   -0.00377
    0.07939
   -0.04585
   -0.14407
   -0.03827
    0.15509
   -0.05982
   -0.16516
   -0.06926
    0.22374
    0.02282
   -0.10644
    0.00656
    0.06039
    0.08245
   -0.16488
   -0.06367
    0.13243
   -0.04834
   -0.17189
   -0.01070
    0.12397
    0.03510
   -0.07874
   -0.15710
    0.09231
    0.04881
   -0.06629
   -0.19202
    0.09241
   -0.03053
   -0.08703
   -0.18824
    0.11871
    0.13779
   -0.08651
   -0.07104
   -0.03483
   -0.05886
    0.03810
   -0.19553
    0.11313
   -0.00243
   -0.06550
   -0.24189
    0.19814
    0.13031
   -0.17258
   -0.21380
    0.05673
    0.16381
   -0.03809
   -0.01965
   -0.05917
    0.00884
   -0.10040
   -0.20910
    0.14474
    0.03283
   -0.13721
   -0.17218
    0.14836
    0.06444
   -0.18204
   -0.07433
    0.11695
    0.01186
   -0.12205
    0.02590
    0.05906
   -0.08644
   -0.10139
   -0.11397
    0.17760
    0.02880
   -0.09815
   -0.08872
    0.12667
    0.07450
   -0.18146
   -0.10238
    0.12416
    0.03853
   -0.08838
   -0.05805
    0.09833
   -0.01929
   -0.07190
   -0.13633
    0.11449
    0.03200
   -0.01460
   -0.08124
    0.06047
    0.08368
   -0.06358
   -0.07276
    0.02231
    0.01920
   -0.07640
   -0.13259
    0.09139
   -0.02625
   -0.05248
   -0.18815
    0.14997
   -0.04250
    0.05703
   -0.16092
    0.10278
    0.07878
   -0.16764
   -0.10835
    0.05269
    0.07857
   -0.07235
   -0.06572
   -0.00604
    0.01874
   -0.07836
   -0.10402
    0.08842
   -0.05471
    0.06846
   -0.10333
    0.05293
    0.09628
   -0.11439
   -0.09216
    0.03565
    0.02528
   -0.08102
   -0.06058
    0.05203
   -0.27559
   -0.28999
   -0.35590
    0.13183
    0.02245
   -0.13294
   -0.01657
    0.11569
    0.00948
   -0.15757
   -0.07812
    0.11679
   -0.02896
   -0.04516
   -0.01256
    0.05095
    0.06461
   -0.05196
   -0.23456
    0.15547
    0.15154
   -0.10021
   -0.14752
    0.02375
    0.13798
   -0.16589
   -0.14130
    0.09929
    0.11606
   -0.08503
   -0.08208
    0.08209
   -0.02753
   -0.12275
   -0.11128
    0.17355
   -0.00217
    0.03874
   -0.23358
    0.13062
    0.06240
   -0.17447
   -0.12163
    0.12570
    0.10992
   -0.09921
   -0.01531
    0.03848
   -0.01020
   -0.19519
   -0.23638
    0.25412
    0.01856
    0.00340
   -0.15264
    0.10694
    0.03707
   -0.14021
   -0.07999
    0.15802
    0.04246
   -0.11040
   -0.04018
    0.13536
   -0.03363
   -0.18822
   -0.13952
    0.21222
    0.07940
   -0.06514
   -0.15281
    0.16238
    0.14526
   -0.09792
   -0.13630
    0.07687
    0.11995
   -0.12783
   -0.10256
    0.19535
    0.03359
   -0.14448
   -0.15358
    0.16962
    0.07488
   -0.12156
   -0.09428
    0.12832
    0.08624
   -0.10534
   -0.10856
    0.10622
    0.07770
   -0.24233
   -0.14725
    0.17825
    0.03432
   -0.09212
   -0.24185
    0.16445
    0.04312
   -0.02492
   -0.13634
    0.11786
    0.09249
   -0.21021
   -0.09533
    0.12927
    0.14155
   -0.07630
   -0.06595
    0.05798
   -0.00822
   -0.11827
   -0.16220
    0.20690
   -0.00592
   -0.13206
   -0.21375
    0.26725
    0.03862
   -0.16921
   -0.02433
    0.12043
   -0.07080
   -0.06799
   -0.09285
    0.18041
   -0.06217
   -0.14896
   -0.24058
    0.24639
    0.03544
   -0.02171
   -0.08975
    0.13786
   -0.00181
   -0.12809
   -0.07848
    0.14283
    0.00780
   -0.13970
   -0.01898
    0.09846
    0.07228
   -0.12103
   -0.12433
    0.05042
   -0.00816
    0.02020
   -0.09856
    0.05264
    0.04865
   -0.06534
   -0.12179
    0.06629
    0.11636
   -0.18749
   -0.09538
    0.03680
   -0.04295
   -0.03612
   -0.12969
    0.13183
   -0.00293
    0.00406
   -0.19020
    0.12048
    0.10300
   -0.15537
   -0.20561
    0.04890
    0.09043
   -0.02639
   -0.02592
   -0.01654
   -0.03305
   -0.10476
   -0.17921
    0.18536
    0.06184
   -0.01417
   -0.19614
    0.07155
    0.00161
   -0.05391
   -0.12870
    0.11812
    0.05113
   -0.11303
    0.04661
    0.00385
   -0.03221
   -0.14559
   -0.10835
    0.14625
    0.03083
   -0.07878
   -0.03935
    0.06733
    0.06256
   -0.18553
   -0.05120
    0.09771
    0.04081
   -0.15199
   -0.01533
    0.08914
