IntronPotTab 1 1024 3.96323
    0.00432
    0.12798
   -0.13024
    0.11101
   -0.09830
   -0.04121
   -0.09383
    0.20678
   -0.10323
    0.11790
   -0.06735
    0.00384
   -0.02770
   -0.02882
   -0.04100
    0.16099
   -0.11507
    0.09298
   -0.00282
    0.02272
   -0.12224
    0.03937
   -0.05317
    0.07068
   -0.04116
    0.06282
   -0.04615
    0.01041
    0.00969
   -0.10407
    0.20535
   -0.09184
   -0.13382
    0.10899
    0.00437
   -0.01374
   -0.17804
   -0.13386
   -0.16647
    0.33411
   -0.04303
    0.11521
   -0.03339
   -0.10047
   -0.08756
   -0.01671
    0.01400
    0.07081
    0.02179
   -0.00284
   -0.04718
    0.06343
   -0.08135
   -0.00046
   -0.07026
    0.13604
   -0.02570
    0.10579
   -0.11472
   -0.02513
   -0.07426
   -0.01339
    0.00995
    0.03652
    0.01841
   -0.01569
   -0.05371
    0.17796
   -0.03762
   -0.09429
   -0.06701
    0.21712
    0.00385
    0.01763
   -0.09363
    0.08619
    0.11510
   -0.04666
   -0.10943
    0.22573
   -0.04855
    0.02859
   -0.05419
    0.08809
   -0.09258
    0.04862
   -0.06313
    0.08158
   -0.10214
    0.03176
   -0.07082
    0.10106
    0.02410
   -0.04431
   -0.05576
    0.11546
    0.04580
   -0.05034
   -0.01495
    0.09402
   -0.23058
   -0.14813
   -0.04733
    0.28659
    0.03210
   -0.04167
   -0.00476
    0.04474
   -0.09720
   -0.07560
    0.05267
    0.15002
    0.57478
   -0.29218
    0.02606
   -0.01071
    0.10194
    0.01221
   -0.13057
    0.18043
    0.46332
   -0.33525
   -0.41745
   -0.18369
    0.29530
   -0.00681
   -0.10763
    0.10770
    0.05497
    0.07288
   -0.10253
    0.19583
   -0.08730
   -0.08228
   -0.15771
    0.33049
   -0.02009
    0.10463
   -0.12959
    0.08121
    0.13837
   -0.06166
   -0.06837
    0.19604
   -0.05989
    0.08295
   -0.07429
    0.12337
   -0.04841
    0.01159
   -0.09626
    0.13626
   -0.03894
    0.08407
   -0.09386
    0.06862
    0.11645
   -0.19306
    0.16053
   -0.08685
   -0.05545
    0.06336
   -0.03840
    0.07354
   -0.06741
   -0.10025
   -0.17284
    0.34966
   -0.02058
    0.05435
   -0.04145
   -0.00455
   -0.03365
   -0.02389
   -0.06487
    0.15659
    0.02421
   -0.03514
   -0.05025
    0.15574
   -0.05061
    0.05699
   -0.16280
    0.25269
   -0.02781
    0.05968
   -0.11993
    0.07242
    0.13221
   -0.01812
   -0.04570
    0.10233
   -0.11894
    0.02624
    0.01177
    0.03646
   -0.15318
   -0.12511
   -0.15505
    0.31179
   -0.05091
    0.09626
   -0.06850
   -0.05124
   -0.01178
   -0.02973
   -0.03289
    0.11823
   -0.17512
    0.13616
    0.01153
   -0.00267
   -0.11486
    0.05566
   -0.08003
    0.08212
   -0.14605
    0.14297
   -0.12571
    0.00116
   -0.04958
    0.04274
   -0.01450
   -0.05170
   -0.02360
    0.04392
   -0.00046
   -0.04072
   -0.09508
   -0.16264
   -0.13052
    0.29131
    0.02030
    0.00172
    0.01650
   -0.05692
   -0.11510
   -0.04735
    0.07787
    0.06868
    0.10526
   -0.00381
   -0.10461
    0.06692
   -0.01115
    0.02709
   -0.10926
    0.13608
    0.15354
    0.00240
   -0.19506
   -0.06022
   -0.02191
    0.06133
   -0.10401
    0.07771
    0.02629
    0.08344
   -0.12643
    0.11576
   -0.15489
   -0.02053
   -0.06326
    0.18641
   -0.10603
    0.14099
   -0.15455
    0.00274
   -0.05742
   -0.00769
   -0.05026
    0.14707
   -0.08535
    0.09001
   -0.07618
    0.05045
   -0.13894
    0.06485
   -0.07201
    0.06984
   -0.08130
    0.06389
   -0.04504
    0.03856
   -0.01313
   -0.04077
    0.11194
   -0.04273
   -0.04127
    0.04022
   -0.01326
   -0.00344
   -0.15816
   -0.06050
   -0.09606
    0.22324
   -0.01005
    0.06096
   -0.00894
   -0.10178
   -0.09702
    0.00165
   -0.01261
    0.08200
   -0.04327
    0.04393
   -0.17012
    0.12628
   -0.12719
    0.04362
   -0.08027
    0.12576
   -0.10899
    0.12609
   -0.12357
   -0.01321
   -0.09462
    0.02170
   -0.07632
    0.11214
    0.00123
    0.03988
   -0.09537
    0.12872
   -0.04488
   -0.05799
   -0.07002
    0.16594
   -0.02978
    0.04127
   -0.07568
    0.01391
    0.03408
   -0.04251
   -0.10037
    0.21518
   -0.07919
    0.11380
   -0.12158
    0.04215
   -0.10145
    0.08594
   -0.11226
    0.06589
   -0.12951
    0.05191
   -0.06566
    0.04219
   -0.03677
   -0.01934
   -0.08174
    0.09049
    0.00869
    0.00135
   -0.04932
    0.09974
   -0.17548
   -0.13504
   -0.10771
    0.26102
    0.03003
   -0.01515
   -0.01517
    0.01045
   -0.11812
   -0.04125
   -0.01594
    0.15307
    0.17683
   -0.08404
    0.07281
    0.03033
   -0.07645
    0.01981
   -0.10812
    0.18006
    0.16240
   -0.02615
   -0.12900
    0.00591
    0.04610
    0.01989
   -0.20824
    0.20342
    0.01872
    0.05969
   -0.09478
    0.13743
   -0.09067
   -0.02461
   -0.11934
    0.22212
   -0.04901
    0.11305
   -0.10521
    0.01408
    0.03243
   -0.01101
   -0.10810
    0.22271
   -0.00198
   -0.01500
   -0.08512
    0.16379
   -0.08494
    0.03533
   -0.11199
    0.11791
   -0.06452
    0.05770
   -0.10347
    0.10069
    0.08007
   -0.08991
    0.08837
    0.02749
    0.00306
    0.04083
   -0.07326
    0.06105
   -0.11025
    0.00844
   -0.14072
    0.26024
   -0.03004
    0.06539
   -0.00201
   -0.06018
   -0.09307
    0.00405
   -0.09932
    0.17320
    0.01603
    0.02434
   -0.17149
    0.17754
   -0.12863
    0.04729
   -0.12462
    0.18216
   -0.11702
    0.07205
   -0.04541
    0.02160
    0.00400
   -0.00481
   -0.09673
    0.16580
   -0.23657
    0.21183
   -0.37053
   -0.01784
   -0.09883
    0.00257
   -0.09728
    0.17777
   -0.06770
    0.07850
   -0.09847
    0.00144
   -0.05251
    0.00999
   -0.07498
    0.10725
   -0.22017
    0.15326
   -0.11366
    0.03256
   -0.12164
    0.09845
   -0.10908
    0.02075
   -0.13612
    0.12516
   -0.19453
    0.01336
   -0.07254
    0.04478
   -0.09259
   -0.01225
   -0.46016
    0.26435
   -0.53363
   -0.01106
   -0.12481
    0.04070
   -0.12806
    0.15791
   -0.04174
    0.06539
    0.00208
   -0.06652
   -0.11683
    0.02939
   -0.06745
    0.08806
   -0.10437
    0.05831
   -0.11273
    0.00130
   -0.09445
    0.11507
   -0.10421
    0.02356
   -0.11988
    0.13366
   -0.14191
   -0.00657
   -0.09082
    0.11508
   -0.21302
    0.05011
   -0.06564
    0.16958
   -0.12901
    0.10663
   -0.11372
   -0.00546
   -0.10618
    0.23745
   -0.10842
    0.16314
   -0.10937
    0.03640
   -0.15841
    0.04862
   -0.06801
    0.13741
   -0.13944
    0.17044
   -0.05888
    0.02236
   -0.12450
    0.08458
   -0.13415
    0.10907
   -0.07515
    0.11620
   -0.04937
    0.03742
   -0.07704
   -0.05272
    0.10332
   -0.04454
   -0.06929
    0.17919
   -0.15428
    0.08219
   -0.17720
   -0.02939
   -0.15406
    0.29886
   -0.05322
    0.14090
   -0.02871
   -0.06372
   -0.05460
    0.02256
   -0.03001
    0.03301
   -0.09421
    0.08976
   -0.11882
    0.05879
   -0.07360
    0.05936
   -0.08149
    0.08253
   -0.08224
    0.10748
   -0.05237
   -0.00512
   -0.08697
    0.05582
   -0.06378
    0.05437
    0.00824
    0.02842
   -0.07564
    0.15343
   -0.00940
   -0.14383
   -0.04079
    0.21843
   -0.00130
    0.02128
   -0.08193
    0.09590
    0.08255
   -0.05617
   -0.03932
    0.15240
   -0.09897
    0.07844
   -0.00820
    0.04569
   -0.10445
    0.12772
   -0.07985
    0.07049
   -0.10605
    0.05583
   -0.07855
    0.09415
   -0.00896
    0.00144
   -0.06173
    0.05973
    0.01918
    0.01662
   -0.06291
    0.13191
   -0.14157
   -0.11610
   -0.11146
    0.26993
   -0.01565
   -0.00777
   -0.02326
    0.06271
   -0.06018
   -0.04316
   -0.01885
    0.12423
    0.50830
   -0.26000
   -0.15516
   -0.10716
    0.10440
   -0.04561
   -0.12628
    0.16985
    0.44081
   -0.36143
   -0.42402
   -0.24497
    0.22374
   -0.00220
   -0.14230
    0.17123
    0.00671
    0.11780
   -0.11536
    0.17388
   -0.07294
   -0.02170
   -0.11969
    0.27723
   -0.05044
    0.13374
   -0.09371
    0.12519
   -0.03186
   -0.00909
   -0.05222
    0.16486
   -0.14723
    0.09588
    0.00172
    0.06469
   -0.08471
    0.09433
   -0.09295
    0.11962
   -0.04834
    0.09627
   -0.06186
    0.05206
   -0.03687
   -0.06284
    0.09134
   -0.07462
   -0.06009
    0.12054
   -0.08642
    0.09533
   -0.12246
    0.01165
   -0.13478
    0.29879
   -0.10123
    0.12101
    0.02538
   -0.01237
   -0.14633
    0.01639
   -0.06123
    0.12656
   -0.01298
    0.05885
   -0.13529
    0.10548
   -0.09806
    0.08762
   -0.13258
    0.24175
   -0.11519
    0.01800
    0.02295
    0.06620
   -0.05028
    0.02206
   -0.08418
    0.15698
   -0.03904
    0.17481
   -0.15982
    0.05948
   -0.15933
   -0.09273
   -0.19384
    0.30999
   -0.10565
    0.16883
   -0.07033
   -0.07843
   -0.03912
   -0.00004
   -0.06425
    0.10977
   -0.08695
    0.22085
   -0.15010
    0.08921
   -0.09986
    0.07199
   -0.11930
    0.08795
   -0.10248
    0.15076
   -0.13647
    0.03122
   -0.11671
    0.07659
   -0.07456
   -0.01909
    0.01225
    0.16329
   -0.15340
    0.08568
   -0.10209
   -0.04455
   -0.24543
    0.36088
   -0.01755
    0.08067
   -0.01316
   -0.06082
   -0.07861
   -0.00898
   -0.01916
    0.09104
    0.09527
    0.09934
   -0.23770
    0.03464
   -0.06778
    0.06881
   -0.10832
    0.11243
    0.05324
    0.06620
   -0.14035
   -0.04023
   -0.01552
    0.10515
   -0.15390
    0.07763
    0.01246
    0.11689
   -0.14860
    0.13973
   -0.11692
    0.02123
   -0.08305
    0.18231
    0.01352
    0.09322
   -0.16041
    0.00083
   -0.07262
   -0.01714
   -0.03590
    0.16387
   -0.12260
    0.08163
   -0.00603
    0.03256
   -0.12668
    0.03880
   -0.05102
    0.08917
   -0.08213
    0.10183
   -0.05859
   -0.00013
   -0.14413
   -0.09740
    0.20517
   -0.16577
   -0.03207
    0.04032
   -0.03178
    0.01323
   -0.14142
   -0.13931
   -0.14848
    0.29704
    0.05227
    0.03511
   -0.05134
   -0.09149
   -0.09773
    0.01719
   -0.04319
    0.08761
    0.00648
    0.04688
   -0.09671
    0.03036
   -0.04193
    0.01197
   -0.06765
    0.13589
   -0.04802
    0.08570
   -0.10121
   -0.01828
   -0.05078
    0.02333
   -0.01684
   -0.00084
    0.08737
    0.02099
   -0.11381
    0.18139
   -0.00908
   -0.07459
   -0.11318
    0.21513
    0.11731
   -0.03435
   -0.04235
    0.03260
    0.14940
   -0.05533
   -0.10917
    0.23360
   -0.02844
    0.04715
   -0.08153
    0.07738
   -0.13929
    0.02795
   -0.11918
    0.12935
   -0.06925
    0.02049
   -0.11406
    0.09462
    0.12450
   -0.04258
   -0.03449
    0.10171
    0.04471
   -0.01446
   -0.03445
    0.07900
   -0.13770
   -0.15040
   -0.15011
    0.26419
    0.05528
   -0.03380
   -0.05740
    0.06834
   -0.05659
   -0.07100
   -0.00508
    0.19837
    0.26322
   -0.11108
    0.08061
    0.07572
    0.03834
   -0.00868
   -0.13001
    0.20157
    0.24483
   -0.04936
   -0.18068
    0.06619
    0.23537
   -0.03978
   -0.11390
    0.21265
    0.03767
    0.08447
   -0.11034
    0.13479
    0.02399
    0.03167
   -0.14108
    0.18529
    0.01610
    0.08694
   -0.14092
    0.02826
    0.08472
   -0.00708
   -0.08023
    0.15850
   -0.09384
    0.09024
   -0.09361
    0.13372
   -0.05862
    0.01934
   -0.15415
    0.21832
   -0.03181
    0.08413
   -0.07219
   -0.02170
    0.05219
   -0.07088
    0.06533
   -0.01613
   -0.04479
    0.05347
   -0.03843
    0.02043
   -0.09864
   -0.06964
   -0.16414
    0.29850
    0.00165
    0.02702
    0.01142
   -0.06267
   -0.08639
   -0.00419
   -0.06150
    0.14986
   -0.08987
    0.06211
   -0.13363
    0.12135
   -0.03704
    0.06023
   -0.15042
    0.25671
   -0.04431
    0.05228
   -0.07258
    0.02150
    0.05386
    0.04752
   -0.11961
    0.13897
   -0.09816
    0.10445
   -0.15100
    0.11965
   -0.11724
   -0.01488
   -0.13851
    0.22506
    0.07386
    0.01518
   -0.08496
   -0.01004
   -0.05995
   -0.03714
    0.00517
    0.09811
   -0.14020
    0.11467
   -0.02706
   -0.00144
   -0.16142
    0.04982
   -0.09447
    0.08590
   -0.12294
    0.12850
   -0.20563
    0.03984
    0.00337
    0.05938
   -0.06834
   -0.05465
   -0.07027
    0.13574
   -0.11213
   -0.05863
   -0.10548
   -0.10887
   -0.11212
    0.24827
    0.03602
    0.01460
   -0.03874
   -0.02772
   -0.17389
   -0.00312
    0.03608
    0.06691
    0.10956
    0.00403
   -0.05788
   -0.01898
   -0.04481
    0.03877
   -0.08764
    0.08887
   -0.01506
    0.08164
   -0.16065
    0.00481
   -0.02274
    0.05686
   -0.12004
    0.05583
