IntronPotTab 1 1024 -8.58976 1.20289 9.25131 18013 6 16  111.30
   -0.01317
    0.07187
   -0.05434
    0.03328
   -0.04876
    0.05508
   -0.08514
    0.09156
   -0.04515
    0.07578
   -0.03535
   -0.02331
   -0.10014
    0.01851
    0.02067
    0.01074
   -0.08531
    0.10608
   -0.11227
    0.09358
   -0.09610
    0.06674
   -0.03218
    0.06416
   -0.08013
    0.08871
   -0.06449
    0.01472
   -0.15393
    0.07542
   -0.05962
    0.01769
   -0.03086
    0.05264
   -0.02689
    0.02228
   -0.04936
    0.02926
   -0.05475
    0.07781
   -0.09169
    0.06384
    0.08504
   -0.13078
   -0.24652
    0.03031
    0.01873
    0.05893
   -0.11129
    0.05901
   -0.10950
    0.11951
   -0.08930
    0.07642
   -0.06150
    0.09070
   -0.11863
    0.07475
   -0.04076
    0.05433
   -0.13280
    0.03593
   -0.07563
    0.08015
   -0.03212
    0.06213
   -0.09183
    0.08188
   -0.02159
    0.01407
   -0.04488
    0.10975
   -0.07424
    0.03808
   -0.05884
    0.09507
   -0.07750
   -0.01902
    0.01971
    0.02426
   -0.06470
    0.03869
   -0.12562
    0.13250
   -0.11165
    0.07557
   -0.06773
    0.08872
   -0.11493
    0.06493
   -0.04231
    0.04102
   -0.12997
    0.01028
   -0.02067
    0.04662
   -0.05609
    0.03687
   -0.07261
    0.08483
   -0.04802
    0.00670
   -0.05547
    0.08637
   -0.10501
    0.01659
    0.02187
    0.01853
   -0.22925
   -0.03764
    0.05511
    0.06682
    0.07341
   -0.07447
    0.01772
    0.04819
    0.13722
   -0.07510
   -0.13491
    0.01154
    0.03711
    0.00329
   -0.06412
    0.03737
    0.03826
   -0.07920
    0.01367
    0.01683
   -0.02734
    0.06178
   -0.06709
    0.08970
   -0.05758
    0.04579
   -0.14155
    0.19517
   -0.12189
    0.09989
    0.02914
    0.14363
   -0.07050
   -0.01937
   -0.00878
    0.07042
   -0.07907
    0.07283
   -0.08030
    0.10934
   -0.09828
    0.06853
   -0.08617
    0.13375
   -0.08485
    0.04586
   -0.09919
    0.09200
   -0.07157
    0.06828
   -0.11123
    0.07363
   -0.00610
    0.02593
   -0.07611
    0.08031
   -0.03881
   -0.02247
   -0.06329
    0.13098
   -0.03755
   -0.01073
    0.04115
    0.00091
   -0.23444
    0.02698
   -0.01750
    0.11396
   -0.07781
   -0.01392
   -0.05458
    0.12275
   -0.07487
    0.02000
   -0.07765
    0.15853
   -0.12116
    0.03899
   -0.06077
    0.11972
   -0.06701
    0.00751
   -0.02955
    0.04504
   -0.08428
    0.14930
   -0.14853
    0.07263
   -0.03824
    0.02777
   -0.06883
    0.07845
   -0.11042
    0.11999
   -0.11706
    0.00230
    0.02886
   -0.03483
   -0.00177
    0.02800
   -0.10220
    0.08782
   -0.11059
    0.11437
   -0.12504
    0.09373
   -0.06437
    0.08902
   -0.12180
    0.07253
   -0.06939
    0.07068
   -0.17068
    0.04273
   -0.04976
    0.05200
   -0.04073
    0.05926
   -0.16860
    0.10575
   -0.04922
   -0.00735
   -0.07607
    0.10820
   -0.09688
    0.00628
    0.00550
    0.05643
   -0.19571
   -0.02320
    0.03939
    0.06227
   -0.07741
   -0.03032
   -0.15456
    0.12900
   -0.06596
    0.02955
   -0.09267
    0.11784
   -0.12492
    0.05989
   -0.04025
    0.08919
   -0.13849
   -0.01400
   -0.03539
    0.07590
   -0.09273
    0.10716
   -0.08468
    0.09324
   -0.11470
    0.10077
   -0.10996
    0.14686
   -0.07718
    0.07226
   -0.07247
    0.05120
   -0.09816
    0.03042
   -0.03535
    0.07479
   -0.11063
    0.06450
   -0.19384
    0.13119
   -0.14568
    0.13731
   -0.10565
    0.09842
   -0.11796
    0.10451
   -0.14721
    0.08751
   -0.21540
    0.08778
   -0.07174
    0.03820
   -0.03148
    0.08251
   -0.04774
   -0.01572
   -0.11316
    0.07574
   -0.07683
    0.09996
   -0.10492
    0.09757
    0.02282
   -0.10607
   -0.21513
    0.05090
   -0.01329
    0.05444
   -0.09826
    0.05808
   -0.23260
    0.15795
   -0.12544
    0.04565
   -0.07431
    0.16250
   -0.11854
    0.09841
   -0.10663
    0.07875
   -0.19075
    0.05804
   -0.08130
    0.09412
   -0.04850
    0.07543
   -0.10759
    0.11220
   -0.05499
    0.02350
   -0.10273
    0.14016
   -0.04152
    0.02875
   -0.08219
    0.07533
   -0.10238
    0.00195
   -0.00876
    0.05132
   -0.08104
    0.07425
   -0.16693
    0.12846
   -0.15891
    0.10295
   -0.10256
    0.08670
   -0.15011
    0.07978
   -0.09284
    0.07505
   -0.19794
    0.00803
   -0.03227
    0.06670
   -0.07443
    0.08067
   -0.12893
    0.11155
   -0.12834
    0.03679
   -0.08028
    0.11044
   -0.12261
    0.04636
   -0.04016
    0.03347
   -0.17025
   -0.00745
   -0.00675
    0.08312
   -0.03131
   -0.03368
   -0.02668
    0.08271
    0.04001
   -0.01802
   -0.12195
    0.09551
   -0.06514
    0.04173
   -0.09587
    0.08722
   -0.02859
   -0.01716
   -0.04000
    0.06988
   -0.01412
    0.04395
   -0.14942
    0.12931
   -0.10524
    0.07500
   -0.15871
    0.18415
   -0.06014
    0.04120
   -0.09276
    0.10242
   -0.12473
    0.00348
   -0.02783
    0.11360
   -0.10255
    0.09677
   -0.19556
    0.13992
   -0.13992
    0.10861
   -0.14501
    0.15144
   -0.20058
    0.09571
   -0.14039
    0.09691
   -0.15309
    0.06572
   -0.10624
    0.08186
   -0.02869
    0.05505
   -0.12743
    0.08134
   -0.10977
    0.01619
   -0.11142
    0.18512
   -0.09328
   -0.00657
    0.00696
    0.06659
   -0.27441
    0.03763
   -0.04416
    0.15226
   -0.13444
    0.00721
   -0.14799
    0.19524
   -0.13371
    0.05442
   -0.08912
    0.16933
   -0.16758
    0.06254
   -0.13612
    0.14255
   -0.17765
    0.01130
   -0.06716
    0.11578
   -0.16956
    0.12392
   -0.20541
    0.16281
   -0.09841
    0.08643
   -0.16796
    0.13065
   -0.13551
    0.09173
   -0.12014
    0.06205
   -0.13155
    0.02773
   -0.07513
    0.10043
   -0.28466
    0.20524
   -0.34242
    0.15769
   -0.18010
    0.13461
   -0.07921
    0.06167
   -0.11531
    0.09345
   -0.13287
    0.09007
   -0.10254
   -0.07162
    0.02323
    0.12310
   -0.14118
    0.12557
   -0.22155
    0.09112
   -0.13145
    0.06288
   -0.09206
    0.08819
   -0.17581
    0.05611
   -0.04508
    0.07071
   -0.14656
    0.00428
   -0.00910
    0.06400
   -0.10926
    0.03929
   -0.25580
    0.10638
   -0.15604
    0.03918
   -0.13987
    0.14377
   -0.10113
    0.07002
   -0.10936
    0.11049
   -0.22248
    0.01899
   -0.05537
    0.08738
   -0.10659
    0.08215
   -0.01563
    0.09040
   -0.06990
    0.09785
   -0.08004
    0.07956
   -0.07303
    0.05127
    0.00521
    0.02295
   -0.09593
    0.00156
    0.02983
    0.00703
   -0.06789
    0.09160
   -0.10735
    0.07179
   -0.13683
    0.09984
   -0.04312
    0.09213
   -0.13294
    0.10114
   -0.06361
    0.07020
   -0.20242
    0.09237
   -0.03250
   -0.00067
   -0.01272
    0.11629
   -0.08185
    0.09281
   -0.08092
    0.07398
   -0.05215
    0.06028
   -0.12447
    0.03816
    0.10634
   -0.06277
   -0.17024
    0.02575
    0.02496
    0.02117
   -0.08902
    0.04818
   -0.15796
    0.12794
   -0.07438
    0.04901
   -0.06486
    0.10896
   -0.10590
    0.05169
   -0.02567
    0.09081
   -0.10989
    0.01715
   -0.02196
    0.04705
   -0.03589
    0.08066
   -0.11358
    0.10988
   -0.02156
    0.01946
   -0.07922
    0.11221
   -0.04414
    0.01514
   -0.04746
    0.07932
   -0.08989
   -0.03619
    0.02064
    0.05550
   -0.08069
    0.03964
   -0.08184
    0.10749
   -0.10873
    0.07927
   -0.06307
    0.09028
   -0.11228
    0.04251
   -0.05518
    0.07548
   -0.17788
    0.01272
   -0.00801
    0.03583
   -0.07508
    0.03506
   -0.05176
    0.08153
   -0.10129
    0.00365
   -0.00788
    0.09438
   -0.13081
    0.00016
    0.02755
    0.04887
   -0.19068
   -0.03580
    0.03073
    0.06640
    0.05992
   -0.05482
   -0.04285
    0.06678
    0.08908
   -0.06250
   -0.10344
    0.04105
   -0.03326
    0.00036
   -0.06013
    0.10372
   -0.01728
   -0.05936
   -0.02136
    0.08324
   -0.03217
    0.03520
   -0.09439
    0.15845
   -0.05254
    0.05601
   -0.12853
    0.16428
   -0.01860
   -0.02489
   -0.00383
    0.09268
   -0.08494
   -0.01734
   -0.01505
    0.10449
   -0.11410
    0.06282
   -0.06379
    0.10982
   -0.12250
    0.12116
   -0.10411
    0.12296
   -0.08341
    0.04108
   -0.05410
    0.07370
   -0.15270
    0.07578
   -0.06889
    0.04961
   -0.03565
    0.02454
   -0.05016
    0.06995
   -0.08078
    0.01844
   -0.06877
    0.13127
   -0.03813
   -0.05476
    0.04725
    0.03530
   -0.18270
    0.01139
   -0.01438
    0.09211
   -0.13020
    0.03182
   -0.11035
    0.13591
   -0.13378
    0.04549
   -0.05301
    0.16855
   -0.19532
    0.03615
   -0.03741
    0.14352
   -0.18795
    0.00334
   -0.04235
    0.09913
   -0.04939
    0.20573
   -0.28640
    0.09301
   -0.06268
    0.08430
   -0.20861
    0.15026
   -0.10033
    0.09038
   -0.19061
    0.10876
   -0.11804
    0.03958
   -0.09380
    0.10702
   -0.06614
    0.07152
   -0.16673
    0.12816
   -0.15763
    0.11132
   -0.08205
    0.11434
   -0.11257
    0.05847
   -0.08387
    0.08621
   -0.15569
    0.01252
   -0.01299
    0.04000
   -0.00109
    0.09008
   -0.24927
    0.12439
   -0.08287
    0.02482
   -0.09239
    0.11387
   -0.12268
    0.02077
   -0.02922
    0.07123
   -0.18889
   -0.00891
    0.02039
    0.03867
   -0.09592
    0.02125
   -0.25871
    0.15798
   -0.07928
    0.03493
   -0.12000
    0.12130
   -0.11369
    0.04420
   -0.07899
    0.11291
   -0.16102
   -0.00487
   -0.04867
    0.09683
   -0.06721
    0.12371
   -0.11384
    0.08351
   -0.07329
    0.05526
   -0.11859
    0.16215
   -0.01967
    0.08285
   -0.05703
   -0.08617
   -0.08117
    0.00827
   -0.03233
    0.07979
   -0.09764
    0.10606
   -0.12888
    0.07344
   -0.13014
    0.12398
   -0.11833
    0.09707
   -0.13200
    0.12601
   -0.06606
   -0.00572
   -0.21290
    0.07337
   -0.06522
    0.04831
   -0.05907
    0.09353
   -0.05220
    0.00984
   -0.08099
    0.06081
   -0.13885
    0.10781
   -0.07391
    0.07090
    0.03888
   -0.09492
   -0.15613
    0.04347
   -0.01612
    0.05903
   -0.19406
    0.02306
   -0.28830
    0.23652
   -0.10632
    0.05384
   -0.06811
    0.13261
   -0.10310
    0.08176
   -0.05835
    0.04138
   -0.13071
    0.01909
   -0.09459
    0.10364
   -0.04145
    0.06801
   -0.10922
    0.11548
   -0.06747
    0.01401
   -0.05919
    0.12260
   -0.03895
    0.02667
   -0.06460
    0.06474
   -0.14390
   -0.04829
    0.01682
    0.10059
   -0.04608
    0.03344
   -0.18406
    0.16099
   -0.13269
    0.07183
   -0.08673
    0.10906
   -0.11236
    0.04377
   -0.06316
    0.07486
   -0.06847
   -0.04214
   -0.04337
    0.09533
   -0.06046
    0.06123
   -0.10981
    0.09898
   -0.08303
    0.01805
   -0.11550
    0.12579
   -0.09941
    0.01142
    0.01125
    0.03353
   -0.21667
   -0.05269
    0.01829
    0.11800
    0.01957
   -0.05746
   -0.08953
    0.11790
    0.16156
    0.04886
   -0.00736
   -0.10190
   -0.01882
    0.01952
   -0.06475
    0.04827
   -0.00718
   -0.04440
   -0.04269
    0.09181
   -0.02331
    0.07249
   -0.17497
    0.13687
   -0.10637
    0.06689
   -0.13378
    0.16639
   -0.04312
    0.04968
   -0.06901
    0.04547
   -0.08612
    0.00981
   -0.04764
    0.11570
   -0.09311
    0.09897
   -0.23704
    0.17276
   -0.12040
    0.05698
   -0.14528
    0.17213
   -0.11024
    0.04395
   -0.12227
    0.09768
   -0.09625
    0.03616
   -0.09508
    0.09213
   -0.03117
    0.05204
   -0.13523
    0.09423
   -0.08338
   -0.00354
   -0.10713
    0.15830
   -0.06863
   -0.00087
    0.00726
    0.04415
   -0.24580
    0.01061
   -0.04013
    0.15484
   -0.10632
    0.04443
   -0.24109
    0.17440
   -0.12502
    0.02916
   -0.06846
    0.13706
   -0.15880
    0.04742
   -0.11616
    0.07316
   -0.15329
   -0.00622
   -0.08189
    0.12691
   -0.06560
    0.07262
   -0.12273
    0.09620
   -0.07531
    0.04859
   -0.12086
    0.11646
   -0.13610
    0.08416
   -0.11709
    0.11378
   -0.14919
   -0.04643
   -0.06550
    0.12619
   -0.10897
    0.10291
   -0.15325
    0.12810
   -0.15133
    0.07830
   -0.07329
    0.09423
   -0.08168
    0.03392
   -0.09231
    0.09211
   -0.17089
    0.00074
   -0.06509
    0.06495
   -0.04614
    0.07626
   -0.14821
    0.08101
   -0.09725
    0.01959
   -0.10238
    0.10725
   -0.11668
    0.01991
    0.00432
    0.04543
   -0.19342
   -0.03963
   -0.02636
    0.10827
   -0.04981
   -0.06055
   -0.16230
    0.13880
   -0.13152
    0.03105
   -0.10856
    0.11810
   -0.10815
    0.04215
   -0.05816
    0.09512
   -0.19918
   -0.08567
   -0.14347
    0.11440
