IntronPotTab 1 1024 -8.63567 0.56234 17.43135 57831 6 16  108.37
    0.06379
   -0.00885
   -0.04795
   -0.05988
   -0.03659
    0.07741
    0.01272
   -0.02344
   -0.03717
    0.06376
    0.07027
   -0.05832
   -0.03033
   -0.00925
    0.01840
    0.02865
    0.02063
    0.02655
   -0.07833
    0.02828
   -0.01622
    0.04239
   -0.05118
    0.00651
   -0.00348
    0.00923
   -0.01707
    0.01612
    0.08585
   -0.02600
   -0.02685
   -0.03215
    0.00422
    0.06171
   -0.01037
   -0.03065
   -0.01634
    0.04179
   -0.00429
   -0.00829
    0.00135
    0.02147
    0.01161
   -0.03985
   -0.04984
    0.01663
    0.01687
    0.01438
   -0.02085
    0.08458
   -0.01377
   -0.01561
   -0.07147
    0.15465
    0.09097
   -0.05998
   -0.08590
    0.08072
    0.06795
   -0.01341
   -0.07375
   -0.01072
    0.02528
    0.04515
    0.01987
    0.00186
    0.00015
   -0.02576
    0.01973
    0.05365
    0.01334
   -0.07571
   -0.04911
    0.06450
    0.07284
   -0.05272
    0.03611
   -0.04591
    0.02171
   -0.00731
    0.00531
   -0.00643
   -0.03035
    0.02873
   -0.03395
    0.05423
   -0.06947
    0.02424
   -0.00386
   -0.00161
   -0.03294
    0.03588
    0.08520
   -0.04665
   -0.03715
    0.02357
    0.02295
   -0.03481
   -0.03350
    0.03301
    0.02313
   -0.05587
   -0.02830
    0.05221
    0.03031
   -0.00871
   -0.01841
   -0.01475
   -0.01419
   -0.04318
   -0.00310
    0.05009
    0.17648
   -0.02347
   -0.06821
   -0.11270
   -0.08998
    0.13157
    0.05587
   -0.04035
   -0.01028
    0.02097
    0.08735
   -0.07621
   -0.07207
   -0.04222
    0.04980
    0.04289
    0.03671
    0.04105
   -0.01135
   -0.06069
   -0.01813
    0.07358
    0.00033
   -0.02354
   -0.01444
    0.06584
    0.03822
   -0.06801
   -0.03597
    0.01634
    0.05725
   -0.02426
    0.02806
    0.05028
   -0.07969
    0.02272
   -0.00573
    0.03972
   -0.06145
    0.01524
    0.00625
    0.02181
   -0.03894
    0.01709
    0.12458
   -0.01873
   -0.01739
   -0.05683
   -0.00418
    0.02058
   -0.02501
    0.01965
   -0.00382
   -0.01085
   -0.07620
    0.06179
    0.02117
   -0.00513
    0.01136
   -0.04040
   -0.00804
    0.00024
   -0.02028
    0.02183
   -0.03504
    0.17565
   -0.01280
   -0.06062
   -0.06327
    0.12779
    0.05116
   -0.03502
   -0.07967
    0.08906
    0.08149
   -0.03494
   -0.02707
   -0.01757
    0.02749
    0.01379
    0.00356
    0.09797
   -0.03308
   -0.03433
   -0.03961
    0.10388
    0.07328
   -0.04861
   -0.07595
    0.10151
    0.12452
   -0.04713
   -0.01444
   -0.01336
    0.09723
   -0.02999
    0.00320
    0.04982
   -0.07273
    0.02295
   -0.02626
    0.05545
   -0.07027
    0.01794
   -0.01674
    0.02203
   -0.02509
    0.01982
    0.06254
    0.02911
   -0.04499
   -0.03053
   -0.02333
    0.06041
   -0.03868
    0.01941
   -0.02583
    0.00109
   -0.03257
    0.03836
    0.01315
   -0.00228
   -0.01576
   -0.00088
   -0.04635
   -0.00791
    0.02580
    0.02258
   -0.04212
    0.13955
    0.02327
   -0.03884
   -0.09473
    0.17742
    0.10130
   -0.05561
   -0.08898
    0.07724
    0.08308
   -0.00867
   -0.08857
   -0.01760
    0.01829
    0.05503
    0.02031
    0.04256
   -0.05316
   -0.01185
   -0.01699
    0.05427
   -0.02871
   -0.01066
   -0.01084
    0.03198
   -0.02248
    0.00219
   -0.02053
   -0.01134
   -0.00309
    0.02865
    0.02637
    0.06284
   -0.11666
    0.02811
   -0.03803
    0.06551
   -0.07602
    0.03656
   -0.02277
    0.03126
   -0.04010
    0.03985
    0.04850
    0.01254
   -0.05708
    0.01198
    0.01264
    0.05821
   -0.02232
   -0.02838
   -0.01964
    0.04482
   -0.01665
   -0.00229
    0.00335
    0.02137
    0.00808
   -0.03711
   -0.03452
    0.02395
   -0.02780
    0.02864
   -0.02567
    0.02740
   -0.05314
    0.02260
   -0.04937
    0.09906
   -0.00346
   -0.02576
   -0.04824
    0.06039
   -0.00420
    0.00484
   -0.05000
   -0.01460
   -0.02473
    0.05462
    0.01032
   -0.00751
   -0.06171
    0.05030
    0.00425
   -0.00352
   -0.06918
    0.04417
    0.00713
    0.00727
   -0.04574
    0.02516
    0.02232
   -0.03210
   -0.03822
    0.04806
    0.02111
    0.01120
   -0.07531
    0.03261
   -0.09200
    0.09363
   -0.09300
    0.03175
   -0.04220
    0.00888
   -0.02629
    0.05239
    0.03373
   -0.01908
   -0.07037
    0.05078
   -0.00138
   -0.01125
   -0.01772
    0.02550
   -0.02876
   -0.01795
   -0.02165
    0.06038
   -0.00993
    0.00779
   -0.01195
    0.01547
   -0.01560
   -0.03931
   -0.03244
    0.06972
    0.02516
   -0.00316
   -0.06295
    0.02742
   -0.05246
    0.02964
   -0.07792
    0.05099
   -0.00079
    0.01172
   -0.04503
    0.03338
   -0.01720
   -0.05009
   -0.06398
    0.09471
    0.03155
    0.00559
   -0.07156
    0.03394
   -0.00015
    0.00690
   -0.07766
    0.07460
    0.00406
    0.02091
   -0.05137
    0.03493
    0.01294
   -0.01792
   -0.05076
    0.06039
    0.00445
    0.02658
   -0.06924
    0.04436
   -0.04747
    0.06484
   -0.06410
    0.05006
   -0.00108
    0.01911
   -0.05769
    0.04803
    0.10432
   -0.04405
   -0.04501
    0.01892
   -0.00067
    0.01369
   -0.02357
    0.01829
   -0.02865
    0.00430
   -0.06356
    0.08005
    0.00226
    0.01083
   -0.00555
   -0.00802
   -0.02944
   -0.00556
   -0.05270
    0.07030
   -0.02695
    0.03295
   -0.10396
    0.06119
   -0.04062
    0.03068
   -0.07048
    0.07291
   -0.02493
    0.03264
   -0.05990
    0.06452
   -0.00481
   -0.02328
   -0.06673
    0.07720
   -0.13068
    0.22024
   -0.18873
   -0.00246
   -0.03300
    0.06593
    0.01395
   -0.02156
   -0.05355
    0.06311
    0.04400
   -0.02296
   -0.05165
    0.00015
    0.05661
    0.01087
    0.02338
    0.08674
   -0.10869
    0.00304
   -0.04582
    0.07819
   -0.06827
    0.01477
   -0.02007
    0.01226
   -0.02457
    0.03104
    0.00987
    0.06574
   -0.07707
   -0.00783
   -0.08024
    0.23622
   -0.11704
   -0.00726
   -0.03904
    0.04022
   -0.00210
    0.01089
    0.01406
    0.01304
   -0.03726
    0.00227
   -0.06145
    0.02986
   -0.01205
    0.03028
   -0.03236
    0.10880
    0.01334
   -0.04731
   -0.07663
    0.14191
    0.03167
   -0.03867
   -0.07900
    0.06887
    0.00991
    0.02506
   -0.12034
    0.00062
   -0.02702
    0.06703
    0.01115
    0.02857
   -0.01730
   -0.01818
   -0.00557
    0.06407
   -0.01753
   -0.02942
   -0.02735
    0.05603
    0.03390
   -0.03870
   -0.05411
   -0.01599
    0.03910
    0.03251
    0.01475
    0.02776
   -0.05210
    0.01415
   -0.01836
    0.04914
   -0.05799
    0.01674
   -0.01479
    0.00817
   -0.01122
    0.03099
    0.05141
   -0.01506
    0.00575
   -0.02977
   -0.01406
    0.03281
    0.03400
   -0.03398
   -0.01482
    0.02664
   -0.03382
    0.01402
   -0.00797
    0.02975
    0.01442
   -0.03335
   -0.02246
    0.00181
    0.01476
    0.00455
   -0.04929
    0.08978
   -0.02654
    0.00820
   -0.03404
    0.08646
    0.03710
   -0.03827
   -0.06409
    0.07022
    0.02539
    0.00215
   -0.05657
   -0.01874
    0.02725
    0.02795
    0.01675
    0.00432
   -0.02737
    0.00166
    0.02893
   -0.00274
   -0.05612
    0.00366
   -0.02008
    0.01931
    0.02309
   -0.01708
    0.00661
   -0.04356
    0.01719
    0.01886
    0.01368
   -0.00951
   -0.03058
    0.01937
   -0.03740
    0.06413
   -0.08298
    0.03882
   -0.01080
   -0.01746
   -0.01109
    0.03946
    0.06401
   -0.03998
   -0.03711
    0.03262
    0.00961
   -0.03352
   -0.02133
    0.03399
   -0.01429
   -0.01739
   -0.02630
    0.04902
   -0.00450
    0.00281
    0.00221
    0.00014
   -0.02747
   -0.02586
    0.00006
    0.03765
    0.21640
   -0.08009
   -0.12380
   -0.11095
   -0.02725
    0.03869
   -0.05081
    0.01768
    0.07298
   -0.03310
   -0.02466
   -0.03270
   -0.01330
   -0.04731
    0.00874
    0.04160
    0.01714
   -0.00235
   -0.03425
    0.01454
    0.00669
   -0.00984
   -0.06650
    0.05827
    0.00049
    0.02531
   -0.04921
    0.03993
    0.01438
   -0.03071
   -0.01713
    0.02725
    0.01158
    0.01454
   -0.04868
    0.02366
   -0.01678
    0.04557
   -0.07189
    0.03548
    0.00241
    0.03270
   -0.04101
    0.01852
    0.10575
   -0.04544
   -0.03079
   -0.00507
    0.01332
    0.00032
   -0.02515
    0.00929
   -0.00826
   -0.00833
   -0.06088
    0.06040
   -0.00284
   -0.02457
    0.03944
   -0.03044
   -0.02707
   -0.03169
   -0.02143
    0.04982
   -0.02042
    0.06090
   -0.04705
    0.01423
   -0.00535
    0.00999
   -0.05227
    0.03599
   -0.00311
    0.02114
   -0.03778
    0.03348
    0.01934
   -0.02750
   -0.03347
    0.03789
    0.02213
    0.10424
   -0.13453
   -0.00297
   -0.01529
    0.03480
   -0.05932
    0.02673
   -0.05337
    0.07379
    0.00760
   -0.00335
   -0.06991
    0.03982
    0.02470
    0.01599
    0.00978
    0.04797
   -0.08020
    0.01992
   -0.02446
    0.04565
   -0.08417
    0.03737
   -0.01163
    0.03692
   -0.03296
    0.00585
    0.03098
   -0.01144
   -0.03546
    0.01942
    0.01111
    0.05853
   -0.06113
   -0.00210
   -0.00431
   -0.02368
   -0.05134
    0.04305
    0.00310
    0.02670
   -0.01898
   -0.01150
   -0.07283
   -0.02115
    0.03776
    0.03123
   -0.01251
    0.08613
   -0.05486
   -0.00649
   -0.05852
    0.07606
    0.01218
   -0.00757
   -0.03434
    0.05026
   -0.00652
    0.00510
   -0.03327
   -0.01183
   -0.00653
    0.03128
   -0.02221
    0.09799
   -0.00411
   -0.02581
   -0.03675
    0.12401
    0.06992
   -0.05605
   -0.07807
    0.08588
    0.13592
   -0.03502
   -0.08007
    0.00404
    0.08200
    0.03817
   -0.03386
    0.01046
   -0.05894
    0.07443
   -0.04744
    0.06614
   -0.08757
    0.03703
   -0.02705
    0.00995
   -0.02191
    0.04748
    0.04969
   -0.01949
   -0.00854
   -0.01599
   -0.02576
    0.05966
    0.01432
   -0.01285
   -0.05711
    0.04429
   -0.03281
    0.03564
    0.00894
    0.03656
   -0.02192
   -0.02558
   -0.05639
   -0.02384
    0.02319
    0.03663
   -0.14765
    0.09271
   -0.03261
    0.06591
   -0.10456
    0.18757
    0.10254
   -0.04131
   -0.13445
    0.08339
    0.06433
    0.03988
   -0.13007
   -0.01057
    0.04432
    0.07465
   -0.00727
    0.05287
   -0.00555
   -0.02651
   -0.03441
    0.09156
    0.04376
   -0.04851
   -0.07050
    0.07633
    0.14663
   -0.07225
   -0.02598
   -0.03290
    0.05508
    0.00988
    0.01395
   -0.01892
   -0.05401
    0.04388
   -0.07423
    0.07215
   -0.09054
    0.05150
   -0.01138
   -0.02200
   -0.04496
    0.06722
    0.10450
   -0.06116
   -0.04851
    0.04545
    0.00904
   -0.01248
   -0.03608
    0.03191
   -0.00519
   -0.04150
   -0.05657
    0.08168
    0.00171
   -0.00559
   -0.01024
    0.01561
   -0.05759
   -0.06208
    0.00864
    0.08358
    0.05363
    0.06111
   -0.02886
   -0.05705
   -0.13907
    0.13640
    0.06133
   -0.00445
   -0.09716
    0.05347
    0.11564
   -0.01713
   -0.12764
   -0.03446
    0.02813
    0.06895
   -0.00750
    0.07865
   -0.01630
   -0.02258
   -0.00367
    0.07761
   -0.02598
   -0.03141
   -0.04805
    0.06594
    0.06204
   -0.03448
   -0.04553
    0.00731
    0.04442
    0.00046
    0.01026
    0.04802
   -0.08561
    0.04460
   -0.03262
    0.05894
   -0.07215
    0.03644
   -0.00230
    0.01977
   -0.05593
    0.04926
    0.10799
   -0.03482
   -0.04047
   -0.00650
   -0.00255
    0.01931
   -0.04986
    0.03711
   -0.01023
   -0.01391
   -0.09828
    0.07962
    0.01241
    0.00115
   -0.01312
   -0.00421
   -0.02352
   -0.02221
   -0.03452
    0.05897
   -0.07172
    0.12374
   -0.03814
    0.00553
   -0.05875
    0.10436
   -0.00319
   -0.01233
   -0.09638
    0.07959
    0.01712
    0.03148
   -0.05933
   -0.00200
   -0.01594
    0.04651
   -0.04030
    0.13762
   -0.03057
   -0.02934
   -0.08127
    0.11217
    0.05947
   -0.00846
   -0.08191
    0.05952
    0.10161
   -0.01648
   -0.14539
    0.00955
    0.14778
    0.04707
   -0.00828
    0.07605
   -0.07708
    0.01708
   -0.05807
    0.07690
   -0.08944
    0.02928
   -0.02884
    0.02540
   -0.05339
    0.05067
    0.03488
   -0.00308
   -0.03913
    0.00703
   -0.03956
    0.08924
   -0.00848
   -0.00400
   -0.05982
    0.02055
   -0.02545
    0.04672
    0.00918
   -0.00444
   -0.00868
    0.00158
   -0.14216
    0.01665
    0.04326
    0.04321
   -0.08011
    0.12500
    0.01566
   -0.00651
   -0.13860
    0.13668
    0.05482
   -0.00037
   -0.10985
    0.07127
    0.04826
    0.02834
   -0.15703
   -0.05179
   -0.04369
    0.10940
