IntronPotTab 1 1024 -13.98293 4.49487 22.71513 4766 6 16  150.01
    0.04999
    0.00950
   -0.15971
    0.04749
    0.01132
    0.11817
   -0.12656
   -0.00641
    0.07213
    0.03698
   -0.13937
    0.00511
   -0.04320
    0.03612
   -0.07772
    0.03902
    0.04142
    0.02342
   -0.23742
    0.09887
   -0.07020
    0.13293
   -0.10382
   -0.07453
   -0.06080
    0.11919
   -0.32468
    0.00984
   -0.16240
    0.13415
   -0.01050
   -0.21018
   -0.01101
    0.03364
   -0.09369
    0.06452
   -0.02586
   -0.01131
    0.00266
    0.02748
    0.33166
   -0.26131
   -0.27699
   -0.40793
   -0.08926
   -0.07964
   -0.06186
    0.17172
   -0.07297
    0.03976
   -0.14469
    0.09437
   -0.10287
    0.21156
   -0.13870
   -0.05676
    0.12125
    0.01662
   -0.28921
    0.01846
    0.07676
    0.01479
   -0.13554
    0.01450
    0.16480
   -0.05125
   -0.28973
    0.25686
    0.21023
   -0.06362
   -0.34198
    0.44887
    0.19201
   -0.10740
   -0.22912
    0.22575
    0.06886
   -0.03098
   -0.34998
    0.38996
    0.18551
   -0.01577
   -0.27488
    0.08947
   -0.08396
    0.20652
   -0.17882
   -0.04787
    0.08151
    0.03543
   -0.17238
   -0.03716
    0.24691
    0.03712
   -0.15749
   -0.01067
    0.03425
    0.08522
   -0.31004
    0.07490
   -0.20237
    0.21107
   -0.14546
   -0.02274
    0.07226
   -0.03149
   -0.06731
    0.07004
   -0.17765
   -0.01361
   -0.21103
    0.28943
    0.30034
   -0.26414
    0.04448
    0.12905
    0.04568
    0.22304
   -0.30957
   -0.00540
    0.36615
   -0.54468
    0.08049
   -0.26346
    0.01894
   -0.17354
   -0.32013
    0.27608
    0.20572
    0.04174
   -0.27507
    0.20446
   -0.02077
    0.01740
   -0.06063
    0.20346
    0.10408
   -0.02943
   -0.07368
    0.00152
    0.05003
    0.09483
   -0.29429
    0.15351
    0.10382
    0.01168
   -0.25253
    0.19963
    0.02537
    0.12786
   -0.10660
   -0.00494
    0.06098
   -0.00362
   -0.14313
    0.07909
    0.25609
   -0.05203
   -0.02650
    0.04045
   -0.18222
    0.33278
   -0.37313
   -0.16209
    0.10022
    0.05675
   -0.05010
    0.02355
   -0.15624
   -0.16922
   -0.12816
    0.32258
   -0.19929
    0.04252
   -0.13141
    0.18656
    0.14570
   -0.18657
    0.04806
    0.23733
    0.18895
   -0.08641
   -0.08330
    0.14904
    0.16011
   -0.11565
   -0.10077
    0.14036
    0.09225
   -0.09543
   -0.18564
    0.20492
    0.02951
    0.02110
   -0.22978
    0.10011
    0.01813
   -0.18547
    0.13988
   -0.21883
   -0.03204
   -0.00812
   -0.03537
    0.08987
   -0.05172
   -0.00260
   -0.22058
    0.15110
   -0.00511
    0.04539
   -0.20665
    0.07394
   -0.08493
    0.14527
   -0.18093
    0.05363
    0.07015
    0.05860
   -0.18454
   -0.08673
   -0.01535
    0.05643
   -0.03718
   -0.06239
    0.14000
   -0.01819
   -0.19140
   -0.01546
    0.00260
    0.02393
   -0.00841
   -0.02169
    0.07358
   -0.08768
    0.00333
   -0.00554
   -0.14062
   -0.05207
   -0.00113
    0.13012
    0.06165
   -0.11156
   -0.02047
    0.05402
   -0.02878
    0.10220
   -0.10541
    0.06853
   -0.00048
    0.08571
   -0.15528
    0.04978
   -0.02912
   -0.03113
   -0.12715
    0.10432
    0.04750
    0.06325
   -0.33937
    0.14267
   -0.24023
   -0.10684
   -0.28099
    0.43537
    0.06478
    0.02082
   -0.21688
    0.14961
   -0.08443
    0.10892
   -0.37186
   -0.00811
   -0.14233
    0.25198
   -0.47563
   -0.01223
   -0.21813
    0.32645
   -0.28643
   -0.01884
   -0.06135
    0.08467
   -0.13354
    0.03341
   -0.20193
   -0.14284
    0.23675
   -0.07907
   -0.03433
   -0.00399
   -0.19364
    0.17096
   -0.05607
    0.14519
   -0.09900
    0.03252
   -0.15632
   -0.10672
    0.28219
   -0.19104
   -0.06400
    0.05862
   -0.11006
    0.05543
   -0.21038
    0.26331
   -0.55157
   -0.17409
   -0.10383
    0.10686
   -0.10899
    0.15037
   -0.00656
    0.08728
   -0.20132
    0.10187
   -0.16633
    0.01245
   -0.20321
    0.11649
    0.06971
    0.10950
   -0.44219
    0.23971
   -0.02657
    0.17619
   -0.21417
   -0.03303
    0.10798
   -0.07564
    0.00255
    0.01044
    0.50461
   -0.02973
   -0.54338
    0.09962
   -0.14028
   -0.00034
   -0.18268
    0.21554
   -0.01078
    0.04834
   -0.05176
    0.06344
    0.06544
    0.02619
   -0.20253
    0.07094
    0.07843
    0.08989
   -0.32184
   -0.05844
   -0.09817
    0.08452
   -0.34329
    0.28142
   -0.14063
    0.00242
   -0.01022
    0.12429
   -0.05576
    0.10446
   -0.21422
    0.10518
   -0.09249
    0.03698
   -0.30461
    0.20070
    0.09169
   -0.21516
    0.03739
    0.11333
   -0.11227
    0.01837
   -0.01764
    0.09178
    0.28946
   -0.12235
   -0.25048
   -0.00530
    0.33408
   -0.23708
   -0.49769
    0.43409
    0.10621
    0.08039
   -0.33909
    0.23397
    0.01824
    0.23969
   -0.11952
    0.11565
    0.15894
   -0.00314
   -0.13199
    0.04475
   -0.09087
    0.16265
   -0.33106
    0.07380
   -0.01115
   -0.01022
   -0.34837
    0.31872
   -0.18680
    0.25091
   -0.17776
    0.19537
   -0.07113
    0.10178
   -0.26285
    0.12467
   -0.05859
   -0.04242
   -0.18891
    0.26963
    0.13878
   -0.00050
   -0.19571
    0.18115
   -0.05431
    0.10258
   -0.01390
    0.00077
    0.07678
   -0.00981
   -0.04942
   -0.00395
   -0.13101
    0.03600
   -0.20847
    0.26898
    0.10379
   -0.11314
   -0.14783
    0.27586
   -0.15441
    0.06579
   -0.03016
    0.10428
   -0.05275
   -0.12176
    0.09901
    0.06610
   -0.14125
    0.02566
   -0.26956
    0.18077
   -0.05463
    0.15366
   -0.26256
    0.09132
    0.02081
    0.12324
   -0.16496
    0.08310
   -0.03347
   -0.05571
    0.12308
   -0.00830
   -0.15182
    0.00777
   -0.01061
    0.07803
   -0.15614
    0.22427
   -0.32368
   -0.01475
    0.03774
    0.16541
   -0.02798
   -0.18744
    0.01426
    0.08876
   -0.17156
   -0.05303
   -0.21388
    0.14480
   -0.23609
   -0.13015
   -0.32601
    0.37335
   -0.53658
   -0.31430
   -0.02815
    0.04744
   -0.07867
    0.08578
   -0.30359
   -0.16478
   -0.30586
    0.41576
   -0.09780
   -0.00151
   -0.12184
    0.14792
    0.30954
   -0.21462
   -0.39512
   -0.22059
   -0.02153
    0.12362
   -0.10249
    0.03088
    0.05979
   -0.02168
   -0.15700
    0.10380
   -0.20832
    0.10670
   -0.20452
    0.01848
    0.09552
    0.00003
   -0.23680
    0.13317
   -0.25271
   -0.00602
    0.02221
    0.15271
    0.01677
    0.06913
   -0.09448
   -0.01339
   -0.08177
    0.00444
   -0.07102
    0.11772
   -0.05144
    0.13957
   -0.31251
    0.05843
   -0.28632
    0.09020
    0.06768
   -0.13001
   -0.18165
    0.19808
   -0.28581
    0.00682
   -0.33056
   -0.12215
   -0.01475
    0.17428
   -0.06120
    0.07039
   -0.05813
    0.04294
   -0.12388
    0.09700
    0.04495
   -0.10674
   -0.00429
    0.02698
    0.04106
   -0.09616
   -0.13351
    0.06859
   -0.11142
    0.06033
    0.02757
   -0.06885
   -0.10671
    0.10245
   -0.33226
    0.16046
    0.00096
   -0.05456
    0.02239
    0.08150
   -0.16502
    0.04285
   -0.01286
    0.05285
   -0.21723
    0.07024
    0.09346
    0.00323
   -0.30142
    0.28827
    0.03121
    0.05449
   -0.08548
    0.08035
    0.02466
   -0.01704
   -0.08410
    0.11488
    0.02792
    0.04590
   -0.35071
    0.23885
    0.02808
    0.03036
   -0.14877
    0.05198
    0.05023
    0.10232
   -0.09116
   -0.01194
    0.09644
   -0.04699
   -0.12600
    0.10403
    0.12127
   -0.13633
   -0.39170
    0.29035
   -0.03720
    0.03890
   -0.17016
    0.17007
   -0.17400
   -0.02603
    0.05006
   -0.06332
   -0.01291
   -0.01482
   -0.03014
    0.09036
   -0.31718
    0.00833
   -0.01061
    0.07567
    0.19591
   -0.20120
   -0.03005
    0.05946
   -0.04940
   -0.02168
    0.01515
    0.03141
    0.34213
   -0.21688
   -0.22132
   -0.11226
   -0.09914
   -0.07013
   -0.40599
    0.34790
    0.16909
   -0.02890
   -0.21629
    0.18366
   -0.20430
   -0.03407
   -0.18147
    0.51511
    0.05573
    0.02655
   -0.05108
   -0.02089
    0.07358
    0.05682
   -0.19642
    0.10658
    0.08570
    0.00868
   -0.15563
    0.05907
   -0.15036
    0.14265
   -0.02231
   -0.01366
   -0.13751
    0.10967
   -0.18511
    0.18773
    0.04451
    0.01908
   -0.11571
    0.07934
    0.10196
    0.00191
   -0.15832
    0.07577
   -0.02896
    0.07379
   -0.01279
    0.00047
   -0.08869
    0.02705
    0.04250
    0.01471
   -0.24726
    0.10497
   -0.22878
    0.13880
    0.23038
   -0.17572
   -0.11532
    0.13823
   -0.26854
    0.30349
   -0.16324
   -0.07908
    0.28842
   -0.12108
   -0.23262
   -0.15439
   -0.13387
   -0.03968
   -0.37002
    0.26895
   -0.01813
    0.08188
   -0.09901
    0.01462
   -0.03887
    0.06707
   -0.00523
   -0.02132
   -0.00148
    0.02076
   -0.01039
   -0.00861
   -0.09922
   -0.03694
    0.04680
    0.05500
   -0.03921
    0.08691
   -0.22062
    0.09334
   -0.26240
    0.30602
   -0.10978
   -0.13753
   -0.09036
    0.08808
   -0.11838
    0.00744
   -0.15267
    0.11741
   -0.15881
   -0.08029
    0.29902
   -0.16028
   -0.42966
   -0.12005
    0.08600
    0.12255
   -0.14815
    0.00029
   -0.19622
   -0.13551
   -0.17922
    0.36409
   -0.18298
    0.08646
   -0.14161
    0.09795
    0.05240
   -0.06458
   -0.09912
    0.08097
   -0.21458
    0.14591
    0.02174
   -0.06434
   -0.08679
    0.01985
    0.00081
    0.08569
   -0.21487
    0.07961
   -0.20823
    0.10909
    0.03417
   -0.04438
   -0.13112
    0.10481
   -0.03638
    0.11252
   -0.22265
    0.14572
   -0.33348
   -0.48528
    0.32021
   -0.26345
   -0.27442
    0.10057
   -0.15467
    0.17843
   -0.08523
    0.23213
   -0.35920
   -0.13556
   -0.09789
    0.15221
   -0.08380
   -0.07013
    0.29399
   -0.18382
   -0.34802
   -0.28081
    0.06208
   -0.07431
    0.00730
    0.03242
   -0.01267
   -0.03367
   -0.09148
    0.12876
   -0.00714
   -0.05119
    0.00265
    0.04492
   -0.25355
   -0.13022
    0.17104
   -0.01599
   -0.04501
   -0.02399
   -0.13572
    0.14810
   -0.13208
    0.28048
   -0.47469
   -0.14311
    0.01614
    0.00647
   -0.19655
    0.19919
    0.09048
   -0.01078
   -0.11569
    0.02544
   -0.21299
   -0.00758
   -0.17499
    0.14638
   -0.16836
    0.17089
   -0.62108
    0.35011
    0.26733
   -0.02430
   -0.16709
    0.20361
    0.13739
   -0.08868
   -0.19031
    0.23130
    0.06311
   -0.01646
   -0.29980
    0.35698
    0.05672
    0.10647
   -0.39310
    0.03831
   -0.07686
    0.07636
   -0.09433
    0.06935
   -0.03935
    0.05511
   -0.25527
    0.08154
    0.08443
   -0.05860
   -0.25295
    0.20727
   -0.03266
    0.07852
   -0.30936
    0.21216
   -0.13563
   -0.12747
   -0.01345
    0.30874
    0.00791
    0.02895
   -0.17858
    0.13999
   -0.09572
   -0.00705
   -0.21198
    0.24393
    0.11104
   -0.15476
    0.09428
    0.05756
    0.04710
   -0.02910
   -0.21630
    0.32595
    0.37994
   -0.26916
   -0.34520
    0.03248
    0.17557
   -0.07904
   -0.24275
    0.28153
   -0.11568
    0.23376
   -0.47416
    0.07133
   -0.10681
    0.12472
   -0.05442
    0.00175
    0.10505
   -0.11636
    0.00024
    0.14121
    0.08195
    0.04076
   -0.22492
    0.23069
    0.06368
    0.03345
   -0.23587
    0.15256
   -0.03909
    0.06772
   -0.10766
    0.14364
   -0.00457
    0.02021
   -0.09459
    0.05845
    0.15250
   -0.11282
   -0.04220
    0.19212
    0.08726
   -0.01026
   -0.18208
    0.18778
    0.08678
   -0.06946
   -0.01048
    0.04538
    0.01504
   -0.02059
   -0.09136
    0.12504
   -0.52260
    0.03083
    0.00314
    0.11266
    0.06539
   -0.18152
   -0.07634
    0.31601
    0.19293
   -0.14540
   -0.16963
    0.39099
    0.13154
   -0.11425
   -0.13169
    0.18790
    0.03423
   -0.14307
   -0.18731
    0.30144
   -0.30769
   -0.19197
    0.26260
   -0.05791
    0.08667
   -0.03526
   -0.15836
    0.13294
   -0.07439
   -0.05675
    0.07393
    0.03748
   -0.06817
   -0.02634
   -0.11964
    0.09564
    0.32458
   -0.17426
   -0.45199
   -0.14857
   -0.18948
    0.16878
   -0.13113
   -0.00168
   -0.02687
    0.07776
   -0.26570
    0.04593
    0.00923
    0.00028
    0.01612
   -0.01106
    0.07447
   -0.03103
   -0.17866
    0.07048
   -0.09586
    0.14730
   -0.10167
   -0.02289
   -0.12890
    0.07477
   -0.11474
    0.11148
   -0.07420
   -0.08683
   -0.02791
    0.13514
   -0.00514
    0.01039
   -0.15566
    0.08547
    0.21023
   -0.01859
   -0.26601
    0.04897
    0.08824
    0.00860
   -0.26576
    0.10356
   -0.09299
    0.02002
   -0.18086
    0.09334
