11 20 3 1 47 -4.0944 2.6414 4.6707 4232
  0.14755  -0.02957  -0.12179   0.06839  -0.00800  -0.00993  -0.00401   0.03291   0.08696   0.03243  -0.06107   0.03186   0.02248   0.00634  -0.01757  -0.01914   0.02508  -0.03020   0.03666   0.00138 
  0.02195   0.00428  -0.02616   0.01631   0.06471  -0.06555   0.00903   0.01503   0.21279  -0.08416  -0.04892   0.01641   0.07608  -0.06695   0.02731  -0.03033   0.13514  -0.10885   0.03918   0.06732 
  0.11605  -0.08049  -0.00650   0.01462   0.11316  -0.08442  -0.08119   0.09394   0.20483  -0.03647  -0.08880   0.06140   0.06120  -0.01207  -0.09405   0.05051   0.16119  -0.07642  -0.04851   0.09547 
  0.12710  -0.04088  -0.09623   0.07732  -0.02280  -0.03137   0.02830   0.03555   0.10821   0.01606  -0.06077   0.03474  -0.03111  -0.00498   0.01308   0.02953   0.01136  -0.04411   0.02954   0.04125 
  0.00552  -0.00972  -0.01622   0.03994   0.08784  -0.04913  -0.01748  -0.00330   0.19504  -0.08912  -0.02672  -0.01379   0.05394  -0.05024   0.02995  -0.02832   0.08571  -0.11927   0.07755   0.06151 
  0.10009  -0.07295   0.00395   0.00429   0.11092  -0.06519  -0.09313   0.08471   0.12428  -0.02589  -0.10855   0.16878   0.06133  -0.01581  -0.10289   0.06497   0.08438  -0.10359  -0.03571   0.15432 
  0.09963  -0.04192  -0.10579   0.11848  -0.03844  -0.03782   0.06589  -0.00051   0.07450   0.01710  -0.04621   0.03151  -0.00731  -0.01207   0.03336  -0.01595   0.04124  -0.04229   0.05015  -0.00202 
 -0.00147  -0.01005   0.00520   0.01006   0.09483  -0.07885  -0.01050   0.02299   0.21868  -0.10024  -0.03914   0.00177   0.06008  -0.06630   0.01713   0.00897   0.04346  -0.06875   0.05344   0.03806 
  0.11109  -0.07558  -0.00843   0.01688   0.11973  -0.07947  -0.08600   0.08438   0.21181  -0.06207  -0.10489   0.11583   0.05106  -0.04217  -0.02635   0.03943   0.13038  -0.11617  -0.02197   0.13789 
  0.12315  -0.06480  -0.08075   0.09463  -0.03424  -0.06598   0.10355  -0.03201   0.10372   0.03312  -0.05795   0.00432   0.00455   0.02494  -0.04131  -0.00068   0.03102  -0.02302   0.01043   0.01759 
  0.01522   0.00365  -0.01491   0.00487   0.13612  -0.06673  -0.04924  -0.00324   0.16798  -0.10410  -0.02843   0.04606   0.04514  -0.07252   0.06549  -0.03358   0.22645  -0.08583  -0.00535   0.02563 
  0.11828  -0.08240  -0.00299   0.00834   0.12370  -0.09328  -0.09516   0.10574   0.22694  -0.10572  -0.12349   0.17316   0.10069  -0.03734  -0.06343   0.00143   0.05038  -0.07014  -0.05226   0.14061 
  0.14084  -0.06407  -0.10539   0.10396   0.02198  -0.03391   0.07327  -0.10386   0.12146  -0.00064  -0.05154   0.02246  -0.03109   0.05480  -0.02697  -0.03801   0.06388  -0.02325   0.00647   0.00613 
  0.02637   0.01111  -0.01655  -0.01835   0.09070  -0.09204  -0.01941   0.05938   0.20317  -0.07731  -0.03518  -0.01725   0.09328  -0.07887   0.03888  -0.05851   0.15277  -0.11826   0.06978   0.03315 
  0.12971  -0.09167   0.00332  -0.00450   0.14412  -0.06485  -0.16598   0.10983   0.16680  -0.03379  -0.10772   0.13762   0.07566  -0.04978  -0.01910   0.00740   0.01977   0.00650  -0.06290   0.04516 
  0.12227  -0.02991  -0.10338   0.07584  -0.01797  -0.03514   0.08928  -0.07926   0.11457  -0.01726  -0.03555   0.01299   0.02233   0.02380  -0.04851  -0.01369   0.02237  -0.01587   0.06049  -0.06104 
  0.02692  -0.00362   0.00332  -0.02824   0.07737  -0.09466  -0.01996   0.08001   0.22069  -0.13756  -0.02260  -0.00252   0.08014  -0.05600   0.02264  -0.04983   0.17127  -0.07106   0.01613   0.01556 
  0.13144  -0.08663  -0.00586   0.00255   0.13501  -0.07271  -0.12861   0.09847   0.17506  -0.08592  -0.09694   0.16354   0.06881  -0.01853  -0.07267   0.02853   0.10501  -0.11218   0.00382   0.12227 
  0.12491  -0.05824  -0.09584   0.10257   0.01264  -0.02776   0.04769  -0.04738   0.15958  -0.00796  -0.07731   0.05210  -0.00860   0.00157   0.00957  -0.00528   0.01863  -0.02981   0.05182  -0.01667 
  0.03563  -0.00618  -0.01622   0.00371   0.13095  -0.11808   0.00688  -0.00170   0.21054  -0.08466  -0.04073  -0.00209   0.08726  -0.06115   0.01737  -0.04433   0.08011  -0.10815   0.08106   0.04441 
  0.13057  -0.08778  -0.00077  -0.00391   0.12838  -0.08919  -0.07869   0.07737   0.17056   0.00324  -0.14049   0.14676   0.09196  -0.01780  -0.09497   0.01665   0.12061  -0.06896  -0.07161   0.12457 
  0.13316  -0.03433  -0.12012   0.08989   0.02203  -0.02347   0.04084  -0.05563   0.11710   0.03591  -0.07424   0.02606  -0.01451   0.00588  -0.03359   0.04926   0.01302  -0.03347   0.02054   0.03285 
  0.02361   0.00239  -0.02784   0.02081   0.05625  -0.08519  -0.00049   0.06753   0.19328  -0.11768  -0.03370   0.04355   0.04789  -0.06072   0.03027  -0.00126   0.07741  -0.13925   0.11887   0.03707 
  0.09118  -0.09678   0.01262   0.03402   0.14765  -0.17149  -0.08012   0.14261   0.17766  -0.08740  -0.11682   0.19429   0.09256  -0.05295  -0.05722   0.03299   0.04490  -0.04711  -0.02092   0.08455 
  0.12927  -0.07183  -0.09505   0.11399   0.02012  -0.03639   0.03194  -0.01212   0.11492  -0.01743  -0.04024   0.02558  -0.03958   0.05065  -0.00550  -0.04834   0.02475  -0.04123   0.09758  -0.06834 
  0.01522   0.00271  -0.00109  -0.01896   0.14380  -0.12413  -0.01657   0.02175   0.20735  -0.11632  -0.03547   0.02787   0.03632  -0.04537   0.01729   0.00834   0.04550  -0.13856   0.12402   0.04429 
  0.11245  -0.09796   0.00551   0.02304   0.15548  -0.15801  -0.04777   0.08512   0.20292  -0.07842  -0.10359   0.14013   0.11117  -0.03383  -0.11093   0.03042   0.14076  -0.10074   0.00322   0.09131 
  0.15539  -0.07558  -0.09309   0.08750  -0.07553   0.00238   0.04576   0.00268   0.08633   0.01384  -0.03738   0.00037  -0.01306   0.01240  -0.03753   0.04062   0.11137  -0.04806   0.05217  -0.03447 
  0.00552   0.00428  -0.01296   0.01006   0.09661  -0.07119  -0.02398   0.02841   0.21279  -0.13665  -0.03267   0.03597   0.08628  -0.08593   0.01792  -0.00124   0.09750  -0.05351   0.06517  -0.03425 
  0.12359  -0.08701  -0.00299   0.00834   0.15460  -0.08060  -0.09067   0.04132   0.18102  -0.04190  -0.11131   0.13859   0.07745  -0.03835  -0.06046   0.03564   0.11732  -0.11450   0.03900   0.08430 
  0.13574  -0.05860  -0.08419   0.07683   0.00778  -0.05443   0.04521   0.01070   0.07159   0.01001  -0.03963   0.02840  -0.05045   0.03979  -0.07319   0.07000  -0.00789  -0.04237   0.04415   0.02896 
 -0.00323  -0.00140  -0.02083   0.04154   0.09437  -0.06039  -0.03078   0.02475   0.19414  -0.10231  -0.03064   0.01604   0.05607  -0.06773   0.00505   0.03328   0.14978  -0.09560   0.03753   0.04209 
  0.10837  -0.07935  -0.01133   0.03075   0.08541  -0.06378  -0.12901   0.14614   0.16591  -0.06721  -0.15122   0.23485   0.11332  -0.06825  -0.07650   0.04563   0.19002  -0.08944  -0.04287   0.09199 
  0.13230  -0.06443  -0.12347   0.13296  -0.03673  -0.00379   0.03748  -0.01263   0.11779   0.02013  -0.06376   0.02513  -0.00933   0.03377  -0.01063  -0.04272   0.05453  -0.03896   0.05693  -0.02501 
  0.01068   0.01295  -0.01622  -0.00569   0.07822  -0.08677  -0.03796   0.09105   0.20411  -0.10221  -0.05087   0.05508   0.04645  -0.03960   0.03366  -0.04230   0.16130  -0.09875   0.08285  -0.02142 
  0.10973  -0.07860  -0.00490   0.01688   0.15523  -0.09658  -0.15058   0.12017   0.18355  -0.04515  -0.11546   0.14663   0.11430  -0.04259  -0.10052   0.02925   0.12614  -0.05884  -0.06335   0.10169 
  0.14963  -0.05178  -0.12389   0.09932  -0.03678  -0.00561   0.04888  -0.02996   0.13645  -0.02349  -0.04730   0.02828   0.02287   0.02500  -0.02080  -0.05550  -0.04580  -0.03817   0.03534   0.04766 
  0.01747  -0.00140  -0.01198   0.00661   0.12997  -0.13790  -0.03376   0.08163   0.20861  -0.09744  -0.04325   0.02408   0.05827  -0.05126   0.03065  -0.03453   0.16123  -0.10761   0.05090   0.03655 
  0.12622  -0.09050  -0.00907   0.02081   0.16339  -0.12174  -0.10909   0.09977   0.16755  -0.02311  -0.14355   0.18296   0.11531  -0.04886  -0.08507   0.02152   0.07267  -0.01613  -0.05718   0.05595 
  0.14463  -0.04332  -0.12305   0.09274  -0.00908  -0.01480   0.04721  -0.04289   0.09668   0.02121  -0.06092   0.03930   0.01169   0.02878  -0.00585  -0.06995  -0.01878  -0.03513   0.05025   0.01305 
  0.01352   0.00708  -0.01101  -0.00688   0.07538  -0.07715  -0.02549   0.06676   0.22904  -0.11242  -0.04058   0.00552   0.07396  -0.05116   0.01723  -0.03947   0.15834  -0.09072   0.05215   0.01089 
  0.12753  -0.08087  -0.00875   0.00429   0.13892  -0.11956  -0.16608   0.17566   0.16175  -0.05326  -0.13495   0.20442   0.10537  -0.02454  -0.13773   0.04955   0.13445  -0.04328  -0.10801   0.11006 
  0.13915  -0.04930  -0.15163   0.13597   0.00040   0.00105   0.02922  -0.05339   0.09239   0.04443  -0.09944   0.09335   0.04548   0.02146  -0.11146   0.02989   0.05914  -0.03979   0.02639   0.01492 
  0.02911   0.01479  -0.05207   0.03184   0.07734  -0.07665  -0.02629   0.06470   0.22267  -0.07357  -0.11816   0.13923   0.10558  -0.07314  -0.03733   0.02106   0.15565  -0.09994   0.01959   0.06522 
  0.13187  -0.08049  -0.05852   0.07633   0.20700  -0.10189  -0.22643   0.11334   0.19437  -0.01834  -0.23109   0.26163   0.09500  -0.00152  -0.19299   0.07269   0.19794  -0.11236  -0.12281   0.17339 
  0.16229  -0.04577  -0.21461   0.16298  -0.00326  -0.03774  -0.00397   0.07149   0.16316   0.03435  -0.12554   0.08793   0.03547   0.02576  -0.18206   0.09522   0.04331   0.01597  -0.07071   0.02342 
  0.03616   0.02176  -0.09702   0.07535   0.28734  -0.05322  -0.18026  -0.20507   0.44148  -0.04522  -0.18508  -0.20714   0.20643   0.01521  -0.07343  -0.45920   0.26316   0.07003  -0.10430  -0.29038 
  0.29271   0.00615  -0.14102  -0.28068   0.46060  -0.29170  -0.50605  -0.13692   0.66022  -0.27940  -0.53298  -0.16051   0.44498  -0.25880  -0.58281  -0.27008   0.26028  -0.01024  -0.13879  -0.00279 
  0.52578  -0.24730  -0.48213  -0.16199  -0.67512  -0.92828   0.50135  -0.78634  -0.49797  -0.83348   0.26887  -0.43475  -0.41229  -0.68390   0.51660  -0.79213  -0.66175  -0.88075   0.53045  -0.58789 
 -0.57375  -0.86763   0.42876  -0.67610  -1.14638  -3.62665   0.54667  -3.62665  -0.63027  -3.62665   0.31768  -3.62665  -2.31283  -3.62665   0.60756  -3.62665  -0.58671  -3.62665   0.58132  -3.62665 
 -1.63590  -3.62665   0.48629  -3.62665  -3.62665  -3.62665  -3.62665   0.75226  -3.62665  -3.62665  -3.62665  -3.62665  -3.62665  -0.45811  -3.62665   0.69446  -3.62665  -3.62665  -3.62665  -3.62665 
 -3.62665  -0.43778  -3.62665   0.70213  -3.62665  -3.62665  -3.62665  -3.62665   0.09539  -1.31050   0.24062  -1.39822  -3.62665  -3.62665  -3.62665  -3.62665   0.39549  -1.09968   0.41768  -0.62052 
  0.13144  -1.00975   0.32390  -0.58376   0.22712   0.04440  -0.49918   0.02202   0.36706   0.11552  -0.43323   0.09284   0.09220   0.28251  -1.01448  -0.73932   0.36190  -0.17357  -0.08008   0.10265 
  0.23883   0.23599  -0.79156  -0.31562  -0.38839  -0.89575   0.46657  -0.53091  -0.87893  -1.30030   0.30853  -0.83520  -0.35364  -0.44815   0.42604  -0.18183  -0.00575  -0.75829   0.37917   0.00483 
 -0.54207  -1.00015   0.42498  -0.52302   0.14275  -0.22433  -0.15171   0.24347   0.25547  -0.11253  -0.28614   0.32871  -0.27167  -0.11317  -0.66720   0.49664   0.16283  -0.27495  -0.02128   0.25525 
 -0.10204  -0.10355  -0.62890   0.48057   0.10999  -0.02545  -0.24670   0.15977   0.05182  -0.17702   0.07005  -0.05082   0.14693  -0.08348  -0.26754   0.15934   0.05863  -0.10680  -0.15983   0.24206 
 -0.03247  -0.05536  -0.08765   0.21314   0.04844  -0.02911  -0.26357   0.23006   0.00621   0.22569  -0.27615   0.12339   0.01625   0.14340  -0.58503   0.08788  -0.03732   0.06699  -0.34697   0.13348 
 -0.01578   0.13122  -0.35015   0.14906   0.09335  -0.04989  -0.23700   0.19843   0.01331   0.12115  -0.30149   0.29957   0.11682   0.06941  -0.41647   0.04768   0.15265  -0.03900  -0.25276   0.17854 
  0.02582   0.03069  -0.26041   0.21493  -0.02058   0.02036  -0.23586   0.21181  -0.00239   0.17305  -0.15524   0.05492  -0.04842   0.16039  -0.35063   0.02076   0.35718  -0.07343  -0.15340   0.03325 
  0.02911   0.07437  -0.17982   0.08413  -0.06962  -0.09069  -0.26357   0.35216  -0.02305   0.06444  -0.05090   0.05231   0.00675  -0.01046  -0.28966   0.23022   0.17084  -0.11723  -0.19966   0.23031 
 -0.02251  -0.03126  -0.11475   0.20699   0.08843  -0.06642  -0.26534   0.23453   0.10831  -0.00458  -0.12422   0.18381  -0.00542   0.05788  -0.25711   0.13404   0.21964  -0.10221  -0.18725   0.18773 
  0.05871  -0.01362  -0.18608   0.19294   0.02115   0.05915  -0.28253   0.15331   0.01073   0.09137  -0.17202   0.20567   0.03072   0.05467  -0.31878   0.13562   0.08134  -0.06941  -0.32367   0.26378 
 -0.00088   0.03799  -0.24239   0.21134   0.02731   0.02920  -0.26714   0.18135   0.13824   0.20346  -0.26971   0.04589  -0.00267   0.09049  -0.40122   0.14575   0.14576   0.01111  -0.34831   0.15350 
  0.03347   0.09695  -0.29201   0.13511   0.07726   0.07896  -0.36389   0.11060   0.06213   0.17715  -0.18925   0.05263   0.03978   0.07209  -0.29365   0.08212   0.15764  -0.05216  -0.27845   0.20273 
  0.03292   0.07277  -0.21513   0.11669   0.05374   0.02579  -0.30093   0.18112   0.12726   0.06604  -0.16007   0.13775   0.07121   0.03196  -0.23951   0.08151   0.13165  -0.11335  -0.18408   0.23486 
  0.06074   0.00113  -0.17649   0.16579   0.04785   0.05441  -0.30609   0.14924   0.20035  -0.00470  -0.10623   0.06148   0.05812   0.04005  -0.37138   0.15306   0.04417  -0.10111  -0.11435   0.21768 
  0.06780  -0.00108  -0.17038   0.15771  -0.02864   0.04735  -0.30586   0.22033   0.08574   0.03356  -0.13261   0.17100  -0.03612   0.03266  -0.13456   0.12190   0.15277  -0.06589  -0.23321   0.20114 
  0.00609   0.01510  -0.17602   0.18726  -0.00907   0.04167  -0.31471   0.21794   0.07519   0.09675  -0.19762   0.19023  -0.02615   0.03191  -0.40471   0.24798   0.02633  -0.05366  -0.14822   0.19163 
 -0.01822   0.03363  -0.22562   0.21600   0.06484  -0.00254  -0.32127   0.21580   0.07669   0.09860  -0.13101   0.08355  -0.04384   0.05495  -0.16158   0.11318   0.02562  -0.06197  -0.11455   0.18204 
 -0.01276   0.02833  -0.14541   0.15608   0.06673  -0.01737  -0.22894   0.18218   0.04486   0.10009  -0.14659   0.13443  -0.03991  -0.04061  -0.09930   0.19579   0.02756  -0.07089  -0.21813   0.24307 
 -0.01036   0.00176  -0.15477   0.19668   0.03159   0.03368  -0.25766   0.16614   0.00449   0.14353  -0.15434   0.10569  -0.08557  -0.01317  -0.22932   0.26961  -0.00918  -0.03887  -0.25086   0.23323 
 -0.05378   0.04145  -0.19936   0.20808   0.11257  -0.02654  -0.30438   0.19068  -0.01316   0.18039  -0.16873   0.07250  -0.02036   0.04350  -0.24805   0.16455   0.05665  -0.03637  -0.26226   0.21563 
 -0.01822   0.05836  -0.20591   0.16898   0.05738  -0.04541  -0.31222   0.26155   0.11480   0.16809  -0.17752  -0.00493  -0.02977  -0.00192  -0.16295   0.18434  -0.06142  -0.00556  -0.23905   0.20294 
 -0.00382   0.04943  -0.18948   0.15893   0.07210  -0.07016  -0.31339   0.27281  -0.01473   0.21360  -0.18590   0.02924  -0.04619   0.03097  -0.20401   0.17896   0.10257  -0.05415  -0.20284   0.19385 
 -0.01883   0.05531  -0.19637   0.16619   0.09639  -0.01896  -0.27310   0.18148   0.07415   0.18095  -0.19458   0.04219   0.00060  -0.00553  -0.16067   0.16156   0.17502  -0.07547  -0.20505   0.18903 
  0.03778   0.03741  -0.18802   0.14446   0.03749  -0.02981  -0.28683   0.25036   0.14035   0.12942  -0.15746   0.01042  -0.05942   0.02008  -0.24876   0.22560   0.08685  -0.01386  -0.29100   0.18957 
  0.02139   0.03770  -0.20338   0.16898   0.09358  -0.10171  -0.31330   0.28181   0.06544   0.12561  -0.12667   0.03568  -0.00095   0.05016  -0.30149   0.16471   0.21582  -0.06740  -0.19547   0.15471 
  0.04574   0.01784  -0.17887   0.15771   0.06711  -0.00436  -0.24573   0.17630   0.04356   0.13566  -0.14329   0.06949   0.07272  -0.01573  -0.18700   0.11833   0.31111  -0.08266  -0.23321   0.13481 
  0.07916   0.01814  -0.17697   0.12775  -0.04000   0.09668  -0.29949   0.15462  -0.04233   0.10740  -0.08280   0.06575  -0.00423   0.03028  -0.23929   0.16462   0.19416  -0.07974  -0.21995   0.19200 
 -0.01457   0.04174  -0.15658   0.14865   0.07575  -0.01178  -0.31141   0.21215   0.00548   0.12333  -0.11516   0.06897   0.05896   0.00858  -0.25636   0.14240   0.11929  -0.04493  -0.24084   0.19424 
  0.02472   0.02833  -0.17366   0.15485   0.05055   0.03555  -0.34628   0.19335  -0.01091   0.09721  -0.07297   0.03790   0.10858  -0.01520  -0.26312   0.12120   0.07647  -0.05435  -0.25564   0.22634 
  0.02527   0.02086  -0.16067   0.15320   0.00884   0.06761  -0.29717   0.15954   0.02637   0.13802  -0.14541   0.08330  -0.04150   0.08220  -0.24569   0.12005   0.11153  -0.06801  -0.17969   0.19466 
 -0.01397   0.05892  -0.18318   0.14656   0.06550  -0.00864  -0.22050   0.16743  -0.04150   0.11053  -0.07025   0.03013   0.01807   0.03907  -0.26423   0.14451   0.09165  -0.05694  -0.15631   0.17713 
 -0.01216   0.02744  -0.11722   0.12906   0.08511   0.00059  -0.33191   0.19912  -0.00129   0.10856  -0.09131   0.05123   0.00236   0.00298  -0.20890   0.17852   0.11255  -0.05859  -0.22411   0.20497 
  0.01182   0.02026  -0.15703   0.16055   0.10314   0.01484  -0.34675   0.17082  -0.03013   0.10044  -0.07402   0.04956  -0.01405   0.07523  -0.24285   0.10457   0.06727  -0.07537  -0.20701   0.23082 
 -0.00619   0.03421  -0.15342   0.15072   0.15559  -0.01829  -0.29819   0.12836  -0.00591   0.07564  -0.06551   0.05483  -0.02573  -0.00777  -0.13628   0.17102   0.02112  -0.06221  -0.14209   0.19960 
  0.00262   0.00333  -0.11106   0.14572   0.11862  -0.03275  -0.25540   0.16455   0.02064   0.09437  -0.08487   0.04450  -0.06404  -0.02287  -0.18619   0.24585   0.10595  -0.06277  -0.21044   0.20583 
  0.00724   0.00365  -0.14717   0.17646   0.11400  -0.04118  -0.27526   0.19033  -0.00194   0.05092  -0.05742   0.07326  -0.04229   0.03890  -0.20987   0.16817  -0.03771  -0.04187  -0.20786   0.22596 
 -0.02066   0.01234  -0.13754   0.17529   0.10957  -0.03484  -0.25125   0.17412  -0.06406   0.01655  -0.00928   0.05209   0.02444  -0.02099  -0.14230   0.14654   0.06632  -0.08128  -0.17345   0.22165 
 -0.00264  -0.02352  -0.08804   0.15974   0.12389  -0.02371  -0.30597   0.17651  -0.03080   0.04878  -0.04036   0.05799  -0.02858   0.00399  -0.14338   0.16298   0.04655  -0.03622  -0.17421   0.17810 
 -0.00147   0.00895  -0.12305   0.15320   0.11432  -0.03247  -0.26269   0.17312  -0.02831   0.06340  -0.06271   0.08520  -0.02466   0.08069  -0.24282   0.10518   0.12421  -0.09678  -0.14009   0.19958 
  0.00667   0.01357  -0.13023   0.14823   0.15991  -0.09342  -0.29859   0.20738  -0.01415   0.02010  -0.04341   0.09552  -0.00996   0.01115  -0.14235   0.13574   0.03151  -0.06304  -0.19983   0.22603 
  0.01296  -0.01953  -0.11639   0.17254   0.11447  -0.01554  -0.27329   0.15869   0.00256   0.06494  -0.07531   0.08756  -0.04284  -0.04614  -0.21794   0.27026   0.05529  -0.09863  -0.11906   0.21434 
 -0.00088  -0.01656  -0.13884   0.19854   0.11795  -0.02547  -0.28696   0.17475   0.07796   0.05731  -0.08595   0.05872  -0.06120   0.01240  -0.11958   0.16152   0.01505  -0.13037  -0.01612   0.19172 
  0.00320  -0.01460  -0.10218   0.15934   0.05798  -0.03906  -0.25226   0.22671   0.04074   0.00186  -0.05721   0.10874   0.01127  -0.06170  -0.07980   0.16194   0.06497  -0.09350  -0.14180   0.21840 
  0.01409  -0.04123  -0.10539   0.18612   0.16539  -0.04233  -0.35356   0.17501   0.04521   0.03375  -0.09432   0.13706  -0.06569  -0.00407  -0.14612   0.20357   0.05888  -0.12731  -0.06862   0.21082 
  0.01916  -0.02586  -0.13797   0.19519   0.09791   0.03019  -0.31934   0.14121   0.01127   0.07127  -0.08621   0.09389   0.06338   0.00780  -0.26191   0.14173  -0.05644  -0.14114  -0.00234   0.21158 
  0.01125  -0.00394  -0.12641   0.16418   0.17005  -0.05486  -0.35073   0.18211  -0.00359   0.01314  -0.07028   0.15203   0.07064   0.00244  -0.18112   0.08966  -0.03853  -0.11254  -0.05732   0.21815 
  0.03616  -0.03024  -0.12012   0.17214   0.17989  -0.00619  -0.33634   0.10073   0.09164   0.05185  -0.10716   0.09827   0.00527   0.02356  -0.20329   0.14448   0.04145  -0.08584  -0.17031   0.23246 
