IntronPotTab 1 1024 1.69295
    0.01932
   -0.06418
   -0.01890
    0.02228
    0.01219
   -0.14682
   -0.01739
    0.07632
    0.03144
   -0.03385
   -0.03254
    0.00473
   -0.01129
   -0.15071
    0.01430
    0.07077
    0.00081
   -0.08545
   -0.04315
    0.06544
   -0.05160
   -0.06280
    0.00069
    0.09212
    0.01309
   -0.03887
    0.00900
   -0.00164
    0.06547
   -0.13468
   -0.03360
    0.03194
    0.01781
   -0.07359
   -0.01776
    0.02357
    0.00934
   -0.13441
   -0.01369
    0.05297
    0.05499
   -0.11102
    0.00651
   -0.03369
   -0.09250
   -0.05641
    0.06279
    0.06473
   -0.02846
   -0.05099
   -0.03922
    0.07430
    0.00991
   -0.09713
   -0.03766
    0.07259
    0.04519
   -0.05480
   -0.04840
    0.01496
   -0.02794
   -0.10252
   -0.00911
    0.07160
   -0.01106
   -0.07920
    0.00576
    0.05578
   -0.01632
   -0.14681
   -0.03803
    0.11890
    0.01973
   -0.13288
   -0.01386
    0.07479
   -0.01899
   -0.16602
    0.04316
    0.06319
   -0.00266
   -0.13563
   -0.05522
    0.09624
   -0.03152
   -0.08083
    0.00766
    0.06572
   -0.02297
   -0.06589
   -0.04335
    0.07789
    0.01452
   -0.14777
   -0.06244
    0.07452
    0.03873
   -0.11327
   -0.08260
    0.05404
   -0.06770
   -0.20068
    0.17138
    0.04202
    0.05214
   -0.06805
   -0.08334
    0.01947
   -0.09413
   -0.12468
    0.05140
    0.07661
    0.09856
   -0.16092
   -0.09806
    0.02940
    0.01194
   -0.17778
   -0.05359
    0.09678
    0.02532
   -0.12338
   -0.09629
    0.10084
   -0.02539
   -0.15294
   -0.01638
    0.08724
    0.04284
   -0.09873
   -0.10544
    0.06608
   -0.01398
   -0.11306
   -0.06272
    0.10205
    0.02872
   -0.06510
   -0.04985
    0.04671
   -0.01618
   -0.15223
   -0.01165
    0.07673
    0.00204
   -0.07979
   -0.11472
    0.09752
   -0.06613
   -0.09841
    0.04230
    0.08888
    0.03659
   -0.03149
   -0.08802
    0.02269
    0.08870
   -0.17549
   -0.07609
    0.04571
    0.05289
   -0.08061
   -0.12293
    0.02944
   -0.05501
   -0.12275
   -0.00773
    0.09191
    0.01858
   -0.08856
   -0.05155
    0.04462
   -0.18813
   -0.02501
   -0.05678
    0.15017
   -0.08135
   -0.01778
   -0.01734
    0.09813
   -0.02801
   -0.13806
   -0.00618
    0.09227
    0.04615
   -0.06891
   -0.09616
    0.04767
    0.00028
   -0.12300
   -0.03168
    0.06716
   -0.00122
   -0.07478
   -0.01950
    0.04514
   -0.00665
   -0.19198
   -0.02235
    0.10896
    0.00859
   -0.04330
   -0.06007
    0.05150
   -0.01242
   -0.12941
    0.01840
    0.05777
   -0.02245
   -0.06414
   -0.05199
    0.07548
   -0.05499
   -0.07952
   -0.07307
    0.10519
   -0.00477
   -0.05542
   -0.05390
    0.05397
    0.03611
   -0.10407
   -0.04780
    0.04223
    0.02213
   -0.07119
   -0.04732
    0.02656
   -0.02016
   -0.11826
   -0.01646
    0.06677
    0.06353
   -0.12712
   -0.07845
    0.02745
   -0.08736
   -0.07843
    0.04241
    0.07144
   -0.03286
   -0.02263
   -0.08908
    0.07660
    0.00746
   -0.12049
   -0.06940
    0.08712
    0.04303
   -0.05566
   -0.12535
    0.05791
   -0.00151
   -0.08237
   -0.04564
    0.06199
    0.00876
   -0.04956
   -0.04373
    0.04933
   -0.03808
   -0.08113
   -0.02786
    0.09935
   -0.00377
   -0.04958
   -0.03607
    0.06185
   -0.04569
   -0.12674
   -0.02052
    0.09074
   -0.02379
   -0.02517
   -0.10212
    0.09319
   -0.09915
    0.01593
   -0.12357
    0.15547
   -0.00937
   -0.10550
   -0.03189
    0.08851
   -0.00936
   -0.07493
   -0.05248
    0.06356
    0.00336
   -0.04094
   -0.01580
    0.02828
   -0.02541
   -0.16018
   -0.03781
    0.10646
    0.01672
   -0.03941
    0.03124
   -0.01999
   -0.08493
   -0.06579
    0.00859
    0.08861
   -0.01047
   -0.06343
   -0.04121
    0.06433
   -0.04234
   -0.06123
   -0.05733
    0.10549
    0.02148
   -0.00889
   -0.12328
    0.06219
   -0.03580
   -0.05525
   -0.03024
    0.06426
   -0.00424
   -0.12193
   -0.04008
    0.10548
    0.02791
   -0.14555
   -0.05477
    0.09791
    0.00316
   -0.04934
   -0.03457
    0.05308
   -0.01365
   -0.06984
   -0.03362
    0.06226
   -0.04178
   -0.13371
   -0.00480
    0.09446
   -0.07618
   -0.07555
   -0.09306
    0.14297
    0.00054
   -0.11215
   -0.07241
    0.07311
   -0.00534
   -0.11697
   -0.04602
    0.06751
    0.01349
   -0.05849
   -0.04129
    0.03894
    0.00597
   -0.22022
    0.00568
    0.08527
   -0.02803
   -0.07867
   -0.02049
    0.07069
   -0.05908
   -0.09642
   -0.06001
    0.10421
   -0.04890
   -0.07244
   -0.02308
    0.09790
   -0.01846
   -0.12961
   -0.08105
    0.11603
   -0.08021
   -0.01187
   -0.11816
    0.13390
   -0.01228
   -0.11496
   -0.06539
    0.09432
    0.04450
   -0.08550
   -0.12696
    0.06788
   -0.03752
   -0.17615
    0.01831
    0.10423
    0.01427
   -0.09036
   -0.08768
    0.09613
   -0.05021
   -0.16809
   -0.02299
    0.11390
   -0.03104
   -0.00926
   -0.08843
    0.08150
   -0.04180
   -0.12950
   -0.10795
    0.14526
   -0.03511
   -0.10300
   -0.17860
    0.13962
    0.02054
   -0.07929
   -0.07360
    0.05885
   -0.01201
   -0.07589
   -0.07369
    0.08431
   -0.02128
   -0.14741
   -0.05685
    0.11145
   -0.03223
    0.00221
   -0.09502
    0.07703
   -0.13552
   -0.07407
   -0.04996
    0.14600
   -0.07160
   -0.04807
   -0.00840
    0.09681
    0.02830
   -0.14660
   -0.11367
    0.10235
   -0.03673
   -0.06900
   -0.07281
    0.12196
   -0.04435
   -0.10089
   -0.03807
    0.08521
   -0.06484
    0.11670
   -0.10047
    0.04550
   -0.02886
   -0.18492
   -0.01342
    0.10671
   -0.00020
   -0.01604
    0.00366
    0.00977
   -0.02243
   -0.10000
   -0.01221
    0.06376
    0.01252
   -0.11742
   -0.12155
    0.08253
   -0.02790
   -0.06502
   -0.15141
    0.08508
    0.01658
   -0.03025
   -0.07894
    0.02921
    0.02137
   -0.09871
   -0.07423
    0.05378
    0.02102
   -0.06501
   -0.02292
    0.01383
   -0.02749
   -0.15093
    0.04718
    0.05522
    0.00888
   -0.03337
   -0.00914
    0.01214
   -0.05990
   -0.06415
    0.02107
    0.05502
    0.01886
   -0.13187
   -0.07979
    0.09137
   -0.01492
   -0.05456
   -0.08673
    0.07229
    0.01637
   -0.02898
   -0.15400
    0.09481
   -0.03268
   -0.05977
   -0.07594
    0.07670
   -0.02714
   -0.03779
    0.01721
    0.04764
   -0.01296
   -0.13462
    0.02273
    0.07628
   -0.00547
   -0.03860
   -0.02699
    0.06483
   -0.02354
   -0.14650
    0.03146
    0.06523
   -0.00092
   -0.07627
   -0.02900
    0.05060
   -0.07608
   -0.08869
    0.01237
    0.12347
   -0.02279
    0.03688
    0.02630
   -0.01048
    0.04505
   -0.13450
   -0.04426
    0.05020
    0.01713
   -0.05606
   -0.04807
    0.03896
   -0.03888
   -0.12195
    0.02149
    0.08412
    0.01362
   -0.07743
    0.00167
    0.02129
   -0.07508
   -0.11209
    0.06334
    0.07414
   -0.02335
   -0.07084
   -0.00517
    0.05973
    0.02383
   -0.15567
   -0.03043
    0.09526
    0.00316
   -0.04317
   -0.02094
    0.04716
    0.02245
   -0.13459
    0.00962
    0.04757
   -0.00430
   -0.10789
   -0.03430
    0.08409
    0.07217
   -0.20398
   -0.05023
    0.07962
    0.01833
   -0.10181
   -0.06196
    0.09839
   -0.01514
   -0.12790
    0.05106
    0.05150
   -0.07743
   -0.17773
    0.05910
    0.09496
   -0.10715
   -0.13132
    0.06971
    0.11284
    0.02061
   -0.14280
   -0.04159
    0.07000
    0.05804
   -0.13140
   -0.03473
    0.04306
    0.02451
   -0.09514
   -0.03656
    0.04104
   -0.03046
   -0.29418
    0.03777
    0.10359
    0.06426
   -0.21353
    0.05339
    0.02263
   -0.08725
   -0.08295
    0.02042
    0.08091
    0.06640
   -0.14539
   -0.05584
    0.03710
   -0.05122
   -0.11893
   -0.05823
    0.12615
    0.00168
   -0.12958
   -0.08570
    0.13589
   -0.00067
   -0.16581
    0.00949
    0.07918
    0.02592
   -0.12364
   -0.05838
    0.06793
    0.01863
   -0.21922
    0.02949
    0.06061
    0.04731
   -0.10276
   -0.12659
    0.10551
   -0.01670
   -0.16208
    0.00071
    0.07788
   -0.03950
   -0.09643
   -0.06146
    0.10733
   -0.08939
   -0.10586
   -0.07697
    0.16691
    0.01021
   -0.12363
   -0.10667
    0.10689
    0.02822
   -0.14316
   -0.06628
    0.07105
   -0.00437
   -0.07124
   -0.05896
    0.07003
    0.00994
   -0.25493
   -0.00167
    0.07845
    0.00607
   -0.10228
    0.00169
    0.03615
   -0.19880
   -0.04422
   -0.07299
    0.14755
   -0.03139
   -0.06232
    0.00442
    0.05939
   -0.00594
   -0.15293
   -0.01398
    0.09010
    0.03720
   -0.14991
   -0.05408
    0.07896
   -0.05143
   -0.13295
   -0.02413
    0.08652
    0.02761
   -0.01720
   -0.23019
    0.08399
    0.02363
   -0.19303
   -0.18910
    0.13493
    0.06126
   -0.09088
   -0.12145
    0.05317
    0.02219
   -0.10224
   -0.10803
    0.08157
    0.00954
   -0.06319
   -0.07142
    0.04954
   -0.01923
   -0.10476
   -0.11148
    0.09840
    0.04766
    0.00656
   -0.09817
   -0.00798
    0.01031
   -0.10119
   -0.02098
    0.04494
    0.05913
   -0.17417
   -0.10606
    0.03336
   -0.01659
   -0.16742
   -0.01679
    0.07322
    0.04420
   -0.06070
   -0.04345
   -0.00849
   -0.07272
   -0.11764
    0.01473
    0.08183
   -0.00694
   -0.04581
   -0.12883
    0.08961
    0.00219
   -0.12697
   -0.09268
    0.10629
    0.01183
   -0.05924
   -0.06383
    0.06834
    0.01678
   -0.10068
   -0.01657
    0.04915
    0.01343
   -0.04352
   -0.05342
    0.04240
   -0.04498
   -0.07680
   -0.08943
    0.12654
    0.03315
   -0.02101
   -0.06842
    0.02371
   -0.05264
   -0.07007
   -0.03746
    0.08598
   -0.00523
   -0.09820
   -0.07720
    0.09127
   -0.05173
   -0.08123
   -0.07815
    0.12744
    0.00499
   -0.01660
   -0.10332
    0.06687
    0.07092
   -0.12688
   -0.09454
    0.04362
    0.04163
   -0.03515
   -0.05193
   -0.01329
   -0.03823
   -0.08126
   -0.07336
    0.09827
    0.04336
   -0.03555
   -0.03623
   -0.02377
   -0.09609
   -0.03221
   -0.03802
    0.10720
   -0.02403
   -0.03062
   -0.05931
    0.05863
   -0.01916
   -0.12558
   -0.08762
    0.13062
    0.03899
   -0.02862
   -0.07245
    0.02469
   -0.03082
   -0.10081
   -0.05294
    0.07994
   -0.00432
   -0.08639
   -0.04448
    0.08014
    0.04239
   -0.19041
   -0.12084
    0.12266
   -0.01883
   -0.05061
   -0.15634
    0.12713
   -0.00914
   -0.17925
    0.01159
    0.09102
   -0.04239
   -0.10349
   -0.08647
    0.11954
   -0.09780
   -0.02497
   -0.07328
    0.12370
   -0.01967
   -0.01975
   -0.14398
    0.08309
    0.01816
   -0.19337
   -0.12834
    0.10946
   -0.00022
   -0.12648
   -0.05353
    0.09427
   -0.02499
   -0.22147
    0.00366
    0.09820
    0.01770
   -0.10030
   -0.07172
    0.06859
   -0.03767
   -0.14497
   -0.02189
    0.09548
   -0.03635
   -0.09594
   -0.09513
    0.11890
   -0.00006
   -0.16210
   -0.09757
    0.11289
   -0.01868
   -0.07171
   -0.11185
    0.11775
    0.04752
   -0.20210
   -0.04891
    0.10262
    0.03497
   -0.07525
   -0.10708
    0.06995
   -0.00147
   -0.15597
   -0.07371
    0.10338
    0.05039
   -0.08179
   -0.07700
    0.05042
   -0.04357
   -0.13507
   -0.05745
    0.11427
   -0.02070
   -0.07960
   -0.06244
    0.08699
   -0.05815
   -0.04313
   -0.02939
    0.09466
    0.02014
   -0.03093
   -0.09557
    0.04213
    0.07340
   -0.16680
   -0.13402
    0.08013
    0.02079
   -0.09131
   -0.06881
    0.04627
   -0.04054
   -0.12276
   -0.04427
    0.09437
    0.01944
   -0.04672
   -0.00839
    0.00530
   -0.16162
   -0.06318
   -0.10383
    0.16999
   -0.04277
    0.00057
   -0.05507
    0.06744
   -0.00380
   -0.12857
   -0.10130
    0.10318
   -0.00772
   -0.02837
   -0.11449
    0.08524
   -0.04151
   -0.11352
   -0.05997
    0.08742
    0.00943
   -0.04256
   -0.02634
    0.02295
   -0.04907
   -0.17098
   -0.08549
    0.14598
   -0.00216
   -0.06738
   -0.05445
    0.07578
   -0.01524
   -0.14101
   -0.03892
    0.07711
   -0.02371
   -0.06691
   -0.10891
    0.09741
   -0.09360
   -0.03698
   -0.11169
    0.11706
   -0.00199
   -0.05586
   -0.06906
    0.05334
    0.03873
   -0.07945
   -0.09829
    0.04606
    0.02666
   -0.08805
   -0.05786
    0.03945
   -0.03764
   -0.14232
   -0.04675
    0.08304
    0.02140
   -0.06082
   -0.05018
    0.03437
   -0.06739
   -0.10721
    0.01990
    0.06946
   -0.03099
   -0.02637
   -0.12941
    0.08752
   -0.03045
   -0.08678
   -0.06768
    0.08944
    0.01036
   -0.00061
   -0.13655
    0.07233
    0.00469
   -0.11187
   -0.10063
    0.08764
