16 20 16 1 34 -3.7366 2.0859 4.3208 15314
 -0.00401  -0.10221   0.02670   0.04215  -0.00043  -0.04135   0.02475   0.00787  -0.02772  -0.08265   0.00663   0.06703  -0.08351  -0.12698   0.02612   0.13124   0.05171  -0.11186   0.04035  -0.00275 
 -0.01202  -0.08873   0.03040   0.04080   0.00237  -0.06124   0.02395   0.01589  -0.02692  -0.06898   0.02555   0.04987  -0.10507  -0.11759  -0.01734   0.16352   0.07134  -0.13783   0.00817   0.01338 
 -0.00946  -0.09908   0.01242   0.05401   0.00735  -0.08433   0.03020   0.01702  -0.00903  -0.08346   0.00248   0.05278  -0.11135  -0.14109   0.03287   0.15208   0.06561  -0.12319   0.01186   0.00938 
 -0.00738  -0.10817   0.02269   0.05023   0.00784  -0.12846   0.03497   0.03391  -0.03340  -0.09700   0.03056   0.06561  -0.10877  -0.15611  -0.00080   0.17258   0.05142  -0.13503   0.01332   0.02327 
 -0.01498  -0.13010   0.02199   0.06635   0.00821  -0.08078   0.03157   0.01308   0.00737  -0.10679   0.02421   0.03566  -0.11641  -0.21367  -0.01417   0.20137   0.06184  -0.14732  -0.00319   0.02998 
 -0.00804  -0.13347   0.01185   0.06762  -0.01929  -0.07217   0.02741   0.04532  -0.02135  -0.13057   0.07218   0.04498  -0.11135  -0.11481  -0.01702   0.16620   0.07222  -0.15077   0.00361   0.02039 
 -0.01748  -0.11593   0.01962   0.06396  -0.00334  -0.05955   0.00132   0.03756  -0.02316  -0.14116   0.04125   0.06910  -0.12253  -0.13341  -0.00434   0.17430   0.05505  -0.14711   0.00651   0.02928 
 -0.02000  -0.11631   0.01071   0.07118  -0.02093  -0.08714   0.04303   0.04364  -0.01909  -0.10761   0.01354   0.06679  -0.11707  -0.14798  -0.02927   0.18724   0.05214  -0.15707  -0.00454   0.04074 
 -0.02575  -0.12617   0.01071   0.07974  -0.00075  -0.09936  -0.01300   0.06241  -0.03967  -0.12137   0.05149   0.06957  -0.08916  -0.15577  -0.00744   0.16311   0.06039  -0.12776  -0.02877   0.03653 
 -0.01508  -0.12228  -0.00529   0.07820  -0.01914  -0.06768  -0.00359   0.06284  -0.01992  -0.10678  -0.01276   0.08025  -0.11099  -0.11961  -0.03123   0.17412   0.03802  -0.16464  -0.02089   0.06032 
 -0.02842  -0.11746  -0.01321   0.09078  -0.02452  -0.08831  -0.01671   0.08553  -0.02911  -0.08649   0.01881   0.06359  -0.12984  -0.12213  -0.04031   0.18986   0.04342  -0.14234  -0.03821   0.05735 
 -0.03419  -0.11289  -0.02067   0.09698  -0.00816  -0.07772  -0.05717   0.08529  -0.03118  -0.07904  -0.03004   0.08599  -0.09738  -0.11467  -0.07182   0.18044   0.03723  -0.14398  -0.03342   0.05948 
 -0.02605  -0.10798  -0.04239   0.09919   0.00361  -0.08176  -0.06829   0.07987  -0.03796  -0.10709  -0.02483   0.10063  -0.06571  -0.08913  -0.13462   0.17262   0.02626  -0.14872  -0.05667   0.07776 
 -0.02048  -0.11062  -0.06389   0.10556   0.00154  -0.10182  -0.07028   0.09168  -0.05131  -0.07541   0.00576   0.08372  -0.06862  -0.07435  -0.13679   0.16911   0.01989  -0.12013  -0.10618   0.09080 
 -0.02566  -0.09797  -0.07925   0.11090  -0.00113  -0.07878  -0.09843   0.09801  -0.04174  -0.09514  -0.01635   0.09501  -0.05881  -0.07979  -0.15690   0.17141   0.00717  -0.11671  -0.10000   0.09404 
 -0.02832  -0.09469  -0.09082   0.11618  -0.02578  -0.09328  -0.08940   0.12448  -0.04875  -0.11294  -0.08623   0.13510  -0.03985  -0.07848  -0.18830   0.16730  -0.01744  -0.12982  -0.07529   0.10157 
 -0.04360  -0.10649  -0.09226   0.13178  -0.01224  -0.04496  -0.12860   0.10752  -0.07406  -0.07489  -0.06827   0.13170  -0.06416  -0.05083  -0.14125   0.15705  -0.00969  -0.11705  -0.10080   0.10292 
 -0.04669  -0.07757  -0.10457   0.12745   0.00941  -0.10537  -0.15980   0.12276  -0.01750  -0.09125  -0.07804   0.10005  -0.00819  -0.05855  -0.13823   0.11558  -0.02036  -0.11622  -0.11306   0.11202 
 -0.02389  -0.09688  -0.11895   0.12447  -0.00316  -0.04439  -0.13909   0.10225  -0.05987  -0.08799  -0.05873   0.12346  -0.02598  -0.07273  -0.12653   0.13305  -0.03788  -0.09138  -0.07629   0.09808 
 -0.04207  -0.07322  -0.09317   0.11823  -0.02983  -0.06102  -0.13663   0.13440  -0.02634  -0.06518  -0.08709   0.09980  -0.00068  -0.04993  -0.17729   0.11889  -0.01723  -0.12587  -0.09018   0.10570 
 -0.03509  -0.08338  -0.11038   0.12398  -0.00895  -0.07069  -0.11613   0.11031  -0.02243  -0.09110  -0.06526   0.09894  -0.00472  -0.08571  -0.12577   0.12087  -0.02849  -0.13996  -0.05927   0.10393 
 -0.03209  -0.10258  -0.08030   0.11774   0.01261  -0.10958  -0.08753   0.09098  -0.01896  -0.10260  -0.02912   0.08531   0.02758  -0.15387  -0.10956   0.11441  -0.02029  -0.13512  -0.06161   0.09939 
 -0.01431  -0.12403  -0.06678   0.10723   0.02012  -0.10380  -0.07231   0.07261  -0.01260  -0.09482  -0.05195   0.08675   0.00218  -0.10356  -0.07378   0.10089  -0.02432  -0.14825  -0.03600   0.09514 
 -0.01383  -0.11823  -0.05020   0.09742   0.00287  -0.08259  -0.07161   0.08271   0.00082  -0.12932  -0.03157   0.07990   0.04339  -0.12327  -0.09355   0.07791  -0.05023  -0.14745  -0.05653   0.11500 
 -0.01546  -0.12035  -0.05950   0.10359   0.01848  -0.10824  -0.06185   0.07108   0.01339  -0.14090  -0.03644   0.07512   0.05452  -0.10157  -0.10838   0.06165  -0.00745  -0.12855  -0.02556   0.07541 
  0.00497  -0.11784  -0.04611   0.08020   0.00008  -0.05982  -0.08055   0.07987   0.03434  -0.16043  -0.02736   0.05793   0.04522  -0.11292  -0.08090   0.06479  -0.01200  -0.12521  -0.04218   0.08390 
  0.00276  -0.10742  -0.05449   0.08174  -0.00928  -0.06795  -0.08238   0.09449   0.01900  -0.16084  -0.02873   0.07381   0.06211  -0.09749  -0.11793   0.05507   0.02280  -0.12875  -0.07347   0.07971 
  0.00952  -0.10873  -0.07332   0.08511  -0.02499   0.03265  -0.12724   0.08033   0.00292  -0.16954  -0.05754   0.10383   0.04632  -0.06395  -0.14600   0.06750   0.02892  -0.12464  -0.06256   0.07027 
 -0.00056  -0.06909  -0.09010   0.08389  -0.01757   0.05035  -0.15684   0.07464   0.00316  -0.20630  -0.06931   0.11991   0.00070   0.03201  -0.08691   0.02767   0.06152  -0.13748  -0.09175   0.06734 
  0.00368  -0.05559  -0.10289   0.07959  -0.03513   0.05126  -0.17374   0.09871  -0.00207  -0.21409  -0.14435   0.15156  -0.03454   0.02506  -0.20019   0.11390   0.08656  -0.13883  -0.10043   0.05498 
 -0.00019  -0.05892  -0.14005   0.09875  -0.00789   0.07830  -0.24098   0.07826  -0.05907  -0.24622  -0.17610   0.20588  -0.04514   0.04330  -0.22411   0.11896   0.10257  -0.17378  -0.10027   0.05609 
  0.00313  -0.06313  -0.16351   0.10621  -0.01331   0.12583  -0.26495   0.05931  -0.09169  -0.24822  -0.25872   0.24156  -0.05174   0.08736  -0.30425   0.11786   0.14577  -0.20380  -0.14238   0.04988 
  0.01223  -0.04638  -0.20983   0.10658  -0.01979   0.17310  -0.31561   0.04488  -0.12809  -0.34351  -0.21620   0.26738  -0.08846   0.12436  -0.30543   0.11902   0.17362  -0.23578  -0.11719   0.02686 
  0.01277  -0.03960  -0.20371   0.10118  -0.01824   0.23339  -0.41963   0.01472  -0.22381  -0.33921  -0.27207   0.31166  -0.06260   0.18774  -0.38228   0.06247   0.21425  -0.24710  -0.16294   0.01014 
  0.02140  -0.00041  -0.26843   0.09408  -0.01839   0.29092  -0.47497  -0.04038  -0.24369  -0.38575  -0.38015   0.33787  -0.09353   0.26042  -0.39496   0.00929   0.26919  -0.23874  -0.20102  -0.04057 
  0.03961   0.03431  -0.32059   0.07290   0.01794   0.30620  -0.58092  -0.09335  -0.29362  -0.45322  -0.34430   0.35409  -0.07707   0.30682  -0.46420  -0.05965   0.32000  -0.26192  -0.22072  -0.09794 
  0.06823   0.04009  -0.35799   0.05073   0.04097   0.34141  -0.71317  -0.17384  -0.24437  -0.43185  -0.41868   0.34734  -0.07491   0.32340  -0.51446  -0.07915   0.34382  -0.26118  -0.23126  -0.13586 
  0.09104   0.07146  -0.41497   0.01821   0.06788   0.33140  -0.78314  -0.20101  -0.22308  -0.33689  -0.34617   0.32146   0.01844   0.24256  -0.41402  -0.09104   0.35344  -0.29414  -0.24609  -0.13413 
  0.10848   0.05926  -0.42226   0.00733   0.06891   0.32697  -0.87547  -0.17909  -0.08723  -0.22471  -0.25660   0.23392   0.08259   0.07897  -0.36253  -0.00203   0.33035  -0.29798  -0.21593  -0.10387 
  0.12240   0.05849  -0.39927  -0.01616   0.06160   0.28622  -0.71713  -0.11416   0.03318  -0.21840  -0.16230   0.12973   0.07701  -0.09670  -0.21730   0.07719   0.23871  -0.24636  -0.16031  -0.01741 
  0.10848   0.03499  -0.31724  -0.00393  -0.01472   0.29031  -0.60672  -0.01588   0.05009  -0.13048  -0.09722   0.06099   0.03911  -0.13079  -0.17126   0.11729   0.12633  -0.16734  -0.12297   0.04545 
  0.04482   0.05631  -0.25401   0.03495  -0.04283   0.20907  -0.46290   0.07546   0.03644  -0.09992  -0.05950   0.04580  -0.00486  -0.07107  -0.18125   0.13421  -0.00601  -0.14572  -0.06675   0.09792 
 -0.01126   0.00799  -0.17584   0.08799  -0.05105   0.08268  -0.39807   0.15709  -0.00372  -0.09502  -0.06741   0.08566  -0.04238  -0.10141  -0.20091   0.18219  -0.04890  -0.13500  -0.04062   0.10410 
 -0.04855  -0.05393  -0.14350   0.13287   0.00479  -0.08083  -0.35832   0.17345  -0.02579  -0.10488  -0.00361   0.08005  -0.02941  -0.08587  -0.15499   0.15193  -0.01048  -0.16264  -0.03614   0.09306 
 -0.02802  -0.11727  -0.10812   0.13096  -0.03430  -0.12030  -0.57828   0.24932  -0.05787  -0.15956  -0.22031   0.19389  -0.06682  -0.17992  -0.39968   0.26422  -0.08560  -0.25115  -0.24251   0.20651 
 -0.07557  -0.18671  -0.32863   0.23481   0.08990  -0.05955  -0.41968   0.08446   0.02609  -0.18847   0.01439   0.05541   0.06895  -0.09446  -0.08823   0.03031   0.05153  -0.18733  -0.08861   0.08848 
  0.02874  -0.14069  -0.12633   0.10264  -0.34282   0.24589  -1.98074   0.28614  -0.33211  -0.02589  -1.62888   0.33971  -0.42702   0.15275  -1.30426   0.31651  -0.47870  -0.05235  -1.59625   0.31088 
 -0.40046   0.09181  -1.61989   0.31624   0.44271  -4.18512  -4.18512  -4.18512   0.48665  -4.18512  -4.18512  -4.18512   0.48912  -4.18512  -4.18512  -4.18512   0.64254  -4.18512  -4.18512  -4.18512 
  0.51389  -4.18512  -4.18512  -4.18512  -4.18512  -2.80729   0.71633  -3.51544  -4.18512  -4.18512  -4.18512  -4.18512  -4.18512  -4.18512  -4.18512  -4.18512  -4.18512  -4.18512  -4.18512  -4.18512 
 -4.18512  -2.85014   0.71262  -3.55498  -4.18512  -4.18512  -4.18512  -4.18512   0.18563   0.41626  -4.18512  -4.18512  -0.00499  -0.15482   0.17774  -0.05072   0.64254  -4.18512  -4.18512  -4.18512 
  0.01990  -0.12403   0.17144  -0.09468  -0.07284   0.03318  -0.11604   0.12029  -0.12008   0.02086  -0.12673   0.13912  -0.00941  -0.01255  -0.08094   0.06592  -0.08732   0.02603   0.05803  -0.00090 
 -0.05323   0.01695  -0.05599   0.06699   0.02179   0.03077  -0.34753   0.10494  -0.08340   0.00795  -0.03779   0.08820  -0.00289  -0.04077   0.02691   0.01327  -0.08082  -0.04064   0.02031   0.05339 
 -0.03983  -0.01048  -0.06101   0.07400  -0.02605   0.06734  -0.21847   0.09635  -0.04872   0.00634   0.01788   0.03342   0.00880  -0.05277   0.06581  -0.02269  -0.06294  -0.00177   0.04783   0.00895 
 -0.04309   0.01157  -0.01110   0.03878  -0.01188   0.04025  -0.19557   0.08964  -0.06974   0.00753   0.02386   0.04732  -0.02462   0.03619   0.02341  -0.01727  -0.07634   0.02145   0.04889   0.00204 
 -0.04762   0.02833  -0.01533   0.03469  -0.01145   0.04902  -0.17951   0.07797  -0.06695  -0.00996  -0.00591   0.07034  -0.03944  -0.01323   0.06337   0.00682  -0.05062   0.00627   0.03882   0.00331 
 -0.04381   0.01200  -0.01397   0.04072   0.01209   0.04574  -0.08028   0.00446  -0.02171   0.02075   0.05819  -0.02826   0.03855  -0.02601   0.04948  -0.06974  -0.02532   0.01238   0.08983  -0.05182 
 -0.00429   0.01709   0.03609  -0.03173   0.01035   0.00884  -0.09186   0.03717   0.00417  -0.03531   0.02209   0.00356   0.07381  -0.03279   0.00920  -0.08469  -0.04919  -0.00290   0.06604  -0.00997 
  0.01528  -0.01243   0.00191  -0.00910   0.01872  -0.00552  -0.04465   0.00804  -0.04267   0.01365   0.02063   0.02191   0.01795  -0.02673   0.01114  -0.00988  -0.06212  -0.01634   0.05527   0.01177 
 -0.00880  -0.01018   0.01114   0.00787   0.00926   0.00755  -0.02472  -0.00034  -0.01493  -0.02014   0.03182   0.00867   0.04272  -0.03299   0.04371  -0.06510  -0.03320   0.01506   0.06752  -0.03155 
  0.00129  -0.00276   0.03108  -0.02041   0.01429   0.00169  -0.06110   0.01944  -0.04030   0.03833  -0.00042   0.01599   0.03264  -0.02223   0.00089  -0.02473  -0.08005   0.02634   0.02603   0.01508 
 -0.00918   0.01157  -0.00945   0.00751  -0.01083   0.04212  -0.05341   0.02073  -0.02682  -0.00431  -0.03156   0.04606  -0.00945   0.00572   0.03134  -0.01610  -0.04287  -0.02396   0.05990   0.00225 
 -0.02223   0.00482   0.00684   0.01402  -0.00291   0.01779  -0.02990   0.01240  -0.02757   0.03563   0.02299  -0.00876  -0.00145   0.00817   0.01723  -0.01697  -0.07622   0.01148   0.07620  -0.01033 
 -0.02625   0.01821   0.02683  -0.00384  -0.01215   0.00490  -0.01357   0.02160  -0.03253  -0.00278  -0.01975   0.04445   0.00870   0.03025  -0.01008  -0.02785  -0.05790   0.01109   0.01298   0.01984 
 -0.02223   0.01214  -0.00558   0.01706  -0.00592   0.00033  -0.00150   0.00855  -0.03347  -0.00338   0.01721   0.02563  -0.02868   0.02800   0.04321  -0.02110  -0.04846  -0.01516   0.06135  -0.00031 
 -0.02871   0.00119   0.03271   0.00550  -0.01081   0.01344   0.03307  -0.01929  -0.01459   0.01424  -0.00520   0.00922  -0.00052  -0.01770   0.04835  -0.02222  -0.05430   0.02381   0.07737  -0.03136 
 -0.02048   0.01171   0.04502  -0.01790   0.01056   0.00191  -0.00530  -0.01185  -0.04208   0.00957   0.01225   0.02870   0.01202   0.03136   0.00575  -0.04498  -0.06253   0.00934   0.06807  -0.01097 
 -0.01403   0.01356   0.02380  -0.01052  -0.01770   0.00528   0.02922  -0.00176  -0.03915  -0.01386   0.03303   0.02773  -0.02969   0.01950   0.05086  -0.01902  -0.05028   0.00518   0.07330  -0.01917 
 -0.03139   0.00526   0.04831  -0.00543   0.00050  -0.03257   0.04425  -0.01358  -0.00769  -0.00556   0.07114  -0.03525   0.02884   0.02452   0.00923  -0.06498  -0.02729   0.03262   0.06274  -0.04341 
 -0.00112   0.00900   0.04792  -0.03835   0.01941  -0.01306  -0.01505  -0.00767  -0.02518   0.03904  -0.01218   0.00749   0.05349   0.00420  -0.00332  -0.07347  -0.05904   0.02378   0.03412   0.00060 
  0.00698   0.01256   0.00221  -0.01683  -0.01115   0.00382  -0.01619   0.02274  -0.00740  -0.02213   0.02661   0.00531   0.01202   0.01484   0.01676  -0.03913  -0.01720  -0.01197   0.06661  -0.02458 
 -0.00494  -0.00423   0.02476  -0.00863  -0.00735   0.02036   0.05328  -0.04611   0.00180  -0.02773   0.04713  -0.01454  -0.00146   0.03108   0.00863  -0.02951  -0.05311   0.01277   0.08778  -0.03279 
 -0.01326   0.01200   0.05494  -0.03292   0.01063   0.01939  -0.00491  -0.02423  -0.01533   0.03467   0.01812  -0.01788   0.04107   0.03079  -0.00348  -0.07882  -0.04215   0.00122   0.03943   0.00102 
  0.00469   0.02045   0.01257  -0.02687   0.00565   0.00970  -0.01243  -0.00523  -0.02198   0.00517   0.02245   0.00613   0.01159   0.02302   0.00197  -0.03422  -0.05897   0.02922   0.08536  -0.03809 
 -0.00927   0.01723   0.02807  -0.02080   0.01127  -0.00055   0.00834  -0.02123  -0.03480   0.00911   0.06123  -0.00870  -0.00391  -0.01374   0.08010  -0.04861  -0.03534   0.00762   0.07416  -0.03034 
 -0.00984   0.00134   0.05365  -0.02815   0.00254  -0.01040   0.00161   0.00209  -0.03461  -0.00702   0.03634   0.01746   0.00260  -0.01035   0.05032  -0.03345  -0.08269   0.00794   0.06080   0.00556 
 -0.01961  -0.00350   0.03649  -0.00272  -0.00364   0.00379   0.00891  -0.00401  -0.03709   0.01449   0.02044   0.01626   0.00235   0.02366   0.00043  -0.02189  -0.03441  -0.00217   0.06743  -0.02015 
 -0.01623   0.00957   0.02903  -0.00929  -0.00030   0.01869   0.02533  -0.03139  -0.02761   0.03572   0.04933  -0.02634   0.02203   0.00395   0.03319  -0.05684  -0.03094   0.00713   0.07207  -0.03128 
 -0.00719   0.01596   0.04634  -0.03553   0.01376   0.01540  -0.05206   0.00598  -0.03121   0.03276   0.02916  -0.00696   0.00230   0.03707   0.03217  -0.05864  -0.05130  -0.00252   0.04248   0.00639 
 -0.00814   0.01905   0.01029  -0.01100  -0.01187   0.00742   0.02380  -0.00659  -0.03337   0.02487   0.02827   0.00113   0.00785   0.03301  -0.01160  -0.02806  -0.04192   0.01958   0.05797  -0.02229 
 -0.01787   0.02045   0.02876  -0.01482   0.01524  -0.02514   0.03446  -0.03127  -0.00738   0.00804   0.03415  -0.01859   0.02311  -0.00168   0.07461  -0.09179  -0.05401   0.04497   0.07721  -0.04569 
 -0.00140   0.01014   0.05597  -0.04519   0.00441   0.00332  -0.01178   0.00018  -0.00498   0.02119   0.00126  -0.00924   0.03787  -0.00950   0.02190  -0.05858  -0.09949   0.03893   0.04322   0.00687 
 -0.00438   0.01469   0.01356  -0.01405   0.00124  -0.01254   0.02924  -0.01531  -0.04506  -0.00221   0.04635   0.01819  -0.01627   0.02396   0.03311  -0.02423  -0.05335  -0.00474   0.07488  -0.01263 
 -0.02252   0.00003   0.04752  -0.00996   0.01418   0.01270   0.02256  -0.04609  -0.01714  -0.00494   0.04876  -0.00934   0.03601  -0.00807   0.01800  -0.05388  -0.04250  -0.00322   0.09725  -0.03658 
  0.00120   0.00076   0.05118  -0.03765   0.00689  -0.00191   0.01446  -0.01875  -0.00274   0.00800   0.01619  -0.01205   0.04265  -0.01560   0.00636  -0.04798  -0.06436   0.01932   0.04415  -0.00011 
  0.00332   0.00338   0.02129  -0.01973  -0.00440   0.00696   0.03367  -0.02407  -0.02896  -0.01372   0.03952   0.01404  -0.00926   0.01104   0.04620  -0.03250  -0.02050  -0.00380   0.06103  -0.02338 
 -0.01193   0.00046   0.04542  -0.01925   0.00306  -0.02069   0.01485  -0.00175  -0.00065   0.01349   0.06270  -0.05053   0.01869  -0.00149   0.01613  -0.03389  -0.04910   0.00421   0.09765  -0.03743 
 -0.00344  -0.00115   0.05066  -0.03093   0.00365   0.00852   0.00397  -0.01340  -0.03650   0.02460   0.03126   0.00253   0.01887   0.01376  -0.02012  -0.01999  -0.08307   0.01402   0.06977  -0.00375 
 -0.01498   0.01483   0.02435  -0.01081  -0.00315  -0.01083   0.03984  -0.01881  -0.01591  -0.02129   0.01375   0.02116   0.01243   0.00994  -0.00392  -0.02010  -0.04257  -0.00611   0.06615  -0.01206 
 -0.01031  -0.00616   0.03488  -0.00901  -0.01511   0.05868   0.01131  -0.02978  -0.04288   0.00279   0.07565  -0.00662   0.01296   0.04386   0.01862  -0.06836  -0.06125  -0.00093   0.09447  -0.02456 
 -0.02350   0.02737   0.05222  -0.03123  -0.00795  -0.00008   0.01869  -0.00300  -0.02800   0.00538   0.01181   0.01828   0.05275   0.00114  -0.02743  -0.05112  -0.06161  -0.01228   0.03507   0.02171 
 -0.00578  -0.00144   0.01185  -0.00095  -0.01288   0.00294   0.01204   0.00627  -0.04410  -0.02078   0.04508   0.02892   0.00541   0.02502   0.00194  -0.02798  -0.02697  -0.01597   0.05033  -0.00516 
 -0.01845  -0.00232   0.02889   0.00063   0.00537   0.00098   0.00577  -0.01205  -0.01901  -0.00336   0.00568   0.01834   0.00498   0.02942   0.00662  -0.03471  -0.02941   0.02742   0.06832  -0.04261 
 -0.00814   0.01624   0.02738  -0.02080   0.00396  -0.00495  -0.00504   0.00142  -0.02230   0.00865   0.03619  -0.00442   0.03045   0.02348  -0.03411  -0.03374  -0.05427   0.02806   0.03214  -0.00342 
 -0.00578   0.01469   0.00842  -0.00920   0.00212   0.02273   0.00486  -0.02180  -0.04266   0.01093   0.00772   0.03096   0.00008   0.05173  -0.02379  -0.02620  -0.02704  -0.02935   0.06177  -0.00534 
 -0.01326   0.01114   0.01878  -0.00627   0.00934  -0.00476   0.04130  -0.04202  -0.03247  -0.00313   0.06526  -0.00593   0.00878  -0.01898   0.04740  -0.03217  -0.02295   0.03135   0.06633  -0.04806 
 -0.00635   0.00497   0.05481  -0.03523   0.00449   0.00083  -0.01790   0.00581  -0.03008   0.02848   0.01822   0.00167   0.03095  -0.00582   0.00608  -0.03918  -0.05811   0.02805   0.02553   0.00277 
 -0.00541   0.01342   0.00641  -0.00740  -0.00425  -0.00172   0.02799  -0.01392  -0.03239   0.01148   0.02201   0.01271   0.00825  -0.01086   0.01693  -0.01384  -0.03417  -0.00671   0.07018  -0.01955 
 -0.01345  -0.00247   0.03851  -0.01081   0.00772  -0.00018  -0.00422  -0.00730  -0.02742  -0.01975   0.05922   0.00337  -0.00506   0.02773   0.01090  -0.02390  -0.03982   0.00501   0.10212  -0.04733 
 -0.01193   0.00511   0.04621  -0.02295   0.01239  -0.00225  -0.01181  -0.00705  -0.03070   0.02975   0.01340   0.00436   0.02638  -0.01192   0.01733  -0.03675  -0.03274  -0.00682   0.03253   0.00440 
