15 20 4 1 46 -3.9882 2.6740 4.5248 15314
 -0.01202   0.01441   0.01157  -0.00487   0.01120   0.00328  -0.00715  -0.01232  -0.01013   0.00176   0.01494   0.00069   0.01937   0.00817  -0.03334  -0.00732  -0.02132  -0.02976   0.05704  -0.00544 
  0.00138  -0.00586   0.01356  -0.00646   0.00087   0.01301   0.02801  -0.03115  -0.01125   0.00326   0.03902  -0.01442  -0.00550   0.02525   0.05064  -0.05338  -0.03244   0.00566   0.06495  -0.02434 
 -0.00955   0.01157   0.04647  -0.03004   0.00434   0.01880  -0.03718   0.00697   0.02562  -0.01188  -0.01641  -0.01163   0.03780  -0.01611  -0.01664  -0.02376  -0.05879   0.01686   0.01433   0.01629 
  0.00688   0.00482  -0.01366  -0.00151   0.00869   0.02557  -0.02859  -0.00913  -0.02710   0.00468  -0.03697   0.04385   0.01950  -0.04928  -0.01624   0.02209  -0.03385  -0.01074   0.05724  -0.00854 
 -0.00532  -0.00497   0.00191   0.00715   0.00295   0.02883   0.00872  -0.03032   0.00569   0.00922   0.00670  -0.01632  -0.01149   0.01648   0.03571  -0.02579  -0.03463   0.00715   0.07424  -0.03055 
 -0.00880   0.01582   0.03649  -0.02638  -0.00773   0.00489  -0.00091   0.00758   0.01222  -0.05108   0.00659   0.01302  -0.00809   0.05211   0.00254  -0.03540  -0.04580   0.02331   0.00881   0.00863 
 -0.00908   0.01171   0.00337  -0.00067   0.00851   0.01988   0.00767  -0.03101  -0.02005   0.01534  -0.00917   0.01622  -0.01526  -0.00147   0.03215  -0.00439  -0.02079  -0.02861   0.05085  -0.00232 
 -0.00918  -0.00041   0.02380  -0.00618   0.00912  -0.00610   0.02204  -0.02499  -0.00930   0.00011   0.04627  -0.01937   0.02485  -0.01083   0.04762  -0.06072  -0.02610   0.05607   0.03212  -0.03893 
  0.00147   0.01540   0.03474  -0.03573   0.01903   0.01852  -0.02725  -0.01974  -0.01783   0.00297   0.01472   0.00800   0.00903   0.01550   0.00148  -0.02425   0.00345   0.02764   0.01300  -0.02685 
  0.00934   0.01737  -0.00204  -0.01983  -0.01042   0.02800  -0.00690  -0.00011  -0.02342  -0.01539  -0.00837   0.03729   0.00340   0.02312  -0.01572  -0.01135  -0.04473  -0.00513   0.07319  -0.01624 
 -0.01527   0.00771   0.01723  -0.00104   0.02159  -0.00110   0.00309  -0.03197   0.00969  -0.01262   0.02393  -0.01752   0.02368   0.01575   0.04031  -0.07601  -0.02905  -0.01214   0.08576  -0.03086 
  0.00807  -0.00247   0.04238  -0.03623   0.00228  -0.00825   0.00713  -0.00285   0.00763  -0.01259  -0.01496   0.00815   0.03478   0.02386  -0.03156  -0.04181  -0.03691   0.04790   0.00055  -0.00688 
  0.00679   0.01554  -0.00751  -0.01233   0.00330  -0.00645   0.02395  -0.01802  -0.01887   0.02423  -0.01137   0.01059   0.00933   0.00307   0.01079  -0.02142  -0.05793   0.00147   0.07550  -0.01407 
 -0.01155   0.00367   0.03203  -0.01214   0.00840  -0.00154   0.02347  -0.02817  -0.00206  -0.03481   0.02030   0.01096   0.01581  -0.02180   0.04327  -0.03571  -0.06633   0.02818   0.09279  -0.03871 
 -0.00682  -0.00188   0.04975  -0.02618   0.00856  -0.02013  -0.00043   0.00149   0.01058  -0.02114  -0.01047   0.00756   0.02399   0.02664   0.01446  -0.06423  -0.05768  -0.00310   0.05381   0.00305 
  0.00157  -0.00335   0.01780  -0.01109   0.01178  -0.00815   0.00895  -0.01735  -0.00820  -0.00233  -0.02008   0.02123   0.00593   0.03119  -0.00474  -0.02901  -0.04090   0.00757   0.07193  -0.02526 
 -0.00363   0.00670   0.02241  -0.01549  -0.01290   0.00556   0.03122  -0.00969  -0.01779   0.00799   0.02418  -0.00102   0.02014   0.00927   0.02357  -0.05078  -0.05862   0.02097   0.06726  -0.01975 
 -0.01470   0.01185   0.03971  -0.01993   0.01975  -0.00610  -0.02353  -0.00677  -0.02065  -0.01908   0.03839   0.00971   0.01653   0.01053   0.02383  -0.04714  -0.06197   0.01731   0.05299  -0.00593 
 -0.00466   0.00323   0.02213  -0.01195  -0.01187   0.00129   0.01329   0.00514  -0.02221  -0.00583   0.01763   0.01603  -0.00878   0.01861   0.03001  -0.02634  -0.04979  -0.02365   0.07936  -0.00714 
 -0.02048  -0.00364   0.03904  -0.00356   0.00288   0.00521   0.01810  -0.02073   0.00570  -0.03244   0.01901   0.00214   0.00514  -0.00476   0.04707  -0.03847  -0.02916   0.02990   0.07020  -0.04586 
 -0.00344   0.00540   0.04171  -0.02865   0.01554   0.02846  -0.01372  -0.03146  -0.01191  -0.00877   0.00280   0.01616   0.03241   0.01165   0.00011  -0.05130  -0.08114   0.02101   0.05120   0.00334 
 -0.00242   0.01554   0.01214  -0.01568   0.01725  -0.00524  -0.01475  -0.00986  -0.01662  -0.01891   0.01228   0.02134  -0.00898  -0.00675   0.04203  -0.01528  -0.03816   0.00621   0.07260  -0.02659 
 -0.00569  -0.00468   0.02985  -0.01109  -0.00370   0.00762   0.04708  -0.03665   0.00134  -0.01835   0.03096  -0.00909   0.04006  -0.00743   0.03896  -0.07845  -0.03004  -0.00116   0.08912  -0.03947 
  0.00258  -0.00291   0.05635  -0.04069   0.01522   0.00770  -0.01377  -0.01626  -0.01889   0.01613   0.00950   0.00381   0.01471   0.02879   0.00586  -0.04638  -0.06597   0.02844   0.04141  -0.00300 
 -0.00354   0.02059   0.01071  -0.01703   0.01011  -0.03022   0.01499  -0.00560   0.00153  -0.02013   0.00260   0.00915   0.00742   0.00970   0.02126  -0.03236  -0.03727  -0.00746   0.07039  -0.01737 
 -0.00075  -0.01243   0.03149  -0.01233   0.00351  -0.00692   0.02833  -0.02144   0.01000  -0.01953   0.05385  -0.03386   0.01270   0.00733   0.07006  -0.08009  -0.04151  -0.00224   0.11512  -0.05233 
 -0.00149  -0.00423   0.07015  -0.04642   0.00705  -0.02097   0.00775  -0.00178  -0.01662   0.00010   0.00269   0.01559   0.02442   0.01210   0.03802  -0.07169  -0.08046   0.04154   0.05994  -0.01556 
 -0.00560   0.01029   0.02862  -0.02022  -0.00327  -0.02191   0.02680  -0.00146  -0.03730  -0.03573   0.02135   0.04480   0.01064   0.00436   0.04732  -0.05362  -0.04718  -0.00810   0.10124  -0.03383 
 -0.01460  -0.01409   0.05390  -0.01338   0.00599   0.00640   0.03304  -0.03798  -0.01388   0.01149   0.04497  -0.02109   0.04355   0.01293   0.01751  -0.08341  -0.04184   0.00895   0.09365  -0.04183 
  0.00193   0.01071   0.05183  -0.04601  -0.00019   0.00471   0.01326  -0.01246  -0.01768  -0.00571   0.00307   0.01992   0.02305   0.01921   0.03176  -0.07071  -0.03051   0.02105   0.03217  -0.01301 
 -0.00001   0.01086   0.01990  -0.02032  -0.01813  -0.00982   0.03875   0.00117  -0.03266   0.00014   0.01465   0.02425   0.00426   0.00319   0.03020  -0.03002  -0.06158  -0.02519   0.08580  -0.00418 
 -0.02330  -0.00973   0.04752  -0.00300   0.01102  -0.01217   0.00059  -0.00756   0.01667  -0.04845   0.03832  -0.01309   0.02925  -0.02443   0.04730  -0.05549  -0.05640   0.01990   0.05794  -0.01394 
  0.00166  -0.00943   0.03636  -0.02022   0.01712  -0.05174  -0.00501   0.01155   0.00925  -0.05490   0.02083   0.00985   0.05675   0.01200   0.01646  -0.10308  -0.03685  -0.01100   0.03373   0.00833 
  0.01573  -0.02433   0.01597  -0.01147  -0.00840  -0.01222   0.00086   0.01779  -0.01429  -0.04089  -0.01403   0.04544   0.01790  -0.02327   0.04225  -0.03650  -0.02344  -0.03654   0.08725  -0.02154 
 -0.00541  -0.02775   0.03596  -0.00132  -0.00661  -0.00604   0.03525  -0.01357  -0.00941  -0.00586  -0.01150   0.01991   0.03740  -0.01153   0.04637  -0.07752  -0.07086   0.00724   0.10517  -0.03225 
 -0.01050  -0.00217   0.05468  -0.02589   0.02459  -0.01757  -0.02563  -0.00493  -0.02057  -0.03474   0.01277   0.03371   0.07942  -0.06992   0.03891  -0.09046  -0.05210   0.01131   0.01481   0.01558 
  0.01626  -0.02263   0.00770  -0.00759   0.01224  -0.01381   0.00356  -0.01037  -0.01550  -0.01345  -0.00951   0.02927   0.03484   0.01002   0.03689  -0.08441  -0.01816  -0.03096   0.07037  -0.01582 
  0.00652  -0.01439   0.03053  -0.01799   0.00005  -0.00512   0.00774  -0.00231  -0.00882   0.01102   0.04067  -0.02341   0.02492   0.00570   0.04797  -0.07560  -0.04187  -0.00984   0.10198  -0.03664 
 -0.00289  -0.00115   0.05261  -0.03302  -0.00677   0.00058  -0.02238   0.02329  -0.01643  -0.04755  -0.00952   0.04852   0.03389   0.03022  -0.00801  -0.06382  -0.05530  -0.01298   0.04741   0.01124 
 -0.00560  -0.00468   0.00438   0.00569  -0.00458  -0.03392  -0.00362   0.02859  -0.03150  -0.03977   0.02476   0.03978   0.01288  -0.00600   0.01823  -0.02437  -0.06322  -0.01103   0.07756  -0.00533 
 -0.01990  -0.02110   0.03393   0.01005  -0.00173  -0.00592  -0.02363   0.02174   0.01595  -0.04501   0.02930  -0.00838   0.02744   0.01443   0.03027  -0.07143  -0.02810  -0.02230   0.07651  -0.01878 
  0.00083  -0.01213   0.03217  -0.01463   0.00776  -0.01282  -0.09457   0.05419  -0.00732  -0.01009  -0.08549   0.05604   0.03038   0.01807  -0.04437  -0.02219  -0.04477   0.00469  -0.00108   0.02414 
  0.00036   0.00046  -0.05152   0.02909  -0.02660   0.03746  -0.01404   0.01842  -0.00972  -0.03079  -0.04512   0.05121   0.02404   0.03628  -0.05739  -0.02079  -0.03502  -0.01262   0.00480   0.02486 
 -0.01825   0.00756  -0.01898   0.02413   0.00226   0.01541  -0.01735  -0.00108   0.03127   0.00194   0.00224  -0.03910   0.05034  -0.01411  -0.00198  -0.05395  -0.01307   0.01021   0.04634  -0.02660 
  0.01178   0.00598   0.01228  -0.02431   0.06210  -0.08129  -0.07997   0.01057   0.09289  -0.06069  -0.06539  -0.04169   0.13584  -0.09861  -0.06928  -0.08397   0.02737  -0.06655   0.03434  -0.00318 
  0.08087  -0.07687  -0.03757  -0.02207   0.12604  -0.04792  -0.11857  -0.10269   0.10617  -0.03311  -0.12959  -0.04539   0.15752  -0.01811  -0.12360  -0.16155   0.07721  -0.03460  -0.02048  -0.02361 
  0.12407  -0.03896  -0.08758  -0.07619   0.16081  -0.07381  -0.08532  -0.19910   0.16650  -0.09011  -0.12018  -0.11994   0.22400  -0.01985  -0.09522  -0.42183   0.12520   0.05027  -0.04594  -0.10994 
  0.17835  -0.03609  -0.08207  -0.18617   0.15713  -0.20642  -0.09721  -0.09323   0.21497  -0.22795  -0.14731  -0.13122   0.25210  -0.17820  -0.14236  -0.28075  -0.00018  -0.02063   0.03519  -0.00953 
  0.18879  -0.16823  -0.08207  -0.11485  -0.31376  -0.36161   0.48733  -0.23413  -0.22785  -0.22167   0.36283  -0.03526  -0.14066  -0.17692   0.36493  -0.17612  -0.52427  -0.28206   0.49315  -0.29773 
 -0.27688  -0.29401   0.45741  -0.22065  -2.63805  -4.18512   0.71612  -4.18512  -2.38410  -4.18512   0.74713  -4.18512  -4.18512  -4.18512   0.71892  -4.18512  -2.49767  -4.18512   0.68454  -4.18512 
 -2.87143  -4.18512   0.71259  -4.18512  -4.18512  -4.18512  -4.18512   0.56511  -4.18512  -4.18512  -4.18512  -4.18512  -4.18512  -1.92098  -4.18512   0.55690  -4.18512  -4.18512  -4.18512  -4.18512 
 -4.18512  -1.89076  -4.18512   0.51307  -4.18512  -4.18512  -4.18512  -4.18512   0.35403  -0.86229  -0.83189  -0.15874  -4.18512  -4.18512  -4.18512  -4.18512   0.60239  -1.67576  -0.76661  -0.86945 
  0.47353  -1.64543  -0.73898  -0.79513   0.09809  -0.10041  -0.83812   0.14614   0.00302   0.06732  -0.07834  -0.00710   0.26647  -0.08290  -0.63395  -0.17518  -0.17998   0.08359  -0.37782   0.15433 
  0.15940  -0.12403  -0.78374   0.09430  -0.76655  -1.09536   0.65578  -0.69714  -0.78270  -1.12588   0.69194  -0.76243  -0.70780  -0.66408   0.62710  -0.52829  -0.65717  -1.27798   0.63571  -0.89351 
 -0.73605  -1.14603   0.65627  -0.77041  -0.15381  -0.04110   0.02204   0.15126  -0.24858  -0.09050   0.09349   0.16008  -0.31762  -0.25531  -0.42688   0.37550   0.06647  -0.33788   0.02003   0.07065 
 -0.26190  -0.21768  -0.34065   0.31111   0.11337  -0.13355  -0.17161   0.00221   0.09317  -0.21964  -0.16486   0.07179   0.13855  -0.21426  -0.21400   0.04963   0.11885  -0.22645  -0.04627   0.03768 
  0.06169  -0.19856  -0.07575   0.07228   0.04470  -0.04884  -0.18004   0.06601   0.04310  -0.16944  -0.10481   0.08577   0.08248  -0.08227  -0.17790   0.04794   0.03672  -0.19128  -0.09595   0.10072 
  0.04382  -0.12054  -0.13324   0.08442   0.05344  -0.05041  -0.20540   0.06550   0.07748  -0.15342  -0.15728   0.06338   0.03938  -0.03399  -0.15472   0.06155   0.04948  -0.15785  -0.14258   0.09966 
  0.04666  -0.10277  -0.16266   0.08556   0.00455  -0.04790  -0.13446   0.09379   0.02197  -0.14075  -0.13085   0.10463   0.05917  -0.00354  -0.12529   0.00348   0.01866  -0.16113  -0.14681   0.11842 
  0.01214  -0.09743  -0.13403   0.10279  -0.00079  -0.07856  -0.11678   0.10556   0.02465  -0.13684  -0.07246   0.07865   0.04018  -0.01895  -0.14801   0.04840   0.01591  -0.13790  -0.13556   0.10900 
  0.00405  -0.10018  -0.11799   0.10440   0.00277  -0.00742  -0.15527   0.08441   0.02315  -0.11866  -0.05543   0.06552   0.03466  -0.01067  -0.11552   0.03429  -0.01152  -0.17146  -0.03164   0.09441 
 -0.00410  -0.08498  -0.07732   0.08822  -0.00608  -0.06356  -0.11489   0.10379   0.02936  -0.15587  -0.03148   0.06318   0.03765  -0.04478  -0.12457   0.05678  -0.02175  -0.13072  -0.02119   0.08149 
 -0.00588  -0.09834  -0.06118   0.08814   0.01321  -0.05564  -0.07781   0.06149  -0.01092  -0.14251  -0.03893   0.09828  -0.00185  -0.02258  -0.06995   0.05910   0.01415  -0.13868  -0.05716   0.08122 
 -0.00307  -0.09161  -0.05917   0.08213   0.00379  -0.07523  -0.09247   0.08847  -0.00458  -0.11235  -0.01743   0.07132   0.03169  -0.08295  -0.06173   0.05442   0.00546  -0.15985  -0.04906   0.08949 
 -0.00093  -0.11270  -0.05566   0.08746   0.01353  -0.06549  -0.07065   0.06220   0.00746  -0.16703  -0.04058   0.09191  -0.00790  -0.04374  -0.08279   0.08386   0.01096  -0.15558  -0.05439   0.08743 
 -0.00168  -0.10780  -0.05833   0.08731  -0.00903  -0.05198  -0.04613   0.06852  -0.01553  -0.13572  -0.02059   0.09153   0.01269  -0.05273  -0.06256   0.05837   0.00458  -0.15596  -0.05466   0.09101 
 -0.01174  -0.10165  -0.04497   0.08678   0.00129  -0.11056  -0.04697   0.08380  -0.01693  -0.10968  -0.00844   0.07680   0.01702  -0.03794  -0.08306   0.05547   0.00577  -0.16450  -0.04021   0.08708 
 -0.00729  -0.11403  -0.04110   0.08640  -0.00421  -0.10393  -0.02260   0.07384  -0.01109  -0.12024   0.00604   0.06880   0.03060  -0.08007  -0.01329   0.02607   0.01300  -0.13040  -0.04879   0.07541 
 -0.00326  -0.11024  -0.02344   0.07290   0.01310  -0.07823  -0.06947   0.06806  -0.02090  -0.14547  -0.02591   0.10191   0.01294  -0.03869  -0.04149   0.03805  -0.00192  -0.12243  -0.04443   0.07868 
 -0.00438  -0.09433  -0.04546   0.07796  -0.00528  -0.05410  -0.05268   0.06888  -0.01493  -0.14520  -0.01157   0.09039   0.02938  -0.07292  -0.04988   0.04498   0.00662  -0.12648  -0.05414   0.07975 
 -0.00541  -0.09688  -0.04352   0.07897   0.01374  -0.07735  -0.07075   0.06756  -0.01180  -0.09982  -0.04040   0.08311   0.02650  -0.07672  -0.07234   0.06220  -0.00387  -0.14289  -0.04757   0.08812 
 -0.00158  -0.10369  -0.05433   0.08373   0.00511  -0.05750  -0.04088   0.05208   0.00244  -0.15616  -0.03246   0.08893   0.02685  -0.03980  -0.03816   0.02084  -0.00116  -0.14401  -0.05610   0.09065 
 -0.00214  -0.09908  -0.04174   0.07634   0.01223  -0.07363  -0.05878   0.06133  -0.00049  -0.14847  -0.03042   0.08779   0.00846  -0.04117  -0.08527   0.06746  -0.02191  -0.12184  -0.04203   0.08759 
 -0.00814  -0.09469  -0.04938   0.08304  -0.01592  -0.06387  -0.04291   0.07991  -0.01169  -0.14749  -0.02824   0.09607   0.02574  -0.02930  -0.07866   0.03817  -0.00182  -0.11767  -0.05081   0.07965 
 -0.01250  -0.08801  -0.04644   0.08236  -0.01675  -0.02068  -0.06712   0.07228  -0.02067  -0.14234  -0.04926   0.11049   0.00080  -0.02804  -0.11808   0.08250   0.00887  -0.13544  -0.03258   0.07230 
 -0.01613  -0.08056  -0.05549   0.08625  -0.00901  -0.01307  -0.07167   0.06207  -0.01063  -0.18629  -0.05337   0.11876   0.01285  -0.02657  -0.07981   0.05128   0.02622  -0.13175  -0.06327   0.07467 
 -0.00494  -0.08303  -0.06372   0.08205  -0.00236  -0.01752  -0.09422   0.06827  -0.05422  -0.20402  -0.07966   0.16487  -0.00299  -0.01834  -0.11214   0.07781   0.05335  -0.15869  -0.07202   0.07171 
 -0.00344  -0.09414  -0.08295   0.09393   0.01001   0.05886  -0.13300   0.02612  -0.05495  -0.19143  -0.10321   0.16955   0.00180   0.02886  -0.09521   0.03317   0.07444  -0.15368  -0.06756   0.05475 
  0.00789  -0.05592  -0.09208   0.07157   0.01384   0.04237  -0.10887   0.02024  -0.08752  -0.22236  -0.08361   0.19103   0.01310  -0.01716  -0.10981   0.05974   0.09624  -0.15146  -0.07716   0.04312 
  0.01438  -0.07444  -0.09010   0.07361   0.00880   0.08403  -0.21090   0.04422  -0.05609  -0.14441  -0.11022   0.15867  -0.00713   0.01645  -0.09740   0.05260   0.11970  -0.16670  -0.07603   0.03069 
  0.02228  -0.04605  -0.11992   0.06587   0.01526   0.09593  -0.17282   0.01092  -0.03745  -0.19215  -0.07905   0.15007   0.01471  -0.00125  -0.11229   0.04885   0.11205  -0.13717  -0.07283   0.02403 
  0.02840  -0.04298  -0.10681   0.05311  -0.00206   0.11564  -0.18442   0.02301  -0.03567  -0.19788  -0.15438   0.17383   0.02511  -0.02186  -0.08306   0.03637   0.09693  -0.13845  -0.03269   0.01668 
  0.01999  -0.03816  -0.10178   0.05630  -0.00072   0.11054  -0.18367   0.02502  -0.04535  -0.17318  -0.07299   0.14783  -0.00805  -0.02031  -0.08927   0.07341   0.12405  -0.15729  -0.08426   0.02750 
  0.02184  -0.04346  -0.11019   0.06091   0.00570   0.12711  -0.18412   0.00341  -0.04387  -0.18174  -0.11568   0.16348  -0.00846   0.02471  -0.11295   0.05563   0.10663  -0.18051  -0.08176   0.04781 
  0.01875  -0.03609  -0.12011   0.06420  -0.00941   0.12681  -0.19167   0.02626  -0.04851  -0.20609  -0.09561   0.16694  -0.00091  -0.00385  -0.09794   0.06012   0.11074  -0.15451  -0.07344   0.03193 
  0.01465  -0.03832  -0.11284   0.06595   0.00216   0.09951  -0.14325   0.01124  -0.02140  -0.21329  -0.15391   0.16810  -0.02522   0.04086  -0.09520   0.05224   0.11332  -0.15682  -0.11198   0.04715 
  0.02043  -0.04298  -0.12340   0.06746  -0.01691   0.11127  -0.10471   0.00610  -0.01571  -0.22528  -0.08652   0.14623  -0.00544   0.00317  -0.10102   0.06159   0.12376  -0.17941  -0.08410   0.03562 
  0.02123  -0.05277  -0.09100   0.05768  -0.01668   0.09456  -0.08773   0.00976  -0.02373  -0.17629  -0.10992   0.14603   0.01039  -0.03672  -0.08485   0.06263   0.12481  -0.17432  -0.09045   0.03577 
  0.02307  -0.05725  -0.08956   0.05752  -0.02338   0.09027  -0.04427  -0.00462  -0.00401  -0.18360  -0.15853   0.14857  -0.01336  -0.03068  -0.07496   0.07781   0.11960  -0.16424  -0.10404   0.04190 
  0.01866  -0.05559  -0.08508   0.05873  -0.02779   0.08353  -0.05479   0.01264  -0.00464  -0.18394  -0.08962   0.12692  -0.02417  -0.01787  -0.05548   0.07060   0.09902  -0.18916  -0.09490   0.06145 
  0.00852  -0.06347  -0.07262   0.06587  -0.02239   0.05199  -0.04308   0.02183  -0.02222  -0.15286  -0.10161   0.13480   0.00115  -0.01543  -0.05541   0.04369   0.12430  -0.17957  -0.10942   0.04584 
  0.01937  -0.06892  -0.07557   0.06010  -0.03510   0.06706  -0.01933   0.01130   0.00611  -0.16665  -0.13755   0.12907   0.00090  -0.04745  -0.04229   0.05670   0.10605  -0.18030  -0.08807   0.05082 
  0.01411  -0.07012  -0.06220   0.05914  -0.04667   0.06133   0.00663   0.01145  -0.00691  -0.16545  -0.08432   0.12094   0.00641  -0.05619  -0.03891   0.05423   0.10171  -0.16184  -0.07577   0.04232 
  0.00761  -0.06840  -0.04126   0.05385  -0.02682   0.02336  -0.01096   0.02590  -0.00649  -0.15424  -0.07566   0.11362  -0.00039  -0.02250  -0.04839   0.04603   0.10587  -0.14975  -0.08517   0.03897 
  0.01456  -0.07012  -0.05119   0.05336  -0.04271   0.03758   0.02726   0.00876  -0.00584  -0.16414  -0.06941   0.11403   0.01350  -0.09485  -0.01020   0.05176   0.08323  -0.13706  -0.06906   0.04339 
  0.00487  -0.07618  -0.02468   0.05139  -0.03660   0.03392   0.00939   0.01683  -0.00516  -0.10404  -0.08533   0.09774  -0.00666  -0.02782  -0.02196   0.04081   0.09081  -0.13728  -0.06988   0.03852 
  0.00570  -0.05609  -0.03550   0.04659  -0.03714   0.02773   0.00716   0.02307   0.00402  -0.14909  -0.06468   0.09868  -0.00615  -0.03648  -0.00943   0.03818   0.08221  -0.12377  -0.06602   0.03764 
  0.00487  -0.06279  -0.03029   0.04791  -0.05492   0.01964   0.03299   0.03021  -0.00998  -0.09492  -0.05797   0.08710  -0.01435  -0.00585  -0.04454   0.04745   0.08118  -0.13546  -0.06130   0.04073 
 -0.00541  -0.05459  -0.02499   0.05023  -0.02992   0.01049   0.02707   0.01163  -0.01712  -0.13144  -0.03997   0.09980   0.00087  -0.06393  -0.00083   0.04214   0.05591  -0.08096  -0.05130   0.03101 
