IntronPotTab 1 1024 1.14935
    0.01434
   -0.03462
   -0.01385
    0.03479
   -0.01207
   -0.04503
   -0.03877
    0.08703
   -0.02602
    0.01463
   -0.01548
    0.03642
    0.00645
   -0.10421
    0.02717
    0.07951
   -0.02556
   -0.05649
    0.00357
    0.07221
    0.03059
   -0.06732
   -0.02122
    0.03948
    0.01198
   -0.04155
   -0.03206
    0.05339
    0.08721
   -0.10458
    0.07399
   -0.00396
   -0.01860
   -0.04260
    0.03158
    0.02491
   -0.00480
   -0.07913
   -0.05354
    0.09194
    0.00738
    0.01377
   -0.01617
   -0.00992
   -0.02754
   -0.06878
    0.04796
    0.03501
   -0.00877
   -0.03604
   -0.04115
    0.06058
    0.02992
   -0.06899
   -0.05801
    0.08224
   -0.00770
    0.00921
   -0.05393
    0.05491
    0.03254
   -0.06240
   -0.00865
    0.05389
   -0.00669
   -0.06715
   -0.01694
    0.09814
    0.01287
   -0.11787
   -0.02290
    0.13303
    0.01715
   -0.03116
   -0.05244
    0.06688
   -0.02970
   -0.08224
    0.00583
    0.10506
   -0.01195
   -0.03217
   -0.05767
    0.08757
   -0.03375
   -0.00387
   -0.06956
    0.07053
   -0.04145
   -0.00245
   -0.12923
    0.11667
    0.04084
   -0.07759
    0.02951
    0.04755
    0.01190
   -0.04554
   -0.01249
    0.04651
   -0.01249
   -0.10187
   -0.00557
    0.09725
    0.02633
   -0.04150
   -0.04645
    0.04358
   -0.05308
   -0.07635
    0.04342
    0.07827
    0.13492
   -0.13018
    0.01437
    0.01229
    0.04657
   -0.08185
   -0.12088
    0.12824
    0.14772
   -0.07045
   -0.15296
    0.01327
    0.09723
   -0.07059
   -0.05165
    0.08429
    0.03905
   -0.00818
   -0.06212
    0.06169
    0.03021
   -0.05502
   -0.07668
    0.09786
    0.03038
    0.03265
   -0.07618
    0.02892
    0.00364
   -0.08137
   -0.00216
    0.07806
    0.00589
   -0.02463
   -0.04387
    0.06168
    0.01131
   -0.01012
   -0.07212
    0.04745
    0.00299
   -0.00241
   -0.07139
    0.06419
    0.09701
   -0.05962
    0.02364
   -0.01741
    0.03297
    0.00065
   -0.04710
    0.02988
    0.04519
   -0.09980
   -0.09211
    0.08890
    0.03729
    0.00742
   -0.03914
   -0.02813
   -0.03630
   -0.02365
   -0.00160
    0.04396
    0.01203
   -0.03370
   -0.00744
    0.02815
    0.01255
   -0.04968
   -0.06923
    0.09210
    0.00823
    0.03083
   -0.07255
    0.03943
    0.05779
   -0.03105
   -0.03594
    0.04289
    0.01046
    0.00283
   -0.06451
    0.04127
    0.02366
   -0.08952
   -0.10275
    0.14162
   -0.01448
    0.01445
   -0.03787
    0.03972
   -0.03693
   -0.06755
   -0.02136
    0.10980
   -0.01944
    0.00663
   -0.02742
    0.03632
    0.00144
    0.00175
   -0.11101
    0.05735
   -0.01221
    0.01136
   -0.07508
    0.05238
    0.07740
   -0.03666
   -0.00017
    0.00249
    0.03129
   -0.00210
   -0.06480
    0.02694
    0.00024
   -0.07440
   -0.13504
    0.12600
    0.02673
   -0.00567
   -0.04873
    0.01235
   -0.04505
   -0.06626
    0.03708
    0.05551
    0.02617
   -0.02530
   -0.07057
    0.04399
    0.01325
   -0.02139
   -0.13296
    0.09856
    0.02205
    0.00575
   -0.08518
    0.04583
    0.05714
   -0.00408
   -0.06850
    0.04495
   -0.00613
   -0.03191
   -0.00252
    0.04491
   -0.02924
   -0.04406
   -0.03043
    0.10230
   -0.04482
    0.02412
   -0.03649
    0.06835
   -0.01722
   -0.06353
   -0.01342
    0.09718
   -0.01250
   -0.03045
   -0.03142
    0.06784
   -0.02925
   -0.04004
   -0.07199
    0.11065
   -0.01012
    0.00570
   -0.06983
    0.07348
    0.01046
   -0.06469
    0.00322
    0.05961
    0.01650
   -0.03750
   -0.01287
    0.02444
   -0.03360
   -0.04940
   -0.06155
    0.11134
    0.00543
   -0.00961
   -0.03273
    0.02835
   -0.04774
   -0.02373
   -0.00484
    0.05793
    0.01304
   -0.07798
   -0.03145
    0.08226
   -0.04113
   -0.01085
   -0.09185
    0.11928
   -0.01739
    0.02795
   -0.07761
    0.06613
   -0.01709
   -0.03111
   -0.04699
    0.08799
   -0.00799
   -0.03156
   -0.05587
    0.10057
   -0.00472
   -0.07062
   -0.07099
    0.13705
   -0.00814
   -0.01088
   -0.07025
    0.07900
   -0.04372
   -0.03206
   -0.05290
    0.10952
   -0.03424
   -0.02558
   -0.04850
    0.09205
   -0.08522
    0.02042
   -0.13069
    0.12492
   -0.02532
    0.00071
   -0.10702
    0.08216
   -0.03063
   -0.06151
   -0.05188
    0.11736
    0.01696
   -0.04580
   -0.03051
    0.05714
   -0.04173
   -0.07573
   -0.07497
    0.15067
    0.02160
   -0.05434
   -0.00108
    0.02898
   -0.12257
   -0.01140
   -0.02796
    0.10629
   -0.02234
   -0.03687
   -0.03040
    0.07716
   -0.03148
   -0.03379
   -0.15019
    0.16137
    0.00996
    0.00851
   -0.13546
    0.08070
   -0.01009
   -0.04497
   -0.10574
    0.14724
    0.02347
   -0.01728
   -0.04345
    0.05354
    0.00664
   -0.02322
   -0.07475
    0.10501
    0.01235
    0.04608
   -0.10177
    0.06451
   -0.03311
   -0.03662
   -0.02722
    0.09643
   -0.00930
   -0.02088
   -0.04937
    0.07472
    0.03070
   -0.03630
   -0.11676
    0.09227
   -0.00395
    0.02806
   -0.15463
    0.10097
    0.04204
   -0.03263
   -0.02317
    0.03767
    0.02014
    0.01822
   -0.04561
    0.02031
    0.01588
   -0.01962
   -0.10867
    0.12057
    0.03607
   -0.01802
   -0.06449
    0.02384
   -0.07050
   -0.00951
   -0.05105
    0.11472
    0.00428
   -0.04307
   -0.03860
    0.07085
    0.00056
    0.01002
   -0.11520
    0.09771
   -0.01382
    0.00287
   -0.07492
    0.08841
    0.00667
   -0.03248
   -0.03900
    0.07509
   -0.04822
    0.03294
   -0.12198
    0.10040
   -0.02625
   -0.00818
   -0.11868
    0.12088
   -0.01084
    0.01928
   -0.08503
    0.06760
   -0.05788
   -0.02645
   -0.05418
    0.10923
   -0.06594
    0.02351
   -0.05836
    0.08890
   -0.04198
    0.03226
   -0.15635
    0.07258
   -0.06895
    0.04617
   -0.09389
    0.08512
    0.02802
   -0.00785
   -0.04879
    0.02871
   -0.06544
    0.07912
   -0.13213
    0.09956
   -0.02038
   -0.00344
   -0.12603
    0.08327
   -0.01756
    0.06703
   -0.06819
    0.01509
   -0.07885
   -0.00331
   -0.02107
    0.06195
   -0.02966
    0.00937
   -0.05851
    0.04546
   -0.02390
    0.04450
   -0.14216
    0.06323
   -0.03924
    0.05847
   -0.11390
    0.08102
    0.00290
    0.02557
   -0.08166
    0.04907
   -0.02919
   -0.01573
   -0.00503
    0.05106
   -0.01124
   -0.04359
   -0.02896
    0.07556
   -0.03184
    0.03649
   -0.02899
    0.05728
   -0.00291
   -0.07567
    0.03113
    0.03316
   -0.00609
   -0.01272
   -0.01677
    0.03004
   -0.00033
   -0.05708
   -0.06068
    0.07528
   -0.02369
    0.04246
   -0.05246
    0.05229
    0.08913
   -0.08315
    0.03107
   -0.01046
   -0.01391
   -0.01416
    0.00329
    0.02523
   -0.02843
   -0.03959
   -0.06310
    0.10018
   -0.00264
    0.03987
   -0.04615
    0.02218
   -0.02456
   -0.02725
    0.02030
    0.01511
    0.00085
   -0.03462
   -0.01988
    0.03790
   -0.00404
   -0.01892
   -0.04257
    0.05678
   -0.03159
    0.03207
   -0.03278
    0.05051
   -0.00177
   -0.02817
    0.00330
    0.02172
   -0.00954
   -0.04314
   -0.01740
    0.07158
    0.03718
   -0.10255
   -0.08626
    0.12678
    0.02783
   -0.05420
   -0.05988
    0.08952
   -0.02768
   -0.06938
    0.01745
    0.07269
   -0.04232
    0.03947
   -0.03208
    0.03777
   -0.03961
    0.02060
   -0.09711
    0.07832
   -0.02256
    0.00128
   -0.09571
    0.08483
    0.06567
   -0.05061
   -0.02040
    0.03562
    0.00593
   -0.01841
   -0.01825
    0.03089
   -0.01154
   -0.08605
   -0.06972
    0.12112
   -0.00194
   -0.03172
   -0.03267
    0.05935
   -0.05566
   -0.03152
   -0.00418
    0.06478
    0.15794
   -0.11185
   -0.03464
   -0.02802
    0.03957
   -0.06104
   -0.12362
    0.10644
    0.15898
   -0.09576
   -0.15208
    0.01628
    0.07761
   -0.06739
   -0.04176
    0.07740
    0.01850
    0.00784
   -0.04858
    0.05207
    0.00532
   -0.02717
   -0.07216
    0.10170
    0.01674
    0.08361
   -0.07634
    0.02327
   -0.00040
   -0.04254
    0.01126
    0.02260
   -0.01897
    0.01027
   -0.04198
    0.05396
    0.03686
   -0.01947
   -0.08202
    0.04519
    0.01274
    0.01956
   -0.05259
    0.02820
    0.08600
   -0.04083
    0.01246
   -0.02835
    0.01933
   -0.00506
   -0.04390
    0.03745
    0.03180
   -0.03476
   -0.14060
    0.10195
    0.01108
    0.04455
   -0.03972
   -0.00825
   -0.04009
   -0.00919
   -0.02877
    0.05720
   -0.02980
   -0.01185
   -0.00184
    0.03096
    0.03055
   -0.00945
   -0.07593
    0.05038
    0.00423
    0.00634
   -0.05837
    0.05647
    0.01777
   -0.01809
   -0.02795
    0.04108
    0.03718
    0.01040
   -0.11724
    0.05805
    0.02574
   -0.04976
   -0.11174
    0.11447
   -0.00207
    0.03977
   -0.05544
    0.01833
   -0.01939
   -0.05992
   -0.01543
    0.08470
   -0.04582
    0.02880
   -0.04148
    0.06020
   -0.02716
    0.02300
   -0.12698
    0.07738
   -0.03887
    0.05940
   -0.08679
    0.04835
    0.05766
   -0.02945
   -0.02445
    0.01924
    0.01099
    0.04414
   -0.09620
    0.04448
    0.00788
   -0.05648
   -0.13719
    0.12199
    0.01916
    0.05236
   -0.06197
   -0.00821
   -0.04805
   -0.04147
    0.02510
    0.03779
    0.01245
   -0.02539
   -0.07742
    0.06775
    0.00486
   -0.00210
   -0.12677
    0.08932
    0.02575
    0.04361
   -0.11235
    0.03774
    0.03883
   -0.00111
   -0.06237
    0.05365
   -0.01194
   -0.02735
   -0.04064
    0.08394
    0.00650
   -0.11215
   -0.04562
    0.14322
    0.00927
    0.02022
   -0.07074
    0.05070
   -0.02325
   -0.09050
    0.01356
    0.10071
   -0.02516
   -0.04675
   -0.03509
    0.09147
   -0.01197
   -0.04631
   -0.13134
    0.12570
   -0.01248
    0.00609
   -0.05679
    0.06062
    0.04831
   -0.08279
   -0.00033
    0.05240
    0.03658
   -0.03842
   -0.04135
    0.03321
   -0.04010
   -0.05423
   -0.10315
    0.14060
    0.03473
    0.00504
   -0.07476
    0.01826
   -0.05253
   -0.02633
   -0.04032
    0.09522
    0.01170
   -0.04947
   -0.06844
    0.07083
   -0.00830
   -0.02512
   -0.13908
    0.13709
   -0.00705
    0.02333
   -0.07527
    0.05442
   -0.03058
   -0.03293
   -0.03743
    0.08288
    0.02981
   -0.06832
   -0.05528
    0.10141
    0.03049
   -0.12015
   -0.08596
    0.15138
    0.01901
   -0.03804
   -0.06418
    0.08456
   -0.01211
   -0.09904
   -0.02214
    0.14834
   -0.03096
   -0.02338
   -0.07763
    0.10215
   -0.06958
   -0.03393
   -0.10285
    0.12431
   -0.01831
   -0.01069
   -0.14268
    0.10610
    0.07724
   -0.09179
   -0.03188
    0.10316
    0.02956
   -0.05018
   -0.04398
    0.05986
   -0.01328
   -0.09995
   -0.08481
    0.14537
    0.03334
   -0.05537
   -0.01693
    0.02972
   -0.06502
   -0.06278
   -0.00456
    0.11332
    0.07094
   -0.07659
   -0.02801
    0.04804
    0.00770
   -0.06239
   -0.15072
    0.15774
    0.04801
   -0.02867
   -0.14242
    0.09696
    0.09573
   -0.06755
   -0.09256
    0.12950
    0.03020
   -0.00106
   -0.07806
    0.08147
    0.00614
   -0.03907
   -0.07914
    0.11224
    0.03907
    0.04763
   -0.10489
    0.03854
   -0.00360
   -0.05393
   -0.02715
    0.09227
   -0.01383
   -0.01548
   -0.05701
    0.08512
   -0.02125
   -0.00432
   -0.12442
    0.10629
    0.00642
    0.00765
   -0.11926
    0.08885
    0.08784
   -0.04239
   -0.03655
    0.03666
    0.03764
   -0.01417
   -0.07630
    0.06046
    0.02284
   -0.07372
   -0.13340
    0.13239
    0.03992
    0.02490
   -0.09930
    0.00881
   -0.02994
   -0.01983
   -0.06095
    0.10504
    0.00979
   -0.04136
   -0.07726
    0.08848
   -0.00704
    0.01366
   -0.14667
    0.12389
    0.00013
    0.01833
   -0.07542
    0.05945
    0.00353
   -0.00362
   -0.06157
    0.07603
    0.02713
    0.00098
   -0.10561
    0.06615
    0.00572
   -0.06035
   -0.13584
    0.14292
    0.04997
    0.00785
   -0.11448
    0.05730
   -0.08834
   -0.03715
   -0.03286
    0.10461
   -0.04185
    0.00426
   -0.06329
    0.08452
   -0.05069
    0.00392
   -0.14857
    0.09918
   -0.02517
    0.01974
   -0.10974
    0.07678
    0.09422
   -0.02027
   -0.02692
    0.00271
    0.00924
    0.02535
   -0.09409
    0.05258
   -0.00719
   -0.05312
   -0.13074
    0.11864
    0.00281
   -0.00321
   -0.03614
    0.03291
   -0.07359
   -0.03708
    0.00924
    0.05831
    0.01110
   -0.02485
   -0.10281
    0.06991
    0.00072
   -0.01426
   -0.14561
    0.10045
   -0.01004
    0.02875
   -0.10219
    0.07781
    0.03426
    0.00327
   -0.08834
    0.07634
