IntronPotTab 1 1024 0.80680
   -0.01395
   -0.03375
    0.03747
    0.01416
   -0.01930
    0.00428
   -0.17120
    0.06223
   -0.01182
   -0.03565
    0.02690
    0.01702
   -0.03744
   -0.01827
    0.04736
    0.01527
   -0.03903
   -0.03419
    0.01645
    0.05793
   -0.00683
   -0.00897
   -0.15165
    0.06733
   -0.00561
   -0.05604
   -0.00972
    0.04813
   -0.02025
   -0.07374
    0.05752
    0.02583
   -0.01110
   -0.05469
    0.01337
    0.03185
   -0.00205
   -0.00042
   -0.15066
    0.03733
   -0.01208
   -0.03170
    0.04105
    0.00284
   -0.01317
   -0.06129
    0.00810
    0.03179
   -0.05333
   -0.00496
    0.07072
    0.02491
   -0.03524
    0.00212
   -0.12460
    0.07235
   -0.03424
    0.00217
    0.01488
    0.02652
   -0.06477
   -0.00500
    0.04353
    0.02477
   -0.02167
   -0.04038
    0.00739
    0.05083
   -0.00854
    0.00083
   -0.17096
    0.06984
   -0.01884
   -0.06264
   -0.00843
    0.06801
   -0.03312
   -0.04031
    0.02473
    0.03307
   -0.02776
   -0.04946
   -0.01861
    0.07088
    0.01472
    0.01311
   -0.20177
    0.04382
    0.01164
   -0.08431
    0.01545
    0.02960
   -0.00075
   -0.05679
   -0.00398
    0.03863
   -0.00641
   -0.07410
    0.00443
    0.05614
    0.02911
   -0.02642
   -0.17546
    0.08216
    0.01079
   -0.09997
    0.02583
    0.04250
    0.01849
   -0.08393
   -0.01234
    0.04852
   -0.03541
   -0.04839
    0.03797
    0.04064
   -0.01580
   -0.01257
   -0.14342
    0.07399
   -0.00767
   -0.04522
   -0.00259
    0.04222
   -0.02505
   -0.02279
    0.01124
    0.02063
    0.00120
   -0.03804
   -0.01853
    0.03699
    0.00073
    0.01872
   -0.20969
    0.06171
    0.01987
   -0.06863
    0.00859
   -0.00135
   -0.01839
   -0.02529
    0.00427
    0.02485
   -0.02072
   -0.03898
   -0.04914
    0.07435
   -0.00335
    0.01439
   -0.20453
    0.07166
    0.01317
   -0.04290
   -0.02735
    0.04266
    0.00619
   -0.08118
    0.01274
    0.03529
    0.00758
   -0.05045
   -0.02421
    0.03780
    0.00943
   -0.00436
   -0.16179
    0.05596
   -0.00036
   -0.02790
    0.02868
   -0.00681
   -0.05635
   -0.01883
    0.00662
    0.04196
   -0.03226
   -0.04961
    0.03592
    0.03365
   -0.00769
   -0.00052
   -0.16204
    0.06764
   -0.02643
   -0.01040
    0.01245
    0.02452
   -0.02208
   -0.02603
    0.00584
    0.02135
   -0.02951
    0.00281
    0.03981
    0.01437
   -0.01490
   -0.00410
   -0.13461
    0.05649
   -0.01735
   -0.03972
    0.03697
    0.01759
   -0.05339
    0.01048
    0.05586
    0.01847
   -0.04205
   -0.03442
    0.02846
    0.04729
   -0.00766
    0.00458
   -0.16289
    0.05745
   -0.00757
   -0.04895
    0.00734
    0.03301
   -0.02371
   -0.04948
    0.04719
    0.02059
   -0.02053
   -0.02513
   -0.00770
    0.03763
   -0.02062
   -0.00422
   -0.14883
    0.06319
   -0.01093
   -0.05843
    0.02964
    0.02692
   -0.01728
   -0.04740
    0.01009
    0.02738
   -0.05749
    0.00176
    0.05285
    0.02602
   -0.03798
   -0.00013
   -0.14080
    0.07353
   -0.03627
   -0.00145
    0.01840
    0.02628
   -0.04742
    0.01114
    0.03217
    0.00621
   -0.01262
   -0.03533
    0.00041
    0.03544
   -0.03589
    0.02615
   -0.21126
    0.07833
   -0.02483
   -0.05000
    0.03385
    0.03439
   -0.01623
   -0.03730
    0.02217
    0.01857
   -0.04192
    0.00189
   -0.03573
    0.05797
   -0.02878
    0.05837
   -0.24634
    0.08574
    0.00193
   -0.03993
   -0.03147
    0.04472
   -0.02202
   -0.05037
    0.01993
    0.03219
   -0.00379
   -0.03600
   -0.04761
    0.05650
   -0.01238
    0.03084
   -0.23374
    0.05822
   -0.00758
   -0.02748
    0.02071
    0.01093
   -0.02625
   -0.03435
   -0.01576
    0.04380
   -0.04584
   -0.02965
    0.03099
    0.03758
   -0.03029
    0.00245
   -0.17830
    0.08486
   -0.03378
   -0.00434
   -0.00273
    0.03644
   -0.03614
   -0.03427
    0.01541
    0.02773
   -0.01146
   -0.03263
   -0.00226
    0.04238
    0.00649
   -0.01342
   -0.22530
    0.08525
   -0.01051
   -0.07364
   -0.00613
    0.07776
   -0.00119
   -0.05088
   -0.00275
    0.03682
    0.00124
   -0.04723
   -0.05394
    0.05507
   -0.01800
    0.05369
   -0.30981
    0.07078
    0.04235
   -0.07362
   -0.05318
    0.04528
   -0.01295
   -0.04042
   -0.04248
    0.05546
   -0.00210
   -0.02751
   -0.03692
    0.05448
    0.06391
   -0.04665
   -0.19370
    0.10078
    0.00290
   -0.09881
   -0.02158
    0.09143
    0.05222
   -0.08384
   -0.02969
    0.04949
   -0.05011
   -0.04095
    0.04007
    0.05118
    0.00521
   -0.02744
   -0.21079
    0.08749
   -0.00421
   -0.07689
   -0.01986
    0.08101
   -0.01381
   -0.07105
   -0.00029
    0.05212
   -0.01177
   -0.00637
   -0.04451
    0.05725
    0.02446
    0.03456
   -0.23061
    0.10028
   -0.00277
   -0.03763
   -0.03025
    0.06156
    0.02424
   -0.04831
   -0.04131
    0.04936
   -0.02406
   -0.01656
   -0.11980
    0.10732
   -0.01033
    0.08679
   -0.27147
    0.16005
    0.04266
   -0.03954
   -0.06663
    0.06348
    0.03197
   -0.06010
   -0.07751
    0.07709
    0.01264
   -0.02041
   -0.08520
    0.07257
    0.06694
    0.03677
   -0.25549
    0.10998
   -0.01223
   -0.00375
   -0.04734
    0.05035
    0.05482
   -0.04840
   -0.08172
    0.05666
   -0.03791
   -0.02441
   -0.01342
    0.06022
    0.01880
    0.00740
   -0.18933
    0.10792
   -0.01287
   -0.01428
   -0.03742
    0.05501
    0.00442
   -0.04646
   -0.03718
    0.04551
   -0.03263
   -0.00721
    0.00013
    0.04078
   -0.01375
    0.00033
   -0.19459
    0.06478
   -0.01538
   -0.07382
    0.04149
    0.03365
   -0.03840
   -0.02551
    0.01589
    0.03252
   -0.02593
   -0.03106
   -0.01735
    0.05320
   -0.01063
    0.04910
   -0.25261
    0.05330
    0.01517
   -0.07727
   -0.02222
    0.04893
   -0.02832
    0.03379
   -0.04331
    0.00725
   -0.00724
   -0.04705
   -0.04394
    0.05487
    0.00501
   -0.01109
   -0.23521
    0.05941
   -0.00686
   -0.05990
    0.00587
    0.03917
   -0.00111
   -0.06170
   -0.02938
    0.04714
   -0.02944
   -0.03583
    0.01145
    0.03826
   -0.02352
    0.00102
   -0.19373
    0.06344
   -0.02207
   -0.02567
   -0.00161
    0.03844
   -0.03061
   -0.01926
   -0.01335
    0.03227
   -0.02209
   -0.02999
    0.00508
    0.04290
   -0.02162
   -0.00478
   -0.21430
    0.08248
   -0.03687
   -0.05209
    0.02381
    0.07312
   -0.01990
   -0.04052
    0.01613
    0.02617
   -0.02584
   -0.03628
   -0.02678
    0.06088
   -0.00184
    0.00343
   -0.19728
    0.07854
   -0.00568
   -0.06206
   -0.01234
    0.06236
   -0.00907
   -0.05803
    0.04164
    0.01570
   -0.02320
   -0.07421
    0.04283
    0.01728
    0.00570
    0.00510
   -0.18848
    0.04403
   -0.03333
   -0.03936
    0.05549
    0.02460
   -0.02225
   -0.03376
    0.01588
    0.02027
   -0.03800
   -0.02352
    0.02106
    0.03414
   -0.01587
   -0.00823
   -0.17181
    0.08547
   -0.05113
    0.00335
    0.01292
    0.05187
   -0.03116
   -0.03656
    0.02075
    0.02276
   -0.01448
   -0.04696
   -0.01841
    0.06447
    0.01616
   -0.02330
   -0.19757
    0.08443
    0.00100
   -0.09115
   -0.03817
    0.11090
   -0.00783
   -0.06269
    0.00567
    0.04239
   -0.00169
   -0.05709
   -0.04413
    0.06084
    0.01220
   -0.00021
   -0.21802
    0.07860
    0.08047
   -0.11807
   -0.02747
    0.04441
    0.02612
   -0.08823
   -0.01800
    0.05238
    0.02217
   -0.08221
   -0.04155
    0.07633
    0.07309
   -0.03908
   -0.18346
    0.09604
    0.02605
   -0.11988
    0.00728
    0.09467
    0.04373
   -0.11385
   -0.00886
    0.05860
   -0.01722
   -0.05294
   -0.00618
    0.05599
    0.01128
   -0.04158
   -0.15507
    0.08812
    0.02229
   -0.09769
   -0.02628
    0.09064
    0.01140
   -0.07255
   -0.00371
    0.04525
    0.00308
   -0.04410
   -0.01859
    0.03931
    0.00582
    0.01223
   -0.23378
    0.08377
    0.00937
   -0.07484
   -0.00107
    0.04053
    0.00086
   -0.04922
   -0.00508
    0.03179
   -0.01810
   -0.04773
   -0.05398
    0.07935
    0.00830
    0.02416
   -0.23549
    0.09445
    0.02437
   -0.03504
   -0.05290
    0.06908
    0.00270
   -0.08652
    0.01087
    0.04066
    0.00260
   -0.06772
   -0.00302
    0.03590
    0.02756
   -0.00696
   -0.20957
    0.06672
   -0.01294
   -0.06651
    0.04291
    0.01444
   -0.01375
   -0.05095
    0.01217
    0.02406
   -0.04076
   -0.03422
    0.03620
    0.03344
    0.00779
   -0.00236
   -0.18403
    0.08275
   -0.03023
   -0.01143
   -0.00387
    0.04554
   -0.01821
   -0.03483
   -0.00149
    0.02763
   -0.02918
    0.00022
   -0.02330
    0.04552
    0.00148
   -0.00432
   -0.15272
    0.05330
   -0.01391
   -0.04733
    0.02083
    0.02979
   -0.03251
   -0.01375
    0.01792
    0.02053
   -0.02596
   -0.04864
   -0.00759
    0.05579
    0.01323
   -0.00351
   -0.20689
    0.06143
    0.01713
   -0.06888
    0.02405
    0.00168
    0.00107
   -0.05501
    0.02249
    0.02074
   -0.00541
   -0.04416
   -0.03234
    0.04709
    0.00761
   -0.01072
   -0.19891
    0.06015
   -0.00552
   -0.05938
    0.03159
    0.02118
   -0.00398
   -0.05071
    0.00977
    0.01903
   -0.03565
   -0.01906
    0.00580
    0.03791
   -0.01385
   -0.01764
   -0.16899
    0.07712
   -0.02395
   -0.01383
    0.01766
    0.01858
   -0.02818
   -0.00226
    0.00289
    0.01465
   -0.02441
   -0.01319
    0.03602
    0.01912
   -0.02029
   -0.00411
   -0.15519
    0.05929
   -0.01741
   -0.01754
    0.02579
    0.01189
   -0.04531
    0.00312
    0.06855
   -0.00079
   -0.03274
   -0.03938
   -0.00729
    0.05563
   -0.00968
    0.00216
   -0.12415
    0.04692
   -0.00772
   -0.03832
   -0.01501
    0.03737
   -0.03927
   -0.07093
    0.05368
    0.03607
   -0.00731
   -0.03802
   -0.01043
    0.03303
   -0.00692
   -0.01667
   -0.14669
    0.04815
   -0.00291
   -0.01758
    0.00955
    0.00649
   -0.03869
   -0.03493
    0.00327
    0.03836
   -0.03726
    0.00337
    0.05524
    0.00556
   -0.03214
   -0.00360
   -0.12398
    0.06465
   -0.04684
    0.02407
    0.01819
    0.01888
   -0.06093
    0.01076
    0.05250
    0.00941
   -0.01624
   -0.04251
    0.00087
    0.04592
   -0.00558
   -0.02479
   -0.18166
    0.07709
   -0.01945
   -0.05227
   -0.02743
    0.07671
   -0.02413
   -0.07214
    0.02922
    0.04518
   -0.01921
   -0.05868
   -0.03703
    0.06918
   -0.00309
    0.01456
   -0.26065
    0.06344
    0.02331
   -0.08102
   -0.04653
    0.06724
    0.01422
   -0.09748
    0.00476
    0.05380
    0.00525
   -0.06970
   -0.02007
    0.04955
    0.03466
   -0.05255
   -0.16474
    0.08640
    0.00271
   -0.07718
   -0.00621
    0.05840
    0.02977
   -0.11009
    0.00142
    0.05627
   -0.03861
   -0.04635
    0.01974
    0.04907
   -0.03507
   -0.05649
   -0.20020
    0.09082
   -0.01068
   -0.06384
   -0.02300
    0.06914
   -0.00357
   -0.07738
    0.00314
    0.04869
   -0.01106
   -0.01240
   -0.02189
    0.03717
    0.00246
    0.01101
   -0.21680
    0.06075
   -0.00055
   -0.04248
    0.00729
    0.02182
   -0.00434
   -0.03455
   -0.01491
    0.03152
   -0.01991
   -0.02921
   -0.07653
    0.07148
   -0.00282
    0.01030
   -0.24216
    0.07838
    0.01050
   -0.03993
   -0.04705
    0.05421
    0.00177
   -0.08592
   -0.01107
    0.04951
    0.00965
   -0.03795
   -0.04632
    0.04380
    0.02343
   -0.00978
   -0.26650
    0.07366
   -0.00210
   -0.04914
    0.00345
    0.03078
   -0.00793
   -0.03332
   -0.04743
    0.05321
   -0.03980
   -0.02430
    0.01679
    0.03710
   -0.00759
   -0.00959
   -0.19158
    0.07815
   -0.02525
    0.00413
    0.00319
    0.01782
   -0.00895
   -0.02430
   -0.02232
    0.02818
   -0.03630
    0.00678
    0.03994
    0.01718
   -0.01740
   -0.01325
   -0.15933
    0.06366
   -0.01785
   -0.02285
    0.01447
    0.02089
   -0.04696
    0.00673
    0.04785
    0.00478
   -0.04101
   -0.04129
    0.01652
    0.05142
   -0.01774
    0.00754
   -0.20275
    0.05820
   -0.00115
   -0.04491
   -0.02370
    0.04121
   -0.01429
   -0.05106
    0.03687
    0.01777
   -0.01427
   -0.03116
   -0.00994
    0.03378
   -0.00931
   -0.01779
   -0.18298
    0.05712
   -0.01372
   -0.04195
    0.03067
    0.01527
   -0.01397
   -0.03616
    0.00002
    0.02298
   -0.05079
    0.00015
    0.03150
    0.02836
   -0.04487
    0.00617
   -0.16822
    0.06474
   -0.03059
   -0.00695
    0.00706
    0.02810
   -0.05155
    0.00849
    0.02768
    0.01084
