IntronPotTab 1 1024 2.00663
    0.05563
   -0.06725
   -0.14953
   -0.04875
    0.04337
   -0.08654
   -0.04993
   -0.02605
    0.00229
   -0.04540
    0.08789
   -0.03921
    0.11537
   -0.13504
   -0.04481
   -0.05440
    0.01917
   -0.01662
   -0.15017
    0.04384
   -0.01683
    0.01661
   -0.04620
    0.04443
   -0.01891
   -0.05815
   -0.02714
    0.07726
    0.07665
   -0.03970
   -0.06973
    0.01105
    0.00106
   -0.05158
    0.07381
   -0.03034
    0.01802
   -0.05569
   -0.02801
    0.02428
   -0.01933
   -0.17724
    0.19164
   -0.05821
    0.04342
   -0.08264
   -0.00321
    0.00421
    0.05514
   -0.06710
   -0.13468
   -0.00249
    0.01087
   -0.05232
   -0.06085
    0.05543
    0.02197
   -0.06966
   -0.07323
    0.05559
    0.06892
   -0.09546
   -0.06141
    0.02793
    0.04863
   -0.03598
   -0.12721
   -0.00249
    0.09932
   -0.20544
   -0.07979
   -0.06858
    0.05804
   -0.06234
    0.01883
   -0.01712
    0.25983
   -0.29293
   -0.09934
   -0.17949
    0.02335
   -0.00993
   -0.08627
    0.01276
   -0.09637
    0.14991
   -0.12806
    0.05855
    0.02072
   -0.02971
   -0.07331
    0.04219
    0.09701
   -0.01551
   -0.14286
    0.02997
    0.03540
   -0.05386
   -0.01180
    0.00117
    0.08879
   -0.14105
   -0.06714
   -0.00237
    0.06026
   -0.15826
    0.06546
    0.01534
    0.21528
   -0.22028
   -0.07104
   -0.10348
    0.04894
   -0.04946
   -0.05803
    0.00121
    0.00410
   -0.02134
   -0.12202
    0.08440
    0.05052
   -0.06715
   -0.07975
    0.03994
    0.10664
   -0.13594
   -0.07491
    0.04095
    0.02558
   -0.02622
   -0.05320
    0.00726
   -0.00185
   -0.01128
   -0.03575
    0.03961
    0.05304
   -0.13987
    0.08678
   -0.07271
    0.05710
   -0.07360
   -0.02098
   -0.01114
    0.02120
   -0.00471
   -0.09035
    0.02478
   -0.00320
   -0.00613
   -0.08152
    0.07081
    0.03924
   -0.06457
   -0.07214
    0.03898
    0.10328
   -0.01487
   -0.07412
   -0.00066
   -0.00832
   -0.07068
    0.09976
   -0.04351
    0.05830
   -0.08412
   -0.10844
    0.05414
   -0.00075
   -0.24203
    0.17784
   -0.12213
    0.05919
   -0.08256
   -0.01721
    0.01215
    0.03076
   -0.01462
   -0.02288
   -0.01520
   -0.00185
   -0.00385
   -0.05996
    0.05285
    0.02103
   -0.00889
   -0.06279
    0.02419
    0.04850
   -0.08272
   -0.00507
    0.01034
    0.05670
   -0.04910
   -0.13936
   -0.01647
    0.12439
   -0.28816
    0.02618
   -0.22039
    0.04949
   -0.06489
    0.09850
   -0.05237
    0.25166
   -0.44161
    0.03743
   -0.29432
    0.01855
    0.00380
   -0.08974
    0.00370
   -0.04959
    0.02679
   -0.03945
    0.08700
    0.00870
   -0.04523
   -0.01868
    0.02871
    0.08692
   -0.01892
   -0.04930
   -0.01032
    0.02119
   -0.02121
    0.03550
   -0.02954
    0.09162
   -0.17625
   -0.02768
   -0.05236
    0.01121
   -0.07785
    0.10239
   -0.02367
    0.23527
   -0.30632
    0.02707
   -0.17258
    0.03163
   -0.01833
   -0.13146
    0.01170
    0.02308
   -0.08287
   -0.05668
    0.05443
    0.03399
   -0.05855
   -0.07019
    0.03674
    0.10972
   -0.14239
   -0.07776
    0.03024
    0.03362
    0.04129
   -0.15115
    0.00624
    0.00441
    0.01714
   -0.06818
    0.02537
    0.02382
    0.00217
    0.01003
   -0.03266
    0.08102
   -0.01330
   -0.08353
   -0.00971
   -0.09938
    0.11768
   -0.16949
    0.09714
   -0.05259
    0.12994
   -0.07551
    0.06394
   -0.04381
   -0.02021
   -0.06691
    0.07954
    0.02576
    0.05029
   -0.11561
    0.01746
    0.00106
   -0.00198
    0.05048
   -0.03318
   -0.02717
    0.01389
   -0.03623
    0.06345
   -0.01837
   -0.09373
    0.04567
    0.06002
    0.00341
   -0.00216
   -0.00862
    0.00509
   -0.19471
   -0.02579
   -0.30194
    0.15332
   -0.02019
   -0.01785
   -0.09302
    0.09757
   -0.08272
    0.02979
   -0.16003
    0.10619
    0.05373
   -0.04135
   -0.10269
    0.04700
    0.04539
   -0.02764
   -0.06203
   -0.01699
    0.03999
   -0.09794
   -0.02086
    0.02369
    0.05910
   -0.07168
   -0.01605
    0.00488
    0.08912
   -0.05718
   -0.05250
    0.00335
    0.01474
    0.03816
   -0.07730
   -0.01394
   -0.44498
    0.19980
   -0.47340
    0.07122
    0.01288
   -0.03986
   -0.14764
    0.09280
   -0.12028
    0.11339
   -0.33466
    0.03255
    0.05327
   -0.05499
   -0.01637
   -0.00976
    0.07086
   -0.10395
   -0.09572
    0.06998
    0.11034
   -0.16251
   -0.02734
    0.05191
    0.03747
   -0.05201
   -0.02825
    0.03822
   -0.01801
    0.00016
   -0.01484
    0.02017
   -0.09979
    0.10292
   -0.28043
    0.08385
    0.00750
   -0.06632
   -0.06652
    0.08031
    0.04275
   -0.04526
   -0.16662
    0.06750
    0.03964
   -0.01401
   -0.09730
    0.01597
    0.03760
   -0.02563
   -0.09758
    0.04943
    0.05965
   -0.07138
   -0.03120
    0.01162
    0.04867
   -0.04769
   -0.05326
    0.02786
   -0.00882
    0.04951
   -0.14457
    0.05981
    0.00126
    0.06569
   -0.14543
    0.09330
    0.01455
   -0.07436
   -0.10773
    0.11206
    0.09832
    0.00168
   -0.11245
    0.02985
    0.00179
   -0.00489
   -0.00270
    0.00355
    0.07158
   -0.08911
   -0.12939
    0.10312
    0.04519
   -0.14562
    0.13214
   -0.04081
    0.08435
   -0.06763
   -0.05531
    0.04075
   -0.11055
   -0.02703
   -0.25244
    0.12877
    0.02292
   -0.00329
   -0.09553
    0.07073
   -0.03983
   -0.02261
   -0.12351
    0.10901
    0.06492
   -0.05596
   -0.08188
    0.05006
    0.01169
    0.01573
   -0.03561
   -0.01034
    0.02164
   -0.07359
   -0.00705
    0.01250
    0.00873
   -0.01645
    0.08234
   -0.02613
    0.10250
   -0.06166
    0.00283
   -0.02188
   -0.01297
    0.02867
   -0.04822
    0.01965
   -0.16269
    0.27995
   -0.17241
    0.05765
   -0.02118
   -0.00402
   -0.01736
    0.03235
    0.00560
    0.16735
   -0.12175
   -0.05526
    0.00403
   -0.00081
    0.04681
   -0.02478
    0.03155
   -0.03687
   -0.03355
    0.00087
    0.03332
   -0.05334
    0.05197
   -0.03246
    0.04728
   -0.06741
    0.03909
   -0.00670
   -0.01147
    0.00841
   -0.09126
    0.02806
   -0.03552
    0.03020
   -0.13969
    0.07221
   -0.01162
   -0.03511
   -0.07871
    0.06652
   -0.01362
   -0.06727
   -0.13702
    0.08332
    0.01064
    0.00860
   -0.03871
    0.00194
    0.00126
   -0.04431
   -0.01936
    0.03361
   -0.01362
   -0.05566
    0.09523
   -0.01198
    0.05710
   -0.06259
   -0.00850
   -0.02358
    0.00790
    0.02554
   -0.06012
    0.00413
   -0.03882
    0.05582
   -0.06181
    0.06583
   -0.03313
   -0.04552
    0.01441
    0.07368
    0.08306
    0.00065
   -0.05116
   -0.01585
   -0.01888
   -0.09658
    0.17234
   -0.07200
    0.00111
   -0.00862
   -0.02790
    0.02595
   -0.02403
   -0.19854
    0.23741
   -0.10969
    0.03506
   -0.03513
    0.03355
   -0.03287
    0.01500
   -0.01099
   -0.04445
    0.00493
    0.02939
   -0.03904
   -0.06897
    0.03552
   -0.01424
   -0.06347
   -0.01982
    0.07058
    0.02759
   -0.09023
    0.00879
    0.00928
    0.04050
   -0.01814
   -0.06951
   -0.00936
    0.08920
   -0.17270
   -0.05402
   -0.01821
    0.05667
   -0.08857
    0.01456
    0.01432
    0.22547
   -0.20483
    0.02991
   -0.10954
    0.02949
    0.00909
   -0.07304
   -0.01162
   -0.10681
    0.23207
   -0.20968
    0.06152
    0.05796
   -0.05048
   -0.13984
    0.06196
    0.09450
    0.05126
   -0.10452
   -0.01467
    0.06497
   -0.05307
   -0.01587
   -0.02735
    0.10883
   -0.16613
   -0.05546
   -0.00248
    0.10910
   -0.19446
    0.05920
    0.01262
    0.12640
   -0.14078
    0.04442
   -0.03063
    0.02679
   -0.02310
   -0.00146
   -0.00743
    0.03461
   -0.02252
   -0.16470
    0.07450
    0.04314
   -0.06729
   -0.08077
    0.05729
    0.13399
   -0.13951
   -0.04359
    0.03424
    0.04128
   -0.03941
   -0.02769
   -0.02609
    0.01422
    0.00521
   -0.06181
    0.02325
    0.01594
   -0.10494
    0.12086
   -0.09512
    0.07585
   -0.07207
   -0.01729
   -0.02005
    0.00677
    0.03947
   -0.08203
    0.01241
    0.00368
    0.09711
   -0.15213
    0.05545
    0.03376
   -0.09724
   -0.04048
    0.06313
    0.11127
    0.06024
   -0.10806
   -0.02420
    0.01806
   -0.10983
    0.15851
   -0.08773
    0.04942
   -0.02805
   -0.08709
    0.01706
   -0.08385
   -0.38719
    0.21917
   -0.24275
    0.04551
   -0.06822
    0.05125
   -0.02992
    0.01008
    0.02755
   -0.06117
    0.00122
    0.00395
    0.05803
   -0.09256
    0.03192
   -0.01090
   -0.04050
   -0.02854
    0.06180
    0.07666
   -0.04535
   -0.01876
   -0.00272
    0.00538
    0.00578
   -0.04546
    0.00767
    0.11994
   -0.17649
   -0.01093
   -0.14806
    0.02364
   -0.05919
    0.07821
   -0.02026
    0.27958
   -0.35502
    0.02244
   -0.24439
    0.00374
    0.02705
   -0.03487
   -0.00549
   -0.07554
    0.13897
   -0.05311
    0.04754
    0.01641
   -0.06216
    0.00084
    0.01958
    0.11567
   -0.03397
   -0.01972
   -0.01958
    0.00115
   -0.01613
    0.05622
   -0.01727
    0.08538
   -0.18936
    0.01317
   -0.04949
   -0.00570
   -0.08321
    0.14276
   -0.01904
    0.14222
   -0.23171
    0.13472
   -0.12386
    0.01666
   -0.00005
   -0.05760
    0.00351
    0.01637
   -0.06933
   -0.11198
    0.08890
    0.00956
   -0.10115
   -0.09055
    0.08119
    0.05138
   -0.15181
   -0.00837
    0.03201
    0.01331
    0.00303
   -0.19998
    0.04567
    0.01294
   -0.02668
   -0.05104
    0.01189
   -0.00066
   -0.00421
   -0.00176
    0.00368
    0.06794
   -0.07595
   -0.05969
   -0.00767
   -0.20646
    0.01049
   -0.30950
    0.21311
   -0.07905
    0.09440
   -0.09402
    0.10926
   -0.19035
   -0.13543
   -0.19502
    0.17360
    0.02302
   -0.01171
   -0.10817
    0.03791
   -0.01677
    0.02161
    0.06647
   -0.02641
   -0.00936
   -0.01743
   -0.02393
    0.04009
    0.01112
   -0.08179
    0.04365
    0.01154
   -0.00998
   -0.03110
    0.01600
    0.01032
   -0.27133
    0.02275
   -0.46275
    0.12046
   -0.03834
   -0.02629
   -0.07530
    0.09646
   -0.23060
   -0.05643
   -0.28210
    0.17531
    0.00983
   -0.10847
   -0.11287
    0.07150
    0.02250
   -0.01405
   -0.06784
    0.00239
    0.06197
   -0.12625
   -0.03729
   -0.00166
    0.05731
   -0.04387
   -0.01026
   -0.01562
    0.11765
   -0.11451
   -0.03171
    0.00542
    0.01747
   -0.01302
   -0.09284
    0.01874
   -0.29725
    0.23692
   -0.24419
    0.13550
    0.03448
   -0.04798
   -0.08571
    0.03811
    0.06397
    0.04751
   -0.21102
    0.01474
    0.02803
   -0.04629
    0.00330
   -0.00337
    0.07377
   -0.14152
   -0.09722
    0.04393
    0.08624
   -0.14790
    0.03057
    0.00182
    0.06931
   -0.11610
    0.00809
    0.03889
   -0.02771
   -0.06125
   -0.10933
    0.07338
   -0.06621
   -0.05399
   -0.22315
    0.14148
    0.00055
   -0.06889
   -0.11674
    0.09371
    0.11116
   -0.14415
   -0.11504
    0.06931
    0.00932
    0.01128
   -0.12188
    0.04518
    0.00766
   -0.03002
   -0.06506
    0.04898
    0.05732
   -0.08978
    0.01955
   -0.01572
    0.02304
   -0.08820
   -0.05898
    0.05830
   -0.07470
    0.03157
   -0.21160
    0.15109
   -0.03794
    0.08393
   -0.11667
    0.08887
   -0.01745
   -0.06710
   -0.11686
    0.10865
    0.06195
   -0.03114
   -0.14842
    0.06679
   -0.00694
   -0.02466
   -0.00026
    0.02421
    0.01224
   -0.06270
   -0.08442
    0.07771
   -0.02825
   -0.17616
    0.19914
   -0.01631
    0.03580
   -0.06426
   -0.03333
    0.03728
   -0.16212
    0.01703
   -0.32001
    0.13618
   -0.01243
   -0.03405
   -0.10778
    0.10336
   -0.11110
   -0.06492
   -0.22057
    0.15903
    0.00090
   -0.11253
   -0.07928
    0.07935
    0.02664
   -0.01957
   -0.07912
   -0.00844
    0.03166
   -0.11585
    0.01022
    0.00143
    0.02762
   -0.02962
    0.03004
   -0.02272
    0.12830
   -0.18117
   -0.03690
    0.00461
   -0.00072
    0.00319
   -0.08719
    0.02621
   -0.15820
    0.19911
   -0.06796
    0.10581
   -0.01078
   -0.01759
   -0.02761
    0.03169
    0.02762
    0.07117
   -0.07390
   -0.01550
   -0.00110
   -0.03452
    0.00390
    0.01565
    0.01115
   -0.09128
   -0.02483
    0.03742
   -0.01008
   -0.08071
    0.09298
    0.01499
    0.02925
   -0.12802
    0.02171
    0.02335
   -0.00423
   -0.07311
   -0.16445
    0.06058
   -0.06877
    0.01505
   -0.12145
    0.09963
   -0.02974
   -0.05571
   -0.10708
    0.08483
   -0.07677
   -0.24330
   -0.17005
    0.09277
