IntronPotTab 1 1024 0.91822
    0.01228
   -0.02147
   -0.05083
    0.07953
    0.05579
   -0.05108
   -0.06692
    0.01415
    0.03292
    0.00530
   -0.01918
   -0.03520
    0.16745
   -0.12507
   -0.06302
    0.06104
   -0.02550
    0.00753
   -0.02298
    0.05595
   -0.03989
    0.07018
   -0.07719
    0.04431
    0.04021
   -0.02493
   -0.05961
    0.03054
    0.14011
   -0.09592
   -0.00989
    0.02072
   -0.01575
    0.02509
    0.01866
   -0.03240
    0.04064
   -0.09213
   -0.07858
    0.06006
   -0.03101
   -0.00980
    0.08006
   -0.01741
    0.09003
   -0.06623
    0.00657
    0.00358
    0.01670
   -0.01124
    0.02176
   -0.02040
    0.02407
   -0.00988
   -0.03135
    0.00152
    0.08687
   -0.01728
   -0.13258
    0.02885
    0.09367
   -0.04258
   -0.02343
    0.03056
    0.03331
    0.00416
   -0.05389
    0.04143
    0.06274
   -0.10920
   -0.03563
    0.04950
   -0.00411
   -0.01953
   -0.06445
    0.09650
    0.12005
   -0.06130
    0.03287
   -0.04578
    0.00555
    0.02341
   -0.04968
    0.02220
   -0.07204
    0.11963
   -0.08028
    0.07326
   -0.04075
    0.02562
   -0.04075
    0.04139
    0.09494
   -0.02646
   -0.00531
   -0.00811
   -0.00536
    0.01368
   -0.02297
    0.01324
   -0.02788
   -0.11912
    0.07972
    0.03336
    0.00549
    0.02048
   -0.00967
   -0.03381
    0.05696
   -0.02289
    0.01929
   -0.03701
    0.05234
   -0.09948
    0.08781
    0.01738
    0.02717
    0.03362
   -0.11836
    0.05615
    0.09605
   -0.00761
   -0.20961
    0.07796
    0.23160
    0.00739
   -0.05244
   -0.00162
    0.03186
    0.05209
   -0.04144
   -0.00498
    0.06381
   -0.07557
   -0.07667
    0.03596
    0.05490
   -0.03018
   -0.07588
    0.03077
    0.13620
   -0.03500
   -0.02568
   -0.02371
   -0.05847
    0.00548
   -0.01730
    0.08756
   -0.04753
    0.02214
   -0.02740
    0.06224
    0.04529
    0.02710
   -0.05631
   -0.05862
    0.15896
   -0.06249
   -0.00224
   -0.03139
   -0.04330
    0.03258
    0.01705
   -0.00616
   -0.00690
    0.02168
   -0.10099
    0.06670
    0.02216
   -0.01606
    0.08142
   -0.07494
   -0.00405
    0.02683
   -0.07017
    0.06542
   -0.01595
   -0.09725
    0.08784
    0.00131
    0.05013
   -0.04783
   -0.12757
    0.05893
    0.07744
   -0.02012
   -0.15512
    0.05797
    0.16356
   -0.04706
   -0.02664
    0.03208
   -0.03894
    0.02637
    0.04951
   -0.03631
    0.08642
   -0.14528
   -0.08130
    0.06237
    0.03244
   -0.03233
   -0.00306
    0.00245
    0.15453
   -0.09869
    0.01185
   -0.02182
   -0.01872
    0.00956
    0.00860
    0.00792
   -0.03024
   -0.00308
   -0.03121
    0.05506
    0.00134
    0.02277
   -0.01793
   -0.02122
    0.19626
   -0.05258
   -0.00074
   -0.06709
   -0.00141
    0.01823
   -0.00994
   -0.00676
    0.02310
   -0.09813
   -0.02636
    0.06091
    0.04339
   -0.00536
   -0.03211
   -0.02213
    0.08915
   -0.11286
    0.04793
    0.01582
    0.00967
   -0.04695
    0.06727
   -0.00638
    0.04107
    0.02325
   -0.10591
    0.01404
    0.05978
   -0.02078
   -0.10655
    0.02956
    0.07637
   -0.01978
   -0.04733
    0.05833
    0.02423
    0.03075
   -0.08140
    0.05240
   -0.02443
    0.00440
   -0.02812
    0.06489
    0.01329
    0.00806
   -0.10375
    0.06178
    0.00816
    0.01012
   -0.05700
    0.06132
   -0.02681
    0.01976
   -0.04402
    0.06816
   -0.05325
    0.10109
   -0.09214
    0.06040
    0.01067
   -0.03780
   -0.00072
    0.04689
    0.13838
   -0.03779
   -0.01926
   -0.01395
   -0.01616
    0.01807
   -0.02192
    0.01805
   -0.04041
   -0.00684
   -0.04915
    0.08547
    0.01584
    0.00559
    0.01040
   -0.03726
    0.00652
   -0.00486
   -0.01198
    0.02218
    0.07806
   -0.04801
   -0.03897
    0.04561
    0.00296
   -0.06333
   -0.09129
    0.09214
    0.04892
    0.01633
   -0.15426
    0.05950
    0.01867
   -0.01798
   -0.02652
    0.05725
    0.02416
   -0.02281
   -0.03027
    0.03540
    0.03987
   -0.10726
    0.01152
    0.05188
   -0.01922
   -0.00850
    0.01773
    0.02042
    0.06241
    0.01951
   -0.01413
   -0.05545
   -0.01472
    0.04836
   -0.05126
    0.02503
   -0.11399
    0.11425
   -0.07070
    0.07182
    0.05783
   -0.04765
    0.01106
   -0.02310
    0.07732
   -0.03567
   -0.02096
    0.02599
   -0.02259
   -0.00866
   -0.00945
    0.04118
    0.05798
   -0.16773
    0.01203
    0.05307
    0.00199
    0.01193
    0.05750
   -0.06483
   -0.02587
   -0.04705
    0.05735
    0.01477
    0.16005
   -0.13120
    0.03001
    0.03170
   -0.03538
    0.01670
   -0.10782
    0.10575
    0.08412
   -0.04160
   -0.09102
    0.04355
    0.20990
   -0.01039
   -0.07734
    0.05616
    0.00180
   -0.01688
   -0.00560
    0.01738
   -0.00840
   -0.03077
   -0.02070
    0.05626
    0.03568
   -0.01700
   -0.02229
    0.00028
    0.04965
    0.00753
   -0.03125
   -0.00236
   -0.03177
    0.01529
   -0.01245
    0.03637
   -0.04904
    0.01020
   -0.02275
    0.06853
   -0.03348
    0.02422
   -0.00182
    0.00858
    0.16801
   -0.02588
   -0.03417
   -0.02639
   -0.06373
    0.05921
    0.00694
   -0.00291
   -0.04236
    0.03432
   -0.04479
    0.06821
   -0.01015
    0.02316
    0.09320
   -0.08094
   -0.04938
    0.10876
   -0.08021
    0.00878
    0.05413
   -0.04985
    0.01355
    0.00218
   -0.03861
    0.02683
   -0.04127
    0.05500
    0.08446
   -0.04557
   -0.05994
    0.01080
    0.11633
    0.01211
   -0.04044
    0.00637
   -0.04927
    0.04472
    0.04572
   -0.02768
   -0.00514
   -0.07501
   -0.03219
    0.07943
    0.00592
    0.00560
   -0.02037
   -0.00068
    0.10137
   -0.03688
   -0.03347
   -0.00345
   -0.05865
    0.06619
   -0.01250
    0.03961
   -0.00612
    0.06651
   -0.02679
   -0.01968
   -0.02152
    0.02124
   -0.04801
    0.03453
    0.12158
    0.03168
   -0.09640
   -0.00010
   -0.04974
    0.07718
   -0.02149
   -0.00926
   -0.00738
   -0.03579
   -0.01421
    0.03461
    0.00282
    0.00520
   -0.01134
   -0.00248
    0.02657
    0.00443
   -0.00616
   -0.02055
    0.10978
   -0.08297
    0.10167
   -0.04819
   -0.02437
   -0.01576
   -0.03182
    0.04841
    0.03156
   -0.01534
   -0.11829
    0.06260
    0.07470
    0.08393
   -0.07988
    0.00391
   -0.01514
   -0.03475
    0.00614
    0.03874
    0.05059
   -0.04239
   -0.09001
    0.04186
   -0.03633
    0.01168
   -0.03097
    0.07248
    0.08791
   -0.04326
   -0.00811
   -0.00948
   -0.05339
    0.02183
    0.03294
    0.01038
   -0.01664
    0.03581
   -0.02880
    0.01853
    0.00143
    0.01027
   -0.08491
    0.06103
    0.17549
    0.00939
    0.00541
   -0.11101
   -0.02435
   -0.01814
    0.06150
   -0.02066
    0.02090
   -0.00695
   -0.10900
    0.04959
   -0.04488
    0.06820
   -0.00917
   -0.01808
    0.05064
    0.04787
   -0.03336
   -0.08701
   -0.00670
   -0.03990
    0.05631
   -0.00382
    0.02865
   -0.13870
   -0.00435
    0.06796
    0.01933
    0.00190
   -0.06924
    0.04469
    0.18329
   -0.02781
   -0.01437
   -0.03621
    0.01076
    0.00826
   -0.04439
    0.04459
    0.06711
   -0.07144
   -0.08612
    0.03456
   -0.02212
   -0.00019
   -0.03680
    0.06294
    0.09343
   -0.06277
    0.02116
   -0.01027
   -0.02950
    0.03696
    0.02949
   -0.02177
   -0.05943
    0.14459
   -0.03747
    0.01734
    0.04420
   -0.00444
   -0.03100
   -0.02217
    0.10313
   -0.01747
   -0.00291
   -0.02641
   -0.05799
    0.02170
   -0.03379
    0.05778
   -0.00080
   -0.03656
    0.03076
    0.00182
    0.01391
    0.01246
    0.06641
   -0.08409
    0.01813
   -0.01985
   -0.02001
    0.03561
    0.12687
   -0.04855
   -0.04188
    0.01563
    0.02927
    0.00299
   -0.10262
    0.05275
    0.04492
   -0.01779
   -0.08189
    0.05354
    0.15465
   -0.03535
   -0.03862
    0.04720
    0.00846
    0.02120
   -0.03211
    0.02703
   -0.03371
    0.00424
   -0.04121
    0.07549
    0.00665
    0.01791
   -0.10199
    0.07866
    0.06137
   -0.08306
   -0.02872
    0.08548
   -0.01152
    0.00320
   -0.00256
    0.01520
   -0.06592
    0.07382
   -0.05512
    0.06543
   -0.02626
    0.03599
    0.03317
   -0.04150
    0.17338
   -0.00817
   -0.03129
   -0.06386
    0.00254
   -0.04464
    0.02601
    0.00631
   -0.02414
    0.01317
   -0.03715
    0.05144
    0.03667
    0.01208
   -0.04560
   -0.03720
    0.03884
    0.01779
   -0.09379
    0.06331
   -0.06456
   -0.09762
    0.10156
    0.00746
    0.05620
   -0.00385
   -0.08266
    0.01471
    0.03242
    0.00555
   -0.12406
    0.06986
    0.13769
    0.01427
   -0.05005
    0.00976
   -0.01422
    0.10590
   -0.05161
   -0.01527
    0.07834
   -0.13138
   -0.11524
    0.06355
   -0.01974
    0.02776
   -0.05726
    0.02686
    0.17587
   -0.04819
   -0.05946
   -0.01715
   -0.05198
    0.05997
    0.00782
    0.01359
   -0.00286
    0.00872
    0.00421
   -0.00362
   -0.02067
    0.03276
   -0.04714
    0.01022
    0.15127
   -0.02731
   -0.04505
   -0.01106
   -0.01795
    0.04055
   -0.00216
   -0.01981
    0.00665
   -0.06343
   -0.01301
    0.04127
   -0.00213
   -0.00843
    0.02585
   -0.00346
    0.02939
   -0.02304
    0.01658
   -0.01297
    0.10318
   -0.05460
    0.01800
   -0.01124
    0.04845
   -0.08680
   -0.11642
    0.07173
    0.06603
   -0.01653
   -0.14216
    0.04005
    0.11475
    0.02783
   -0.05905
    0.00802
    0.02922
    0.04711
   -0.09734
    0.06022
    0.04324
   -0.02602
   -0.11535
    0.08963
    0.03249
   -0.03075
   -0.05641
    0.06330
    0.11403
   -0.00884
   -0.07675
    0.02291
   -0.01153
   -0.02644
   -0.00592
    0.04610
   -0.05713
    0.05622
   -0.08676
    0.08464
    0.07007
   -0.05031
   -0.07107
    0.03272
    0.16976
    0.00064
   -0.06870
   -0.03812
   -0.02968
    0.03689
   -0.03244
    0.01736
    0.01630
   -0.06547
   -0.11481
    0.08678
    0.02841
    0.03193
   -0.03166
   -0.06237
    0.08987
   -0.02405
   -0.06066
    0.00525
    0.06066
   -0.06344
   -0.00776
    0.03156
    0.03585
   -0.03362
   -0.17577
    0.12805
    0.09554
   -0.04197
   -0.07927
    0.02802
    0.03862
   -0.00902
   -0.05757
    0.08268
   -0.01140
    0.02413
   -0.05749
    0.06596
    0.08094
   -0.14726
   -0.05499
    0.07481
    0.00629
   -0.04233
   -0.01928
    0.07539
    0.08683
   -0.07317
    0.02971
    0.01623
   -0.02689
   -0.02456
   -0.04539
    0.08147
   -0.07293
    0.05970
   -0.06690
    0.06740
    0.07415
   -0.06771
    0.00260
   -0.00294
    0.20416
   -0.06488
   -0.00084
   -0.00651
    0.03605
   -0.05636
   -0.02684
    0.06172
    0.03067
   -0.11855
    0.05672
    0.01748
    0.06584
   -0.02733
   -0.00749
   -0.01619
    0.05517
   -0.05203
    0.01633
    0.02008
    0.06671
   -0.09241
   -0.01077
    0.08387
    0.03705
   -0.07314
   -0.14422
    0.11098
    0.13377
   -0.05207
   -0.12459
    0.04356
    0.19419
   -0.04265
   -0.04573
    0.05920
    0.04196
    0.03200
   -0.09096
    0.06438
    0.01477
   -0.01012
   -0.12629
    0.08885
    0.03828
   -0.02432
   -0.08824
    0.07228
    0.07064
    0.04272
   -0.09407
    0.05882
    0.01157
   -0.00891
   -0.05495
    0.05762
   -0.05024
    0.04839
   -0.05703
    0.07898
    0.04389
   -0.01122
    0.02632
   -0.06447
    0.15996
    0.00137
   -0.07802
    0.00865
   -0.04373
    0.05407
    0.02066
   -0.03589
   -0.02164
    0.06031
   -0.09032
    0.04928
   -0.02090
    0.04846
    0.07120
   -0.07649
   -0.02769
    0.01643
   -0.06695
    0.09033
    0.07606
   -0.07501
   -0.02621
    0.05363
    0.03582
    0.02602
   -0.12540
    0.04958
    0.06319
   -0.01400
   -0.15484
    0.07085
    0.18144
    0.03099
   -0.10956
    0.07925
   -0.00228
    0.03274
   -0.00541
   -0.01322
    0.06633
   -0.11805
   -0.07001
    0.06814
    0.01418
   -0.02049
    0.00220
    0.01565
    0.09323
   -0.02395
   -0.00942
   -0.03296
   -0.04250
    0.03252
   -0.00523
    0.02919
   -0.04736
    0.04757
   -0.03555
    0.03116
    0.03151
    0.01591
   -0.02189
   -0.04893
    0.17778
   -0.02025
   -0.02875
   -0.03791
    0.03200
    0.01477
   -0.04292
   -0.00093
    0.02376
   -0.07271
   -0.09017
    0.07498
   -0.00265
   -0.01558
   -0.00496
    0.02824
    0.05475
   -0.04860
   -0.01297
    0.02488
    0.03946
   -0.08327
    0.05729
    0.02132
    0.04953
   -0.03646
   -0.08899
    0.04081
    0.03238
   -0.03041
   -0.11386
    0.08911
    0.14078
    0.02876
   -0.07609
    0.02337
