IntronPotTab 1 1024 0.15615
   -0.00802
   -0.00045
   -0.02297
    0.01902
   -0.01465
   -0.00408
   -0.01427
    0.02220
   -0.02761
   -0.00831
   -0.02530
    0.03637
   -0.00525
   -0.00474
   -0.01481
    0.01378
   -0.01338
    0.01694
   -0.02727
    0.02400
   -0.00644
    0.00242
    0.01022
    0.00033
   -0.02376
    0.00999
   -0.02178
    0.02850
    0.01594
   -0.02078
   -0.01420
    0.00771
   -0.00818
   -0.00322
   -0.03223
    0.03055
   -0.00852
   -0.00183
   -0.02188
    0.01784
   -0.02328
    0.01114
   -0.01578
    0.02842
    0.00416
   -0.01834
   -0.01817
    0.01399
   -0.01402
   -0.00340
   -0.01108
    0.02128
   -0.00973
   -0.00716
   -0.00431
    0.01617
   -0.01166
   -0.01343
   -0.03967
    0.03522
    0.00241
   -0.00674
   -0.01163
    0.00668
   -0.00531
   -0.00549
   -0.03344
    0.03268
    0.04387
   -0.06404
   -0.04384
   -0.02023
   -0.01662
   -0.00962
   -0.03987
    0.03820
    0.00673
   -0.03212
   -0.01117
    0.01963
   -0.00707
    0.00919
   -0.04072
    0.03364
   -0.01265
    0.00135
   -0.01299
    0.01566
   -0.00975
    0.00134
   -0.03025
    0.02838
    0.02930
   -0.01806
   -0.03950
    0.02225
   -0.00015
   -0.00009
   -0.05657
    0.03592
   -0.01597
    0.00072
   -0.02916
    0.03189
   -0.03092
    0.01760
   -0.02816
    0.03086
    0.00940
   -0.01946
    0.01317
   -0.00700
    0.00448
   -0.00724
   -0.02278
    0.01341
   -0.00149
   -0.01462
   -0.01315
    0.01705
   -0.01353
   -0.01053
   -0.04433
    0.03902
    0.01974
   -0.02127
   -0.01982
    0.00837
    0.00154
   -0.00725
   -0.04946
    0.04176
   -0.00540
   -0.00914
   -0.04301
    0.03600
   -0.01680
   -0.00033
   -0.02625
    0.04151
    0.01398
   -0.02038
   -0.03765
    0.02194
   -0.00416
    0.01945
   -0.04053
    0.03524
   -0.01223
   -0.01255
   -0.00372
    0.02647
   -0.01213
   -0.02400
   -0.01209
    0.04071
    0.02501
   -0.01718
   -0.01949
    0.00801
    0.01134
    0.00040
   -0.04338
    0.02832
   -0.01024
   -0.00062
   -0.01269
    0.01747
   -0.01813
    0.00892
   -0.00812
    0.01859
    0.01248
   -0.01923
   -0.03022
    0.01952
    0.00656
   -0.01915
   -0.01971
    0.02056
    0.00335
   -0.01257
   -0.01903
    0.01460
   -0.01880
   -0.00321
   -0.05183
    0.04424
    0.01772
   -0.02465
   -0.02357
    0.01145
   -0.02124
    0.00857
   -0.00588
    0.02222
   -0.00702
   -0.01574
   -0.01642
    0.02356
   -0.01239
   -0.01164
   -0.03126
    0.03297
    0.00020
   -0.01877
   -0.01134
    0.01618
   -0.00836
    0.01058
   -0.03174
    0.02398
   -0.00696
   -0.00077
   -0.00990
    0.01155
   -0.01376
    0.00515
   -0.02440
    0.02373
    0.02152
   -0.01585
   -0.01991
    0.00726
   -0.00480
    0.00237
   -0.03203
    0.01951
   -0.00483
   -0.00594
   -0.00955
    0.01241
   -0.01978
   -0.00910
   -0.02331
    0.03457
    0.01570
   -0.02931
   -0.01268
    0.01057
   -0.00965
   -0.00019
   -0.00650
    0.01230
   -0.00969
   -0.00358
   -0.01139
    0.01668
   -0.01625
   -0.00201
   -0.03395
    0.03179
    0.00646
   -0.00402
   -0.01036
    0.00343
   -0.00723
   -0.00621
   -0.04365
    0.03545
   -0.01787
    0.00919
   -0.03762
    0.02994
   -0.01999
   -0.00646
   -0.03489
    0.04151
    0.00175
   -0.00672
   -0.01833
    0.01328
   -0.05297
    0.08942
   -0.07824
   -0.01634
   -0.01499
    0.01470
   -0.01396
    0.01389
   -0.02478
   -0.04060
   -0.03930
    0.04739
    0.01798
   -0.01270
   -0.02625
    0.01460
   -0.00007
    0.00445
   -0.04427
    0.02771
   -0.02832
    0.01416
   -0.02406
    0.02768
   -0.01594
    0.00403
   -0.02002
    0.02668
   -0.00233
   -0.00041
   -0.01519
    0.01217
   -0.00731
   -0.00585
   -0.01668
    0.02037
   -0.01199
   -0.00330
   -0.01208
    0.02227
   -0.00127
   -0.01326
   -0.03506
    0.02894
    0.00967
   -0.01134
   -0.01885
    0.00910
   -0.00131
   -0.01180
   -0.02746
    0.02895
   -0.00608
   -0.00900
   -0.00431
    0.01575
   -0.00447
   -0.00348
   -0.02657
    0.02799
    0.01227
   -0.03750
    0.00755
    0.01006
    0.01048
    0.02660
   -0.05470
    0.01806
   -0.02612
    0.02293
   -0.03304
    0.01971
   -0.01075
    0.01734
   -0.01858
    0.01764
    0.03522
   -0.01819
   -0.01418
    0.00285
    0.01522
   -0.02211
   -0.04274
    0.03280
    0.01095
    0.01225
   -0.07335
    0.02781
   -0.02829
    0.01917
   -0.02464
    0.03022
    0.02168
   -0.04355
    0.01580
    0.00545
    0.00983
   -0.02146
   -0.01404
    0.01724
   -0.00604
   -0.01243
   -0.02651
    0.03028
   -0.01056
    0.01053
   -0.04490
    0.03896
    0.02896
   -0.02937
   -0.02190
    0.01361
    0.00746
   -0.01091
   -0.05861
    0.03850
   -0.01829
    0.00111
   -0.02293
    0.03444
   -0.01719
    0.00708
   -0.03749
    0.04413
    0.00261
   -0.01074
   -0.04269
    0.03019
    0.00966
    0.00472
   -0.05271
    0.03270
   -0.01480
   -0.00109
   -0.02100
    0.03931
    0.03964
   -0.05327
   -0.01148
    0.04833
    0.03051
   -0.01082
   -0.03049
    0.00962
    0.02640
    0.00003
   -0.05733
    0.01934
   -0.01691
    0.01162
   -0.03778
    0.02819
   -0.00500
    0.01904
   -0.02168
    0.01025
   -0.00577
   -0.00388
   -0.03836
    0.03333
   -0.00018
   -0.01310
   -0.04184
    0.03796
    0.00371
   -0.01285
   -0.01718
    0.01247
   -0.01303
   -0.00546
   -0.04207
    0.03840
    0.01121
   -0.02466
   -0.03153
    0.02094
   -0.01505
    0.00280
   -0.01812
    0.03053
   -0.00353
   -0.01355
   -0.03949
    0.02485
   -0.00954
   -0.01633
   -0.02582
    0.03900
    0.01443
   -0.02088
   -0.02918
    0.01526
    0.00269
    0.01185
   -0.03617
    0.01710
   -0.00973
    0.02276
   -0.02539
    0.00469
    0.00077
   -0.00395
   -0.01345
    0.01058
    0.01518
    0.03123
   -0.03752
   -0.01616
   -0.00729
    0.00824
   -0.03854
    0.02546
   -0.00028
   -0.00442
   -0.03381
    0.01446
   -0.02432
    0.00849
   -0.00790
    0.02384
    0.00556
   -0.00040
   -0.01605
    0.00562
   -0.00340
   -0.00768
   -0.01137
    0.01590
   -0.00842
   -0.00561
   -0.02306
    0.02028
   -0.00258
   -0.01069
   -0.03984
    0.02794
    0.01158
   -0.00635
   -0.02760
    0.01045
   -0.01048
   -0.00876
   -0.03560
    0.03493
   -0.01371
   -0.00493
   -0.01836
    0.02472
   -0.04068
    0.00375
   -0.02106
    0.04997
   -0.00211
   -0.02365
   -0.02235
    0.02519
   -0.01001
    0.02322
   -0.03820
    0.02802
    0.00433
   -0.01994
    0.00359
    0.00611
   -0.03431
   -0.00516
   -0.04045
    0.06119
    0.02840
   -0.02297
   -0.01653
    0.00517
    0.00164
   -0.00099
   -0.04002
    0.03717
   -0.01108
   -0.00275
   -0.02010
    0.02041
   -0.03090
    0.02957
   -0.00857
    0.02853
    0.01024
   -0.03029
   -0.01286
    0.01553
    0.00145
   -0.01204
   -0.01572
    0.01308
   -0.00086
   -0.02010
   -0.00383
    0.01348
   -0.01431
   -0.00694
   -0.03574
    0.03838
    0.00847
   -0.02378
   -0.01265
    0.01110
   -0.00356
   -0.01011
   -0.03838
    0.03688
   -0.01142
   -0.02513
    0.01449
    0.01834
   -0.00959
   -0.02748
   -0.02847
    0.04786
    0.01223
   -0.04261
   -0.00263
    0.01808
    0.00654
   -0.00528
   -0.03233
    0.02242
   -0.01143
    0.00396
   -0.01496
    0.01613
    0.00853
   -0.04963
   -0.00849
    0.04267
    0.02099
   -0.01686
   -0.01841
    0.01308
    0.00776
   -0.01982
   -0.04060
    0.03401
    0.03123
    0.02303
   -0.07339
    0.04581
   -0.00992
   -0.03578
   -0.00909
    0.04518
   -0.00172
   -0.03821
    0.00799
    0.01726
    0.00041
   -0.01493
   -0.01632
    0.02039
    0.00948
   -0.01521
   -0.02092
    0.01155
   -0.01130
   -0.02407
   -0.02475
    0.04502
    0.02783
   -0.03641
   -0.00973
    0.00864
    0.00793
   -0.02106
   -0.04489
    0.03796
   -0.01088
    0.00543
   -0.02517
    0.02595
   -0.01328
    0.00600
   -0.02518
    0.03771
    0.00193
   -0.03080
   -0.02890
    0.03713
   -0.00017
    0.01922
   -0.03884
    0.02640
   -0.01680
    0.01824
   -0.00771
    0.01260
   -0.01222
   -0.00072
   -0.01621
    0.03127
    0.01960
   -0.03002
   -0.01363
    0.01707
    0.00925
   -0.00957
   -0.03521
    0.03233
   -0.00440
    0.01911
   -0.02963
    0.00841
   -0.02643
   -0.01300
    0.01486
    0.01875
    0.00199
   -0.02312
   -0.01576
    0.02342
   -0.00264
   -0.01138
   -0.01879
    0.02609
    0.00848
   -0.01408
   -0.01447
    0.00956
   -0.02255
    0.00280
   -0.02560
    0.03784
    0.01471
   -0.02831
   -0.02584
    0.01741
   -0.01046
    0.02183
   -0.04196
    0.02364
    0.00203
   -0.03884
   -0.02577
    0.03096
   -0.00507
   -0.00999
   -0.03428
    0.02805
    0.01013
   -0.03478
   -0.01348
    0.01984
   -0.00922
    0.02313
   -0.03177
    0.01739
   -0.01163
   -0.00001
   -0.00693
    0.01540
   -0.00544
   -0.00081
   -0.03078
    0.02860
    0.00013
   -0.02593
    0.01884
   -0.00057
   -0.00273
    0.01582
   -0.05148
    0.02153
   -0.00215
   -0.01167
   -0.00908
    0.01366
   -0.03184
    0.00352
   -0.01838
    0.03546
    0.01654
   -0.02470
   -0.00035
    0.00081
   -0.00305
    0.00421
   -0.02797
    0.01737
    0.00036
   -0.02393
   -0.00735
    0.01701
   -0.01474
    0.00024
   -0.03862
    0.03154
    0.00846
   -0.02348
   -0.00841
    0.01101
   -0.01472
    0.00780
   -0.01808
    0.02328
   -0.01227
    0.00011
   -0.02924
    0.02510
   -0.01724
   -0.00928
   -0.03095
    0.03297
   -0.01153
   -0.00400
   -0.00773
    0.01403
   -0.02062
    0.02206
   -0.03184
    0.03326
    0.00033
   -0.01696
   -0.00338
    0.01116
   -0.02245
   -0.01689
   -0.02426
    0.04115
    0.00703
   -0.02427
   -0.02026
    0.02085
   -0.00284
   -0.01362
   -0.03250
    0.03373
   -0.01633
   -0.01370
   -0.01523
    0.02735
   -0.01823
    0.00877
   -0.02139
    0.02477
   -0.01155
   -0.01608
   -0.01854
    0.02632
   -0.01184
    0.00038
    0.00092
    0.01144
   -0.01844
   -0.01836
   -0.00083
    0.02980
   -0.01274
   -0.00735
   -0.04611
    0.03476
   -0.00532
   -0.00990
   -0.00546
    0.01007
   -0.00024
   -0.02047
   -0.02178
    0.02902
   -0.01213
   -0.02911
    0.00579
    0.02761
   -0.01762
   -0.01453
   -0.04416
    0.05214
    0.00512
   -0.03966
    0.00370
    0.01880
    0.01005
    0.00230
   -0.04418
    0.02648
   -0.01648
    0.00242
   -0.01483
    0.02341
   -0.00768
    0.01385
   -0.03620
    0.02369
    0.03565
   -0.03767
   -0.01956
    0.02193
   -0.00039
   -0.01195
   -0.03853
    0.03450
    0.00719
   -0.01256
   -0.03498
    0.02067
   -0.02041
    0.01817
   -0.04179
    0.03655
    0.01366
   -0.05601
    0.01941
    0.01672
    0.00414
   -0.01835
   -0.01133
    0.01729
   -0.00877
   -0.04817
   -0.04367
    0.05015
   -0.02668
   -0.01697
   -0.05967
    0.06444
    0.03181
   -0.04594
   -0.00673
    0.01233
    0.00183
   -0.00700
   -0.04618
    0.03856
   -0.00488
    0.00572
   -0.03920
    0.02758
   -0.00303
    0.00375
   -0.04585
    0.03398
    0.00447
   -0.00831
   -0.04784
    0.03381
   -0.00390
    0.01792
   -0.03925
    0.03140
   -0.00596
    0.00147
   -0.02058
    0.02042
    0.00740
   -0.04738
   -0.02127
    0.04153
    0.02357
   -0.01241
   -0.03154
    0.01702
    0.01363
   -0.00965
   -0.04414
    0.03185
   -0.00298
    0.00524
   -0.03284
    0.01926
   -0.01297
    0.00678
   -0.02045
    0.02836
    0.01060
   -0.00569
   -0.04057
    0.02209
    0.00158
   -0.00468
   -0.03154
    0.02523
   -0.00134
   -0.03099
   -0.03328
    0.03834
   -0.01662
   -0.01000
   -0.05318
    0.03129
    0.00849
   -0.02701
   -0.02945
    0.02505
   -0.01053
    0.00603
   -0.01299
    0.01886
   -0.01407
   -0.01644
   -0.01898
    0.03127
   -0.01456
   -0.01857
   -0.03250
    0.04283
   -0.00387
   -0.00841
   -0.01295
    0.01452
   -0.00374
    0.01853
   -0.04396
    0.02736
   -0.01929
    0.01073
   -0.00151
    0.01312
   -0.01422
    0.00081
   -0.01981
    0.02648
    0.01753
   -0.01180
   -0.01627
    0.00523
   -0.00081
   -0.00063
   -0.03296
    0.02097
   -0.00568
   -0.00729
   -0.00208
    0.01024
   -0.02033
   -0.00026
   -0.01534
    0.02840
    0.00414
   -0.02657
   -0.00716
    0.01585
   -0.00409
    0.00154
   -0.01460
    0.01217
   -0.01222
   -0.00659
   -0.00728
    0.01898
   -0.01535
   -0.01189
   -0.04397
    0.04005
    0.00611
   -0.01060
   -0.01047
    0.00875
