IntronPotTab 1 1024 0.17089
    0.00828
   -0.02837
   -0.02412
    0.01150
    0.00636
   -0.01874
   -0.04854
    0.02397
   -0.00907
   -0.04802
   -0.00926
    0.03741
   -0.00307
   -0.01103
   -0.00165
    0.00822
    0.00175
   -0.01387
   -0.03448
    0.02599
    0.00073
   -0.01238
   -0.05049
    0.03313
    0.01862
   -0.04479
   -0.03140
    0.02394
    0.00817
   -0.01430
   -0.01892
    0.01338
   -0.00251
   -0.03466
   -0.01697
    0.03503
    0.00471
   -0.01625
   -0.04988
    0.02835
   -0.00226
   -0.03965
   -0.01634
    0.03721
    0.00328
   -0.02158
   -0.01118
    0.01244
   -0.01537
   -0.01872
    0.00638
    0.02198
    0.01614
   -0.04562
   -0.03253
    0.02537
    0.02716
   -0.05046
   -0.03533
    0.01528
   -0.01737
    0.00117
    0.01477
    0.00470
    0.00156
   -0.02722
   -0.02697
    0.02551
   -0.01011
    0.00195
   -0.02051
    0.02108
    0.00476
   -0.05504
   -0.01799
    0.03726
   -0.00514
   -0.02297
   -0.01410
    0.01889
    0.01214
   -0.01810
   -0.04767
    0.02822
    0.01420
   -0.00709
   -0.06423
    0.01783
    0.00535
   -0.00603
   -0.03826
    0.02264
    0.02316
   -0.00695
   -0.04388
    0.01570
    0.01080
   -0.03443
   -0.02559
    0.02220
    0.00101
   -0.01968
   -0.01054
    0.02003
    0.00246
   -0.03568
   -0.02708
    0.03701
   -0.00812
   -0.03283
    0.01716
    0.01264
   -0.01229
   -0.01810
   -0.00528
    0.02660
    0.02461
   -0.03539
   -0.04399
    0.01800
    0.02246
   -0.04346
   -0.05040
    0.03022
   -0.01881
   -0.00896
   -0.00285
    0.01636
    0.01121
   -0.02714
   -0.04521
    0.02770
    0.00616
   -0.00210
   -0.06093
    0.02784
   -0.00081
   -0.03884
   -0.01036
    0.03425
    0.01559
   -0.03525
   -0.02112
    0.01494
    0.00475
   -0.02488
   -0.03347
    0.03631
    0.01343
   -0.02283
   -0.05963
    0.03259
    0.01856
   -0.02873
   -0.01849
    0.01131
    0.01908
   -0.01612
   -0.03844
    0.02432
    0.01363
   -0.01925
   -0.02849
    0.01084
    0.01231
   -0.02109
   -0.03638
    0.02070
   -0.00691
   -0.05464
   -0.00247
    0.04453
   -0.00184
    0.00062
   -0.02084
    0.01444
   -0.00923
   -0.03557
    0.01048
    0.02320
    0.02284
   -0.02273
   -0.04150
    0.01173
    0.02213
   -0.04441
   -0.02639
    0.01861
   -0.00866
   -0.01416
    0.00173
    0.01015
   -0.01644
   -0.00317
   -0.01213
    0.02630
   -0.00428
   -0.00849
   -0.04283
    0.02847
   -0.00357
   -0.04241
   -0.00872
    0.03181
   -0.01092
   -0.00043
   -0.00442
    0.00978
    0.00585
   -0.01349
   -0.04066
    0.02647
    0.01467
   -0.01060
   -0.05558
    0.01412
    0.02398
   -0.03037
   -0.04365
    0.01741
    0.00257
    0.00036
   -0.02258
    0.01340
    0.01024
   -0.02569
   -0.02707
    0.01347
    0.00361
   -0.00817
   -0.04093
    0.01920
    0.00613
   -0.03134
   -0.02165
    0.02716
   -0.00070
   -0.00946
   -0.00822
    0.00879
   -0.02275
   -0.00984
   -0.00738
    0.02792
    0.02994
   -0.04036
   -0.03392
    0.00361
    0.03467
   -0.04711
   -0.03290
    0.00533
   -0.02998
    0.00231
    0.00303
    0.01503
    0.00894
   -0.03033
   -0.02721
    0.01668
   -0.00230
   -0.00461
   -0.06666
    0.03251
    0.00709
   -0.04629
   -0.01472
    0.02707
    0.00586
   -0.02492
   -0.01400
    0.01207
    0.00563
   -0.02386
   -0.03682
    0.03079
    0.00877
   -0.00966
   -0.07041
    0.03018
    0.01044
   -0.04656
   -0.03341
    0.03329
    0.00559
   -0.00776
   -0.02301
    0.01465
    0.00342
   -0.03157
   -0.01842
    0.02343
    0.00088
   -0.02184
   -0.03925
    0.02867
   -0.00381
   -0.03069
    0.00925
    0.01706
    0.00331
   -0.02192
   -0.00931
    0.01231
   -0.00718
   -0.02095
   -0.01045
    0.02103
    0.01088
   -0.03213
   -0.04619
    0.02821
    0.02658
   -0.04049
   -0.03850
    0.01655
   -0.01021
   -0.00223
    0.00927
    0.00278
    0.01037
   -0.03081
   -0.02921
    0.02182
    0.00573
   -0.03054
   -0.03277
    0.02857
    0.01513
   -0.04421
   -0.02906
    0.03294
    0.01007
   -0.02987
   -0.01662
    0.01651
    0.01893
   -0.02301
   -0.03703
    0.01736
    0.00695
   -0.01070
   -0.08730
    0.03969
    0.01781
   -0.00857
   -0.04395
    0.01659
    0.01693
   -0.00419
   -0.03186
    0.01359
    0.01771
   -0.03858
   -0.02139
    0.01169
    0.00770
   -0.03546
   -0.00608
    0.02371
    0.00759
   -0.04858
   -0.02432
    0.04298
    0.00974
   -0.04500
   -0.00158
    0.01744
   -0.01009
   -0.00993
   -0.01460
    0.02555
    0.02810
   -0.04789
   -0.04887
    0.02713
    0.02228
   -0.04691
   -0.04343
    0.03557
    0.00254
   -0.01939
   -0.00173
    0.01197
    0.01506
   -0.02678
   -0.03874
    0.01661
    0.02463
    0.00209
   -0.07500
    0.01384
    0.02637
   -0.05227
   -0.02316
    0.02005
    0.02709
   -0.04767
   -0.01792
    0.00958
    0.00864
   -0.01373
   -0.03881
    0.02705
    0.02773
   -0.02223
   -0.08053
    0.03236
    0.01167
   -0.04046
   -0.01079
    0.02333
    0.02615
   -0.01359
   -0.03588
    0.01533
    0.02300
   -0.02039
   -0.03129
   -0.00062
    0.02299
   -0.01092
   -0.06660
    0.02399
   -0.00091
   -0.03622
   -0.01448
    0.03807
    0.02326
   -0.01615
   -0.03551
    0.01247
   -0.01625
   -0.01723
    0.01593
    0.01898
    0.03525
   -0.02538
   -0.04709
    0.00556
    0.02597
   -0.05502
   -0.04239
    0.03172
    0.00705
   -0.02199
   -0.01296
    0.01178
   -0.02072
    0.00054
   -0.01055
    0.03013
   -0.01058
   -0.00727
   -0.03795
    0.02999
   -0.00473
   -0.04091
   -0.00999
    0.03354
    0.00055
   -0.02083
   -0.01130
    0.01355
    0.00782
   -0.01951
   -0.03502
    0.02384
    0.00794
    0.00460
   -0.05070
    0.00851
    0.02316
   -0.03229
   -0.03022
    0.01241
    0.01015
   -0.01102
   -0.01926
    0.01232
    0.00292
   -0.01403
   -0.01226
    0.01012
    0.00252
   -0.00703
   -0.04112
    0.01800
   -0.00903
   -0.02305
   -0.00634
    0.03143
    0.00580
    0.00196
   -0.02815
    0.00863
   -0.01554
   -0.03201
   -0.00026
    0.03226
    0.03474
   -0.02733
   -0.04335
   -0.00422
    0.03670
   -0.05209
   -0.02769
    0.00718
   -0.01501
   -0.00526
   -0.01188
    0.01749
    0.00126
   -0.02139
   -0.01937
    0.01902
    0.00769
   -0.01736
   -0.05592
    0.02678
   -0.01021
   -0.03733
   -0.01641
    0.04560
    0.01217
   -0.01572
   -0.01500
    0.00443
    0.00445
   -0.01084
   -0.03058
    0.02207
   -0.00583
   -0.00118
   -0.06073
    0.04015
    0.01392
   -0.03019
   -0.04575
    0.02837
    0.02591
   -0.01551
   -0.02865
    0.01041
    0.00767
   -0.01766
   -0.03648
    0.02888
    0.00815
   -0.01050
   -0.04684
    0.02110
   -0.02088
   -0.02839
   -0.01494
    0.05269
    0.00898
   -0.02916
   -0.00718
    0.01011
   -0.01030
   -0.01252
   -0.01052
    0.02035
    0.02615
   -0.04602
   -0.05065
    0.02477
    0.03361
   -0.05069
   -0.04020
    0.01354
   -0.00446
   -0.00330
   -0.00288
    0.00485
   -0.00218
   -0.02450
   -0.02292
    0.03061
    0.00547
   -0.01792
   -0.05591
    0.02952
    0.01545
   -0.06805
   -0.02280
    0.04414
    0.01279
   -0.03403
   -0.00086
    0.00688
    0.01776
   -0.01342
   -0.04026
    0.01530
    0.01634
   -0.02440
   -0.05971
    0.02840
    0.01302
   -0.02206
   -0.04709
    0.03461
    0.02944
   -0.02076
   -0.03751
    0.01847
    0.00459
   -0.01496
   -0.03201
    0.02409
   -0.01120
   -0.00816
    0.01157
    0.01098
    0.01742
   -0.05089
   -0.02144
    0.03750
    0.01520
   -0.03042
   -0.00981
    0.01119
   -0.01334
   -0.01948
   -0.00719
    0.02890
    0.02660
   -0.02936
   -0.06541
    0.02338
    0.02868
   -0.04849
   -0.03859
    0.02809
   -0.00716
   -0.01191
   -0.00036
    0.01120
    0.00914
   -0.03943
   -0.02316
    0.02352
    0.01189
   -0.02057
   -0.06793
    0.03655
    0.00914
   -0.04170
   -0.03607
    0.04404
    0.01249
   -0.04010
   -0.02181
    0.02173
    0.00274
   -0.03451
   -0.02538
    0.03772
    0.01917
   -0.03043
   -0.04603
    0.02560
    0.01761
   -0.01896
   -0.04335
    0.02598
    0.02684
    0.00386
   -0.04863
    0.01576
    0.00639
   -0.02499
   -0.01734
    0.01859
    0.01367
   -0.03505
   -0.02573
    0.02460
   -0.01046
   -0.06597
    0.00395
    0.04918
   -0.00918
   -0.01487
   -0.00587
    0.01657
   -0.02750
   -0.00835
    0.00385
    0.03107
    0.02483
   -0.02845
   -0.04532
    0.01565
    0.01917
   -0.06012
   -0.03420
    0.03777
    0.00301
   -0.02015
   -0.00446
    0.00944
   -0.00856
    0.00839
   -0.05137
    0.02986
   -0.00314
    0.00683
   -0.05205
    0.02232
    0.00486
   -0.03823
    0.00066
    0.01613
    0.00416
   -0.00430
   -0.01344
    0.00494
    0.00572
   -0.01233
   -0.03362
    0.02242
    0.01986
   -0.03486
   -0.04391
    0.01840
    0.03172
   -0.03385
   -0.06241
    0.02372
    0.01911
   -0.00528
   -0.01824
    0.00222
    0.01023
   -0.02286
   -0.02999
    0.01641
    0.01261
   -0.02168
   -0.03056
    0.01500
    0.00389
   -0.02783
   -0.00889
    0.01950
    0.00082
   -0.01224
    0.00044
    0.00464
   -0.02366
   -0.01289
   -0.00806
    0.03132
    0.03653
   -0.04279
   -0.04266
    0.00540
    0.04075
   -0.04483
   -0.03102
    0.00129
   -0.01712
   -0.00131
   -0.00866
    0.01354
    0.00166
   -0.01727
   -0.01555
    0.01127
   -0.00815
   -0.00303
   -0.02754
    0.02283
    0.00630
   -0.03420
   -0.00798
    0.01580
   -0.00785
   -0.00906
    0.00674
    0.00617
   -0.00576
   -0.00693
   -0.02100
    0.02210
   -0.00231
   -0.01028
   -0.05075
    0.02784
    0.02059
   -0.03572
   -0.01892
    0.00799
    0.00371
   -0.00363
   -0.02366
    0.01230
    0.00033
   -0.02086
   -0.01567
    0.01905
   -0.00486
   -0.00806
   -0.03058
    0.02262
   -0.00571
   -0.02076
   -0.02693
    0.03092
    0.00248
   -0.00280
   -0.01678
    0.00753
   -0.01371
   -0.01157
    0.00696
    0.01442
    0.00965
   -0.03213
   -0.03395
    0.02162
    0.02064
   -0.02284
   -0.02977
    0.00747
   -0.02069
    0.01414
    0.00920
    0.00300
   -0.00064
   -0.02067
   -0.03136
    0.02832
    0.00570
   -0.02450
   -0.03640
    0.02234
    0.00974
   -0.05887
   -0.03853
    0.04619
   -0.00162
   -0.02596
   -0.01338
    0.01921
    0.01541
   -0.01490
   -0.06217
    0.03269
    0.01423
   -0.00290
   -0.08238
    0.02424
    0.02123
   -0.02173
   -0.04965
    0.02320
    0.02800
   -0.01517
   -0.03469
    0.01536
    0.02192
   -0.02931
   -0.03339
    0.00774
    0.00647
   -0.01936
   -0.00933
    0.01218
    0.02004
   -0.05007
   -0.02027
    0.02752
    0.01268
   -0.03742
    0.00268
    0.01103
   -0.01289
   -0.01772
   -0.00954
    0.02772
    0.03150
   -0.02864
   -0.04023
    0.00484
    0.01839
   -0.03962
   -0.03722
    0.02825
    0.00747
   -0.01991
    0.00758
    0.00548
    0.00766
   -0.03112
   -0.03854
    0.02797
    0.01126
   -0.00960
   -0.05720
    0.02282
    0.02160
   -0.05321
   -0.01872
    0.02014
    0.00730
   -0.02661
   -0.01793
    0.01577
    0.00740
   -0.01838
   -0.05268
    0.03849
    0.02016
   -0.04190
   -0.06022
    0.03197
    0.02067
   -0.04267
   -0.02352
    0.01899
    0.02266
   -0.00952
   -0.04588
    0.02159
    0.01370
   -0.03062
   -0.02600
    0.01406
    0.00850
   -0.01189
   -0.03274
    0.01625
    0.00939
   -0.05861
   -0.00992
    0.03309
    0.00475
   -0.01287
   -0.01082
    0.00935
   -0.02083
   -0.02271
    0.01106
    0.02531
    0.04025
   -0.04177
   -0.04927
    0.00534
    0.02643
   -0.05380
   -0.02095
    0.01382
   -0.00683
   -0.01006
   -0.00923
    0.01234
   -0.01355
   -0.00551
   -0.01357
    0.02445
   -0.01405
   -0.00873
   -0.05445
    0.04121
   -0.00877
   -0.03689
   -0.00546
    0.03031
   -0.01505
   -0.00111
   -0.00171
    0.00980
    0.01347
   -0.01574
   -0.05261
    0.02442
    0.01025
   -0.02665
   -0.04345
    0.02018
    0.03521
   -0.04611
   -0.04365
    0.01199
    0.01252
   -0.00183
   -0.01608
    0.00224
    0.01415
   -0.02424
   -0.02449
    0.00489
    0.00436
   -0.00600
   -0.04534
    0.01752
    0.00376
   -0.03212
   -0.01096
    0.02277
   -0.00969
   -0.00782
   -0.01102
    0.01512
   -0.01938
   -0.01705
   -0.01561
    0.03049
    0.02863
   -0.03691
   -0.03369
    0.00313
    0.02905
   -0.04972
   -0.02126
    0.00887
   -0.02615
   -0.00809
    0.00033
    0.01824
