9 20 3 1 47 -3.1612 2.4348 4.3081 12536
 -0.01787   0.06559   0.06734  -0.06452  -0.03786   0.02827   0.15246  -0.07488  -0.03476   0.02314   0.10360  -0.03733  -0.00796   0.07891   0.07115  -0.10836  -0.09896   0.07489   0.15695  -0.07939 
 -0.03939   0.05440   0.12664  -0.07976  -0.04854   0.05173   0.17495  -0.09848  -0.00818   0.05785   0.08775  -0.08828   0.01343   0.04536   0.07677  -0.11278  -0.11637   0.06111   0.15931  -0.06180 
 -0.03394   0.05787   0.13222  -0.09343  -0.03380   0.03714   0.10471  -0.04619  -0.01826   0.01731   0.06914  -0.02962   0.02268   0.03619   0.03578  -0.08015  -0.10335   0.04161   0.11513  -0.02457 
 -0.02482   0.03769   0.08445  -0.05016  -0.06347   0.04421   0.17224  -0.07016  -0.01317   0.03835   0.07761  -0.05759   0.03004   0.07597   0.03423  -0.12547  -0.08239   0.05391   0.16035  -0.07984 
 -0.03325   0.05562   0.12412  -0.08530  -0.03252   0.05581   0.15808  -0.10807  -0.00739   0.04786   0.10206  -0.09164   0.01194   0.06606   0.06228  -0.11545  -0.07576   0.05105   0.16811  -0.08952 
 -0.02066   0.05908   0.12870  -0.10686  -0.02998   0.03814   0.09254  -0.04264  -0.03034   0.05238   0.04722  -0.02776   0.01534   0.05527   0.04689  -0.09594  -0.09583   0.08501   0.10386  -0.04617 
 -0.02504   0.06115   0.07573  -0.05960  -0.04799   0.03803   0.16490  -0.07936  -0.02256   0.01403   0.09292  -0.03785   0.00957   0.01909   0.08313  -0.09119  -0.10027   0.01732   0.17884  -0.06286 
 -0.03730   0.02574   0.13874  -0.07239  -0.04346   0.05221   0.15965  -0.09088   0.01438   0.00607   0.08257  -0.07335  -0.00763   0.08694   0.07856  -0.12424  -0.06526   0.05246   0.14250  -0.07547 
 -0.02425   0.05596   0.12337  -0.09528  -0.02925   0.02679   0.10497  -0.04570  -0.02513   0.05391   0.06229  -0.04467   0.01269   0.05147   0.05900  -0.09996  -0.10874   0.04758   0.13526  -0.03930 
 -0.02788   0.04772   0.09491  -0.06156  -0.04951   0.08090   0.13456  -0.08109  -0.04269   0.03850   0.08121  -0.02442   0.00426   0.07206   0.08341  -0.13156  -0.08940   0.05612   0.15580  -0.07264 
 -0.04115   0.06610   0.12069  -0.08143  -0.07491   0.06054   0.17186  -0.06690   0.00412   0.05475   0.04121  -0.06979   0.01313   0.04773   0.09536  -0.13409  -0.10248   0.08091   0.15392  -0.07848 
 -0.03683   0.06576   0.12620  -0.09079  -0.01698   0.04069   0.11755  -0.08233  -0.02258   0.06428   0.02929  -0.03566   0.02870   0.05986   0.05144  -0.12410  -0.11257   0.08349   0.12251  -0.04882 
 -0.02032   0.06610   0.08753  -0.07746  -0.05706   0.04540   0.16634  -0.07376  -0.03579   0.02842   0.06855  -0.01680   0.00128   0.06399   0.08463  -0.12058  -0.09519   0.09140   0.16304  -0.09863 
 -0.04232   0.06183   0.12929  -0.08440  -0.03238   0.02870   0.14331  -0.07450  -0.01612   0.04084   0.10560  -0.07626  -0.00873   0.07703   0.08488  -0.11932  -0.09951   0.07709   0.17181  -0.09381 
 -0.03233   0.06080   0.13120  -0.09661  -0.03672   0.05741   0.10810  -0.05866  -0.06191   0.06772   0.03321   0.00292   0.05711   0.03069   0.04916  -0.14050  -0.10940   0.09055   0.11510  -0.04965 
 -0.02629   0.06593   0.08249  -0.06675  -0.04675   0.02417   0.17277  -0.07902  -0.02888   0.00406   0.06108  -0.00334   0.00079   0.06828   0.05971  -0.09934  -0.08656   0.04361   0.16593  -0.07559 
 -0.03683   0.03859   0.12649  -0.07113  -0.03854   0.03002   0.17238  -0.09423   0.00306   0.03916   0.07571  -0.07892   0.00326   0.06914   0.08956  -0.13376  -0.10028   0.06939   0.16717  -0.08391 
 -0.02890   0.05614   0.13614  -0.10157  -0.04314   0.05460   0.09574  -0.03896  -0.03534   0.06394   0.01109  -0.01038   0.04536   0.07803  -0.00897  -0.11336  -0.10779   0.03217   0.11790  -0.01902 
 -0.02527   0.06097   0.06257  -0.04980  -0.04577   0.02582   0.15059  -0.06091  -0.01628   0.01763   0.08210  -0.04080   0.03611   0.02537   0.06153  -0.11394  -0.10352   0.04435   0.18658  -0.08364 
 -0.03084   0.03203   0.13193  -0.07784  -0.04554   0.04832   0.14568  -0.07220   0.00502   0.03182   0.04826  -0.05678  -0.00859   0.06370   0.09092  -0.11295  -0.08928   0.06553   0.15692  -0.07963 
 -0.03107   0.05683   0.12128  -0.08621  -0.03372   0.04341   0.10184  -0.04821  -0.02133   0.01229   0.04131  -0.00578   0.04960   0.04424   0.05156  -0.14300  -0.09140   0.04864   0.13229  -0.04799 
 -0.01710   0.04201   0.08850  -0.06452  -0.04802   0.04778   0.15505  -0.07699  -0.00858   0.02272   0.07229  -0.04770  -0.01390   0.06452   0.10254  -0.11869  -0.08351   0.04714   0.16236  -0.07665 
 -0.03579   0.04878   0.13178  -0.08414  -0.06403   0.05835   0.17326  -0.08057  -0.00815   0.05470   0.06154  -0.06662   0.02865   0.02198   0.10017  -0.13973  -0.10680   0.05710   0.17201  -0.07617 
 -0.03279   0.05212   0.13730  -0.09502  -0.03265   0.02799   0.11296  -0.04820  -0.00945   0.06327  -0.03896  -0.01412   0.04501   0.06237   0.00490  -0.10949  -0.10834   0.06340   0.13037  -0.04498 
 -0.01710   0.05752   0.06835  -0.06033  -0.05064   0.05454   0.13546  -0.06090  -0.02984   0.04272   0.07236  -0.03672   0.00470   0.04810   0.06789  -0.09428  -0.08190   0.04232   0.14175  -0.05767 
 -0.03718   0.04966   0.11114  -0.06576  -0.04630   0.05657   0.15804  -0.08861   0.00602   0.04404   0.06066  -0.07650   0.01951   0.06157   0.07725  -0.13778  -0.07878   0.02818   0.17465  -0.07933 
 -0.02313   0.05089   0.12914  -0.09795  -0.02280   0.01698   0.09165  -0.03811  -0.01695   0.06995   0.02832  -0.04670   0.04133   0.07052   0.05925  -0.16363  -0.10014   0.04888   0.11428  -0.02977 
 -0.01455   0.05387   0.07937  -0.06875  -0.03926   0.05200   0.13691  -0.07556  -0.04335   0.06074   0.03280  -0.01108   0.01391   0.04032   0.07449  -0.10671  -0.10205   0.08210   0.15982  -0.08469 
 -0.03683   0.06235   0.11267  -0.07656  -0.03887   0.06316   0.13782  -0.08516  -0.00031   0.05461   0.08534  -0.09481   0.02518   0.04994   0.07705  -0.13508  -0.08812   0.06801   0.16990  -0.09364 
 -0.02111   0.06320   0.12427  -0.10550  -0.03399   0.05241   0.08907  -0.04426  -0.02104   0.03541   0.01816  -0.00924   0.03912   0.08205   0.02161  -0.13425  -0.09919   0.06390   0.11089  -0.03645 
 -0.01899   0.06269   0.06598  -0.06021  -0.05338   0.06549   0.14627  -0.07466  -0.00504   0.00293   0.08775  -0.04820   0.00448   0.07262   0.07622  -0.12491  -0.08030   0.06938   0.15309  -0.08488 
 -0.03222   0.05770   0.12218  -0.08634  -0.05229   0.09282   0.14504  -0.09644   0.00434   0.03435   0.05162  -0.06006   0.02841   0.07749   0.08822  -0.18187  -0.09002   0.07466   0.16214  -0.08974 
 -0.02290   0.07567   0.12084  -0.11029  -0.03831   0.05606   0.09087  -0.04247  -0.02345   0.05057   0.00783  -0.01194   0.05294   0.06035   0.01616  -0.13014  -0.09841   0.07537   0.08290  -0.02468 
 -0.01676   0.06457   0.05444  -0.05582  -0.02947   0.04497   0.13110  -0.07910  -0.00301   0.03567   0.01893  -0.03141   0.03735   0.05049   0.08031  -0.15912  -0.08126   0.08775   0.14507  -0.08966 
 -0.01676   0.05908   0.10513  -0.09066  -0.05894   0.05906   0.14208  -0.05910   0.02243   0.01953   0.04009  -0.06610   0.04024   0.04188   0.07523  -0.14981  -0.10157   0.09441   0.16077  -0.09440 
 -0.01954   0.05942   0.11435  -0.09555  -0.02482   0.06365   0.06854  -0.04916  -0.01828   0.07813  -0.01488  -0.02749   0.06876   0.05262   0.02265  -0.15609  -0.11047   0.06328   0.13604  -0.04796 
 -0.01038   0.06745   0.06394  -0.07188  -0.04439   0.07157   0.13620  -0.08237  -0.01325   0.01371   0.07376  -0.03613   0.04152   0.02139   0.09563  -0.15528  -0.06011   0.06582   0.14390  -0.08884 
 -0.01732   0.04949   0.11707  -0.09303  -0.02394   0.05781   0.12503  -0.09118   0.00914   0.03421   0.04035  -0.05918   0.02785   0.05062   0.06665  -0.12910  -0.06147   0.06600   0.13810  -0.08306 
 -0.00647   0.05631   0.10044  -0.09701  -0.02108   0.06418   0.06591  -0.05272   0.00670   0.03656  -0.02237  -0.02194   0.05274   0.10654   0.01589  -0.17964  -0.08816   0.13795   0.04883  -0.04925 
 -0.00399   0.09132   0.03297  -0.07555  -0.04319   0.03776   0.11934  -0.04590   0.00345  -0.00343  -0.00465   0.00043   0.05584   0.04709   0.03446  -0.13935  -0.04864   0.06949   0.10622  -0.06914 
 -0.00745   0.04165   0.07323  -0.06365  -0.06062   0.04428   0.14348  -0.04808   0.03284   0.03094   0.00982  -0.07130   0.02934   0.05444   0.06152  -0.12988  -0.05178   0.01868   0.15518  -0.07557 
 -0.01455   0.03877   0.10822  -0.08091  -0.03388   0.08545   0.06237  -0.04833  -0.01531   0.06309  -0.01205  -0.02049   0.04582   0.09279  -0.00461  -0.13274  -0.05788   0.05127   0.02450  -0.00090 
 -0.01126   0.07633   0.02277  -0.04920  -0.05287   0.04008   0.10542  -0.02484   0.00145   0.01406  -0.02371   0.00081   0.03608   0.05464   0.03400  -0.11411  -0.05501   0.04807   0.11161  -0.05568 
 -0.01966   0.04165   0.06971  -0.04765  -0.03289   0.00945   0.09432  -0.02269  -0.00051   0.06182   0.00056  -0.04468   0.04290   0.02851   0.00555  -0.07765  -0.05340   0.04344   0.08763  -0.03724 
 -0.01148   0.03714   0.05792  -0.04527   0.01489   0.00936  -0.01859  -0.01466   0.01258  -0.07866  -0.05915   0.05567   0.07680   0.04702  -0.06599  -0.09169  -0.04851   0.00636   0.00638   0.02433 
  0.01681   0.00181  -0.02753  -0.00376   0.03090   0.03915   0.01967  -0.08052   0.07971   0.00153  -0.07871  -0.07277   0.12670   0.05909  -0.09177  -0.17766   0.03219   0.02881   0.05284  -0.06997 
  0.05891   0.03166  -0.00116  -0.08869   0.02461   0.18712   0.00680  -0.20171   0.10229   0.15712  -0.15741  -0.24951   0.12680   0.19814  -0.03942  -0.48724   0.02717   0.22430  -0.00644  -0.18567 
  0.06948   0.19234  -0.03433  -0.24663   0.22548  -0.18553  -0.22730  -0.26380   0.31523  -0.35503  -0.44530  -0.36193   0.29656  -0.14779  -0.25634  -0.39125   0.17691  -0.01791  -0.00678  -0.16430 
  0.27794  -0.18131  -0.22878  -0.29412  -0.38886  -0.62601   0.65249  -0.57643  -0.17774  -0.47358   0.53667  -0.23890  -0.19375  -0.50796   0.50361  -0.39563  -0.45822  -0.48505   0.57868  -0.45570 
 -0.31171  -0.57827   0.59694  -0.49837  -1.91948  -4.09819   0.78829  -4.09819  -1.70713  -4.09819   0.81160  -4.09819  -2.58895  -4.09819   0.71386  -4.09819  -1.47877  -4.09819   0.71704  -4.09819 
 -2.11409  -4.09819   0.75565  -4.09819  -1.06937  -4.09819  -4.09819   0.51036  -4.09819  -4.09819  -4.09819  -4.09819  -4.09819  -1.42221  -4.09819   0.52351  -4.09819  -4.09819  -4.09819  -4.09819 
 -3.48778  -1.39649  -4.09819   0.48533  -4.09819  -4.09819   0.79026  -4.09819   0.41649  -0.92950  -0.82862  -0.94522  -4.09819  -4.09819  -4.09819  -4.09819   0.45366  -0.96888  -0.02191  -0.73286 
  0.35255  -0.97044   0.01155  -0.66807   0.26751  -0.30843  -0.35926  -0.30209   0.24578  -0.40205  -0.27765  -0.13319   0.41327  -0.50942  -0.47133  -0.86710   0.22375  -0.31961  -0.04754  -0.07856 
  0.33654  -0.36678  -0.35683  -0.35778  -0.43739  -0.60990   0.64845  -0.47145  -0.27940  -0.30220   0.50522  -0.12066  -0.41099  -0.58282   0.56853  -0.42849  -0.30957  -0.52947   0.51615  -0.28081 
 -0.36835  -0.57977   0.59539  -0.41431  -0.09810  -0.07188  -0.09714   0.16043  -0.08410  -0.01885  -0.09602   0.12542  -0.33852  -0.27126  -0.53765   0.36921  -0.06242  -0.29689  -0.05626   0.13996 
 -0.24349  -0.21305  -0.32308   0.28365   0.03246  -0.01884  -0.08898   0.01068   0.07659  -0.12722  -0.03305  -0.01136   0.01024   0.01658  -0.17693   0.06702   0.17180  -0.24049  -0.07637  -0.02341 
  0.07544  -0.15511  -0.06724   0.02102  -0.08478   0.00715  -0.09990   0.12298  -0.00581  -0.02582  -0.02179   0.03242  -0.01187  -0.00307  -0.10659   0.07000  -0.04853  -0.11783  -0.06299   0.09664 
 -0.05147  -0.04382  -0.07776   0.09760  -0.01169   0.00803  -0.16393   0.07707   0.01666  -0.00450  -0.12922   0.03813   0.01025   0.04907  -0.13945   0.03234  -0.02661  -0.07312  -0.11204   0.08854 
 -0.01876  -0.01855  -0.12814   0.08013  -0.01330  -0.02689  -0.13062   0.08327  -0.00093  -0.02863  -0.07564   0.05109  -0.01328   0.05028  -0.07905   0.02683  -0.04284  -0.06089  -0.11112   0.09259 
 -0.02719  -0.02941  -0.10511   0.08349  -0.01561  -0.02515  -0.05765   0.05781   0.02998  -0.02582  -0.06318   0.00951  -0.01561   0.04589  -0.07334   0.02909  -0.02356  -0.10406  -0.06179   0.07946 
 -0.01754  -0.04360  -0.06037   0.06487  -0.01181  -0.04467  -0.07700   0.06989   0.03512  -0.06730  -0.08910   0.03658  -0.00571   0.02826  -0.13222   0.05780  -0.04866  -0.10178  -0.10376   0.10557 
 -0.01921  -0.05691  -0.09613   0.08515  -0.00954  -0.04763  -0.09116   0.07408   0.03035  -0.02464  -0.11612   0.02937  -0.04107   0.02457  -0.08542   0.07091  -0.02271  -0.08506  -0.09902   0.08604 
 -0.01910  -0.04755  -0.09416   0.08066   0.00397  -0.03929  -0.08121   0.05204   0.01499  -0.06072  -0.11224   0.06394  -0.02253   0.03250  -0.09683   0.05533  -0.02620  -0.12836  -0.12697   0.10896 
 -0.01477  -0.06464  -0.10435   0.08752   0.00313  -0.05284  -0.09900   0.06554   0.01231  -0.01323  -0.12805   0.04749  -0.02124   0.00834  -0.12139   0.07843  -0.00061  -0.11195  -0.10428   0.08387 
 -0.00810  -0.06008  -0.10561   0.08084  -0.00297  -0.02517  -0.13484   0.07322   0.01836  -0.05881  -0.09416   0.05306  -0.04351   0.00695  -0.04442   0.06313   0.00811  -0.15967  -0.11424   0.09528 
 -0.00842  -0.07556  -0.10385   0.08638  -0.00992  -0.05073  -0.09941   0.07874   0.01493  -0.02234  -0.15055   0.05703  -0.04012   0.00916  -0.08555   0.07863   0.02013  -0.12262  -0.11079   0.07715 
 -0.00799  -0.06510  -0.10561   0.08269  -0.00569  -0.06825  -0.08737   0.07678  -0.00728  -0.01645  -0.08730   0.05540  -0.06113   0.00159  -0.09829   0.10439   0.00760  -0.10972  -0.09482   0.07539 
 -0.01643  -0.06556  -0.08976   0.08401  -0.00575  -0.03517  -0.11036   0.07193   0.00105  -0.03620  -0.05505   0.04497  -0.03995   0.00679  -0.11088   0.09053   0.00796  -0.11105  -0.11021   0.08068 
 -0.01301  -0.05827  -0.09985   0.08207   0.00939  -0.05694  -0.09313   0.05802   0.00085  -0.00281  -0.09230   0.04111  -0.04669   0.02199  -0.08482   0.07674  -0.00098  -0.10522  -0.11730   0.08626 
 -0.01049  -0.05399  -0.09935   0.07817  -0.00697  -0.05557  -0.09818   0.07715  -0.02506   0.00338  -0.07522   0.05753  -0.04891  -0.00738  -0.06391   0.08458   0.00498  -0.08735  -0.11462   0.07656 
 -0.01899  -0.05087  -0.09416   0.08190   0.00298  -0.06445  -0.08549   0.06528   0.00106  -0.02335  -0.08711   0.05048  -0.07079   0.02634  -0.07663   0.08959   0.00467  -0.11089  -0.06665   0.06748 
 -0.01444  -0.06053  -0.07376   0.07450   0.01646  -0.07467  -0.07120   0.04838   0.00630  -0.04252  -0.04501   0.03856  -0.01954  -0.04397  -0.04690   0.06985   0.01138  -0.12632  -0.06306   0.06680 
  0.00083  -0.08435  -0.05765   0.06460   0.01606  -0.10320  -0.03514   0.04451   0.00798  -0.02920  -0.02450   0.02030  -0.02441  -0.02276  -0.05897   0.06956   0.00356  -0.08839  -0.07673   0.06474 
 -0.00088  -0.07345  -0.05159   0.05933  -0.00189  -0.05980  -0.06441   0.06044   0.01218  -0.02831  -0.07349   0.03599  -0.01520  -0.02500  -0.05183   0.05895   0.00348  -0.09624  -0.04898   0.05683 
 -0.00539  -0.06327  -0.05472   0.06044  -0.00165  -0.03221  -0.06067   0.04685   0.01346  -0.05562  -0.07118   0.04816  -0.03330   0.00034  -0.04740   0.05946   0.02816  -0.10951  -0.07488   0.05572 
 -0.00024  -0.05917  -0.06310   0.05774  -0.00652  -0.03375  -0.09186   0.06536   0.02297  -0.05571  -0.04968   0.02882  -0.04881   0.01470  -0.06026   0.07112   0.00037  -0.06318  -0.05291   0.04904 
 -0.01049  -0.04142  -0.06310   0.05914  -0.00086  -0.04486  -0.04873   0.04640   0.03579  -0.04510  -0.06909   0.01598  -0.04565   0.03780  -0.06437   0.05718   0.00760  -0.07145  -0.06440   0.05203 
 -0.00356  -0.04098  -0.05855   0.05106  -0.00664  -0.02330  -0.04523   0.04176   0.01620  -0.04429  -0.06787   0.03795  -0.03779  -0.02959  -0.03458   0.07240   0.00560  -0.13804  -0.04734   0.06768 
 -0.00799  -0.06810  -0.04583   0.06090  -0.00860  -0.06746  -0.01997   0.05171   0.00489  -0.04412  -0.02131   0.03064  -0.03845  -0.03457  -0.06944   0.09196  -0.00062  -0.08148  -0.03285   0.04786 
 -0.01433  -0.06441  -0.03092   0.05839   0.00211  -0.05562  -0.03890   0.04329   0.01018  -0.02086  -0.03460   0.01754  -0.03090  -0.01043  -0.06349   0.07102  -0.00283  -0.09932  -0.05746   0.06483 
 -0.00919  -0.05781  -0.04715   0.05830  -0.01181  -0.06155  -0.05918   0.06968   0.00485  -0.07059  -0.00247   0.03584  -0.06635  -0.00483  -0.02856   0.07992   0.01021  -0.08860  -0.05625   0.05309 
 -0.01588  -0.06395  -0.04233   0.06441  -0.01589  -0.05642  -0.06498   0.07419   0.02470  -0.04563  -0.07580   0.03219  -0.04270  -0.03808  -0.07428   0.09909   0.02113  -0.11143  -0.06741   0.05796 
 -0.00799  -0.07228  -0.06609   0.07080  -0.00049  -0.05653  -0.05350   0.05300  -0.02531  -0.04796  -0.07285   0.08358  -0.09352   0.00443  -0.07820   0.11756   0.02751  -0.09330  -0.09108   0.05685 
 -0.01500  -0.05985  -0.07259   0.07423   0.02451  -0.04263  -0.13070   0.04827   0.01814  -0.09695  -0.10368   0.07434  -0.02452  -0.01555  -0.05903   0.06599   0.03130  -0.11382  -0.07611   0.05552 
  0.01144  -0.07462  -0.08927   0.06395   0.00109  -0.01894  -0.07293   0.04280   0.01975  -0.06071  -0.15585   0.07292   0.00943   0.03005  -0.13820   0.04458   0.04385  -0.13623  -0.07608   0.05414 
  0.01351  -0.06053  -0.09220   0.05755   0.01460  -0.05257  -0.11299   0.05771   0.02797  -0.12195  -0.07042   0.06277   0.00193  -0.04256  -0.10198   0.07535   0.07173  -0.11913  -0.10449   0.03987 
  0.02855  -0.08845  -0.10085   0.05811   0.02741  -0.05118  -0.11579   0.04298   0.01341  -0.07575  -0.02372   0.03864   0.00679  -0.06078  -0.08855   0.07350   0.05131  -0.10993  -0.07488   0.04044 
  0.02594  -0.08100  -0.08156   0.05020   0.01208  -0.03615  -0.09047   0.04498   0.03929  -0.10775  -0.05698   0.03850  -0.01249  -0.02653  -0.04728   0.05493   0.02043  -0.09248  -0.05095   0.04587 
  0.01227  -0.06856  -0.06219   0.05001   0.02134  -0.04483  -0.09711   0.04039   0.02808  -0.10469  -0.03864   0.04242  -0.03877  -0.05554  -0.03222   0.08434   0.02203  -0.12738  -0.02672   0.04606 
  0.01019  -0.08724  -0.04826   0.05352   0.00885  -0.03564  -0.13875   0.06615   0.02403  -0.10948  -0.02829   0.04474  -0.03751  -0.00733  -0.05776   0.07230   0.01036  -0.11721  -0.04647   0.05831 
  0.00029  -0.07251  -0.07002   0.06542   0.00895  -0.05641  -0.12620   0.07032   0.00995  -0.09168   0.00172   0.03863  -0.05639   0.00096  -0.08438   0.09532  -0.01464  -0.07963  -0.01834   0.04944 
 -0.01301  -0.06281  -0.05360   0.06625  -0.00769  -0.02098  -0.12538   0.07320  -0.00693  -0.03509  -0.04438   0.04838  -0.06712   0.02829  -0.06570   0.08077  -0.02555  -0.10852  -0.04777   0.07668 
 -0.02822  -0.04667  -0.06886   0.07808  -0.01646  -0.08009  -0.09419   0.09457  -0.02373  -0.07357   0.01644   0.05796  -0.06002  -0.02715  -0.03455   0.08911  -0.02582  -0.12103  -0.04429   0.07921 
 -0.03498  -0.08604  -0.04408   0.08865  -0.01220  -0.04604  -0.14417   0.09423  -0.02873  -0.04513  -0.01136   0.06129  -0.05998  -0.04536  -0.05160   0.10548  -0.05827  -0.12290  -0.01238   0.08388 
 -0.04657  -0.07580  -0.04715   0.09469  -0.02613  -0.03605  -0.12764   0.09861  -0.00663  -0.05261  -0.04311   0.05658  -0.09938  -0.01696  -0.05367   0.12108  -0.07016  -0.11207  -0.06350   0.10536 
 -0.05861  -0.06510  -0.07049   0.10796  -0.00651  -0.06710  -0.14930   0.09812  -0.02415  -0.06884  -0.06585   0.08965  -0.05266  -0.06283  -0.06531   0.11361  -0.08030  -0.13564  -0.05887   0.11463 
 -0.05267  -0.09431  -0.07776   0.11660  -0.03286  -0.06599  -0.11182   0.11099   0.00643  -0.07894  -0.05809   0.06184  -0.09350  -0.02224  -0.07810   0.12983  -0.09090  -0.10923  -0.08022   0.11911 
 -0.06736  -0.07958  -0.07966   0.12203  -0.05239  -0.06281  -0.04132   0.10228   0.01701  -0.05159  -0.06736   0.04069  -0.07206   0.02768  -0.05195   0.07843  -0.07347  -0.12316  -0.09241   0.11922 
 -0.06438  -0.07018  -0.06356   0.11119  -0.04042  -0.06222  -0.02046   0.08252   0.02413  -0.05548  -0.11454   0.05234  -0.08298  -0.01941   0.01043   0.07934  -0.07734  -0.11293  -0.08683   0.11643 
