IntronPotTab 1 1024 0.74685
    0.01125
   -0.00047
   -0.00427
   -0.01173
    0.01899
   -0.05136
    0.04106
   -0.01435
    0.02404
    0.00640
   -0.01137
   -0.03536
    0.03341
   -0.02640
    0.04497
   -0.04955
   -0.00338
   -0.00596
    0.05293
   -0.04725
    0.00272
   -0.04256
    0.05190
   -0.00856
    0.04399
    0.04932
    0.01897
   -0.13588
    0.05843
    0.05626
    0.01161
   -0.08901
    0.01202
    0.02296
    0.01217
   -0.04853
    0.04428
    0.06268
   -0.03728
   -0.08581
    0.02325
    0.01075
    0.06678
   -0.10178
   -0.03404
   -0.03781
    0.11425
   -0.02921
    0.02477
    0.07451
   -0.01356
   -0.07899
   -0.01560
    0.09659
    0.02052
   -0.06916
    0.02536
    0.01526
    0.04358
   -0.10349
    0.02863
   -0.01840
    0.01629
   -0.01575
   -0.06046
    0.09173
   -0.02877
   -0.00761
    0.01668
   -0.00514
    0.01240
   -0.02982
   -0.05819
    0.13880
   -0.05833
   -0.09081
    0.03741
   -0.05079
    0.06593
   -0.03731
   -0.07577
    0.04477
    0.03209
    0.01435
   -0.00842
    0.08184
   -0.00838
   -0.06419
    0.01497
    0.09235
   -0.04528
   -0.07546
    0.00869
    0.04837
    0.01225
   -0.05818
    0.01720
    0.03971
   -0.09680
    0.02834
   -0.02449
    0.07597
   -0.00747
   -0.07856
    0.04850
    0.02399
   -0.03027
   -0.06088
   -0.00544
    0.01743
    0.03182
   -0.04391
    0.25745
   -0.06217
   -0.15007
   -0.16326
    0.01614
    0.06109
   -0.01373
   -0.06881
    0.01708
    0.01563
   -0.03108
   -0.00309
    0.03411
    0.01563
   -0.06914
    0.02711
    0.03998
   -0.01903
   -0.02051
   -0.02512
    0.05649
   -0.01069
    0.00887
   -0.09734
    0.02048
    0.03775
   -0.04579
   -0.02706
    0.04144
   -0.05958
    0.03866
   -0.03452
    0.02427
   -0.01354
    0.02856
   -0.07695
    0.03805
   -0.00560
   -0.00598
   -0.04623
    0.06427
    0.02228
    0.00735
   -0.10749
    0.05106
   -0.02344
    0.02833
   -0.03602
    0.03761
    0.01528
   -0.03090
   -0.03307
   -0.02776
   -0.03605
    0.08054
   -0.00846
    0.01157
    0.00017
    0.04476
   -0.05595
   -0.02527
   -0.06435
    0.04802
    0.01272
    0.01350
   -0.00070
   -0.01668
    0.00169
    0.00008
    0.00568
    0.02887
   -0.02901
    0.05283
    0.05881
   -0.03994
   -0.07762
    0.09194
   -0.02640
   -0.02299
   -0.00752
   -0.05987
    0.02466
    0.04711
    0.01574
   -0.04603
   -0.06274
   -0.03973
    0.10792
    0.01851
    0.03060
   -0.11464
    0.01316
   -0.01728
    0.00488
    0.00853
    0.00479
    0.01770
    0.04791
    0.02946
   -0.08203
   -0.00879
    0.00660
    0.04144
   -0.01986
    0.03057
    0.03474
   -0.00900
   -0.06073
    0.07337
    0.00058
    0.00569
   -0.04571
    0.03615
    0.00251
   -0.03655
   -0.02216
    0.03901
   -0.05910
    0.04474
   -0.02320
    0.00683
    0.01534
    0.04209
   -0.05443
    0.01044
   -0.07908
    0.02673
    0.02825
    0.01155
    0.11310
   -0.00424
   -0.09762
    0.02934
    0.01747
   -0.03287
   -0.02874
    0.03107
    0.04952
   -0.03390
   -0.05555
    0.04669
   -0.00429
   -0.00924
   -0.01264
    0.00415
    0.02302
   -0.02108
   -0.00697
    0.07178
    0.02768
   -0.03909
   -0.12036
    0.00502
    0.04565
   -0.00351
   -0.04832
    0.05717
   -0.02809
   -0.00613
   -0.02382
   -0.01629
    0.05904
   -0.00124
   -0.04300
    0.01888
    0.05179
   -0.01792
   -0.05968
    0.04449
    0.04254
   -0.02607
   -0.06577
    0.07546
    0.00845
    0.02526
   -0.09166
    0.03182
    0.05287
   -0.01511
   -0.08458
    0.07385
   -0.07410
   -0.00220
   -0.07992
    0.03777
    0.01323
    0.04189
   -0.10755
    0.03532
   -0.03743
    0.02506
   -0.02339
   -0.00892
    0.00236
    0.01633
   -0.00455
   -0.01842
    0.02366
    0.00842
   -0.00052
    0.03723
    0.00215
   -0.04658
   -0.00561
    0.01262
   -0.00492
   -0.01801
    0.01140
    0.01654
    0.02824
   -0.06290
    0.00865
    0.07628
   -0.01447
   -0.03308
   -0.05774
   -0.02821
    0.05923
   -0.00743
   -0.04215
   -0.03402
    0.09770
   -0.02811
   -0.07475
   -0.01044
    0.05964
    0.00542
   -0.05573
   -0.07402
    0.12918
   -0.04567
   -0.01621
   -0.07638
    0.04185
    0.00775
    0.01236
    0.02862
    0.00160
   -0.00064
   -0.01366
   -0.00516
    0.01860
   -0.02925
    0.01454
   -0.00775
    0.01744
   -0.01425
   -0.01090
    0.01292
    0.04918
   -0.01570
   -0.07779
   -0.14136
    0.03452
    0.03132
    0.00161
   -0.01742
    0.00381
   -0.01477
    0.02137
   -0.00474
    0.05565
   -0.05656
   -0.01683
    0.05074
    0.01255
   -0.05483
   -0.01564
   -0.02197
    0.00790
   -0.10578
    0.08063
   -0.01000
    0.02789
   -0.00515
   -0.00344
   -0.00664
   -0.00358
    0.04287
   -0.05811
    0.05172
   -0.01875
    0.01753
   -0.08052
    0.02317
   -0.07072
    0.04529
   -0.02394
   -0.01507
   -0.02681
   -0.00866
    0.05530
    0.00705
   -0.00639
    0.02945
   -0.05584
    0.06387
    0.06982
   -0.07596
   -0.00907
    0.06498
   -0.04744
    0.01740
   -0.02733
    0.00300
   -0.00015
   -0.01314
    0.01457
   -0.04515
    0.00792
    0.05399
   -0.03221
   -0.01306
    0.07904
    0.01325
   -0.10328
   -0.02528
   -0.07185
    0.04559
    0.00775
    0.06030
   -0.06317
   -0.03076
    0.02806
   -0.00474
    0.05531
   -0.03078
   -0.01064
   -0.01182
    0.04988
   -0.02264
   -0.01960
    0.02779
   -0.03420
   -0.02426
    0.03765
   -0.14614
    0.32115
   -0.22132
   -0.12055
    0.01120
   -0.01830
    0.03983
   -0.02504
   -0.03062
    0.00398
   -0.01838
    0.04693
    0.02289
    0.04511
   -0.01902
   -0.04634
   -0.00491
    0.03661
    0.03901
   -0.05093
    0.00760
    0.04604
    0.01524
   -0.04915
    0.00675
    0.04881
    0.05328
   -0.08610
    0.00424
    0.04602
   -0.01500
   -0.02619
   -0.00056
    0.07770
    0.00799
   -0.06352
    0.04477
    0.02332
   -0.05277
   -0.03063
    0.01158
    0.09642
   -0.06393
   -0.07181
   -0.07346
    0.04359
   -0.00066
    0.00588
    0.00027
   -0.01047
   -0.04892
    0.03071
   -0.03792
    0.08131
   -0.04206
   -0.00464
    0.02978
    0.04302
   -0.04417
   -0.03687
   -0.03585
    0.00283
   -0.02446
    0.02896
    0.01821
   -0.01287
    0.02791
   -0.05428
    0.05523
   -0.03275
    0.00181
   -0.05314
    0.06389
   -0.00438
   -0.04558
   -0.08991
    0.09241
   -0.06788
    0.01068
   -0.04393
   -0.01281
    0.04955
    0.06104
   -0.09849
   -0.01406
    0.01953
    0.07143
   -0.05955
    0.08132
   -0.01925
    0.01282
   -0.16299
    0.06306
   -0.02465
    0.05635
   -0.05679
    0.03003
   -0.00903
    0.04400
   -0.09527
    0.05686
    0.02669
   -0.06829
   -0.05372
    0.05033
    0.04935
   -0.00051
   -0.14992
   -0.00794
    0.02417
    0.07319
   -0.06111
    0.06877
    0.01740
   -0.02152
   -0.08409
    0.04141
    0.02724
   -0.01724
   -0.05598
    0.06503
   -0.03701
    0.00185
   -0.09022
    0.06361
   -0.02126
   -0.02803
    0.00113
   -0.04753
    0.09747
   -0.02038
   -0.03432
    0.02805
    0.03850
   -0.01156
   -0.09093
   -0.00467
    0.02315
    0.01510
   -0.05229
   -0.03922
   -0.00139
    0.04612
   -0.01127
   -0.04463
    0.02885
    0.08782
   -0.07455
   -0.04906
    0.13688
   -0.05619
   -0.04239
    0.00765
    0.05349
    0.02475
   -0.11258
    0.06838
    0.03426
    0.04488
   -0.10911
    0.05883
    0.00382
   -0.08881
    0.02266
    0.01887
    0.03139
    0.04849
   -0.09226
   -0.00690
    0.08888
   -0.02269
   -0.12446
   -0.05805
   -0.04199
    0.08398
   -0.00747
   -0.02435
    0.07820
    0.01197
   -0.07151
    0.00882
    0.05979
   -0.00220
   -0.06299
    0.04774
    0.02603
   -0.00201
   -0.08883
    0.01036
   -0.02541
   -0.03698
    0.04725
    0.02540
   -0.03238
    0.03452
   -0.07251
    0.03199
   -0.03135
   -0.00617
   -0.01516
    0.01345
    0.06766
   -0.01126
   -0.08764
    0.02179
   -0.03670
   -0.02956
    0.04136
   -0.00563
   -0.00362
    0.06524
   -0.09208
   -0.01180
    0.02045
    0.08697
   -0.10922
    0.00369
    0.00927
    0.04395
   -0.08033
   -0.00169
    0.07032
    0.01571
   -0.08752
    0.00384
    0.07058
    0.01236
   -0.09709
   -0.04266
   -0.00394
    0.09783
   -0.05998
   -0.02000
    0.04014
    0.10706
   -0.15252
   -0.03405
    0.01584
    0.03478
   -0.02555
    0.06019
   -0.04863
    0.01064
   -0.03961
    0.00454
   -0.02747
   -0.01361
    0.02460
   -0.02848
    0.06178
    0.02956
   -0.06634
    0.06630
    0.02732
   -0.07748
    0.01395
   -0.05091
    0.05256
   -0.01131
    0.02957
    0.00418
   -0.00924
   -0.00983
    0.00848
    0.02877
    0.09495
   -0.02458
   -0.10765
    0.05182
   -0.02125
    0.03117
   -0.05046
    0.00236
    0.02517
    0.06884
   -0.08228
   -0.04499
    0.05521
    0.08966
   -0.05780
   -0.01716
    0.00183
    0.03580
   -0.00984
    0.02802
    0.01526
   -0.00270
   -0.02344
    0.03950
   -0.02598
    0.00065
   -0.03597
    0.02961
   -0.00427
    0.01334
   -0.03214
    0.01495
    0.04171
   -0.01020
   -0.04654
   -0.00581
   -0.06660
    0.08019
   -0.01877
   -0.01932
    0.07865
   -0.03131
   -0.02751
   -0.01673
    0.09280
   -0.06896
   -0.02473
    0.01473
    0.02775
    0.01177
   -0.05058
    0.10579
    0.02708
   -0.03031
   -0.05114
   -0.03416
   -0.06851
    0.03730
    0.05387
    0.11971
   -0.07780
   -0.04003
   -0.10317
   -0.03649
    0.05027
    0.01495
   -0.01579
    0.07336
   -0.09810
    0.07093
   -0.08953
    0.03157
   -0.01583
    0.02353
   -0.05964
   -0.00720
    0.00933
    0.05169
   -0.03904
    0.00559
   -0.08822
    0.04326
    0.01262
    0.28541
   -0.14097
   -0.09758
   -0.11759
   -0.01244
    0.01006
    0.03033
   -0.01933
    0.01908
   -0.05837
    0.06409
   -0.02161
    0.00900
    0.04196
    0.02375
   -0.06689
    0.01755
   -0.07943
    0.03487
    0.00309
   -0.02175
    0.06387
    0.01154
   -0.03380
   -0.00170
    0.02661
   -0.00014
   -0.01537
    0.03798
    0.01961
   -0.04704
   -0.02114
   -0.00703
    0.01179
   -0.00374
   -0.00083
    0.01929
    0.00512
   -0.04252
    0.00943
    0.06930
   -0.05960
   -0.01854
    0.00379
   -0.00017
   -0.01479
    0.02645
   -0.00319
    0.04605
   -0.01496
    0.02140
   -0.02620
   -0.03534
    0.06095
    0.00399
   -0.01591
   -0.03653
    0.09081
   -0.04638
   -0.01375
    0.04286
    0.04775
   -0.05313
   -0.04735
    0.11271
    0.01600
   -0.05190
   -0.02875
    0.07101
    0.01152
   -0.04108
   -0.05737
    0.05907
   -0.06426
    0.11949
   -0.01155
    0.02868
   -0.03701
    0.04693
   -0.03017
   -0.13037
   -0.01537
    0.06599
    0.03856
    0.04133
    0.02647
   -0.07082
   -0.01794
    0.00879
    0.01270
   -0.04660
    0.00695
    0.01243
    0.00295
    0.01760
   -0.03085
    0.04984
   -0.02803
   -0.04586
    0.04159
    0.01437
    0.01008
   -0.00641
   -0.02538
    0.01372
   -0.04468
    0.02080
   -0.00443
   -0.00232
    0.09497
   -0.05252
   -0.05815
    0.05021
   -0.06472
    0.04099
   -0.05138
   -0.03135
    0.04207
    0.02031
   -0.02410
    0.01095
    0.03134
   -0.01260
   -0.02755
    0.05401
   -0.03707
   -0.02910
    0.00801
    0.06414
   -0.04772
    0.01088
   -0.01629
   -0.00026
    0.01478
   -0.00590
   -0.00493
    0.03426
   -0.04899
   -0.00782
    0.00747
    0.01042
    0.04743
   -0.00295
   -0.05190
   -0.08853
   -0.04521
    0.07869
   -0.00434
    0.01843
    0.01337
   -0.07404
    0.02878
   -0.00571
    0.02341
   -0.02131
    0.00455
   -0.02063
    0.05984
   -0.01697
   -0.01859
    0.04548
   -0.03145
   -0.07183
    0.06484
    0.04411
   -0.01802
   -0.05568
   -0.00429
    0.00600
   -0.06972
   -0.07080
    0.08068
    0.03725
   -0.03456
   -0.02348
   -0.00441
    0.05256
   -0.03861
    0.05444
   -0.03808
   -0.02795
    0.02221
    0.06136
   -0.02448
    0.00660
    0.04943
    0.03844
   -0.07222
    0.03221
    0.01789
   -0.00414
   -0.04907
    0.06800
    0.01157
    0.01501
   -0.04915
    0.00298
   -0.02259
    0.02498
   -0.00788
    0.03151
    0.03905
    0.04698
   -0.08715
    0.03528
   -0.01726
    0.01178
   -0.03833
   -0.04893
    0.02561
    0.02383
   -0.00429
   -0.03989
    0.03209
    0.00389
   -0.00005
   -0.02063
    0.03084
   -0.04032
    0.01304
    0.00157
    0.03461
   -0.07012
    0.02688
   -0.02364
    0.00663
   -0.06523
    0.04512
