19 4 8 1 42 -1.3825 1.3432 2.3673 1093
  0.05648   0.01289  -0.02647  -0.05322 
  0.06527  -0.02455   0.00421  -0.05816 
  0.02491   0.04736   0.01794  -0.09081 
  0.06153   0.02468  -0.12001  -0.00084 
  0.01104   0.02135  -0.00459  -0.02624 
  0.03302   0.03128  -0.00816  -0.05816 
  0.05009  -0.01171  -0.03401  -0.01711 
  0.03033  -0.01171   0.02464  -0.04511 
  0.02763   0.04100  -0.02089  -0.04995 
  0.08114   0.00600  -0.07593  -0.03873 
  0.00537   0.05827  -0.02274  -0.04031 
  0.06775   0.01459   0.01455  -0.11091 
  0.07874   0.00076  -0.08654  -0.02317 
  0.03834   0.04578  -0.03211  -0.05816 
  0.06153   0.00600  -0.01722  -0.06148 
  0.05137   0.01629  -0.07804  -0.00964 
 -0.01359   0.06438  -0.00637  -0.04031 
  0.04751   0.03128  -0.00459  -0.08023 
  0.04491  -0.00100  -0.07593   0.01062 
  0.02763  -0.00632  -0.00104  -0.02317 
  0.04360   0.01118   0.00595  -0.06483 
  0.07511   0.01459  -0.08440  -0.03244 
  0.01803   0.04100  -0.01905  -0.04031 
  0.07145   0.07487  -0.07176  -0.10166 
  0.04621   0.02964  -0.14141   0.02452 
  0.00963   0.08221  -0.03211  -0.06315 
  0.02079   0.05980   0.01794  -0.09983 
  0.05521   0.04260  -0.12001  -0.00964 
  0.03168   0.04419  -0.03211  -0.04833 
  0.03834   0.05362  -0.05747  -0.04511 
  0.07022   0.03779  -0.13898  -0.01112 
  0.01803   0.03617  -0.03784  -0.02013 
  0.01941   0.04419  -0.03401  -0.03244 
  0.03436   0.04736  -0.13898   0.02040 
  0.01245   0.07190  -0.07804  -0.01861 
  0.02354   0.06891  -0.07176  -0.03244 
  0.04229   0.03617  -0.11770   0.00920 
 -0.00038   0.04578  -0.05948   0.00635 
  0.00822   0.06740  -0.07593  -0.01112 
  0.03436   0.00946  -0.08869   0.02178 
 -0.03342   0.00946  -0.02460   0.04196 
  0.02079   0.03128  -0.11311   0.03266 
 -0.03655  -0.02455  -0.15881   0.13933 
  0.02491   0.00076  -0.00104  -0.02624 
 -0.01210   0.08656   0.00247  -0.07504 
 -0.00914  -0.01171  -0.16135   0.11334 
  0.15281  -0.03971   0.05822  -0.27477 
 -0.03971   0.29629  -0.16135  -0.26935 
  0.56083  -3.03902  -3.03902  -3.03902 
 -3.03902  -1.42734   0.64274  -3.03902 
  0.07022   0.00600   0.04255  -0.13791 
  0.06899   0.00076  -0.13177   0.01763 
  0.04751  -0.02642   0.00769  -0.03715 
  0.01525   0.02135   0.02130  -0.05486 
  0.04621   0.00946  -0.03976  -0.02624 
  0.04880   0.02964   0.00769  -0.09260 
  0.07267   0.01118  -0.00281  -0.09620 
  0.05775   0.02135  -0.08015  -0.02013 
  0.04098   0.04100   0.01113  -0.09802 
  0.06651   0.01118  -0.01176  -0.07849 
  0.10334   0.05980  -0.11770  -0.09440 
  0.05648  -0.02270   0.05202  -0.09802 
  0.10448  -0.00811  -0.03401  -0.09440 
  0.08945  -0.01352  -0.11540  -0.00522 
  0.04360   0.01629   0.00595  -0.06990 
  0.07145  -0.00277  -0.02647  -0.05816 
  0.05393   0.03940  -0.07176  -0.03873 
  0.04098   0.01118   0.05046  -0.10904 
  0.04621  -0.01717   0.04255  -0.07849 
  0.09063   0.00076  -0.05347  -0.06483 
  0.04621   0.01629  -0.00459  -0.06315 
  0.06527   0.00426  -0.00637  -0.07504 
  0.05009  -0.02455  -0.03211  -0.00816 
  0.03302   0.00600   0.01962  -0.05981 
  0.06775   0.03455  -0.02274  -0.09440 
  0.06527   0.00426  -0.02834  -0.05486 
 -0.00620   0.05672   0.03124  -0.07676 
  0.07389  -0.02455   0.01284  -0.07849 
  0.10448  -0.02455  -0.08015  -0.04031 
  0.01104   0.00600   0.03935  -0.05322 
  0.05775   0.01289   0.01794  -0.09802 
  0.09530  -0.03018  -0.08869  -0.01711 
  0.00537   0.02302   0.05975  -0.08549 
  0.03966   0.01798   0.02630  -0.08726 
  0.05648   0.00946  -0.05747  -0.02470 
 -0.00038   0.04100   0.02464  -0.05981 
  0.06027  -0.05944   0.04255  -0.05981 
  0.04229   0.03455  -0.05948  -0.02933 
 -0.00038   0.03940   0.01794  -0.05158 
  0.04491   0.01798   0.00941  -0.07676 
  0.04880  -0.01534  -0.01905  -0.02470 
  0.02898   0.01629   0.02960  -0.07504 
  0.05521  -0.00277   0.04889  -0.11278 
  0.05009   0.01629  -0.05347  -0.02624 
 -0.01062   0.04736   0.02297  -0.05322 
  0.04880   0.00426   0.01962  -0.07849 
  0.04880  -0.00100  -0.01905  -0.03715 
 -0.01960   0.03292   0.02795  -0.03400 
  0.00680   0.03292   0.03287  -0.06821 
