10 4 3 1 47 -1.5747 1.3142 2.5147 1091
  0.05854  -0.00197  -0.04479  -0.02699 
  0.04440  -0.00375  -0.00557  -0.04111 
  0.03113   0.00331   0.02543  -0.06069 
  0.03914  -0.00732  -0.05268   0.00572 
  0.04830   0.02214   0.03529  -0.11387 
  0.04178  -0.00197   0.01192  -0.05571 
  0.07101  -0.01273  -0.08790  -0.00150 
 -0.03891   0.05442   0.03039  -0.03793 
  0.07468  -0.00911   0.01364  -0.09541 
  0.04178   0.03534  -0.04872  -0.03793 
  0.04178  -0.01455   0.02709  -0.05902 
  0.07833  -0.02563   0.00675  -0.07770 
  0.03113   0.03371  -0.05268  -0.02085 
  0.04830   0.02548  -0.00557  -0.07424 
  0.03381  -0.03127   0.07413  -0.08470 
  0.07712  -0.02005  -0.06684  -0.01782 
  0.03781   0.03208  -0.00025  -0.07253 
  0.05981  -0.00375   0.01873  -0.08470 
  0.03914  -0.01821  -0.00202  -0.02545 
  0.05217   0.03534  -0.00379  -0.09181 
  0.08314  -0.01455  -0.00025  -0.08824 
  0.05345   0.02879  -0.08575  -0.01782 
  0.04830   0.02879  -0.03322  -0.05242 
  0.05600   0.05442   0.00151  -0.12534 
  0.05854  -0.01092  -0.06274  -0.00589 
  0.03113   0.02214   0.01364  -0.06741 
  0.06357   0.02714   0.03039  -0.13711 
  0.07833   0.04019  -0.08360  -0.06236 
  0.04178   0.07269  -0.06684  -0.06236 
  0.04178   0.00156   0.00501  -0.05242 
  0.08314   0.03208  -0.07305  -0.06911 
  0.04959   0.01197   0.03529  -0.10454 
  0.03648  -0.01092   0.03529  -0.06404 
  0.06731   0.00853  -0.02567  -0.06404 
  0.05088   0.05906  -0.00557  -0.11576 
  0.07101   0.01197   0.00151  -0.09904 
  0.10185  -0.01637  -0.04675  -0.07081 
  0.05217  -0.01637  -0.00202  -0.04271 
  0.06978  -0.03127   0.07265  -0.13513 
  0.07953  -0.00197  -0.01096  -0.08470 
  0.03781   0.02214   0.04175  -0.10639 
  0.07590   0.02214  -0.03897  -0.07770 
  0.08907  -0.00553  -0.07305  -0.04111 
  0.00474   0.01539   0.04968  -0.06572 
  0.09725  -0.00732  -0.00202  -0.11576 
  0.09609  -0.00020  -0.11690  -0.02391 
  0.08433  -0.03699   0.02377  -0.09361 
  0.12742   0.03371  -0.00557  -0.22018 
  0.14952  -0.03127  -0.12388  -0.07081 
 -0.00248  -0.13332   0.20526  -0.13911 
 -1.35407  -3.03822   0.64113  -3.03822 
 -3.03822  -1.15536  -3.03822   0.55500 
  0.19247  -0.10100  -0.00025  -0.21302 
  0.05600   0.01025  -0.09883   0.00428 
 -0.05834  -0.16051   0.28623  -0.21302 
 -0.10368  -0.06066  -0.10777   0.17640 
  0.12526  -0.11456   0.03039  -0.09904 
 -0.01729   0.05906  -0.06071   0.01141 
  0.04046   0.03371  -0.00916  -0.06911 
  0.05600  -0.00911   0.03853  -0.09541 
  0.01465   0.03208  -0.04872  -0.00442 
 -0.01429   0.04973   0.02709  -0.05571 
  0.03781   0.03208   0.02377  -0.09722 
  0.05345   0.04657  -0.01826  -0.09181 
  0.01184   0.05442   0.01873  -0.08294 
 -0.00394   0.02714   0.02042  -0.03793 
  0.05217   0.01368  -0.04090  -0.03635 
  0.02978  -0.00553  -0.01642  -0.01331 
  0.00617  -0.00197   0.08150  -0.08646 
  0.02434   0.02714   0.01192  -0.06236 
  0.01883  -0.02376   0.04811  -0.04431 
  0.02978  -0.00020   0.06815  -0.10270 
  0.04959   0.00680  -0.01826  -0.04592 
  0.02021  -0.00911   0.03692  -0.04754 
  0.01744   0.05752   0.03039  -0.10639 
  0.00901   0.03044  -0.01459  -0.02391 
 -0.00687   0.02214   0.05125  -0.06069 
  0.02978   0.03044   0.06208  -0.12923 
  0.05088  -0.01273  -0.02010  -0.02853 
  0.00759   0.02548   0.04968  -0.07944 
  0.06232   0.01878   0.01873  -0.11199 
  0.02434   0.02381   0.02874  -0.07597 
  0.02021  -0.01455   0.08586  -0.09722 
  0.04440   0.02381   0.01873  -0.09181 
  0.02296   0.04973  -0.01278  -0.06069 
  0.01744   0.02046   0.03853  -0.07424 
  0.02159   0.00506   0.05592  -0.08294 
  0.05854   0.00156  -0.02943  -0.04271 
 -0.00541   0.00853   0.07562  -0.07597 
  0.06978   0.02714   0.00326  -0.11576 
  0.06731   0.04815  -0.05467  -0.07944 
  0.03247  -0.01637   0.04494  -0.06404 
 -0.01131   0.05906   0.04494  -0.08824 
  0.10641   0.00156  -0.04675  -0.09541 
  0.02296  -0.00553   0.02874  -0.04592 
  0.02434   0.02381   0.05592  -0.10639 
  0.09260  -0.02005  -0.05069  -0.05079 
  0.00901   0.01025   0.04014  -0.05571 
  0.06607   0.03371  -0.04090  -0.07424 
