IntronPotTab 1 1024 -31.32002 6.92138 40.80303 19745 6 16 1927.64
   -0.01518
    0.00070
    0.03564
    0.00199
   -0.01020
   -0.01143
   -0.05791
    0.03158
   -0.02676
   -0.01848
    0.01798
    0.03555
   -0.04152
   -0.01115
    0.05677
    0.00948
   -0.02704
   -0.00687
   -0.01561
    0.04165
   -0.00727
   -0.00854
   -0.07717
    0.03778
   -0.01140
   -0.01926
   -0.03082
    0.04715
   -0.02345
   -0.03954
    0.02088
    0.02730
    0.00884
   -0.01983
   -0.03943
    0.03043
   -0.00462
   -0.04022
   -0.03331
    0.04179
    0.01622
   -0.02802
    0.00989
   -0.00993
   -0.01978
   -0.05081
    0.00874
    0.03271
   -0.03669
   -0.00587
    0.01826
    0.02957
   -0.02328
   -0.01218
   -0.06767
    0.05061
   -0.02900
    0.01277
   -0.01315
    0.03810
   -0.02590
   -0.00673
    0.04785
   -0.00630
   -0.00429
   -0.02475
   -0.00355
    0.02250
    0.02146
   -0.03903
   -0.09395
    0.03052
   -0.00406
   -0.02398
   -0.01663
    0.02700
   -0.03617
   -0.03819
    0.01819
    0.03872
   -0.01071
   -0.02209
   -0.00014
    0.02266
   -0.00469
    0.01326
   -0.08294
    0.01636
   -0.05503
    0.03562
    0.03120
    0.01636
   -0.00433
   -0.05554
    0.04644
    0.01852
    0.02022
   -0.06027
    0.00275
    0.01549
    0.02992
   -0.03753
   -0.07344
    0.02164
    0.03170
   -0.04415
   -0.00102
   -0.00008
    0.04520
   -0.07798
   -0.02392
    0.03149
    0.01076
   -0.06827
   -0.00789
    0.03474
   -0.02304
   -0.00557
   -0.07288
    0.05215
    0.00150
   -0.07452
    0.01950
    0.03713
   -0.01450
   -0.02991
    0.02910
    0.00479
   -0.00601
    0.00929
   -0.04952
    0.05620
    0.00542
   -0.02674
   -0.09477
    0.04897
   -0.02075
    0.00733
   -0.00257
    0.06306
   -0.03568
   -0.04274
    0.00749
    0.04842
   -0.00557
   -0.04537
   -0.03354
    0.04758
    0.00816
   -0.00943
   -0.08087
    0.02074
   -0.00611
   -0.01062
    0.02239
   -0.00256
   -0.00519
   -0.06962
    0.05020
    0.01745
    0.00464
   -0.03118
   -0.02545
    0.03431
   -0.00185
   -0.01573
    0.02640
    0.00499
    0.00624
   -0.01765
    0.02508
   -0.01748
   -0.02629
   -0.08172
    0.02121
    0.04876
    0.01030
   -0.07702
    0.01867
    0.01891
   -0.01826
    0.00899
   -0.10830
    0.05002
   -0.02249
   -0.01935
    0.01244
    0.02569
    0.00528
   -0.00927
    0.02021
   -0.00999
   -0.03106
    0.00848
    0.00994
    0.03206
   -0.00856
   -0.00249
   -0.09012
    0.03385
   -0.02715
    0.00124
    0.01534
    0.02145
   -0.02812
   -0.01991
    0.03591
    0.01358
   -0.03354
   -0.03262
    0.01414
    0.04476
   -0.02712
    0.00491
   -0.10502
    0.05857
   -0.01992
   -0.00903
   -0.00291
    0.03748
   -0.03344
   -0.03807
    0.08088
    0.01223
   -0.00681
   -0.05022
   -0.01704
    0.04430
   -0.01411
   -0.04176
   -0.03739
    0.05656
   -0.00091
   -0.03012
    0.00643
    0.01384
   -0.03073
   -0.05132
    0.02055
    0.03399
   -0.02947
   -0.02362
    0.02693
    0.01916
   -0.03275
    0.00820
   -0.07574
    0.04566
   -0.02978
   -0.00524
    0.01946
    0.01908
   -0.00810
   -0.00157
    0.05330
   -0.02062
   -0.01407
   -0.01269
   -0.00450
    0.02856
   -0.01676
   -0.01509
   -0.09195
    0.05379
   -0.02564
   -0.03065
    0.00592
    0.04512
   -0.03148
   -0.03506
    0.02385
    0.02796
   -0.03075
    0.01449
   -0.05017
    0.04148
   -0.02234
    0.01375
   -0.13964
    0.04978
   -0.04105
    0.00539
   -0.02409
    0.05781
   -0.04889
   -0.04295
    0.02443
    0.04838
    0.01700
   -0.04567
   -0.02965
    0.02721
   -0.01824
   -0.01358
   -0.08130
    0.05130
    0.01227
   -0.00931
    0.00359
   -0.00906
   -0.02757
   -0.05953
    0.01105
    0.04231
   -0.02492
   -0.03852
    0.01288
    0.03140
   -0.00525
    0.00727
   -0.12205
    0.03398
   -0.04017
   -0.03323
   -0.00331
    0.06602
   -0.04182
   -0.03233
    0.02566
    0.02240
   -0.01406
   -0.01082
   -0.01173
    0.03895
   -0.00375
   -0.00648
   -0.10188
    0.03902
   -0.01205
   -0.03657
    0.02796
    0.01817
    0.00143
   -0.04782
   -0.00985
    0.03726
   -0.00661
   -0.02715
    0.00675
    0.02148
   -0.05726
    0.10848
   -0.16752
    0.00547
   -0.05709
    0.06624
    0.03363
    0.01133
   -0.04653
   -0.01760
    0.01332
    0.03864
    0.02335
   -0.04434
   -0.02845
    0.03096
   -0.04431
    0.07226
   -0.18111
    0.01702
   -0.00179
   -0.04647
    0.03418
    0.01041
   -0.00119
   -0.04554
   -0.02748
    0.05771
   -0.04558
   -0.02766
    0.04899
    0.02491
   -0.03220
    0.02790
   -0.09783
    0.03656
   -0.04947
   -0.02977
    0.03116
    0.05591
   -0.05589
   -0.05242
    0.02347
    0.04998
   -0.00600
   -0.03252
   -0.02578
    0.05214
   -0.01358
    0.01162
   -0.11537
    0.05391
    0.00283
   -0.07921
   -0.01339
    0.06557
   -0.00820
   -0.05708
   -0.02094
    0.06420
    0.00482
   -0.05124
   -0.04782
    0.05010
   -0.06143
    0.04395
   -0.22295
    0.08511
   -0.02213
   -0.01588
   -0.00090
    0.03677
   -0.03300
   -0.05298
   -0.00044
    0.06121
    0.04860
   -0.04242
   -0.02098
   -0.00241
   -0.04464
    0.07610
   -0.14232
    0.02363
    0.01770
   -0.02443
    0.00813
   -0.00168
    0.01370
   -0.05610
   -0.03331
    0.05301
   -0.03112
    0.00890
    0.02002
    0.00789
   -0.01373
    0.01694
   -0.12421
    0.05514
   -0.02853
   -0.08021
    0.03101
    0.06410
   -0.00998
   -0.03472
   -0.02034
    0.03649
   -0.03448
   -0.00035
   -0.01487
    0.05597
   -0.01304
   -0.01187
   -0.05630
    0.03342
   -0.00942
   -0.03640
    0.05059
   -0.01387
   -0.02383
   -0.05362
    0.03242
    0.02561
   -0.02390
   -0.02741
   -0.01179
    0.04602
   -0.00407
   -0.00062
   -0.10182
    0.02219
   -0.04537
    0.01172
    0.00010
    0.05765
   -0.02652
   -0.00451
    0.06830
   -0.00298
    0.02554
   -0.07070
   -0.06321
    0.05263
   -0.01703
   -0.00657
   -0.07464
    0.03844
    0.01087
   -0.03689
   -0.00429
    0.01490
   -0.01378
   -0.05576
   -0.02776
    0.05852
   -0.04007
   -0.01700
    0.00160
    0.04307
   -0.01302
    0.02421
   -0.09640
    0.01719
   -0.04786
   -0.01071
    0.00864
    0.05354
   -0.03558
   -0.04045
    0.02791
    0.02449
   -0.02431
    0.01099
   -0.02774
    0.04667
   -0.02339
   -0.03341
   -0.11715
    0.07483
   -0.04850
   -0.00872
   -0.00311
    0.08212
   -0.03789
    0.00488
    0.00361
    0.02262
   -0.00383
   -0.04127
   -0.05351
    0.04811
    0.02050
   -0.02916
   -0.12160
    0.03890
   -0.01893
   -0.00359
   -0.01272
    0.03865
   -0.01708
   -0.04531
    0.00198
    0.03674
   -0.02909
   -0.02671
    0.00077
    0.04731
   -0.01197
   -0.03457
   -0.07078
    0.05986
    0.00900
   -0.05880
    0.02701
    0.00447
   -0.03400
   -0.05048
   -0.00590
    0.05305
   -0.03328
    0.00398
   -0.02491
    0.04251
   -0.02692
    0.02789
   -0.12297
    0.04994
   -0.02996
    0.00255
   -0.01297
    0.05084
   -0.02011
    0.01076
    0.00791
    0.00040
    0.00251
   -0.04436
   -0.02228
    0.04282
    0.01718
   -0.01847
   -0.16323
    0.05855
    0.02430
   -0.02162
   -0.00072
   -0.00648
   -0.01771
   -0.03396
   -0.02393
    0.05912
   -0.00431
   -0.03611
   -0.00705
    0.02931
    0.01458
   -0.00824
   -0.12977
    0.02731
   -0.01891
    0.04850
   -0.02945
    0.01151
    0.02137
   -0.07921
    0.03732
    0.02245
    0.02673
   -0.06414
   -0.02058
    0.03060
   -0.00206
    0.02693
   -0.14813
    0.02828
    0.00708
   -0.00408
    0.00143
   -0.00331
   -0.01381
   -0.06264
    0.00296
    0.04951
   -0.03568
   -0.01700
   -0.01516
    0.05422
   -0.04071
    0.02891
   -0.14406
    0.07052
   -0.04298
   -0.03350
   -0.00330
    0.09043
   -0.00780
   -0.05474
    0.01098
    0.03157
   -0.00897
    0.00150
   -0.03569
    0.04537
    0.02867
   -0.06812
   -0.10838
    0.06703
   -0.03225
    0.00828
    0.00274
    0.03916
   -0.01154
   -0.03343
   -0.00131
    0.02865
   -0.01753
   -0.04093
   -0.01065
    0.04390
   -0.00982
   -0.01171
   -0.03888
    0.03063
   -0.06728
    0.03215
    0.07934
   -0.01637
   -0.00969
   -0.08106
    0.03158
    0.03514
   -0.00523
   -0.05058
   -0.01233
    0.04354
   -0.02095
   -0.00610
   -0.00391
    0.02838
   -0.02850
   -0.05433
    0.08598
   -0.01508
   -0.01893
   -0.10114
    0.01326
    0.05946
   -0.02451
   -0.03248
    0.00625
    0.03396
   -0.04115
   -0.00718
   -0.06515
    0.07433
   -0.04655
   -0.01422
    0.01915
    0.04164
   -0.01528
   -0.02824
   -0.00861
    0.02591
   -0.02426
    0.00758
   -0.03156
    0.04375
    0.00136
   -0.01359
   -0.00771
    0.00963
   -0.00757
   -0.00251
    0.00672
    0.00431
   -0.02470
   -0.01090
   -0.00694
    0.02792
    0.00282
   -0.03880
   -0.01832
    0.02486
   -0.02872
   -0.01529
   -0.09905
    0.07489
   -0.00756
   -0.01238
   -0.00522
    0.02099
   -0.03468
   -0.04739
    0.04402
    0.03369
    0.00292
   -0.04633
   -0.03985
    0.04973
   -0.01282
   -0.02929
   -0.09620
    0.06811
    0.01222
   -0.03241
   -0.00767
    0.01607
   -0.02434
   -0.06898
    0.01067
    0.04255
   -0.02381
   -0.00794
   -0.01539
    0.03294
   -0.03681
    0.01544
   -0.12658
    0.06127
   -0.01427
   -0.02773
    0.01403
    0.01946
   -0.04820
    0.00457
    0.01696
    0.01289
   -0.03108
   -0.00839
    0.00600
    0.04793
   -0.02340
   -0.03309
   -0.08859
    0.06738
   -0.02095
   -0.01180
   -0.02815
    0.06060
   -0.05199
   -0.01253
    0.03083
    0.02835
   -0.02457
   -0.01389
   -0.01015
    0.03726
   -0.01560
   -0.01033
   -0.08660
    0.04475
   -0.04111
   -0.05915
   -0.04621
    0.09297
   -0.11220
   -0.02357
    0.06889
    0.06195
    0.00971
   -0.02641
   -0.02799
    0.02470
   -0.01657
   -0.03214
   -0.07590
    0.06036
    0.01970
    0.01019
   -0.04615
    0.01614
   -0.09130
   -0.01824
    0.00667
    0.07268
   -0.04758
   -0.00203
    0.00648
    0.03011
   -0.02814
    0.01741
   -0.09203
    0.03971
   -0.04090
    0.01150
   -0.00336
    0.03646
   -0.03043
    0.01163
    0.04604
   -0.00826
   -0.02525
    0.00275
   -0.02383
    0.05262
   -0.01005
   -0.03528
   -0.10408
    0.06683
   -0.00966
   -0.03906
   -0.03303
    0.06439
   -0.02909
   -0.03546
   -0.01407
    0.05627
   -0.02956
   -0.00983
    0.00595
    0.03202
   -0.00394
    0.00199
   -0.09557
    0.01907
   -0.03594
    0.04039
   -0.03054
    0.04771
   -0.01775
   -0.06531
    0.04165
    0.03757
    0.00871
   -0.02723
   -0.04422
    0.04363
    0.00819
   -0.04323
   -0.10921
    0.06241
    0.01882
   -0.00311
   -0.01937
    0.00111
    0.01104
   -0.06118
   -0.03884
    0.07047
   -0.04397
   -0.01041
    0.02048
    0.03122
   -0.02076
   -0.00710
   -0.07992
    0.02205
   -0.04039
   -0.02471
   -0.00688
    0.06551
   -0.00580
   -0.06938
    0.02979
    0.02665
   -0.02566
   -0.00471
   -0.02535
    0.05914
    0.01455
   -0.04976
   -0.11148
    0.06078
   -0.01034
   -0.04363
   -0.01416
    0.05857
   -0.03208
   -0.06483
    0.00721
    0.05542
   -0.00896
   -0.05622
   -0.05440
    0.05923
   -0.00305
   -0.02669
   -0.13193
    0.05453
   -0.01833
   -0.03113
   -0.01033
    0.05007
   -0.01871
   -0.08560
    0.04161
    0.03957
    0.02434
   -0.07487
   -0.00919
    0.02231
   -0.00782
   -0.00750
   -0.11399
    0.04321
    0.00341
   -0.00682
   -0.00574
    0.00564
   -0.02688
   -0.05660
   -0.01876
    0.05929
   -0.03077
   -0.03446
   -0.00257
    0.04504
   -0.01608
    0.01177
   -0.15884
    0.06271
   -0.04074
   -0.02215
    0.00468
    0.04756
   -0.01242
   -0.01759
   -0.00377
    0.01585
   -0.05297
    0.03264
   -0.00750
    0.06076
   -0.03184
   -0.02682
   -0.06700
    0.06673
   -0.04224
   -0.00460
   -0.00851
    0.06518
   -0.04646
   -0.02533
    0.05107
    0.01346
   -0.04271
   -0.02924
    0.03204
    0.04364
   -0.01378
   -0.03401
   -0.06582
    0.04451
   -0.04697
    0.00103
   -0.00854
    0.06672
   -0.02083
   -0.07168
    0.10498
    0.01718
   -0.01372
   -0.02096
   -0.02183
    0.04008
   -0.02193
   -0.04549
   -0.05762
    0.06404
   -0.01275
   -0.01702
   -0.00191
    0.02678
   -0.03797
   -0.02719
    0.00940
    0.03140
   -0.05082
    0.01482
    0.01243
    0.02930
   -0.04169
    0.02409
   -0.08683
    0.03603
   -0.05123
    0.01104
   -0.00480
    0.05507
   -0.04767
    0.00453
    0.05162
   -0.00144
