IntronPotTab 1 1024 5.55959
    0.11151
    0.08308
   -0.22640
   -0.07051
    0.04341
   -0.04120
   -0.09791
    0.09628
   -0.03403
    0.07716
   -0.03199
    0.02279
   -0.12179
   -0.04498
    0.08385
   -0.07736
   -0.09420
    0.16995
   -0.27493
    0.06642
   -0.07602
    0.13221
   -0.16624
    0.07601
   -0.12493
    0.13891
   -0.13122
    0.06574
    0.02306
    0.03497
   -0.00947
   -0.05471
   -0.03249
    0.08815
   -0.03083
   -0.00185
    0.01484
    0.05617
   -0.12342
    0.04084
   -0.11185
    0.05520
    0.05741
   -0.13217
   -0.10968
   -0.07554
    0.10119
   -0.02940
   -0.12868
    0.07432
   -0.23200
    0.13398
   -0.09547
    0.08652
   -0.11479
    0.07315
   -0.21221
    0.11278
   -0.10355
    0.07426
   -0.14142
   -0.00842
    0.02225
    0.03481
    0.06236
    0.06911
   -0.16552
    0.05700
    0.14977
   -0.31321
   -0.12631
   -0.04978
    0.01310
    0.04221
   -0.09567
    0.14195
    0.10469
   -0.10726
    0.05634
   -0.06862
   -0.05137
    0.11560
   -0.35330
    0.18633
   -0.00570
    0.07024
   -0.20379
    0.14227
   -0.11844
    0.15456
   -0.11464
    0.12624
    0.01483
    0.04993
   -0.11858
    0.10402
   -0.05236
    0.09026
   -0.15243
    0.12287
    0.19813
   -0.10467
   -0.11407
   -0.05210
   -0.04924
    0.00130
    0.02237
    0.00365
    0.05166
   -0.03599
   -0.00147
    0.03956
    0.56520
   -0.30281
   -0.30628
   -0.18571
    0.27096
   -0.03957
   -0.24956
    0.19505
    0.44670
   -0.11036
   -0.33839
   -0.00663
    0.36309
   -0.12296
   -0.04517
    0.16723
    0.07708
   -0.02871
   -0.06465
    0.10534
    0.05206
   -0.05149
   -0.06610
    0.13373
   -0.02023
    0.06518
   -0.02926
    0.07447
    0.09081
   -0.02136
   -0.02163
    0.06484
   -0.01341
    0.11271
   -0.15821
    0.14733
   -0.01549
    0.06241
   -0.16025
    0.20121
   -0.05977
    0.04950
   -0.04566
    0.07158
    0.21392
   -0.02082
   -0.05047
    0.09248
   -0.04640
    0.02210
   -0.00889
    0.05157
    0.00337
    0.00177
   -0.06272
    0.13535
   -0.10216
   -0.00692
    0.05534
   -0.04214
   -0.13761
   -0.00855
    0.01076
    0.08651
   -0.08011
   -0.04071
   -0.06506
    0.15975
   -0.03483
    0.00415
   -0.14250
    0.27293
   -0.08989
    0.02339
   -0.10544
    0.17063
    0.09099
   -0.07125
   -0.01906
    0.13266
   -0.20334
    0.23456
   -0.02820
   -0.01299
    0.08989
   -0.14524
   -0.05574
    0.05509
   -0.08993
    0.09422
   -0.05746
    0.04302
    0.07574
   -0.02889
    0.04078
   -0.16995
   -0.23587
    0.15964
   -0.27784
    0.12436
   -0.10493
    0.13214
   -0.22348
    0.09432
   -0.18158
    0.17967
   -0.10930
    0.05218
   -0.04693
    0.08129
   -0.08576
   -0.01507
   -0.10629
    0.08758
   -0.14963
    0.09270
    0.08113
   -0.03580
   -0.11296
    0.11893
   -0.11768
    0.04049
    0.03381
   -0.04508
   -0.09586
   -0.03903
    0.05653
   -0.02009
    0.00687
    0.01266
   -0.15769
    0.06191
   -0.13684
    0.07782
   -0.15440
    0.13101
   -0.04433
    0.11754
   -0.13731
    0.01746
   -0.17820
    0.02666
    0.00941
    0.00606
   -0.02052
    0.18248
   -0.23345
    0.07649
   -0.05327
    0.04570
   -0.13973
    0.15298
   -0.09178
    0.10707
   -0.07101
    0.02310
   -0.16531
    0.08967
   -0.04428
    0.03501
   -0.42814
    0.16244
   -0.60456
   -0.10330
   -0.15738
    0.17116
   -0.20420
    0.13348
   -0.27271
    0.18874
   -0.33451
    0.00139
   -0.10030
    0.06421
   -0.06423
    0.00150
   -0.14317
    0.10722
   -0.06192
    0.02844
   -0.13629
    0.13194
   -0.10940
    0.04017
   -0.12861
    0.09022
    0.02324
   -0.14378
   -0.17381
    0.07546
   -0.03304
    0.00425
   -0.24925
    0.06311
   -0.47522
    0.15392
   -0.19359
    0.10341
   -0.21419
    0.20760
   -0.29924
    0.13503
   -0.20352
    0.10443
   -0.16282
    0.03719
   -0.15603
    0.15706
    0.00227
    0.07948
   -0.17716
    0.14547
    0.00178
   -0.02967
   -0.15242
    0.23184
   -0.01782
    0.04571
   -0.09991
    0.11772
   -0.03110
    0.00305
   -0.04268
    0.10686
   -0.16629
    0.12589
   -0.38843
    0.20074
   -0.26265
    0.08324
   -0.34178
    0.06553
   -0.16460
    0.20038
   -0.19721
    0.22180
   -0.14428
    0.07057
   -0.18234
    0.07023
   -0.09309
    0.09016
   -0.21278
    0.21071
   -0.13847
    0.04803
   -0.17499
    0.16408
   -0.15529
    0.04597
   -0.05255
    0.09590
   -0.19521
    0.04775
   -0.07119
    0.12986
    0.26492
   -0.07286
   -0.28972
    0.08445
   -0.28675
    0.05897
   -0.26942
    0.19994
   -0.02417
    0.08067
   -0.23325
    0.16982
   -0.14020
   -0.01326
   -0.13393
    0.15411
    0.05650
    0.10124
   -0.19442
    0.19718
   -0.04271
    0.03123
   -0.16440
    0.21019
    0.03082
    0.04753
   -0.06524
    0.03175
   -0.01365
    0.03216
   -0.07238
    0.16272
   -0.28415
    0.17770
   -0.46428
    0.06602
   -0.17354
    0.16687
   -0.22955
    0.15835
   -0.22990
    0.13296
   -0.21491
    0.05437
   -0.03602
    0.10004
   -0.13716
    0.05259
   -0.02472
    0.06470
   -0.15481
    0.16296
   -0.10039
    0.05644
   -0.15827
    0.19600
   -0.11955
    0.04161
   -0.00869
    0.01621
   -0.24031
    0.06118
   -0.08671
    0.21173
   -0.08139
    0.03968
   -0.38025
    0.19103
   -0.21139
    0.10347
   -0.21921
    0.23545
   -0.23587
    0.07420
   -0.18331
    0.12245
   -0.18228
    0.07911
   -0.12467
    0.10257
   -0.88609
    0.31698
   -0.83224
   -0.12989
   -0.06943
    0.04893
   -0.20554
    0.11810
   -0.12221
    0.09916
   -0.05291
    0.00595
   -0.19380
    0.12758
   -0.11649
    0.02700
   -0.38573
    0.29463
   -0.44912
   -0.05111
   -0.36660
    0.15184
   -0.27894
    0.04677
   -0.26124
    0.20316
   -0.20609
    0.06597
   -0.27594
    0.08093
   -0.19411
   -0.08762
   -0.62144
    0.31525
   -0.57258
   -0.24640
   -0.23353
    0.10646
   -0.22459
    0.04935
   -0.28329
    0.09068
   -0.01181
   -0.00230
   -0.31820
    0.05861
   -0.03893
    0.02442
   -0.45468
    0.21729
   -0.43536
   -0.02551
   -0.37398
    0.10349
   -0.21647
    0.13333
   -0.32177
    0.16321
   -0.18885
    0.08641
   -0.30493
    0.08568
   -0.12625
    0.01770
    0.01257
    0.12296
   -0.10673
    0.06608
    0.00524
   -0.01209
   -0.00258
    0.01175
   -0.02621
    0.08898
   -0.02013
   -0.06517
   -0.08887
    0.02200
    0.01336
   -0.00810
   -0.17374
    0.17103
   -0.31416
    0.09871
   -0.13167
    0.14147
   -0.16149
    0.13557
   -0.17211
    0.11949
   -0.08447
    0.11041
   -0.03661
    0.01748
    0.02468
   -0.05564
   -0.10957
    0.12095
   -0.01271
    0.03048
   -0.04754
    0.06391
   -0.01763
   -0.03067
   -0.14675
    0.04982
    0.06528
   -0.10156
   -0.11050
   -0.00854
    0.03540
    0.00514
   -0.18277
    0.07295
   -0.22077
    0.13337
   -0.16619
    0.09570
   -0.08556
    0.09138
   -0.20517
    0.12407
   -0.07985
    0.08532
   -0.08878
   -0.01274
    0.00297
    0.03764
    0.00244
    0.07252
   -0.10080
    0.08632
    0.13726
   -0.16625
    0.01002
    0.00953
   -0.00560
    0.03289
   -0.04336
    0.04961
    0.02768
   -0.05511
    0.00758
    0.06685
   -0.12324
    0.09486
   -0.24162
    0.19938
   -0.14225
    0.08936
   -0.16808
    0.13768
   -0.18765
    0.13295
   -0.08605
    0.15261
   -0.10611
    0.03239
   -0.08543
    0.10225
   -0.05768
    0.05126
   -0.07488
    0.11680
   -0.03417
    0.00500
    0.00821
    0.01123
   -0.10253
   -0.01860
    0.05802
    0.01535
   -0.13819
   -0.01055
    0.01854
    0.03142
    0.48484
   -0.20093
   -0.33799
   -0.08027
   -0.09465
    0.04201
   -0.17169
    0.20442
    0.17506
    0.06209
   -0.25494
    0.14823
   -0.03634
   -0.04384
   -0.06974
    0.17539
    0.04232
    0.05818
   -0.12662
    0.17994
   -0.02488
    0.00129
   -0.05084
    0.11537
   -0.06237
    0.04290
    0.01030
   -0.02527
    0.00630
    0.01168
   -0.04911
    0.13035
   -0.09671
    0.08707
   -0.16311
    0.15094
   -0.11679
    0.12248
   -0.14537
    0.18153
   -0.11894
    0.08364
   -0.05610
    0.11180
   -0.03048
    0.02386
   -0.08714
    0.14431
   -0.04127
    0.06394
   -0.05268
    0.10372
   -0.09071
    0.02418
   -0.04600
    0.13962
   -0.17258
   -0.01264
    0.04238
   -0.00854
   -0.15683
   -0.01287
   -0.02129
    0.17727
   -0.10849
   -0.01222
   -0.13682
    0.17700
   -0.25535
    0.08304
   -0.15210
    0.24567
   -0.18151
    0.03390
   -0.07231
    0.16676
   -0.24836
   -0.01458
   -0.09160
    0.21687
    0.00476
    0.13547
   -0.12136
   -0.01789
    0.09542
   -0.02173
   -0.19607
    0.08772
   -0.12673
    0.13790
   -0.02347
   -0.05951
    0.02623
    0.04654
   -0.04996
    0.04129
   -0.12115
    0.20020
   -0.29346
    0.09407
   -0.21687
    0.16527
   -0.23713
    0.11187
   -0.21740
    0.18499
   -0.11775
    0.08124
   -0.14737
    0.07155
   -0.04384
   -0.02489
   -0.07125
    0.11347
   -0.12536
    0.03768
   -0.00828
    0.08559
   -0.21746
    0.14335
   -0.19821
    0.03755
    0.05201
   -0.00843
   -0.11919
   -0.01906
    0.02141
    0.00167
   -0.01755
    0.17392
   -0.44552
    0.15481
   -0.26501
    0.12383
   -0.18728
    0.11331
   -0.30576
    0.18690
   -0.16305
    0.08031
   -0.28183
    0.07191
   -0.03481
    0.02109
   -0.06158
    0.18625
   -0.20155
    0.02566
   -0.05139
    0.07898
   -0.14342
    0.00699
   -0.05691
    0.10094
   -0.10925
    0.04020
   -0.29458
    0.16201
    0.01780
   -0.05390
   -0.35348
    0.13096
   -0.55170
    0.12031
   -0.20784
    0.15327
   -0.21784
    0.11901
   -0.32783
    0.17404
   -0.16470
    0.01304
   -0.18071
    0.03717
    0.05820
   -0.06059
   -0.19971
    0.08496
   -0.06460
    0.10107
   -0.02197
    0.04455
   -0.19685
    0.10893
   -0.10229
    0.08258
    0.00336
   -0.07835
   -0.25170
    0.04538
   -0.01765
    0.09218
   -0.60560
    0.03201
   -0.51611
    0.14950
   -0.25200
    0.04486
   -0.25375
    0.21357
   -0.35083
    0.13315
   -0.18495
    0.05745
   -0.33813
    0.04154
   -0.05617
    0.08245
    0.02705
    0.05012
   -0.16159
    0.12680
    0.08172
   -0.02669
   -0.22395
    0.17575
   -0.01874
    0.00635
   -0.05475
    0.10241
   -0.09200
   -0.03599
    0.00870
    0.10376
   -0.16501
    0.11494
   -0.43247
    0.27172
   -0.24516
    0.03990
   -0.26340
    0.16330
   -0.21248
    0.17377
   -0.16759
    0.18176
   -0.10428
    0.03607
   -0.15667
    0.11043
   -0.14412
    0.08167
   -0.18380
    0.16088
   -0.11993
    0.02962
   -0.17355
    0.16998
   -0.18169
    0.01824
   -0.00407
    0.07889
   -0.28175
   -0.02047
   -0.00285
    0.16955
    0.41979
   -0.17228
   -0.47452
    0.04433
   -0.27541
   -0.07732
   -0.34635
    0.18373
    0.14529
    0.03308
   -0.33328
    0.17766
   -0.11097
   -0.05740
   -0.15507
    0.19525
    0.09915
    0.09144
   -0.24975
    0.19567
    0.03253
    0.02754
   -0.26718
    0.19137
    0.02876
    0.02643
   -0.08116
    0.08305
   -0.02229
    0.03671
   -0.06472
    0.13791
   -0.17382
    0.10078
   -0.48531
    0.21118
   -0.17228
    0.09534
   -0.24747
    0.23340
   -0.14925
    0.09880
   -0.13827
    0.02507
    0.06344
    0.05583
   -0.12677
    0.16231
   -0.08671
    0.06821
   -0.18421
    0.18539
   -0.07604
    0.00510
   -0.14022
    0.23146
   -0.13023
    0.02920
   -0.01366
    0.07243
   -0.22223
    0.04444
   -0.04949
    0.14799
   -0.24324
   -0.03254
   -0.41463
    0.20535
   -0.24253
    0.02666
   -0.23528
    0.28723
   -0.23721
    0.02686
   -0.18724
    0.08423
   -0.23568
    0.00142
   -0.08377
    0.15050
   -0.25603
    0.34298
   -0.29758
   -0.09866
   -0.04580
    0.05028
   -0.28808
    0.13818
   -0.12834
    0.06751
   -0.01642
    0.02616
   -0.26793
    0.11346
   -0.00489
   -0.00633
   -0.23262
    0.14731
   -0.40072
    0.16490
   -0.31858
    0.10792
   -0.25636
    0.10545
   -0.29585
    0.18815
   -0.16364
    0.07183
   -0.29094
    0.05600
   -0.15021
    0.04201
   -0.22810
    0.19531
   -0.28564
    0.07022
   -0.16119
    0.04386
   -0.23463
    0.14789
   -0.22571
    0.07313
   -0.03727
    0.03102
   -0.36067
    0.03989
   -0.00892
    0.03382
   -0.20288
    0.09732
   -0.23582
    0.07377
   -0.29015
    0.02165
   -0.22508
    0.16684
   -0.27047
    0.10959
   -0.16223
    0.07979
   -0.38347
   -0.01369
   -0.11060
    0.08768
