IntronPotTab 1 1024 0.02141
    0.00274
   -0.00512
   -0.00880
    0.00258
    0.00159
   -0.00026
   -0.01439
    0.00646
   -0.00329
   -0.00571
   -0.00991
    0.01121
   -0.00038
    0.00099
   -0.00463
    0.00216
   -0.00259
    0.00252
   -0.01115
    0.00814
    0.00045
   -0.00154
   -0.01389
    0.01106
   -0.00138
    0.00126
   -0.01501
    0.01314
    0.00925
   -0.00427
   -0.00810
    0.00152
   -0.00027
   -0.00260
   -0.01390
    0.01040
    0.00737
   -0.01051
   -0.00103
   -0.00140
   -0.00822
   -0.00035
    0.00274
    0.00919
    0.00055
    0.00488
   -0.00916
    0.00298
   -0.00273
    0.00137
    0.00242
    0.00117
    0.00225
   -0.00624
   -0.00744
    0.00759
    0.00240
   -0.00359
   -0.01132
    0.00708
   -0.00111
    0.00095
   -0.00638
    0.00266
    0.00341
   -0.01231
   -0.00501
    0.00544
   -0.00181
   -0.00631
   -0.00539
    0.00928
    0.00437
   -0.01776
   -0.00727
    0.01318
    0.00460
   -0.01415
   -0.00639
    0.00749
    0.00090
   -0.00609
   -0.00751
    0.00832
   -0.00789
    0.00716
   -0.01668
    0.01467
   -0.00091
    0.00060
   -0.01242
    0.00975
    0.01326
   -0.00939
   -0.01147
    0.00450
    0.00574
   -0.01197
   -0.00982
    0.00546
    0.00427
   -0.01267
    0.00087
    0.00453
   -0.00307
   -0.01838
    0.01044
    0.01143
    0.00888
   -0.00200
   -0.00978
    0.00104
    0.00230
   -0.00644
   -0.00451
    0.00494
    0.00079
   -0.00958
   -0.00469
    0.00978
    0.00488
   -0.00699
   -0.01045
    0.00671
    0.00487
   -0.00774
   -0.00140
    0.00280
    0.00680
   -0.01150
   -0.01829
    0.01014
    0.00427
   -0.00518
   -0.01746
    0.01211
    0.00279
   -0.00817
   -0.00972
    0.01104
    0.00294
   -0.00802
   -0.01463
    0.00972
    0.00512
   -0.00218
   -0.01996
    0.00977
   -0.00467
    0.00609
   -0.01843
    0.01665
    0.00247
   -0.01068
   -0.00503
    0.00851
    0.00869
    0.00282
   -0.01182
    0.00137
    0.00574
   -0.00871
   -0.02016
    0.00839
    0.00402
   -0.00481
   -0.01590
    0.00903
    0.00554
   -0.01935
   -0.00292
    0.00970
    0.00327
    0.00204
   -0.01751
    0.00917
    0.00382
   -0.01291
    0.00131
    0.00252
    0.00217
   -0.00602
   -0.01011
    0.01102
    0.00384
   -0.00490
   -0.01171
    0.00800
    0.00267
   -0.00614
   -0.00752
    0.00545
   -0.00310
    0.00007
   -0.00418
    0.00581
    0.00177
   -0.00445
   -0.01215
    0.00773
   -0.00177
   -0.00829
   -0.00007
    0.00777
   -0.00210
   -0.00045
   -0.00348
    0.00310
   -0.00220
   -0.00137
   -0.00361
    0.00564
    0.00054
   -0.00582
   -0.01440
    0.01159
    0.00432
   -0.00698
   -0.01423
    0.00739
    0.00630
   -0.00278
   -0.00982
    0.00398
   -0.00121
   -0.00015
   -0.00586
    0.00474
    0.00275
   -0.00313
   -0.00837
    0.00340
   -0.00091
   -0.01383
    0.00374
    0.00888
   -0.00000
   -0.00422
   -0.00774
    0.00579
   -0.00413
    0.00202
    0.00372
    0.00072
   -0.00308
   -0.00584
   -0.00473
    0.01081
    0.00048
    0.00025
   -0.00843
    0.00476
   -0.00327
    0.00045
   -0.00466
    0.00319
    0.00193
   -0.00360
   -0.00879
    0.00393
    0.00386
   -0.00286
   -0.01892
    0.00880
    0.00226
   -0.01412
   -0.00517
    0.01168
    0.00395
   -0.00520
   -0.00409
    0.00228
    0.00336
   -0.00343
   -0.01002
    0.00539
    0.00231
   -0.00365
   -0.01408
    0.01101
   -0.00047
   -0.00797
   -0.00475
    0.01012
    0.01276
   -0.01475
   -0.00469
    0.00221
    0.00339
   -0.00969
   -0.00340
    0.00183
    0.00170
    0.00391
   -0.01585
    0.00458
   -0.00299
   -0.00852
    0.01540
   -0.00183
    0.00744
   -0.00223
   -0.01006
    0.00252
   -0.00005
   -0.00302
    0.00365
   -0.00017
    0.00119
   -0.00265
   -0.01092
    0.00961
    0.00113
   -0.00507
   -0.00515
    0.00617
    0.00540
   -0.00880
   -0.00515
    0.00400
    0.00360
   -0.00961
   -0.00750
    0.00633
    0.00594
   -0.01216
   -0.00756
    0.00905
    0.00232
   -0.02200
    0.00035
    0.01539
    0.01536
   -0.01691
    0.00006
   -0.00030
    0.00380
   -0.00606
   -0.01464
    0.01194
   -0.00361
    0.00629
   -0.02100
    0.01304
    0.00791
   -0.01058
   -0.02377
    0.02052
    0.01321
   -0.00832
   -0.01501
    0.00617
    0.00318
   -0.00667
   -0.01543
    0.01037
    0.00492
   -0.02713
    0.00059
    0.01688
   -0.00432
   -0.01952
    0.01327
    0.01004
    0.00450
   -0.01042
    0.00046
    0.00276
    0.00263
   -0.00820
   -0.00698
    0.00802
    0.00561
   -0.00493
   -0.02091
    0.01206
   -0.00048
   -0.01262
   -0.00315
    0.01484
    0.00785
   -0.01364
    0.00006
    0.00648
    0.00241
   -0.00718
   -0.01226
    0.01079
    0.00416
   -0.00534
   -0.02113
    0.01925
    0.00664
   -0.01374
   -0.02143
    0.01774
    0.00874
   -0.00876
   -0.01275
    0.00681
    0.00361
   -0.01060
   -0.01791
    0.01498
    0.00641
   -0.01189
   -0.02094
    0.01913
    0.00403
   -0.01660
   -0.01725
    0.02061
    0.01459
   -0.00214
   -0.01541
    0.00332
    0.00296
   -0.00697
   -0.01367
    0.00986
    0.00893
    0.00234
   -0.03461
    0.01371
    0.01668
   -0.03065
   -0.00901
    0.00463
    0.01031
   -0.00398
   -0.01995
    0.00927
    0.00798
   -0.01480
   -0.00637
    0.00494
    0.00943
    0.00034
   -0.02133
    0.00862
    0.00558
   -0.01008
   -0.01576
    0.01348
    0.00718
   -0.00469
   -0.01082
    0.00485
   -0.00136
    0.00076
   -0.01231
    0.00930
    0.00172
   -0.00034
   -0.01978
    0.01038
   -0.00060
   -0.01514
   -0.00554
    0.01554
    0.00738
   -0.01163
   -0.00414
    0.00455
   -0.00080
   -0.00615
    0.00160
    0.00383
    0.00511
    0.00160
   -0.01942
    0.00519
    0.00766
   -0.01257
   -0.01575
    0.01080
    0.01179
   -0.00529
   -0.01337
    0.00368
    0.00273
   -0.00627
   -0.00696
    0.00414
    0.00424
    0.00057
   -0.00849
   -0.00047
   -0.00293
   -0.01400
    0.00203
    0.01180
    0.00583
   -0.00213
   -0.00966
    0.00280
   -0.00749
   -0.00161
    0.00403
    0.00652
    0.00931
    0.00269
   -0.01397
   -0.00360
    0.00651
   -0.00650
   -0.00989
    0.00410
    0.00616
   -0.00822
   -0.00805
    0.00630
    0.00385
   -0.01082
   -0.01262
    0.00609
    0.00411
   -0.00436
   -0.01289
    0.00564
    0.00228
   -0.01100
   -0.01134
    0.01483
   -0.00010
   -0.00102
   -0.01369
    0.00812
    0.00080
   -0.00231
   -0.00871
    0.00625
    0.00205
   -0.00223
   -0.01191
    0.00917
   -0.01361
    0.00194
   -0.00481
    0.02020
    0.00992
   -0.00202
   -0.00985
    0.00201
   -0.00254
    0.00070
   -0.01308
    0.01238
    0.00227
    0.00007
   -0.00965
    0.00279
   -0.01170
    0.00021
    0.00545
    0.01424
   -0.00050
    0.00089
   -0.00933
    0.00539
   -0.00065
   -0.00077
   -0.00234
    0.00230
    0.00438
   -0.00605
   -0.01212
    0.00880
   -0.00061
   -0.00289
   -0.01191
    0.01285
    0.00824
   -0.00568
   -0.01070
    0.00422
    0.00259
   -0.01205
   -0.00539
    0.00764
   -0.00011
   -0.01322
   -0.00289
    0.01046
    0.00464
   -0.01739
   -0.01103
    0.01848
    0.00553
   -0.01956
   -0.00410
    0.00968
    0.00621
   -0.00333
   -0.01453
    0.00382
    0.00349
    0.00483
   -0.02558
    0.00675
    0.00735
   -0.00426
   -0.02052
    0.00914
    0.01640
   -0.01795
   -0.01601
    0.00969
    0.00352
   -0.00556
   -0.01364
    0.00723
    0.00243
   -0.01114
   -0.00265
    0.00809
    0.00589
   -0.02994
    0.00629
    0.01399
    0.00678
   -0.00176
   -0.01666
    0.00624
    0.00262
    0.00079
   -0.00774
    0.00173
    0.00172
   -0.00106
   -0.01400
    0.00770
    0.01140
   -0.01075
   -0.02292
    0.01317
    0.00185
   -0.01128
   -0.00045
    0.00837
    0.00663
   -0.01343
   -0.01913
    0.01171
    0.01143
   -0.00445
   -0.02547
    0.01012
   -0.00231
   -0.00474
   -0.00557
    0.01198
    0.00448
   -0.00714
   -0.02289
    0.01314
    0.00188
   -0.00659
   -0.01331
    0.01165
    0.00343
   -0.00023
   -0.02642
    0.01714
    0.00138
   -0.00243
   -0.01953
    0.01641
    0.01922
   -0.00492
   -0.01270
   -0.00098
    0.00816
   -0.00393
   -0.01458
    0.00090
    0.00809
   -0.00241
   -0.03009
    0.01383
   -0.00248
   -0.00908
    0.00107
    0.00789
   -0.00052
    0.00403
   -0.01635
    0.01005
   -0.00567
    0.00192
   -0.00623
    0.00952
   -0.00241
    0.00572
   -0.02307
    0.02124
    0.00473
   -0.00512
   -0.01835
    0.01599
    0.01050
   -0.00540
   -0.01512
    0.00657
    0.00100
    0.00022
   -0.02121
    0.00951
    0.00046
   -0.00245
   -0.01389
    0.01051
    0.00064
   -0.00264
   -0.00221
    0.00279
    0.00290
   -0.00961
   -0.00494
    0.00611
   -0.00239
    0.00872
   -0.00816
    0.00220
   -0.00038
    0.00374
   -0.00730
    0.00281
    0.00431
    0.00192
   -0.00960
    0.00018
    0.01081
    0.00374
   -0.00863
   -0.00390
    0.00246
    0.00025
   -0.01867
    0.00757
    0.00587
   -0.01046
   -0.01050
    0.00580
   -0.00180
   -0.00965
    0.00182
    0.00794
    0.00395
   -0.00254
   -0.01205
    0.00581
   -0.00034
   -0.00099
   -0.00455
    0.00304
    0.00507
   -0.00547
   -0.01514
    0.00901
    0.00448
   -0.00061
   -0.01391
    0.00515
    0.00403
   -0.00131
   -0.00790
    0.00285
    0.00065
   -0.00116
   -0.00033
   -0.00016
    0.00075
    0.00160
   -0.00858
    0.00323
    0.00414
   -0.01575
    0.00632
    0.00295
    0.00079
    0.00066
   -0.00398
    0.00121
   -0.00251
    0.00040
   -0.00057
    0.00331
   -0.00032
   -0.00884
   -0.00884
    0.01324
   -0.00339
    0.00026
   -0.01004
    0.01191
    0.01435
   -0.01216
   -0.01076
    0.00364
    0.00356
   -0.00209
   -0.00508
   -0.00069
    0.00766
   -0.01096
   -0.00725
    0.00233
   -0.00069
   -0.00144
    0.00912
   -0.00554
    0.00687
   -0.00160
   -0.00737
    0.00078
   -0.00089
    0.00461
    0.00415
   -0.00326
   -0.00093
   -0.00542
   -0.00776
    0.01011
    0.00015
   -0.00514
   -0.00104
    0.00422
    0.00100
   -0.00081
   -0.00761
    0.00312
    0.00408
   -0.01171
   -0.00498
    0.00400
    0.00263
   -0.01518
   -0.00664
    0.01173
    0.00236
   -0.00908
   -0.00259
    0.00651
    0.00393
   -0.01331
   -0.00034
    0.00594
   -0.00059
   -0.00516
   -0.00895
    0.01089
    0.00279
    0.00031
   -0.02349
    0.01241
   -0.00452
    0.00837
   -0.01532
    0.01325
    0.00868
   -0.00461
   -0.01114
    0.00634
    0.00342
   -0.00963
   -0.00609
    0.00473
    0.00333
   -0.01099
    0.00233
    0.00306
   -0.00155
   -0.00610
   -0.00337
    0.00818
    0.00999
   -0.01517
   -0.00218
    0.00450
    0.00726
   -0.01149
   -0.00244
    0.00260
    0.00323
   -0.00886
   -0.01395
    0.01177
    0.00144
   -0.00203
   -0.01340
    0.01141
    0.00710
   -0.00816
   -0.00349
    0.00546
    0.00226
   -0.00278
   -0.01008
    0.00519
    0.00450
   -0.00527
   -0.01137
    0.00742
    0.00204
   -0.00230
   -0.01127
    0.00738
    0.00342
   -0.00443
   -0.01350
    0.00834
    0.00357
   -0.00070
   -0.01617
    0.00751
    0.00102
    0.00872
   -0.02298
    0.01180
    0.00178
   -0.00084
   -0.01873
    0.01294
    0.01272
   -0.00288
   -0.02085
    0.01008
    0.00361
   -0.00796
   -0.00777
    0.00498
    0.00912
   -0.00368
   -0.01512
    0.00340
    0.00216
   -0.00320
   -0.00558
    0.00366
    0.00808
   -0.00155
   -0.01474
    0.00572
   -0.00060
   -0.00819
    0.00059
    0.00540
    0.00213
   -0.00224
   -0.00958
    0.00676
    0.00548
   -0.00839
   -0.01000
    0.00743
    0.00362
   -0.00075
   -0.01143
    0.00467
   -0.00088
    0.00308
   -0.00759
    0.00413
    0.00015
   -0.01122
   -0.00543
    0.01104
    0.00384
   -0.01109
   -0.00061
    0.00363
   -0.00219
   -0.00227
   -0.00431
    0.00443
    0.00074
   -0.00325
   -0.00554
    0.00466
    0.00077
   -0.00329
   -0.01838
    0.01229
   -0.00235
    0.00377
   -0.00566
    0.00480
    0.00424
   -0.00531
   -0.01082
    0.00739
    0.00275
   -0.00050
   -0.00571
   -0.00039
    0.00379
   -0.00555
   -0.00941
    0.00398
   -0.00460
   -0.00224
   -0.00196
    0.00855
    0.00152
   -0.00422
   -0.00428
    0.00301
   -0.00272
    0.00004
    0.00317
    0.00094
    0.00218
   -0.00993
   -0.01012
    0.01000
    0.00232
   -0.00438
   -0.00471
    0.00324
   -0.00116
   -0.00295
   -0.00589
    0.00501
