IntronPotTab 1 1024 0.09117
   -0.01988
    0.02832
   -0.00176
    0.00030
   -0.01512
    0.01332
   -0.01647
    0.01908
   -0.02459
    0.01436
   -0.02424
    0.02917
   -0.03040
    0.02791
    0.00027
    0.00791
   -0.01182
    0.01879
    0.00336
   -0.00509
    0.00393
   -0.01204
   -0.00230
    0.00610
    0.00307
   -0.01719
   -0.00404
    0.01382
   -0.00980
    0.00195
    0.00272
    0.00301
   -0.01708
    0.00943
   -0.00534
    0.02109
   -0.01298
   -0.00570
   -0.00849
    0.02664
   -0.01918
   -0.01598
   -0.00337
    0.03591
   -0.01534
   -0.00908
    0.00692
    0.01233
   -0.02068
    0.02661
    0.01964
   -0.00655
   -0.00654
   -0.00469
    0.00075
    0.01168
    0.00212
   -0.01614
   -0.00640
    0.01599
   -0.03560
    0.01637
    0.00586
    0.00799
   -0.01632
    0.02136
   -0.00099
    0.00464
   -0.02376
    0.01172
   -0.02483
    0.03496
   -0.02235
    0.01512
   -0.02748
    0.02724
   -0.03017
    0.02313
    0.00359
    0.00182
   -0.00725
    0.00153
   -0.00166
    0.00905
    0.00482
   -0.01809
    0.00557
    0.00380
   -0.00675
   -0.02043
    0.00567
    0.01879
   -0.01289
   -0.00359
    0.00306
    0.00924
   -0.00078
   -0.01779
   -0.00780
    0.02262
   -0.00851
   -0.01376
   -0.01285
    0.03142
   -0.00292
   -0.02925
   -0.00610
    0.02802
   -0.01291
   -0.01818
    0.01698
    0.00821
   -0.00634
   -0.00489
    0.01260
    0.00254
    0.01704
   -0.02270
   -0.01068
    0.00509
    0.00785
   -0.02529
   -0.01072
    0.02070
   -0.03147
   -0.00130
    0.01673
    0.00816
   -0.01998
    0.02477
   -0.01971
    0.02750
   -0.00603
    0.00296
   -0.02179
    0.02244
   -0.01317
    0.00555
   -0.01961
    0.03011
   -0.01340
   -0.00399
    0.00132
    0.01308
   -0.01552
    0.03255
   -0.01615
    0.00686
   -0.00907
    0.00446
   -0.01158
    0.01625
    0.00029
   -0.00274
   -0.01393
    0.01319
   -0.00159
   -0.01378
    0.00907
    0.00098
   -0.00827
    0.00709
   -0.02709
    0.02982
   -0.01309
   -0.01905
   -0.01672
    0.04185
   -0.00634
   -0.00910
   -0.01986
    0.02911
   -0.02463
   -0.01004
   -0.00232
    0.02626
   -0.01599
    0.01046
   -0.00248
    0.01334
   -0.01411
    0.00199
   -0.00097
    0.01714
   -0.00760
   -0.01112
   -0.01256
    0.02819
   -0.02552
   -0.00271
    0.00431
    0.01363
   -0.02499
    0.03045
    0.00696
    0.00680
   -0.01014
    0.00707
   -0.02088
    0.01915
   -0.01203
    0.00882
   -0.02281
    0.02315
   -0.00989
    0.03084
   -0.00527
   -0.00824
   -0.02844
    0.01990
    0.00443
    0.00982
    0.00070
   -0.00222
   -0.00576
    0.00504
   -0.00968
   -0.00963
   -0.00663
    0.02406
   -0.01785
    0.01274
   -0.00019
    0.00341
   -0.01719
   -0.01202
   -0.00411
    0.03385
   -0.01496
   -0.00340
   -0.01975
    0.03436
   -0.01494
   -0.01780
   -0.00696
    0.03404
   -0.01635
   -0.00922
    0.01034
    0.00904
   -0.04378
    0.02157
    0.03183
    0.00317
   -0.00003
   -0.01148
    0.00343
    0.00701
   -0.00440
   -0.01756
   -0.00837
    0.02383
   -0.03256
    0.01024
    0.01509
    0.00247
   -0.02410
    0.02718
   -0.00765
    0.01058
   -0.01953
    0.02701
   -0.03740
    0.01966
   -0.01644
    0.00881
   -0.02219
    0.02383
   -0.01253
    0.01728
    0.00534
   -0.00811
   -0.00927
    0.00514
   -0.00906
    0.01383
   -0.00246
   -0.00181
   -0.00658
    0.00918
    0.00436
   -0.02788
   -0.01345
    0.02805
   -0.01210
    0.00221
    0.00666
   -0.00049
   -0.01352
    0.00470
   -0.00974
    0.02121
   -0.02301
   -0.00985
   -0.02448
    0.04562
   -0.01427
   -0.02085
   -0.01576
    0.03915
   -0.01152
   -0.01690
    0.00951
    0.01220
   -0.02443
    0.01892
    0.01288
    0.00127
   -0.00452
    0.00012
   -0.01345
    0.01492
   -0.01044
   -0.01929
   -0.00321
    0.02914
   -0.02592
    0.01826
    0.01281
   -0.00621
   -0.01415
    0.00890
    0.00669
    0.00598
   -0.01120
   -0.00539
   -0.02289
    0.02996
   -0.01929
   -0.00774
   -0.00935
    0.02841
   -0.01072
    0.01102
   -0.00710
    0.00323
   -0.00839
   -0.00361
   -0.00538
    0.01808
   -0.00480
    0.01245
   -0.00096
   -0.00553
    0.00324
   -0.03459
   -0.00319
    0.02370
   -0.01951
    0.00229
   -0.00418
    0.01462
    0.00465
   -0.01848
   -0.01063
    0.01729
   -0.01220
   -0.00655
   -0.01975
    0.03217
   -0.00357
   -0.04545
   -0.00562
    0.03611
   -0.00460
   -0.01404
   -0.00474
    0.01725
   -0.01141
   -0.01064
    0.02699
    0.00235
    0.00746
   -0.02421
   -0.00712
    0.01809
   -0.00432
   -0.04301
    0.00595
    0.03126
   -0.01188
   -0.00102
    0.00259
    0.00637
   -0.02573
    0.02829
   -0.01567
    0.02362
   -0.00858
    0.01831
   -0.04686
    0.02560
    0.00305
   -0.00887
   -0.02345
    0.02383
   -0.01127
   -0.01095
   -0.00366
    0.01964
   -0.01380
    0.02110
   -0.02045
    0.01415
   -0.00412
    0.00562
   -0.02978
    0.01926
    0.00567
   -0.00207
   -0.02562
    0.01510
   -0.01455
   -0.00628
   -0.01148
    0.02371
    0.00080
    0.00088
   -0.02407
    0.01757
   -0.00558
   -0.01436
   -0.02738
    0.03455
   -0.00518
   -0.02761
   -0.01066
    0.03226
   -0.01923
   -0.00495
   -0.00864
    0.02314
   -0.02123
    0.01498
   -0.00452
    0.01451
   -0.00406
    0.00157
   -0.02440
    0.01963
    0.00000
   -0.01100
   -0.01197
    0.01861
   -0.02544
    0.00219
   -0.00726
    0.01486
   -0.02725
    0.01507
   -0.00456
    0.02215
   -0.01371
    0.00996
   -0.02232
    0.01568
   -0.01836
   -0.00595
   -0.00172
    0.02334
   -0.03190
    0.01788
    0.00006
    0.00594
   -0.02958
    0.00487
    0.00433
    0.02213
    0.00119
    0.00274
    0.00033
   -0.00364
   -0.00844
   -0.01834
   -0.00614
    0.02600
   -0.01357
   -0.00072
   -0.00130
    0.01054
   -0.00360
   -0.01653
   -0.00520
    0.02240
   -0.01836
    0.00043
   -0.01717
    0.02876
   -0.01048
   -0.02999
   -0.00848
    0.03828
   -0.02280
    0.00203
   -0.01469
    0.02351
   -0.04947
    0.01452
    0.01987
    0.02170
    0.00921
    0.00522
    0.00117
   -0.01484
   -0.01056
   -0.02948
    0.00303
    0.02928
   -0.03169
    0.00949
    0.00342
    0.00847
   -0.02325
    0.03578
   -0.00160
    0.00240
   -0.01280
    0.02500
   -0.01900
    0.00984
   -0.03229
    0.02462
   -0.01055
    0.02534
   -0.02148
    0.02626
    0.00099
    0.00061
   -0.01676
    0.01544
    0.00433
    0.00345
   -0.00019
   -0.00870
   -0.00032
    0.00609
   -0.00565
   -0.01441
   -0.00356
    0.02129
   -0.00718
   -0.00353
    0.00321
    0.00370
   -0.01821
    0.01131
   -0.01750
    0.03182
   -0.01408
   -0.01087
   -0.00911
    0.03087
   -0.02193
   -0.00431
   -0.01745
    0.04087
   -0.00989
   -0.01665
    0.00987
    0.00889
   -0.02658
    0.01879
    0.01114
    0.00764
    0.00632
   -0.00047
   -0.01555
    0.00566
    0.00378
   -0.01784
   -0.01826
    0.02555
   -0.02222
    0.01331
    0.00562
    0.00126
   -0.02267
    0.03640
   -0.01277
    0.00780
   -0.01869
    0.02151
   -0.02493
    0.02152
   -0.02704
    0.01167
   -0.04235
    0.03815
   -0.02379
    0.01902
   -0.00348
    0.00644
   -0.01672
    0.01758
   -0.01421
    0.01573
    0.00380
    0.00131
   -0.02740
    0.01204
   -0.01100
   -0.01408
   -0.02106
    0.03802
    0.00558
    0.00248
   -0.01007
    0.00252
    0.00922
   -0.01813
   -0.01998
    0.01784
   -0.01186
   -0.00616
   -0.01842
    0.03342
   -0.00170
   -0.03620
   -0.01990
    0.03975
   -0.00153
   -0.01769
   -0.00469
    0.01698
   -0.02254
    0.00738
    0.01097
    0.00900
    0.01258
   -0.00757
   -0.02335
    0.00715
    0.00130
   -0.02679
   -0.02250
    0.03701
   -0.02815
    0.00500
    0.01260
    0.00398
   -0.01926
    0.02185
   -0.00364
    0.01268
   -0.01190
    0.01400
   -0.01637
    0.01795
   -0.00705
    0.01912
   -0.03466
    0.02822
   -0.00623
    0.00010
    0.00268
    0.00270
   -0.01994
    0.02489
   -0.00762
    0.01095
   -0.00115
   -0.00009
   -0.01599
    0.01305
    0.00179
    0.00682
   -0.02577
    0.01440
   -0.01241
   -0.00833
   -0.00476
    0.01829
   -0.00687
    0.01684
   -0.03169
    0.02465
   -0.01463
   -0.01837
   -0.00852
    0.03302
   -0.00228
    0.00371
   -0.01556
    0.01441
   -0.01901
   -0.00936
    0.00445
    0.01410
   -0.02570
    0.01931
    0.00250
    0.01348
   -0.00646
    0.00258
   -0.00058
    0.00731
   -0.00640
    0.00857
   -0.02803
    0.02776
   -0.02712
    0.01079
    0.00846
    0.00358
   -0.02179
    0.03835
   -0.02508
    0.01844
   -0.01530
    0.00995
   -0.01244
    0.01948
   -0.02220
    0.02017
   -0.02478
    0.02303
   -0.03078
    0.02828
   -0.00195
    0.00464
   -0.02645
    0.02799
   -0.00894
    0.01339
   -0.00328
    0.00398
   -0.00586
    0.00520
    0.00005
   -0.00905
   -0.02070
    0.02335
   -0.00732
    0.00179
    0.00149
    0.00239
   -0.00238
    0.00518
   -0.03089
    0.02370
   -0.01366
   -0.00715
   -0.02145
    0.03563
   -0.01298
   -0.00887
   -0.02183
    0.03269
   -0.00354
   -0.01693
   -0.00458
    0.01697
   -0.04243
    0.02918
    0.00990
    0.01131
   -0.00063
   -0.00868
    0.00327
    0.00509
   -0.00661
   -0.00641
   -0.02106
    0.02816
   -0.03364
    0.01406
    0.00457
    0.00708
   -0.02365
    0.03285
   -0.00107
    0.00327
   -0.01980
    0.01995
   -0.01828
    0.01298
   -0.02436
    0.00902
   -0.00311
    0.01633
   -0.03078
    0.03396
    0.01350
   -0.00922
   -0.01674
    0.02531
   -0.00596
    0.00237
   -0.00243
   -0.00195
   -0.00684
    0.00908
   -0.00623
   -0.00641
   -0.00089
    0.01204
   -0.03253
    0.01528
    0.01301
   -0.00012
   -0.01965
    0.01262
   -0.00999
    0.02106
   -0.02502
   -0.01071
   -0.01652
    0.04296
   -0.02101
    0.00472
   -0.02256
    0.03082
   -0.04091
   -0.00153
    0.01458
    0.01919
   -0.04445
    0.01866
    0.00835
    0.01881
   -0.01197
    0.01540
   -0.00938
    0.00611
   -0.00538
   -0.01618
    0.00446
    0.01553
   -0.03523
    0.02304
    0.02063
   -0.00746
   -0.01947
    0.02203
    0.00098
    0.00570
   -0.01348
   -0.00155
   -0.02198
    0.02757
   -0.03028
    0.00070
   -0.02604
    0.03809
   -0.02121
    0.00616
   -0.00365
    0.01008
   -0.01278
    0.00343
   -0.00660
    0.01676
   -0.00531
    0.00716
   -0.00974
    0.00660
   -0.01273
   -0.02297
   -0.00521
    0.03142
   -0.00678
   -0.00849
    0.00044
    0.01093
   -0.00237
   -0.00594
   -0.01332
    0.01711
   -0.01751
   -0.00727
   -0.01611
    0.03423
   -0.00946
   -0.03831
    0.00026
    0.03345
   -0.00716
   -0.02600
    0.00938
    0.01751
   -0.01307
   -0.01215
    0.02071
    0.00924
    0.00419
   -0.01940
    0.00277
    0.01043
   -0.00622
   -0.03400
   -0.00868
    0.03689
   -0.02295
   -0.01303
    0.02317
    0.00858
   -0.02270
    0.02498
   -0.01254
    0.01885
   -0.01004
    0.01753
   -0.02294
    0.01189
   -0.01889
    0.00298
   -0.02207
    0.03366
   -0.02389
    0.00343
    0.00904
    0.00661
   -0.01405
    0.02871
   -0.02424
    0.01115
    0.00257
   -0.00730
   -0.01788
    0.01307
   -0.00676
   -0.00105
   -0.01948
    0.02085
   -0.01212
   -0.00464
   -0.00742
    0.01720
   -0.00753
   -0.00082
   -0.01783
    0.02460
    0.00221
   -0.02153
   -0.01314
    0.02174
   -0.01366
   -0.00546
   -0.01497
    0.02858
   -0.02301
   -0.01284
   -0.01116
    0.03146
   -0.02261
    0.00847
   -0.00729
    0.02021
   -0.00601
   -0.00932
   -0.00837
    0.01898
   -0.00239
   -0.01592
   -0.01518
    0.02534
   -0.02585
    0.00833
   -0.00346
    0.00939
   -0.03069
    0.03550
   -0.00608
    0.01553
   -0.01938
    0.00239
   -0.01702
    0.02576
   -0.01935
   -0.00377
   -0.01318
    0.03018
   -0.04947
    0.03005
    0.00700
    0.00423
   -0.03362
    0.02416
   -0.00197
    0.01643
   -0.00224
    0.00180
   -0.00266
    0.00303
   -0.01594
   -0.00220
   -0.00683
    0.02367
   -0.01431
    0.00908
    0.00451
   -0.00159
   -0.01295
   -0.00209
   -0.00777
    0.02332
   -0.01393
   -0.00732
   -0.01714
    0.03034
   -0.01364
   -0.03230
   -0.00337
    0.03772
   -0.02495
   -0.00729
    0.00062
    0.01977
   -0.04868
    0.02710
    0.01570
    0.01345
   -0.00044
    0.00089
   -0.00208
    0.00126
   -0.01297
   -0.01875
   -0.00078
    0.02653
   -0.03724
    0.01280
    0.00568
    0.01020
