IntronPotTab 1 1024 7.66129
   -0.02558
   -0.06437
   -0.00641
    0.08406
   -0.02052
   -0.17239
   -0.24288
    0.20732
    0.02766
   -0.24038
   -0.08727
    0.14824
    0.05710
   -0.27378
   -0.00680
    0.07517
    0.01547
   -0.06689
   -0.10173
    0.10864
    0.02156
   -0.07171
   -0.23844
    0.13364
    0.10554
   -0.26451
   -0.17423
    0.14842
    0.06801
   -0.14635
   -0.10855
    0.10746
    0.00963
   -0.09521
   -0.01783
    0.06927
    0.01751
   -0.07046
   -0.31844
    0.19952
    0.06009
   -0.21059
    0.00516
    0.05403
   -0.02103
   -0.16665
   -0.04821
    0.11701
   -0.07911
   -0.15682
    0.01179
    0.11700
    0.06769
   -0.16371
   -0.18770
    0.14120
    0.09704
   -0.28080
   -0.00837
    0.06911
    0.02626
   -0.15950
    0.02588
    0.07329
    0.00518
   -0.06087
   -0.01826
    0.07403
    0.05433
   -0.26712
   -0.24034
    0.21262
    0.02746
   -0.22593
   -0.21829
    0.24021
    0.10043
   -0.27021
   -0.15885
    0.14435
    0.10835
   -0.19434
   -0.22604
    0.15097
    0.12293
   -0.28073
   -0.32607
    0.15900
    0.15366
   -0.27312
   -0.28480
    0.17525
    0.03366
   -0.16437
   -0.29636
    0.23064
    0.09313
   -0.13738
   -0.06102
    0.04149
    0.04444
   -0.16733
   -0.24143
    0.15533
    0.14299
   -0.18553
   -0.24979
    0.08378
    0.02946
   -0.26094
   -0.13996
    0.18718
    0.13253
   -0.17753
   -0.13929
    0.09388
    0.15861
   -0.22367
   -0.23494
    0.13631
    0.21654
   -0.35655
   -0.25855
    0.18689
    0.11100
   -0.23738
   -0.05100
    0.09294
    0.02357
   -0.12247
   -0.12217
    0.13536
    0.06946
   -0.11771
   -0.36076
    0.17818
    0.12978
   -0.32476
   -0.23269
    0.16110
    0.10684
   -0.39140
   -0.09031
    0.11542
    0.15817
   -0.21378
   -0.20171
    0.11609
    0.09209
   -0.11846
   -0.51240
    0.17558
    0.08898
   -0.25751
   -0.19967
    0.21591
    0.14124
   -0.19250
   -0.19140
    0.16447
    0.08811
   -0.12713
   -0.17277
    0.06972
    0.10504
   -0.09495
   -0.37084
    0.15804
    0.10149
   -0.37001
   -0.05981
    0.14004
   -0.11494
   -0.22340
   -0.19526
    0.25094
   -0.00610
   -0.23740
   -0.05139
    0.14515
    0.07248
   -0.21636
   -0.21416
    0.16546
    0.12075
   -0.34349
   -0.05075
    0.15268
    0.05592
   -0.28986
   -0.00930
    0.11207
   -0.10852
   -0.06592
   -0.03596
    0.18050
    0.04534
   -0.31071
   -0.30083
    0.21868
    0.04303
   -0.21924
   -0.09971
    0.12818
    0.14618
   -0.22912
   -0.10445
    0.05546
   -0.00791
   -0.12846
   -0.18887
    0.15163
    0.03353
   -0.10742
   -0.32123
    0.15420
    0.01925
   -0.32126
   -0.18093
    0.22673
    0.05604
   -0.13567
   -0.16772
    0.12094
    0.03953
   -0.15640
   -0.07062
    0.07854
    0.04566
   -0.15509
   -0.32481
    0.18742
    0.05009
   -0.20885
   -0.00415
    0.06301
    0.04102
   -0.22039
   -0.10256
    0.12792
   -0.07906
   -0.19852
   -0.14985
    0.14707
    0.04904
   -0.15991
   -0.24833
    0.15601
    0.07531
   -0.22087
   -0.12890
    0.13693
    0.04081
   -0.16196
   -0.04879
    0.11251
   -0.01043
   -0.08261
   -0.01403
    0.09508
   -0.06598
   -0.12612
   -0.27260
    0.22539
   -0.00991
   -0.33184
   -0.11974
    0.18652
    0.03417
   -0.11584
   -0.10973
    0.12327
    0.04751
   -0.03399
   -0.13362
    0.07876
    0.03858
   -0.11499
   -0.33974
    0.22156
    0.08787
   -0.37178
   -0.10147
    0.19397
    0.08428
   -0.07096
   -0.20627
    0.13625
    0.07490
   -0.15062
   -0.09906
    0.08969
    0.01927
   -0.02370
   -0.33203
    0.22818
    0.11606
   -0.14530
   -0.16713
    0.04674
   -0.01472
   -0.07110
   -0.22621
    0.16863
   -0.02884
   -0.20634
   -0.06251
    0.14849
    0.07508
   -0.16502
   -0.21435
    0.17775
    0.11027
   -0.37385
   -0.13658
    0.20896
    0.00461
   -0.15773
   -0.03538
    0.12230
   -0.00062
   -0.06196
   -0.03949
    0.09270
    0.02412
   -0.19481
   -0.24303
    0.20260
   -0.02805
   -0.29616
   -0.26626
    0.29329
    0.05903
   -0.12092
   -0.21568
    0.14093
    0.06338
   -0.06520
   -0.29032
    0.16737
    0.03528
   -0.00076
   -0.64682
    0.30480
    0.06584
   -0.31468
   -0.19977
    0.23707
    0.06032
   -0.20626
   -0.28742
    0.24355
    0.08111
   -0.13987
   -0.10531
    0.09557
    0.13415
   -0.25206
   -0.24706
    0.12584
    0.04296
   -0.19767
   -0.10809
    0.15166
    0.03034
   -0.28684
   -0.21481
    0.23095
    0.03324
   -0.23933
   -0.18795
    0.16277
    0.12142
   -0.10151
   -0.26862
    0.13940
    0.10393
   -0.32144
   -0.26372
    0.26931
    0.11469
   -0.30803
   -0.08176
    0.15184
    0.06383
   -0.14271
   -0.19808
    0.15734
    0.06942
   -0.25273
   -0.37684
    0.27385
    0.06799
   -0.40874
   -0.20020
    0.27685
    0.13807
   -0.31961
   -0.10851
    0.15909
    0.14259
   -0.20843
   -0.13832
    0.10535
    0.14263
   -0.39701
   -0.05416
    0.05830
    0.01681
   -0.22798
   -0.07453
    0.20301
    0.19763
   -0.20571
   -0.20938
    0.21568
    0.06368
   -0.11850
   -0.16195
    0.11500
    0.05315
   -0.18176
   -0.35258
    0.24807
   -0.02400
   -0.22585
   -0.12253
    0.22457
   -0.15477
   -0.18013
   -0.22355
    0.30782
    0.03506
   -0.23076
   -0.07412
    0.16094
    0.14614
   -0.16737
   -0.13569
    0.08264
    0.17605
   -0.35919
   -0.08501
    0.16421
    0.15899
   -0.26442
   -0.00129
    0.10961
   -0.03529
    0.00597
    0.00065
    0.04938
   -0.01546
   -0.22746
   -0.36177
    0.23709
   -0.01478
   -0.28313
   -0.24447
    0.20223
    0.02815
   -0.18894
   -0.10119
    0.13376
    0.04855
   -0.09598
   -0.21928
    0.11219
    0.07010
   -0.25292
   -0.27582
    0.13951
   -0.01049
   -0.20211
   -0.27045
    0.23036
    0.00160
   -0.03526
   -0.25400
    0.14089
    0.04336
   -0.12098
   -0.12388
    0.09380
    0.00012
   -0.05694
   -0.37391
    0.18026
    0.07537
   -0.23927
   -0.18121
    0.11867
    0.01365
   -0.17178
   -0.22676
    0.16759
   -0.03928
   -0.19888
   -0.03789
    0.12663
    0.05500
   -0.14964
   -0.26582
    0.14770
    0.03744
   -0.23050
   -0.11102
    0.14719
    0.03490
   -0.18518
   -0.04738
    0.12360
   -0.01297
   -0.10277
   -0.02193
    0.12842
    0.05864
   -0.12511
   -0.27151
    0.19000
    0.06435
   -0.22693
   -0.09659
    0.18452
    0.12183
   -0.30644
    0.00489
    0.04138
    0.04551
   -0.11295
   -0.08213
    0.09110
    0.13301
   -0.10272
   -0.28788
    0.04506
    0.09324
   -0.24236
   -0.08612
    0.15433
    0.12786
   -0.13501
   -0.09686
    0.08576
    0.04482
   -0.22818
    0.07097
    0.02360
    0.06418
   -0.09198
   -0.31566
    0.20261
    0.17250
   -0.35354
   -0.08818
    0.04476
    0.04984
   -0.25639
   -0.08049
    0.14872
   -0.00802
   -0.25051
    0.00337
    0.12395
    0.17554
   -0.17674
   -0.21194
    0.10837
    0.13437
   -0.39244
    0.02122
    0.11243
    0.06509
   -0.21660
    0.11896
    0.03433
    0.02749
   -0.09094
   -0.05213
    0.11268
    0.10800
   -0.27644
   -0.29173
    0.23937
    0.04450
   -0.25721
   -0.17532
    0.28328
    0.20954
   -0.26803
   -0.23849
    0.17269
    0.08568
   -0.10771
   -0.35489
    0.17227
    0.06621
   -0.28872
   -0.32041
    0.24433
    0.08738
   -0.23311
   -0.19490
    0.22460
    0.14583
   -0.27841
   -0.27904
    0.24270
    0.09606
   -0.15566
   -0.16806
    0.13584
    0.03769
   -0.21066
   -0.10978
    0.12647
    0.09822
   -0.21613
   -0.12622
    0.15543
    0.02030
   -0.21205
   -0.13516
    0.19267
    0.17461
   -0.28472
   -0.15368
    0.12792
    0.23589
   -0.18908
   -0.32827
    0.12740
    0.22961
   -0.32328
   -0.29080
    0.25511
    0.26760
   -0.28834
   -0.11575
    0.15603
    0.05006
   -0.23839
   -0.07426
    0.14794
    0.04876
   -0.10114
   -0.34341
    0.21240
    0.10967
   -0.32422
   -0.13315
    0.20785
    0.18861
   -0.42720
   -0.11247
    0.10344
    0.12730
   -0.22851
   -0.17092
    0.12167
    0.09232
   -0.27791
   -0.08489
    0.09194
    0.00088
   -0.13675
   -0.14539
    0.19945
    0.13971
   -0.22279
   -0.15091
    0.16271
    0.07919
   -0.21740
   -0.06772
    0.06253
    0.06547
   -0.04099
   -0.24005
    0.16144
    0.12834
   -0.25029
    0.00631
    0.05183
   -0.06057
   -0.16051
   -0.29402
    0.25877
    0.05519
   -0.20714
   -0.07215
    0.12402
    0.06925
   -0.13919
   -0.21319
    0.16047
    0.15303
   -0.32900
   -0.01392
    0.13805
    0.07896
   -0.31110
    0.02180
    0.11177
   -0.04887
    0.01547
   -0.12274
    0.14210
    0.03026
   -0.20284
   -0.29456
    0.24272
    0.04769
   -0.26953
   -0.19674
    0.20112
    0.06364
   -0.23404
   -0.13857
    0.16066
    0.02329
   -0.13444
   -0.15575
    0.13280
    0.01554
   -0.15472
   -0.38457
    0.21775
    0.06693
   -0.30061
   -0.22892
    0.19348
    0.08240
   -0.14367
   -0.21503
    0.15172
    0.03439
   -0.09224
   -0.10887
    0.08718
    0.07570
   -0.19825
   -0.39031
    0.19129
    0.03432
   -0.25192
   -0.00429
    0.11816
   -0.01464
   -0.21476
   -0.09213
    0.17330
    0.02638
   -0.21570
   -0.09950
    0.13255
    0.06678
   -0.17662
   -0.33218
    0.20865
    0.09311
   -0.29035
   -0.13606
    0.16842
    0.05274
   -0.19285
   -0.04357
    0.14520
    0.01901
   -0.07588
   -0.03597
    0.06957
   -0.01534
   -0.05926
   -0.20212
    0.14623
    0.05679
   -0.13441
   -0.09574
    0.07526
    0.03668
   -0.14936
   -0.02839
    0.07065
    0.04325
   -0.12143
   -0.15771
    0.12850
    0.00439
   -0.05296
   -0.24417
    0.15907
    0.07615
   -0.42312
   -0.10209
    0.21182
    0.02549
   -0.12240
   -0.14833
    0.12357
    0.01589
   -0.16530
   -0.03757
    0.11354
    0.02397
   -0.15516
   -0.33362
    0.21670
    0.13524
   -0.16971
   -0.03398
   -0.08392
   -0.04957
   -0.18999
   -0.08793
    0.15517
   -0.13190
   -0.24461
   -0.12003
    0.18810
    0.02487
   -0.11706
   -0.17624
    0.15461
    0.07258
   -0.26537
   -0.07922
    0.14292
   -0.02045
   -0.13147
   -0.01989
    0.09998
   -0.04107
   -0.02144
   -0.02433
    0.09791
    0.04907
   -0.20653
   -0.32274
    0.21658
    0.06436
   -0.25444
   -0.25723
    0.21997
    0.10399
   -0.24173
   -0.16412
    0.15526
    0.05857
   -0.14882
   -0.25285
    0.15696
    0.10395
   -0.16169
   -0.35465
    0.15406
    0.01512
   -0.44263
   -0.19727
    0.27403
    0.15475
   -0.25614
   -0.22438
    0.15950
    0.07805
   -0.12734
   -0.17277
    0.12157
    0.10454
   -0.24274
   -0.34821
    0.17992
    0.09780
   -0.30696
   -0.21020
    0.17799
    0.07831
   -0.26792
   -0.22991
    0.19380
    0.04963
   -0.26207
   -0.08767
    0.13508
    0.18689
   -0.28973
   -0.26849
    0.12495
    0.18010
   -0.31086
   -0.27949
    0.18529
    0.17218
   -0.24792
   -0.07853
    0.13340
    0.03810
   -0.16320
   -0.11456
    0.14179
    0.08227
   -0.14659
   -0.29332
    0.16668
    0.10641
   -0.36467
   -0.23839
    0.22528
    0.12441
   -0.33773
   -0.10945
    0.12525
    0.11340
   -0.23082
   -0.20528
    0.16986
    0.09206
   -0.15250
   -0.32784
    0.17132
    0.13159
   -0.30694
   -0.26645
    0.20202
    0.12284
   -0.21079
   -0.26103
    0.21981
    0.08059
   -0.18165
   -0.19073
    0.11548
    0.06346
   -0.06029
   -0.39039
    0.18891
    0.06279
   -0.26405
   -0.14737
    0.14267
   -0.12070
   -0.21662
   -0.27414
    0.27108
    0.01776
   -0.22856
   -0.09217
    0.15039
    0.09061
   -0.18077
   -0.23184
    0.16995
    0.09127
   -0.29610
   -0.18299
    0.21496
    0.07251
   -0.24330
   -0.04296
    0.13116
   -0.03306
    0.02785
   -0.01660
    0.04404
    0.01458
   -0.21355
   -0.23196
    0.18188
   -0.02924
   -0.10981
   -0.13461
    0.17566
    0.03017
   -0.21514
   -0.02516
    0.10638
    0.02063
   -0.09516
   -0.21013
    0.12790
    0.00786
   -0.15383
   -0.24097
    0.15631
    0.01007
   -0.24587
   -0.19498
    0.19288
    0.04813
   -0.08595
   -0.15606
    0.09000
    0.03454
   -0.10455
   -0.04562
    0.04669
    0.02208
   -0.14842
   -0.30152
    0.17396
    0.02499
   -0.19056
   -0.04273
    0.10029
    0.01072
   -0.20331
   -0.09255
    0.12029
   -0.05748
   -0.18379
   -0.11253
    0.14789
    0.04059
   -0.18130
   -0.20581
    0.14393
    0.01803
   -0.19377
   -0.12779
    0.16302
    0.04953
   -0.18896
    0.00203
    0.10555
