8 20 2 1 48 -3.2514 2.3976 4.1729 13260
  0.04525  -0.10366  -0.04437   0.06369   0.05471  -0.13107  -0.00555   0.02781   0.05759  -0.09415  -0.21168   0.12721   0.07808  -0.21378  -0.00341   0.07638   0.05289  -0.17989   0.00485   0.07644 
  0.05374  -0.15710  -0.03185   0.07639   0.01780  -0.08491   0.07188  -0.03012   0.06717  -0.05436  -0.17418   0.08072   0.06242  -0.20369   0.04175   0.05678   0.04322  -0.12944   0.03165   0.03650 
  0.03537  -0.11785   0.01983   0.03374   0.04607  -0.09730  -0.01957   0.03019   0.07709  -0.04246  -0.20234   0.07720   0.09059  -0.15645  -0.01203   0.03017  -0.00928  -0.11605  -0.03022   0.10061 
  0.05114  -0.10546  -0.05117   0.06359   0.03355  -0.11374  -0.01047   0.04839   0.02082  -0.05898  -0.17412   0.12750   0.06008  -0.22273   0.02603   0.08210   0.09078  -0.19451  -0.00340   0.06609 
  0.04360  -0.15187  -0.02549   0.07895   0.01985  -0.07976   0.04768  -0.00991   0.05116  -0.07011  -0.08955   0.05811   0.09020  -0.21096   0.05259   0.01557   0.05742  -0.12231   0.01567   0.03638 
  0.04327  -0.11785   0.01806   0.02713   0.02894  -0.08828  -0.01090   0.03880   0.08390  -0.06892  -0.14863   0.05636   0.10526  -0.19367   0.00361   0.02303  -0.01024  -0.08897  -0.07559   0.11301 
  0.05201  -0.10798  -0.05149   0.06443   0.04355  -0.08817  -0.02961   0.03569   0.04277  -0.05439  -0.21833   0.12496   0.08831  -0.22041  -0.02187   0.07970   0.03983  -0.16639   0.00535   0.07713 
  0.04657  -0.13404  -0.04296   0.07854   0.03356  -0.09996   0.06490  -0.03327   0.08042  -0.07396  -0.11868   0.04551   0.08463  -0.18892   0.06395  -0.00162   0.04107  -0.11400   0.02799   0.03190 
  0.04810  -0.11692   0.02601   0.01453   0.04334  -0.08866  -0.02519   0.03275   0.08764  -0.06875  -0.16935   0.06330   0.09476  -0.18206   0.00445   0.02965  -0.00861  -0.09337  -0.03521   0.09158 
  0.05674  -0.10744  -0.04689   0.05634   0.06039  -0.10560  -0.03233   0.02694   0.06029  -0.05804  -0.20432   0.10409   0.03845  -0.20359  -0.00250   0.11416   0.05872  -0.16443   0.00679   0.06442 
  0.04952  -0.13616  -0.03845   0.07393   0.01935  -0.08567   0.06113  -0.01946   0.05733  -0.05170  -0.12498   0.06293   0.07394  -0.20356   0.04129   0.04258   0.01551  -0.10470   0.03638   0.03467 
  0.03130  -0.10906   0.02253   0.03010   0.05790  -0.10947  -0.03115   0.03172   0.08285  -0.04716  -0.16391   0.05364   0.10978  -0.19573   0.02435   0.00076   0.01033  -0.09698  -0.04875   0.09246 
  0.06585  -0.11289  -0.04736   0.05061   0.04217  -0.11085  -0.00164   0.02860   0.01760  -0.03031  -0.20487   0.12935   0.06423  -0.22255  -0.00283   0.09684   0.04151  -0.13002   0.02081   0.04641 
  0.03783  -0.12549  -0.02369   0.06905   0.01565  -0.06409   0.05901  -0.02835   0.09569  -0.01377  -0.18388   0.02777   0.09047  -0.23349   0.07314   0.01079   0.03261  -0.09828   0.04163   0.01608 
  0.04701  -0.10010   0.02172   0.00846   0.02453  -0.08630  -0.00537   0.03829   0.05775  -0.02664  -0.14234   0.05770   0.08268  -0.16127   0.01735   0.02202  -0.00449  -0.11470  -0.03786   0.10229 
  0.04228  -0.10099  -0.03521   0.05870   0.03622  -0.11497  -0.02291   0.05570   0.06548  -0.09348  -0.18981   0.10974   0.08167  -0.22585  -0.01257   0.08469   0.04348  -0.16494   0.02248   0.06206 
  0.04875  -0.15007  -0.03017   0.07639   0.00991  -0.08491   0.08003  -0.02886   0.08931  -0.03127  -0.16168   0.03476   0.07577  -0.18039   0.03443   0.03083   0.02787  -0.06908   0.02595   0.01327 
  0.03727  -0.08820   0.01996   0.01240   0.03226  -0.07657  -0.01035   0.02659   0.05529  -0.03288  -0.16142   0.07459   0.09158  -0.16099   0.00646   0.01795   0.02864  -0.12359  -0.06413   0.10566 
  0.05212  -0.10170  -0.05053   0.05998   0.02042  -0.09712  -0.00855   0.05245   0.04970  -0.04447  -0.22709   0.11715   0.05945  -0.21839  -0.00697   0.10260   0.03214  -0.15171   0.00063   0.07756 
  0.03198  -0.12984  -0.03706   0.08573   0.04880  -0.09392   0.03678  -0.02877   0.07567  -0.07360  -0.10453   0.04196   0.07032  -0.20869   0.08650   0.01077   0.04284  -0.08945   0.01277   0.02807 
  0.04810  -0.10979   0.01806   0.01689   0.04810  -0.08992  -0.03642   0.03639   0.07480  -0.04339  -0.15669   0.05676   0.09608  -0.16729  -0.02533   0.03964   0.00317  -0.09400  -0.06320   0.10267 
  0.05760  -0.10010  -0.06411   0.06253   0.04330  -0.09626  -0.01692   0.03090   0.07081  -0.06641  -0.15576   0.07375   0.07065  -0.23033   0.00332   0.08959   0.04948  -0.14659   0.00642   0.06122 
  0.05017  -0.13404  -0.02579   0.06348   0.00470  -0.07643   0.06539  -0.01152   0.06940  -0.04730  -0.13459   0.05259   0.08464  -0.24912   0.07073   0.03049   0.03449  -0.10261   0.02880   0.02843 
  0.03739  -0.11417   0.02521   0.02482   0.04406  -0.11076  -0.01751   0.03938   0.08693  -0.01543  -0.18815   0.04219   0.11310  -0.21628  -0.00149   0.02994   0.01380  -0.11240  -0.04246   0.09504 
  0.06459  -0.11729  -0.05069   0.05677   0.03880  -0.10074  -0.01152   0.03495   0.05153  -0.06729  -0.24101   0.13223   0.08127  -0.22927  -0.00517   0.08216   0.04436  -0.17995   0.02400   0.06758 
  0.04701  -0.14631  -0.02972   0.07578   0.00612  -0.10894   0.07582  -0.00214   0.08499  -0.05263  -0.13549   0.03785   0.06565  -0.20951   0.08362   0.02039   0.01312  -0.08047   0.04529   0.01324 
  0.02960  -0.10816   0.03785   0.01783   0.04127  -0.10297  -0.01895   0.03931   0.06846  -0.04301  -0.14145   0.05513   0.11290  -0.20240  -0.01414   0.03091   0.00600  -0.08358  -0.02698   0.07376 
  0.05994  -0.10834  -0.04327   0.05116   0.05629  -0.08620  -0.03053   0.01847   0.04481  -0.04383  -0.21551   0.11658   0.05735  -0.21198   0.01508   0.08701   0.04997  -0.15801   0.02477   0.05309 
  0.04810  -0.12738  -0.02957   0.06443  -0.00662  -0.03913   0.05382  -0.01305   0.05993  -0.04332  -0.17260   0.08147   0.05834  -0.16233   0.05464   0.02438   0.00629  -0.09314   0.00740   0.05543 
  0.01888  -0.08219   0.00580   0.03880   0.02439  -0.06388  -0.01188   0.02907   0.05954  -0.02141  -0.16330   0.06420   0.12150  -0.18381   0.00200  -0.00747  -0.00200  -0.10736  -0.04598   0.10219 
  0.04995  -0.09568  -0.04673   0.05591   0.03668  -0.09816  -0.01365   0.03775   0.05014  -0.02352  -0.21132   0.09870   0.05847  -0.21336   0.00452   0.09361   0.05609  -0.16093  -0.00813   0.07464 
  0.04305  -0.12795  -0.03830   0.07547   0.00482  -0.08361   0.05718   0.00226   0.09192  -0.05232  -0.14394   0.03419   0.05978  -0.23261   0.08453   0.04127   0.04864  -0.08407   0.00369   0.02815 
  0.03727  -0.10653   0.01561   0.02827   0.04351  -0.11821  -0.02559   0.05083   0.05832  -0.02306  -0.15673   0.06297   0.10370  -0.18644  -0.02581   0.04209   0.02347  -0.13329  -0.05406   0.10724 
  0.05685  -0.12007  -0.05792   0.07082   0.02849  -0.15117   0.00043   0.06617   0.04411  -0.03513  -0.21875   0.11405   0.07246  -0.20314   0.00368   0.07229   0.04272  -0.16793  -0.00937   0.08620 
  0.03750  -0.14591  -0.03291   0.08643   0.02357  -0.09877   0.05508  -0.00927   0.06186  -0.04524  -0.15176   0.06954   0.05988  -0.18376   0.08809   0.00663   0.03966  -0.09259   0.02237   0.02431 
  0.03357  -0.10277   0.02226   0.02401   0.04130  -0.07476  -0.03661   0.03534   0.06095   0.02538  -0.17902   0.04006   0.11640  -0.15669  -0.02157  -0.00063   0.04047  -0.07706  -0.07628   0.08179 
  0.06427  -0.07493  -0.07106   0.04447   0.03035  -0.10673  -0.00328   0.04221   0.07402  -0.04802  -0.22738   0.09495   0.07808  -0.23187  -0.03861   0.10791   0.07008  -0.18928  -0.00678   0.07869 
  0.05481  -0.14710  -0.04547   0.07926   0.02695  -0.11542   0.06318  -0.01127   0.06537  -0.05635  -0.16109   0.07699   0.07334  -0.19375   0.04902   0.03077   0.03275  -0.09380   0.02194   0.02964 
  0.03806  -0.11215   0.01616   0.03056   0.03747  -0.05523  -0.05193   0.03871   0.08080  -0.00611  -0.18551   0.04205   0.11436  -0.17993  -0.02415   0.02122   0.02644  -0.13865  -0.04769   0.10467 
  0.06280  -0.09921  -0.06757   0.05902   0.03685  -0.12142  -0.03888   0.07042   0.05527  -0.05397  -0.20779   0.10849   0.07931  -0.24293  -0.01177   0.09578   0.07687  -0.18284  -0.00010   0.06711 
  0.05309  -0.15327  -0.04516   0.08382   0.01476  -0.06491   0.03474  -0.00078   0.08300  -0.07227  -0.17058   0.07118   0.08639  -0.22575   0.07158   0.01327   0.03378  -0.07698  -0.00264   0.03754 
  0.04017  -0.09957   0.00187   0.03215   0.03963  -0.05496  -0.05679   0.03946   0.06562   0.01275  -0.24954   0.07769   0.10442  -0.16254  -0.08554   0.06340   0.02311  -0.10753  -0.08333   0.11084 
  0.05631  -0.08219  -0.10326   0.07680   0.02545  -0.11758  -0.04154   0.08298   0.03665  -0.07099  -0.25033   0.15049   0.05519  -0.19861  -0.01388   0.10100   0.06486  -0.18305   0.00074   0.07382 
  0.03481  -0.14690  -0.05085   0.10063  -0.03339  -0.03438   0.07543  -0.00796   0.08169  -0.02380  -0.17451   0.04652   0.08590  -0.22005   0.08795  -0.00548   0.05466  -0.11717   0.01970   0.03197 
  0.02777  -0.09568   0.02561   0.02239   0.05399  -0.06393  -0.08424   0.04694   0.10760  -0.07501  -0.21846   0.06764   0.16362  -0.21917  -0.04697  -0.01633   0.05558  -0.10997  -0.09765   0.10285 
  0.09530  -0.11490  -0.10452   0.05699   0.14344  -0.09372  -0.15237  -0.02183   0.17336  -0.05475  -0.28227  -0.00737   0.18554  -0.20165  -0.09405  -0.03632   0.13043  -0.12106  -0.07614   0.05006 
  0.15064  -0.11748  -0.13300   0.00750   0.12405   0.00926  -0.06108  -0.16024   0.27108  -0.07367  -0.25982  -0.24257   0.18033  -0.08544   0.02517  -0.27931   0.09729   0.04689  -0.06086  -0.06401 
  0.16438  -0.01191  -0.07441  -0.15631   0.26562  -0.24048  -0.30610  -0.10861   0.35642  -0.25753  -0.52846  -0.24117   0.32924  -0.34320  -0.37086  -0.15933   0.13041  -0.07774  -0.10171   0.03987 
  0.30572  -0.23369  -0.30552  -0.11233  -0.10122  -0.75013   0.45962  -0.65060  -0.04431  -0.30007   0.29480  -0.22539   0.04311  -0.59193   0.37927  -0.25591  -0.30832  -0.52667   0.44071  -0.35328 
 -0.07697  -0.60783   0.42989  -0.44776  -4.12258  -4.12258   0.63916  -4.12258  -4.12258  -4.12258   0.61583  -4.12258  -3.31147  -4.12258   0.70468  -4.12258  -2.36152  -4.12258   0.59724  -4.12258 
 -3.19604  -4.12258   0.63591  -4.12258  -4.12258  -4.12258  -4.12258   0.60363  -4.12258  -4.12258  -4.12258  -4.12258  -4.12258  -1.26703  -4.12258   0.60700  -4.12258  -4.12258  -4.12258  -4.12258 
 -4.12258  -1.20949  -4.12258   0.56600  -4.12258  -4.12258  -4.12258  -4.12258   0.51915  -4.12258  -0.96366  -1.70236  -4.12258  -4.12258  -4.12258  -4.12258   0.60850  -1.07668  -0.37250  -0.40510 
  0.44772  -1.04437  -0.33883  -0.34936   0.28882  -0.50106  -0.36819  -0.02962   0.16460  -0.15089  -0.15607  -0.00595   0.41666  -0.58919  -0.33229  -0.52147   0.13456  -0.32232   0.05189   0.04530 
  0.32970  -0.49129  -0.27969  -0.06680  -0.60743  -0.80912   0.54675  -0.48051  -0.36733  -0.51708   0.40803  -0.13705  -0.49853  -0.82434   0.55367  -0.18021  -0.25591  -0.63047   0.40949  -0.21170 
 -0.48390  -0.74430   0.50819  -0.33115  -0.12419  -0.31797   0.05281   0.21253  -0.16195  -0.28631  -0.18890   0.30613  -0.19613  -0.39328  -0.51250   0.42293  -0.01295  -0.31208  -0.04742   0.18302 
 -0.14899  -0.33004  -0.35169   0.34884   0.14607  -0.20475  -0.12510   0.02239   0.17239  -0.27471  -0.37841   0.12791   0.13925  -0.33594  -0.19199   0.15241   0.22886  -0.33075  -0.12367   0.08856 
  0.12555  -0.28649  -0.13242   0.11720   0.00168  -0.23441  -0.07013   0.17232   0.10174  -0.27222  -0.27670   0.17188   0.11303  -0.29939  -0.12429   0.14170   0.05712  -0.39461   0.02041   0.13601 
  0.04039  -0.30317  -0.05533   0.15884   0.02442  -0.12202  -0.11729   0.13172   0.10798  -0.14301  -0.36282   0.15039   0.08456  -0.33653  -0.11471   0.18078   0.09907  -0.21026  -0.07247   0.11001 
  0.05114  -0.19316  -0.11565   0.14241   0.00303  -0.11641  -0.05526   0.11433   0.01424  -0.12219  -0.27144   0.19565   0.07027  -0.21840  -0.12329   0.15196   0.04586  -0.15995  -0.07594   0.11999 
  0.01300  -0.14868  -0.09560   0.14356   0.00002  -0.13464  -0.07988   0.14027   0.04857  -0.13827  -0.31254   0.18750   0.05765  -0.23615  -0.21781   0.20552   0.04643  -0.16411  -0.09707   0.13207 
  0.01583  -0.16137  -0.13415   0.16482   0.02672  -0.18747  -0.09210   0.14460   0.04459  -0.16738  -0.29483   0.19532   0.04958  -0.25771  -0.20669   0.21708   0.02942  -0.20080  -0.12624   0.16708 
  0.01336  -0.19758  -0.14351   0.18438  -0.00494  -0.13044  -0.12868   0.16755   0.02515  -0.16417  -0.37639   0.22957   0.03608  -0.27410  -0.14270   0.21277   0.03012  -0.20493  -0.13529   0.17193 
 -0.00647  -0.18488  -0.15550   0.19746  -0.01383  -0.14268  -0.07682   0.15421   0.00958  -0.16400  -0.33192   0.22948   0.06324  -0.26491  -0.15643   0.19128   0.01094  -0.20852  -0.11749   0.17393 
 -0.01472  -0.18835  -0.12955   0.19356  -0.01984  -0.11772  -0.07051   0.14468   0.01663  -0.13439  -0.31342   0.21039   0.03429  -0.27029  -0.09833   0.19582   0.02376  -0.19485  -0.12090   0.16518 
 -0.01623  -0.17275  -0.12011   0.18478  -0.00946  -0.14947  -0.10890   0.16985   0.01991  -0.14850  -0.30738   0.21110   0.08321  -0.35890  -0.15245   0.20351   0.02116  -0.18995  -0.11048   0.16004 
 -0.00082  -0.19470  -0.13493   0.18923  -0.01990  -0.13240  -0.08765   0.16058   0.02936  -0.12211  -0.33571   0.20294   0.05094  -0.30710  -0.10153   0.19618   0.03089  -0.21486  -0.10605   0.16269 
 -0.00771  -0.18900  -0.12029   0.18550   0.00716  -0.16995  -0.11248   0.16577   0.06075  -0.20318  -0.28416   0.19043   0.04269  -0.33068  -0.13384   0.22294   0.02126  -0.22042  -0.10957   0.17028 
  0.00247  -0.21711  -0.12936   0.19262  -0.01379  -0.15734  -0.08319   0.16368   0.04540  -0.12392  -0.31329   0.18510   0.06983  -0.34485  -0.11083   0.19563   0.01249  -0.18578  -0.10230   0.15860 
 -0.00524  -0.18856  -0.11528   0.18157  -0.00609  -0.17416  -0.10049   0.17272   0.02882  -0.15716  -0.32633   0.21262   0.05298  -0.28322  -0.15594   0.20676   0.01939  -0.20771  -0.07961   0.15309 
 -0.00499  -0.19891  -0.11973   0.18709   0.01070  -0.19490  -0.06499   0.14747   0.03428  -0.15797  -0.29371   0.19982   0.06843  -0.34348  -0.14220   0.20838   0.03936  -0.22779  -0.08820   0.15521 
  0.00944  -0.22249  -0.10759   0.18052   0.01638  -0.18279  -0.08381   0.14794   0.02880  -0.15931  -0.25765   0.19332   0.05410  -0.35407  -0.09783   0.20701   0.03196  -0.22388  -0.09178   0.15888 
  0.00633  -0.21991  -0.10397   0.18012   0.02282  -0.21265  -0.05204   0.13545   0.05246  -0.16188  -0.22318   0.16328   0.08759  -0.33511  -0.08120   0.16270   0.05258  -0.22614  -0.06533   0.13715 
  0.02594  -0.22627  -0.07694   0.15561   0.02194  -0.18163  -0.07700   0.13853   0.06861  -0.22590  -0.24517   0.17800   0.07581  -0.35487  -0.08783   0.18369   0.05361  -0.26928  -0.05097   0.14373 
  0.03028  -0.24867  -0.08273   0.16306   0.03044  -0.19851  -0.07364   0.13520   0.07980  -0.19356  -0.24215   0.15688   0.10969  -0.31845  -0.10354   0.14347   0.09117  -0.25897  -0.07039   0.13107 
  0.05212  -0.23854  -0.09121   0.14688   0.02374  -0.14715  -0.08619   0.12718   0.06968  -0.19397  -0.30795   0.18731   0.08668  -0.31674  -0.15400   0.18738   0.05823  -0.19830  -0.08585   0.13438 
  0.03582  -0.19847  -0.11657   0.15697   0.00852  -0.13735  -0.07918   0.13332   0.09410  -0.15841  -0.28520   0.14604   0.07280  -0.25348  -0.11619   0.16188   0.07144  -0.19662  -0.09133   0.12965 
  0.03435  -0.17995  -0.10959   0.14749   0.02328  -0.16913  -0.08901   0.13874   0.08166  -0.13540  -0.25199   0.13756   0.07688  -0.29024  -0.07668   0.15490   0.03777  -0.19945  -0.06995   0.13687 
  0.03028  -0.19360  -0.09507   0.14906   0.01370  -0.15420  -0.08194   0.13753   0.10955  -0.18991  -0.30632   0.14887   0.08859  -0.29417  -0.11732   0.16284   0.05023  -0.19831  -0.06909   0.12992 
  0.03817  -0.19713  -0.10433   0.14889   0.02222  -0.13970  -0.09464   0.12998   0.04016  -0.15493  -0.29730   0.19539   0.06003  -0.27713  -0.10340   0.17803   0.05332  -0.18381  -0.09506   0.13568 
  0.02283  -0.17931  -0.11602   0.15893   0.01434  -0.14675  -0.08723   0.13659   0.01818  -0.19570  -0.28529   0.22055   0.05980  -0.24414  -0.15119   0.18428   0.07261  -0.16851  -0.11331   0.12831 
  0.02039  -0.17444  -0.12783   0.16407  -0.01313  -0.07968  -0.14199   0.15728   0.03506  -0.19722  -0.41282   0.24002   0.05311  -0.23972  -0.19907   0.20495   0.06940  -0.18261  -0.10388   0.13127 
  0.01146  -0.16014  -0.15896   0.17769   0.00385  -0.07807  -0.17123   0.15502  -0.02389  -0.21994  -0.37224   0.27393   0.08766  -0.27429  -0.17100   0.17726   0.08926  -0.17946  -0.11122   0.12284 
  0.01771  -0.16651  -0.16163   0.17696   0.01144  -0.04765  -0.20032   0.14475   0.02646  -0.24720  -0.43679   0.26284   0.09259  -0.30004  -0.20182   0.19256   0.10650  -0.17873  -0.09819   0.10617 
  0.03503  -0.16260  -0.17266   0.16733   0.04771  -0.04214  -0.24089   0.12269   0.05269  -0.25481  -0.45253   0.24993   0.19000  -0.37221  -0.23617   0.11566   0.11888  -0.20435  -0.09181   0.10598 
  0.07568  -0.17995  -0.18702   0.14784   0.05680  -0.03517  -0.26398   0.11795   0.08883  -0.34659  -0.47014   0.24598   0.20482  -0.40319  -0.26027   0.11312   0.15648  -0.17501  -0.08639   0.06482 
  0.10036  -0.17359  -0.19738   0.12726   0.06372  -0.01742  -0.26708   0.10041   0.11339  -0.30982  -0.40697   0.20559   0.21053  -0.30305  -0.28116   0.07234   0.17244  -0.20782  -0.09718   0.07383 
  0.11398  -0.16239  -0.20435   0.11184   0.06469  -0.03823  -0.25645   0.10814   0.07482  -0.23330  -0.39028   0.21550   0.20804  -0.36358  -0.23893   0.08623   0.16292  -0.22615  -0.07996   0.07890 
  0.10584  -0.17549  -0.18964   0.11962   0.05336  -0.05548  -0.23595   0.12240   0.07113  -0.21146  -0.36895   0.20748   0.17526  -0.35523  -0.19941   0.11643   0.12681  -0.20134  -0.08594   0.09667 
  0.08470  -0.17129  -0.17796   0.13261   0.00674  -0.03485  -0.14787   0.11792   0.06324  -0.21394  -0.36910   0.21445   0.13949  -0.33273  -0.16604   0.14105   0.10662  -0.21202  -0.07580   0.10803 
  0.05331  -0.16651  -0.14057   0.14118   0.00536  -0.06513  -0.19504   0.15722   0.02779  -0.19524  -0.35221   0.23117   0.10368  -0.31802  -0.14013   0.16550   0.05686  -0.22523  -0.05283   0.12810 
  0.02583  -0.18208  -0.13783   0.16749   0.00222  -0.08909  -0.13976   0.14760   0.00678  -0.18624  -0.28763   0.22620   0.04795  -0.33637  -0.15820   0.22885   0.06598  -0.24001  -0.05945   0.13224 
  0.00872  -0.19869  -0.11769   0.17704  -0.01763  -0.12430  -0.12962   0.17572   0.02554  -0.18140  -0.30679   0.21720   0.03486  -0.31847  -0.13260   0.22490   0.05952  -0.22954  -0.10071   0.15209 
 -0.00009  -0.20316  -0.13223   0.19065  -0.00922  -0.15232  -0.08578   0.15916   0.03501  -0.15371  -0.32331   0.20618   0.04175  -0.34839  -0.09083   0.21274   0.06210  -0.26260  -0.08526   0.15452 
  0.00428  -0.22556  -0.10668   0.18462   0.00065  -0.20509  -0.03095   0.14031   0.06093  -0.18815  -0.34841   0.20369   0.03023  -0.31939  -0.10688   0.21931   0.12751  -0.24535  -0.13123   0.13493 
  0.03198  -0.23345  -0.11509   0.17180  -0.02978  -0.21840   0.02947   0.13148   0.07510  -0.20682  -0.37930   0.20541   0.03227  -0.38197  -0.02819   0.20279   0.14769  -0.25236  -0.13277   0.12575 
  0.03357  -0.25293  -0.08170   0.16155  -0.04854  -0.29616   0.08846   0.12822   0.07547  -0.21562  -0.34113   0.19812   0.00179  -0.36928   0.02008   0.19879   0.18141  -0.27273  -0.14524   0.11597 
  0.03481  -0.28297  -0.05053   0.15432  -0.05305  -0.27182   0.12447   0.09078   0.07399  -0.18350  -0.33943   0.18921  -0.00514  -0.32329   0.06878   0.16046   0.22797  -0.30727  -0.17959   0.10765 
  0.04919  -0.27813  -0.03399   0.13198  -0.07322  -0.29524   0.18339   0.05229   0.07302  -0.19886  -0.31594   0.18830   0.00438  -0.42767   0.10711   0.15943   0.20248  -0.28975  -0.17186   0.11812 
  0.03537  -0.30119   0.00775   0.12497  -0.09763  -0.28447   0.19378   0.05711   0.08830  -0.20439  -0.38977   0.19612   0.00021  -0.36790   0.12638   0.12972   0.23305  -0.27655  -0.17020   0.08914 
