8 20 7 1 43 -0.9920 1.7568 3.0251 13314
  0.06072  -0.37853   0.10186   0.05156   0.04676  -0.33790   0.18717  -0.08529   0.11401  -0.17939  -0.03368  -0.00441  -0.24443  -0.55760   0.15399   0.29262   0.29023  -0.36588   0.01314  -0.05839 
  0.04960  -0.37819   0.10085   0.06351   0.03976  -0.34338   0.18893  -0.07417   0.10925  -0.21984  -0.00927   0.00032  -0.21690  -0.57362   0.09468   0.31703   0.29129  -0.36228  -0.00720  -0.04239 
  0.05197  -0.38666   0.08071   0.08195   0.03450  -0.35951   0.16910  -0.02827   0.10781  -0.25557  -0.12432   0.09627  -0.18683  -0.59313   0.07525   0.31795   0.29885  -0.39627  -0.04736  -0.00681 
  0.06135  -0.41019   0.04850   0.10590   0.02480  -0.34731   0.15525  -0.00051   0.04167  -0.22283  -0.05447   0.11255  -0.13837  -0.48495   0.01180   0.30947   0.26182  -0.37873  -0.03418   0.01936 
  0.04960  -0.37088   0.03919   0.11243   0.02384  -0.34001   0.13329   0.02541   0.06769  -0.14334  -0.18356   0.12635  -0.12906  -0.49646  -0.04749   0.32956   0.23265  -0.33603  -0.04359   0.04033 
  0.04371  -0.34372   0.00459   0.13327  -0.00043  -0.29457   0.11196   0.06024   0.03374  -0.19180  -0.14886   0.15879  -0.09035  -0.43528  -0.09705   0.31766   0.19911  -0.30403  -0.04669   0.06053 
  0.02920  -0.30920  -0.01032   0.14381   0.02007  -0.24288   0.03507   0.08909   0.05855  -0.21200  -0.23295   0.17810  -0.03576  -0.37034  -0.13573   0.28727   0.15940  -0.31244  -0.06000   0.10117 
  0.03607  -0.28581  -0.05806   0.15826   0.00828  -0.22073   0.03634   0.09141   0.03940  -0.17215  -0.20318   0.17013  -0.00824  -0.39770  -0.12016   0.27224   0.10656  -0.25533  -0.06657   0.11916 
  0.01805  -0.25520  -0.05246   0.15877   0.00564  -0.20800   0.00910   0.10979   0.05446  -0.12495  -0.29717   0.17327   0.02263  -0.31562  -0.17477   0.24711   0.08814  -0.24635  -0.08420   0.13541 
  0.02025  -0.22685  -0.08811   0.16548   0.00343  -0.17117  -0.03809   0.12849   0.05122  -0.15500  -0.29172   0.18502   0.03067  -0.28246  -0.12722   0.21439   0.06351  -0.20954  -0.08768   0.13684 
  0.01266  -0.19912  -0.09701   0.16506   0.00203  -0.15156  -0.08753   0.15005   0.05598  -0.17765  -0.31564   0.19561   0.03682  -0.29009  -0.11949   0.20922   0.05963  -0.19760  -0.09417   0.13746 
  0.01348  -0.19317  -0.11741   0.17160  -0.01461  -0.16278  -0.05510   0.15123   0.03305  -0.20077  -0.28874   0.21244   0.06216  -0.29780  -0.18039   0.21228   0.04033  -0.20310  -0.10358   0.15316 
  0.00288  -0.20246  -0.11686   0.18197   0.01067  -0.15379  -0.10166   0.15069   0.04026  -0.16433  -0.30292   0.20002   0.07132  -0.30814  -0.17112   0.20469   0.03117  -0.20379  -0.10904   0.16000 
  0.00958  -0.19668  -0.13303   0.18229  -0.00993  -0.14222  -0.10571   0.16568   0.02959  -0.13840  -0.33549   0.20832   0.07724  -0.30781  -0.13994   0.18796   0.02720  -0.20411  -0.07980   0.14840 
  0.00107  -0.18968  -0.11871   0.17932   0.00171  -0.14714  -0.08547   0.14734   0.04050  -0.13186  -0.31756   0.19302   0.04050  -0.29375  -0.13206   0.21218   0.04300  -0.20774  -0.12047   0.16103 
  0.00420  -0.18989  -0.13017   0.18221  -0.01407  -0.16166  -0.09378   0.17106   0.05402  -0.15602  -0.33445   0.19533   0.05824  -0.30340  -0.10682   0.19067   0.02769  -0.20151  -0.10562   0.15922 
  0.00034  -0.19580  -0.12318   0.18397  -0.01021  -0.16528  -0.10178   0.17329   0.05664  -0.18605  -0.26718   0.18316   0.04382  -0.30324  -0.08516   0.19413   0.05540  -0.20831  -0.09463   0.14376 
  0.00720  -0.20381  -0.10990   0.17649   0.00559  -0.18231  -0.08082   0.15585   0.04161  -0.14843  -0.29788   0.19225   0.07229  -0.31228  -0.11015   0.18232   0.03705  -0.21058  -0.08912   0.15069 
  0.01124  -0.20606  -0.10881   0.17405   0.00947  -0.15491  -0.10474   0.15381   0.04525  -0.18266  -0.33408   0.21045   0.06113  -0.31057  -0.11842   0.19522   0.04151  -0.22615  -0.09746   0.15793 
  0.01230  -0.20968  -0.12431   0.18141   0.01728  -0.14184  -0.08343   0.12947   0.02020  -0.18426  -0.25162   0.20564   0.06522  -0.36294  -0.10413   0.20257   0.03534  -0.21395  -0.08816   0.15222 
  0.00827  -0.20809  -0.10251   0.17397   0.01727  -0.19557  -0.07506   0.14734   0.05005  -0.10464  -0.27912   0.16335   0.06175  -0.31687  -0.11282   0.19458   0.06350  -0.23591  -0.05798   0.13130 
  0.02233  -0.21471  -0.09140   0.16121   0.00908  -0.19064  -0.04739   0.13701   0.05321  -0.18274  -0.25677   0.18151   0.08754  -0.32658  -0.11007   0.17256   0.06817  -0.22537  -0.07463   0.13377 
  0.02954  -0.22261  -0.08880   0.15750   0.02736  -0.17162  -0.08236   0.13216   0.08608  -0.18738  -0.25929   0.15507   0.09120  -0.33904  -0.09594   0.16706   0.07071  -0.25039  -0.05654   0.13184 
  0.04283  -0.23017  -0.08914   0.15023   0.03027  -0.16699  -0.08854   0.13080   0.05741  -0.15510  -0.23789   0.16202   0.10146  -0.35761  -0.12736   0.17603   0.03884  -0.21830  -0.05582   0.13605 
  0.03394  -0.21448  -0.09350   0.15350   0.01428  -0.15581  -0.08319   0.13838   0.07068  -0.20284  -0.29090   0.18412   0.08867  -0.33434  -0.08798   0.16445   0.04902  -0.19438  -0.07128   0.13013 
  0.02999  -0.20358  -0.09825   0.15469   0.02207  -0.16185  -0.08401   0.13405   0.07807  -0.17319  -0.23486   0.14879   0.09487  -0.35450  -0.09645   0.16870   0.06006  -0.23356  -0.05912   0.13282 
  0.03807  -0.22097  -0.08897   0.15049   0.02802  -0.14283  -0.11045   0.13425   0.07983  -0.15580  -0.33975   0.17506   0.07183  -0.28662  -0.10797   0.17252   0.06866  -0.20367  -0.07715   0.12672 
  0.03807  -0.18989  -0.11667   0.15196   0.03204  -0.16376  -0.12120   0.14493   0.08008  -0.21648  -0.29732   0.18211   0.10202  -0.30411  -0.15765   0.16903   0.05713  -0.19549  -0.07861   0.13023 
  0.04261  -0.20336  -0.12450   0.15725   0.03049  -0.12879  -0.16108   0.15019   0.07848  -0.18191  -0.33879   0.18471   0.06265  -0.26390  -0.14315   0.18650   0.07523  -0.17755  -0.09296   0.12080 
  0.03752  -0.17410  -0.14351   0.15809  -0.00031  -0.09594  -0.12128   0.14420   0.05493  -0.17182  -0.35219   0.20433   0.08000  -0.29734  -0.16725   0.19174   0.09695  -0.18041  -0.10689   0.11682 
  0.03327  -0.16931  -0.14390   0.15953  -0.00551  -0.09630  -0.15522   0.16482   0.03278  -0.19095  -0.31259   0.21642   0.09300  -0.31645  -0.20345   0.19831   0.05280  -0.19674  -0.09984   0.14319 
  0.01711  -0.18150  -0.15123   0.17900   0.00657  -0.06325  -0.20800   0.16042   0.01087  -0.17714  -0.35663   0.23843   0.10888  -0.33765  -0.21398   0.19321   0.08940  -0.19133  -0.09360   0.11897 
  0.02897  -0.16931  -0.16525   0.17151  -0.01428  -0.03902  -0.24783   0.18010   0.01946  -0.25547  -0.40425   0.26302   0.12131  -0.27414  -0.25277   0.16991   0.09008  -0.19181  -0.10062   0.12226 
  0.02715  -0.16170  -0.18987   0.17924   0.03725  -0.00991  -0.32030   0.14254  -0.01464  -0.25561  -0.48241   0.29635   0.12692  -0.27202  -0.25918   0.16490   0.11065  -0.17606  -0.10794   0.10746 
  0.04360  -0.14473  -0.21761   0.17036   0.04127  -0.01547  -0.31349   0.13972   0.00951  -0.27444  -0.46977   0.28475   0.17632  -0.31612  -0.31061   0.13779   0.12020  -0.19318  -0.08815   0.09864 
  0.06124  -0.16008  -0.21159   0.16096   0.03945   0.02748  -0.37026   0.13187   0.03071  -0.27420  -0.55913   0.28494   0.22251  -0.32946  -0.37323   0.09324   0.14908  -0.18177  -0.10592   0.08402 
  0.08414  -0.13773  -0.25124   0.14634   0.06336  -0.02792  -0.32915   0.12942   0.06964  -0.34315  -0.40847   0.24812   0.21625  -0.39842  -0.34191   0.11976   0.15818  -0.22348  -0.08791   0.08565 
  0.09899  -0.18816  -0.21761   0.14258   0.07870  -0.06658  -0.27139   0.11457   0.12286  -0.30575  -0.41691   0.19825   0.19240  -0.34041  -0.21955   0.09389   0.15899  -0.25991  -0.04700   0.07554 
  0.11109  -0.20493  -0.16981   0.11841   0.06660  -0.02143  -0.28744   0.10751   0.09880  -0.22362  -0.28228   0.16252   0.18026  -0.41189  -0.16655   0.11567   0.10628  -0.25567  -0.04957   0.11009 
  0.09079  -0.18214  -0.16073   0.12421   0.00928  -0.02069  -0.24171   0.14796   0.01924  -0.14536  -0.31044   0.21138   0.03772  -0.29962  -0.11900   0.21155   0.04164  -0.22128  -0.06159   0.13880 
  0.01041  -0.15084  -0.14984   0.17094  -0.06679  -0.04708  -0.19236   0.20255  -0.04013  -0.15326  -0.28128   0.24371  -0.05197  -0.33254  -0.07981   0.26826  -0.03875  -0.21235  -0.07575   0.17621 
 -0.07382  -0.16972  -0.12732   0.21934  -0.07359  -0.12693  -0.26187   0.26160  -0.06667  -0.20537  -0.31571   0.28052  -0.04851  -0.30194  -0.16344   0.28493  -0.02307  -0.23813  -0.10408   0.19111 
 -0.08327  -0.21014  -0.16421   0.25040  -0.05921  -0.12760  -0.31783   0.26788  -0.11782  -0.18032  -0.28971   0.29179  -0.05474  -0.33798  -0.11011   0.28176  -0.07037  -0.27271  -0.09795   0.21448 
 -0.11153  -0.22732  -0.15283   0.26415  -0.06022  -0.09013  -0.27260   0.24298  -0.03545  -0.18632  -0.24588   0.24050  -0.03026  -0.35962  -0.03081   0.24303  -0.04499  -0.22314   0.01366   0.13465 
 -0.08741  -0.19845  -0.05758   0.20643  -0.00915  -0.15637  -0.42206   0.26849  -0.02814  -0.18001  -0.32203   0.25492   0.04688  -0.37455  -0.08647   0.21438  -0.04967  -0.24679  -0.12863   0.21253 
 -0.04139  -0.23137  -0.18878   0.24406   0.18413  -0.09910  -0.56753   0.07513   0.12950  -0.14372  -0.21673   0.07380   0.17760  -0.35413  -0.24642   0.13002   0.09562  -0.14360  -0.07397   0.08367 
  0.10703  -0.15164  -0.18208   0.10417  -0.13033  -0.24122  -1.51521   0.41126   0.03373  -0.24230  -1.29103   0.32083  -0.16875  -0.23730  -1.02136   0.41155  -0.27056  -0.19058  -1.10881   0.36636 
 -0.13973  -0.22167  -1.21829   0.38639   0.50903  -4.12434  -4.12434  -4.12434   0.53308  -4.12434  -4.12434  -4.12434   0.53211  -4.12434  -4.12434  -4.12434   0.73333  -4.12434  -4.12434  -4.12434 
  0.57074  -4.12434  -4.12434  -4.12434  -4.12434  -4.12434   0.63916  -4.12434  -4.12434  -4.12434  -4.12434  -4.12434  -4.12434  -4.12434  -4.12434  -4.12434  -4.12434  -4.12434  -4.12434  -4.12434 
 -4.12434  -4.12434   0.63598  -4.12434  -4.12434  -4.12434  -4.12434  -4.12434  -4.12434  -4.12434  -4.12434  -4.12434  -0.03047  -0.52899   0.35837  -0.09154  -4.12434  -4.12434  -4.12434  -4.12434 
  0.00815  -0.47133   0.28961  -0.13254  -0.02124  -0.19634  -0.09773   0.19148   0.02986  -0.00954  -0.35400   0.15987   0.05955  -0.24610  -0.12720   0.17599  -0.05466  -0.16244  -0.11513   0.18134 
  0.03203  -0.17747  -0.15143   0.16689   0.09167  -0.09242  -0.23795   0.10015   0.05956  -0.09242  -0.27389   0.14823   0.04531  -0.21049  -0.07579   0.15091   0.12401  -0.29697  -0.03070   0.10232 
  0.06544  -0.18621  -0.11391   0.12668  -0.02145  -0.01124  -0.10823   0.10884   0.02955  -0.02701  -0.12730   0.07870   0.01206  -0.17811   0.07933   0.06821   0.01034  -0.09763   0.01407   0.05091 
 -0.01246  -0.07236  -0.02381   0.08195  -0.00632  -0.03816  -0.12957   0.12289  -0.01874   0.01634  -0.11207   0.08809   0.03379  -0.12793   0.01697   0.05996  -0.02267  -0.07123  -0.03898   0.08823 
 -0.01246  -0.05625  -0.06114   0.09595   0.01835  -0.12173  -0.07130   0.11179   0.01055  -0.04020  -0.19306   0.13527   0.03183  -0.23192   0.03877   0.10833   0.02039  -0.17309   0.02445   0.07716 
  0.00815  -0.14375  -0.03133   0.10913   0.01405  -0.09644   0.04690   0.00998   0.06200  -0.08237  -0.08448   0.04954   0.07733  -0.22569   0.08347   0.01486   0.01421  -0.10834   0.02423   0.04723 
  0.02589  -0.12091   0.02810   0.03804   0.04087  -0.09561  -0.04760   0.05724   0.03973  -0.01915  -0.10830   0.05213   0.11747  -0.20387   0.01766  -0.00002   0.02695  -0.09450  -0.02397   0.06693 
  0.05637  -0.10489  -0.03682   0.04819   0.05019  -0.13150  -0.06224   0.07652   0.01320  -0.00229  -0.16767   0.10085   0.09349  -0.27327  -0.01513   0.09580   0.04536  -0.15559   0.02393   0.05522 
  0.04819  -0.14336  -0.03929   0.07953   0.00179  -0.07195   0.06723  -0.01310   0.06391  -0.07102  -0.09079   0.04520   0.06267  -0.24756   0.10393   0.02820   0.02815  -0.10134   0.03498   0.02637 
  0.02578  -0.11483   0.04125   0.02294   0.04031  -0.09685  -0.02474   0.04136   0.05835  -0.01653  -0.10755   0.02905   0.08893  -0.18404   0.03911   0.01111   0.02586  -0.14597  -0.03188   0.09905 
  0.05316  -0.11630  -0.02816   0.05210   0.04971  -0.10442  -0.04118   0.04694   0.03972  -0.01602  -0.20202   0.10039   0.04465  -0.24651   0.04188   0.10009   0.04779  -0.19200   0.02084   0.07345 
  0.04107  -0.14492  -0.02651   0.07841   0.00680  -0.07899   0.04846   0.00556   0.06720  -0.06029  -0.12982   0.05978   0.05889  -0.21914   0.08681   0.03231   0.02875  -0.11095   0.04744   0.02126 
  0.02761  -0.11374   0.03126   0.02925   0.03272  -0.09800  -0.01255   0.04162   0.04844  -0.02243  -0.13250   0.05954   0.09535  -0.17553  -0.00189   0.02924   0.01897  -0.11742  -0.03721   0.09184 
  0.04840  -0.10704  -0.03975   0.05949   0.04886  -0.11477  -0.05054   0.06089   0.04507  -0.10618  -0.12711   0.10459   0.05160  -0.22698   0.02632   0.09365   0.04972  -0.16382   0.00103   0.07339 
  0.04283  -0.15204  -0.02921   0.08226   0.00539  -0.06117   0.04367  -0.00061   0.05318  -0.05888  -0.10350   0.05848   0.06736  -0.17199   0.05455   0.01931   0.02850  -0.09164   0.05146   0.00564 
  0.02589  -0.09186   0.02849   0.01923   0.03477  -0.07845  -0.01135   0.02552   0.04295  -0.02538  -0.14728   0.07540   0.08500  -0.17798   0.01468   0.03251   0.00968  -0.08674  -0.02866   0.07476 
  0.04437  -0.09360  -0.03606   0.05275   0.04082  -0.13689  -0.02676   0.06530   0.04630  -0.04257  -0.18223   0.09955   0.06845  -0.23265  -0.01349   0.10404   0.04081  -0.16883   0.02059   0.06685 
  0.04327  -0.14926  -0.03194   0.08226  -0.00391  -0.05332   0.06314  -0.01543   0.04251  -0.08164  -0.10837   0.08479   0.07490  -0.23089   0.09781   0.00758   0.01972  -0.08628   0.06093  -0.00118 
  0.02083  -0.10240   0.04597   0.01560   0.05917  -0.11265  -0.02510   0.02710   0.06512  -0.03669  -0.13474   0.05118   0.09302  -0.17210  -0.00151   0.02987   0.01393  -0.11448  -0.03551   0.09184 
  0.06072  -0.11192  -0.04426   0.05318   0.04707  -0.11652  -0.03957   0.05609   0.04606  -0.08100  -0.18636   0.12098   0.07307  -0.23951   0.00265   0.09197   0.05243  -0.15996   0.01235   0.06190 
  0.04905  -0.14945  -0.03529   0.07922   0.00370  -0.08823   0.05528   0.00880   0.08304  -0.08265  -0.10504   0.03855   0.07825  -0.22173   0.04693   0.04337   0.03863  -0.10205   0.03898   0.01698 
  0.03651  -0.11703   0.02584   0.02697   0.04316  -0.10088  -0.03128   0.04541   0.08184  -0.04197  -0.15445   0.04640   0.07755  -0.14843   0.00552   0.02908   0.02360  -0.08671  -0.04486   0.07769 
  0.05434  -0.09535  -0.04913   0.05296   0.02469  -0.11473  -0.02471   0.07022   0.06737  -0.06061  -0.18378   0.08863   0.08374  -0.23464  -0.01841   0.09057   0.02600  -0.14586   0.01049   0.07111 
  0.04283  -0.13947  -0.03575   0.08013   0.01682  -0.05998   0.05816  -0.03224   0.06289  -0.08427  -0.12985   0.07744   0.05501  -0.19881   0.08150   0.02939   0.03872  -0.09893   0.01583   0.03404 
  0.03101  -0.10346   0.02184   0.02742   0.01085  -0.08747  -0.01088   0.05930   0.06827  -0.00101  -0.15311   0.03531   0.09790  -0.17434   0.02004   0.00733  -0.01936  -0.09494  -0.01242   0.08309 
  0.03952  -0.09291  -0.02951   0.05242   0.03754  -0.11808  -0.01088   0.04642   0.07102  -0.06204  -0.17106   0.07918   0.05153  -0.24615   0.06154   0.07775   0.01877  -0.14177   0.02336   0.06356 
  0.03885  -0.14180  -0.00959   0.06697   0.00549  -0.07615   0.07738  -0.02637   0.09128  -0.06455  -0.13733   0.03832   0.07212  -0.20884   0.05082   0.04038   0.05238  -0.10628   0.02861   0.01964 
  0.04250  -0.11065   0.02451   0.01783   0.05319  -0.10355  -0.00359   0.01107   0.05634  -0.04128  -0.11856   0.05406   0.10210  -0.16143  -0.01707   0.02112   0.00923  -0.12277  -0.04333   0.10297 
  0.05839  -0.11065  -0.04006   0.05188   0.05336  -0.11681  -0.01755   0.03114   0.08011  -0.09230  -0.18533   0.09199   0.07290  -0.22374   0.01239   0.07727   0.04590  -0.15866  -0.00155   0.07485 
  0.05690  -0.14807  -0.03163   0.06853   0.01388  -0.07644   0.07678  -0.03690   0.06167  -0.04595  -0.13216   0.05907   0.09166  -0.18592   0.04466   0.00358   0.02873  -0.07353   0.05077  -0.00620 
  0.03852  -0.09134   0.03296   0.00151   0.05874  -0.07581  -0.02551   0.00370   0.06490  -0.03056  -0.14082   0.05125   0.08750  -0.16266   0.00435   0.02652   0.03717  -0.11136  -0.06049   0.09311 
  0.06471  -0.09815  -0.05166   0.04579   0.04582  -0.13107  -0.00595   0.03963   0.04385  -0.04879  -0.16475   0.09676   0.07957  -0.25952   0.00051   0.09573   0.06137  -0.16061   0.00925   0.05918 
  0.05240  -0.15164  -0.02426   0.06968   0.01369  -0.09409   0.05894  -0.00360   0.08299  -0.05813  -0.09256   0.01551   0.07026  -0.20666   0.07194   0.02315   0.00542  -0.08399   0.02822   0.03436 
  0.03214  -0.10614   0.02942   0.02144   0.02887  -0.09385  -0.00949   0.04122   0.05508  -0.00650  -0.15676   0.05611   0.08629  -0.16926  -0.00005   0.03609   0.00994  -0.12638  -0.03038   0.09666 
  0.04513  -0.10418  -0.04022   0.06130   0.04422  -0.13342  -0.00046   0.03840   0.05473  -0.06410  -0.18952   0.10595   0.04972  -0.21013   0.00253   0.10272   0.03912  -0.16930   0.00424   0.07965 
  0.04018  -0.14807  -0.02666   0.08094   0.00734  -0.03922   0.06498  -0.04411   0.06225  -0.02021  -0.13884   0.04659   0.05636  -0.19798   0.09314   0.01616   0.03690  -0.11091   0.01618   0.04194 
  0.02761  -0.09117   0.02584   0.01934   0.04417  -0.10206   0.00202   0.01726   0.07079  -0.04500  -0.13025   0.04701   0.09499  -0.17533  -0.00050   0.02856   0.03005  -0.12797  -0.02730   0.08532 
  0.05966  -0.11556  -0.03239   0.04808   0.03446  -0.08768  -0.02415   0.04237   0.06826  -0.06112  -0.18851   0.09025   0.08567  -0.20216  -0.03598   0.08166   0.04759  -0.16166   0.01412   0.06426 
  0.05197  -0.13028  -0.03790   0.06801   0.01847  -0.09366   0.08635  -0.04186   0.06996  -0.04641  -0.16228   0.06703   0.07868  -0.23577   0.06053   0.03969   0.03863  -0.09849   0.02524   0.02629 
  0.04051  -0.11465   0.02584   0.02132   0.05170  -0.08031  -0.03528   0.02454   0.08667  -0.05992  -0.12249   0.03207   0.09608  -0.18750  -0.00730   0.04016   0.03969  -0.12383  -0.02829   0.07866 
  0.06711  -0.11392  -0.04348   0.04721   0.03296  -0.12750   0.01196   0.03838   0.03101  -0.05228  -0.16521   0.11094   0.09845  -0.25378  -0.00848   0.07588   0.06098  -0.17024   0.01374   0.06085 
  0.05014  -0.15363  -0.01789   0.06843   0.02097  -0.05436   0.05627  -0.04051   0.07419  -0.02412  -0.14235   0.03725   0.07959  -0.21575   0.04659   0.03831   0.00389  -0.07004   0.02946   0.02524 
  0.03528  -0.08618   0.01752   0.01525   0.04699  -0.09700  -0.00913   0.02001   0.10237  -0.02922  -0.18965   0.03258   0.09597  -0.19810   0.01050   0.03381   0.03999  -0.10518  -0.06494   0.09096 
  0.06991  -0.10974  -0.05373   0.04885   0.02985  -0.14232   0.01311   0.04950   0.04943  -0.05958  -0.17829   0.10357   0.07162  -0.22194  -0.03345   0.10712   0.04999  -0.14532   0.01586   0.05332 
  0.04327  -0.14512  -0.02262   0.07381   0.02316  -0.08622   0.06971  -0.03411   0.04385  -0.04015  -0.12312   0.06950   0.06209  -0.16691   0.06059   0.01743   0.04202  -0.08961   0.03210   0.01280 
  0.03293  -0.09465   0.02770   0.01454   0.02329  -0.09929  -0.00035   0.04371   0.05998  -0.02913  -0.17467   0.07434   0.09240  -0.16172  -0.01467   0.03330  -0.00712  -0.10507  -0.03394   0.09628 
  0.04415  -0.10186  -0.04504   0.06414   0.02929  -0.09670  -0.01304   0.04537   0.07694  -0.07695  -0.25161   0.11657   0.06522  -0.24490   0.01813   0.09327   0.04712  -0.16483   0.00675   0.07135 
  0.04480  -0.14512  -0.03422   0.08024   0.01655  -0.09414   0.06858  -0.01788   0.06911  -0.07862  -0.13733   0.07200   0.07935  -0.23945   0.06492   0.03716   0.04755  -0.10155   0.00871   0.03575 
  0.04018  -0.12128   0.01874   0.03186   0.05204  -0.11328  -0.02564   0.03728   0.09228  -0.03367  -0.19463   0.05065   0.09401  -0.18349  -0.00020   0.03516   0.03143  -0.10445  -0.07245   0.09927 
