IntronPotTab 1 1024 0.11597
   -0.00117
   -0.02908
    0.00206
    0.01416
    0.01210
   -0.01281
   -0.10437
    0.01455
   -0.02169
   -0.01808
   -0.01687
    0.03209
   -0.00576
   -0.02055
   -0.00041
    0.01246
   -0.00614
   -0.01004
    0.00337
    0.01117
    0.00648
    0.00491
   -0.09286
    0.01233
    0.00339
    0.02684
   -0.01745
   -0.01053
   -0.00608
   -0.00717
   -0.00204
    0.00673
   -0.00883
   -0.02068
    0.02130
    0.01019
    0.00983
   -0.01056
   -0.05394
    0.00718
   -0.01848
    0.01738
    0.00801
    0.00491
   -0.01356
   -0.01772
   -0.01296
    0.01710
    0.00120
   -0.02843
    0.01189
    0.00386
    0.00535
   -0.01623
   -0.08269
    0.02013
   -0.00749
   -0.01125
   -0.02178
    0.02072
    0.00062
   -0.03217
   -0.01209
    0.01078
   -0.00280
   -0.02665
    0.01596
    0.01136
    0.01990
   -0.02633
   -0.10966
    0.01269
   -0.01331
   -0.01600
   -0.00054
    0.02170
    0.00602
   -0.01802
   -0.00095
    0.00169
   -0.01608
    0.00955
    0.00040
    0.01357
   -0.00778
    0.00571
   -0.10689
    0.03112
   -0.02488
    0.02132
    0.01170
    0.00227
   -0.01095
    0.00526
   -0.00270
    0.00630
   -0.01744
   -0.01928
    0.01783
    0.01986
    0.01326
   -0.03263
   -0.05781
    0.02163
   -0.02451
    0.00533
   -0.01127
    0.02384
    0.01234
   -0.03040
   -0.00120
    0.00628
   -0.00454
   -0.00867
    0.01186
    0.00508
    0.00178
   -0.01078
   -0.07723
    0.02209
   -0.00421
   -0.01336
   -0.02362
    0.02161
   -0.00298
   -0.02338
   -0.00518
    0.00961
   -0.00209
   -0.02786
   -0.00219
    0.01888
    0.00894
   -0.00183
   -0.13148
    0.03108
    0.00220
   -0.01688
   -0.01715
    0.01569
    0.00159
   -0.02535
   -0.00231
    0.00843
   -0.00369
   -0.00745
    0.00068
    0.00807
   -0.00505
    0.00745
   -0.09745
    0.03146
   -0.00382
    0.01692
   -0.01124
   -0.00147
   -0.00758
   -0.00673
   -0.00406
    0.01020
    0.00603
   -0.03123
   -0.00231
    0.00612
   -0.01032
    0.01680
   -0.08863
    0.02909
   -0.00025
    0.00112
   -0.02062
    0.01354
   -0.02975
   -0.00406
   -0.00380
    0.02346
   -0.00244
   -0.02282
   -0.00228
    0.01242
    0.00896
   -0.01716
   -0.09464
    0.02257
   -0.00922
   -0.00612
   -0.01000
    0.01701
    0.00197
   -0.03601
   -0.00374
    0.00919
   -0.00276
   -0.03172
    0.00546
    0.01479
    0.01981
   -0.03001
   -0.11611
    0.00930
   -0.01504
   -0.02068
   -0.02300
    0.03084
    0.01638
   -0.05995
   -0.02376
   -0.01877
   -0.01383
   -0.01669
    0.01114
    0.01854
    0.00141
    0.00510
   -0.10023
    0.02471
   -0.01115
    0.01986
   -0.01935
    0.00744
   -0.00835
   -0.00378
    0.00289
    0.00553
   -0.01470
   -0.01680
    0.00699
    0.02133
    0.00786
   -0.00847
   -0.06627
    0.01124
   -0.02668
    0.00192
   -0.00804
    0.02610
    0.00255
   -0.02953
   -0.00311
    0.00757
    0.00249
   -0.03165
    0.00097
    0.00775
    0.01318
   -0.01985
   -0.09908
    0.01595
   -0.01071
   -0.01013
   -0.02882
    0.02513
   -0.00254
   -0.03446
   -0.00865
    0.01216
   -0.00319
   -0.02160
    0.00255
    0.01434
    0.00625
    0.02046
   -0.15150
    0.01652
   -0.01506
   -0.00224
    0.01767
    0.00814
   -0.00560
   -0.00186
   -0.00680
    0.00892
   -0.01336
    0.02043
   -0.00244
    0.00558
    0.00849
    0.01532
   -0.11775
    0.01046
    0.00112
    0.02629
   -0.01141
   -0.01263
    0.00379
   -0.00073
   -0.00537
    0.00023
   -0.00541
   -0.00391
    0.00761
    0.00495
    0.00399
    0.02211
   -0.05587
   -0.00141
   -0.01512
    0.02518
    0.03248
   -0.01576
   -0.00152
   -0.00809
   -0.00725
    0.00650
   -0.00120
    0.01083
   -0.00438
   -0.00233
    0.01148
   -0.01365
   -0.09196
    0.01350
   -0.00631
   -0.00852
   -0.00494
    0.01279
    0.00015
   -0.00727
   -0.00956
    0.00496
    0.00289
   -0.01589
    0.01235
   -0.00221
    0.00929
   -0.00614
   -0.09281
    0.01800
   -0.00236
    0.00111
    0.00687
   -0.00178
    0.00070
   -0.00692
    0.01278
   -0.00309
    0.00076
   -0.00796
   -0.00198
    0.00444
    0.00712
   -0.00407
   -0.09271
    0.01853
   -0.01370
    0.03233
    0.01329
   -0.02040
   -0.00571
    0.00968
    0.00885
   -0.00632
   -0.01132
    0.01816
    0.00941
   -0.00306
    0.01517
   -0.02330
   -0.04072
    0.01697
    0.00456
    0.00970
   -0.00173
   -0.01152
    0.00096
   -0.01748
    0.02738
   -0.00707
    0.00333
   -0.02668
    0.01941
   -0.00133
    0.01358
   -0.01298
   -0.07725
    0.01471
   -0.01171
    0.00210
    0.01097
    0.00474
    0.00183
   -0.02271
    0.02666
   -0.00527
   -0.00243
   -0.00210
   -0.01349
    0.01265
   -0.00760
    0.03365
   -0.09439
    0.03176
   -0.00162
   -0.01183
   -0.00986
    0.01303
   -0.01923
    0.01419
   -0.00236
    0.01159
   -0.00655
    0.00932
   -0.00523
    0.00704
    0.00855
    0.02903
   -0.10779
    0.01115
   -0.00274
    0.04416
   -0.02497
   -0.01360
   -0.01485
    0.01336
   -0.00118
    0.00467
   -0.02034
   -0.01597
    0.02965
    0.01553
    0.00284
    0.03845
   -0.10554
    0.00888
    0.01092
   -0.01211
   -0.01531
    0.00514
    0.00912
   -0.01245
   -0.02582
    0.00916
    0.00589
   -0.01417
    0.00220
   -0.00327
    0.01425
   -0.00550
   -0.08717
    0.01829
   -0.00806
    0.00648
   -0.00189
    0.00545
    0.00217
   -0.02148
   -0.04218
    0.01927
   -0.00646
   -0.02252
    0.01121
    0.01547
    0.00339
    0.00878
   -0.11601
    0.01514
   -0.00621
   -0.02079
   -0.00170
    0.01890
   -0.00311
   -0.01303
   -0.00302
    0.00758
   -0.00887
   -0.00526
    0.00635
    0.01109
   -0.00107
    0.01919
   -0.06855
    0.01067
    0.00128
    0.01127
   -0.01356
   -0.00142
   -0.00309
    0.00642
   -0.00463
    0.00134
   -0.01325
    0.01037
    0.00680
    0.00729
    0.00258
    0.00224
   -0.07824
    0.01359
   -0.00819
   -0.00320
   -0.00327
    0.01165
   -0.00540
   -0.01345
    0.00611
    0.00562
    0.00269
   -0.02547
    0.00063
    0.00697
    0.00207
    0.00182
   -0.10486
    0.01757
   -0.00618
   -0.01298
   -0.01929
    0.02147
   -0.00214
   -0.01970
   -0.00569
    0.00838
   -0.00204
   -0.02252
    0.00399
    0.01246
    0.01460
   -0.00122
   -0.11275
    0.00995
   -0.01671
   -0.00638
    0.00110
    0.02252
   -0.00245
   -0.02511
    0.00955
    0.00672
   -0.00423
   -0.01393
    0.00996
    0.00678
    0.00714
   -0.00742
   -0.09968
    0.02110
    0.03460
   -0.01228
   -0.00510
   -0.02345
    0.00284
   -0.00188
    0.00085
   -0.00140
   -0.00405
   -0.01561
    0.02286
   -0.00319
    0.00635
   -0.00371
   -0.04261
    0.00761
   -0.03019
    0.00733
    0.01931
    0.01306
   -0.01741
   -0.00428
   -0.00168
    0.01239
    0.00177
   -0.03048
    0.01087
    0.00458
    0.01421
   -0.02209
   -0.07534
    0.01378
    0.00683
   -0.01660
   -0.02294
    0.01195
    0.00022
   -0.03232
    0.00404
    0.00706
   -0.00266
   -0.01524
    0.00647
    0.00914
    0.01522
   -0.02199
   -0.09890
    0.01908
   -0.01439
   -0.00725
    0.01638
    0.01089
    0.00020
   -0.01785
    0.00257
    0.00538
   -0.00658
    0.00041
    0.00226
    0.00660
    0.00019
   -0.00107
   -0.10429
    0.02627
    0.00790
   -0.00333
    0.02014
   -0.01938
   -0.01578
   -0.01221
    0.01212
    0.01053
   -0.01724
   -0.03426
    0.03265
    0.01718
    0.00539
   -0.05469
   -0.02155
    0.02977
   -0.03136
   -0.00046
    0.01406
    0.02180
   -0.00586
   -0.04974
    0.02099
    0.01249
   -0.00152
   -0.01109
   -0.00706
    0.01034
    0.00431
   -0.02002
   -0.08659
    0.02413
   -0.00691
   -0.01181
   -0.00358
    0.01653
    0.00549
   -0.02058
    0.01592
   -0.00185
    0.00121
   -0.03725
    0.00883
    0.01038
    0.01524
   -0.00540
   -0.11418
    0.02639
   -0.00736
   -0.02086
   -0.00320
    0.02110
   -0.00449
   -0.02062
    0.00214
    0.01028
   -0.01440
   -0.01002
    0.00875
    0.01748
    0.00121
   -0.03664
   -0.06705
    0.04325
   -0.01072
    0.00538
   -0.00929
    0.01177
   -0.00170
   -0.01296
    0.01379
   -0.00205
   -0.00671
   -0.00494
    0.00995
    0.00410
    0.00100
   -0.02927
   -0.04934
    0.03252
   -0.01498
   -0.00825
    0.00892
    0.00864
   -0.02102
   -0.01296
    0.01051
    0.01350
   -0.01144
   -0.01040
    0.03057
    0.00180
    0.02081
   -0.03424
   -0.07525
    0.01312
    0.00227
   -0.01082
   -0.01220
    0.01099
    0.00306
   -0.02811
    0.01651
   -0.00036
   -0.00380
   -0.00863
   -0.00735
    0.01315
    0.00976
   -0.01112
   -0.12133
    0.02298
   -0.00931
   -0.01384
   -0.02115
    0.02277
    0.00162
   -0.02798
    0.01214
    0.00130
   -0.01349
   -0.00740
    0.01783
    0.01126
    0.00624
    0.02238
   -0.11546
    0.01712
    0.00498
   -0.01563
    0.01249
   -0.00386
   -0.00540
    0.00180
    0.01259
   -0.00266
   -0.00848
   -0.00298
    0.01919
    0.00278
    0.00557
   -0.01081
   -0.05614
    0.01483
   -0.03939
    0.01088
   -0.00371
    0.02566
   -0.00851
   -0.03657
    0.03265
   -0.00103
   -0.00043
   -0.01229
   -0.01248
    0.01011
    0.01058
   -0.03126
   -0.09726
    0.02546
   -0.01542
   -0.00010
   -0.02674
    0.02337
   -0.00210
   -0.03182
   -0.01027
    0.01253
   -0.00104
   -0.03162
   -0.00245
    0.01558
    0.01114
   -0.00386
   -0.11675
    0.01302
   -0.01242
   -0.00475
   -0.01067
    0.01624
   -0.00783
   -0.02539
   -0.00309
    0.01476
   -0.01552
   -0.01377
   -0.00297
    0.02360
    0.01186
    0.00405
   -0.07079
    0.00318
    0.00086
    0.00389
   -0.02575
    0.00928
    0.00251
   -0.01717
    0.00822
   -0.00003
   -0.00268
   -0.01993
    0.01225
    0.00491
    0.01392
    0.00836
   -0.07604
   -0.00045
   -0.00504
   -0.00528
    0.01291
    0.00049
   -0.01169
   -0.01863
   -0.00498
    0.01421
   -0.02748
   -0.05328
   -0.02959
    0.01762
    0.00584
   -0.01237
   -0.10798
    0.02190
   -0.01128
   -0.01885
   -0.02494
    0.02488
   -0.00155
   -0.02731
   -0.01021
    0.00952
   -0.00354
   -0.01935
    0.01137
    0.00999
    0.01235
   -0.00883
   -0.12071
    0.02134
   -0.01148
   -0.00669
   -0.00243
    0.01653
   -0.00398
   -0.00823
    0.00279
    0.00538
    0.00031
   -0.02872
    0.01021
    0.00674
    0.00502
   -0.00661
   -0.09422
    0.02475
    0.00308
   -0.00635
    0.04415
   -0.02707
    0.00146
   -0.01873
    0.00827
    0.00321
   -0.00589
   -0.00816
    0.00670
    0.00768
    0.00137
   -0.03915
   -0.05236
    0.03364
   -0.00532
    0.01869
   -0.00503
   -0.00590
   -0.01268
   -0.00111
    0.00014
    0.00826
   -0.00560
   -0.01184
    0.00953
    0.00840
    0.00422
   -0.01858
   -0.09912
    0.02474
   -0.00394
   -0.01258
   -0.01036
    0.01618
    0.00238
   -0.02775
    0.00857
    0.00534
   -0.00565
   -0.02638
   -0.00948
    0.02682
    0.00721
    0.01720
   -0.13559
    0.02486
    0.00080
   -0.02130
   -0.00160
    0.01085
   -0.00665
   -0.01660
    0.01288
    0.00371
   -0.00586
   -0.00986
   -0.00146
    0.01256
    0.01052
   -0.00131
   -0.08711
    0.01389
   -0.00634
    0.00963
   -0.00167
   -0.00013
   -0.00170
   -0.00987
    0.00072
    0.00442
   -0.00162
   -0.00841
    0.00280
    0.00442
    0.00780
    0.00778
   -0.08850
    0.01649
   -0.01274
   -0.00717
    0.00075
    0.01521
   -0.01145
   -0.00658
   -0.01092
    0.01551
   -0.00892
   -0.02070
   -0.00012
    0.01604
    0.01402
   -0.01004
   -0.12092
    0.01737
   -0.01342
   -0.02206
   -0.02568
    0.02881
    0.00166
   -0.03318
   -0.00792
    0.00999
   -0.00332
   -0.02632
    0.00448
    0.01469
    0.00862
   -0.02021
   -0.11830
    0.02506
   -0.01963
   -0.01219
   -0.01240
    0.02916
   -0.00411
   -0.02725
    0.00072
    0.00958
   -0.00477
   -0.00787
   -0.00458
    0.01157
    0.00187
   -0.00715
   -0.08904
    0.02370
    0.00358
   -0.00293
   -0.00295
   -0.00076
    0.00213
    0.00087
    0.00128
   -0.00213
   -0.00791
   -0.00626
    0.01110
    0.00751
    0.00795
   -0.02260
   -0.08729
    0.02035
   -0.01646
    0.00357
    0.00217
    0.01207
   -0.01122
   -0.02309
    0.00051
    0.01275
    0.00304
   -0.02874
   -0.01610
    0.01179
    0.00498
   -0.01295
   -0.10919
    0.02080
   -0.00984
   -0.01378
   -0.02301
    0.02261
   -0.00589
   -0.03290
   -0.01597
    0.01487
