IntronPotTab 1 1024 9.80009
   -0.01695
    0.37484
   -0.27968
    0.14635
   -0.30353
    0.10317
   -0.26493
    0.23857
   -0.03297
    0.19526
   -0.10483
   -0.05688
   -0.39933
    0.26135
   -0.43720
   -0.04308
   -0.11667
    0.21593
   -0.09399
   -0.06054
   -0.10500
    0.07614
   -0.22005
    0.10879
    0.02918
    0.00536
   -0.10578
    0.05172
   -0.43177
   -0.06887
    0.25826
   -0.31754
   -0.18791
    0.13827
    0.03473
   -0.08323
    0.16202
   -0.00658
   -0.14230
    0.03994
   -0.05565
   -0.01825
   -0.22824
    0.24419
   -0.04900
    0.05092
   -0.01637
   -0.05526
    0.00666
    0.28406
   -0.37260
    0.10327
   -0.21455
   -0.02403
   -0.18189
    0.20681
   -0.26643
    0.35605
   -0.48163
   -0.03868
   -0.01721
    0.03010
    0.00880
   -0.06522
   -0.15540
   -0.07205
   -0.15541
    0.69493
   -0.01588
    0.00424
   -0.22100
    0.42733
    0.15804
    0.06001
   -0.21026
    0.18238
    0.22794
    0.03213
   -0.17116
    0.25378
   -0.12859
    0.02728
   -0.10896
    0.18570
   -0.14569
    0.11394
   -0.26621
    0.23225
   -0.03493
   -0.01862
   -0.13589
    0.18396
   -0.05346
    0.02211
   -0.08497
    0.04999
    0.04085
   -0.01928
   -0.00577
    0.08968
   -0.07240
   -0.01114
   -0.10923
    0.21302
    0.10322
   -0.07646
    0.03209
    0.10387
   -0.04308
    0.03107
   -0.10094
    0.07654
    0.58120
   -0.47270
   -0.10065
    0.40680
    0.21522
    0.10299
   -0.21708
    0.34808
    0.49440
   -0.71034
   -0.98539
   -0.30752
    0.42262
    0.05948
   -0.20605
    0.11473
   -0.19504
    0.19793
   -0.12005
    0.25769
   -0.11516
    0.00971
   -0.18787
    0.51839
   -0.27378
    0.27789
   -0.08451
    0.07288
    0.14360
    0.07009
   -0.15870
    0.19100
   -0.11661
    0.09330
   -0.02578
   -0.04265
   -0.16028
    0.05424
   -0.13183
    0.20387
    0.01561
    0.00743
   -0.08557
    0.07288
   -0.07166
   -0.04683
    0.14862
   -0.24628
   -0.19136
    0.12241
   -0.05924
    0.06849
   -0.03623
    0.02903
   -0.11457
    0.24604
   -0.10449
    0.06619
   -0.07609
    0.07587
    0.22524
    0.04405
   -0.17035
    0.02024
   -0.31925
   -0.23791
    0.25730
   -0.02932
   -0.07736
    0.20185
   -0.13791
    0.29302
   -0.01376
   -0.10500
    0.09153
    0.08925
    0.16910
    0.07984
   -0.14806
    0.06566
   -0.32751
    0.25862
    0.01259
    0.02512
   -0.43013
   -0.32145
   -0.10037
    0.48325
   -0.20078
   -0.00449
    0.32307
   -0.18954
   -0.30314
   -0.04822
    0.19469
   -0.09709
    0.16192
    0.04509
   -0.09875
   -0.19903
   -0.26042
    0.09750
   -0.22366
    0.14133
   -0.09199
    0.05916
   -0.15366
    0.13191
   -0.36366
    0.13306
   -0.04199
   -0.20975
    0.02436
    0.06632
   -0.00871
   -0.14362
   -0.17021
   -0.11802
    0.03043
    0.16169
    0.28883
   -0.28454
   -0.19173
    0.13270
   -0.23413
    0.05607
    0.07891
   -0.10097
   -0.54659
    0.14775
   -0.77376
    0.19873
   -0.12683
    0.13184
   -0.19257
    0.12854
    0.33319
   -0.24319
   -0.34752
    0.04176
   -0.23316
    0.24168
   -0.27274
    0.10226
   -0.12990
    0.16746
   -0.31311
    0.55291
   -0.22898
    0.11508
   -0.20825
    0.22926
   -0.03044
    0.08296
   -0.07062
    0.01509
   -0.36110
    0.03613
    0.06776
   -0.06896
   -0.22004
    0.19451
   -0.14943
    0.05433
   -0.28733
    0.15216
   -0.18531
    0.10131
    0.00888
    0.02339
   -0.10517
    0.05396
   -0.33840
   -0.04750
    0.18968
   -0.22506
   -0.13428
    0.18644
   -0.02791
   -0.24463
   -0.04248
    0.15572
   -0.07022
   -0.06144
    0.07542
    0.01684
   -0.05079
   -0.06822
    0.20056
    0.08434
   -0.27737
   -0.15620
    0.00765
    0.14208
   -0.36541
    0.13439
   -0.04149
    0.08354
   -0.13650
    0.11814
   -0.08985
    0.00377
    0.03288
    0.04226
    0.33438
    0.07240
   -0.20508
   -0.07692
    0.14017
    0.00303
   -0.09009
    0.25272
   -0.15724
    0.03317
   -0.11995
    0.16966
    0.03769
    0.01591
   -0.09228
    0.04870
   -0.13223
    0.09020
   -0.36526
    0.44377
   -0.01984
    0.09064
   -0.15715
    0.02095
   -0.24002
    0.12979
   -0.27477
    0.10938
   -0.02321
    0.01277
   -0.13851
    0.10871
   -0.08200
    0.03005
   -0.12127
    0.01659
    0.07749
    0.01108
   -0.03628
    0.07805
   -0.02489
    0.02118
   -0.09649
    0.06895
    0.19688
   -0.03204
   -0.13615
    0.10579
   -0.11548
    0.04281
   -0.14052
    0.08204
    0.17507
   -0.09039
    0.00866
    0.20953
   -0.21356
    0.09352
   -0.20605
    0.30749
    0.48835
   -0.21360
   -0.39762
    0.02230
   -0.04626
    0.14333
   -0.40162
    0.24780
   -0.05233
    0.08494
   -0.19569
    0.19101
   -0.08909
    0.12317
   -0.16493
    0.25490
   -0.08650
    0.18724
   -0.22542
    0.01030
    0.11276
    0.10396
   -0.23451
    0.33142
   -0.14787
    0.09710
   -0.11141
    0.04708
   -0.16531
    0.14621
   -0.21250
    0.20071
   -0.06771
    0.07031
   -0.14191
    0.04136
   -0.11901
    0.04816
   -0.09091
   -0.11737
   -0.09749
    0.08698
   -0.14202
   -0.04166
    0.01045
    0.13298
   -0.10098
    0.06332
   -0.03488
    0.04042
   -0.15572
    0.03589
   -0.03714
    0.09704
   -0.22687
    0.11097
   -0.19038
    0.07872
   -0.41485
    0.33553
   -0.13326
    0.14242
   -0.11075
    0.14495
   -0.02574
    0.03514
   -0.12492
    0.04269
    0.03766
    0.11277
   -0.34380
    0.16758
   -0.38090
    0.28245
   -0.66763
    0.04322
   -0.26406
    0.04352
   -0.24533
    0.26326
   -0.06768
    0.05691
   -0.08546
    0.05161
   -0.31492
    0.09687
   -0.38022
    0.19001
   -0.36148
    0.22570
   -0.20223
    0.00973
   -0.35359
    0.16756
   -0.42759
   -0.02442
   -0.08813
    0.06441
   -0.23286
    0.12525
   -0.33469
    0.07010
   -0.30938
   -0.06034
   -0.68120
    0.25540
   -0.88463
   -0.16733
   -0.14596
    0.28708
   -0.08795
   -0.13349
   -0.20171
    0.23451
   -0.14109
   -0.19000
   -0.34247
    0.10541
   -0.06174
    0.02252
   -0.39315
    0.18754
   -0.40011
    0.05967
   -0.36303
    0.19566
   -0.22348
   -0.02253
   -0.22427
    0.13827
   -0.12572
    0.10432
   -0.33273
    0.23231
   -0.51191
   -0.00433
   -0.04249
    0.38940
   -0.23539
    0.18522
   -0.28007
    0.22802
   -0.22378
    0.26071
   -0.17496
    0.23252
   -0.09401
   -0.07308
   -0.24145
    0.15423
   -0.17906
    0.24041
   -0.09240
    0.24730
   -0.20712
   -0.03318
   -0.23937
    0.20801
   -0.26561
    0.09149
   -0.02371
    0.03594
   -0.06065
    0.07799
   -0.33141
    0.03939
    0.11807
   -0.27963
    0.04924
    0.39912
   -0.27738
    0.05247
   -0.02465
    0.18456
   -0.11543
    0.02218
   -0.07280
    0.19596
   -0.10204
   -0.03533
   -0.10863
    0.06839
   -0.02489
   -0.05452
   -0.09456
    0.22103
   -0.40449
    0.14467
   -0.04032
    0.20651
   -0.16959
    0.01712
   -0.10285
    0.19450
   -0.22087
    0.00172
    0.11854
    0.15198
   -0.09437
   -0.14924
   -0.07028
    0.13980
   -0.10545
    0.18723
   -0.12468
   -0.03589
   -0.08656
    0.30631
    0.05985
    0.03150
   -0.13381
    0.13602
   -0.05770
    0.00972
   -0.07922
    0.23742
    0.05298
    0.10142
   -0.11313
   -0.07767
   -0.12824
    0.18794
   -0.20238
    0.12279
   -0.04367
   -0.00610
   -0.07061
    0.12097
   -0.12014
    0.04832
   -0.09441
   -0.00056
    0.01110
    0.06902
   -0.05233
    0.02768
   -0.00287
    0.02476
   -0.07524
    0.08255
   -0.06539
    0.00731
   -0.05319
    0.09001
    0.01702
    0.00896
   -0.05107
    0.05956
    0.40048
   -0.00931
   -0.22788
   -0.15199
    0.13009
    0.07603
   -0.21442
    0.29354
    0.57156
   -0.42233
   -0.19933
   -0.00002
    0.38296
    0.06624
   -0.19012
    0.20239
   -0.06870
    0.18729
   -0.23983
    0.39254
   -0.00361
    0.16658
   -0.25554
    0.47758
   -0.22463
    0.26980
   -0.18997
    0.02908
    0.10940
    0.09990
   -0.23100
    0.35848
   -0.20398
    0.11741
   -0.00293
    0.01566
   -0.08087
    0.19506
   -0.18596
    0.10128
   -0.04387
    0.05201
   -0.03334
    0.04048
   -0.11916
    0.01991
   -0.05266
    0.06182
   -0.10592
    0.18936
   -0.13118
    0.00015
   -0.01519
    0.21563
   -0.14154
    0.05063
   -0.34801
    0.18185
   -0.01374
    0.04157
   -0.41124
    0.10114
   -0.25290
    0.25457
   -0.34501
   -0.03617
   -0.36772
    0.71536
   -0.01158
    0.24844
   -0.24216
    0.31244
   -0.09621
   -0.04700
    0.00522
    0.23858
   -0.04033
    0.02636
   -0.04990
    0.12487
   -0.10795
    0.17601
   -0.03517
   -0.08438
   -0.18864
    0.00560
   -0.34901
    0.37599
   -0.42870
    0.11391
    0.25435
   -0.27074
    0.18094
   -0.11931
   -0.01073
   -0.06376
   -0.21225
    0.31592
   -0.16647
   -0.04687
   -0.23067
    0.13979
   -0.20134
    0.07359
   -0.04858
    0.06283
   -0.20855
    0.12708
   -0.29091
    0.12824
   -0.10589
   -0.15956
   -0.09009
    0.22747
   -0.14381
   -0.17135
    0.03623
    0.21075
   -0.09823
   -0.05360
   -0.05196
    0.04145
    0.06675
   -0.12604
   -0.02286
    0.06555
   -0.05998
   -0.04637
   -0.33358
    0.17174
   -0.20509
    0.04415
   -0.22226
    0.23616
   -0.19999
    0.04533
   -0.22085
    0.03990
    0.10956
    0.00639
   -0.11686
    0.26177
   -0.33244
    0.00306
    0.00134
    0.39111
   -0.21096
   -0.19827
   -0.25873
    0.04330
   -0.14381
    0.18362
    0.05218
   -0.03540
   -0.07276
    0.13600
    0.07958
    0.19144
   -0.20839
    0.15057
   -0.17066
    0.17148
   -0.02631
   -0.09804
    0.09179
    0.09338
   -0.27113
    0.07526
    0.02225
    0.03046
   -0.08021
    0.00794
   -0.00778
   -0.18556
    0.26103
   -0.48326
   -0.18576
    0.19344
   -0.07696
   -0.08685
   -0.34952
    0.26154
   -0.10835
   -0.14130
   -0.19625
   -0.36552
   -0.00868
    0.35587
    0.08308
    0.01952
   -0.05264
   -0.12177
   -1.31634
    0.02213
   -0.04484
    0.29002
   -0.22076
    0.07242
   -0.17907
    0.22822
   -0.29519
   -0.26743
    0.31240
   -0.07009
    0.38308
   -0.13147
   -0.03239
   -0.09735
    0.07928
   -0.03398
   -0.02574
    0.21190
   -0.03618
   -0.03408
   -0.26067
    0.36445
    0.18598
    0.03130
   -0.06990
   -0.07319
    0.09528
   -0.03455
   -0.08259
    0.38635
   -0.12126
    0.07435
   -0.20230
    0.20306
   -0.27855
    0.05324
   -0.40008
    0.18468
   -0.03652
    0.01508
   -0.15203
    0.14156
    0.04753
    0.02740
   -0.15866
    0.04066
    0.01193
    0.01094
   -0.01521
    0.02067
   -0.04163
    0.05587
   -0.15702
    0.09313
    0.11157
   -0.02386
   -0.11889
    0.13720
   -0.16946
    0.03309
   -0.19384
    0.13204
   -0.27728
   -0.04489
   -0.03422
    0.21936
   -0.14947
    0.05269
   -0.30972
    0.22157
    0.30385
   -0.14668
   -0.11416
    0.22012
    0.01080
    0.05664
   -0.39115
    0.25037
   -0.06476
    0.11696
   -0.20058
    0.25177
    0.17152
    0.12762
   -0.43301
    0.35091
    0.04284
    0.08672
   -0.26552
    0.31224
    0.13184
   -0.02921
   -0.05575
    0.33089
   -0.22520
    0.15167
   -0.10173
    0.01973
    0.04207
    0.07211
   -0.32140
    0.35660
   -0.07988
    0.09903
   -0.16499
    0.01195
    0.56603
    0.08046
   -0.23097
   -0.14316
   -0.18401
   -0.01368
    0.09014
   -0.04813
   -0.14970
    0.09203
   -0.25405
    0.32568
   -0.13918
   -0.12228
    0.08352
    0.22923
   -0.27812
    0.22745
   -0.36419
   -0.09662
   -0.22114
    0.05357
   -0.51322
    0.55312
   -0.09323
    0.20062
   -0.22478
    0.40892
   -0.06513
    0.09949
   -0.33784
    0.15648
    0.05829
    0.19432
   -0.41391
    0.09680
   -0.52778
    0.31337
   -0.13481
    0.03835
   -0.59164
    0.16704
   -0.28347
    0.24387
   -0.11459
    0.02541
   -0.09726
    0.12461
    0.44547
   -0.08381
   -0.40649
   -0.04424
   -0.30321
    0.19865
   -0.00201
   -0.03188
   -0.48868
    0.11180
   -0.33169
    0.10113
   -0.14593
    0.12012
   -0.15712
    0.12890
   -0.32697
    0.16143
   -0.33780
   -0.20967
   -0.16735
    0.19649
   -0.13421
   -0.17555
   -0.13897
    0.12870
   -0.10301
   -0.00610
   -0.11984
   -0.17241
    0.11595
    0.20315
   -0.22049
    0.11573
   -0.22505
   -0.01236
   -0.15583
    0.06140
   -0.29148
    0.12331
   -0.27004
    0.06366
   -0.25780
    0.15444
   -0.01569
    0.02666
   -0.20758
    0.14527
   -0.29731
    0.16158
   -0.24508
   -0.06274
