13 20 13 1 37 -5.8060 2.5122 3.8146 11116
 -0.32780   0.13965  -0.28965   0.24559  -0.07771   0.12981  -0.15885   0.12427  -0.38127   0.12935  -0.28723   0.29293  -0.11934   0.10078  -0.33043   0.21439  -0.48918   0.15472  -0.45369   0.06513 
 -0.34085   0.14398  -0.29941   0.24779  -0.10561   0.11582  -0.13528   0.14100  -0.34616   0.15846  -0.28130   0.25629  -0.13653   0.07612  -0.20242   0.19837  -0.39583   0.14605  -0.44804   0.08487 
 -0.33297   0.14572  -0.27487   0.22728  -0.15871   0.11397  -0.12954   0.17151  -0.31055   0.11538  -0.26885   0.28320  -0.10292   0.08396  -0.28535   0.20901  -0.30609   0.13314  -0.43935   0.11479 
 -0.29225   0.12276  -0.27531   0.25393  -0.10894   0.11863  -0.14109   0.14717  -0.31849   0.11320  -0.26597   0.28486  -0.06057   0.04028  -0.24563   0.22357  -0.34667   0.13013  -0.37286   0.08969 
 -0.27872   0.12049  -0.26058   0.24407  -0.08541   0.09749  -0.13321   0.17356  -0.28532   0.12046  -0.27208   0.27583  -0.09796   0.05826  -0.23271   0.21775  -0.31834   0.13368  -0.37499   0.07244 
 -0.27097   0.12406  -0.26037   0.23583  -0.09315   0.13352  -0.15153   0.10950  -0.22779   0.10604  -0.21416   0.23903  -0.06925   0.06015  -0.26814   0.21270  -0.24316   0.11966  -0.35691   0.09842 
 -0.22885   0.11521  -0.23156   0.21576  -0.14728   0.08941  -0.10540   0.18131  -0.25908   0.10542  -0.20987   0.24383  -0.03544   0.07315  -0.28788   0.17323  -0.25947   0.11419  -0.32303   0.09579 
 -0.22234   0.10915  -0.21803   0.21309  -0.12627   0.10806  -0.11819   0.14282  -0.19461   0.11448  -0.19472   0.20716  -0.05529   0.05148  -0.21727   0.18549  -0.27400   0.11341  -0.30393   0.08580 
 -0.20224   0.10960  -0.19959   0.18941  -0.12410   0.11615  -0.10306   0.07910  -0.18137   0.09458  -0.19172   0.22079  -0.04554   0.07671  -0.24696   0.15192  -0.30643   0.11365  -0.27625   0.06629 
 -0.18709   0.10572  -0.19343   0.18452  -0.07856   0.13488  -0.14097   0.06700  -0.18921   0.10438  -0.16187   0.18782   0.00201   0.03644  -0.22971   0.16401  -0.19968   0.11316  -0.27135   0.03980 
 -0.15276   0.10245  -0.17963   0.16203  -0.07958   0.10702  -0.09880   0.05918  -0.11324   0.10173  -0.16152   0.16487   0.04069   0.03661  -0.23993   0.12707  -0.23631   0.09433  -0.19452   0.03931 
 -0.10372   0.08921  -0.15921   0.14008  -0.06629   0.12412  -0.11603   0.02969  -0.14031   0.10228  -0.14214   0.15487   0.05616   0.04499  -0.24400   0.09418  -0.21436   0.09461  -0.20932   0.05040 
 -0.09370   0.09221  -0.15508   0.12396  -0.04000   0.08487  -0.07714   0.03312  -0.10975   0.07242  -0.10912   0.14046   0.06832   0.02470  -0.21932   0.09757  -0.13130   0.08644  -0.19996   0.04857 
 -0.06581   0.06822  -0.12488   0.11734  -0.04748   0.07785  -0.06654   0.03341  -0.06019   0.09328  -0.10881   0.09323   0.08417   0.01322  -0.20184   0.08204  -0.08754   0.07050  -0.17897   0.06873 
 -0.03016   0.06714  -0.12014   0.08821  -0.07872   0.10975  -0.07706  -0.01996  -0.01207   0.06953  -0.08791   0.06914   0.10126   0.01103  -0.18411   0.04314  -0.20028   0.08805  -0.15268  -0.00016 
 -0.01189   0.06684  -0.10244   0.04925  -0.04148   0.10567  -0.07580  -0.05403  -0.02714   0.07445  -0.08464   0.06688   0.11718   0.00790  -0.18835   0.02543  -0.06839   0.07664  -0.12331  -0.04205 
  0.01134   0.05956  -0.09635   0.03492  -0.05328   0.10788  -0.05919  -0.11651  -0.01100   0.07076  -0.06194   0.02679   0.11807   0.02145  -0.23037   0.03384  -0.00159   0.06496  -0.11484  -0.03448 
  0.02228   0.05875  -0.08683   0.01050  -0.02471   0.09253  -0.05057  -0.12161   0.00767   0.07492  -0.07744   0.03375   0.11813   0.01620  -0.20751   0.02431  -0.02567   0.04268  -0.04920  -0.05110 
  0.03473   0.04844  -0.07929   0.00860  -0.08235   0.14199  -0.09436  -0.10877   0.03312   0.07917  -0.10266   0.04873   0.12742   0.02241  -0.23605   0.01929   0.02826   0.04110  -0.03846  -0.09662 
  0.04554   0.06166  -0.10448   0.00812  -0.04969   0.16937  -0.15276  -0.09309   0.01651   0.08776  -0.11620   0.06690   0.14339   0.01887  -0.23097  -0.00960  -0.01936   0.02333  -0.01497  -0.04686 
  0.04226   0.06506  -0.11381   0.01848  -0.12147   0.21099  -0.19878  -0.09758  -0.01287   0.09770  -0.15098   0.11369   0.15450   0.02214  -0.23762  -0.03566   0.13445   0.01251  -0.02866  -0.06096 
  0.03741   0.07653  -0.14115   0.03716  -0.10450   0.22462  -0.22662  -0.12531  -0.01717   0.09398  -0.20308   0.17119   0.17471  -0.00602  -0.26667   0.01072   0.05240  -0.00845   0.02777  -0.05944 
  0.03250   0.06813  -0.15805   0.08202  -0.11582   0.24353  -0.26488  -0.13183  -0.00170   0.08707  -0.24076   0.20139   0.19697   0.00154  -0.31190  -0.01999   0.02872  -0.01816   0.06185  -0.10072 
  0.03718   0.07274  -0.17289   0.08602  -0.19475   0.26914  -0.32084  -0.07962  -0.01623   0.07443  -0.27648   0.24328   0.25081  -0.04602  -0.39563   0.00459   0.04209  -0.07079   0.11186  -0.06237 
  0.04836   0.05531  -0.18825   0.12632  -0.23379   0.27818  -0.36189  -0.02061  -0.05373   0.07970  -0.32252   0.27833   0.28366  -0.06352  -0.37860  -0.06874   0.06013  -0.04267   0.09427  -0.12248 
  0.04467   0.06734  -0.20825   0.12759  -0.21975   0.31938  -0.47798  -0.13540  -0.02614   0.08112  -0.38760   0.29827   0.31519  -0.07335  -0.45969  -0.10022   0.02534  -0.08803   0.13826  -0.08037 
  0.06010   0.06763  -0.23511   0.13920  -0.29536   0.34731  -0.64138  -0.07786  -0.06850   0.08115  -0.43556   0.32986   0.33977  -0.07179  -0.54527  -0.15076   0.00288  -0.08344   0.14445  -0.10597 
  0.04160   0.08172  -0.26841   0.15699  -0.30411   0.36553  -0.72418  -0.15267  -0.09335   0.06835  -0.48918   0.36231   0.34104  -0.05691  -0.66409  -0.12999  -0.00138  -0.09482   0.14254  -0.05794 
  0.01951   0.08086  -0.29190   0.19176  -0.35314   0.36617  -0.69657  -0.14572  -0.10785   0.09816  -0.38480   0.30863   0.35750  -0.09792  -0.60348  -0.13271  -0.13105  -0.06295   0.13710  -0.09001 
 -0.00133   0.09062  -0.23948   0.14879  -0.34727   0.36662  -0.71003  -0.14056  -0.15476   0.10233  -0.35365   0.30406   0.34147  -0.07961  -0.59614  -0.10919  -0.21857  -0.03177   0.09573  -0.04168 
  0.00157   0.09463  -0.26395   0.15969  -0.35018   0.36403  -0.73114  -0.09231  -0.15313   0.14290  -0.31363   0.24702   0.27446  -0.04028  -0.51371  -0.00501  -0.31313   0.02910   0.01203  -0.03176 
 -0.05662   0.12966  -0.27271   0.13797  -0.33185   0.34024  -0.64885   0.00907  -0.19097   0.13392  -0.29103   0.25314   0.19302  -0.01396  -0.41906   0.08806  -0.34324   0.05460  -0.09839   0.07917 
 -0.11366   0.12110  -0.27989   0.19207  -0.34245   0.30366  -0.53421   0.12378  -0.24390   0.14422  -0.25804   0.23539   0.05883   0.05715  -0.42315   0.16771  -0.37937   0.08878  -0.23526   0.12772 
 -0.21198   0.13848  -0.28519   0.20755  -0.19790   0.27937  -0.49647   0.12407  -0.26454   0.10920  -0.24934   0.26800  -0.07781   0.08235  -0.36016   0.22769  -0.36645   0.08963  -0.28648   0.16520 
 -0.27007   0.12162  -0.27726   0.25039  -0.17164   0.22754  -0.37526   0.19055  -0.34924   0.14171  -0.23617   0.24523  -0.20620   0.10732  -0.35430   0.26536  -0.36244   0.11511  -0.35246   0.13165 
 -0.35706   0.14456  -0.27792   0.23766  -0.11394   0.15678  -0.36035   0.33692  -0.32642   0.07988  -0.24277   0.29989  -0.12859   0.05518  -0.34028   0.29137  -0.34971   0.07217  -0.29181   0.21415 
 -0.31213   0.08563  -0.26184   0.30337  -0.28043   0.25419  -0.50670   0.26717  -0.41884   0.15999  -0.22530   0.23039  -0.23209   0.12834  -0.38753   0.25733  -0.34707   0.11837  -0.38130   0.13746 
 -0.40778   0.16666  -0.30194   0.22627  -0.11121   0.24272  -0.53851   0.24298  -0.29931   0.16131  -0.19555   0.18234  -0.19502   0.11763  -0.41268   0.26469  -0.36372   0.09233  -0.27582   0.14865 
 -0.33141   0.13680  -0.23908   0.21738  -0.28167   0.29834  -0.66346   0.20829  -0.25743   0.20110  -0.23787   0.15496  -0.21167   0.18258  -0.60913   0.21353  -0.31488   0.12740  -0.35836   0.08407 
 -0.31313   0.18484  -0.31937   0.17537  -0.16295   0.28931  -0.67046   0.18694  -0.17360   0.16400  -0.17622   0.12410  -0.19627   0.16757  -0.46375   0.19286  -0.22760   0.09169  -0.18722   0.03865 
 -0.25199   0.14663  -0.21236   0.15000  -0.42920   0.35443  -0.93336   0.12886  -0.34880   0.23628  -0.12728  -0.00486  -0.44495   0.24997  -0.52391   0.13623  -0.61539   0.15670  -0.25832  -0.11993 
 -0.45962   0.22418  -0.22668   0.03805   0.02726   0.19925  -0.59652   0.30809  -0.16056   0.01885  -0.01961   0.09826  -0.13632   0.08457  -0.49266   0.30475  -0.13082  -0.00118  -0.00072   0.05278 
 -0.17862   0.01764  -0.06102   0.18404  -0.57360   0.39398  -1.29856   0.02705  -0.53132   0.31606  -0.21240  -0.03347  -0.64767   0.29623  -0.79356   0.13051  -0.44121   0.18167  -0.49102  -0.05233 
 -0.60473   0.29220  -0.43111   0.02632  -0.00832   0.28073  -0.70266   0.12179  -0.06587   0.17700  -0.21303   0.09706  -0.03639   0.13414  -0.55499   0.17019   0.08736   0.04796  -0.08796  -0.05767 
 -0.10464   0.10735  -0.19056   0.13797  -0.23642   0.36629  -1.86529   0.10567  -0.35760   0.30451  -0.60483   0.21453  -0.37562   0.28925  -1.10961   0.10037  -0.99008   0.23277  -1.10699  -0.06985 
 -0.42546   0.28806  -0.79874   0.15240   0.61433  -0.45026  -0.18551  -0.61934   0.23195  -0.99351   0.24326  -0.96227   0.46195  -0.44577  -0.20980  -0.72246   0.38318  -0.81519   0.40462  -0.95613 
  0.21680  -0.84602   0.29220  -0.88481  -1.25997   0.46556  -3.04687  -0.87921  -0.64912   0.54299  -1.01539  -0.66504  -2.00966   0.45171  -2.26687  -1.33586  -0.87021   0.28868  -1.53794  -0.91868 
 -1.48218   0.46202  -2.04062  -1.16553   0.84859  -4.04599  -4.04599  -4.04599   0.84943  -4.04599  -4.04599  -4.04599   0.62447  -4.04599  -4.04599  -4.04599   1.19582  -4.04599  -4.04599  -4.04599 
  0.79173  -4.04599  -4.04599  -4.04599  -4.04599  -2.55645   0.37790  -4.04599  -4.04599  -4.04599  -4.04599  -4.04599  -4.04599  -4.04599  -4.04599  -4.04599  -4.04599  -4.04599  -4.04599  -4.04599 
 -4.04599  -2.56100   0.46916  -4.04599  -4.04599  -4.04599  -4.04599  -4.04599  -0.15052   0.29444  -0.13168  -0.29771  -0.02104  -0.08361   0.13017  -0.04765  -4.04599  -4.04599  -4.04599  -4.04599 
  0.14600  -0.06931   0.00524  -0.05376  -0.00012   0.08913  -0.36382   0.40395   0.06103   0.04795  -0.23751   0.20559  -0.08262  -0.01014  -0.23814   0.29816   0.30894  -0.06741  -0.06627   0.12479 
  0.00874   0.01753  -0.23928   0.25189   0.08124   0.16846  -0.41473   0.22095   0.16013   0.04981  -0.15525   0.05771  -0.06517   0.05848  -0.14597   0.12991   0.23184   0.03126  -0.19692   0.07358 
  0.02571   0.08667  -0.19505   0.09235   0.13575   0.13783  -0.48988   0.30306   0.17412   0.00380  -0.11708   0.04961  -0.01485  -0.03101  -0.03247   0.11979   0.20131   0.01637  -0.12134   0.04561 
  0.07112   0.02402  -0.13734   0.10493   0.19999   0.04864  -0.36831   0.32459   0.15526  -0.00222  -0.10342   0.05463   0.00896  -0.00158  -0.09635   0.11255   0.25844   0.01246  -0.15175   0.06067 
  0.08981   0.01753  -0.14676   0.10967   0.04370   0.10712  -0.17821   0.11618   0.11141   0.00900  -0.03800  -0.02856  -0.03497   0.03425  -0.04342   0.03645   0.11478   0.06724  -0.16199  -0.03147 
  0.01111   0.05935  -0.07654   0.00285   0.14083   0.09132  -0.24846   0.16829   0.15369   0.00876  -0.06289  -0.02350   0.01733  -0.01311  -0.03847   0.05709   0.16329   0.03849  -0.14047   0.02081 
  0.08387   0.01864  -0.08866   0.03470   0.14704   0.05834  -0.23299   0.21816   0.13791   0.01721  -0.07836   0.00856   0.04420   0.01139  -0.11075   0.05767   0.15669   0.04976  -0.18949   0.04916 
  0.08447   0.03235  -0.12258   0.05699   0.07107   0.09033  -0.18290   0.14387   0.12306   0.03147  -0.05492  -0.03923  -0.02377   0.05582  -0.08259   0.02335   0.03566   0.07544  -0.18462   0.00967 
  0.02571   0.06206  -0.09292   0.00931   0.13339   0.05984  -0.18556   0.15520   0.15545   0.00954  -0.08194   0.00727  -0.04803   0.01447  -0.02386   0.06735   0.16456   0.03557  -0.15715   0.05294 
  0.06010   0.02040  -0.08626   0.05292   0.15757   0.04743  -0.18932   0.16137   0.11754   0.01460  -0.06855   0.01438   0.02370   0.00978  -0.09080   0.06757   0.13601   0.01555  -0.14681   0.11616 
  0.06844   0.02117  -0.10040   0.06396  -0.05903   0.08507  -0.08397   0.07275   0.11139   0.02624  -0.02614  -0.08009  -0.05976   0.04239  -0.04706   0.05353   0.08629   0.05194  -0.12372  -0.01067 
 -0.00818   0.05133  -0.04719  -0.01238   0.09954   0.07308  -0.18553   0.16248   0.15109  -0.00309  -0.05229  -0.02467  -0.06206   0.03115  -0.04708   0.07923   0.10502   0.03463  -0.11526   0.03116 
  0.04663   0.02337  -0.07476   0.04270   0.14768   0.02751  -0.20899   0.24729   0.12281  -0.01608  -0.05135   0.01781  -0.02830   0.03337  -0.10298   0.09931   0.14870   0.02620  -0.12855   0.05499 
  0.05245   0.01820  -0.09592   0.07879   0.05918   0.07975  -0.12760   0.07004   0.09594   0.00662  -0.02692  -0.03282  -0.05797   0.05090  -0.08182   0.07495   0.00765   0.07267  -0.13949  -0.03157 
 -0.00181   0.05531  -0.06730   0.00907   0.09041   0.05537  -0.16903   0.18726   0.12289   0.02052  -0.06056  -0.01255  -0.02784   0.01079  -0.07135   0.10735   0.09572   0.03360  -0.11013   0.03199 
  0.04204   0.02161  -0.08013   0.05911   0.12176   0.06096  -0.20105   0.19305   0.11155   0.01964  -0.07841   0.02950   0.01022   0.01144  -0.09490   0.08647   0.10703   0.04617  -0.15402   0.04399 
  0.05181   0.03406  -0.10949   0.06854   0.01975   0.08252  -0.10355   0.04749   0.11154  -0.00200  -0.01745  -0.05658  -0.06421   0.05373  -0.06014   0.05032   0.01476   0.05698  -0.09753  -0.03848 
 -0.00327   0.04700  -0.04476  -0.01163   0.09602   0.04189  -0.15825   0.19320   0.15696  -0.01578  -0.04174  -0.03480  -0.02973   0.00554  -0.02385   0.06310   0.07563   0.04079  -0.09987  -0.00002 
  0.05799   0.00857  -0.05851   0.03358   0.16788   0.04785  -0.19824   0.16210   0.09924   0.02222  -0.05830   0.00306   0.00317   0.02181  -0.10120   0.08238   0.11124   0.04927  -0.15794   0.03599 
  0.05905   0.03502  -0.10360   0.05098  -0.00072   0.08159  -0.09481   0.05111   0.08161   0.02762  -0.03713  -0.02852  -0.06578   0.05269  -0.07006   0.06633   0.04778   0.06753  -0.13783  -0.03220 
 -0.01463   0.05531  -0.05904   0.00669   0.07742   0.03845  -0.12963   0.16732   0.14506  -0.00952  -0.04837  -0.01732  -0.01603   0.04402  -0.09612   0.05598   0.11571   0.04345  -0.12457   0.00717 
  0.05587   0.02293  -0.07558   0.03537   0.16490   0.04370  -0.20581   0.18850   0.07196   0.02162  -0.05794   0.02611  -0.01237   0.03924  -0.08479   0.04847   0.09838   0.04869  -0.16521   0.05407 
  0.04050   0.03778  -0.09938   0.05762  -0.03782   0.06534  -0.05305   0.02251   0.07320   0.04033  -0.03647  -0.04113  -0.05798   0.06590  -0.09503   0.05734   0.03193   0.06014  -0.11738  -0.02597 
 -0.02220   0.05754  -0.05275  -0.00298   0.10800   0.04534  -0.15036   0.15669   0.15149   0.00075  -0.06136  -0.01320  -0.04238   0.02351  -0.06049   0.08814   0.11076   0.04962  -0.15180   0.02664 
  0.05459   0.02084  -0.08068   0.04903   0.14943   0.06627  -0.20699   0.15568   0.09517   0.02535  -0.06835   0.01980   0.00156   0.02791  -0.10532   0.07689   0.12992   0.05124  -0.17887   0.04592 
  0.05116   0.04179  -0.11127   0.05635  -0.02536   0.07459  -0.06970   0.02942   0.08837   0.02750  -0.04161  -0.02565  -0.06098   0.05850  -0.10792   0.09031   0.00103   0.06476  -0.10135  -0.05932 
 -0.01865   0.05439  -0.05693   0.00884   0.16818   0.03489  -0.18233   0.16481   0.10556   0.00588  -0.04829   0.00083  -0.03639   0.03225  -0.07985   0.08626   0.12211   0.03912  -0.13103   0.02911 
  0.04771   0.02205  -0.08165   0.05506   0.10782   0.06039  -0.17306   0.16256   0.09145  -0.00460  -0.05004   0.02906   0.00543   0.02288  -0.08598   0.06068   0.08426   0.06604  -0.16761  -0.00027 
  0.03873   0.03630  -0.09092   0.04968   0.00902   0.05154  -0.07262   0.07321   0.03569   0.04710  -0.03020  -0.03152  -0.06714   0.06380  -0.06488   0.03672   0.00096   0.07031  -0.11321  -0.06308 
 -0.03355   0.05865  -0.04822  -0.00347   0.09633   0.05256  -0.13644   0.12359   0.09961   0.00830  -0.04864   0.00369  -0.04933   0.02978  -0.06443   0.08827   0.07724   0.03081  -0.09042   0.02062 
  0.02685   0.02128  -0.06582   0.05184   0.10161   0.06983  -0.18921   0.17482   0.08397   0.02080  -0.06658   0.03189  -0.02094   0.02804  -0.08934   0.08693   0.12457   0.05421  -0.19853   0.06188 
  0.03002   0.04210  -0.10742   0.07041  -0.06083   0.07298  -0.05158   0.01676   0.04751   0.04354  -0.02548  -0.04603  -0.07727   0.06093  -0.07443   0.06618   0.03737   0.07410  -0.14836  -0.03875 
 -0.04413   0.06286  -0.04771  -0.00494   0.10395   0.03970  -0.14778   0.17008   0.11857   0.00017  -0.06354   0.02301  -0.05351   0.03744  -0.04376   0.05261   0.08191   0.06413  -0.16168   0.00025 
  0.03473   0.02707  -0.07833   0.05271   0.15187   0.03634  -0.16786   0.15668   0.08011   0.02602  -0.06517   0.02610  -0.02227   0.03947  -0.08797   0.06416   0.03374   0.06617  -0.16738   0.02407 
  0.02934   0.04367  -0.09707   0.05292   0.00443   0.07022  -0.07270   0.01743   0.06605   0.04458  -0.04520  -0.02363  -0.09966   0.07483  -0.08409   0.06997  -0.06416   0.08665  -0.14885  -0.04740 
 -0.03934   0.06832  -0.06301   0.00573   0.13208   0.05973  -0.18137   0.14949   0.09891   0.00559  -0.05034   0.01081  -0.02374   0.02307  -0.06094   0.06792   0.00589   0.07671  -0.16639  -0.00699 
  0.03518   0.03074  -0.08040   0.04816   0.13444   0.04560  -0.17623   0.17224   0.06283   0.02874  -0.06422   0.03461  -0.01292   0.03023  -0.10145   0.08603   0.05060   0.06359  -0.20178   0.06817 
  0.02480   0.04179  -0.10477   0.07206   0.03502   0.06253  -0.08376   0.03821   0.05441   0.04124  -0.02791  -0.04338  -0.07183   0.06556  -0.10040   0.07921  -0.04944   0.06645  -0.12622  -0.00104 
 -0.03094   0.05976  -0.05772   0.00907   0.09373   0.03945  -0.12807   0.14289   0.11681   0.02738  -0.07051   0.00157  -0.04534   0.03339  -0.08847   0.10304   0.05821   0.05436  -0.15234   0.03661 
  0.03182   0.03246  -0.08795   0.05953   0.15700   0.03618  -0.18422   0.17986   0.08230   0.02103  -0.07838   0.05150  -0.02885   0.04693  -0.09528   0.06469   0.05415   0.06157  -0.17314   0.03951 
  0.02866   0.04325  -0.10772   0.06979   0.03116   0.05630  -0.06130  -0.00744   0.02107   0.03638  -0.02093  -0.02266  -0.06889   0.05495  -0.06730   0.06166  -0.08892   0.08852  -0.14095  -0.05924 
 -0.04627   0.06046  -0.04514  -0.00201   0.11493   0.02548  -0.13673   0.16877   0.09723   0.00960  -0.04057  -0.01090  -0.02420   0.02012  -0.05536   0.06763   0.06271   0.06713  -0.16222  -0.00097 
  0.03741   0.02348  -0.06878   0.04204   0.13681   0.03244  -0.15359   0.15843   0.07598   0.02678  -0.06532   0.02867  -0.03428   0.04723  -0.09028   0.06499   0.05673   0.07236  -0.18078   0.00671 
  0.02411   0.04658  -0.09722   0.05206  -0.04228   0.07315  -0.07325   0.06405   0.05157   0.04352  -0.03353  -0.03269  -0.09195   0.07080  -0.08326   0.07011   0.00531   0.08144  -0.14494  -0.06195 
 -0.04466   0.06555  -0.05680   0.00597   0.08315   0.04096  -0.14277   0.18084   0.07535   0.00721  -0.03893   0.00822  -0.05810   0.03317  -0.06655   0.09353   0.02737   0.05151  -0.11536   0.00789 
  0.00684   0.02522  -0.06475   0.06080   0.14630   0.03506  -0.15353   0.13931   0.06305   0.02301  -0.07052   0.05148   0.00219   0.03727  -0.10355   0.05506   0.05581   0.06399  -0.14765  -0.00600 
  0.03317   0.04262  -0.09938   0.05485  -0.01222   0.08219  -0.07271  -0.00541   0.05423   0.04859  -0.04673  -0.01652  -0.09280   0.06838  -0.07159   0.06290  -0.03953   0.08009  -0.16952   0.00294 
 -0.04333   0.06813  -0.06381   0.01121   0.10016   0.03889  -0.12924   0.13895   0.11007   0.00961  -0.04742  -0.00984  -0.04419   0.03669  -0.05534   0.05782   0.05607   0.05180  -0.14883   0.04208 
  0.02979   0.02685  -0.06797   0.04137   0.15570   0.03821  -0.16529   0.14191   0.04375   0.03618  -0.06248   0.03649  -0.01997   0.04503  -0.10841   0.07216  -0.01876   0.06314  -0.15076   0.03540 
