25 20 0 1 50 -9.3934 5.1417 8.9457 11126
  0.05590   0.00807  -0.06300   0.04428  -0.05361   0.04613  -0.02637   0.01461   0.12170  -0.00702  -0.03192  -0.02914  -0.02237   0.04555  -0.05654   0.01168  -0.10123   0.05326  -0.05653  -0.04937 
  0.00311   0.03686  -0.03281  -0.01779   0.07238   0.01758  -0.07047   0.08655   0.15585  -0.03536  -0.02920  -0.03362   0.01100   0.00600  -0.02416   0.00763   0.11005   0.01383  -0.05569   0.00400 
  0.07298  -0.00632  -0.03368   0.00173   0.12636   0.02619  -0.12511   0.12829   0.11818  -0.00365  -0.05379   0.01129   0.01994   0.00371  -0.03797   0.01913   0.05190   0.01358  -0.08797   0.08454 
  0.06536   0.00875  -0.06500   0.03632  -0.00149   0.06163  -0.04620  -0.03584   0.11920   0.00788  -0.02783  -0.05622  -0.03052   0.04823  -0.05098   0.00876  -0.03258   0.05016  -0.09367   0.00435 
  0.01119   0.04255  -0.03881  -0.02802   0.09340   0.04134  -0.10712   0.08955   0.16356  -0.04697  -0.04305  -0.00071   0.01546  -0.00044   0.00396  -0.03000   0.12028   0.02651  -0.08070  -0.00371 
  0.08188  -0.00573  -0.04134   0.00462   0.10875   0.04132  -0.12118   0.10317   0.14919  -0.02666  -0.06095   0.02204   0.00763   0.02078  -0.03731  -0.00110   0.07830   0.00595  -0.06477   0.06164 
  0.06826   0.01021  -0.06314   0.02708   0.01434   0.04504  -0.03981  -0.01981   0.12675   0.01764  -0.04623  -0.03991  -0.06368   0.04293   0.00098  -0.01252  -0.07543   0.06299  -0.07066  -0.07562 
  0.00287   0.04255  -0.02972  -0.03797   0.08254   0.03204  -0.10387   0.12097   0.18965  -0.03609  -0.04819  -0.03301  -0.00398   0.00951  -0.01958   0.01516   0.01844   0.03400  -0.08030   0.02065 
  0.07927  -0.00039  -0.04938   0.01176   0.17563  -0.00068  -0.11794   0.10728   0.12894  -0.00358  -0.06332   0.01782   0.01253   0.01408  -0.03527   0.00374   0.06799   0.02020  -0.07663   0.03963 
  0.07462   0.00863  -0.06394   0.02456  -0.01667   0.03702  -0.02248  -0.01399   0.09302   0.02346  -0.02505  -0.05871  -0.05901   0.04750  -0.02569   0.01180  -0.02844   0.05830  -0.09324  -0.03137 
 -0.01104   0.04255  -0.02580  -0.03140   0.06748   0.04260  -0.09583   0.09123   0.15640  -0.03076  -0.03740  -0.02345   0.00449  -0.01058  -0.00612   0.02526   0.06786   0.02743  -0.10215   0.05466 
  0.06950  -0.00492  -0.04286   0.02018   0.11893   0.00668  -0.10943   0.15020   0.14366  -0.01161  -0.05913   0.00642   0.01177   0.01814  -0.05861   0.02830   0.08721   0.02913  -0.11345   0.05620 
  0.06888   0.01291  -0.07228   0.03632  -0.07171   0.05050  -0.01675  -0.01633   0.11199   0.01919  -0.04923  -0.02136  -0.02203   0.03376  -0.05206   0.03224  -0.06389   0.05887  -0.09930  -0.00824 
 -0.00148   0.04066  -0.04070  -0.00632   0.12315   0.01732  -0.10026   0.09671   0.17646  -0.02403  -0.04088  -0.04793  -0.01283   0.00433   0.00290   0.00462   0.06330   0.02865  -0.07399   0.00807 
  0.07523   0.00007  -0.03944  -0.00313   0.15929  -0.02526  -0.08995   0.12315   0.12787  -0.00358  -0.06378   0.01958  -0.00112  -0.00161  -0.00183   0.00806   0.07327   0.01323  -0.10142   0.09495 
  0.06805  -0.00375  -0.05314   0.03766  -0.04103   0.05569  -0.03691   0.00442   0.11308  -0.00390  -0.00739  -0.07881  -0.03758   0.04147  -0.02173  -0.00809  -0.03016   0.05201  -0.09594  -0.00010 
  0.00046   0.03866  -0.02385  -0.03823   0.10413   0.02092  -0.09639   0.10392   0.16694  -0.02116  -0.03774  -0.04711  -0.00361  -0.01757   0.01699   0.01525  -0.01012   0.03574  -0.06840   0.00650 
  0.07217  -0.00644  -0.03306   0.00173   0.11957  -0.00332  -0.10147   0.15441   0.14695  -0.03336  -0.07199   0.04933   0.04127  -0.00439  -0.04234   0.00941   0.02767   0.04099  -0.11046   0.03894 
  0.08128   0.00030  -0.07147   0.04603  -0.04632   0.04517  -0.02456   0.00272   0.13962  -0.03025  -0.01495  -0.05299  -0.03506   0.02532   0.00406  -0.01380  -0.04229   0.04916  -0.07980  -0.01161 
  0.00716   0.02516  -0.01447  -0.03297   0.09203   0.02973  -0.11478   0.14024   0.15373  -0.03235  -0.02908  -0.03539  -0.01662  -0.00402  -0.00403   0.03794   0.06943   0.01802  -0.06539   0.02788 
  0.06390  -0.00550  -0.03932   0.02111   0.12231   0.01829  -0.12992   0.16268   0.14483  -0.01435  -0.05298  -0.00236   0.01340   0.01425  -0.03825   0.00637   0.06806   0.01761  -0.09556   0.07619 
  0.06950   0.01044  -0.06701   0.03184  -0.02213   0.03595  -0.03514   0.04205   0.11932   0.00968  -0.02333  -0.06907  -0.06372   0.02342  -0.01001   0.04869  -0.08019   0.05264  -0.07093  -0.02670 
 -0.00734   0.03068  -0.02179  -0.01502   0.12642   0.00470  -0.08287   0.07981   0.18248  -0.01668  -0.04680  -0.05297  -0.00054  -0.00224  -0.00481   0.01319   0.03724   0.02128  -0.06923   0.03829 
  0.08308  -0.00352  -0.04197  -0.00021   0.13730  -0.00149  -0.12238   0.17255   0.14698  -0.02159  -0.06582   0.02649  -0.01376   0.01093  -0.03290   0.04433   0.07678   0.04470  -0.15849   0.06939 
  0.06515   0.00863  -0.07597   0.05446  -0.02706   0.01704  -0.01507   0.03741   0.12354   0.02346  -0.03218  -0.07532  -0.03617   0.03924  -0.02664   0.00289  -0.06609   0.06179  -0.11367   0.00443 
  0.00142   0.04014  -0.03083  -0.02802   0.11113   0.00028  -0.08110   0.10835   0.17847  -0.04825  -0.04177  -0.01772   0.00078  -0.03748   0.01843   0.04528   0.08165   0.03429  -0.11450   0.04314 
  0.08308  -0.02302  -0.03693   0.02890   0.13109  -0.00209  -0.11860   0.17383   0.15759  -0.01928  -0.05541  -0.00481   0.00688  -0.00485  -0.02263   0.03421   0.06643   0.03919  -0.13034   0.05597 
  0.07196   0.00739  -0.06782   0.03655  -0.01402   0.02433  -0.02343   0.02878   0.13372  -0.00318  -0.04248  -0.02542  -0.04558   0.03109  -0.01464   0.01650  -0.09350   0.05865  -0.08104  -0.02806 
  0.00502   0.03003  -0.02948  -0.01052   0.07616  -0.00766  -0.07577   0.15689   0.16373  -0.02268  -0.04030  -0.03612  -0.01644  -0.00192  -0.00002   0.02748   0.09028   0.02157  -0.07572   0.02234 
  0.06390  -0.00655  -0.03693   0.01879   0.10301  -0.00440  -0.11021   0.19428   0.15641  -0.02633  -0.07494   0.03771   0.01204   0.00376  -0.03313   0.02387   0.07037   0.01544  -0.07800   0.05616 
  0.07012  -0.00062  -0.06822   0.05446  -0.02736   0.03590  -0.04058   0.06566   0.15278  -0.01168  -0.03570  -0.04815  -0.09585   0.06460  -0.02531   0.01445  -0.03587   0.03719  -0.08384   0.03736 
 -0.00660   0.03729  -0.03480  -0.00484   0.10307  -0.00262  -0.10027   0.17009   0.16525  -0.04309  -0.03836  -0.01597  -0.00950  -0.01318   0.01441   0.01874   0.08776   0.00235  -0.06767   0.07257 
  0.07053  -0.01987  -0.03518   0.03386   0.13417   0.01286  -0.11236   0.12198   0.15325  -0.00911  -0.06749   0.00845  -0.01074   0.00976  -0.02128   0.02658   0.14470   0.00620  -0.07926   0.04960 
  0.06970   0.00875  -0.06407   0.03003  -0.05077   0.04857  -0.03963   0.04891   0.13588  -0.00634  -0.04910  -0.01073  -0.07127   0.02590   0.01679   0.01193  -0.02629   0.03931  -0.08831   0.03330 
 -0.00415   0.02646  -0.02948   0.00678   0.08534   0.00657  -0.09467   0.15806   0.19607  -0.04869  -0.05062  -0.02035  -0.00162   0.00441  -0.01479   0.01567   0.03663   0.02610  -0.06787   0.01970 
  0.07907  -0.00562  -0.04848   0.02088   0.15940  -0.01831  -0.12666   0.18791   0.18343  -0.02677  -0.07213   0.00655   0.03674  -0.01523  -0.03672   0.03091   0.10400   0.01829  -0.11314   0.08183 
  0.10087  -0.00867  -0.07542   0.04734   0.02337   0.04920  -0.05441   0.00531   0.15329  -0.00645  -0.04788  -0.03110  -0.01890   0.03292  -0.03180   0.00148  -0.04739   0.04746  -0.08111  -0.00051 
  0.02805   0.03431  -0.04248  -0.01931   0.09363  -0.00257  -0.10496   0.19026   0.18528  -0.05274  -0.04227  -0.01913  -0.04172  -0.00551   0.01636   0.04267   0.09268   0.02219  -0.08110   0.02780 
  0.06619  -0.01590  -0.03793   0.03610   0.17425  -0.00984  -0.14935   0.19452   0.16402  -0.03550  -0.07775   0.04489   0.03311  -0.02160  -0.02632   0.03448   0.17410  -0.00187  -0.14169   0.13833 
  0.10010  -0.01399  -0.08553   0.07310   0.03552   0.05047  -0.07819   0.06022   0.15392  -0.01987  -0.05038  -0.00953  -0.02224   0.00827  -0.00133   0.01587   0.01295   0.04165  -0.09641   0.02146 
  0.02895   0.02592  -0.04528   0.00438   0.04939   0.04357  -0.13582   0.19626   0.18573  -0.03035  -0.07892   0.01960  -0.05085  -0.01350   0.01579   0.06944   0.16396   0.00619  -0.07401   0.03004 
  0.05887  -0.00527  -0.05930   0.06020   0.13940   0.01488  -0.18076   0.23931   0.15339   0.00130  -0.13168   0.08979   0.02924  -0.01405  -0.05847   0.06739   0.23113   0.00030  -0.14149   0.10150 
  0.08981   0.00351  -0.12084   0.10186   0.00116   0.06785  -0.12596   0.16454   0.15830  -0.02146  -0.08501   0.04617  -0.04394   0.02097  -0.00957   0.02935   0.03983   0.04015  -0.09843   0.01798 
  0.01447   0.03303  -0.07066   0.04777   0.07650   0.05437  -0.16480   0.19682   0.21372  -0.02569  -0.09217   0.00510   0.01767  -0.02797  -0.03367   0.07732   0.22363  -0.00109  -0.09046   0.04128 
  0.09953  -0.00550  -0.08483   0.05766   0.21960   0.00251  -0.24418   0.25708   0.27608  -0.08049  -0.16124   0.08570   0.11665  -0.06505  -0.13177   0.10208   0.27630  -0.02343  -0.17916   0.17333 
  0.18221  -0.03912  -0.16749   0.12466   0.12024   0.06537  -0.15974   0.10660   0.28911   0.03653  -0.20050  -0.01291   0.06466   0.06886  -0.19255  -0.01978   0.12371   0.05671  -0.16915   0.01662 
  0.11962   0.06911  -0.16647  -0.00435   0.23709   0.04403  -0.22648   0.11374   0.36617  -0.01884  -0.20180  -0.05958   0.18083   0.01567  -0.11249  -0.29056   0.17527   0.06782  -0.24568   0.03720 
  0.24026   0.01648  -0.17551  -0.05664   0.40836  -0.10105  -0.24377   0.10298   0.36538  -0.04062  -0.26155   0.04142   0.28282  -0.07429  -0.26639  -0.14990   0.01252   0.06626  -0.16122   0.02490 
  0.30972  -0.04638  -0.21785   0.00004  -0.16057  -0.35905   0.20914  -0.12767  -0.01345  -0.32324   0.11557   0.02895  -0.04065  -0.22564   0.24417  -0.08806  -0.05699  -0.11075   0.09769   0.11851 
 -0.10319  -0.25170   0.19876  -0.03903  -4.04638  -4.04638   0.37829  -4.04638  -1.57011  -4.04638   0.38951  -4.04638  -2.24113  -4.04638   0.59386  -4.04638  -4.04638  -4.04638   0.52705  -4.04638 
 -2.04613  -4.04638   0.46893  -4.04638  -4.04638  -4.04638  -4.04638   0.97871  -4.04638  -4.04638  -4.04638  -4.04638  -4.04638  -1.46424  -4.04638   0.79426  -4.04638  -4.04638  -4.04638  -4.04638 
 -4.04638  -1.45089  -4.04638   0.78827  -4.04638  -4.04638  -4.04638  -4.04638   0.29379  -0.62514   0.20182  -1.12009  -4.04638  -4.04638  -4.04638  -4.04638  -0.00956  -0.77421   0.45283  -1.10091 
 -0.39598  -0.60908   0.39412  -1.15193  -0.24645   0.42758  -1.70015  -0.83817  -0.33178   0.55313  -1.46039  -1.18461  -0.40483   0.40832  -1.84227  -1.30141  -0.20552   0.21633  -0.42710  -0.65184 
 -0.25541   0.42242  -1.74853  -1.24784  -1.24676  -1.82237   0.37215  -2.01635  -1.82401  -2.22019   0.38911  -2.24769  -0.29845  -0.22340   0.38116  -0.42443  -0.33129  -0.58639   0.44181  -0.85672 
 -1.65080  -1.90064   0.46543  -1.99372  -0.45233   0.01930  -0.32061   0.58078  -0.12366   0.06952  -0.07678   0.10933  -2.13366  -0.22300  -1.68248   0.69373  -4.04638   0.00284  -0.25104   0.36919 
 -1.83695  -0.20620  -1.64565   0.68532  -0.56624   0.36127  -0.55944  -0.13519  -0.15276   0.41677  -1.37545   0.04616  -0.60583   0.28296  -0.43179   0.04619  -1.15073   0.27870  -1.06432  -0.73564 
 -0.81032   0.41601  -1.14010  -0.37138  -0.44922   0.37752  -0.68537  -0.21000  -0.78425   0.41893  -0.37581  -0.15222  -0.39663   0.18171  -0.19821   0.12678  -0.43018   0.20351  -0.49689  -0.20895 
 -0.79800   0.29964  -0.31713  -0.07240  -0.02795   0.20918  -0.26511  -0.03046  -0.14632   0.31429  -0.59711   0.13832  -0.14372   0.14091  -0.18366   0.05314  -0.33129   0.19717  -0.58876  -0.10618 
 -0.19348   0.21291  -0.47804   0.15744  -0.28813   0.28571  -0.28479  -0.21898  -0.20928   0.18442  -0.34365   0.23428  -0.21884   0.28110  -0.41069  -0.24601  -0.45846   0.22501  -0.48171  -0.49198 
 -0.32104   0.21043  -0.33170   0.12684  -0.32139   0.26682  -0.34028   0.06644  -0.45960   0.14187  -0.25171   0.27220  -0.26830   0.26379  -0.45457  -0.05104  -0.36421   0.16673  -0.35148  -0.10844 
 -0.44226   0.16909  -0.26945   0.20807  -0.23931   0.13865  -0.25206   0.32785  -0.53743   0.03098  -0.36113   0.40941  -0.47588   0.18064  -0.49788   0.29087  -0.62146   0.13054  -0.46836   0.17430 
 -0.56783   0.10795  -0.37504   0.37258  -0.33282   0.15965  -0.29968   0.36027  -0.60374   0.08983  -0.41457   0.39795  -0.54365   0.14694  -0.51369   0.36051  -0.81655   0.15033  -0.62986   0.18563 
 -0.70911   0.16343  -0.47117   0.35074  -0.19151   0.13943  -0.37455   0.41114  -0.65921   0.06868  -0.47759   0.43177  -0.50779   0.08740  -0.55189   0.43038  -0.81643   0.12484  -0.83822   0.30116 
 -0.72936   0.12280  -0.54809   0.42174  -0.35415   0.13202  -0.31418   0.42680  -0.62373   0.16800  -0.58799   0.39047  -0.49550   0.08404  -0.70155   0.45217  -0.82529   0.17098  -0.89682   0.18161 
 -0.75608   0.19891  -0.66069   0.35290  -0.30722   0.16443  -0.42974   0.43465  -0.63289   0.16119  -0.60456   0.39967  -0.50601   0.17607  -0.77719   0.35487  -0.85333   0.18314  -0.99912   0.15598 
 -0.75608   0.18992  -0.67082   0.36782  -0.15831   0.26916  -0.49667   0.14318  -0.57375   0.18076  -0.65014   0.38935  -0.54084   0.24444  -0.57882   0.19906  -0.81180   0.20695  -0.90297   0.03117 
 -0.71408   0.22172  -0.68396   0.31817  -0.32993   0.23808  -0.42956   0.27725  -0.49622   0.12263  -0.68357   0.42986  -0.43557   0.19631  -0.52723   0.25904  -0.61915   0.17218  -0.74709   0.13204 
 -0.61997   0.16391  -0.65286   0.38704  -0.16258   0.22456  -0.41101   0.23074  -0.50280   0.13221  -0.58876   0.40702  -0.31695   0.15288  -0.41015   0.26135  -0.51452   0.15674  -0.66706   0.15582 
 -0.58515   0.17692  -0.57362   0.34846  -0.27659   0.17697  -0.34157   0.34283  -0.54907   0.12604  -0.55663   0.40813  -0.21119   0.12926  -0.48420   0.27648  -0.50772   0.15220  -0.61471   0.15351 
 -0.56694   0.16017  -0.53567   0.35941  -0.09853   0.14753  -0.30918   0.30403  -0.46486   0.12970  -0.50777   0.38636  -0.22614   0.08576  -0.49220   0.34509  -0.43860   0.15625  -0.61967   0.13334 
 -0.49938   0.16256  -0.50886   0.33967  -0.28320   0.13675  -0.30121   0.39093  -0.50502   0.12144  -0.47789   0.38791  -0.24738   0.05988  -0.31193   0.33157  -0.40982   0.14989  -0.52878   0.11535 
 -0.52370   0.14952  -0.44700   0.34122  -0.17457   0.12102  -0.25902   0.34485  -0.45917   0.11343  -0.43208   0.37535  -0.29296   0.06640  -0.34484   0.35196  -0.50602   0.16067  -0.55101   0.09550 
 -0.51176   0.15350  -0.42902   0.32763  -0.22198   0.08468  -0.19413   0.35985  -0.45166   0.09584  -0.37194   0.36596  -0.18271   0.04364  -0.33305   0.33034  -0.45004   0.15987  -0.52438   0.07877 
 -0.46211   0.13993  -0.37887   0.31910  -0.15842   0.12999  -0.20187   0.25079  -0.41752   0.09748  -0.33462   0.34594  -0.20782   0.04756  -0.30012   0.32513  -0.50093   0.16232  -0.49333   0.05757 
 -0.44226   0.14351  -0.34703   0.29617  -0.23120   0.11014  -0.17384   0.29033  -0.38981   0.10864  -0.32249   0.32867  -0.18356   0.03505  -0.30072   0.32873  -0.45544   0.14632  -0.43640   0.08478 
 -0.41003   0.13124  -0.32241   0.29580  -0.15699   0.08559  -0.13371   0.24819  -0.32736   0.12319  -0.29630   0.29447  -0.18108   0.04793  -0.27241   0.30107  -0.50759   0.14845  -0.43490   0.08159 
 -0.37428   0.13817  -0.30003   0.26568  -0.08712   0.08354  -0.13085   0.20570  -0.35663   0.10963  -0.26739   0.29510  -0.13763   0.05950  -0.27394   0.26318  -0.45926   0.14271  -0.45607   0.11100 
 -0.34604   0.12609  -0.28226   0.26726  -0.21474   0.08788  -0.10528   0.22253  -0.27608   0.12120  -0.24288   0.25536  -0.10058   0.04628  -0.23607   0.23904  -0.50460   0.14625  -0.40975   0.07365 
 -0.30808   0.13098  -0.25265   0.23033  -0.08498   0.06533  -0.07958   0.14287  -0.30342   0.13910  -0.23641   0.23922  -0.11864   0.05724  -0.22852   0.23131  -0.29603   0.12884  -0.33799   0.05865 
 -0.28141   0.12298  -0.22649   0.21670  -0.12885   0.11488  -0.11913   0.12618  -0.25052   0.11364  -0.18636   0.21590  -0.10042   0.06099  -0.20921   0.20131  -0.28686   0.13861  -0.33818   0.01429 
 -0.24808   0.12089  -0.20107   0.18839  -0.05746   0.03697  -0.03265   0.06918  -0.27550   0.11547  -0.18002   0.21478  -0.04444   0.02878  -0.17587   0.18427  -0.31082   0.12533  -0.30451   0.04658 
 -0.21553   0.09950  -0.17208   0.18776  -0.09001   0.04474  -0.02824   0.06357  -0.21731   0.11662  -0.14235   0.16396  -0.05835   0.05532  -0.16870   0.14767  -0.31527   0.11830  -0.30495   0.07598 
 -0.19612   0.10406  -0.15203   0.15166  -0.07946   0.09532  -0.06945   0.01374  -0.20509   0.11563  -0.12522   0.14327  -0.04816   0.06522  -0.14270   0.09661  -0.31649   0.11738  -0.27532   0.05250 
 -0.17537   0.10488  -0.13710   0.12375  -0.13712   0.08624  -0.03248  -0.02125  -0.17994   0.12134  -0.13083   0.13415  -0.02416   0.04095  -0.15319   0.12702  -0.28858   0.11874  -0.29436   0.05970 
 -0.15144   0.09720  -0.13615   0.12557  -0.11460   0.08223  -0.05456   0.04881  -0.17812   0.10914  -0.10864   0.12300  -0.00788   0.06164  -0.19385   0.10321  -0.25823   0.11552  -0.25359   0.02544 
 -0.13828   0.09720  -0.12912   0.11003  -0.14378   0.07244  -0.01615  -0.02359  -0.16268   0.10744  -0.09374   0.10074  -0.04280   0.06120  -0.16649   0.11979  -0.20319   0.12285  -0.29044   0.01876 
 -0.14532   0.09591  -0.11345   0.09704  -0.05649   0.08199  -0.04968  -0.03012  -0.13384   0.09869  -0.10939   0.12007   0.00068   0.05768  -0.18847   0.09664  -0.17626   0.10013  -0.20054   0.00702 
 -0.09801   0.08467  -0.12023   0.10032  -0.07239   0.10115  -0.05725  -0.06386  -0.13707   0.08576  -0.09291   0.11658   0.02046   0.04689  -0.18716   0.09273  -0.21278   0.09747  -0.20279   0.03100 
 -0.09500   0.08095  -0.11137   0.09451  -0.09874   0.14367  -0.11286  -0.02853  -0.11007   0.06679  -0.10360   0.14030   0.03185   0.05334  -0.21287   0.08618  -0.14713   0.09135  -0.15559  -0.02678 
 -0.07616   0.08066  -0.12420   0.09916  -0.06026   0.13061  -0.10900  -0.02647  -0.08685   0.08045  -0.09797   0.10797   0.06902   0.04417  -0.20775   0.04767  -0.16488   0.07768  -0.13381   0.00489 
 -0.05099   0.07740  -0.11450   0.07535  -0.08777   0.15303  -0.11853  -0.06949  -0.09703   0.05789  -0.10850   0.15009   0.12932   0.00669  -0.22627   0.04056  -0.06412   0.03903  -0.03024  -0.05859 
 -0.01452   0.05278  -0.10531   0.08464  -0.10586   0.19182  -0.15160  -0.15749  -0.05732   0.07478  -0.14678   0.15680   0.13123   0.02410  -0.22373  -0.00353  -0.09627   0.03012  -0.00082  -0.07448 
 -0.00367   0.07147  -0.12343   0.06210  -0.13043   0.20204  -0.17709  -0.09897  -0.05510   0.06514  -0.14921   0.16823   0.17204  -0.01272  -0.24287   0.00990  -0.03987  -0.00245   0.03693  -0.05865 
  0.01541   0.05186  -0.12099   0.08263  -0.17582   0.22060  -0.19268  -0.11513  -0.08712   0.07400  -0.15874   0.18144   0.18072  -0.02657  -0.23083   0.00841  -0.04268   0.01569   0.02477  -0.10173 
  0.00550   0.06437  -0.12897   0.07657  -0.17338   0.23551  -0.23142  -0.09947  -0.08657   0.07423  -0.15696   0.17933   0.20528  -0.02044  -0.26668  -0.03020  -0.05075   0.00508   0.03400  -0.07652 
  0.01680   0.06476  -0.13662   0.07596  -0.18468   0.24720  -0.23407  -0.16551  -0.06766   0.08006  -0.17639   0.18388   0.17426   0.00718  -0.23390  -0.04953  -0.11172   0.00931   0.04401  -0.09506 
 -0.00318   0.07740  -0.13757   0.06795  -0.16722   0.23834  -0.23556  -0.11428  -0.07216   0.06153  -0.19605   0.21958   0.18877  -0.01792  -0.25249  -0.00821  -0.10786   0.01005   0.02321  -0.04468 
  0.00621   0.06127  -0.15432   0.11304  -0.19729   0.24178  -0.23998  -0.09170  -0.07329   0.08061  -0.19127   0.19837   0.16914   0.00118  -0.28137   0.01956  -0.17875   0.01173   0.01247  -0.00234 
 -0.02234   0.07759  -0.15596   0.10549  -0.17676   0.25582  -0.29517  -0.06596  -0.09637   0.07626  -0.18483   0.20569   0.17172  -0.01195  -0.24082   0.00713  -0.19395   0.02220   0.00887  -0.02911 
