IntronPotTab 1 1024 1.92277
    0.05655
   -0.11333
   -0.05767
   -0.05714
    0.03104
   -0.14063
    0.04697
    0.02479
    0.06662
   -0.13448
   -0.07824
   -0.03336
    0.03472
   -0.13718
   -0.02269
    0.02918
    0.04752
   -0.12512
   -0.00358
   -0.04752
    0.02774
   -0.07812
    0.01104
   -0.01312
   -0.00769
    0.06958
   -0.01153
   -0.01498
    0.20531
   -0.23434
   -0.08443
   -0.05539
    0.02839
   -0.13260
    0.02848
   -0.01978
   -0.00469
   -0.11471
    0.22216
   -0.02378
    0.07722
   -0.09163
    0.01467
   -0.06287
   -0.03465
   -0.13734
    0.00745
    0.04930
    0.01722
   -0.00085
   -0.02047
   -0.01651
    0.05811
   -0.02642
    0.02120
   -0.07330
    0.07092
   -0.20693
   -0.02568
   -0.01424
    0.03675
   -0.15691
   -0.03196
    0.04025
    0.00976
    0.00846
   -0.02569
   -0.00342
    0.15805
   -0.29392
    0.05198
    0.00681
   -0.05314
    0.04671
   -0.04474
    0.05023
    0.01252
   -0.03849
    0.04870
   -0.00852
    0.05012
   -0.00315
   -0.04691
   -0.04705
   -0.05669
    0.09225
    0.11187
   -0.01195
   -0.03743
    0.14590
   -0.04202
   -0.06401
    0.04082
    0.04716
   -0.01465
   -0.04000
    0.12016
   -0.07633
   -0.15496
   -0.05059
    0.01553
   -0.19289
    0.16920
   -0.01177
   -0.05351
   -0.02416
    0.13589
   -0.00367
   -0.11934
   -0.13930
    0.02061
    0.09179
    0.28150
   -0.30362
   -0.31750
   -0.26657
   -0.02318
   -0.01668
    0.10564
    0.00516
    0.13338
   -0.07908
   -0.05628
   -0.11054
   -0.01593
   -0.11889
   -0.02297
    0.06683
    0.06058
   -0.09494
   -0.01257
   -0.06468
   -0.05787
   -0.01150
    0.09024
    0.04441
    0.08055
   -0.18151
    0.00485
   -0.07666
    0.02655
   -0.04886
   -0.02578
    0.01387
    0.08588
   -0.04554
   -0.00614
   -0.13685
    0.00078
   -0.02433
    0.07520
   -0.03774
   -0.04327
    0.04475
   -0.01927
    0.03118
    0.01597
    0.17345
   -0.11484
   -0.02951
    0.03458
   -0.12839
    0.01076
   -0.02504
   -0.01736
    0.11003
   -0.04999
   -0.02736
   -0.04963
   -0.09826
    0.02344
    0.07846
    0.06598
   -0.07012
   -0.12058
    0.03434
   -0.01268
    0.01573
   -0.01313
    0.01453
    0.03044
    0.00093
   -0.00605
   -0.03627
    0.01092
   -0.14647
   -0.01822
    0.06872
    0.00127
    0.08207
   -0.14378
    0.04245
   -0.01295
   -0.11957
   -0.04231
    0.05402
   -0.09758
   -0.20369
   -0.17772
    0.19649
    0.00921
   -0.10218
   -0.06419
    0.05217
    0.10514
   -0.24264
   -0.08549
   -0.03102
    0.02893
   -0.03054
   -0.02248
   -0.01717
   -0.01022
    0.04891
    0.06473
   -0.02719
   -0.03222
   -0.04527
    0.09420
   -0.00802
    0.05436
   -0.07991
    0.02384
   -0.01536
   -0.00130
   -0.10704
   -0.03718
    0.03616
   -0.05362
    0.04258
    0.05495
    0.02384
    0.02122
   -0.05331
   -0.02620
    0.00776
   -0.00906
   -0.16650
    0.02149
    0.04579
    0.02813
   -0.01381
   -0.10342
    0.01056
    0.05640
   -0.09555
   -0.01557
   -0.02548
    0.08067
   -0.16730
   -0.10723
    0.01715
    0.03151
   -0.18312
   -0.11995
    0.07455
    0.05204
   -0.03231
   -0.04457
   -0.03769
    0.05107
   -0.03841
   -0.06369
   -0.05075
   -0.02329
    0.05731
   -0.04225
    0.02839
   -0.03738
   -0.02318
   -0.01526
    0.03658
    0.02872
   -0.01841
    0.02748
   -0.05294
   -0.00850
   -0.06014
    0.01643
    0.02535
    0.08841
    0.10112
   -0.05106
   -0.19140
   -0.01043
   -0.04160
    0.02626
    0.01033
    0.00450
    0.06163
   -0.01686
   -0.01597
   -0.01024
   -0.03543
    0.05170
    0.01319
    0.03924
    0.06559
    0.05664
   -0.08051
    0.09575
    0.03422
   -0.01021
   -0.08954
   -0.03483
    0.03331
   -0.06883
    0.03769
    0.04270
   -0.06444
    0.04127
   -0.05297
    0.01493
   -0.02253
   -0.08491
    0.04324
   -0.04258
   -0.04876
   -0.04915
    0.06353
   -0.01815
   -0.01257
    0.05151
   -0.00007
    0.07525
   -0.01217
   -0.07676
   -0.04995
   -0.12930
    0.06662
    0.03867
    0.06020
   -0.00856
    0.02648
    0.02850
   -0.01814
    0.04381
    0.01009
    0.02266
   -0.07719
   -0.12349
    0.16005
    0.06406
    0.04729
   -0.00413
    0.03762
    0.08327
   -0.10065
   -0.14525
    0.04794
   -0.06993
    0.06257
    0.00888
    0.01344
    0.05823
   -0.04007
   -0.00888
   -0.09227
    0.04870
    0.05922
    0.10146
   -0.05250
   -0.03025
   -0.07882
   -0.18791
   -0.02870
    0.17470
    0.03013
   -0.02516
    0.00012
    0.13732
   -0.03162
    0.07357
   -0.06033
   -0.03008
   -0.02195
    0.01046
   -0.02706
   -0.05379
    0.03597
   -0.07361
   -0.09458
   -0.09026
    0.09926
    0.08643
   -0.12896
   -0.08671
   -0.02337
   -0.06643
   -0.04379
    0.10047
    0.03871
    0.08511
   -0.03553
   -0.00017
   -0.11439
    0.06201
   -0.19327
   -0.02378
    0.01100
    0.01789
   -0.31298
    0.01293
    0.08089
   -0.14123
    0.01200
    0.15677
    0.04552
   -0.13721
    0.19145
   -0.14578
    0.00205
   -0.06602
    0.04045
   -0.03823
    0.05803
    0.02727
   -0.05981
   -0.10026
    0.02822
   -0.08343
    0.08453
   -0.03374
    0.05632
    0.03277
   -0.43963
    0.07352
    0.04107
   -0.02138
   -0.09478
   -0.04201
    0.06934
   -0.14432
    0.08449
    0.04081
    0.06709
   -0.05844
   -0.07047
    0.00020
    0.08861
   -0.01207
   -0.02492
   -0.06309
    0.06318
   -0.05959
    0.00243
   -0.05551
    0.07620
   -0.29800
    0.55336
   -0.22933
   -0.16048
   -0.04053
   -0.05733
   -0.06616
    0.06325
   -0.08145
    0.06126
   -0.05977
    0.06252
   -0.01565
   -0.18895
   -0.01332
    0.07218
    0.02152
   -0.12237
    0.13798
   -0.05991
    0.05422
   -0.17413
    0.04147
   -0.05687
    0.09587
   -0.00968
   -0.05197
   -0.07241
   -0.05576
   -0.04435
    0.10980
    0.00017
   -0.05658
    0.14671
   -0.01241
    0.02623
   -0.06368
    0.02235
   -0.11411
    0.05492
   -0.09177
    0.15258
    0.02408
    0.02777
   -0.04060
   -0.02425
   -0.01933
    0.03198
    0.00356
    0.00619
   -0.10456
    0.01837
   -0.04993
    0.00234
    0.08922
    0.02676
    0.05753
   -0.06671
   -0.07637
    0.00166
   -0.10581
   -0.18881
   -0.10074
    0.13210
    0.05684
   -0.09980
    0.01040
   -0.06314
    0.01555
   -0.11498
    0.03363
    0.03936
    0.05901
   -0.13988
   -0.01197
   -0.05795
    0.02479
   -0.10306
    0.04669
    0.00701
    0.04816
   -0.02963
   -0.10647
   -0.01791
   -0.05670
    0.01704
    0.03974
    0.06283
   -0.05380
    0.07478
    0.09101
   -0.01072
    0.13771
   -0.17287
   -0.07159
   -0.00330
   -0.00118
   -0.08647
    0.08694
   -0.01600
   -0.00810
    0.03523
    0.03474
   -0.01595
    0.08476
   -0.10744
   -0.05838
   -0.06567
   -0.06150
   -0.15798
   -0.02517
    0.07770
   -0.03099
   -0.01022
    0.05582
    0.02065
    0.05450
   -0.14683
    0.02587
   -0.00215
    0.04762
   -0.20871
    0.02382
   -0.04002
    0.03572
   -0.12749
    0.01254
    0.01987
    0.02625
    0.00042
   -0.04426
   -0.01317
    0.03137
   -0.11076
    0.09816
    0.05182
   -0.10469
    0.06826
    0.08409
   -0.02208
    0.02531
   -0.02914
    0.02259
   -0.00532
   -0.05390
    0.24036
   -0.04301
   -0.05903
    0.01957
    0.03428
    0.13635
   -0.12007
   -0.20937
    0.12936
    0.10547
   -0.03785
    0.14171
    0.04802
   -0.17725
   -0.03792
   -0.03401
   -0.13016
   -0.17256
    0.12019
   -0.19749
    0.02530
    0.10361
    0.06292
   -0.11957
    0.06243
   -0.01415
    0.03176
    0.03530
   -0.13193
    0.00985
    0.02609
    0.01762
   -0.13608
    0.15071
   -0.03716
    0.05505
    0.08147
   -0.16602
   -0.08675
   -0.01040
   -0.05472
    0.14333
   -0.06173
    0.03399
   -0.10975
   -0.10713
    0.07840
    0.04106
   -0.15233
    0.03033
   -0.02139
    0.10231
   -0.19131
   -0.09520
    0.00911
    0.01951
   -0.11418
    0.02596
    0.01628
    0.02351
   -0.11538
   -0.02926
    0.04887
    0.05457
    0.01346
   -0.07774
   -0.05349
    0.02272
    0.01944
    0.07796
   -0.09446
   -0.19668
    0.19617
    0.05196
   -0.10437
    0.01341
    0.12234
   -0.13730
   -0.01438
    0.00881
   -0.19159
    0.14409
   -0.03858
   -0.04004
    0.02943
    0.03697
    0.00545
    0.02547
   -0.02779
   -0.03845
    0.00006
   -0.08044
   -0.03929
    0.07429
    0.03072
   -0.11797
    0.07373
    0.18485
    0.00158
    0.07075
   -0.12111
    0.04243
   -0.03399
   -0.07786
    0.01099
    0.02986
    0.05783
   -0.02064
   -0.09251
   -0.13381
    0.09066
   -0.05683
   -0.01114
   -0.04320
    0.07031
   -0.05572
   -0.27322
   -0.16269
    0.17721
   -0.00565
   -0.13693
   -0.06878
    0.07554
    0.05440
   -0.20655
    0.04694
    0.01268
   -0.00489
    0.06879
   -0.00025
   -0.02377
   -0.01201
    0.13339
    0.09171
   -0.09871
   -0.00162
   -0.05047
   -0.05281
    0.03533
    0.00019
   -0.06999
    0.05701
    0.00453
   -0.00495
   -0.07016
    0.05427
    0.00656
   -0.02046
    0.03924
    0.03384
   -0.00479
    0.03109
   -0.12133
    0.12386
   -0.03935
   -0.03125
    0.01669
   -0.00226
    0.01231
    0.00020
    0.05214
   -0.08329
    0.00639
    0.03165
   -0.09594
    0.04150
    0.00541
    0.02543
   -0.22115
   -0.02218
    0.06277
   -0.07676
   -0.19033
   -0.00300
    0.10392
    0.05180
   -0.15379
   -0.06868
    0.01130
    0.03822
   -0.25090
   -0.06264
    0.06490
    0.03642
   -0.08735
   -0.03965
    0.00108
    0.02992
   -0.18142
   -0.06208
    0.04492
    0.03353
   -0.01874
   -0.14090
    0.01981
   -0.01207
   -0.01769
    0.09570
   -0.01586
    0.06530
   -0.35903
    0.03473
    0.00314
    0.26634
   -0.26302
   -0.15079
   -0.20462
   -0.04313
    0.00686
   -0.02674
    0.05669
   -0.06243
   -0.00220
    0.13623
    0.02819
   -0.01180
    0.03902
    0.06688
   -0.02492
   -0.01297
   -0.05414
    0.00190
    0.02337
   -0.10854
    0.00289
   -0.13262
    0.08323
    0.00549
   -0.17977
   -0.03205
    0.05783
    0.03582
   -0.16659
   -0.03149
    0.04014
   -0.01229
   -0.19250
   -0.08038
    0.08794
   -0.03998
   -0.07056
    0.10682
    0.02097
    0.07550
   -0.08449
   -0.10176
    0.01659
   -0.04540
    0.10043
    0.10057
   -0.10913
    0.02099
   -0.06653
    0.04984
    0.02064
   -0.01169
    0.02353
    0.06782
   -0.03658
   -0.08494
    0.15578
    0.05975
   -0.00765
   -0.14329
    0.05728
    0.08454
    0.04362
   -0.00497
    0.04119
   -0.09804
    0.02384
   -0.03291
   -0.01365
    0.07676
    0.00774
   -0.01030
    0.16497
    0.00925
   -0.13621
   -0.20964
    0.26351
    0.10290
   -0.07213
   -0.01750
   -0.11903
    0.06123
    0.04366
   -0.00831
    0.00171
    0.03588
   -0.00611
    0.10394
   -0.17092
   -0.01944
   -0.00336
    0.04870
   -0.00742
   -0.01734
   -0.04076
   -0.05219
   -0.16530
   -0.12398
    0.13131
    0.02033
   -0.12140
   -0.06624
    0.05738
   -0.01378
   -0.14563
   -0.04901
    0.10112
    0.00929
   -0.11224
   -0.09639
    0.08815
   -0.05526
   -0.18903
   -0.01947
    0.11004
    0.06591
   -0.02738
   -0.11706
   -0.00263
   -0.05238
    0.08171
    0.04157
    0.01329
    0.09743
   -0.01895
   -0.17168
    0.02781
    0.12469
   -0.23944
   -0.10052
    0.05662
    0.03074
   -0.08258
   -0.08115
    0.02582
   -0.03919
   -0.21965
    0.24482
    0.00462
   -0.05426
    0.02673
    0.06455
    0.01267
   -0.02890
   -0.18412
   -0.02166
    0.08536
   -0.06974
    0.00898
   -0.16175
    0.11103
    0.00260
   -0.13314
    0.01621
    0.04057
   -0.00763
   -0.08068
   -0.09031
    0.10376
   -0.03365
   -0.10112
   -0.18800
    0.15834
   -0.02765
   -0.06258
   -0.04303
    0.06319
   -0.06738
   -0.23689
   -0.20708
    0.19624
    0.00883
   -0.10879
   -0.11517
    0.08399
    0.01051
   -0.23185
   -0.04396
    0.07026
    0.00158
   -0.12717
   -0.00094
    0.03694
   -0.04075
    0.05387
   -0.00688
    0.02772
    0.01510
   -0.08740
    0.06520
   -0.02917
    0.01451
   -0.09808
   -0.14275
    0.05558
   -0.01175
   -0.13869
    0.02456
    0.03621
   -0.05475
   -0.09407
    0.03242
    0.07149
   -0.04850
    0.01695
    0.04869
    0.02357
   -0.07541
   -0.16482
    0.03652
    0.06017
   -0.03990
   -0.01972
   -0.13232
    0.08227
   -0.04160
   -0.05579
   -0.01791
    0.06048
   -0.02210
    0.01855
   -0.09939
    0.07457
   -0.10742
   -0.26432
   -0.17107
    0.11735
