21 4 20 1 30 -2.2034 1.5546 3.4637 1740
 -0.00844  -0.15128  -0.07846   0.08478 
 -0.00124  -0.15364   0.01638   0.04685 
  0.03241  -0.07571  -0.03474   0.01018 
  0.02306  -0.10438  -0.09063   0.04812 
  0.03438  -0.18054  -0.00167   0.02723 
  0.02103  -0.08573  -0.02226   0.02049 
  0.02976  -0.14426  -0.10315   0.05696 
  0.02103  -0.13507  -0.02051   0.03519 
  0.03635  -0.11945  -0.03293   0.01981 
  0.03373  -0.11945  -0.04020   0.02522 
  0.01419  -0.08981   0.00827   0.01640 
  0.03108  -0.11509  -0.09269   0.04428 
  0.02642  -0.10226  -0.07053   0.03780 
  0.03438  -0.08776   0.01477  -0.00829 
  0.00514  -0.03597  -0.04203   0.02589 
 -0.02021  -0.07373  -0.09894   0.07888 
  0.01073  -0.11509   0.01316   0.02589 
  0.02440  -0.03960  -0.06858   0.01777 
 -0.01723  -0.06980  -0.08858   0.07230 
  0.01967  -0.13281  -0.02402   0.03715 
 -0.00124  -0.03778  -0.06662   0.04106 
 -0.00554  -0.09599  -0.17181   0.09233 
  0.00444  -0.06014  -0.06275   0.04235 
  0.01831  -0.07571  -0.08450   0.04170 
  0.00934  -0.11077  -0.13385   0.07470 
 -0.02245  -0.05068  -0.05700   0.06069 
  0.01212  -0.07969  -0.17931   0.07470 
  0.00725  -0.12608  -0.15241   0.08536 
  0.00232  -0.08573  -0.09894   0.06377 
  0.00161  -0.05068  -0.17430   0.07350 
  0.00090  -0.13055  -0.18695   0.09975 
 -0.02170  -0.11293  -0.07846   0.08536 
 -0.00124  -0.06980  -0.18184   0.08360 
 -0.02395  -0.07969  -0.25042   0.11803 
 -0.03616  -0.12165  -0.14536   0.11586 
 -0.03771  -0.06014  -0.13842   0.09861 
 -0.02925  -0.18818  -0.22447   0.14230 
 -0.05433  -0.19595  -0.12485   0.13973 
 -0.05756  -0.10438  -0.12708   0.12182 
 -0.06743  -0.12165  -0.18184   0.14435 
 -0.01575  -0.20922  -0.06275   0.09918 
 -0.04004  -0.13055  -0.14536   0.12074 
 -0.03077  -0.16081  -0.11823   0.11477 
 -0.06577  -0.20653  -0.01876   0.12074 
  0.00161  -0.11077  -0.09269   0.06988 
 -0.03693  -0.33672  -0.29745   0.18293 
  0.08871  -0.13055  -0.13385  -0.00109 
 -0.14258   0.05799  -0.44140   0.17349 
  0.45525  -3.24080  -3.24080  -3.24080 
 -3.24080  -1.40999   0.82286  -3.24080 
  0.04285  -0.03057   0.15550  -0.12977 
 -0.06329   0.01193   0.00991   0.04685 
 -0.01649  -0.06014   0.14005  -0.03139 
 -0.00916   0.05506   0.04440  -0.03756 
 -0.01797  -0.02525   0.04590   0.00739 
 -0.00195  -0.02349   0.12404  -0.05257 
  0.01419   0.04015   0.07071  -0.07062 
  0.03108  -0.07571   0.06929  -0.03601 
  0.03438  -0.09186   0.12655  -0.06812 
 -0.00554   0.05212   0.06500  -0.05097 
  0.01350  -0.03057   0.01477  -0.00757 
 -0.00267  -0.02702   0.12026  -0.04777 
  0.02103  -0.00122   0.08192  -0.06397 
 -0.00410   0.00044   0.04590  -0.01709 
  0.00584  -0.05255   0.09552  -0.03139 
 -0.01281   0.05359   0.07495  -0.04937 
  0.02642  -0.00626   0.04440  -0.04698 
 -0.01428  -0.03597   0.09013  -0.01414 
 -0.00195   0.04767   0.09284  -0.06895 
 -0.01649  -0.01999   0.04740   0.00317 
  0.01419  -0.02525   0.09418  -0.05177 
  0.00584   0.04467   0.08604  -0.07230 
 -0.00052  -0.03236   0.03680  -0.00252 
  0.00655  -0.05633   0.11517  -0.04225 
 -0.00052   0.02154   0.08604  -0.05257 
 -0.01428  -0.02173   0.03833   0.00599 
  0.00725   0.00376   0.12026  -0.07399 
  0.01073   0.01193   0.09820  -0.06812 
  0.00444   0.00376   0.05482  -0.03216 
 -0.00482  -0.03778   0.14844  -0.05905 
 -0.00195   0.02783   0.09149  -0.05742 
 -0.01281   0.00540   0.02749  -0.00181 
  0.00444   0.01355   0.10349  -0.06480 
 -0.00052   0.04767   0.07775  -0.06150 
  0.03373  -0.03960   0.07914  -0.05986 
  0.01488  -0.07373   0.12655  -0.05177 
  0.00161  -0.00626   0.12279  -0.06397 
  0.02373  -0.03960   0.06356  -0.03912 
 -0.01946  -0.00458   0.12903  -0.04540 
 -0.00052   0.03403   0.09686  -0.06562 
 -0.00267  -0.03416   0.02592   0.00529 
 -0.02546  -0.00290   0.13884  -0.04619 
 -0.00267   0.03094   0.10085  -0.06397 
  0.00655  -0.02349   0.07071  -0.03063 
  0.01831  -0.08169   0.08604  -0.02834 
  0.01073   0.02312   0.11002  -0.08165 
  0.00444  -0.03057   0.08053  -0.03063 
  0.02709  -0.05255   0.10217  -0.05986 
 -0.00554  -0.00795   0.12655  -0.05742 
