11 4 3 1 47 -3.1285 1.8695 3.4281 1738
  0.01675  -0.09757   0.04490   0.00012 
  0.01812  -0.12115   0.06837  -0.00490 
  0.03025  -0.07323   0.03883  -0.02031 
  0.01812  -0.09549   0.03267   0.00367 
  0.02220  -0.08523   0.06979  -0.02256 
  0.01193  -0.01602   0.06550  -0.03706 
  0.03554  -0.14144   0.06694  -0.01659 
  0.01949  -0.11028   0.12076  -0.03940 
  0.00282  -0.04460   0.08517  -0.02557 
  0.04141  -0.10388   0.01040  -0.00852 
  0.01744  -0.09549   0.08380  -0.02106 
  0.02959  -0.01602   0.06837  -0.05937 
  0.01675  -0.06735   0.05825  -0.01733 
  0.03092  -0.14144   0.10399  -0.03166 
  0.04399  -0.04645   0.05971  -0.05855 
  0.02220  -0.11896   0.05825  -0.00490 
  0.03422  -0.08321   0.07263  -0.03862 
  0.02959  -0.00408   0.04187  -0.05047 
 -0.00145  -0.08726   0.09334  -0.00925 
  0.00211  -0.05964   0.13077  -0.04569 
 -0.00288  -0.01429   0.08791  -0.03397 
  0.02288  -0.06735   0.05532  -0.02256 
  0.01123  -0.10388   0.11949  -0.03166 
  0.01054  -0.00576   0.05237  -0.03320 
 -0.00432  -0.07521   0.07263   0.00012 
  0.01607  -0.05583   0.09468  -0.04096 
  0.01812  -0.01086   0.11695  -0.07773 
  0.00140  -0.12336   0.05971   0.01690 
  0.01331  -0.13005   0.13691  -0.03551 
  0.01193   0.02677   0.07685  -0.06430 
  0.02423  -0.07521   0.02799  -0.00779 
  0.04592  -0.09549   0.10922  -0.07012 
  0.00494  -0.02299   0.10922  -0.05127 
  0.02356  -0.11028   0.07964  -0.02031 
  0.01607  -0.06735   0.13569  -0.06182 
  0.02826   0.02045   0.07685  -0.08115 
  0.00984  -0.06930   0.05971  -0.00997 
  0.00914  -0.10600   0.14656  -0.04569 
  0.02017   0.02677   0.06550  -0.06762 
 -0.01452  -0.01775   0.11695  -0.03706 
  0.00352  -0.03910   0.12076  -0.04967 
  0.02017   0.01726   0.10922  -0.08983 
  0.00564  -0.06541   0.09063  -0.02331 
 -0.00939  -0.02652   0.15600  -0.06430 
  0.03025   0.00094   0.10399  -0.09071 
  0.03291  -0.09549   0.06406  -0.02784 
  0.07625  -0.05964   0.05532  -0.09424 
  0.09612   0.00918   0.07825  -0.18122 
  0.05543  -0.02123  -0.07398  -0.02181 
 -0.00074  -0.23083   0.37987  -0.23531 
 -1.62803  -3.24030   0.82185  -3.24030 
 -3.24030  -1.70415  -3.24030   0.45414 
  0.27215  -0.47073  -0.02529  -0.36093 
  0.21265  -0.22520  -0.28713  -0.12640 
 -0.32648  -0.39829   0.62949  -0.40390 
 -0.29304  -0.38192  -0.24402   0.28431 
  0.10684  -0.26016  -0.04153  -0.02106 
 -0.01971  -0.25413  -0.07796   0.11527 
  0.01469  -0.23368   0.02799   0.04735 
  0.06413  -0.13231  -0.07398   0.00859 
  0.04784  -0.20872  -0.04709   0.03765 
 -0.02195  -0.13457  -0.05841   0.08528 
  0.01607  -0.10177  -0.05650   0.04285 
  0.02826  -0.15552  -0.12213   0.06673 
  0.03422  -0.15078  -0.02001   0.02639 
  0.00069  -0.09549  -0.06418   0.05746 
  0.01262  -0.20603  -0.09426   0.08469 
 -0.04346  -0.17254   0.00713   0.08936 
  0.01607  -0.13231  -0.01306   0.03634 
  0.01054  -0.19284  -0.13108   0.09340 
  0.01880  -0.21688  -0.03243   0.06243 
  0.02558  -0.11896  -0.05650   0.03896 
  0.01812  -0.16516  -0.05841   0.05933 
  0.01744  -0.21142   0.03883   0.03503 
  0.02490  -0.09757  -0.05841   0.03371 
  0.00352  -0.23942  -0.03787   0.08234 
  0.00914  -0.21414   0.01527   0.05306 
  0.02153  -0.11896  -0.04709   0.03961 
  0.01880  -0.20603  -0.06418   0.07038 
 -0.00360  -0.21688   0.06117   0.04607 
  0.00984  -0.11028  -0.06613   0.05432 
 -0.00288  -0.19284  -0.03064   0.07520 
 -0.00002  -0.18257   0.04640   0.04091 
  0.00423  -0.12781  -0.02176   0.04926 
  0.01812  -0.19545  -0.05460   0.06550 
  0.00564  -0.18257   0.02956   0.04285 
 -0.00504  -0.07323   0.00217   0.03173 
  0.01675  -0.17007  -0.04709   0.05808 
  0.00984  -0.18004   0.03576   0.03568 
  0.00704  -0.13005  -0.04709   0.05621 
  0.02085  -0.15791  -0.06613   0.05746 
 -0.01012  -0.14376   0.04640   0.03961 
  0.00634  -0.08931  -0.03424   0.04026 
 -0.00217  -0.17503  -0.01306   0.06427 
 -0.00002  -0.07126   0.00050   0.02706 
  0.02625  -0.13457  -0.01652   0.02840 
  0.01193  -0.12336  -0.07597   0.05933 
  0.00352  -0.13685   0.02485   0.03437 
  0.03092  -0.05583  -0.03064   0.00296 
