IntronPotTab 1 1024 -23.80178 1.28411 19.66994 31665 6 16  166.93
    0.00596
   -0.01389
   -0.10008
    0.07752
    0.05226
   -0.07560
   -0.03516
   -0.00452
    0.05575
   -0.04958
   -0.03902
   -0.01247
    0.06484
   -0.08538
   -0.01383
   -0.00040
   -0.00914
    0.04220
   -0.11513
    0.05836
    0.03001
   -0.00768
   -0.00907
   -0.02488
    0.04745
   -0.04993
   -0.08546
    0.02449
    0.10378
   -0.08423
    0.01988
   -0.03848
    0.03139
   -0.09889
   -0.01336
    0.01353
    0.06877
   -0.07721
   -0.01977
   -0.03795
    0.08659
   -0.09699
    0.11056
   -0.19068
    0.08244
   -0.11761
    0.01141
   -0.01782
   -0.00817
   -0.04566
   -0.05256
    0.06162
    0.03753
   -0.05598
   -0.03823
    0.01121
    0.05567
   -0.06382
   -0.08959
    0.04061
    0.04133
   -0.06869
   -0.02154
    0.02891
   -0.01075
    0.06015
   -0.15206
    0.05574
    0.12178
   -0.22395
   -0.15961
   -0.12663
    0.05237
   -0.01531
   -0.16558
    0.06713
    0.10921
   -0.08326
   -0.04024
   -0.00244
   -0.04769
    0.06172
   -0.21738
    0.10536
   -0.02179
    0.06331
   -0.11320
    0.02305
    0.02884
   -0.01530
   -0.15498
    0.06424
    0.05166
   -0.01734
   -0.04402
    0.01263
   -0.01975
    0.00672
   -0.12854
    0.09731
    0.08791
   -0.09573
   -0.04034
   -0.03654
    0.02402
   -0.01990
   -0.01608
    0.00576
    0.04311
   -0.08985
   -0.00195
    0.02847
    0.04258
    0.05831
   -0.19221
   -0.02785
    0.05179
   -0.06387
   -0.08473
    0.04345
    0.10120
   -0.04495
   -0.15445
    0.03880
    0.11250
   -0.04213
   -0.07504
    0.02472
   -0.02083
   -0.09970
    0.03625
    0.04640
    0.06042
   -0.10511
   -0.01462
    0.00692
    0.15928
   -0.26417
   -0.11989
   -0.13841
    0.07516
   -0.14546
    0.00055
    0.02725
   -0.05752
   -0.04586
    0.04377
    0.04335
    0.01744
   -0.02821
    0.00518
   -0.00461
    0.03726
   -0.07764
   -0.00944
    0.03554
    0.05247
   -0.07109
    0.00650
    0.00912
   -0.01921
   -0.14226
    0.06658
   -0.00479
    0.04656
   -0.05602
    0.00138
   -0.01833
    0.04661
   -0.19132
    0.12564
   -0.09796
   -0.05551
   -0.08757
    0.05489
    0.05022
   -0.11386
   -0.23100
    0.16361
   -0.07063
    0.02108
   -0.09466
    0.02918
    0.01383
    0.02782
   -0.12640
   -0.00532
    0.08513
    0.07180
   -0.14521
    0.04737
    0.00609
   -0.07036
   -0.01061
   -0.12459
    0.11179
    0.04859
   -0.10572
   -0.04675
    0.02890
    0.03068
   -0.05133
   -0.13769
    0.07883
    0.10875
   -0.19531
   -0.09530
   -0.07306
   -0.13530
   -0.03204
   -0.25962
    0.14569
   -0.01974
    0.00277
   -0.08016
    0.05024
   -0.02387
   -0.09142
   -0.09279
    0.11373
    0.03368
   -0.02510
   -0.04477
    0.02323
   -0.11912
   -0.09637
   -0.14384
    0.14320
    0.01206
   -0.07981
   -0.02305
    0.04167
   -0.00116
   -0.09867
   -0.01262
    0.08659
    0.02385
   -0.14146
    0.03723
    0.02168
   -0.05074
   -0.06795
   -0.10515
    0.09694
   -0.00029
   -0.03387
   -0.05613
    0.05076
    0.01924
   -0.07926
   -0.09072
    0.09135
    0.04980
   -0.03899
   -0.03373
    0.01692
    0.02268
   -0.00159
   -0.14731
    0.09382
    0.05589
   -0.05474
   -0.08055
    0.00447
    0.02983
   -0.01447
   -0.07592
    0.04133
    0.08887
   -0.06222
   -0.05156
    0.01698
   -0.14444
    0.17109
   -0.30112
   -0.04090
    0.04767
    0.02880
   -0.07085
   -0.05284
   -0.02945
    0.05631
   -0.10441
    0.02874
    0.07064
    0.01188
   -0.06791
   -0.01153
    0.02103
   -0.03588
   -0.01845
    0.01699
    0.08720
   -0.09433
   -0.07609
   -0.05690
    0.06397
    0.00949
    0.06780
   -0.18384
    0.11563
   -0.09985
   -0.04165
   -0.01377
   -0.00589
   -0.02777
   -0.13615
    0.08850
    0.10043
   -0.08983
   -0.10214
   -0.07378
    0.05114
   -0.03849
   -0.11205
    0.06131
    0.10094
   -0.04420
   -0.07378
    0.02278
    0.00017
    0.04531
   -0.16045
    0.10217
   -0.00072
    0.05781
   -0.11702
    0.01388
    0.01037
    0.01142
   -0.11693
    0.07234
    0.03456
    0.01677
   -0.08451
    0.02727
   -0.02847
    0.07089
   -0.24060
    0.10704
   -0.21719
    0.11405
   -0.25904
   -0.00655
   -0.03409
    0.04306
   -0.13123
    0.05999
   -0.04031
    0.08600
   -0.16305
    0.00144
   -0.00553
   -0.00490
   -0.11749
    0.11507
   -0.00667
    0.02173
   -0.06790
    0.03017
   -0.01285
   -0.00686
   -0.02044
    0.03870
   -0.00285
   -0.01143
   -0.03489
    0.04690
    0.03601
   -0.01256
   -0.14520
    0.07306
   -0.11253
    0.11141
   -0.20810
    0.03931
    0.01482
   -0.00339
   -0.12419
    0.08099
    0.05304
    0.01772
   -0.11408
    0.03912
    0.01316
   -0.01418
   -0.11661
    0.11976
    0.00531
   -0.09286
    0.01924
    0.03413
    0.05926
   -0.06177
   -0.04722
    0.04637
    0.05153
   -0.10556
    0.01547
    0.01851
   -0.03917
    0.08964
   -0.14978
    0.07187
   -0.02063
    0.01842
   -0.01296
    0.02120
   -0.10143
    0.11189
   -0.13196
    0.03445
    0.04013
   -0.00752
   -0.00883
   -0.00933
    0.00441
   -0.02380
   -0.03467
    0.05313
    0.02216
   -0.06645
    0.02146
   -0.00199
   -0.00699
   -0.07011
    0.06530
   -0.00384
   -0.10567
   -0.06895
    0.03566
    0.08376
   -0.02568
   -0.05378
   -0.06540
    0.11123
    0.01126
   -0.10065
    0.04311
    0.00081
   -0.02124
   -0.07223
   -0.11393
    0.15292
    0.05875
   -0.05944
   -0.01819
    0.03277
   -0.08467
    0.12611
   -0.19643
    0.09145
   -0.09886
   -0.10857
   -0.17275
    0.13702
   -0.00234
   -0.09112
   -0.06631
    0.14504
   -0.01853
   -0.00529
   -0.03889
    0.04152
   -0.08963
    0.10459
   -0.23852
    0.11918
   -0.21125
    0.09582
   -0.22404
    0.11020
   -0.04513
    0.01238
   -0.10288
    0.08771
   -0.16666
    0.17604
   -0.24417
   -0.11284
   -0.04688
    0.05239
   -0.13356
    0.09771
   -0.08772
   -0.05893
   -0.12702
    0.12163
   -0.03737
   -0.02011
   -0.02891
    0.07607
   -0.01706
   -0.05873
   -0.00281
    0.05022
   -0.02576
    0.00826
   -0.15495
    0.09045
   -0.10244
    0.01436
   -0.13895
    0.10849
   -0.03807
   -0.00332
   -0.11310
    0.11670
    0.00379
    0.02846
   -0.07433
    0.02793
    0.00260
   -0.04098
   -0.05392
    0.08008
    0.05607
   -0.10249
    0.01226
   -0.02135
    0.07933
   -0.12014
   -0.04604
   -0.01926
    0.07538
   -0.08528
   -0.01750
    0.00601
    0.00820
    0.00022
   -0.05080
    0.03008
    0.02395
   -0.03054
    0.02677
   -0.02252
    0.06770
   -0.10682
   -0.06169
    0.00416
    0.12338
   -0.08208
    0.02146
   -0.04850
   -0.10056
   -0.22764
    0.15724
   -0.10994
    0.04611
   -0.07701
    0.03717
   -0.04483
    0.06485
   -0.15603
    0.11894
   -0.19760
    0.08758
   -0.14084
    0.04910
   -0.03839
    0.02964
   -0.07749
   -0.04460
    0.04508
    0.06653
   -0.09051
   -0.02234
   -0.00738
    0.11451
   -0.16239
   -0.10151
   -0.04979
    0.10242
   -0.07410
   -0.02351
    0.00657
   -0.01259
    0.01120
   -0.09763
    0.09456
    0.06339
   -0.07854
   -0.04543
    0.00693
   -0.04603
    0.03311
   -0.13716
    0.09547
    0.08239
   -0.07205
   -0.01029
    0.01255
   -0.02859
   -0.01148
   -0.10135
    0.09840
   -0.07955
    0.05331
   -0.02306
    0.04001
   -0.00968
   -0.02324
   -0.07158
    0.07550
    0.04004
   -0.03128
   -0.01788
    0.02183
   -0.01319
   -0.03853
   -0.03203
    0.07731
   -0.03397
   -0.10349
    0.14908
   -0.05120
   -0.03034
   -0.04963
    0.04185
    0.05545
   -0.00800
   -0.15811
    0.09620
   -0.01043
    0.08001
    0.02405
   -0.19670
    0.08063
    0.02472
   -0.07317
   -0.04690
    0.05753
   -0.00408
    0.03244
   -0.13021
    0.03924
    0.08516
   -0.06867
   -0.00985
    0.02593
    0.01336
   -0.10146
   -0.01929
    0.07003
    0.04533
   -0.10224
    0.00633
    0.00726
    0.03073
   -0.19640
    0.07248
   -0.04525
    0.06221
   -0.16729
    0.03011
    0.01621
   -0.00730
   -0.04575
   -0.01113
    0.05426
    0.00747
   -0.01777
    0.00555
   -0.00143
   -0.00092
   -0.07789
    0.05924
    0.01157
    0.05734
   -0.09674
    0.02431
    0.00669
   -0.01825
   -0.15876
    0.07480
   -0.00743
    0.01527
   -0.09744
    0.03678
    0.01123
   -0.04363
   -0.26691
    0.10856
   -0.11176
   -0.02073
   -0.19323
    0.09159
    0.02396
   -0.05806
   -0.13708
    0.08122
    0.04998
    0.01702
   -0.09603
    0.00490
    0.03508
   -0.00541
   -0.15294
    0.07734
    0.03509
    0.03688
   -0.14201
    0.04579
    0.02142
   -0.02411
    0.01599
   -0.14806
    0.10760
    0.04399
   -0.12436
   -0.04741
    0.05954
   -0.13689
   -0.14323
   -0.25793
    0.19224
    0.03954
   -0.11779
    0.00421
    0.03925
   -0.05875
   -0.01945
   -0.14977
    0.12697
   -0.04650
   -0.01345
   -0.04798
    0.06654
   -0.10097
   -0.11359
   -0.09651
    0.16345
    0.00724
   -0.02156
   -0.02944
    0.03142
   -0.04205
   -0.06957
   -0.05711
    0.10776
   -0.02769
   -0.11881
    0.08956
    0.01800
   -0.07799
   -0.14212
    0.00366
    0.13918
   -0.10438
   -0.31012
    0.13884
   -0.11539
   -0.02987
   -0.03367
   -0.10261
    0.09242
   -0.01808
   -0.05704
   -0.04318
    0.06399
   -0.04768
   -0.09903
   -0.08912
    0.12770
    0.03021
   -0.04813
   -0.01253
    0.02881
   -0.01581
   -0.01796
   -0.12084
    0.09438
    0.03564
   -0.07285
   -0.00887
    0.00526
    0.06289
   -0.06959
   -0.11229
    0.05017
    0.04863
   -0.05719
    0.00102
   -0.02546
   -0.04214
    0.05245
   -0.18997
    0.08690
    0.06067
    0.00482
   -0.05170
   -0.04344
   -0.00858
   -0.04057
   -0.10734
    0.09277
    0.09349
   -0.08448
   -0.04226
   -0.05376
    0.03593
   -0.10632
   -0.01938
    0.02857
    0.07947
   -0.07046
   -0.04393
   -0.04577
    0.10623
   -0.08637
    0.07336
   -0.12495
    0.13877
   -0.20772
   -0.09647
   -0.10004
   -0.13989
   -0.16748
   -0.24930
    0.09791
    0.04985
   -0.07510
   -0.06000
    0.01535
    0.01619
   -0.05207
   -0.14393
    0.08909
    0.05381
   -0.04134
   -0.03309
    0.00309
    0.01532
    0.00059
   -0.18292
    0.10825
    0.02844
    0.00715
   -0.10170
    0.02562
    0.01345
   -0.01296
   -0.19068
    0.13064
    0.00628
    0.05165
   -0.09902
   -0.01752
   -0.02051
    0.02256
   -0.23292
    0.12093
   -0.10772
    0.09480
   -0.21801
    0.06691
    0.01375
   -0.03534
   -0.16556
    0.10056
    0.00715
    0.06614
   -0.14645
   -0.01318
    0.00744
   -0.04404
   -0.11967
    0.09982
   -0.00331
   -0.00793
   -0.08504
    0.05733
   -0.02011
   -0.04170
   -0.06792
    0.09927
   -0.01493
    0.00051
   -0.04897
    0.04382
    0.05493
   -0.04106
   -0.22825
    0.10753
   -0.16291
   -0.12723
   -0.29945
    0.17347
    0.04419
   -0.06491
   -0.15892
    0.11682
    0.05755
    0.01797
   -0.10490
    0.01949
    0.02266
   -0.06473
   -0.11959
    0.11397
    0.01611
   -0.11151
    0.01009
    0.04452
    0.06304
   -0.09507
   -0.06533
    0.06840
    0.01863
   -0.15591
    0.06846
   -0.04866
   -0.02562
   -0.02535
   -0.12276
    0.11936
   -0.01917
   -0.01871
   -0.03831
    0.05245
   -0.04579
   -0.09744
   -0.06517
    0.14739
    0.02534
   -0.10028
    0.03572
    0.00679
    0.01276
   -0.08454
   -0.06777
    0.09772
   -0.00355
   -0.04684
    0.00732
    0.03171
    0.01890
   -0.12792
    0.06196
    0.01670
   -0.03101
   -0.18570
    0.07776
    0.02198
   -0.03912
   -0.06731
   -0.06981
    0.10815
   -0.00804
   -0.04771
   -0.03052
    0.05692
   -0.14539
   -0.20806
   -0.22526
    0.18081
    0.04283
   -0.08968
    0.01487
    0.01556
   -0.05336
    0.03934
   -0.08825
    0.08125
    0.01026
   -0.08100
   -0.05077
    0.06042
    0.01680
   -0.04412
   -0.16133
    0.10178
    0.01049
   -0.03118
   -0.00856
    0.01579
   -0.05095
    0.02624
   -0.19329
    0.10324
   -0.07551
    0.04406
   -0.10595
    0.06499
   -0.01993
   -0.06405
   -0.08864
    0.10224
    0.00229
    0.00876
   -0.08322
    0.02760
   -0.02764
   -0.04839
   -0.07848
    0.09539
   -0.03650
   -0.04921
   -0.03884
    0.07382
   -0.01603
   -0.09883
    0.00590
    0.08592
    0.00990
   -0.09416
   -0.00366
    0.03928
   -0.04111
   -0.00680
   -0.11896
    0.08168
   -0.03612
   -0.00258
   -0.07105
    0.05534
    0.00733
   -0.08287
   -0.07722
    0.09947
   -0.00319
   -0.02799
   -0.01760
    0.03437
