IntronPotTab 1 1024 2.31764
    0.06366
   -0.00697
   -0.09611
    0.06392
    0.04429
    0.04318
   -0.12166
    0.06311
   -0.00341
    0.08056
   -0.02940
   -0.08881
   -0.02119
   -0.03451
   -0.04216
    0.09883
   -0.01493
    0.03897
   -0.07537
    0.04788
   -0.04694
    0.05193
   -0.04580
    0.03963
   -0.01485
    0.03219
   -0.04298
    0.01438
   -0.02498
   -0.06418
    0.10681
   -0.02222
    0.02754
   -0.03539
    0.00754
   -0.00630
    0.03392
   -0.03216
   -0.06872
    0.06913
   -0.02904
    0.02421
    0.00860
   -0.01548
   -0.08689
   -0.05095
    0.07461
    0.01770
    0.08887
   -0.07721
   -0.01141
    0.06800
    0.04738
   -0.04227
   -0.03996
    0.06346
    0.08087
    0.01997
   -0.08072
   -0.03543
    0.01121
   -0.02333
   -0.03898
    0.06071
    0.04288
    0.01468
   -0.12667
    0.15621
    0.09584
   -0.09740
   -0.09930
    0.17303
    0.07271
   -0.04954
   -0.07972
    0.13797
    0.22808
   -0.06590
   -0.07921
    0.15517
   -0.00928
    0.04780
   -0.16195
    0.09735
   -0.07593
    0.06611
   -0.07754
    0.09265
   -0.04476
    0.02724
   -0.03087
    0.03805
    0.08041
   -0.04372
   -0.09309
    0.12721
    0.10816
   -0.01395
   -0.11979
    0.11625
    0.05616
   -0.10424
   -0.03635
    0.09580
    0.10105
   -0.01613
   -0.03617
   -0.04430
   -0.05908
   -0.06370
    0.01613
    0.12097
    0.52326
   -0.26931
    0.09282
    0.02983
    0.12114
    0.02025
   -0.16478
    0.20490
    0.47172
   -0.14193
   -0.33982
   -0.04292
    0.17091
   -0.07619
   -0.02009
    0.04937
    0.18169
   -0.02224
   -0.13858
    0.13919
    0.13243
   -0.05447
   -0.15909
    0.21815
    0.11341
   -0.04751
   -0.09497
    0.08157
    0.22989
   -0.10953
   -0.04829
    0.21242
    0.04003
   -0.02871
   -0.08019
    0.13374
    0.01813
   -0.00203
   -0.06456
    0.07326
   -0.00500
    0.00140
   -0.00016
    0.00409
    0.22309
   -0.11002
    0.02274
    0.04699
    0.04478
   -0.01345
   -0.04419
    0.03636
    0.05330
   -0.06040
   -0.07269
    0.11596
    0.07754
   -0.06644
   -0.00237
    0.03300
   -0.01851
   -0.01580
   -0.01356
    0.07223
    0.17038
   -0.15396
   -0.05755
    0.23509
    0.14400
   -0.00768
   -0.12252
    0.14217
    0.08347
   -0.01086
   -0.11508
    0.10322
    0.22853
   -0.07469
   -0.03921
    0.12943
   -0.00606
    0.01731
   -0.04484
    0.06124
    0.03414
   -0.05027
   -0.17890
    0.23146
    0.03861
    0.03530
   -0.06304
   -0.06304
    0.05484
   -0.08320
   -0.00691
    0.11220
   -0.08340
    0.07597
   -0.05025
    0.03211
   -0.01507
    0.05579
   -0.04829
    0.02522
   -0.08244
    0.06043
   -0.02347
    0.03901
    0.02276
    0.01801
   -0.04129
    0.01298
    0.04648
    0.01155
   -0.07175
    0.02225
    0.04804
   -0.10882
   -0.09934
    0.15320
    0.04900
    0.02599
   -0.10628
   -0.02001
   -0.03224
   -0.06456
    0.03686
    0.06034
   -0.10819
    0.03391
    0.00207
    0.01544
    0.02662
    0.00116
   -0.08245
    0.10037
    0.02712
    0.04577
   -0.11841
    0.02503
   -0.04822
   -0.04269
   -0.02880
    0.08474
    0.06162
    0.02688
   -0.11158
    0.14101
   -0.01721
    0.05155
   -0.09533
    0.10084
   -0.04692
    0.06475
   -0.09105
    0.07450
    0.05858
    0.03591
   -0.12413
    0.12021
   -0.03019
    0.06916
   -0.09978
    0.02418
   -0.01958
    0.09666
   -0.10674
    0.06176
    0.02574
    0.02605
   -0.06381
   -0.01702
    0.03532
   -0.01445
   -0.00726
    0.01758
    0.00547
    0.03517
   -0.01814
   -0.02552
    0.00610
    0.03970
   -0.07891
    0.03420
   -0.03074
    0.05092
    0.01897
   -0.08608
   -0.04385
    0.00434
    0.01711
   -0.00985
    0.05454
    0.00955
   -0.10840
    0.06648
    0.03878
    0.01667
   -0.08047
    0.05560
   -0.00137
    0.09373
   -0.14865
    0.00321
    0.00257
    0.00207
   -0.09165
    0.12770
    0.06445
    0.04504
   -0.15792
    0.15583
    0.06333
   -0.04134
   -0.08454
    0.11557
   -0.00952
    0.05157
   -0.08787
   -0.02495
    0.10843
    0.00969
   -0.14143
    0.17772
   -0.00033
    0.06164
   -0.14575
    0.06125
   -0.11100
    0.14424
   -0.16396
    0.10574
   -0.07998
    0.08578
   -0.09939
    0.00817
    0.03454
   -0.01575
   -0.07213
    0.07246
    0.07962
    0.03444
   -0.15087
    0.11280
   -0.00011
   -0.04390
   -0.07528
    0.12727
    0.01147
    0.00625
   -0.03020
    0.00117
   -0.05519
   -0.02583
   -0.00994
    0.10131
    0.05457
   -0.14866
    0.10432
    0.14829
    0.01149
    0.04384
   -0.14990
    0.18530
    0.15659
   -0.01512
   -0.17261
    0.10693
    0.16771
   -0.02176
   -0.13657
    0.18688
    0.06071
    0.01349
   -0.11770
    0.10249
    0.05342
    0.05480
   -0.13268
    0.10647
    0.04581
    0.01102
   -0.11941
    0.09467
    0.10175
   -0.00896
   -0.12439
    0.22777
   -0.01838
    0.04748
   -0.10315
    0.08295
   -0.02141
    0.07799
   -0.08628
    0.06402
   -0.02003
    0.00497
   -0.01837
    0.03451
    0.09266
   -0.04191
   -0.02575
    0.07501
    0.04195
   -0.00690
   -0.02386
   -0.00368
   -0.00540
    0.01024
   -0.09547
    0.12954
    0.03506
   -0.01994
   -0.02194
    0.02312
    0.02235
    0.00155
   -0.06125
    0.14053
    0.16322
   -0.03344
   -0.11942
    0.11839
    0.00961
    0.03058
   -0.06632
    0.08609
    0.08598
   -0.01356
   -0.09516
    0.06856
    0.15309
    0.00449
   -0.08309
    0.12178
   -0.12966
    0.20021
   -0.19103
    0.01996
    0.03444
   -0.00536
   -0.10911
    0.10906
   -0.00516
    0.03810
   -0.11314
    0.04939
    0.04355
    0.00390
   -0.11876
    0.13628
   -0.11987
    0.11015
   -0.02808
    0.02263
   -0.09834
    0.16345
   -0.04005
   -0.01443
   -0.06719
    0.10197
   -0.08910
    0.02350
   -0.08846
    0.05256
   -0.05492
    0.00493
   -0.23664
    0.31129
   -0.32922
   -0.09870
    0.04256
    0.04477
   -0.11085
    0.01861
   -0.01336
    0.09000
   -0.07452
   -0.09056
    0.00186
    0.02680
   -0.04583
    0.02136
    0.02170
   -0.05396
    0.01179
    0.06943
   -0.00398
    0.02778
   -0.07229
    0.04176
   -0.06373
    0.09984
   -0.12054
    0.04718
   -0.03996
    0.09731
   -0.10069
    0.03902
   -0.00639
   -0.01595
   -0.05824
    0.13056
    0.00972
    0.06577
   -0.05175
   -0.00584
   -0.06834
    0.06189
   -0.05185
    0.05947
    0.00223
   -0.02836
   -0.04893
    0.12621
   -0.09078
    0.08348
   -0.03091
    0.02287
   -0.02566
    0.11539
   -0.12233
    0.05773
   -0.06861
    0.08714
   -0.04696
    0.02606
   -0.07310
   -0.02375
    0.05114
   -0.01187
   -0.02211
   -0.00295
    0.07057
   -0.08832
    0.00974
    0.09176
   -0.08077
    0.00365
   -0.03097
    0.05264
    0.05770
   -0.11336
   -0.01542
   -0.03693
    0.04019
   -0.00162
   -0.03838
   -0.00238
   -0.01959
    0.05447
    0.03651
    0.02704
   -0.03897
   -0.00546
    0.01810
    0.02425
   -0.06960
    0.03300
    0.07661
   -0.02162
   -0.06049
    0.09982
    0.02128
    0.03329
   -0.12308
    0.15790
    0.06592
   -0.05940
   -0.07805
    0.13524
    0.02095
    0.00060
   -0.08465
    0.09113
    0.13417
   -0.05223
   -0.05551
    0.14898
    0.01194
    0.02578
   -0.03059
   -0.00895
   -0.02209
    0.14830
   -0.10485
    0.02494
   -0.06113
    0.05038
   -0.03421
    0.03040
    0.06588
   -0.02314
   -0.03968
    0.05625
    0.10157
   -0.00825
   -0.07538
    0.04851
   -0.01307
    0.00057
   -0.03644
    0.05616
    0.01454
   -0.00108
    0.03938
   -0.05598
   -0.05836
   -0.03865
    0.01060
    0.08448
    0.27387
   -0.15016
    0.01697
    0.03914
    0.01484
    0.02589
   -0.11139
    0.15723
    0.30546
   -0.09044
   -0.17665
    0.01520
    0.10419
   -0.06024
   -0.06468
    0.16087
    0.11227
   -0.05036
   -0.09696
    0.14525
    0.04308
    0.03295
   -0.09100
    0.09215
    0.02608
   -0.02141
   -0.01988
    0.06147
    0.10287
   -0.00979
   -0.09810
    0.19421
    0.01107
   -0.00443
   -0.02946
    0.03629
   -0.00542
    0.12929
   -0.04627
   -0.03833
   -0.04235
    0.05870
   -0.00931
   -0.02297
   -0.02292
   -0.02080
    0.00534
    0.02697
    0.05444
   -0.00787
   -0.00367
   -0.04021
   -0.05047
    0.06383
   -0.06540
    0.09526
   -0.03914
    0.00857
    0.07055
   -0.05147
   -0.15332
    0.00901
   -0.04437
    0.13765
    0.16554
    0.05397
   -0.18747
    0.05280
   -0.01310
    0.08547
   -0.07540
    0.05100
   -0.02760
    0.01983
   -0.03857
    0.06368
    0.05086
   -0.00730
   -0.08331
    0.17467
   -0.10101
    0.12310
   -0.13811
    0.20778
    0.03658
    0.01828
   -0.21854
    0.17511
   -0.00804
    0.12433
   -0.15029
   -0.07658
    0.16131
   -0.05387
   -0.06970
    0.08948
   -0.09783
    0.14012
   -0.05187
   -0.00694
   -0.00817
    0.16294
   -0.09062
   -0.01430
   -0.04027
    0.07820
   -0.05460
    0.00844
    0.04596
    0.03603
   -0.03785
   -0.01944
    0.06256
    0.04648
   -0.09246
    0.00895
    0.04633
   -0.00232
   -0.08066
    0.05427
   -0.00775
    0.03108
    0.03100
   -0.07081
   -0.04198
   -0.03624
    0.04653
   -0.01423
   -0.14417
   -0.00140
   -0.00414
    0.08958
    0.02342
    0.04711
   -0.04375
   -0.01130
   -0.04449
    0.08755
   -0.05995
   -0.00484
   -0.09136
    0.02826
   -0.08961
    0.13793
    0.04186
    0.00436
   -0.13017
    0.17621
    0.01572
    0.03779
   -0.15108
    0.13954
    0.03855
    0.01324
   -0.13134
    0.07029
    0.01197
    0.04749
   -0.10005
    0.05045
   -0.10341
    0.07212
   -0.03437
    0.04732
    0.00763
    0.10100
   -0.11104
    0.02044
   -0.01181
    0.06739
   -0.06433
   -0.02414
   -0.02591
   -0.12835
    0.19292
   -0.13465
    0.01289
    0.03221
   -0.06851
    0.03356
    0.08930
   -0.04830
   -0.11973
    0.09322
    0.08355
   -0.01508
   -0.01333
   -0.06390
   -0.01315
   -0.02482
    0.03105
    0.00582
    0.17088
   -0.09389
   -0.00785
    0.00234
    0.06288
   -0.09316
   -0.04265
    0.12607
    0.13553
   -0.04986
   -0.08641
    0.05586
    0.02460
   -0.07150
   -0.04401
    0.12258
    0.09012
   -0.00714
   -0.16634
    0.24376
    0.11190
   -0.10111
   -0.08767
    0.17486
    0.08898
   -0.03936
   -0.05596
    0.06783
    0.27144
   -0.05383
   -0.15701
    0.25224
   -0.00662
    0.01699
   -0.15290
    0.14405
   -0.07205
    0.07526
   -0.11133
    0.11116
   -0.03377
    0.02729
   -0.07465
    0.06738
    0.18046
   -0.04100
   -0.07645
    0.08647
    0.10720
    0.01071
   -0.13614
    0.09416
    0.08772
   -0.06275
   -0.14375
    0.11101
    0.06959
   -0.02622
   -0.00772
   -0.01997
   -0.01610
   -0.09245
    0.08207
    0.11517
    0.25702
   -0.15605
    0.02128
    0.14027
    0.07462
    0.00621
   -0.18096
    0.20632
    0.23910
   -0.04806
   -0.20487
    0.12851
    0.17652
   -0.06943
   -0.06491
    0.15850
    0.08682
    0.02072
   -0.13926
    0.13461
    0.12274
    0.03500
   -0.23149
    0.21221
    0.10085
   -0.01680
   -0.12205
    0.12943
    0.15222
    0.02321
   -0.15711
    0.22260
    0.03761
    0.02081
   -0.13112
    0.12104
    0.00780
    0.01774
   -0.11795
    0.13644
    0.03622
   -0.01219
   -0.02908
    0.01776
    0.11908
   -0.06778
   -0.01380
    0.08586
    0.06519
   -0.00723
   -0.09151
    0.05418
    0.02360
   -0.03389
   -0.11639
    0.16182
    0.06482
   -0.01315
   -0.03725
   -0.01307
   -0.05938
    0.01237
   -0.07981
    0.19056
    0.19880
   -0.04569
   -0.14375
    0.14441
    0.10055
   -0.00695
   -0.14515
    0.19180
    0.09326
   -0.03000
   -0.11898
    0.11784
    0.15153
    0.00753
   -0.08972
    0.13306
   -0.01840
    0.04107
   -0.13090
    0.12767
    0.03318
   -0.08696
   -0.14149
    0.24389
    0.04877
   -0.00684
   -0.00235
   -0.07338
    0.02272
   -0.10693
   -0.02678
    0.16824
   -0.10639
    0.09983
   -0.08771
    0.06195
   -0.06391
    0.13222
   -0.05315
    0.00133
   -0.05896
    0.08258
   -0.07131
    0.04158
    0.03514
    0.02420
   -0.01395
   -0.02146
    0.04054
    0.07285
   -0.17346
    0.07077
    0.08944
   -0.05305
   -0.17137
    0.14767
    0.03841
   -0.00234
   -0.03860
   -0.00314
   -0.03194
   -0.05458
   -0.01003
    0.09682
    0.10331
   -0.02124
   -0.12196
    0.05998
    0.02145
   -0.00410
   -0.08120
    0.09962
    0.01514
    0.02220
   -0.07096
    0.04007
   -0.00505
   -0.06581
   -0.07447
    0.10922
