22 20 22 1 28 -2.2459 1.9648 4.3806 4466
  0.02070   0.02732  -0.10677   0.07597   0.04319   0.07676  -0.13813   0.03020   0.05925  -0.00893  -0.16388   0.13657  -0.02003   0.03212  -0.10069   0.07383   0.03815  -0.02269  -0.06054   0.10677 
  0.01783   0.01241  -0.10840   0.10004   0.03089   0.08107  -0.14134   0.03976   0.04018   0.05326  -0.19325   0.12084  -0.00754   0.02292  -0.09690   0.07350   0.07437  -0.01182  -0.06573   0.08431 
  0.01059   0.03060  -0.11665   0.09001   0.03592   0.02806  -0.10838   0.07280   0.00918   0.01988  -0.12577   0.12260   0.06534   0.01782  -0.11296   0.00455   0.13376  -0.03551  -0.06773   0.09435 
  0.03011   0.00208  -0.09314   0.08756   0.03590   0.08577  -0.11278  -0.00709   0.03509   0.00331  -0.14128   0.12890   0.09671   0.03217  -0.13875  -0.05314   0.11412  -0.04533  -0.06938   0.11729 
  0.04789   0.01457  -0.10555   0.06750   0.02651   0.09619  -0.13242   0.00970   0.01998  -0.01583  -0.08308   0.10369   0.03374   0.02875  -0.08496  -0.00189   0.00293  -0.00462  -0.04118   0.06913 
  0.01108   0.02008  -0.07346   0.05842   0.00086   0.02591  -0.10504   0.10255  -0.03128   0.03395  -0.11646   0.13312   0.05618   0.01249  -0.14272   0.05589   0.06935  -0.01124  -0.04575   0.05981 
  0.00471   0.01179  -0.09314   0.09646   0.02830   0.09130  -0.21353   0.09507   0.01210   0.06633  -0.14442   0.09094   0.05991   0.02696  -0.18960   0.06215   0.10898  -0.02886  -0.03901   0.05955 
  0.02496   0.03326  -0.12422   0.08139   0.00577   0.08252  -0.14643   0.06671   0.00911  -0.01744  -0.09729   0.12852   0.07136  -0.00994  -0.12397   0.05880   0.13147  -0.05954  -0.02646   0.07462 
  0.02590  -0.01046  -0.08069   0.09405   0.05057   0.08580  -0.17458   0.04693   0.04632   0.03647  -0.18671   0.12637   0.08154  -0.00152  -0.13111   0.03585   0.01543  -0.03236  -0.03786   0.09988 
  0.03886   0.01734  -0.12042   0.08715   0.00986   0.10391  -0.15030   0.03397   0.03017  -0.02535  -0.14350   0.15803   0.06602   0.01589  -0.13979   0.03340   0.07087  -0.08123  -0.01014   0.10520 
  0.02449  -0.00366  -0.09393   0.10044  -0.04490   0.09278  -0.15622   0.10256  -0.00462  -0.00845  -0.14490   0.17281   0.06365   0.03088  -0.14487   0.01131   0.07797  -0.04233  -0.04300   0.09664 
  0.00075   0.01427  -0.10758   0.11063  -0.02376   0.09960  -0.18077   0.09903  -0.03284   0.00284  -0.14300   0.18218   0.10016  -0.00738  -0.17516   0.05667   0.11671  -0.07340  -0.02298   0.09422 
  0.01108  -0.00270  -0.10758   0.12323  -0.07211   0.15579  -0.17292   0.03981  -0.01290   0.02619  -0.19751   0.18924   0.07877   0.02755  -0.18033   0.02715   0.09693  -0.02834  -0.02520   0.04468 
 -0.00325   0.03854  -0.12253   0.09606  -0.06927   0.11913  -0.14977   0.07608   0.03620  -0.00012  -0.18710   0.16665   0.12201  -0.01656  -0.14013   0.00807   0.09025  -0.08879  -0.00608   0.10102 
  0.03289  -0.00754  -0.10474   0.10869  -0.03807   0.14010  -0.20145   0.06689  -0.00955  -0.03297  -0.16039   0.20497   0.12560   0.00928  -0.20448   0.00876   0.01908  -0.05058  -0.04257   0.12735 
  0.01302   0.01210  -0.12934   0.12361  -0.02322   0.14006  -0.21446   0.06618  -0.02771  -0.02975  -0.16202   0.21555   0.08566   0.01437  -0.15340   0.01957   0.00416  -0.08512  -0.01767   0.14153 
 -0.01035   0.00176  -0.11127   0.13730  -0.04225   0.15051  -0.23738   0.08318   0.00982  -0.02926  -0.20656   0.21946   0.13861  -0.02658  -0.21465   0.06036   0.00802  -0.05470  -0.02360   0.11284 
  0.01831   0.00208  -0.13888   0.13948  -0.05992   0.18065  -0.28262   0.07945  -0.02065  -0.00603  -0.16859   0.19925   0.12019  -0.01536  -0.14130   0.01003   0.03493  -0.05915  -0.02358   0.10927 
 -0.00325   0.01764  -0.12210   0.12285  -0.03835   0.16014  -0.27539   0.09287  -0.00884   0.00584  -0.20141   0.20450   0.08144   0.03000  -0.18712   0.02386   0.04752  -0.08688  -0.03404   0.14893 
 -0.00175   0.01795  -0.14462   0.14056  -0.05645   0.15228  -0.29474   0.13068  -0.04100  -0.00084  -0.18729   0.22051   0.11727   0.00179  -0.19573   0.03016  -0.00834  -0.05910  -0.02576   0.12591 
 -0.01600   0.01334  -0.13757   0.15022  -0.12589   0.19504  -0.25974   0.08237  -0.07077   0.02994  -0.22123   0.23567   0.12455  -0.01539  -0.17439   0.03245   0.02820  -0.05094  -0.05447   0.13839 
 -0.03074   0.02911  -0.14909   0.15092  -0.04766   0.18383  -0.37571   0.12241  -0.12211   0.05013  -0.21878   0.24520   0.10389   0.03059  -0.27513   0.05311  -0.06543  -0.01908  -0.04723   0.11821 
 -0.05496   0.04919  -0.17498   0.16173  -0.13382   0.18718  -0.31048   0.13416  -0.05457  -0.00229  -0.18443   0.22757   0.11903   0.00505  -0.16244  -0.00837   0.00045  -0.03191  -0.07291   0.14430 
 -0.03721   0.02372  -0.14551   0.15862  -0.03824   0.15998  -0.34270   0.13498  -0.05742  -0.00789  -0.21042   0.24813   0.07209   0.03405  -0.19778   0.03808  -0.01330  -0.07151  -0.05380   0.17230 
 -0.03721   0.01611  -0.15862   0.17696  -0.06861   0.18902  -0.41454   0.14693  -0.04370  -0.01337  -0.16875   0.21878   0.09797  -0.00340  -0.24816   0.10362  -0.01893  -0.03117  -0.07326   0.14933 
 -0.03451   0.02432  -0.16556   0.17127  -0.05892   0.18247  -0.42602   0.15586  -0.06422   0.05936  -0.19650   0.19411   0.07055   0.02894  -0.21470   0.06275  -0.08577  -0.00350  -0.09664   0.15618 
 -0.05723   0.05540  -0.18122   0.16001  -0.05814   0.15758  -0.33765   0.14890  -0.09530   0.05395  -0.18802   0.21064   0.04890   0.02955  -0.20226   0.08071  -0.01041  -0.04783  -0.09144   0.18340 
 -0.06527   0.03267  -0.16277   0.17829  -0.13119   0.20016  -0.44198   0.17695  -0.10163   0.04769  -0.21351   0.23420   0.00758   0.00595  -0.15752   0.13373  -0.05051  -0.02280  -0.09414   0.16847 
 -0.10027   0.04346  -0.17546   0.19391  -0.12422   0.18451  -0.33448   0.14664  -0.10910   0.00582  -0.18002   0.24772  -0.02721   0.05460  -0.19212   0.11215  -0.04008  -0.06105  -0.07911   0.19311 
 -0.11431   0.02672  -0.14819   0.20026  -0.02080   0.19406  -0.51781   0.14917  -0.07292   0.03665  -0.22238   0.23259   0.00458   0.04021  -0.21628   0.12108  -0.10500  -0.07658  -0.07463   0.21801 
 -0.08181   0.03000  -0.18026   0.20215  -0.04994   0.15701  -0.53734   0.22372  -0.15790   0.02521  -0.14600   0.23520   0.01318   0.05461  -0.23341   0.09765  -0.09265  -0.07232  -0.08189   0.21800 
 -0.11627   0.02432  -0.16138   0.21269  -0.09199   0.17753  -0.44335   0.18910  -0.12086   0.06046  -0.14791   0.19131  -0.01177   0.02353  -0.15890   0.12649  -0.12719  -0.04866  -0.07544   0.19606 
 -0.12416   0.03678  -0.13888   0.18747  -0.04965   0.15614  -0.43546   0.19053  -0.11418  -0.00827  -0.19492   0.26759  -0.03837   0.01682  -0.11648   0.13065  -0.17720  -0.06690  -0.07486   0.22224 
 -0.12151   0.00743  -0.14953   0.22387  -0.10297   0.13457  -0.42712   0.24096  -0.16706   0.00190  -0.18249   0.27660  -0.11393   0.06076  -0.11559   0.12049  -0.20202  -0.06647  -0.08248   0.23226 
 -0.18767   0.01978  -0.14373   0.23565  -0.03681   0.14451  -0.46467   0.20830  -0.14197   0.01124  -0.14465   0.23698  -0.13247   0.07228  -0.13137   0.12617  -0.18080  -0.04430  -0.10894   0.22987 
 -0.17257   0.03178  -0.14284   0.21726  -0.10930   0.09830  -0.47293   0.29394  -0.14464   0.00785  -0.16051   0.25065  -0.08452   0.02316  -0.12724   0.16667  -0.20115  -0.08137  -0.13311   0.28237 
 -0.16887  -0.00206  -0.16000   0.25856  -0.08116   0.15286  -0.69155   0.27861  -0.11265  -0.04883  -0.15332   0.26643  -0.06968  -0.00728  -0.13844   0.20394  -0.19325  -0.12873  -0.08536   0.28274 
 -0.15869  -0.02913  -0.14729   0.26944  -0.03391   0.11151  -0.52211   0.26049  -0.09307   0.01008  -0.11944   0.19513  -0.10871  -0.01342  -0.02292   0.15360  -0.17418  -0.09980  -0.07657   0.25152 
 -0.15511  -0.01177  -0.10393   0.22447  -0.00779   0.16993  -0.60627   0.20150  -0.11997   0.04650  -0.09187   0.15732  -0.12113   0.01735  -0.02653   0.12082  -0.23216  -0.08360  -0.04367   0.21762 
 -0.15725   0.02160  -0.09077   0.18192  -0.08409   0.19922  -0.66080   0.21927  -0.07579   0.01066  -0.04022   0.10938  -0.04904  -0.03609  -0.00160   0.11630  -0.11662  -0.07292   0.02448   0.10542 
 -0.10469   0.00555  -0.04570   0.13069  -0.08030   0.15640  -0.52743   0.23737  -0.06789   0.00116  -0.04681   0.11970  -0.10560   0.00793  -0.04668   0.14205  -0.02590  -0.04583  -0.01044   0.09520 
 -0.09776   0.01978  -0.07763   0.14165   0.02523   0.13309  -0.56854   0.21528  -0.02373   0.01372  -0.08381   0.11461  -0.02947   0.02181  -0.03165   0.03279  -0.08155  -0.05566  -0.03908   0.15700 
 -0.04655   0.01795  -0.09790   0.13106   0.04137   0.11868  -0.73283   0.25591  -0.01761   0.00680  -0.12772   0.15638  -0.00054  -0.01240  -0.12944   0.14834   0.00557  -0.04507  -0.05524   0.13940 
 -0.02016   0.00743  -0.15587   0.17362  -0.03804   0.13881  -0.54501   0.24032  -0.04890   0.03705  -0.08046   0.10847  -0.00920  -0.02485  -0.01236   0.07106  -0.08813  -0.03078  -0.00428   0.08476 
 -0.07287   0.02160  -0.08222   0.12884  -0.05226   0.08768  -0.40575   0.25650   0.01163   0.02888  -0.18251   0.15888  -0.02663  -0.01888  -0.11880   0.17273   0.06137  -0.01140  -0.14632   0.16981 
 -0.02595   0.01457  -0.17930   0.18617   0.43337  -0.13617  -0.53363  -0.10487   0.25806  -0.20410  -0.02426  -0.19260   0.26205  -0.17542  -0.00707  -0.22677   0.40501  -0.28187   0.11836  -0.16435 
  0.28730  -0.20927  -0.00615  -0.16585  -0.45735   0.44656  -1.37532  -0.13103  -0.09563   0.29297  -0.58218   0.10964  -0.66900   0.30563  -0.92405   0.07088  -0.31277   0.27911  -0.82506   0.02434 
 -0.38212   0.35173  -0.91636   0.00305   0.69396  -3.65002  -3.65002  -3.65002   0.65061  -3.65002  -3.65002  -3.65002   0.63290  -3.65002  -3.65002  -3.65002   1.07989  -3.65002  -3.65002  -3.65002 
  0.71007  -3.65002  -3.65002  -3.65002  -3.65002  -3.65002   0.48779  -3.65002  -3.65002  -3.65002  -3.65002  -3.65002  -3.65002  -3.65002  -3.65002  -3.65002  -3.65002  -3.65002  -3.65002  -3.65002 
 -3.65002  -3.65002   0.51530  -3.65002  -3.65002  -3.65002  -3.65002  -3.65002  -3.65002  -3.65002  -3.65002  -3.65002   0.00092  -0.03899   0.03387   0.02545  -3.65002  -3.65002  -3.65002  -3.65002 
  0.07808   0.02492  -0.07459  -0.01882  -0.03602   0.07754  -0.19955   0.15111  -0.00645   0.05321  -0.15495   0.12936   0.02481   0.01155  -0.08389   0.04360   0.11407   0.03937  -0.05073  -0.04754 
  0.00717   0.03591  -0.12042   0.08919   0.07749   0.09173  -0.26868   0.09059  -0.02294   0.05650  -0.08786   0.07526  -0.00273   0.00428  -0.07426   0.07959   0.13097   0.06050  -0.13748   0.02336 
  0.00815   0.04691  -0.11958   0.07176  -0.01085   0.11461  -0.19050   0.07524   0.01935  -0.01964  -0.06452   0.08748   0.00364   0.01390  -0.01451  -0.01418   0.06487   0.07403  -0.12486   0.01328 
  0.00075   0.03708  -0.08261   0.05315   0.06948   0.04448  -0.16259   0.07421   0.03162  -0.06032  -0.00023   0.02887   0.04194  -0.03002   0.01126  -0.01564  -0.00904   0.01912  -0.05890   0.05940 
  0.03011  -0.01406  -0.03348   0.03922  -0.08549   0.07737  -0.07039   0.06360   0.00578   0.03755  -0.02719  -0.00934   0.05953  -0.02645  -0.00154  -0.03194   0.04627   0.04110  -0.03637  -0.03907 
  0.00422   0.02702  -0.02938  -0.00344   0.03560   0.06791  -0.12569   0.03758   0.03555  -0.00991  -0.05068   0.04549  -0.00091  -0.01732   0.03587  -0.01547   0.16974   0.01071  -0.03072  -0.05721 
  0.03657   0.00398  -0.03694   0.01092   0.10860   0.03555  -0.17248   0.05304   0.05238   0.00405  -0.08736   0.05798   0.08066  -0.05184  -0.00689  -0.00992   0.01091  -0.01045  -0.00384   0.02017 
  0.06882  -0.01275  -0.06192   0.03417   0.07281   0.04983  -0.08456  -0.02932   0.04067  -0.01904  -0.04137   0.03705   0.03747   0.02120  -0.02881  -0.06208  -0.04188   0.08847  -0.09378  -0.01471 
  0.03335   0.03444  -0.05536  -0.00953   0.03687   0.01675  -0.06696   0.03733   0.01941  -0.02511  -0.02023   0.03677   0.02065  -0.02794   0.01153   0.01052   0.02561   0.03138  -0.04845   0.00968 
  0.02401  -0.01014  -0.02463   0.02765   0.06469  -0.03074  -0.06768   0.06765   0.00905   0.00888  -0.04617   0.04735   0.08889  -0.02711  -0.03121  -0.03869  -0.00015   0.06169  -0.08076   0.00801 
  0.04475   0.00429  -0.05283   0.02341  -0.00946   0.04394  -0.03277  -0.00295   0.01825  -0.00959  -0.01398   0.01266   0.09531  -0.02075  -0.05472  -0.03199  -0.04353   0.02866  -0.04388   0.03441 
  0.02917   0.00492  -0.02869   0.00553   0.00155   0.04448  -0.06611   0.03282   0.07459  -0.02396  -0.03885  -0.00152   0.02127  -0.00128  -0.00778  -0.01615   0.02198   0.00843  -0.05542   0.06085 
  0.03520   0.00271  -0.03868   0.01673   0.03920   0.03075  -0.08916   0.04400   0.02521   0.01696  -0.06786   0.04979   0.04495  -0.00802  -0.04387   0.00963   0.09275   0.06700  -0.10513  -0.01167 
  0.03749   0.02251  -0.07195   0.02765   0.00680   0.05706  -0.03456  -0.03915   0.04861  -0.01449  -0.04213   0.02449   0.02063   0.00472  -0.01548  -0.01730   0.02184   0.09910  -0.12848  -0.01774 
  0.02260   0.03149  -0.04711  -0.00445   0.02392   0.02426  -0.06457   0.03720   0.03232  -0.00800  -0.02668   0.01413   0.02121   0.01326   0.00181  -0.06265   0.05928   0.05163  -0.07700  -0.00286 
  0.02871   0.01427  -0.03486   0.00007   0.08156   0.04034  -0.11699   0.01766   0.03197  -0.02092  -0.03288   0.03687   0.04248   0.00873  -0.05918  -0.00201   0.05476   0.05564  -0.09553   0.01702 
  0.04744   0.01611  -0.06672   0.02056   0.03109   0.00427  -0.01649  -0.01259   0.03521   0.02596  -0.02286  -0.03627  -0.04922   0.01701  -0.00780   0.03573   0.05996   0.09373  -0.10721  -0.05373 
  0.00668   0.03267  -0.03040  -0.01415   0.01942   0.02697  -0.00989  -0.04543   0.06314  -0.00918  -0.06349   0.03062   0.00158   0.03205  -0.03468  -0.02461   0.03023   0.03076  -0.08668   0.06104 
  0.03289   0.01611  -0.04747   0.01044   0.01803   0.01882  -0.06650   0.05258   0.03774  -0.00417  -0.04796   0.03365   0.03019   0.01069  -0.05328   0.00463   0.07996   0.06645  -0.09189  -0.02280 
  0.03196   0.01917  -0.05863   0.02151   0.03404   0.07124  -0.05574  -0.06249   0.06856   0.00305  -0.03980  -0.02348  -0.01805   0.01592   0.00430  -0.01531  -0.02316   0.07776  -0.05567  -0.05735 
  0.02212   0.03591  -0.03211  -0.03423   0.03316   0.01320  -0.06241   0.03988   0.05066   0.00979  -0.03396  -0.01748   0.01198  -0.00861   0.00855  -0.01072   0.08373  -0.00545  -0.02050   0.00636 
  0.04068  -0.00463  -0.02497   0.00256   0.01243   0.02837  -0.04081   0.01021   0.05214   0.01002  -0.06275   0.02158   0.01194   0.01938  -0.05115   0.00928   0.12071   0.03967  -0.07887  -0.00737 
  0.03474   0.02220  -0.05644   0.01092   0.03758   0.05982  -0.05208  -0.05190   0.03540   0.00631  -0.02701  -0.00526  -0.01698   0.04903  -0.03263  -0.04180   0.07456   0.08176  -0.09238  -0.05488 
  0.02022   0.04461  -0.04287  -0.03153  -0.01310   0.02501  -0.05883   0.06317   0.06247  -0.00013  -0.05430   0.00925   0.03126  -0.01499   0.00347  -0.01835   0.05904   0.03337  -0.01517  -0.06767 
  0.04023   0.00081  -0.03074   0.00305  -0.03069   0.01945  -0.01793   0.03046   0.03767   0.01243  -0.05276   0.02203   0.01630  -0.00214  -0.03904   0.03165   0.01878   0.05983  -0.08451   0.00926 
  0.01254   0.01856  -0.04570   0.02483   0.04275   0.06112  -0.04284  -0.07691   0.03277   0.00996  -0.03518   0.00574   0.01099   0.02052  -0.03362  -0.01345   0.00828   0.04976  -0.06679   0.00856 
  0.02117   0.03030  -0.03937  -0.01209  -0.00684   0.06455  -0.03534  -0.03571   0.05976  -0.01448  -0.01147  -0.03617  -0.00888   0.00649   0.01298  -0.01977   0.09758   0.05432  -0.08515  -0.01578 
  0.02824   0.01917  -0.02261  -0.02619   0.01827   0.06485  -0.09453   0.02265   0.02706  -0.00984  -0.03479   0.03333   0.03425   0.03138  -0.07813  -0.01624   0.09148   0.02667  -0.06221   0.00872 
  0.03566   0.02311  -0.06119   0.01480  -0.00264   0.07604  -0.04197  -0.05020  -0.00465   0.07679  -0.04881  -0.01818   0.01598   0.00022  -0.03619   0.02431   0.03469   0.08228  -0.07115  -0.06982 
  0.00224   0.05117  -0.04428  -0.02197  -0.02266  -0.00530  -0.02927   0.07059   0.06144  -0.02391  -0.04827   0.02781  -0.02592   0.01237   0.01931  -0.01904   0.09240   0.05667  -0.08431  -0.01926 
  0.02307   0.00366  -0.03245   0.01913   0.10039   0.00212  -0.06168  -0.02473   0.04893   0.02235  -0.03655  -0.02706   0.06107   0.00440  -0.07682  -0.00049   0.07612   0.04612  -0.09544   0.02554 
  0.06325   0.01734  -0.06082  -0.00698  -0.04891   0.09741  -0.03087  -0.05985  -0.00024   0.04603  -0.06605   0.04059  -0.02744   0.01110  -0.00896   0.02395   0.02307   0.04421  -0.04937  -0.01306 
 -0.01912   0.04086  -0.03694   0.00701  -0.02521   0.04087  -0.00628  -0.02519   0.04803  -0.01485  -0.03701   0.01841   0.00223  -0.00378   0.01620  -0.01807   0.14259   0.08122  -0.11694  -0.05646 
  0.02777   0.01886  -0.03142  -0.01158   0.06093   0.03505  -0.08348   0.00708   0.02609   0.00840  -0.02464  -0.00044   0.03499   0.00433  -0.04310  -0.00152   0.09707   0.06365  -0.10020  -0.01367 
  0.04340   0.02160  -0.05427  -0.00043  -0.01267   0.03634   0.00982  -0.06056   0.02973   0.03361  -0.09463   0.05867   0.03271  -0.00052  -0.05157   0.02133  -0.07320   0.08303  -0.06745  -0.03008 
  0.01205   0.03119  -0.04961   0.01044  -0.01974   0.05390  -0.02149  -0.02659   0.04355  -0.00392  -0.02733  -0.00255   0.01638  -0.00315  -0.01704   0.00677   0.04965   0.06415  -0.09189  -0.00294 
  0.02022   0.02008  -0.03314  -0.00294   0.08427   0.03946  -0.09372  -0.01433   0.06997   0.00593  -0.03471  -0.03703   0.01444   0.02019  -0.05594   0.00987   0.05777   0.09783  -0.12579  -0.03558 
  0.05366   0.03620  -0.06784  -0.01830  -0.08190   0.05098  -0.00727   0.01271   0.00617   0.04858  -0.02479  -0.02823  -0.06080   0.02414  -0.02620   0.05589   0.00443   0.07280  -0.09348   0.00083 
 -0.03289   0.03999  -0.02903   0.00995   0.04722   0.06317  -0.06298  -0.05253   0.02871  -0.03328  -0.01568   0.02859  -0.04928   0.00002   0.04725  -0.00587   0.05014   0.06348  -0.07120  -0.03259 
  0.00815   0.01550  -0.01827  -0.00496   0.01328   0.01874  -0.05182   0.03822   0.03329   0.02899  -0.04529  -0.00302  -0.01055   0.01541  -0.01967   0.00819   0.02104   0.07723  -0.09587  -0.01251 
  0.01350   0.03208  -0.04961   0.00750  -0.05240   0.06923  -0.00906  -0.04133   0.02051   0.03703  -0.01325  -0.04902  -0.05055   0.04584  -0.03783   0.01470   0.00858   0.05657  -0.04166  -0.04602 
 -0.01964   0.04605  -0.01927  -0.02832   0.04342   0.02739  -0.04309  -0.01910   0.05317  -0.00641  -0.03371  -0.00182  -0.04296   0.03504  -0.01721   0.00358  -0.05978   0.06429  -0.06184  -0.00219 
  0.01592   0.02492  -0.03590  -0.00244   0.08468   0.04218  -0.10232  -0.00753   0.04378   0.03960  -0.07364   0.01088  -0.01851   0.03755  -0.03388  -0.01096   0.10248   0.02689  -0.03795  -0.03609 
  0.03795   0.03267  -0.05936  -0.00597  -0.02600   0.02488   0.00706  -0.02218   0.04920   0.04434  -0.05938  -0.02169   0.02613   0.03608  -0.05512  -0.04346   0.05547   0.04570  -0.06025  -0.01408 
  0.02590   0.03237  -0.03798  -0.02302  -0.00212   0.05833  -0.06116   0.00895   0.02772  -0.00261  -0.04501   0.03883  -0.02902   0.02965  -0.01939   0.00111   0.05613   0.03431  -0.02368  -0.05206 
  0.00766   0.02281  -0.03521   0.00848   0.00667   0.06752  -0.08849   0.02249   0.01697   0.00820  -0.03843   0.02969   0.01220   0.03686  -0.01760  -0.07690   0.06703   0.04359  -0.07804   0.01097 
  0.01592   0.03414  -0.04925   0.00107   0.00786   0.05621  -0.04787  -0.01757   0.00564   0.05063  -0.04777   0.00448  -0.01298   0.01345  -0.04479   0.04469   0.05376   0.04979  -0.05905  -0.02370 
  0.00323   0.03502  -0.04534   0.00701   0.04988   0.03042  -0.05030  -0.02040   0.06983  -0.00277  -0.02832  -0.03623  -0.01218   0.01921  -0.01974   0.00251   0.08339   0.03770  -0.03809  -0.04824 
  0.03977   0.01580  -0.02903  -0.02355   0.03670   0.07749  -0.08855  -0.02645   0.01875   0.02505  -0.05181   0.02703  -0.00419   0.01978  -0.03295   0.00767   0.07305   0.07073  -0.10136  -0.01498 
