IntronPotTab 1 1024 1.75714
    0.01234
    0.07001
   -0.07614
    0.00101
    0.02910
   -0.02585
   -0.06237
    0.02336
    0.00768
    0.05121
    0.00440
   -0.06602
   -0.02643
   -0.06109
    0.00684
    0.09695
    0.00548
    0.05469
   -0.09244
    0.02659
    0.02108
   -0.01013
   -0.10332
    0.03678
    0.00879
    0.02806
   -0.07460
    0.02379
    0.17313
   -0.06342
   -0.03611
   -0.03015
    0.02169
   -0.00782
    0.00218
   -0.05239
    0.06622
   -0.09553
   -0.03681
   -0.00433
    0.06859
   -0.02068
    0.00478
   -0.15224
   -0.00038
   -0.06804
    0.05031
    0.00597
   -0.05945
    0.06405
   -0.12067
    0.11009
    0.06596
   -0.09076
   -0.02670
    0.02857
   -0.00359
    0.05806
   -0.05609
    0.01266
    0.03290
   -0.06586
   -0.00602
    0.04043
    0.02165
    0.02773
   -0.10824
    0.03689
    0.05021
   -0.09386
   -0.03440
    0.04122
    0.00723
   -0.01566
    0.01357
   -0.00526
    0.05260
   -0.08110
   -0.02925
    0.06864
    0.01907
    0.01888
   -0.15405
    0.06054
   -0.02526
    0.02345
   -0.12206
    0.04775
    0.02444
   -0.01961
   -0.10822
    0.05710
    0.10173
   -0.07596
   -0.07956
    0.06660
    0.06605
    0.01405
   -0.12871
    0.03580
    0.06697
   -0.08225
    0.00363
    0.01220
    0.05886
   -0.02921
   -0.00212
   -0.05195
   -0.00498
   -0.09828
   -0.02076
    0.09124
    0.27991
   -0.15188
   -0.21775
   -0.07692
    0.11734
   -0.08459
   -0.14925
    0.04741
    0.15042
   -0.04979
   -0.16092
    0.01785
    0.09404
   -0.04091
   -0.12302
    0.07729
    0.05879
    0.00420
   -0.08916
    0.01897
    0.10432
   -0.11438
   -0.10024
    0.02999
    0.04260
    0.00470
   -0.04286
   -0.03993
    0.09429
   -0.07707
   -0.03249
    0.04554
    0.04727
    0.02706
   -0.11528
    0.03930
    0.01185
    0.01229
   -0.07620
    0.01940
    0.04751
   -0.00944
   -0.09311
    0.02171
    0.22002
   -0.09514
   -0.06687
    0.02455
    0.05951
    0.01904
   -0.07576
    0.00226
    0.06717
   -0.13759
   -0.03090
    0.03281
    0.05036
   -0.03170
    0.03712
   -0.09684
   -0.08064
   -0.04126
    0.00501
    0.09358
   -0.00402
   -0.00366
   -0.07617
    0.08145
    0.09109
   -0.07021
   -0.09180
    0.05108
    0.01842
    0.00884
   -0.05943
    0.03311
    0.11175
   -0.06409
   -0.07241
    0.09086
   -0.14672
    0.14138
   -0.02984
    0.06379
    0.01579
   -0.07569
   -0.07599
    0.09708
   -0.00809
    0.05712
   -0.04094
   -0.00644
   -0.00911
   -0.06600
   -0.02844
    0.09728
   -0.02441
    0.03581
   -0.06343
    0.03902
   -0.01040
    0.04930
   -0.10070
    0.01959
   -0.01223
    0.01652
   -0.07501
    0.04906
    0.12400
   -0.03299
   -0.07835
    0.02190
    0.02078
    0.04146
   -0.08790
    0.01209
    0.06144
   -0.10315
   -0.06172
    0.04461
    0.06394
   -0.03115
   -0.03140
   -0.03003
   -0.01533
   -0.06761
    0.00571
    0.05999
    0.06104
   -0.00280
   -0.24343
    0.06376
    0.03574
   -0.06313
   -0.09634
    0.06409
    0.00555
    0.01891
   -0.08665
    0.04197
    0.00951
   -0.04887
   -0.08511
    0.07050
    0.02505
    0.06835
   -0.11561
    0.02216
    0.00603
    0.00705
   -0.08450
    0.04428
   -0.02174
    0.06022
   -0.01540
   -0.00389
   -0.03886
   -0.04923
   -0.06619
    0.13641
   -0.04777
    0.09563
   -0.13810
    0.03359
   -0.04365
    0.05733
   -0.17504
    0.08803
   -0.03599
    0.08397
   -0.14400
    0.06876
    0.04781
    0.00293
   -0.11181
    0.04552
    0.03643
    0.05754
   -0.07809
   -0.01650
    0.00849
    0.00004
   -0.06173
    0.03236
    0.11635
   -0.06735
   -0.04734
   -0.17344
   -0.00089
   -0.06287
   -0.01167
    0.07442
   -0.04703
    0.06333
   -0.23304
    0.09646
   -0.00373
   -0.01183
   -0.08206
    0.08094
   -0.04048
    0.06936
   -0.07280
    0.04831
   -0.00878
   -0.01901
   -0.08334
    0.09701
    0.01703
    0.05025
   -0.18989
    0.10913
    0.03226
   -0.04953
   -0.07193
    0.06274
   -0.04738
    0.02644
   -0.01118
    0.03133
    0.00407
   -0.04856
   -0.06427
    0.10639
   -0.03953
    0.08823
   -0.19414
    0.07258
   -0.14082
    0.09191
   -0.22740
    0.06927
   -0.05531
    0.04603
   -0.09891
    0.05984
    0.02139
   -0.04078
   -0.12132
    0.08256
    0.05073
    0.04502
   -0.18150
    0.07867
    0.02191
   -0.04698
   -0.04243
    0.06010
    0.05373
   -0.03216
    0.02258
   -0.04998
   -0.03419
   -0.08917
   -0.03867
    0.12412
    0.11780
   -0.03803
   -0.19714
    0.03395
   -0.03687
   -0.01970
   -0.17059
    0.13102
    0.00275
   -0.00026
   -0.12761
    0.09444
    0.00447
   -0.02441
   -0.18057
    0.14095
    0.04571
    0.04604
   -0.12483
    0.02599
    0.05710
   -0.03834
   -0.14281
    0.07005
    0.02863
    0.02627
   -0.06337
    0.01597
    0.05543
   -0.04110
   -0.07334
    0.09652
   -0.04172
    0.09402
   -0.14786
    0.07047
   -0.03528
    0.05146
   -0.17336
    0.08912
   -0.06084
    0.03031
   -0.13906
    0.10866
    0.11734
   -0.01607
   -0.15397
    0.08199
    0.04398
    0.04947
   -0.10787
    0.01178
    0.01807
   -0.05434
   -0.08909
    0.11586
    0.12351
   -0.07107
   -0.06572
   -0.06964
   -0.06956
   -0.01571
   -0.06064
    0.12676
   -0.03999
    0.04421
   -0.22620
    0.12591
    0.01050
   -0.02926
   -0.14209
    0.12722
   -0.05618
    0.02134
   -0.10038
    0.10150
    0.01658
   -0.03799
   -0.14441
    0.14972
   -0.21677
    0.24807
   -0.36009
    0.00007
   -0.03549
   -0.03151
   -0.08049
    0.09079
   -0.01429
    0.01979
   -0.05157
    0.03907
   -0.01826
   -0.01174
   -0.07815
    0.07127
   -0.09811
    0.13857
   -0.19850
    0.06361
   -0.12008
    0.11153
   -0.12478
    0.03630
   -0.08267
    0.07948
   -0.13626
    0.09151
   -0.00753
    0.03312
   -0.17841
    0.04407
   -0.06099
    0.19497
   -0.23841
    0.00467
    0.03726
   -0.00316
   -0.02870
   -0.01575
    0.05040
    0.01250
   -0.06602
   -0.03248
   -0.02123
   -0.02674
   -0.03266
    0.04978
   -0.03604
    0.00839
   -0.22707
    0.09015
   -0.03884
    0.01253
   -0.06656
    0.04063
   -0.09047
    0.06989
   -0.15020
    0.11989
   -0.00222
   -0.00334
   -0.11980
    0.06726
    0.01129
    0.06951
   -0.06234
    0.00962
    0.05842
   -0.03879
   -0.06829
    0.00083
    0.00035
    0.02245
   -0.01751
    0.01241
   -0.00223
   -0.06609
   -0.01033
    0.09180
   -0.00010
    0.06281
   -0.07579
    0.02031
    0.01198
    0.02944
   -0.10379
    0.02364
   -0.02598
    0.06618
   -0.07582
    0.07249
    0.14587
   -0.04224
   -0.05078
   -0.00593
   -0.00060
   -0.00845
    0.02053
   -0.03500
    0.07237
   -0.06196
   -0.03853
   -0.03264
    0.02375
   -0.01155
    0.03196
   -0.09268
    0.02896
   -0.08045
    0.04225
   -0.01340
   -0.00668
    0.03243
   -0.14551
    0.06864
    0.07033
   -0.10897
   -0.02386
    0.04257
   -0.01101
    0.02890
   -0.04358
    0.04208
    0.05381
   -0.07630
   -0.03801
    0.07699
    0.02420
    0.01573
   -0.10443
    0.06465
    0.05689
   -0.09922
   -0.04759
    0.05489
   -0.00523
   -0.04174
    0.02269
    0.03460
    0.03735
   -0.14308
    0.01721
    0.08267
   -0.01933
    0.05686
   -0.11160
    0.05022
   -0.04099
    0.03398
   -0.12024
    0.06066
   -0.01680
    0.01604
   -0.08293
    0.04840
    0.07990
   -0.08823
   -0.07768
    0.08118
    0.05475
   -0.00657
   -0.09630
    0.04897
    0.06024
   -0.08267
   -0.01153
    0.02170
    0.07431
   -0.06568
    0.01894
   -0.04185
    0.01988
   -0.11631
    0.02829
    0.05747
    0.22154
   -0.11592
   -0.20763
   -0.02277
    0.06313
   -0.13085
   -0.12730
    0.10872
    0.08722
   -0.06534
   -0.11107
    0.06901
    0.10069
   -0.11147
   -0.10194
    0.13256
    0.05288
    0.02149
   -0.08818
    0.03622
    0.07835
   -0.05476
   -0.10221
    0.02008
    0.04723
    0.00691
   -0.07110
    0.03395
    0.07486
   -0.05523
   -0.04155
    0.05544
    0.00364
    0.01836
   -0.09109
    0.06966
    0.01789
    0.05901
   -0.10944
    0.01000
   -0.01755
    0.05346
   -0.09765
    0.07298
    0.14863
   -0.04102
   -0.06280
    0.01463
    0.04946
    0.00703
   -0.06287
    0.01083
    0.01724
   -0.07224
   -0.03139
    0.05259
    0.01725
   -0.05399
    0.04112
   -0.03869
   -0.04477
   -0.05451
   -0.00640
    0.08031
   -0.08031
    0.05394
   -0.09840
    0.09147
    0.06794
   -0.05140
   -0.09579
    0.04979
   -0.05716
    0.03407
   -0.05948
    0.09135
    0.05220
   -0.06195
   -0.09165
    0.13988
   -0.01031
    0.13826
   -0.22325
    0.08108
    0.00620
   -0.04186
   -0.09987
    0.07984
    0.00293
    0.08876
   -0.12345
    0.02417
    0.01700
   -0.05554
   -0.07454
    0.10841
   -0.02788
    0.02352
   -0.08572
    0.07544
   -0.02845
    0.07133
   -0.08058
    0.01847
   -0.04239
    0.03267
   -0.07459
    0.06137
    0.08635
   -0.05034
   -0.05536
    0.04334
    0.03926
   -0.00580
   -0.07159
    0.03377
    0.04057
   -0.06933
   -0.03994
    0.03655
    0.02993
   -0.02209
    0.00013
   -0.01507
   -0.01345
   -0.09174
    0.02086
    0.04727
    0.00519
    0.03881
   -0.28028
    0.09587
    0.03423
   -0.10016
   -0.06285
    0.06471
   -0.03641
    0.02624
   -0.12570
    0.08314
    0.02188
   -0.04888
   -0.08211
    0.08257
   -0.01762
    0.09159
   -0.11465
    0.06429
   -0.00970
    0.03298
   -0.07245
    0.04337
    0.03749
    0.05446
   -0.03032
   -0.07922
   -0.05798
    0.01504
   -0.07767
    0.11824
   -0.04074
    0.07317
   -0.11641
    0.05945
   -0.03129
    0.04535
   -0.15685
    0.06664
   -0.05940
    0.07591
   -0.11413
    0.08572
    0.07273
   -0.02455
   -0.09699
    0.04405
    0.02100
    0.02633
   -0.04098
   -0.00319
    0.01785
   -0.04776
   -0.05722
    0.06423
    0.07331
   -0.01121
   -0.02158
   -0.07727
   -0.03177
   -0.02665
   -0.01108
    0.05492
   -0.07020
    0.03843
   -0.20792
    0.09655
    0.00841
   -0.08215
   -0.09585
    0.13068
   -0.02685
    0.05664
   -0.09884
    0.04899
    0.00257
   -0.04373
   -0.09321
    0.08201
    0.00018
    0.02515
   -0.19503
    0.14253
    0.02814
   -0.08059
   -0.10113
    0.09046
   -0.03125
   -0.03144
   -0.00247
    0.06742
    0.01853
   -0.10524
   -0.05800
    0.12869
   -0.03161
    0.08433
   -0.23761
    0.10793
   -0.09730
    0.04269
   -0.20010
    0.08342
   -0.04534
    0.04109
   -0.11531
    0.06049
    0.11917
   -0.04437
   -0.22365
    0.10631
    0.03193
    0.02095
   -0.18564
    0.08962
    0.02869
   -0.07689
   -0.05206
    0.08478
    0.03613
   -0.02730
    0.00095
   -0.01296
   -0.03337
   -0.11915
   -0.00295
    0.12305
    0.17992
   -0.09707
   -0.23142
    0.04052
   -0.00305
   -0.07436
   -0.17096
    0.10570
    0.02506
   -0.02695
   -0.17182
    0.11680
    0.07403
   -0.06477
   -0.15830
    0.11159
    0.04814
    0.05453
   -0.16502
    0.06783
    0.05133
   -0.01605
   -0.17582
    0.09163
    0.04607
    0.03946
   -0.11335
    0.03193
    0.07715
   -0.03185
   -0.11729
    0.12596
   -0.00835
    0.04224
   -0.17037
    0.10497
   -0.01349
    0.00703
   -0.20117
    0.10588
   -0.02664
    0.04947
   -0.15045
    0.10025
    0.18248
   -0.00328
   -0.19907
    0.10503
    0.02606
    0.05217
   -0.13437
    0.05776
    0.04345
   -0.06493
   -0.09846
    0.09617
    0.05276
   -0.00537
   -0.05935
   -0.00679
   -0.04632
   -0.05024
   -0.08010
    0.14677
   -0.05222
    0.03881
   -0.24451
    0.13824
    0.02756
   -0.05624
   -0.14975
    0.13735
   -0.07308
    0.04811
   -0.12609
    0.08893
    0.06298
   -0.00038
   -0.18206
    0.16193
   -0.13552
    0.15207
   -0.21540
    0.07789
   -0.02159
   -0.07627
   -0.10011
    0.11057
   -0.02940
    0.02358
   -0.06626
    0.05201
   -0.02999
   -0.05791
   -0.06449
    0.06930
   -0.06267
    0.05989
   -0.12798
    0.07507
   -0.09308
    0.07434
   -0.15133
    0.04366
   -0.07041
    0.04317
   -0.12977
    0.08662
    0.08255
   -0.01678
   -0.10753
    0.02636
    0.01335
    0.05727
   -0.15663
    0.04593
    0.03818
   -0.07393
   -0.09373
    0.05921
    0.02357
   -0.01548
   -0.03807
    0.01391
   -0.04056
   -0.06794
   -0.02168
    0.05815
   -0.04012
    0.02258
   -0.22071
    0.06648
   -0.00136
   -0.06299
   -0.07953
    0.06096
   -0.08534
    0.03243
   -0.12610
    0.08958
   -0.01127
   -0.03571
   -0.07461
    0.03922
