IntronPotTab 1 1024 0.08677
    0.01097
   -0.01302
   -0.01958
   -0.00148
    0.00223
   -0.00160
    0.00343
   -0.00327
    0.01379
   -0.01595
   -0.01882
    0.00357
   -0.00400
   -0.00421
   -0.00975
    0.00813
    0.00991
   -0.02345
   -0.03327
    0.01611
   -0.02706
   -0.01459
    0.02141
    0.02534
   -0.01006
    0.00278
   -0.00484
    0.01277
   -0.00377
   -0.00889
   -0.00763
    0.00931
    0.01388
   -0.02953
   -0.01741
    0.00438
   -0.00820
    0.00138
    0.00370
    0.00563
   -0.01910
    0.00547
    0.00926
    0.01292
   -0.01284
   -0.00378
   -0.01355
    0.01905
    0.00358
   -0.01585
   -0.01059
    0.00559
   -0.00014
   -0.02324
    0.01226
    0.00900
    0.00213
    0.00291
   -0.02470
    0.00957
    0.00067
   -0.01390
   -0.01052
    0.00830
    0.01530
   -0.04318
   -0.01988
    0.00327
    0.00250
   -0.01846
   -0.00364
    0.00885
    0.01309
   -0.03837
   -0.02731
    0.01823
   -0.00619
   -0.03673
   -0.01721
    0.02098
    0.02043
   -0.03067
   -0.01329
    0.00059
   -0.00650
   -0.00983
    0.01632
    0.00671
    0.00746
   -0.02528
    0.01153
   -0.00674
   -0.00388
    0.00098
   -0.05480
    0.02098
    0.01280
   -0.03210
   -0.01666
    0.00790
    0.00061
   -0.01856
    0.01747
    0.00225
    0.00657
   -0.02339
   -0.01561
    0.01293
    0.00460
   -0.02779
   -0.00705
    0.01427
    0.01316
   -0.02405
    0.00161
   -0.00497
    0.00164
   -0.02674
    0.00994
    0.00838
    0.00855
   -0.01165
   -0.02499
    0.01037
    0.00878
   -0.02781
   -0.01505
    0.01213
    0.01707
   -0.02616
   -0.03272
    0.00067
   -0.00771
    0.00755
   -0.01431
    0.01204
    0.00948
   -0.02699
   -0.01202
    0.01048
    0.00200
    0.00935
   -0.04099
    0.01292
    0.01636
   -0.04136
   -0.02645
    0.01729
   -0.00541
   -0.01133
   -0.00212
    0.01624
    0.00908
   -0.01510
   -0.00547
    0.00294
    0.02547
   -0.02214
   -0.03764
    0.01517
    0.01586
   -0.02638
   -0.03021
    0.00653
   -0.00383
   -0.00897
   -0.01734
    0.01802
   -0.00249
   -0.02445
    0.00536
    0.01023
   -0.05202
    0.02621
   -0.02271
    0.03958
    0.01478
   -0.03112
   -0.01105
    0.00481
   -0.00410
   -0.00270
    0.00536
    0.00340
    0.00852
   -0.01567
   -0.02599
    0.01509
    0.00699
   -0.02086
   -0.02992
    0.01695
   -0.00263
    0.00635
   -0.00790
    0.00452
   -0.00303
   -0.00767
    0.00585
    0.00538
    0.01211
   -0.00318
   -0.01583
   -0.00226
   -0.00636
   -0.00679
   -0.01574
    0.01094
    0.00974
   -0.01183
   -0.01177
    0.00139
   -0.00766
    0.00642
    0.01095
   -0.00243
   -0.00247
   -0.01429
    0.01915
   -0.00236
    0.01335
   -0.00141
   -0.03951
    0.01048
    0.00778
   -0.00798
   -0.01860
    0.00408
    0.00689
   -0.02585
    0.02274
   -0.00284
    0.00147
   -0.00278
    0.00542
   -0.00442
   -0.01470
   -0.01666
   -0.01577
    0.02536
    0.00619
   -0.00592
   -0.00565
   -0.00206
   -0.00997
    0.00254
   -0.01345
    0.01471
    0.00567
    0.00221
   -0.01962
    0.00300
   -0.00431
   -0.01248
   -0.01872
    0.01246
    0.01207
   -0.02385
   -0.02637
    0.00254
   -0.00701
   -0.00873
    0.01749
    0.00536
    0.00952
   -0.00759
   -0.01472
    0.00054
   -0.00734
   -0.00923
   -0.01906
    0.01489
    0.01098
   -0.00725
   -0.02283
    0.00308
   -0.03558
   -0.02646
    0.00650
    0.04830
    0.00702
    0.01090
   -0.02961
    0.00355
    0.00957
   -0.02394
   -0.00158
    0.00690
    0.01640
   -0.02901
   -0.02188
    0.00389
   -0.02051
   -0.03352
    0.02771
    0.02787
   -0.00918
    0.01550
    0.00900
   -0.00277
    0.00860
   -0.00950
   -0.02206
    0.01448
    0.01763
   -0.01895
   -0.02581
   -0.00191
   -0.00643
   -0.01164
   -0.00337
    0.01661
    0.00296
   -0.01678
   -0.02129
    0.02007
    0.00231
   -0.01658
   -0.02151
    0.01188
    0.02221
   -0.05701
   -0.02477
    0.00013
    0.00328
   -0.04749
    0.03239
    0.01492
    0.00222
   -0.03396
   -0.01721
    0.02897
    0.01995
   -0.07708
   -0.00887
    0.02501
    0.02363
   -0.02640
   -0.02602
   -0.00197
   -0.02712
    0.01637
    0.02216
    0.00767
    0.00601
   -0.04331
    0.01326
    0.00417
   -0.00050
   -0.04738
    0.00486
    0.02320
    0.00162
   -0.05215
   -0.01652
    0.02458
   -0.00895
   -0.01429
    0.05437
   -0.01443
   -0.00698
    0.00350
    0.01346
   -0.00064
   -0.01167
   -0.00739
   -0.00927
    0.01781
    0.02609
   -0.02777
    0.01295
   -0.02388
    0.00157
   -0.02661
   -0.00446
    0.01686
    0.02234
   -0.01306
   -0.03151
    0.00042
   -0.00095
   -0.04185
    0.00176
    0.02066
    0.01810
   -0.01844
   -0.04266
    0.00098
   -0.02037
    0.01635
   -0.02951
    0.02651
    0.00792
    0.01329
   -0.03626
    0.00371
   -0.00476
   -0.01724
   -0.05296
    0.03057
    0.01266
   -0.00225
   -0.03319
    0.00323
   -0.01423
    0.03614
   -0.03311
    0.01104
    0.00741
   -0.04437
    0.00698
    0.01545
    0.00866
   -0.00217
   -0.02273
    0.00748
    0.02086
    0.00108
   -0.03989
   -0.00981
   -0.01020
    0.00854
   -0.04368
    0.02450
   -0.01055
   -0.00704
   -0.00304
    0.02637
   -0.02861
   -0.01228
   -0.02285
    0.03759
    0.02264
   -0.01506
   -0.02331
   -0.01110
    0.00118
    0.00324
   -0.02118
    0.00700
    0.00434
   -0.01226
   -0.02664
    0.01934
   -0.00748
   -0.02831
   -0.02963
    0.02540
    0.00396
   -0.00333
   -0.01939
    0.00387
   -0.00662
   -0.02214
    0.01245
    0.01575
    0.01885
   -0.00362
   -0.02614
   -0.00818
   -0.00375
   -0.00734
   -0.02063
    0.01393
    0.02151
   -0.02415
   -0.00770
   -0.01238
   -0.01343
    0.00480
    0.02226
    0.00177
    0.00127
    0.01183
   -0.01092
   -0.00212
    0.00532
   -0.00773
   -0.02144
    0.01249
   -0.00269
   -0.00055
   -0.01429
    0.01504
    0.00252
   -0.02470
    0.00701
    0.01052
   -0.01578
   -0.00655
    0.02072
    0.00861
   -0.00041
   -0.01598
   -0.01237
    0.01884
    0.00058
   -0.02381
   -0.00008
    0.01156
   -0.00592
   -0.00762
    0.00119
    0.01047
    0.01477
   -0.00739
   -0.01963
    0.00067
   -0.00357
   -0.01362
   -0.01413
    0.01301
   -0.00132
   -0.01405
   -0.01519
    0.01322
   -0.00439
    0.00113
   -0.00325
    0.00571
    0.00717
   -0.00714
   -0.02371
    0.01015
   -0.00166
   -0.01696
   -0.02213
    0.01484
    0.02309
   -0.03023
   -0.02491
    0.00408
   -0.02883
    0.01201
   -0.00174
    0.02448
    0.00566
    0.00971
   -0.02703
    0.00366
    0.00036
   -0.02839
   -0.00648
    0.01492
   -0.00091
   -0.02030
    0.00132
    0.01093
    0.00766
   -0.01581
   -0.00147
    0.00039
   -0.02555
   -0.02015
    0.01040
    0.04233
   -0.01054
   -0.02277
   -0.01627
    0.02858
    0.02629
   -0.04903
   -0.02252
   -0.00051
    0.00636
   -0.02641
   -0.01923
    0.01835
    0.00336
   -0.01716
   -0.02780
    0.02641
    0.00051
   -0.02557
   -0.03260
    0.01768
    0.01016
   -0.04494
   -0.01406
    0.00924
    0.01858
   -0.03568
   -0.00564
    0.00009
    0.00821
   -0.04411
   -0.00960
    0.02186
    0.01383
   -0.05573
   -0.02432
    0.02137
    0.02094
   -0.02669
   -0.02715
    0.00535
    0.00862
   -0.01391
    0.00065
    0.00160
    0.00040
   -0.03924
    0.02605
    0.00133
    0.02549
   -0.02292
   -0.04275
    0.01690
    0.01212
   -0.03850
   -0.03486
    0.02241
   -0.00196
    0.00062
   -0.01789
    0.01071
   -0.00337
   -0.02111
    0.02332
    0.00102
    0.00772
   -0.02346
   -0.02427
    0.02427
    0.02604
   -0.03325
   -0.00952
   -0.01018
    0.00861
   -0.04575
    0.02750
    0.00506
    0.01846
   -0.03524
   -0.03055
    0.01931
    0.01726
   -0.03137
   -0.02895
    0.01591
    0.00661
   -0.01868
   -0.03292
    0.01731
   -0.00827
    0.00066
    0.01936
   -0.00007
    0.01003
   -0.02247
   -0.02122
    0.01829
   -0.00339
   -0.02917
   -0.04299
    0.03212
    0.01345
   -0.01237
   -0.03617
    0.01276
   -0.02147
   -0.00926
   -0.00152
    0.03426
   -0.01282
   -0.00514
   -0.02008
    0.03610
    0.01042
   -0.00119
   -0.03830
    0.01111
    0.00340
   -0.00068
   -0.01191
    0.00273
   -0.00550
   -0.01852
    0.02969
    0.00127
   -0.00790
    0.00634
    0.02884
   -0.01890
    0.00351
    0.01128
   -0.06254
    0.03237
    0.00875
   -0.02088
   -0.01475
    0.00749
    0.00962
   -0.02253
   -0.00042
   -0.00034
   -0.01366
   -0.00903
   -0.03096
    0.04152
    0.01808
   -0.00971
   -0.05206
    0.01283
    0.01502
   -0.00897
   -0.05850
    0.00812
    0.00036
   -0.00607
    0.01549
   -0.00357
    0.01442
   -0.02913
   -0.00078
   -0.00235
    0.00214
   -0.02715
   -0.01461
    0.01406
    0.00972
   -0.01770
   -0.02450
    0.01273
   -0.02960
    0.02899
    0.03232
   -0.00436
    0.00708
   -0.00923
   -0.02368
    0.00856
    0.01757
   -0.00771
   -0.01906
    0.00378
    0.00678
   -0.01842
   -0.02746
    0.01786
    0.00832
   -0.02815
    0.01106
    0.00324
    0.00797
   -0.02243
    0.00401
    0.00371
   -0.01166
   -0.01040
    0.00197
    0.01406
    0.00951
   -0.03107
   -0.01321
    0.00881
   -0.00209
   -0.00879
    0.00085
    0.00742
    0.01137
    0.00879
   -0.03315
    0.00174
    0.00284
   -0.01878
   -0.02244
    0.01412
    0.00674
   -0.00595
   -0.00980
   -0.00337
   -0.01341
    0.02055
   -0.00589
    0.00449
    0.01175
    0.00130
   -0.01705
   -0.00418
   -0.01563
   -0.00166
   -0.00220
    0.01132
    0.00759
   -0.01477
    0.00353
   -0.00293
   -0.02955
    0.00438
    0.02718
    0.01403
   -0.00558
    0.01286
    0.00029
    0.00068
   -0.00098
   -0.02480
    0.00665
    0.00852
    0.00383
   -0.00501
   -0.00969
    0.00441
   -0.00998
   -0.01277
    0.01104
    0.01264
   -0.00873
    0.02242
   -0.01104
    0.00945
   -0.00471
   -0.01146
   -0.00727
    0.01322
    0.01017
   -0.01615
   -0.01537
    0.00252
   -0.00070
   -0.03399
    0.01169
    0.01345
    0.01017
    0.01982
   -0.02007
   -0.01097
   -0.00994
   -0.02061
   -0.00322
    0.01223
    0.01226
   -0.04807
   -0.01333
    0.00788
    0.00820
   -0.05617
    0.02197
    0.01025
    0.01609
   -0.03386
   -0.01537
    0.00971
    0.00297
   -0.04488
   -0.00000
    0.01798
    0.02489
   -0.04566
   -0.02196
    0.00594
   -0.00577
   -0.00014
    0.00661
    0.00332
    0.01005
   -0.01587
    0.00476
   -0.00907
    0.03460
   -0.04631
   -0.01995
    0.01811
    0.01075
   -0.02051
   -0.01637
    0.00427
    0.00482
   -0.05074
    0.03741
    0.00180
    0.00586
   -0.01355
   -0.01133
    0.00968
    0.01388
   -0.02663
    0.00224
    0.00349
    0.01637
   -0.03856
    0.01393
   -0.00530
    0.00320
   -0.04502
    0.01621
    0.01208
    0.01025
   -0.02866
   -0.02312
    0.01977
    0.01481
   -0.04510
   -0.01091
    0.02023
    0.00933
   -0.01467
   -0.02340
    0.00519
   -0.01955
    0.02600
   -0.00410
    0.00696
    0.01986
   -0.02370
   -0.02472
    0.00175
    0.00222
    0.00115
   -0.04638
    0.01940
    0.02077
   -0.03411
   -0.02539
    0.00427
   -0.01468
    0.01010
    0.00625
    0.00684
   -0.00219
   -0.01366
   -0.03218
    0.03033
    0.02047
   -0.01179
   -0.04496
    0.01980
    0.01515
   -0.03078
   -0.03359
    0.01622
   -0.01561
    0.00776
   -0.00166
    0.01236
   -0.00008
   -0.00694
   -0.00256
    0.00718
   -0.01551
    0.00165
   -0.03367
    0.03459
    0.01973
   -0.02983
   -0.00568
   -0.00644
   -0.00698
   -0.01115
   -0.01278
    0.02106
    0.00226
    0.01065
   -0.02964
    0.00855
   -0.01065
   -0.01811
   -0.02313
    0.02283
    0.00037
   -0.00034
   -0.01672
    0.00765
   -0.00382
   -0.00214
    0.00525
    0.00350
    0.00232
    0.00160
   -0.00444
   -0.00067
   -0.02011
    0.00445
   -0.01055
    0.01327
    0.01390
   -0.02041
   -0.02053
    0.00621
   -0.00431
   -0.01332
    0.01237
    0.00747
   -0.00531
   -0.00398
    0.00554
    0.00533
    0.00381
   -0.01302
   -0.01696
    0.01325
    0.00172
   -0.00297
   -0.01246
    0.00818
   -0.00147
   -0.02090
    0.01405
    0.00857
   -0.00091
   -0.01925
    0.01916
   -0.00171
   -0.01500
   -0.01649
   -0.00046
    0.02070
   -0.00114
   -0.00051
   -0.00832
    0.00554
   -0.01144
   -0.01274
    0.00581
    0.01557
    0.00066
   -0.00408
   -0.01188
    0.00961
   -0.00640
   -0.02749
   -0.00820
    0.01929
