9 20 3 1 47 -3.9255 2.6512 4.3252 5084
 -0.05703   0.12206   0.11556  -0.09447  -0.11645   0.10243   0.15357  -0.01293   0.01009   0.05778   0.03336  -0.07307  -0.01306   0.09287   0.06518  -0.10848  -0.20589   0.13605   0.21277  -0.10422 
 -0.06711   0.10442   0.13048  -0.08185  -0.08244   0.10923   0.18296  -0.08425   0.01010   0.03982   0.02860  -0.05542  -0.00265   0.04320   0.09686  -0.11456  -0.14221   0.14262   0.22398  -0.15461 
 -0.04603   0.09429   0.15139  -0.11544  -0.08770   0.06264   0.13860  -0.00992  -0.00288   0.08039  -0.03637  -0.03800   0.00938   0.04193   0.06201  -0.09536  -0.15998   0.14911   0.20853  -0.13438 
 -0.04517   0.09059   0.11478  -0.08185  -0.13306   0.10666   0.19953  -0.03612   0.03283   0.04991  -0.01775  -0.06894  -0.03199   0.10824   0.08907  -0.12040  -0.18162   0.16931   0.17963  -0.11382 
 -0.07073   0.11743   0.13496  -0.09223  -0.08514   0.06396   0.16064  -0.03086   0.02645   0.04319   0.02569  -0.07886   0.00655   0.07532   0.08623  -0.14800  -0.15391   0.15425   0.24271  -0.17843 
 -0.04007   0.09470   0.14707  -0.11881  -0.10503   0.08218   0.17197  -0.02786   0.00025   0.01276  -0.01028  -0.00366   0.00670   0.06689   0.00383  -0.05875  -0.16683   0.16300   0.19260  -0.12763 
 -0.05149   0.08976   0.10968  -0.07050  -0.11448   0.10662   0.19181  -0.05009  -0.02150   0.04319   0.07762  -0.04820  -0.05508   0.12398   0.05020  -0.06334  -0.19891   0.19839   0.25094  -0.20613 
 -0.08927   0.13044   0.16236  -0.10845  -0.11864   0.09346   0.19105  -0.03591   0.00280   0.05112   0.02255  -0.05158  -0.03668   0.11932   0.09585  -0.13265  -0.13581   0.18999   0.19917  -0.17792 
 -0.06263   0.12474   0.14124  -0.11276  -0.05334   0.07573   0.12211  -0.04779   0.02746   0.03229   0.00828  -0.06128  -0.00916   0.11460   0.03437  -0.10481  -0.18123   0.17851   0.19871  -0.13932 
 -0.03419   0.10998   0.10453  -0.10124  -0.10826   0.09250   0.19653  -0.05235  -0.02454   0.06643   0.02047  -0.02976  -0.03133   0.14798   0.05891  -0.13087  -0.21436   0.15571   0.24019  -0.14297 
 -0.07898   0.12052   0.14996  -0.09929  -0.12588   0.16502   0.18205  -0.07116   0.00180   0.05069   0.03732  -0.05848  -0.02751   0.12541   0.09528  -0.15373  -0.17412   0.14736   0.22967  -0.14603 
 -0.07012   0.12968   0.15175  -0.11848  -0.08848   0.13161   0.09995  -0.02387  -0.01855   0.06528   0.03534  -0.04401   0.00902   0.07127   0.07862  -0.13934  -0.17341   0.16006   0.19349  -0.12239 
 -0.05063   0.11509   0.11165  -0.09255  -0.07796   0.08942   0.19802  -0.09103  -0.00967   0.06476   0.02553  -0.04878  -0.02297   0.12201   0.08409  -0.14382  -0.16701   0.19162   0.19728  -0.15840 
 -0.05703   0.12665   0.14234  -0.12187  -0.09342   0.13555   0.17788  -0.08463   0.02037   0.02494   0.07038  -0.08358  -0.00395   0.07527   0.12290  -0.17647  -0.17002   0.17379   0.23344  -0.17698 
 -0.04489   0.11156   0.16166  -0.14174  -0.09668   0.07698   0.14011  -0.00910  -0.00614   0.06139  -0.00216  -0.03547   0.02039   0.06316   0.03897  -0.10883  -0.19426   0.16188   0.20175  -0.12070 
 -0.04603   0.09675   0.10890  -0.08092  -0.11717   0.07980   0.19692  -0.03422  -0.00061   0.10801  -0.01519  -0.07666   0.00258   0.05870   0.06500  -0.10182  -0.19653   0.17423   0.24363  -0.17345 
 -0.06771   0.11587   0.15032  -0.10779  -0.08634   0.09471   0.20803  -0.09357   0.03219   0.02088   0.06545  -0.09421  -0.00881   0.11377   0.09929  -0.17859  -0.17579   0.15843   0.21021  -0.13530 
 -0.04375   0.10601   0.15815  -0.13467  -0.07890   0.14011   0.13366  -0.06780   0.01186   0.00945   0.04697  -0.04540  -0.02606   0.10266   0.07674  -0.11017  -0.22032   0.19041   0.19467  -0.12661 
 -0.05323   0.11975   0.12251  -0.10254  -0.11554   0.12563   0.18996  -0.06055  -0.00076   0.04971   0.03324  -0.05203  -0.01549   0.08962   0.08295  -0.12082  -0.18310   0.15701   0.24256  -0.16341 
 -0.06591   0.11352   0.15461  -0.11176  -0.10473   0.17094   0.15045  -0.07335  -0.00353   0.03989   0.05621  -0.05435  -0.04424   0.11111   0.13109  -0.15655  -0.16165   0.20274   0.19891  -0.17460 
 -0.06621   0.14160   0.14526  -0.12770  -0.10069   0.11650   0.16276  -0.04757   0.01266   0.06477  -0.00858  -0.05864   0.03109   0.07416   0.05375  -0.15457  -0.14772   0.19097   0.16950  -0.14296 
 -0.03502   0.12091   0.10691  -0.11143  -0.12541   0.12846   0.21510  -0.07540   0.00471   0.01014   0.04411  -0.03524   0.00345   0.08641   0.02162  -0.08578  -0.17628   0.19890   0.19738  -0.16042 
 -0.06086   0.11743   0.13682  -0.10450  -0.11262   0.13633   0.15210  -0.03855   0.03581   0.03050   0.00525  -0.06991   0.01594   0.09859   0.06218  -0.16123  -0.19586   0.20472   0.19165  -0.14987 
 -0.04746   0.12930   0.11789  -0.11343  -0.04748   0.08957   0.09088  -0.04120   0.01980   0.04191  -0.01990  -0.04363   0.00672   0.11752   0.04378  -0.14423  -0.19339   0.17420   0.18350  -0.11542 
 -0.03141   0.11352   0.08785  -0.09415  -0.08290   0.08332   0.15721  -0.04263   0.03035   0.02885   0.01949  -0.06897   0.00549   0.05457   0.09289  -0.13393  -0.22815   0.17925   0.20002  -0.11780 
 -0.04947   0.09837   0.13160  -0.09703  -0.11465   0.12187   0.19216  -0.06095   0.01951   0.01111   0.03465  -0.04938  -0.01024   0.08419   0.10923  -0.15601  -0.18245   0.17257   0.20520  -0.13943 
 -0.05997   0.10840   0.15139  -0.11110  -0.08424   0.10701   0.14450  -0.04601   0.00386   0.01297  -0.01549  -0.00549   0.02208   0.11432   0.00313  -0.12680  -0.16839   0.14075   0.23051  -0.14441 
 -0.04035   0.10161   0.11244  -0.09383  -0.08314   0.06218   0.19355  -0.06124   0.01291   0.02366   0.01845  -0.04100  -0.00096   0.11947   0.07336  -0.16667  -0.17162   0.15209   0.24431  -0.16745 
 -0.04803   0.09715   0.15425  -0.11814  -0.13597   0.13705   0.18236  -0.03850   0.05195   0.00421   0.05827  -0.10635  -0.07146   0.11952   0.12743  -0.11948  -0.15931   0.15180   0.24197  -0.17194 
 -0.06741   0.11156   0.16722  -0.12051  -0.12049   0.14896   0.12975  -0.02124   0.01734   0.04547   0.05108  -0.08368   0.01103   0.08528   0.04931  -0.12415  -0.15898   0.14475   0.20163  -0.12481 
 -0.04803   0.11313   0.11828  -0.09929  -0.12924   0.13705   0.19426  -0.05685  -0.02053   0.08183   0.05660  -0.06858  -0.00238   0.09751   0.06584  -0.13131  -0.21190   0.20406   0.23612  -0.18707 
 -0.07682   0.14013   0.15425  -0.12289  -0.07273   0.10891   0.14199  -0.06007  -0.00048   0.05976   0.05024  -0.07100  -0.05402   0.13520   0.10253  -0.13138  -0.19492   0.17225   0.24231  -0.17092 
 -0.06026   0.12703   0.14599  -0.12187  -0.09288   0.12333   0.11687  -0.02522  -0.00141   0.08095  -0.00697  -0.05510   0.04262   0.08239   0.02619  -0.15529  -0.17424   0.19131   0.16100  -0.12122 
 -0.03754   0.12817   0.08577  -0.09768  -0.11291   0.06453   0.19762  -0.03039   0.01989  -0.00096   0.05769  -0.05485   0.01217   0.06308   0.05035  -0.10636  -0.24299   0.19560   0.23451  -0.16013 
 -0.06174   0.09470   0.15139  -0.09800  -0.08336   0.13106   0.13946  -0.05999   0.00143   0.02076   0.04339  -0.03841  -0.00065   0.09775   0.09385  -0.16818  -0.18764   0.19014   0.21182  -0.15981 
 -0.05207   0.12168   0.13645  -0.11780  -0.05569   0.09087   0.11440  -0.04842   0.01047  -0.00030   0.00878  -0.01618   0.07303   0.01453   0.03745  -0.16472  -0.14765   0.18355   0.14474  -0.11538 
 -0.01116   0.08561   0.08577  -0.09447  -0.09417   0.13845   0.15621  -0.06597   0.01520   0.01164   0.06247  -0.06083   0.02012   0.08183   0.05780  -0.14622  -0.20376   0.22874   0.15319  -0.13547 
 -0.05120   0.13119   0.11711  -0.11010  -0.08599   0.14902   0.11779  -0.05258   0.02205   0.04350   0.07457  -0.10485   0.00316   0.13873   0.06868  -0.19242  -0.14752   0.17832   0.22505  -0.18622 
 -0.03894   0.13494   0.13048  -0.14032  -0.10705   0.15939   0.08384  -0.01114   0.04037   0.04832  -0.04483  -0.06441   0.03912   0.10318   0.00564  -0.14916  -0.21710   0.24054   0.17408  -0.15979 
 -0.03502   0.14780   0.06747  -0.10385  -0.09871   0.11354   0.14707  -0.03493   0.04003   0.01991   0.00028  -0.06484   0.02004   0.10419   0.04548  -0.15594  -0.18387   0.17938   0.19693  -0.13702 
 -0.04035   0.11313   0.11126  -0.10221  -0.10742   0.12490   0.17947  -0.06015   0.06314  -0.04584   0.05894  -0.08680   0.02188   0.11177   0.04863  -0.17171  -0.12545   0.15541   0.22274  -0.17563 
 -0.02811   0.09797   0.14198  -0.13152  -0.06291   0.15404   0.07153  -0.05214   0.02214   0.02145   0.05011  -0.07008   0.03053   0.12536  -0.01729  -0.13490  -0.11274   0.14473   0.19024  -0.14153 
 -0.01620   0.11781   0.08200  -0.11143  -0.10645   0.11257   0.13705  -0.01767   0.05749  -0.01238  -0.00040  -0.06589   0.01479   0.09167   0.02092  -0.10834  -0.19976   0.17841   0.19977  -0.13055 
 -0.04120   0.10241   0.10572  -0.08811  -0.08061   0.11513   0.08758  -0.01377   0.02211   0.02286   0.00699  -0.04612   0.00017   0.11189  -0.00077  -0.08458  -0.10815   0.11641   0.16313  -0.09867 
 -0.03558   0.09756   0.07778  -0.06960  -0.04158   0.08261   0.03358  -0.00775   0.02696  -0.01718  -0.09805   0.02067   0.08497   0.01913  -0.05240  -0.10800  -0.09425   0.11508   0.07397  -0.04526 
 -0.00074   0.06199   0.00593  -0.03757  -0.01570   0.07467   0.04117  -0.04260   0.07232  -0.01978  -0.05219  -0.05630   0.13036   0.04282  -0.11281  -0.18303  -0.08889   0.17078   0.05897  -0.07895 
  0.02282   0.08602   0.00342  -0.08030   0.01342   0.22667   0.00853  -0.20730   0.14172   0.08866  -0.12272  -0.26874   0.16521   0.16008  -0.11693  -0.50671  -0.06971   0.27833   0.12606  -0.26386 
  0.06862   0.20315   0.00191  -0.28005   0.14329  -0.10402  -0.08403  -0.18015   0.30290  -0.24910  -0.36096  -0.38584   0.26478  -0.14144  -0.28482  -0.35095   0.00665   0.13500   0.09961  -0.14412 
  0.22584  -0.09087  -0.13548  -0.26085  -0.34677  -0.56606   0.63833  -0.47740  -0.20214  -0.45267   0.52998  -0.15671  -0.08270  -0.30915   0.39512  -0.31865  -0.68392  -0.31545   0.60102  -0.39997 
 -0.27424  -0.46993   0.57759  -0.40542  -1.95133  -3.70629   0.80363  -3.70629  -1.99354  -3.70629   0.83201  -3.70629  -2.54989  -3.70629   0.70414  -3.70629  -3.70629  -3.70629   0.75424  -3.70629 
 -2.30692  -3.70629   0.77337  -3.70629  -3.70629  -3.70629  -3.70629   0.52714  -3.70629  -3.70629  -3.70629  -3.70629  -3.70629  -1.62959  -3.70629   0.55177  -3.70629  -3.70629  -3.70629  -3.70629 
 -3.70629  -1.62642  -3.70629   0.47737  -3.70629  -3.70629  -3.70629  -3.70629   0.36198  -0.59474  -0.16637  -0.79042  -3.70629  -3.70629  -3.70629  -3.70629   0.42993  -1.07524   0.20147  -0.84278 
  0.28982  -1.04364   0.22017  -0.75684   0.29768  -0.47164  -0.38537  -0.55071   0.35056  -0.48131  -1.05202  -0.33483   0.42617  -1.03769  -0.86735  -1.29610   0.38226  -0.34200  -0.17140  -0.26398 
  0.39756  -0.61267  -0.47555  -0.65739  -0.61989  -0.94870   0.71553  -0.60221  -0.11873  -0.46573   0.54889  -0.31644  -0.24147  -0.68470   0.52922  -0.47129  -0.25120  -0.54290   0.54281  -0.30720 
 -0.46927  -0.88903   0.66511  -0.57847  -0.10579  -0.20937  -0.00313   0.17042  -0.03837   0.00707  -0.25349   0.11221  -0.29086  -0.50559  -0.49279   0.40029  -0.06073  -0.39557  -0.10869   0.15777 
 -0.21639  -0.43530  -0.31921   0.29599  -0.02228  -0.05757  -0.11558   0.09696   0.09049   0.01667  -0.43136   0.00585   0.10342  -0.03526  -0.03893  -0.11473   0.08145  -0.09072  -0.02059  -0.00835 
 -0.00229  -0.06234  -0.04333   0.04962  -0.06810   0.03941  -0.10159   0.10121   0.02166   0.03329  -0.24260   0.03946   0.07320  -0.09208  -0.05701  -0.01297  -0.08119  -0.02403  -0.07366   0.07662 
 -0.03642  -0.00517  -0.09637   0.07460  -0.00233   0.00689  -0.17065   0.06841   0.01883   0.07686  -0.43888   0.05268   0.10706   0.01842  -0.11402  -0.10603  -0.08703   0.08927  -0.12573   0.04782 
 -0.01381   0.06111  -0.17087   0.04916  -0.00461  -0.00419  -0.09850   0.05139  -0.02801   0.09412  -0.38755   0.07795   0.06861   0.07460  -0.03125  -0.14314  -0.09478   0.02273  -0.14897   0.08603 
 -0.02893   0.04259  -0.15029   0.06473  -0.03774   0.03670  -0.11424   0.07671  -0.06747   0.06082  -0.31384   0.11749   0.05346  -0.04662  -0.01644  -0.03507  -0.12982   0.02390  -0.09973   0.08556 
 -0.06382   0.03184  -0.12182   0.08721   0.00303  -0.14371  -0.05491   0.07439  -0.00835   0.02194  -0.19979   0.06583   0.04429  -0.02606  -0.01571  -0.03396  -0.09525   0.00725  -0.03883   0.05947 
 -0.03474  -0.01930  -0.06225   0.06695  -0.00748  -0.05082  -0.03502   0.04783  -0.03114   0.09753  -0.20882   0.04095  -0.01187   0.04763   0.02512  -0.03523  -0.11856  -0.04000  -0.08030   0.09838 
 -0.05149   0.00249  -0.06167   0.07046  -0.01297  -0.06150   0.00061   0.04218  -0.04317   0.06257  -0.16536   0.06381   0.03124  -0.01271   0.03832  -0.06642  -0.10901   0.00627  -0.12490   0.09137 
 -0.04775   0.00401  -0.06108   0.06673  -0.01232  -0.03341  -0.08193   0.06585  -0.02890   0.01158  -0.31599   0.11423   0.03373  -0.06222   0.04846  -0.04792  -0.08582  -0.05492  -0.05234   0.08221 
 -0.03782  -0.03281  -0.06994   0.07762   0.01608  -0.20324  -0.01122   0.05675  -0.00948  -0.04291  -0.27212   0.11577   0.03797  -0.06959   0.08798  -0.08845  -0.08241  -0.06582  -0.05623   0.08552 
 -0.02293  -0.09024  -0.03665   0.07460   0.00583  -0.09961  -0.05462   0.05732  -0.05340   0.07748  -0.26671   0.08772   0.02727  -0.04490   0.01058  -0.01759  -0.11081   0.00213  -0.09403   0.08504 
 -0.04007  -0.01559  -0.07534   0.07438  -0.01063  -0.09470  -0.06590   0.07923  -0.03815   0.08509  -0.21253   0.05716   0.01298  -0.06419   0.07059  -0.03600  -0.09124  -0.06258  -0.10937   0.10337 
 -0.04489  -0.03501  -0.07353   0.08510   0.00336  -0.06576  -0.04664   0.04519  -0.02879   0.04305  -0.37207   0.10694  -0.01796  -0.06189   0.09403  -0.01718  -0.10418  -0.01689  -0.07928   0.08499 
 -0.04832  -0.01983  -0.06225   0.07762  -0.00309  -0.06468  -0.07042   0.06225  -0.07018   0.10662  -0.23241   0.07467  -0.02396  -0.02660   0.10429  -0.03980  -0.07171  -0.03214  -0.10946   0.08596 
 -0.04918  -0.00568  -0.06697   0.07417  -0.03025  -0.09817  -0.04847   0.09463  -0.05306   0.08391  -0.25914   0.08178   0.00127  -0.02931   0.06738  -0.03739  -0.11388   0.03059  -0.12695   0.08459 
 -0.06353   0.00902  -0.08020   0.08319  -0.01744  -0.06386  -0.04878   0.06985  -0.05455  -0.00867  -0.17697   0.11544   0.01617  -0.01983   0.05685  -0.05527  -0.11476   0.01473  -0.07737   0.07689 
 -0.05938  -0.00723  -0.05701   0.07870  -0.00952  -0.03968  -0.02212   0.04023  -0.05151   0.02778  -0.22088   0.10491   0.02505  -0.02094   0.01424  -0.03147  -0.05519   0.03832  -0.12330   0.05602 
 -0.03670   0.01447  -0.07837   0.05983  -0.02924  -0.01480   0.01786   0.03440  -0.01965   0.07231  -0.28573   0.06575  -0.01490   0.03157   0.02117  -0.01684  -0.11997   0.02880  -0.10120   0.08045 
 -0.05791   0.03137  -0.06401   0.06318   0.01428  -0.01456  -0.08072   0.02497  -0.04252   0.08011  -0.19423   0.05968  -0.07224  -0.00330   0.08205   0.02195  -0.07561  -0.00117  -0.07956   0.06779 
 -0.04489   0.01888  -0.06284   0.05848  -0.01958  -0.03408  -0.02295   0.05035  -0.03305   0.03262  -0.16686   0.07350  -0.00285  -0.01511   0.09064  -0.06282  -0.12857   0.00602  -0.06141   0.08041 
 -0.05673   0.00300  -0.03445   0.06362   0.02419  -0.10096  -0.06417   0.03849  -0.05016   0.09425  -0.19187   0.05618  -0.04654  -0.00572   0.09253  -0.01366  -0.12871  -0.01171  -0.06362   0.08757 
 -0.05120  -0.00260  -0.04502   0.06606   0.01177  -0.08856  -0.01856   0.03024  -0.04784   0.12004  -0.23142   0.04566  -0.00751  -0.00513   0.07522  -0.04794  -0.08852  -0.02449  -0.04327   0.07005 
 -0.03950   0.00046  -0.03335   0.05076   0.00696  -0.09776   0.01895   0.02125  -0.01463   0.05332  -0.14844   0.03810  -0.02080  -0.03748   0.10034  -0.03342  -0.08119   0.02234  -0.08734   0.06342 
 -0.03252  -0.00465  -0.02306   0.04290  -0.02032  -0.07578   0.02050   0.04645  -0.04414   0.13378  -0.13368   0.00213  -0.01670  -0.06949   0.10307  -0.02303  -0.08853  -0.01867  -0.03422   0.06487 
 -0.04803  -0.00260  -0.00063   0.04477  -0.01938  -0.01592   0.02748   0.01789  -0.02229   0.09360  -0.15525   0.01952   0.01825  -0.00176   0.03560  -0.05156  -0.09278   0.00459  -0.02756   0.05550 
 -0.03894   0.02082  -0.01248   0.03156  -0.00329  -0.09090   0.04349   0.01888  -0.05671   0.09662  -0.11389   0.03691   0.00163  -0.10685   0.13717  -0.06284  -0.09170   0.06520  -0.06183   0.04109 
 -0.03950   0.01545   0.00743   0.02530   0.01909  -0.06416   0.02579  -0.01252  -0.00179   0.05183  -0.19374   0.03938  -0.01389  -0.06437   0.10947  -0.03571  -0.07933   0.00569  -0.01804   0.04574 
 -0.01942  -0.00931   0.00342   0.02139   0.00232  -0.11784   0.04616   0.01972  -0.02183   0.07659  -0.18496   0.04026   0.01832  -0.08497   0.07012  -0.03170  -0.10947   0.01492  -0.00843   0.05126 
 -0.02811  -0.01824   0.00593   0.03204   0.00436  -0.06641   0.04072   0.00074  -0.03550   0.08330  -0.16005   0.04146   0.02526  -0.06630   0.09901  -0.08126  -0.05226   0.00294  -0.00926   0.03081 
 -0.01754  -0.00671   0.01387   0.01323  -0.02469  -0.04222  -0.00129   0.04953  -0.01817   0.01475  -0.18216   0.07443   0.02658  -0.06402   0.04420  -0.03257  -0.05767   0.02834  -0.04507   0.03621 
 -0.02374  -0.00671  -0.02736   0.03822  -0.02839  -0.05961   0.03635   0.04184  -0.00594   0.05591  -0.18755   0.03920   0.04084  -0.03301   0.01474  -0.04796  -0.05843   0.01370  -0.03096   0.03765 
 -0.02510  -0.00107  -0.01933   0.03324   0.00403  -0.06716  -0.00946   0.02800  -0.04610   0.05713  -0.12318   0.05735   0.00700  -0.04450   0.00670   0.01186  -0.03694  -0.01864  -0.06665   0.05266 
 -0.01969  -0.01665  -0.04165   0.04523   0.00259  -0.07257  -0.04242   0.04683  -0.03709  -0.05600  -0.16164   0.11956  -0.00126  -0.05462   0.04207   0.00158  -0.02785  -0.01157  -0.02383   0.03010 
 -0.01915  -0.04057  -0.03280   0.05122  -0.00999  -0.03646  -0.06037   0.05594  -0.02835  -0.00254  -0.13252   0.07913   0.02342  -0.03102  -0.02147   0.00258   0.00454  -0.04364  -0.04541   0.03311 
 -0.01011  -0.03117  -0.05470   0.04847   0.00409  -0.05175  -0.05011   0.04049   0.00003  -0.01769  -0.19112   0.07721   0.03342  -0.00567   0.02314  -0.06136  -0.01791   0.01355  -0.02986   0.01659 
 -0.00384  -0.01139  -0.04446   0.02989  -0.00347  -0.05802  -0.04889   0.05162   0.00916  -0.00137  -0.21673   0.06623   0.03065  -0.04809  -0.00403  -0.00978  -0.03036  -0.03522  -0.00022   0.03132 
 -0.00592  -0.03612  -0.04165   0.04150   0.00118  -0.02556  -0.09380   0.05137   0.01432   0.02068  -0.25503   0.05777  -0.00605  -0.00182   0.01285  -0.00041  -0.02003  -0.01186   0.01465   0.01020 
 -0.00853  -0.00775  -0.04558   0.03300  -0.01055  -0.01137  -0.08097   0.05476  -0.02025   0.03076  -0.20311   0.07264   0.00425   0.01517   0.03296  -0.04068  -0.03778  -0.03834  -0.02003   0.04394 
 -0.02103  -0.00775  -0.05012   0.04593  -0.01632  -0.03457  -0.06847   0.06570  -0.04434  -0.02130  -0.18113   0.11454   0.01036  -0.01720   0.06319  -0.05424  -0.06390  -0.02580  -0.00680   0.04670 
 -0.03558  -0.02412  -0.03171   0.05758   0.01250  -0.07742  -0.13107   0.06998  -0.03462   0.04713  -0.15943   0.06418  -0.05275   0.00768   0.05709   0.01491  -0.04537  -0.02392  -0.01845   0.04168 
 -0.03058  -0.01506  -0.04784   0.05622   0.00482  -0.04189  -0.15580   0.07447  -0.04873   0.03314  -0.13782   0.07853   0.02505  -0.08757   0.07805  -0.04737  -0.11513   0.00077  -0.01047   0.05991 
 -0.03950  -0.01349  -0.04502   0.06162   0.00696  -0.07114  -0.10827   0.06664  -0.04693   0.05803  -0.18078   0.07410  -0.01569  -0.04383   0.09170  -0.02815  -0.09435  -0.01614  -0.01718   0.06032 
 -0.04233  -0.01506  -0.03721   0.06139  -0.03031  -0.02587  -0.10085   0.08933  -0.07315   0.02056  -0.16322   0.11142   0.01593   0.01947  -0.00557  -0.02956  -0.11180  -0.01982  -0.01564   0.06816 
 -0.06026  -0.00414  -0.05355   0.07676  -0.00126  -0.04339  -0.13634   0.07587  -0.07170   0.05333  -0.21815   0.10574   0.01063  -0.10716   0.05139   0.00544  -0.10148   0.04026  -0.06097   0.05608 
