13 20 12 1 38 -3.9881 2.2440 4.0721 5101
 -0.02248  -0.03098  -0.00258   0.03677  -0.00608  -0.04082   0.05544  -0.00450  -0.02587   0.05254  -0.13334   0.04487  -0.00387  -0.05923   0.03134   0.01529  -0.05955  -0.00992  -0.04707   0.05339 
 -0.02792  -0.01232  -0.00719   0.03535   0.01396  -0.10583  -0.00279   0.02591  -0.05124   0.05775  -0.12272   0.06133  -0.00511  -0.06157   0.04777   0.00560  -0.09326  -0.00314   0.02064   0.04013 
 -0.03231  -0.02235   0.00298   0.03888  -0.00719  -0.10890  -0.04866   0.07318  -0.03952  -0.01093  -0.12708   0.09143  -0.01381  -0.00083   0.06694  -0.03465  -0.09924  -0.01746   0.01324   0.05127 
 -0.04293  -0.03316  -0.00719   0.05681  -0.00215  -0.11361  -0.02636   0.05958  -0.04938   0.02424  -0.19058   0.09802   0.02475  -0.07945   0.06829  -0.04237  -0.06412   0.01118   0.00046   0.02921 
 -0.03011  -0.02664  -0.01132   0.04540   0.01681  -0.08908  -0.00236   0.01579  -0.04372   0.02812  -0.19710   0.09291  -0.01141  -0.03029   0.09414  -0.04437  -0.10576  -0.00397   0.01441   0.04834 
 -0.03563  -0.02075   0.00499   0.04005   0.01311  -0.11831  -0.01302   0.03622  -0.00559   0.04961  -0.14865   0.03145  -0.00281  -0.08438   0.05834   0.00596  -0.07193   0.00656  -0.00641   0.03756 
 -0.02087  -0.02610  -0.00925   0.03629  -0.00166  -0.08194   0.01243   0.02998  -0.04426   0.08749  -0.10424   0.02871   0.01567  -0.00682   0.04040  -0.04850  -0.07396  -0.02315  -0.02336   0.05642 
 -0.02874  -0.01076  -0.00822   0.03582  -0.00594  -0.08571   0.04937   0.01709  -0.06828   0.07437  -0.13868   0.06992   0.00466  -0.05360   0.07154  -0.03131  -0.09864   0.00430   0.01371   0.04232 
 -0.04293  -0.00972   0.01926   0.03440   0.00825  -0.08591   0.00513   0.02233  -0.00590   0.05976  -0.13971   0.02201  -0.03156  -0.04157   0.05716   0.01905  -0.08506  -0.00756   0.00594   0.04427 
 -0.03093  -0.01494   0.00147   0.03511   0.00170  -0.06054   0.03403   0.00578  -0.03531   0.06268  -0.12964   0.04598  -0.01821  -0.05645   0.08766  -0.01409  -0.06356  -0.01369  -0.01796   0.04619 
 -0.03038  -0.01441   0.00847   0.03107   0.03119  -0.14747   0.00318   0.01338  -0.05595   0.08685  -0.14489   0.05303   0.03053  -0.07029   0.07434  -0.06211  -0.09143  -0.00154   0.00660   0.04441 
 -0.01765  -0.02503   0.00398   0.02675   0.01403  -0.06059   0.02238  -0.00476  -0.04706   0.04659  -0.18168   0.08131  -0.00754  -0.00183   0.05934  -0.03566  -0.06325  -0.00945  -0.05224   0.05665 
 -0.02275  -0.00920  -0.01813   0.03440   0.01076  -0.11099   0.02423   0.01814  -0.03293   0.08163  -0.20311   0.05230   0.05054  -0.11466   0.04688  -0.04378  -0.05049  -0.00621   0.00327   0.02865 
 -0.00972  -0.02664  -0.00462   0.02433  -0.00489  -0.11186   0.01119   0.04506  -0.03691   0.02812  -0.11794   0.06526   0.02764  -0.13635   0.03815   0.00666  -0.06667  -0.00565   0.01066   0.03320 
 -0.02221  -0.04538   0.00197   0.04052   0.01603  -0.11900   0.00193   0.02537  -0.04608   0.09313  -0.19608   0.05447   0.04737  -0.09969  -0.00818  -0.00356  -0.05772  -0.00965   0.01674   0.02798 
 -0.01182  -0.02826  -0.01341   0.03107   0.00628  -0.11946   0.01329   0.03260  -0.00748  -0.01344  -0.11632   0.06083   0.01415  -0.06242   0.09197  -0.05907  -0.05386  -0.06182  -0.00285   0.05338 
 -0.01367  -0.06673   0.00946   0.03818   0.00232  -0.08230   0.01839   0.02194  -0.00192   0.05518  -0.09257   0.00431   0.04496  -0.14633   0.07547  -0.04505  -0.06549  -0.04642   0.02543   0.04207 
 -0.01182  -0.05219   0.02359   0.02360   0.01010  -0.08641   0.01655   0.01412  -0.03213   0.02445  -0.14353   0.07083   0.02061  -0.03966   0.08393  -0.07518  -0.04752   0.00459   0.00188   0.02325 
 -0.01156  -0.02288   0.01144   0.01650  -0.00501  -0.02728  -0.07537   0.05243  -0.02086   0.00331  -0.15685   0.07627   0.04298  -0.08020   0.06925  -0.07127  -0.04154   0.01169  -0.05294   0.03825 
 -0.00946  -0.01494  -0.04255   0.03582   0.00837  -0.07096  -0.04658   0.04080   0.00083  -0.01007  -0.23260   0.08261   0.05596  -0.06655   0.00953  -0.04739  -0.03667  -0.02969   0.00051   0.03214 
 -0.00064  -0.04146  -0.03866   0.03771   0.03015  -0.10446  -0.03537   0.01895  -0.01043  -0.02960  -0.20001   0.09485   0.01593  -0.09821   0.01114   0.02416  -0.02904  -0.01629  -0.00677   0.02589 
  0.00191  -0.05449  -0.03316   0.03841   0.00016  -0.09788  -0.05056   0.06190  -0.00236   0.01561  -0.19921   0.06358   0.00892  -0.08369   0.01376   0.02425  -0.02454  -0.02249  -0.03117   0.03547 
 -0.00946  -0.04538  -0.04591   0.05023   0.01216  -0.06662  -0.10430   0.05734  -0.05335   0.00083  -0.25406   0.12689   0.02768  -0.06705  -0.01569   0.01228  -0.03327  -0.04128  -0.10777   0.07170 
 -0.01367  -0.04369  -0.10421   0.07467   0.01763  -0.06675  -0.12641   0.05845  -0.01986  -0.03041  -0.31470   0.12656   0.05506  -0.15484   0.01832  -0.00858  -0.05873  -0.09177  -0.03300   0.07597 
 -0.01340  -0.07995  -0.07982   0.07939   0.03275  -0.03954  -0.18207   0.04715  -0.01152  -0.01610  -0.26295   0.10328   0.05709  -0.07803  -0.06989   0.01160   0.01018  -0.03927  -0.07938   0.04013 
  0.01325  -0.04034  -0.12462   0.05703   0.00791   0.01739  -0.21912   0.06593  -0.04575  -0.03376  -0.35083   0.15335   0.03521  -0.07375  -0.07895   0.04351  -0.02099  -0.02482  -0.04693   0.04027 
 -0.01051  -0.02022  -0.13623   0.07315   0.00239  -0.04039  -0.28572   0.11005  -0.06057  -0.05388  -0.31511   0.16612   0.06575  -0.06213  -0.09264   0.00425  -0.03515  -0.00763  -0.02753   0.03367 
 -0.01872  -0.02989  -0.13901   0.08449   0.02580  -0.04880  -0.28403   0.08624  -0.10712  -0.03215  -0.28355   0.18163  -0.01880  -0.06890   0.01733   0.04685  -0.00636  -0.06307  -0.02979   0.04030 
 -0.02141  -0.05219  -0.11462   0.08744  -0.00312  -0.05467  -0.26205   0.11542  -0.06145   0.03798  -0.36530   0.13370   0.00910  -0.09814  -0.02791   0.05687  -0.05042  -0.06059  -0.02007   0.05779 
 -0.03619  -0.04313  -0.11660   0.09595   0.01032  -0.05752  -0.27319   0.10445  -0.09388  -0.01008  -0.23611   0.15614   0.01108  -0.05433  -0.06306   0.05470  -0.05309  -0.04677  -0.01994   0.05423 
 -0.03843  -0.04090  -0.11199   0.09534   0.01789  -0.06668  -0.36783   0.11760  -0.07464   0.02668  -0.28702   0.13581  -0.01408  -0.11566  -0.01310   0.08033  -0.09299  -0.04106  -0.06304   0.08391 
 -0.04748  -0.04034  -0.14746   0.11211  -0.00467  -0.04399  -0.28594   0.11867  -0.09071  -0.02769  -0.27310   0.16828  -0.04016  -0.10087   0.04241   0.06635  -0.14744  -0.04045  -0.05740   0.10180 
 -0.08259  -0.04202  -0.11727   0.12710   0.00094  -0.08182  -0.44855   0.15159  -0.10512   0.01427  -0.25742   0.15628  -0.08835  -0.08585   0.08701   0.07375  -0.16359  -0.03642  -0.06476   0.10797 
 -0.10062  -0.03701  -0.12529   0.13844  -0.02180  -0.05591  -0.41414   0.16070  -0.16228   0.03072  -0.21052   0.17223  -0.07349  -0.13922   0.00361   0.13271  -0.19635  -0.02952  -0.08373   0.12102 
 -0.13072  -0.02881  -0.14251   0.15671   0.01330  -0.10550  -0.47295   0.14903  -0.20160   0.07885  -0.23113   0.17236  -0.08429  -0.05586   0.02083   0.10100  -0.22949  -0.03676  -0.06625   0.12750 
 -0.14159  -0.01916  -0.13416   0.15688  -0.01755  -0.09777  -0.51075   0.18010  -0.22640   0.02828  -0.25355   0.21070  -0.06236  -0.16465   0.03880   0.11212  -0.22967  -0.04796  -0.05361   0.12732 
 -0.15639  -0.04482  -0.12732   0.17061  -0.03394  -0.08612  -0.55919   0.19570  -0.23271   0.00026  -0.30575   0.23211  -0.13203  -0.14832   0.08026   0.13474  -0.23962  -0.04525  -0.00139   0.11294 
 -0.18212  -0.04594  -0.08904   0.17251  -0.08757  -0.12155  -0.76372   0.25552  -0.27214  -0.00148  -0.22677   0.23537  -0.16004  -0.11887   0.09816   0.13230  -0.28629  -0.02413  -0.06014   0.13573 
 -0.23073  -0.03701  -0.11660   0.19682  -0.09811  -0.07660  -1.01573   0.26210  -0.26615  -0.01619  -0.27643   0.24616  -0.22872  -0.03696   0.06954   0.15987  -0.31900  -0.02755  -0.09240   0.15215 
 -0.26803  -0.02075  -0.15031   0.21299  -0.04884  -0.04672  -1.19980   0.22708  -0.32880   0.01183  -0.22071   0.24778  -0.17945   0.00098   0.03869   0.13395  -0.33234  -0.01369  -0.08951   0.14995 
 -0.26755   0.00357  -0.14959   0.20522  -0.06671  -0.07822  -1.25126   0.24788  -0.20750   0.07964  -0.31700   0.18903  -0.22523   0.01273   0.06058   0.14253  -0.27800   0.07490  -0.02335   0.08650 
 -0.23953   0.06537  -0.11396   0.16415  -0.08796   0.03928  -1.48234   0.23407  -0.24656   0.06423  -0.34459   0.21647  -0.20373   0.06237  -0.10207   0.18423  -0.27243   0.12638  -0.18655   0.10701 
 -0.23687   0.10814  -0.27354   0.18037  -0.09467  -0.02178  -1.40623   0.25438  -0.25526   0.07704  -0.42154   0.22312  -0.27902   0.03049  -0.08605   0.22604  -0.29974   0.13306  -0.22318   0.11810 
 -0.26236   0.10735  -0.31960   0.19764  -0.30242  -0.21917  -0.98415   0.37010  -0.57203  -0.05730  -0.43522   0.34305  -0.37699  -0.03632  -0.21021   0.31258  -0.59728  -0.06694  -0.37729   0.24539 
 -0.51958  -0.06261  -0.42689   0.31884  -0.09950   0.00381  -1.05765   0.24440  -0.23763   0.04304  -0.34593   0.22238  -0.24885  -0.13308   0.03695   0.21727  -0.88238  -0.30985  -0.61673   0.31626 
 -0.53953  -0.16674  -0.49402   0.34593   0.12124  -0.09134  -0.32727  -0.03177   0.00714  -0.06839   0.19499  -0.09411  -0.07943  -0.16281   0.31056  -0.17817  -0.29441  -0.04236   0.28495  -0.03149 
 -0.22596  -0.03207   0.25816   0.01303  -0.43452   0.61456  -1.59208  -0.04931  -0.64180   0.53478  -1.76090  -0.10237  -0.81557   0.63834  -2.00146  -0.12895  -0.82953   0.54492  -2.00157  -0.08152 
 -0.67363   0.59396  -1.84839  -0.09209   0.39222  -3.70774  -3.70774  -3.70774   0.45889  -3.70774  -3.70774  -3.70774   0.45135  -3.70774  -3.70774  -3.70774   0.61907  -3.70774  -3.70774  -3.70774 
  0.47855  -3.70774  -3.70774  -3.70774  -3.70774  -2.14691   0.80514  -3.70774  -3.70774  -3.70774  -3.70774  -3.70774  -3.70774  -3.70774  -3.70774  -3.70774  -3.70774  -3.70774  -3.70774  -3.70774 
 -3.70774  -2.21922   0.77363  -3.70774  -3.70774  -3.70774  -3.70774  -3.70774   0.06099   0.00707   0.13460  -0.18875  -0.04791  -0.07975   0.29092  -0.25161  -3.70774  -3.70774  -3.70774  -3.70774 
 -0.02060  -0.07570   0.36022  -0.32587  -0.18672   0.01423  -0.03544   0.17666  -0.12592   0.00160  -0.10930   0.14197  -0.05210  -0.01461  -0.05770   0.09732  -0.24992  -0.00275   0.24090  -0.02681 
 -0.10257  -0.00713   0.02071   0.07704  -0.01485   0.09803  -0.03978  -0.01267  -0.02076   0.00603   0.08435  -0.02597  -0.00729   0.12027  -0.02952  -0.05826  -0.13373   0.05893   0.22396  -0.09711 
 -0.06083   0.07614   0.10902  -0.05097  -0.06750   0.22435  -0.10727  -0.00452  -0.05272   0.00493   0.13032  -0.01986  -0.02650   0.11076   0.12888  -0.18363  -0.20232   0.20037   0.19792  -0.14816 
 -0.07705   0.15389   0.10507  -0.09209  -0.04790   0.18488  -0.08626  -0.00674  -0.04308   0.07145   0.01907  -0.01270   0.01916   0.06916   0.03520  -0.10847  -0.17877   0.16859   0.17539  -0.11106 
 -0.04691   0.13498   0.05053  -0.06773  -0.07973   0.16866   0.09478  -0.05832  -0.04264   0.08418   0.08628  -0.06310  -0.03990   0.11152   0.05898  -0.08026  -0.26510   0.19524   0.23597  -0.15088 
 -0.08883   0.15139   0.13165  -0.09977  -0.07859   0.13115   0.16510  -0.08923  -0.01425   0.04213   0.12446  -0.08937  -0.01830   0.12771   0.12511  -0.21494  -0.22173   0.22298   0.24151  -0.20947 
 -0.06379   0.14417   0.17093  -0.15918  -0.08099   0.17162   0.09216  -0.05711  -0.04250   0.09178   0.09339  -0.07509   0.04501   0.05777   0.01006  -0.11955  -0.17366   0.22718   0.13524  -0.13483 
 -0.03703   0.14562   0.08307  -0.11155  -0.12761   0.14486   0.18297  -0.05414   0.00306   0.04291   0.08589  -0.08503   0.00416   0.07899   0.05534  -0.11279  -0.17969   0.13570   0.26059  -0.16654 
 -0.06231   0.10814   0.15916  -0.11555  -0.12025   0.13633   0.17921  -0.05293  -0.03634   0.05988   0.09832  -0.05766  -0.01600   0.07130   0.11018  -0.13431  -0.17989   0.16474   0.25729  -0.18984 
 -0.07369   0.11598   0.17263  -0.12264  -0.08819   0.11104   0.12595  -0.02934  -0.00179   0.05553   0.00263  -0.03857   0.04591   0.04895   0.04866  -0.15293  -0.18132   0.14132   0.22246  -0.12977 
 -0.03480   0.09652   0.11605  -0.09913  -0.11980   0.07215   0.21989  -0.04794  -0.02226   0.04627   0.13904  -0.09390   0.00168   0.03559   0.12037  -0.14384  -0.21351   0.11781   0.28387  -0.16013 
 -0.07369   0.07486   0.20316  -0.11992  -0.08636   0.15379   0.17141  -0.10307  -0.02723   0.11200   0.08393  -0.10796   0.00753   0.05290   0.11810  -0.16816  -0.19934   0.16267   0.30372  -0.23852 
 -0.05439   0.12558   0.18800  -0.17157  -0.11489   0.12994   0.15080  -0.03044  -0.04521   0.06794   0.08728  -0.04680   0.00836   0.07136   0.08819  -0.14967  -0.19967   0.17202   0.21457  -0.13897 
 -0.06083   0.11481   0.14016  -0.10530  -0.12755   0.11928   0.17648  -0.03034  -0.04178   0.08035   0.12871  -0.09148   0.00607   0.07962   0.08113  -0.14539  -0.24155   0.14412   0.28717  -0.17279 
 -0.08135   0.11286   0.18071  -0.11959  -0.10508   0.15076   0.17907  -0.08264   0.00691   0.02620   0.13067  -0.11024  -0.00869   0.10729   0.08168  -0.14907  -0.16135   0.13413   0.30051  -0.22885 
 -0.05207   0.11208   0.18503  -0.15807  -0.10252   0.09439   0.14585  -0.01730  -0.06575   0.07979   0.08789  -0.03467  -0.03070   0.12693   0.06745  -0.11786  -0.14804   0.16138   0.22169  -0.16563 
 -0.06886   0.12023   0.13685  -0.09816  -0.16580   0.13205   0.21714  -0.03527  -0.03986   0.02809   0.14823  -0.06394  -0.03580   0.06827   0.11706  -0.10859  -0.17469   0.15371   0.28195  -0.21368 
 -0.09612   0.10536   0.20157  -0.11891  -0.10512   0.18221   0.15985  -0.09113  -0.02017   0.07474   0.10750  -0.09788   0.01524   0.04612   0.08135  -0.12977  -0.17443   0.16554   0.26065  -0.19816 
 -0.05265   0.12482   0.16335  -0.14606  -0.09745   0.12667   0.14906  -0.04711  -0.05925   0.06036   0.09226  -0.02859   0.01536   0.06180   0.05017  -0.11037  -0.14311   0.14507   0.18641  -0.12017 
 -0.05323   0.10417   0.12411  -0.09114  -0.12264   0.12109   0.20614  -0.06426   0.01891   0.00386   0.10229  -0.08710  -0.00856   0.07727   0.08626  -0.12388  -0.17378   0.14033   0.25840  -0.17158 
 -0.06171   0.09530   0.17770  -0.12366  -0.10385   0.09404   0.21692  -0.07900   0.01889   0.04563   0.08912  -0.11273  -0.04495   0.10876   0.13739  -0.16148  -0.16550   0.17029   0.28190  -0.23769 
 -0.05965   0.11247   0.19677  -0.16215  -0.07295   0.09533   0.15998  -0.06583  -0.06484   0.08923   0.09827  -0.05045  -0.01996   0.08346   0.08347  -0.10841  -0.17530   0.14356   0.22577  -0.13814 
 -0.05848   0.10695   0.14779  -0.10825  -0.11268   0.10732   0.19972  -0.06015  -0.02056   0.06801   0.07746  -0.06983  -0.01504   0.14935   0.05139  -0.15119  -0.22459   0.14707   0.29867  -0.19971 
 -0.07460   0.12406   0.17669  -0.13297  -0.11377   0.10356   0.20748  -0.06373   0.00121   0.03690   0.08240  -0.07504   0.00954   0.05024   0.12197  -0.17464  -0.20217   0.16385   0.30906  -0.24623 
 -0.05410   0.09692   0.19548  -0.15330  -0.08629   0.14756   0.13037  -0.06113  -0.00696   0.02883   0.11594  -0.08144  -0.01206   0.10914   0.01331  -0.07579  -0.23850   0.15087   0.24020  -0.12720 
 -0.05556   0.11520   0.13053  -0.10301  -0.14569   0.12342   0.20962  -0.04313  -0.02052   0.03312   0.10813  -0.06181  -0.03980   0.08015   0.11033  -0.10568  -0.17996   0.14445   0.27910  -0.19728 
 -0.08664   0.10337   0.19029  -0.11555  -0.10076   0.09117   0.20728  -0.07111   0.01194   0.02431   0.10524  -0.09588  -0.01634   0.05909   0.12974  -0.14702  -0.19929   0.13424   0.27682  -0.17350 
 -0.05760   0.08541   0.19322  -0.13647  -0.09251   0.11921   0.15269  -0.05094  -0.03778   0.03647   0.10796  -0.04379  -0.01167   0.11875   0.06354  -0.13545  -0.13439   0.10263   0.24318  -0.14646 
 -0.05381   0.09975   0.15030  -0.10990  -0.16070   0.11227   0.21809  -0.02788  -0.01098   0.05221   0.07782  -0.06871  -0.01861   0.07662   0.08908  -0.11033  -0.19191   0.11462   0.26915  -0.15167 
 -0.08352   0.09448   0.18038  -0.10171  -0.11472   0.11247   0.19792  -0.05959  -0.01533   0.05016   0.09889  -0.07584  -0.04869   0.10298   0.14331  -0.15724  -0.14777   0.15091   0.29681  -0.25098 
 -0.07309   0.11247   0.20157  -0.15111  -0.09527   0.10710   0.14660  -0.03435   0.00284   0.02846   0.08749  -0.07385  -0.03439   0.08334   0.09838  -0.10299  -0.21020   0.14288   0.26797  -0.16464 
 -0.05965   0.09652   0.16021  -0.10990  -0.12291   0.09029   0.22951  -0.06583  -0.02226   0.04254   0.11422  -0.07163  -0.00388   0.07200   0.08504  -0.12522  -0.22756   0.17912   0.26305  -0.18411 
 -0.07491   0.10576   0.18635  -0.12640  -0.10002   0.10724   0.19926  -0.07546  -0.02539   0.07264   0.10070  -0.08399  -0.00954   0.04058   0.13977  -0.15471  -0.17116   0.16784   0.26071  -0.20268 
 -0.05936   0.10496   0.18701  -0.14462  -0.10344   0.09337   0.17123  -0.03609  -0.02703   0.04335   0.04167  -0.02074   0.02543   0.10711   0.05090  -0.17605  -0.14247   0.14935   0.23627  -0.17377 
 -0.04349   0.10417   0.13833  -0.11455  -0.11839   0.12958   0.19985  -0.06950   0.01670   0.00786   0.06412  -0.06106  -0.02278   0.10427   0.06569  -0.10501  -0.23947   0.15206   0.30214  -0.20121 
 -0.07006   0.10655   0.17871  -0.12468  -0.10203   0.15016   0.17169  -0.07908  -0.01187   0.03250   0.12900  -0.08792   0.01031   0.08229   0.09064  -0.16775  -0.21744   0.17771   0.27061  -0.19768 
 -0.05701   0.11946   0.17467  -0.14750  -0.08865   0.06512   0.15211  -0.02054   0.02506   0.04856   0.00438  -0.06898   0.00404   0.10557   0.06620  -0.15152  -0.19935   0.19797   0.20605  -0.15534 
 -0.03955   0.11247   0.12068  -0.11056  -0.14688   0.12114   0.21817  -0.04844   0.01498   0.02283   0.03907  -0.05474  -0.04893   0.08258   0.09752  -0.08071  -0.18488   0.16358   0.27979  -0.21448 
 -0.07981   0.10616   0.17971  -0.11455  -0.11347   0.11882   0.20539  -0.07300   0.00239   0.03663   0.05023  -0.05568  -0.03347   0.10829   0.13538  -0.17767  -0.20029   0.14809   0.28575  -0.19729 
 -0.06946   0.11090   0.18898  -0.13999  -0.10452   0.12474   0.18637  -0.07006  -0.01857   0.06234   0.08025  -0.06928   0.00280   0.11415   0.03994  -0.12963  -0.19055   0.18144   0.22570  -0.16412 
 -0.05585   0.12748   0.14272  -0.12434  -0.13842   0.11430   0.20645  -0.04175  -0.02007   0.05092   0.05467  -0.04191  -0.00892   0.05107   0.07548  -0.08814  -0.16690   0.16317   0.24231  -0.17849 
 -0.07037   0.10337   0.15881  -0.10236  -0.08968   0.12244   0.18476  -0.08614   0.01418   0.04311   0.07421  -0.09267  -0.01565   0.11985   0.09510  -0.16771  -0.19519   0.14380   0.31298  -0.23490 
 -0.05526   0.11481   0.18767  -0.15955  -0.10478   0.09261   0.13290  -0.00411   0.00716   0.05321   0.04398  -0.07170  -0.00237   0.10340   0.05759  -0.12832  -0.21421   0.18370   0.22942  -0.15752 
 -0.05121   0.11403   0.12563  -0.10269  -0.13425   0.11282   0.20297  -0.04209  -0.05479   0.09410   0.05426  -0.03800   0.00181   0.07762   0.06866  -0.12179  -0.25618   0.14673   0.29028  -0.17181 
 -0.09104   0.11481   0.17534  -0.10562  -0.11833   0.10445   0.19654  -0.04849  -0.00741   0.04792   0.07856  -0.07022  -0.01306   0.09698   0.10220  -0.15564  -0.17941   0.14706   0.30534  -0.23719 
 -0.06557   0.10774   0.18931  -0.14212  -0.10653   0.11279   0.18373  -0.05647  -0.03595   0.02755   0.09003  -0.02760  -0.00776   0.09560   0.09627  -0.15598  -0.18162   0.13825   0.23377  -0.13838 
 -0.06260   0.09975   0.16021  -0.10924  -0.14268   0.07248   0.23687  -0.03934  -0.00979   0.02793   0.10455  -0.06871  -0.01705   0.10242   0.08212  -0.13026  -0.19687   0.18453   0.28630  -0.23920 
 -0.07766   0.10774   0.19386  -0.13297  -0.10202   0.13612   0.20690  -0.10301   0.01313   0.03689   0.10512  -0.10841  -0.01421   0.08637   0.13346  -0.18467  -0.17748   0.18472   0.27154  -0.23131 
 -0.05150   0.11946   0.19094  -0.17271  -0.13203   0.10836   0.20326  -0.04180   0.01874   0.03792   0.04411  -0.07487   0.02150   0.06179   0.04250  -0.11305  -0.16707   0.19958   0.19821  -0.16732 
