IntronPotTab 1 1024 -7.27145 0.34434 5.75486 60574 6 16   59.10
    0.00491
    0.08299
   -0.05714
   -0.01768
    0.07697
    0.01917
   -0.07101
   -0.05701
    0.02108
    0.05917
   -0.06963
   -0.03711
   -0.15060
    0.08301
    0.08160
   -0.01459
   -0.03584
    0.06933
   -0.09047
    0.04868
    0.04480
    0.05667
   -0.06809
   -0.05853
    0.01815
    0.03071
   -0.06987
   -0.00188
   -0.10574
    0.04184
    0.08910
   -0.02071
   -0.02855
    0.05610
    0.00434
   -0.02232
    0.07204
   -0.04213
   -0.07424
    0.00978
    0.01828
    0.03448
    0.00331
   -0.07442
   -0.10377
    0.06198
    0.07374
   -0.03717
   -0.14925
    0.17335
   -0.10175
    0.03655
    0.07685
    0.00716
   -0.04800
   -0.04253
    0.00952
    0.05212
   -0.07140
   -0.00368
   -0.21734
    0.07794
    0.10527
   -0.01087
   -0.00874
    0.03917
   -0.06672
    0.03749
    0.05582
   -0.03354
   -0.04505
    0.00914
    0.00961
    0.02771
   -0.07427
    0.01162
   -0.02449
   -0.02200
    0.03320
    0.00492
   -0.06469
    0.10081
   -0.11628
    0.04179
    0.00628
    0.06712
   -0.08041
   -0.01412
   -0.01213
    0.05585
   -0.08758
    0.00438
   -0.10092
    0.04218
    0.03981
   -0.01038
    0.00425
    0.01264
   -0.05030
    0.03512
    0.06558
   -0.05514
    0.00681
   -0.01341
    0.02212
    0.01676
   -0.03266
   -0.02347
   -0.11558
    0.00272
    0.06303
    0.02382
    0.05136
    0.09350
   -0.12242
   -0.05954
    0.05515
    0.02820
   -0.07251
   -0.00848
    0.15582
   -0.00543
   -0.14636
   -0.02773
   -0.21413
    0.04107
    0.06417
    0.01316
    0.04001
    0.06754
   -0.07923
    0.00560
    0.07520
   -0.01360
   -0.07598
    0.00250
    0.06607
    0.02689
   -0.08047
   -0.04754
   -0.07494
    0.01718
    0.04392
   -0.00175
   -0.01992
    0.07152
   -0.08568
    0.05082
    0.01934
    0.07161
   -0.08146
   -0.01424
    0.03376
    0.04600
   -0.08298
   -0.02616
   -0.05348
    0.01139
    0.05985
   -0.02800
    0.01302
    0.06238
   -0.04078
   -0.02357
    0.07133
   -0.02351
   -0.07664
    0.01299
    0.04289
    0.00416
    0.00887
   -0.06551
   -0.08782
    0.03722
    0.03787
    0.01017
   -0.08966
    0.13977
   -0.10035
    0.03212
    0.07699
    0.01507
   -0.06930
   -0.01625
    0.02137
    0.03811
   -0.05917
   -0.00305
   -0.19818
    0.05389
    0.05313
    0.02098
   -0.08415
    0.15920
   -0.05367
   -0.00161
    0.10503
    0.01949
   -0.08579
   -0.05822
    0.00386
    0.09277
   -0.04786
   -0.07504
   -0.18982
    0.11202
    0.19261
   -0.05779
   -0.04859
    0.09177
   -0.08603
    0.02962
    0.01165
    0.09624
   -0.08443
   -0.03635
   -0.00435
    0.06273
   -0.08349
   -0.00945
   -0.06615
    0.05049
    0.04384
   -0.04237
   -0.00584
    0.01699
   -0.04303
    0.02613
    0.05267
   -0.06693
   -0.03478
    0.02792
    0.02641
    0.01477
   -0.02169
   -0.03418
   -0.03146
   -0.00925
    0.03365
    0.00315
   -0.16730
    0.18298
   -0.06475
    0.01157
    0.06961
    0.03557
   -0.04928
   -0.05086
    0.00313
    0.04943
   -0.06400
   -0.00507
   -0.23107
    0.09523
    0.07398
   -0.01825
    0.00093
    0.05667
   -0.07971
    0.03554
    0.02817
    0.02875
   -0.10161
    0.02410
    0.01263
    0.03625
   -0.09520
    0.03267
   -0.03444
    0.01942
   -0.02535
    0.03843
   -0.03727
    0.08046
   -0.10879
    0.04800
    0.00531
    0.05634
   -0.09674
    0.02007
    0.01647
    0.04174
   -0.10537
    0.01631
   -0.02142
    0.01278
   -0.00860
    0.01008
   -0.00004
    0.04834
   -0.04008
   -0.00983
    0.03193
    0.00005
   -0.07388
    0.01952
    0.02532
    0.04175
   -0.03360
   -0.06462
   -0.02727
    0.03366
    0.00225
   -0.02396
   -0.06245
    0.06464
   -0.11162
    0.04138
    0.02949
    0.02573
   -0.08378
    0.01492
    0.00187
    0.05763
   -0.10214
    0.03155
   -0.06711
    0.03916
   -0.02135
    0.01899
    0.00678
    0.03036
   -0.08524
    0.05481
    0.02464
    0.02436
   -0.08042
    0.00911
   -0.00885
    0.04354
   -0.07356
    0.01100
    0.01010
    0.01309
   -0.03182
    0.01224
   -0.00529
    0.07877
   -0.13292
    0.03651
   -0.04942
    0.10787
   -0.10258
    0.01122
   -0.02087
    0.05241
   -0.09720
    0.02261
   -0.12903
    0.05896
   -0.02757
    0.01626
    0.01429
    0.01708
   -0.04515
    0.01778
    0.03927
   -0.01071
   -0.04372
    0.00745
    0.00503
    0.02305
   -0.03955
   -0.00613
   -0.09997
    0.02174
    0.01765
    0.02763
   -0.09211
    0.11454
   -0.09254
    0.00396
    0.01294
    0.05177
   -0.10049
    0.01856
    0.01624
    0.04321
   -0.11791
    0.03660
   -0.17242
    0.04797
   -0.01567
    0.04482
    0.03434
    0.07234
   -0.11338
    0.04250
    0.03320
    0.01541
   -0.08743
    0.04283
    0.02470
    0.05140
   -0.10754
    0.02426
   -0.03641
    0.03302
   -0.03704
    0.05017
   -0.01027
    0.07671
   -0.11253
    0.05201
   -0.01135
    0.08431
   -0.08094
    0.01838
   -0.00627
    0.07056
   -0.13917
    0.03321
   -0.04229
    0.01755
    0.02986
   -0.02566
    0.01675
    0.05371
   -0.06629
    0.00466
    0.03722
    0.01741
   -0.08373
    0.03851
    0.03518
    0.02960
   -0.06102
   -0.02823
   -0.05411
    0.05044
   -0.03161
    0.03246
   -0.03452
    0.08725
   -0.12303
    0.04381
    0.02572
    0.04082
   -0.08676
    0.02978
   -0.01059
    0.05265
   -0.09484
    0.04616
   -0.12143
    0.05324
   -0.03055
    0.04793
   -0.14545
    0.26605
   -0.18417
   -0.01188
    0.09022
    0.04397
   -0.07233
   -0.07113
    0.02058
    0.05899
   -0.03323
   -0.06568
   -0.21149
    0.12443
    0.17638
   -0.03560
   -0.03548
    0.08850
   -0.07609
    0.01310
    0.00761
    0.12605
   -0.12047
   -0.04339
    0.01109
    0.05182
   -0.09522
   -0.00174
   -0.12879
    0.11018
   -0.00864
   -0.03806
   -0.10101
    0.17919
   -0.12072
   -0.01097
    0.04664
    0.00526
   -0.04406
   -0.01809
    0.00320
    0.01971
   -0.01868
   -0.01111
   -0.06459
    0.03659
   -0.00147
    0.00906
   -0.13166
    0.16016
   -0.11064
    0.01261
    0.05981
    0.07038
   -0.09900
   -0.04082
   -0.00381
    0.05079
   -0.08723
    0.02324
   -0.22905
    0.09599
   -0.00251
    0.03361
   -0.00208
    0.06668
   -0.05269
    0.00087
    0.04990
    0.01614
   -0.04022
   -0.04111
   -0.01959
    0.07255
   -0.05497
   -0.00508
   -0.06924
    0.04223
    0.02223
   -0.00673
   -0.04860
    0.08625
   -0.06548
    0.03038
    0.00623
    0.06557
   -0.05796
   -0.01211
   -0.01327
    0.05214
   -0.06120
    0.02425
   -0.03419
    0.01122
    0.04518
   -0.03201
   -0.03659
    0.04741
    0.02180
   -0.02668
    0.04701
   -0.01752
   -0.05140
    0.00396
    0.01098
    0.02987
   -0.00170
   -0.04930
   -0.05265
    0.02898
    0.04739
   -0.03478
   -0.08754
    0.08407
   -0.08632
    0.04427
    0.07045
   -0.01355
   -0.05220
   -0.01614
    0.01250
    0.04008
   -0.05271
   -0.00457
   -0.08650
    0.02914
    0.01602
    0.00660
   -0.01246
    0.04182
   -0.07433
    0.05382
    0.05456
   -0.01426
   -0.05318
   -0.00040
   -0.01059
    0.03541
   -0.07639
    0.03103
   -0.00231
   -0.01866
    0.02017
    0.00158
   -0.04815
    0.07730
   -0.08017
    0.04231
   -0.01986
    0.08067
   -0.04610
   -0.00385
   -0.03767
    0.06790
   -0.09864
    0.02439
   -0.08097
    0.03551
    0.04871
   -0.03400
   -0.01269
    0.06006
   -0.06630
    0.01904
    0.06666
   -0.03176
   -0.02080
   -0.02374
   -0.00018
    0.02367
   -0.02324
   -0.01253
   -0.07575
    0.02542
    0.04379
   -0.01939
    0.14430
    0.03585
   -0.16068
   -0.05211
    0.03304
    0.01135
   -0.05778
    0.01478
    0.13401
   -0.00826
   -0.14518
   -0.00201
   -0.12840
    0.02671
    0.00017
    0.03549
    0.01353
    0.04642
   -0.06616
    0.03838
    0.07891
   -0.01840
   -0.08315
    0.00763
    0.03744
    0.02386
   -0.05491
   -0.00914
   -0.01685
   -0.00834
   -0.00252
    0.02788
   -0.02494
    0.04385
   -0.04079
    0.03244
    0.02045
    0.06752
   -0.07444
   -0.00447
    0.00864
    0.07389
   -0.07080
   -0.01919
    0.01064
   -0.00819
    0.03483
   -0.04043
    0.01564
    0.01995
   -0.01153
   -0.02050
    0.05941
   -0.01418
   -0.07977
    0.02713
    0.02295
   -0.01762
    0.04438
   -0.06166
   -0.05190
    0.00357
    0.00544
    0.03123
   -0.07400
    0.07238
   -0.05695
    0.04032
    0.06449
   -0.00361
   -0.06430
    0.00546
   -0.03018
    0.04591
   -0.03228
    0.02209
   -0.08849
    0.02622
   -0.01461
    0.04310
    0.01426
    0.10056
   -0.08540
   -0.01358
    0.06128
    0.04572
   -0.11051
   -0.01946
    0.01461
    0.09227
   -0.09963
   -0.03444
   -0.09352
    0.06963
    0.05879
   -0.03263
   -0.04329
    0.11343
   -0.10621
    0.02771
    0.00561
    0.08710
   -0.06391
   -0.02569
   -0.03328
    0.09870
   -0.09741
   -0.00097
   -0.04827
    0.04857
    0.00831
   -0.02373
    0.02048
    0.04316
   -0.07613
    0.01147
    0.04867
   -0.04129
   -0.04925
    0.02088
    0.01828
    0.02865
   -0.03566
   -0.01913
   -0.03924
    0.00536
    0.03694
   -0.01528
   -0.14434
    0.16367
   -0.12009
    0.03737
    0.05877
    0.02420
   -0.06911
   -0.01733
   -0.00579
    0.05856
   -0.07454
    0.01131
   -0.17005
    0.05426
    0.01729
    0.02081
   -0.05433
    0.18399
   -0.06670
   -0.03475
    0.13365
    0.03611
   -0.03287
   -0.14555
    0.01980
    0.08528
   -0.07662
   -0.05514
   -0.28209
    0.21332
    0.21821
   -0.01879
   -0.04193
    0.08569
   -0.10006
    0.04481
    0.05442
    0.07139
   -0.09009
   -0.04483
    0.02696
    0.04157
   -0.07992
   -0.01519
   -0.19343
    0.08040
    0.18553
   -0.02428
   -0.04231
    0.11643
   -0.04205
   -0.01537
    0.09014
    0.01272
   -0.08253
   -0.03595
    0.04928
    0.05185
   -0.00468
   -0.10828
   -0.18804
    0.16114
    0.17708
   -0.06307
   -0.16708
    0.23228
   -0.12568
    0.01936
    0.10332
    0.02077
   -0.06322
   -0.05525
    0.03221
    0.04166
   -0.04889
   -0.03721
   -0.32508
    0.16564
    0.17906
   -0.00038
    0.01393
    0.01778
   -0.09495
    0.07083
    0.04916
   -0.03576
   -0.08794
    0.05991
    0.03947
    0.00268
   -0.08525
    0.02767
    0.03286
   -0.04513
    0.00324
    0.04196
   -0.00401
    0.05629
   -0.12100
    0.05535
   -0.02346
    0.08940
   -0.11220
    0.01736
    0.01285
    0.03101
   -0.10115
    0.02505
   -0.03712
    0.01398
    0.00446
   -0.00061
    0.02223
   -0.00161
   -0.04147
    0.02459
    0.08071
   -0.05718
   -0.04035
    0.01042
    0.04415
   -0.01061
   -0.03301
   -0.00743
   -0.07080
   -0.03438
    0.04893
    0.05232
   -0.01790
    0.09312
   -0.10863
   -0.00482
    0.04322
    0.01353
   -0.11536
    0.04173
    0.06581
    0.01376
   -0.13667
    0.05248
   -0.13459
    0.00598
   -0.00603
    0.06409
    0.02506
    0.06224
   -0.09949
    0.05134
    0.04642
   -0.00211
   -0.10446
    0.05399
    0.04680
    0.02525
   -0.09753
    0.01907
    0.00546
    0.01988
   -0.04398
    0.04079
   -0.00338
    0.07788
   -0.11516
    0.05304
   -0.00614
    0.08510
   -0.10424
    0.02514
    0.03200
    0.07642
   -0.11564
   -0.03453
    0.05072
   -0.01841
   -0.00267
   -0.01459
    0.01573
    0.04940
   -0.05218
   -0.00360
    0.04174
   -0.02734
   -0.08799
    0.06080
    0.05310
    0.00147
   -0.02360
   -0.04807
   -0.01578
    0.03084
   -0.03850
    0.03434
   -0.03470
    0.05382
   -0.08851
    0.04648
    0.05119
    0.01838
   -0.09698
    0.03135
    0.01575
    0.04944
   -0.09628
    0.02376
   -0.08449
    0.03891
   -0.05583
    0.07068
   -0.06052
    0.15490
   -0.03150
   -0.02846
    0.11958
    0.02873
   -0.07774
   -0.06978
    0.04141
    0.06253
   -0.03162
   -0.08600
   -0.26261
    0.16902
    0.25470
   -0.04746
   -0.03759
    0.09867
   -0.11644
    0.03599
   -0.00547
    0.10993
   -0.09466
   -0.02795
    0.01786
    0.05439
   -0.10697
   -0.00052
   -0.09394
    0.04311
    0.03078
   -0.00625
    0.00985
    0.01727
   -0.04143
    0.01297
    0.06419
   -0.05830
   -0.04772
    0.02157
    0.03941
   -0.00118
   -0.02035
   -0.02692
   -0.05780
    0.00440
    0.03117
    0.00720
   -0.15767
    0.22848
   -0.09065
   -0.02557
    0.05517
    0.03847
   -0.08541
   -0.01644
    0.00698
    0.04168
   -0.07281
    0.01319
   -0.28628
    0.08024
    0.01822
    0.06385
