IntronPotTab 1 1024 1.36495
   -0.07298
    0.14641
    0.03554
   -0.04855
    0.02283
    0.04902
   -0.05994
   -0.03436
   -0.06362
    0.06833
   -0.02450
    0.02788
   -0.19129
    0.12922
    0.18169
   -0.01167
   -0.01577
    0.06466
   -0.09908
    0.04218
   -0.01113
    0.05349
   -0.08891
    0.00408
    0.00740
   -0.00995
   -0.04742
    0.04424
   -0.06365
    0.06748
    0.09781
   -0.06381
   -0.01481
    0.09611
    0.00467
   -0.05937
    0.04231
   -0.01650
   -0.09368
    0.02421
   -0.00474
    0.04879
    0.01347
   -0.06633
   -0.06166
    0.09696
    0.01422
   -0.05089
   -0.17645
    0.28067
    0.01853
   -0.01751
    0.05234
    0.03646
   -0.02240
   -0.05580
    0.01336
    0.03499
   -0.05442
    0.00429
   -0.23269
    0.14802
    0.20895
   -0.05161
   -0.00382
    0.01686
   -0.04843
    0.03348
    0.02901
   -0.02847
   -0.06365
    0.04369
    0.02137
    0.01718
   -0.06797
    0.00999
   -0.02182
   -0.02969
    0.00215
    0.04699
   -0.00372
   -0.00622
   -0.06481
    0.05849
   -0.00250
    0.04849
   -0.12021
    0.01529
   -0.07118
    0.00629
   -0.06428
    0.09814
   -0.01962
    0.00811
   -0.00116
    0.00630
    0.03443
   -0.05078
   -0.03192
    0.03311
    0.00437
   -0.06095
   -0.08176
    0.08678
   -0.00160
    0.01314
   -0.01709
   -0.00032
   -0.05592
    0.00709
    0.00758
    0.02895
    0.09280
    0.05780
   -0.09474
   -0.06936
    0.01840
    0.02571
   -0.07671
    0.00930
    0.14035
   -0.02818
   -0.11453
   -0.03346
   -0.16842
    0.07364
    0.03822
    0.01675
   -0.03239
    0.10632
   -0.02213
   -0.01461
    0.02610
   -0.00715
   -0.08502
    0.04030
    0.00328
    0.03679
   -0.06880
    0.02635
   -0.06841
    0.09452
    0.04599
   -0.05673
    0.02910
    0.04978
   -0.11368
    0.03064
   -0.00969
    0.02085
   -0.08935
    0.04520
    0.00845
    0.01035
   -0.05934
    0.03198
    0.03385
    0.01918
   -0.00492
   -0.03643
    0.00877
    0.08391
   -0.04654
   -0.02363
   -0.03274
   -0.01287
   -0.07556
    0.07560
    0.04663
    0.00492
   -0.00395
   -0.05674
   -0.11494
    0.09581
   -0.04041
    0.04576
   -0.12830
    0.15972
   -0.03656
    0.01087
    0.03452
    0.00858
   -0.11311
    0.02859
   -0.01354
    0.05053
   -0.03576
    0.00721
   -0.14007
    0.05215
    0.09857
   -0.03428
   -0.06827
    0.24063
    0.08317
   -0.09069
    0.05623
   -0.00599
   -0.03612
   -0.01967
   -0.03754
    0.09654
   -0.02318
   -0.03042
   -0.16526
    0.18689
    0.26045
   -0.08507
   -0.01226
    0.06211
   -0.08305
    0.02442
    0.00995
    0.05751
   -0.10169
   -0.00292
   -0.03589
    0.05260
   -0.03212
    0.01298
   -0.06485
    0.09674
    0.02745
   -0.04342
   -0.00409
   -0.00408
    0.00071
    0.00596
   -0.05699
   -0.04802
   -0.09516
    0.11745
   -0.00740
    0.04657
   -0.05924
    0.00298
   -0.03434
   -0.01174
   -0.02746
    0.05546
   -0.18033
    0.33106
    0.05646
   -0.04754
    0.05877
    0.06450
   -0.04917
   -0.06478
    0.00591
    0.04307
   -0.07783
    0.02336
   -0.25690
    0.17349
    0.18321
   -0.04487
   -0.01589
    0.03756
   -0.05867
    0.04887
   -0.01563
    0.04836
   -0.11566
    0.06369
   -0.01826
    0.05180
   -0.08081
    0.03722
   -0.01572
    0.02382
   -0.04105
    0.03423
   -0.01827
    0.04354
   -0.10222
    0.07012
   -0.02131
    0.05639
   -0.08323
    0.02898
   -0.02995
    0.03634
   -0.04428
    0.03734
    0.01963
   -0.00581
   -0.02673
    0.01458
    0.02233
    0.03010
   -0.03774
   -0.01581
    0.00131
   -0.01778
   -0.06486
    0.05348
    0.00559
    0.00795
   -0.02499
    0.00568
   -0.01000
    0.05578
   -0.06140
    0.00298
   -0.00554
    0.03176
   -0.06478
    0.02308
   -0.01330
    0.04534
   -0.11252
    0.04249
   -0.00733
    0.03650
   -0.06688
    0.03762
   -0.01176
    0.04159
   -0.03793
    0.00685
   -0.00433
    0.00506
   -0.04863
    0.04440
    0.01300
   -0.00760
   -0.07832
    0.04796
    0.01723
    0.03937
   -0.09717
    0.00503
   -0.00540
   -0.02224
   -0.00890
    0.03586
    0.01998
    0.05715
   -0.09943
    0.00131
   -0.03517
    0.08835
   -0.21474
    0.04273
   -0.02381
    0.03203
   -0.09736
    0.05944
   -0.04645
    0.02597
   -0.07797
    0.04943
    0.02818
   -0.03497
   -0.00434
   -0.00358
    0.03246
   -0.05053
   -0.11167
    0.07494
   -0.02543
    0.02563
   -0.01904
    0.01499
   -0.06863
    0.02554
   -0.01510
    0.03873
   -0.04601
    0.08641
   -0.08708
    0.01241
    0.00223
    0.02899
   -0.10577
    0.03396
   -0.01237
    0.06128
   -0.10191
    0.03255
   -0.09574
    0.04244
   -0.02398
    0.03275
    0.02294
    0.04207
   -0.08156
    0.04357
    0.00403
    0.01612
   -0.09433
    0.06081
    0.00699
    0.05163
   -0.09206
    0.03199
   -0.03738
    0.03539
   -0.00989
    0.01123
   -0.01376
    0.02499
   -0.04941
    0.04603
   -0.04431
    0.08786
   -0.10909
    0.05292
   -0.02230
    0.07359
   -0.05776
   -0.00247
    0.03743
   -0.02067
   -0.01971
    0.00937
    0.02172
    0.04104
   -0.04721
   -0.00451
   -0.02519
    0.00254
   -0.09991
    0.09303
    0.01324
    0.03312
   -0.01797
   -0.03690
   -0.08205
    0.06630
   -0.08337
    0.08992
   -0.05078
    0.13625
   -0.17200
    0.03979
    0.00499
    0.04184
   -0.10879
    0.03686
   -0.00967
    0.04337
   -0.04097
    0.01382
    0.02137
    0.04405
   -0.05599
    0.00467
   -0.17414
    0.25748
   -0.06583
   -0.00185
    0.07570
   -0.02867
   -0.00999
   -0.04289
   -0.00670
    0.06790
   -0.03257
   -0.04023
   -0.13123
    0.08601
    0.16644
   -0.07635
    0.01698
    0.05823
   -0.11319
    0.01695
   -0.03565
    0.10349
   -0.09224
   -0.00538
    0.01997
   -0.02101
   -0.06704
    0.04596
   -0.01071
    0.02757
   -0.00438
   -0.01295
   -0.07187
    0.13163
   -0.11197
    0.03298
    0.01241
    0.01196
   -0.09315
    0.03064
   -0.00155
    0.03182
   -0.02446
   -0.01097
   -0.05417
    0.04211
   -0.04308
    0.03877
   -0.13385
    0.16716
    0.01400
   -0.02262
    0.01242
    0.07630
   -0.10337
   -0.01113
   -0.00643
    0.02644
   -0.07096
    0.04816
   -0.14427
    0.10169
    0.03515
   -0.03072
   -0.02782
    0.06537
   -0.01265
   -0.00399
    0.02464
    0.02913
   -0.08527
    0.01246
   -0.00896
    0.07416
   -0.04984
   -0.02769
   -0.05336
    0.05728
    0.01646
   -0.01261
   -0.02326
    0.04547
   -0.07422
    0.04818
   -0.02162
    0.02565
   -0.06516
    0.04090
   -0.04333
    0.03986
   -0.08130
    0.09061
    0.04780
    0.01813
   -0.00292
   -0.04614
   -0.01898
    0.08152
   -0.04271
   -0.00664
   -0.00204
   -0.02180
   -0.08088
    0.05992
   -0.02857
    0.06563
   -0.01890
   -0.00894
   -0.07427
    0.03949
    0.00535
    0.02460
   -0.11221
    0.12417
   -0.06873
    0.03284
    0.05263
    0.01226
   -0.05255
   -0.02612
    0.00851
    0.03653
   -0.07592
    0.03427
   -0.07818
    0.05088
    0.02466
   -0.00701
   -0.00003
   -0.01583
   -0.06554
    0.07218
    0.03252
   -0.04237
   -0.07814
    0.05996
    0.01633
   -0.01103
   -0.03292
    0.02800
    0.03062
   -0.05031
   -0.00566
    0.02692
   -0.00925
    0.02997
   -0.05559
    0.02982
    0.00162
    0.04544
   -0.11363
    0.02334
    0.00554
    0.01902
   -0.06757
    0.02435
    0.01090
    0.02747
   -0.05443
    0.00658
    0.01352
    0.02661
   -0.04619
    0.00962
    0.01954
   -0.04677
   -0.06358
    0.05316
    0.04622
   -0.06280
   -0.02916
    0.03334
   -0.03016
   -0.00977
    0.02257
    0.01247
    0.19294
   -0.01955
   -0.15924
   -0.07512
    0.00620
   -0.00491
   -0.08944
    0.05493
    0.14856
   -0.07392
   -0.13925
    0.01389
   -0.05921
    0.03043
   -0.01960
    0.02023
    0.01712
    0.00006
   -0.04162
    0.03375
    0.02022
    0.00016
   -0.05765
    0.02593
    0.02441
    0.05495
   -0.07244
    0.00177
    0.02226
    0.00914
   -0.02734
    0.00136
    0.00289
    0.00689
   -0.04322
    0.03125
   -0.00479
    0.05021
   -0.05519
    0.00621
    0.04792
    0.04259
   -0.08039
   -0.02245
    0.07837
   -0.00147
   -0.00485
   -0.05133
    0.00972
    0.07381
   -0.05968
   -0.00014
    0.03042
   -0.00916
   -0.09608
    0.04380
    0.02438
   -0.01413
   -0.01072
   -0.00713
   -0.04316
    0.00313
   -0.00665
    0.03508
   -0.05300
    0.07477
   -0.05752
    0.02968
    0.02701
    0.00433
   -0.09813
    0.03328
   -0.01731
    0.07372
   -0.05894
    0.02467
   -0.02533
    0.04415
   -0.03828
    0.01940
   -0.01281
    0.09781
   -0.07946
    0.01829
    0.03743
   -0.02157
   -0.07871
    0.03280
    0.03100
    0.06604
   -0.13708
    0.00864
   -0.04338
    0.03855
    0.04217
   -0.03085
   -0.02564
    0.02907
   -0.09628
    0.07238
   -0.00702
    0.00749
   -0.08978
    0.05057
   -0.05834
    0.10723
   -0.06504
    0.00614
    0.03766
    0.03652
   -0.03961
   -0.02673
    0.02067
   -0.00855
   -0.03456
    0.01536
   -0.00595
   -0.06064
   -0.09709
    0.08904
   -0.00222
    0.00413
   -0.00442
    0.00287
   -0.05767
   -0.00466
   -0.01289
    0.05383
   -0.07476
    0.15258
   -0.09769
    0.01054
    0.04290
   -0.00100
   -0.09291
    0.02329
   -0.04040
    0.04699
   -0.06258
    0.05811
   -0.11107
    0.06802
    0.00271
    0.00076
   -0.06205
    0.24869
    0.05521
   -0.08919
    0.10394
    0.07747
   -0.02469
   -0.15000
   -0.02824
    0.13580
   -0.03682
   -0.06884
   -0.22182
    0.21261
    0.34971
   -0.02677
   -0.00515
    0.04970
   -0.07218
    0.02833
   -0.00461
    0.07268
   -0.08430
   -0.00605
    0.00872
    0.01017
   -0.05347
    0.03033
   -0.10933
    0.08513
    0.12843
   -0.06061
   -0.01617
    0.12026
    0.01255
   -0.06270
    0.05371
   -0.00038
   -0.16127
    0.03340
    0.04984
    0.05338
   -0.08620
   -0.04233
   -0.12991
    0.19077
    0.07685
   -0.09504
   -0.11391
    0.31637
    0.01237
   -0.05734
    0.06555
    0.06940
   -0.02916
   -0.08002
   -0.04084
    0.07191
   -0.03899
    0.00685
   -0.26977
    0.25713
    0.30874
   -0.07004
   -0.00996
    0.00968
   -0.06588
    0.05940
    0.02449
   -0.03394
   -0.07856
    0.05929
    0.06165
   -0.00384
   -0.10560
    0.01984
    0.01093
   -0.07780
    0.03469
    0.04537
    0.03192
    0.01438
   -0.08080
    0.01967
   -0.01358
    0.05671
   -0.13270
    0.02414
    0.01715
    0.00099
   -0.07527
    0.04002
    0.04705
   -0.02921
   -0.03633
    0.02208
    0.00671
    0.00133
   -0.02799
    0.01837
   -0.00909
   -0.03495
   -0.03465
    0.05537
    0.01682
   -0.00283
   -0.02166
    0.00151
   -0.03793
   -0.01769
    0.01794
    0.03546
   -0.07417
    0.15529
   -0.06748
   -0.02821
    0.02696
    0.01153
   -0.08784
    0.02044
    0.03847
    0.01167
   -0.09464
    0.04096
   -0.08152
    0.04544
    0.02721
   -0.01387
    0.00700
    0.02005
   -0.07233
    0.06336
    0.01417
   -0.01300
   -0.12298
    0.08508
    0.01822
    0.05747
   -0.11213
    0.03475
   -0.00025
    0.03508
   -0.05805
    0.03540
    0.00176
    0.03659
   -0.08222
    0.04791
   -0.00724
    0.08396
   -0.15784
    0.04293
   -0.00270
    0.00367
   -0.08457
    0.08092
    0.11287
   -0.07018
   -0.03447
    0.00759
   -0.00325
    0.06153
   -0.05615
    0.01329
    0.02605
   -0.04032
   -0.11891
    0.07956
    0.02450
    0.02688
   -0.02749
   -0.02977
   -0.06555
    0.06303
   -0.06217
    0.07299
   -0.05678
    0.09475
   -0.10689
    0.04308
    0.00246
    0.03599
   -0.12482
    0.04940
    0.01675
    0.05497
   -0.09334
    0.03119
    0.04932
    0.01359
   -0.05675
    0.02266
   -0.05452
    0.30917
    0.05245
   -0.10916
    0.09901
    0.02322
   -0.04607
   -0.06628
   -0.02529
    0.13668
   -0.07858
   -0.04580
   -0.18168
    0.22749
    0.35703
   -0.13472
    0.01611
    0.05754
   -0.10502
    0.01862
   -0.01618
    0.09741
   -0.13123
   -0.00316
    0.02605
   -0.00238
   -0.09475
    0.04223
   -0.04823
    0.07563
    0.01487
   -0.03572
    0.03744
    0.04217
   -0.06708
   -0.01484
   -0.01971
   -0.02829
   -0.08850
    0.08161
    0.00876
    0.01854
   -0.04212
    0.00895
   -0.03867
    0.01211
   -0.01184
    0.02784
   -0.16304
    0.31577
    0.07015
   -0.07988
    0.04000
    0.07957
   -0.05016
   -0.06387
   -0.02000
    0.04263
   -0.05440
    0.03602
   -0.22227
    0.15510
    0.15831
   -0.06837
