22 20 3 1 47 -3.8204 2.2771 4.8894 11155
 -0.01149   0.02157   0.05571  -0.05827  -0.02955   0.05622   0.06987  -0.07705   0.05102  -0.03238   0.01196  -0.03394   0.00515  -0.00624   0.04347  -0.05113  -0.11232   0.04850   0.12809  -0.07112 
 -0.01585   0.01790   0.06690  -0.06182   0.00361   0.06407   0.05523  -0.10555   0.05251  -0.02646   0.04355  -0.06569   0.01292   0.01044   0.03286  -0.07006  -0.11037   0.03378   0.14509  -0.07831 
 -0.00347   0.02206   0.07062  -0.08447  -0.02110   0.06199   0.06082  -0.08099   0.02877  -0.04976   0.04476  -0.02127   0.02205   0.01945   0.00769  -0.06374  -0.15694   0.07408   0.09840  -0.03122 
 -0.01981   0.02864   0.05310  -0.05331  -0.02943   0.05605   0.07767  -0.08607   0.04666  -0.05477   0.03742  -0.03081   0.01089   0.02071   0.01345  -0.05548  -0.13684   0.06695   0.11597  -0.05727 
 -0.01996   0.02570   0.06285  -0.06053  -0.00933   0.06679   0.04786  -0.08410   0.04690  -0.03351   0.05834  -0.06564   0.01747  -0.00287   0.06667  -0.10865  -0.10768   0.04704   0.12596  -0.07086 
 -0.00675   0.02090   0.07489  -0.08430  -0.00448   0.06797   0.03131  -0.07310   0.07961  -0.06535   0.01427  -0.04310   0.02550  -0.00405   0.00586  -0.03708  -0.15805   0.03786   0.12649  -0.02439 
 -0.00064   0.01099   0.04532  -0.04967  -0.02550   0.05232   0.08459  -0.09559   0.04778  -0.04419   0.04188  -0.04387   0.02126  -0.00791   0.02992  -0.05557  -0.13882   0.06564   0.13240  -0.07380 
 -0.01702   0.01874   0.07562  -0.07101  -0.02838   0.05540   0.08560  -0.09624   0.06301  -0.01694   0.05340  -0.09653  -0.01059   0.01615   0.05118  -0.06722  -0.14667   0.02591   0.16006  -0.06038 
 -0.02158   0.02190   0.08930  -0.08498  -0.01784   0.03735   0.05224  -0.05540   0.05286  -0.05828   0.01491  -0.01817   0.04066   0.00190  -0.00193  -0.05866  -0.17855   0.05822   0.11177  -0.01494 
 -0.00933   0.01285   0.04501  -0.04154  -0.04491   0.06920   0.06512  -0.06651   0.05371  -0.04211   0.04937  -0.05866   0.02926  -0.02265   0.04594  -0.07143  -0.12351   0.04752   0.14851  -0.08653 
 -0.01614   0.01488   0.07984  -0.07300  -0.01739   0.04300   0.08271  -0.09465   0.05771  -0.04257   0.04269  -0.05742   0.03743  -0.00722   0.04751  -0.10791  -0.12984   0.04752   0.13566  -0.06510 
 -0.00290   0.01217   0.07912  -0.08498  -0.03062   0.03484   0.06896  -0.05784   0.04772  -0.05016   0.01970  -0.02212   0.04045   0.00289  -0.02402  -0.03426  -0.17954   0.06269   0.11357  -0.02055 
 -0.01512   0.01471   0.04689  -0.03892  -0.01628   0.08634   0.08168  -0.13503   0.04630  -0.04476   0.03180  -0.03381   0.02483  -0.02253   0.04048  -0.05714  -0.15965   0.04191   0.13625  -0.03808 
 -0.01819   0.01723   0.07635  -0.06902  -0.01005   0.05229   0.06026  -0.08465   0.07348  -0.07825   0.02848  -0.03695   0.04000  -0.04541   0.05964  -0.08107  -0.11781   0.01445   0.14750  -0.05576 
  0.00566  -0.01260   0.07664  -0.06853  -0.02453   0.09178   0.03372  -0.07416   0.04233  -0.05011   0.03696  -0.02930   0.04657  -0.01120   0.01431  -0.07206  -0.13431   0.03596   0.12278  -0.03513 
 -0.00775   0.01874   0.05341  -0.05731  -0.03710   0.05597   0.08234  -0.08315   0.05440  -0.08400   0.04809  -0.02627   0.01058  -0.01922   0.04809  -0.04959  -0.13368   0.03183   0.15872  -0.07475 
 -0.01951  -0.00126   0.08703  -0.06199  -0.01829   0.02314   0.08608  -0.08151   0.06059  -0.05639   0.05254  -0.05788   0.03573  -0.02400   0.06575  -0.11016  -0.13743   0.00605   0.14737  -0.03301 
 -0.00518  -0.01045   0.09086  -0.07416   0.00935   0.03422   0.07073  -0.10500   0.03535  -0.04386   0.04315  -0.03145   0.02687   0.00487   0.02150  -0.06972  -0.16630   0.05251   0.13180  -0.03896 
 -0.01005   0.01488   0.06899  -0.06770  -0.05607   0.06924   0.06843  -0.05902   0.02259  -0.02419   0.04734  -0.03707   0.00579  -0.00114   0.03941  -0.05304  -0.13685   0.02261   0.14885  -0.05056 
 -0.03389   0.01757   0.07766  -0.05379  -0.04034   0.06366   0.05845  -0.05937   0.03212  -0.04448   0.04773  -0.03115   0.02320  -0.02882   0.05295  -0.06397  -0.12647   0.06684   0.13012  -0.08229 
 -0.02055   0.01706   0.07357  -0.06312  -0.02925   0.06176   0.05722  -0.06800   0.06945  -0.06559   0.00137  -0.02161   0.00273   0.01076   0.01081  -0.02801  -0.17641   0.03829   0.13837  -0.02579 
 -0.02173   0.01471   0.05571  -0.04077  -0.02751   0.05295   0.08063  -0.08906   0.04574  -0.06406   0.06712  -0.04696   0.00515   0.00366   0.04694  -0.06834  -0.12983   0.05265   0.14117  -0.07750 
 -0.02129   0.01522   0.08546  -0.07400   0.00446   0.04522   0.04249  -0.07614   0.05410  -0.04057   0.04157  -0.05387   0.02016  -0.02670   0.07950  -0.10129  -0.12542   0.01737   0.14925  -0.05473 
 -0.00219  -0.00004   0.08042  -0.07533   0.00782   0.03557   0.04640  -0.07650   0.06660  -0.03956   0.00017  -0.03733   0.04685  -0.00899   0.01934  -0.08202  -0.14057   0.02822   0.10573  -0.00580 
  0.00732   0.00517   0.04642  -0.05443  -0.02671   0.04642   0.08050  -0.08430   0.06360  -0.04155   0.03328  -0.05759  -0.00594   0.00803   0.06819  -0.08793  -0.15708   0.06159   0.14243  -0.06774 
 -0.02366   0.02057   0.08531  -0.07651  -0.00144   0.04905   0.04317  -0.07317   0.05850  -0.06746   0.08841  -0.07903   0.02125   0.00074   0.04039  -0.08073  -0.15105   0.01713   0.14359  -0.02902 
 -0.00617   0.00292   0.07723  -0.06985  -0.02154   0.02269   0.06040  -0.04910   0.05472  -0.03930  -0.00012  -0.02387   0.03588  -0.00878   0.02601  -0.07264  -0.15771   0.05636   0.11088  -0.02576 
 -0.01048   0.00996   0.05356  -0.04621  -0.06433   0.04815   0.08158  -0.04861   0.05272  -0.06930   0.05533  -0.04095   0.00572  -0.01550   0.05369  -0.05438  -0.14897   0.04740   0.12522  -0.03849 
 -0.03237   0.00585   0.08100  -0.04809  -0.03375   0.04739   0.07604  -0.07230   0.04383  -0.05934   0.04385  -0.02929   0.00824  -0.04230   0.06189  -0.03825  -0.13956   0.03085   0.14182  -0.04813 
 -0.02336  -0.00336   0.08388  -0.05236  -0.00963   0.05458   0.04231  -0.06754   0.05761  -0.05012   0.00793  -0.02446   0.02737  -0.02268   0.03632  -0.05542  -0.12628   0.03949   0.11502  -0.03595 
 -0.00518   0.00791   0.05433  -0.05093  -0.04131   0.06909   0.06664  -0.07180   0.07116  -0.07489  -0.01677  -0.00477  -0.03235   0.00012   0.05803  -0.02659  -0.16674   0.05212   0.14570  -0.05460 
 -0.03450   0.01522   0.07091  -0.04372  -0.01419   0.01601   0.05004  -0.04134   0.04299  -0.04921   0.04778  -0.03928   0.02611  -0.02965   0.05970  -0.07721  -0.13330   0.00854   0.14918  -0.04039 
 -0.01236  -0.01098   0.07897  -0.05204  -0.01065   0.04502   0.03692  -0.05336   0.05664  -0.04001   0.00844  -0.03156   0.01998  -0.03644   0.03056  -0.02171  -0.16564   0.03668   0.10516   0.00347 
 -0.01497   0.00292   0.04907  -0.03069  -0.06811   0.06110   0.07798  -0.05130   0.06143  -0.05806   0.05543  -0.06003   0.00916  -0.02010   0.06834  -0.07467  -0.12812   0.04782   0.13866  -0.07047 
 -0.02754   0.01099   0.08802  -0.06590  -0.02060   0.02496   0.04705  -0.03817   0.08285  -0.07455   0.04814  -0.06742   0.04105  -0.04169   0.04903  -0.07208  -0.14038   0.04106   0.14007  -0.05561 
  0.00203  -0.00956   0.07224  -0.06215   0.02588   0.01524   0.02698  -0.06222   0.06039  -0.07668   0.02024  -0.01701   0.02910  -0.02214   0.02984  -0.05036  -0.18682   0.03923   0.14489  -0.02737 
 -0.00290  -0.00795   0.05892  -0.04387  -0.03760   0.04199   0.07350  -0.06115   0.06221  -0.06419   0.02210  -0.02941  -0.01406  -0.00633   0.06952  -0.05896  -0.15215   0.02976   0.14681  -0.04383 
 -0.02965   0.00327   0.08388  -0.05172  -0.00978   0.05063   0.04060  -0.06243   0.05099  -0.04045   0.02278  -0.03552   0.02923  -0.01603   0.02792  -0.05542  -0.08960   0.01720   0.14338  -0.07701 
  0.00049   0.00499   0.06195  -0.06264  -0.04261   0.07663   0.01846  -0.02842   0.06102  -0.03583  -0.00043  -0.03345   0.01131   0.00949   0.02960  -0.06199  -0.13002   0.03524   0.10191  -0.01554 
 -0.01834   0.02289   0.04012  -0.03646  -0.03758   0.07550   0.01998  -0.03369   0.05779  -0.06896   0.01960  -0.01916   0.01494  -0.01180   0.03266  -0.04484  -0.12079   0.03945   0.13431  -0.06222 
 -0.01673   0.01133   0.05433  -0.04154  -0.01468   0.06076  -0.00335  -0.02414   0.06775  -0.09936   0.03439  -0.02006   0.03589  -0.00863   0.03125  -0.07993  -0.10277   0.02430   0.12215  -0.04737 
  0.00161  -0.00143   0.04752  -0.04309  -0.01690   0.05759  -0.03871   0.00803   0.05341  -0.03575  -0.06050   0.01270   0.03431  -0.00308  -0.00285  -0.04140  -0.14291   0.05732   0.07289   0.00054 
 -0.01091   0.02107  -0.00221  -0.00489  -0.04725   0.05424  -0.00854   0.01444   0.04494  -0.04332  -0.00008  -0.01037  -0.01663   0.03963   0.02868  -0.06028  -0.14699   0.05656   0.10478  -0.02694 
 -0.03955   0.02962   0.03420  -0.01599  -0.05074   0.08288   0.01262  -0.02063   0.04999  -0.02856  -0.02506  -0.01037   0.02456   0.00386  -0.02457  -0.01159  -0.11722   0.04344   0.10400  -0.03478 
 -0.01996   0.02766   0.02146  -0.02187   0.00159   0.09315  -0.02691  -0.04687   0.08937  -0.07784  -0.03925  -0.00898   0.07845  -0.00581  -0.06585  -0.04134  -0.08855   0.04074   0.05702  -0.00838 
  0.02429   0.01589  -0.01572  -0.02633   0.01094   0.09137  -0.02323  -0.05890   0.13606  -0.05227  -0.09564  -0.05326   0.10300   0.06707  -0.14397  -0.11341  -0.09819   0.06935   0.07142  -0.04252 
  0.04241   0.04561  -0.03416  -0.06085   0.11479   0.06362  -0.03842  -0.16890   0.17612  -0.06632  -0.05629  -0.13340   0.19971   0.00120  -0.06177  -0.41298  -0.01492   0.09837   0.03920  -0.12435 
  0.12612   0.02487  -0.02799  -0.17644   0.20210  -0.06354  -0.16451  -0.11694   0.22633  -0.16439  -0.23601  -0.04397   0.26823  -0.10207  -0.21920  -0.25781  -0.02985  -0.00972   0.03699   0.00459 
  0.19528  -0.09454  -0.14155  -0.08876  -0.25174  -0.33652   0.39676  -0.25932  -0.07114  -0.24927   0.29218  -0.06882  -0.05054  -0.15061   0.24881  -0.19001  -0.40488  -0.26476   0.42729  -0.19222 
 -0.19758  -0.27992   0.37244  -0.18583  -1.40425  -4.04751   0.61784  -4.04751  -0.82495  -4.04751   0.68994  -4.04751  -1.75088  -4.04751   0.62103  -4.04751  -1.16433  -4.04751   0.65107  -4.04751 
 -1.33916  -4.04751   0.64508  -4.04751  -4.04751  -4.04751  -4.04751   0.53079  -4.04751  -4.04751  -4.04751  -4.04751  -4.04751  -1.04743  -4.04751   0.63880  -4.04751  -4.04751  -4.04751  -4.04751 
 -4.04751  -1.00671  -4.04751   0.54832  -4.04751  -4.04751  -4.04751  -4.04751   0.43291  -0.65084  -0.28324  -0.42818  -4.04751  -4.04751  -4.04751  -4.04751   0.41544  -0.60349  -0.04222  -0.66262 
  0.39200  -0.58522  -0.05520  -0.64116   0.19854   0.01535  -0.35802  -0.06058   0.33797  -0.21350  -0.50081  -0.16406   0.38445  -0.25093  -0.40866  -0.52268   0.15091   0.07174  -0.13616  -0.16762 
  0.26014  -0.09023  -0.33534  -0.11564  -0.63471  -0.87084   0.55699  -0.77118  -0.44906  -0.59885   0.59644  -0.62402  -0.53544  -0.70047   0.53401  -0.63457  -0.45085  -0.76379   0.56039  -0.60977 
 -0.54313  -0.78325   0.56758  -0.67776  -0.20057   0.05564  -0.08013   0.14951  -0.01253  -0.08544  -0.17242   0.14207  -0.39953  -0.04965  -0.51242   0.41957  -0.14991  -0.03331   0.02920   0.10516 
 -0.32838  -0.00831  -0.37353   0.30352  -0.04508   0.17182  -0.12300  -0.00156   0.04044   0.02023  -0.21308   0.05279   0.06856   0.08549  -0.28599   0.02155  -0.02557   0.12172  -0.05129  -0.05857 
 -0.01381   0.11350  -0.11967  -0.00660  -0.06927   0.15545  -0.13160   0.03725   0.02464  -0.02039  -0.19646   0.08800   0.00707   0.07443  -0.12365   0.01490  -0.10940   0.11067  -0.02597   0.00495 
 -0.03740   0.07812  -0.11899   0.04808  -0.03741   0.14647  -0.19350   0.05077   0.01778   0.08940  -0.24004   0.02508   0.01104   0.10886  -0.21678   0.02877  -0.12003   0.13555  -0.09329   0.02951 
 -0.03740   0.12135  -0.17881   0.03943  -0.07722   0.17510  -0.12484   0.02302  -0.06766   0.17852  -0.26554   0.01153  -0.00584   0.15999  -0.19330  -0.04306  -0.18225   0.18956  -0.06244  -0.01335 
 -0.09246   0.17906  -0.15378   0.00897  -0.11954   0.20514  -0.12362   0.02619  -0.06646   0.17668  -0.24823   0.00656  -0.03457   0.14581  -0.22353   0.03497  -0.20668   0.19550  -0.08135   0.00585 
 -0.10987   0.18672  -0.17022   0.02200  -0.08251   0.17513  -0.15013   0.04081  -0.07314   0.14983  -0.24253   0.03930  -0.03424   0.11554  -0.22127   0.07328  -0.22828   0.17754  -0.04164   0.01371 
 -0.10987   0.16246  -0.16104   0.04442  -0.05000   0.12714  -0.10621   0.03003  -0.02246   0.11085  -0.18987   0.02007  -0.02639   0.08013  -0.15008   0.06506  -0.15762   0.14433  -0.02187  -0.00240 
 -0.06890   0.12463  -0.11625   0.02864  -0.03246   0.13615  -0.12540   0.01955  -0.03759   0.10380  -0.18146   0.03562  -0.03986   0.06788  -0.13877   0.08486  -0.17596   0.15579  -0.04493   0.01203 
 -0.07404   0.12345  -0.12267   0.03750  -0.05692   0.14659  -0.11020   0.02255  -0.03483   0.09930  -0.16926   0.03270  -0.05106   0.07975  -0.16513   0.09871  -0.17512   0.16772  -0.06254   0.00940 
 -0.08247   0.13074  -0.12615   0.03866  -0.07740   0.15238  -0.06792   0.00720  -0.04265   0.10157  -0.14050   0.02418  -0.01720   0.09090  -0.12624   0.02531  -0.19592   0.16240  -0.04573   0.01655 
 -0.08830   0.13293  -0.09689   0.02387  -0.08532   0.12597  -0.07653   0.04002  -0.06088   0.12160  -0.16799   0.03058  -0.01494   0.03901  -0.10031   0.06382  -0.15854   0.14243  -0.04755   0.01814 
 -0.08486   0.11844  -0.10214   0.03892  -0.04810   0.12325  -0.10575   0.03121  -0.03298   0.10167  -0.20356   0.04263  -0.05483   0.06308  -0.12485   0.09506  -0.19772   0.13107  -0.01334   0.02953 
 -0.08555   0.11215  -0.10791   0.04871  -0.03100   0.12036  -0.11060   0.02205  -0.03577   0.08526  -0.13485   0.03146  -0.03965   0.06808  -0.12404   0.07485  -0.14953   0.12735  -0.03790   0.02225 
 -0.06890   0.10659  -0.10170   0.03776  -0.06608   0.11363  -0.06591   0.02804  -0.01484   0.07031  -0.11454   0.01839  -0.01562   0.03980  -0.12283   0.07938  -0.12719   0.11177   0.00675  -0.00844 
 -0.05992   0.08976  -0.07009   0.02692  -0.05214   0.12114  -0.09299   0.02841   0.00043   0.04886  -0.13360   0.03300  -0.04174   0.04387  -0.08645   0.07620  -0.13804   0.07381   0.00526   0.03688 
 -0.05879   0.07343  -0.07440   0.04340  -0.05264   0.13199  -0.08333   0.01423   0.01413   0.04162  -0.11140   0.01653  -0.02816   0.00434  -0.06065   0.08205  -0.13217   0.09707   0.00744   0.00964 
 -0.05223   0.07432  -0.05977   0.02798  -0.04603   0.10253  -0.06676   0.02072  -0.00391   0.04074  -0.09142   0.02326   0.00349   0.02907  -0.14089   0.08165  -0.11741   0.07561   0.01363   0.01582 
 -0.04405   0.06466  -0.06500   0.03309  -0.05051   0.11263  -0.04420   0.00108  -0.01211   0.04927  -0.08176   0.01805  -0.02776   0.04250  -0.11747   0.08540  -0.09314   0.04907   0.02845   0.01159 
 -0.04891   0.06345  -0.04678   0.02613  -0.04079   0.08871  -0.04007   0.00804   0.02359   0.01458  -0.07504   0.01138  -0.01019   0.02795  -0.04825   0.02852  -0.11031   0.07603   0.03150  -0.00376 
 -0.03602   0.05478  -0.03060   0.01117  -0.03937   0.10460  -0.03035  -0.01279   0.01836   0.02265  -0.08125   0.01304   0.04272  -0.04029  -0.07456   0.05395  -0.09994   0.05679   0.05756  -0.01530 
 -0.02099   0.03992  -0.02595   0.00703  -0.04513   0.08957  -0.02260  -0.00187   0.02774   0.01739  -0.07596   0.00562   0.01460  -0.00929  -0.06275   0.05004  -0.08926   0.04033   0.03458   0.01157 
 -0.02440   0.03577  -0.02706   0.01458  -0.00859   0.07332  -0.04821  -0.00404   0.03791   0.02218  -0.07764  -0.00758  -0.00068   0.01478  -0.04925   0.03241  -0.09486   0.05492   0.05140  -0.01182 
 -0.01731   0.04294  -0.02558   0.00062  -0.03637   0.10407  -0.05183   0.00095   0.04568   0.03387  -0.09977  -0.01364   0.03359   0.01040  -0.10155   0.03777  -0.10144   0.07652   0.06315  -0.03939 
 -0.01483   0.05815  -0.03852  -0.00589  -0.05881   0.08208  -0.03401   0.02354   0.06085  -0.00084  -0.07618  -0.01314   0.00884   0.02334  -0.07132   0.03065  -0.07698   0.03952   0.04692  -0.00728 
 -0.01614   0.03577  -0.02948   0.00869  -0.01368   0.08671  -0.03668  -0.01795   0.05858   0.01636  -0.11445  -0.00427   0.02243   0.02506  -0.08131   0.02003  -0.06812   0.02938   0.03233   0.00708 
 -0.00135   0.03897  -0.04234   0.00104  -0.04187   0.07911  -0.02558   0.00534   0.05226  -0.00956  -0.07889   0.00444   0.00485   0.02643  -0.09072   0.04769  -0.09646   0.04578   0.05715  -0.00717 
 -0.02084   0.03529  -0.02632   0.01117  -0.04413   0.11266  -0.04830  -0.00152   0.04486  -0.04086  -0.09928   0.04448  -0.02046   0.07076  -0.08164   0.01924  -0.08058   0.03835   0.07684  -0.03099 
 -0.02589   0.04593  -0.02762   0.00759  -0.08745   0.14215  -0.01704  -0.01340   0.00946  -0.04854  -0.13650   0.09471  -0.02866   0.09547  -0.07847  -0.00628  -0.06825   0.02436   0.07937  -0.03051 
 -0.04499   0.05370  -0.02503   0.01594  -0.06012   0.13931  -0.03184  -0.02240  -0.03063  -0.07983  -0.12603   0.13499  -0.04661   0.14376  -0.09627  -0.04196  -0.01877  -0.01475   0.09002  -0.05096 
 -0.03940   0.04905  -0.02725   0.01675  -0.02215   0.17653  -0.08192  -0.05623  -0.07025  -0.13084  -0.16561   0.19214   0.00079   0.12072  -0.13139  -0.03613  -0.02285  -0.04738   0.14125  -0.07760 
 -0.02949   0.03448  -0.03228   0.02400  -0.00032   0.19458  -0.11427  -0.07578  -0.04566  -0.15907  -0.19512   0.19816   0.03253   0.13526  -0.17071  -0.07546   0.02563  -0.09035   0.13221  -0.08372 
  0.00315   0.02946  -0.05303   0.01240   0.00780   0.21391  -0.18470  -0.06006  -0.07069  -0.15601  -0.18497   0.20697   0.08239   0.11968  -0.21943  -0.09640   0.00435  -0.07875   0.16308  -0.10985 
  0.00608   0.03577  -0.06318   0.01117   0.02597   0.20194  -0.19213  -0.06298  -0.01884  -0.20459  -0.19128   0.19791   0.11930   0.09281  -0.21341  -0.12994   0.03847  -0.07963   0.13094  -0.10677 
  0.03921   0.01572  -0.08023   0.00523   0.00457   0.21268  -0.20145  -0.04527  -0.01134  -0.13448  -0.20567   0.17259   0.12995   0.05402  -0.18275  -0.11410   0.04296  -0.09172   0.14964  -0.12805 
  0.03805   0.02240  -0.07214  -0.00461   0.00884   0.20550  -0.23234  -0.02561   0.01977  -0.11951  -0.19083   0.14192   0.11481   0.06129  -0.19488  -0.08280   0.03461  -0.09080   0.13832  -0.10218 
  0.04049   0.02454  -0.08656   0.00062  -0.01259   0.19501  -0.18755  -0.01659   0.01234  -0.12627  -0.12287   0.12705   0.12096   0.04365  -0.17242  -0.08762  -0.00183  -0.05314   0.11724  -0.06545 
  0.02402   0.02355  -0.06886   0.00717  -0.00546   0.18495  -0.18627  -0.01438  -0.00354  -0.09397  -0.13090   0.12596   0.09540   0.03438  -0.19012  -0.01379  -0.00785  -0.04563   0.10029  -0.04648 
  0.01582   0.02520  -0.07856   0.02053  -0.02453   0.18198  -0.15794  -0.00899   0.03188  -0.10346  -0.10925   0.09623   0.08833   0.00352  -0.13988  -0.00315  -0.03156   0.00294   0.08644  -0.05077 
  0.01022   0.02815  -0.06298   0.01336  -0.03479   0.16587  -0.13626   0.00268   0.03951  -0.07016  -0.13436   0.08243   0.07099   0.02161  -0.15184   0.01198  -0.03275  -0.00501   0.08500  -0.04097 
  0.00608   0.03076  -0.06581   0.01716  -0.05753   0.14717  -0.03743  -0.02743   0.03965  -0.04611  -0.15436   0.07614   0.04948   0.03284  -0.16118   0.03608  -0.02216  -0.00177   0.07760  -0.04635 
 -0.00219   0.03303  -0.04562   0.00938  -0.06796   0.13075  -0.01174  -0.02421   0.07507  -0.03417  -0.17723   0.04526   0.01271   0.06059  -0.09345   0.00068  -0.00258   0.03144   0.02101  -0.04281 
  0.00273   0.04687  -0.05068  -0.00404  -0.08106   0.13496   0.01281  -0.03785   0.09592  -0.02787  -0.18491   0.02246   0.01385   0.02669  -0.08638   0.03323   0.01454   0.00882   0.02414  -0.04178 
  0.01091   0.03513  -0.04292  -0.00761  -0.10854   0.08653   0.10131  -0.06240   0.12178  -0.03996  -0.23343   0.02092  -0.01958   0.00995  -0.07071   0.07572   0.04310   0.00638   0.02648  -0.07352 
  0.01228   0.01488  -0.01212  -0.01526  -0.10440   0.06549   0.12519  -0.07744   0.10850  -0.04729  -0.17294   0.01717   0.00201   0.02710  -0.04962   0.01594   0.02047   0.04101  -0.01870  -0.04220 
