IntronPotTab 1 1024 -102.62839 0.67955 73.57570 56356 6 16  785.56
    0.00590
   -0.01132
   -0.05127
    0.02213
    0.01885
   -0.02601
   -0.10895
    0.04653
   -0.02479
   -0.02704
   -0.01721
    0.05668
    0.00434
   -0.04545
   -0.00676
    0.01986
   -0.02259
   -0.01356
   -0.00693
    0.04392
    0.00379
   -0.00106
   -0.09562
    0.04814
   -0.01538
   -0.05492
   -0.01989
    0.07340
    0.02620
   -0.06547
    0.01040
    0.01028
    0.00433
   -0.01928
   -0.01794
    0.01937
    0.03491
   -0.00136
   -0.13863
    0.03373
   -0.01131
   -0.04511
    0.02835
    0.02702
    0.01193
   -0.06122
    0.00101
    0.02102
   -0.01011
   -0.01387
   -0.00563
    0.01961
    0.00470
   -0.00431
   -0.08448
    0.04442
   -0.02219
   -0.02462
   -0.03903
    0.06376
    0.00455
   -0.05010
   -0.03512
    0.03240
    0.04021
   -0.05733
   -0.06958
    0.02624
    0.07213
   -0.07591
   -0.15492
    0.03289
    0.01627
   -0.09202
   -0.01748
    0.06935
    0.04451
   -0.11105
   -0.02558
    0.03800
   -0.00518
   -0.02239
   -0.01521
    0.03567
    0.02347
    0.02805
   -0.17888
    0.04551
    0.02069
   -0.07479
   -0.01930
    0.05826
    0.05824
   -0.06860
   -0.00953
    0.01696
    0.07627
   -0.10290
   -0.07142
    0.04656
    0.07917
   -0.04175
   -0.11432
    0.04857
    0.03705
   -0.10441
   -0.01162
    0.06550
    0.05465
   -0.11922
   -0.01768
    0.05551
    0.03853
   -0.06152
   -0.01201
    0.00816
    0.05486
   -0.00724
   -0.18228
    0.05374
    0.02863
   -0.06597
   -0.05478
    0.05947
    0.06787
   -0.07238
   -0.06616
    0.03641
    0.03964
   -0.02519
   -0.08651
    0.02722
    0.04501
   -0.00373
   -0.18504
    0.06957
    0.01494
   -0.05598
   -0.01320
    0.03506
    0.03015
   -0.06499
   -0.04552
    0.04294
    0.01284
   -0.00757
   -0.07240
    0.06743
    0.03430
    0.02046
   -0.18548
    0.05967
    0.01866
   -0.07026
   -0.02092
    0.06327
    0.04784
   -0.07348
   -0.00886
    0.02474
    0.04377
   -0.03725
   -0.05813
    0.01829
    0.05618
   -0.00070
   -0.20410
    0.07677
    0.01475
   -0.06060
    0.01577
    0.01540
    0.00347
   -0.03971
   -0.03148
    0.04882
    0.02459
   -0.06201
   -0.01310
    0.01877
    0.04502
    0.00387
   -0.19390
    0.06580
    0.00151
   -0.04324
   -0.02815
    0.05224
    0.03158
   -0.05301
   -0.07113
    0.04796
    0.00511
   -0.00180
   -0.00475
   -0.00361
    0.04263
   -0.05249
   -0.10621
    0.02472
   -0.00445
   -0.04076
   -0.00222
    0.03220
    0.00898
   -0.07363
    0.00848
    0.01674
   -0.02177
   -0.00799
    0.03155
    0.00963
   -0.00524
    0.03869
   -0.12062
    0.03946
    0.00222
   -0.06104
    0.01106
    0.03559
    0.03047
   -0.04218
    0.01857
   -0.00649
    0.01839
   -0.01656
   -0.00555
   -0.01096
    0.03746
   -0.02103
   -0.13889
    0.03835
   -0.01232
   -0.04388
    0.03371
    0.02509
    0.02603
   -0.07847
    0.00386
    0.01600
    0.00712
   -0.01018
    0.00249
   -0.00316
    0.01335
   -0.01015
   -0.10140
    0.03842
   -0.01472
   -0.02223
   -0.04010
    0.05100
    0.00392
   -0.03713
   -0.03481
    0.02795
    0.02421
   -0.03472
   -0.05551
    0.02325
    0.01051
    0.00874
   -0.14633
    0.06020
   -0.00214
   -0.05030
   -0.02428
    0.05654
    0.03416
   -0.07060
   -0.03523
    0.03050
   -0.04607
    0.04491
   -0.01583
    0.01907
    0.00031
    0.06086
   -0.17633
    0.05889
   -0.02011
   -0.03046
   -0.04750
    0.08024
    0.01659
   -0.05799
    0.01072
    0.01782
    0.01080
   -0.02595
   -0.01449
    0.01626
   -0.02083
    0.05640
   -0.16555
    0.07980
   -0.00782
   -0.04553
    0.04963
    0.00632
    0.00133
   -0.05690
    0.00082
    0.03236
    0.01163
   -0.03275
   -0.01066
    0.01267
    0.01209
    0.00477
   -0.16623
    0.07664
   -0.00658
   -0.03601
   -0.05075
    0.06745
    0.01458
   -0.05960
   -0.05414
    0.04556
    0.04283
   -0.04984
   -0.06339
    0.02772
    0.05491
   -0.03424
   -0.18073
    0.07505
    0.00412
   -0.08408
    0.01974
    0.06123
    0.05835
   -0.08569
   -0.03075
    0.04162
   -0.01726
   -0.01499
    0.01155
    0.02204
    0.00692
    0.06398
   -0.19486
    0.03055
    0.00590
   -0.04739
    0.00431
    0.04241
    0.02096
   -0.04840
    0.02180
    0.01477
    0.07061
   -0.08258
   -0.08755
    0.06180
    0.05745
   -0.04018
   -0.10409
    0.08459
    0.02561
   -0.07884
    0.01107
    0.04700
    0.05205
   -0.09694
   -0.02519
    0.06742
    0.01571
   -0.03868
    0.00208
    0.01240
    0.05370
   -0.00809
   -0.22755
    0.09013
    0.02143
   -0.07921
   -0.02110
    0.06963
    0.07583
   -0.06964
   -0.07259
    0.05301
    0.06560
   -0.04611
   -0.11170
    0.03355
    0.05458
    0.02207
   -0.16413
    0.10335
    0.04578
   -0.09603
   -0.04829
    0.08260
    0.04894
   -0.06701
   -0.09837
    0.08486
    0.01851
   -0.01591
   -0.07040
    0.05665
    0.04117
    0.05350
   -0.17574
    0.09141
    0.00751
   -0.03908
   -0.05517
    0.08865
    0.07807
   -0.07637
   -0.05314
    0.06645
    0.04946
   -0.03702
   -0.06062
    0.02261
    0.05910
    0.01947
   -0.17269
    0.11718
    0.02782
   -0.08015
    0.01749
    0.02842
    0.03239
   -0.05158
   -0.08128
    0.08928
    0.06152
   -0.10106
   -0.04433
    0.04230
    0.06499
   -0.00318
   -0.17649
    0.11243
    0.01521
   -0.07508
   -0.05922
    0.09366
    0.07669
   -0.08521
   -0.09683
    0.07103
    0.00142
   -0.00734
   -0.00476
    0.00482
    0.03285
   -0.01855
   -0.14898
    0.04362
    0.01340
   -0.07098
    0.00721
    0.03165
    0.00932
   -0.06044
    0.01019
    0.01959
   -0.03540
   -0.00543
    0.03747
    0.01600
   -0.00014
    0.07741
   -0.15459
    0.01378
   -0.00596
   -0.03472
   -0.01966
    0.04970
    0.00857
    0.00509
    0.01061
   -0.01659
    0.01117
   -0.01210
   -0.00098
   -0.00526
    0.04344
    0.04422
   -0.15929
    0.00014
   -0.01669
   -0.03882
    0.04874
    0.01333
    0.02968
   -0.04555
    0.00752
    0.00213
    0.03233
   -0.05319
    0.00647
   -0.00390
    0.02049
    0.02023
   -0.14998
    0.03192
   -0.00518
   -0.03467
   -0.03491
    0.05397
    0.02284
   -0.02405
   -0.04719
    0.02428
    0.01167
   -0.03937
   -0.03733
    0.02923
    0.02575
   -0.01095
   -0.15886
    0.07403
   -0.03208
   -0.04854
   -0.00097
    0.08656
    0.02176
   -0.08032
   -0.02171
    0.03825
   -0.02380
   -0.02492
    0.01961
    0.02882
    0.00737
    0.01761
   -0.12835
    0.06185
   -0.02983
   -0.05194
   -0.00819
    0.09299
    0.03678
   -0.07945
    0.01289
    0.01430
    0.00366
   -0.03985
    0.01628
    0.00333
    0.03126
    0.03412
   -0.16499
    0.04993
   -0.03432
   -0.03963
    0.05128
    0.03325
    0.00653
   -0.06633
    0.00874
    0.02662
    0.00763
   -0.05192
    0.00388
    0.01631
    0.02982
   -0.03233
   -0.12829
    0.07563
   -0.02318
   -0.05712
   -0.00686
    0.07673
    0.02795
   -0.08374
   -0.05279
    0.05127
    0.04147
   -0.05986
   -0.06814
    0.03959
    0.06570
   -0.05965
   -0.17194
    0.08186
    0.04845
   -0.15028
    0.00595
    0.11648
    0.05438
   -0.13218
   -0.01321
    0.05414
   -0.00909
   -0.01599
   -0.00532
    0.02687
    0.03179
    0.03053
   -0.19413
    0.06529
    0.03043
   -0.07853
   -0.00424
    0.06407
    0.07141
   -0.06994
   -0.00203
    0.01572
    0.08147
   -0.08571
   -0.06933
    0.04374
    0.06697
   -0.03687
   -0.08853
    0.06756
    0.03520
   -0.10753
    0.02854
    0.07121
    0.06660
   -0.14479
    0.01260
    0.06346
    0.03914
   -0.05992
   -0.02199
    0.01699
    0.06487
   -0.01306
   -0.23592
    0.09701
    0.04746
   -0.12754
   -0.01454
    0.10408
    0.07914
   -0.09747
   -0.07023
    0.06663
    0.04057
   -0.05995
   -0.05459
    0.02901
    0.06025
   -0.00522
   -0.21542
    0.10163
    0.01100
   -0.06599
   -0.01659
    0.06542
    0.02430
   -0.08831
   -0.04150
    0.06786
   -0.00802
   -0.03163
    0.00428
    0.02942
    0.03642
    0.01888
   -0.19013
    0.08721
    0.00743
   -0.04641
   -0.03566
    0.07734
    0.04742
   -0.06298
   -0.00940
    0.02242
    0.02402
   -0.05023
   -0.00897
    0.01069
    0.05661
    0.00012
   -0.19987
    0.09825
   -0.01262
   -0.07977
    0.06353
   -0.00479
    0.00291
   -0.05908
   -0.00344
    0.03681
    0.01598
   -0.05729
    0.00403
    0.01851
    0.05767
    0.00074
   -0.20306
    0.08303
   -0.00946
   -0.05579
   -0.01692
    0.06985
    0.05181
   -0.06131
   -0.06520
    0.04584
    0.01603
   -0.01515
   -0.05201
    0.01599
    0.05571
   -0.03411
   -0.17128
    0.04901
   -0.00106
   -0.04367
    0.00918
    0.02512
    0.02166
   -0.09600
    0.00155
    0.02785
   -0.03235
   -0.00428
    0.01927
    0.02437
    0.00190
    0.03752
   -0.13212
    0.04717
    0.00232
   -0.04268
    0.00208
    0.03042
    0.03847
   -0.05395
    0.02022
   -0.00163
    0.02211
   -0.01892
   -0.02215
    0.00130
    0.04217
   -0.00688
   -0.14435
    0.04536
   -0.02544
   -0.03557
    0.03657
    0.02628
   -0.00028
   -0.09350
    0.05947
   -0.00483
    0.02094
   -0.03198
   -0.01135
    0.00281
    0.03345
   -0.02580
   -0.12950
    0.05269
   -0.01840
   -0.03036
   -0.02280
    0.05232
    0.01920
   -0.05198
   -0.04937
    0.04208
    0.01250
   -0.02070
   -0.03421
    0.00914
    0.01063
   -0.00779
   -0.10162
    0.03752
   -0.00958
   -0.04550
   -0.01489
    0.04763
   -0.03102
   -0.02580
    0.01299
    0.03113
   -0.02836
   -0.03282
    0.01219
    0.04046
    0.00550
    0.00846
   -0.12895
    0.05044
   -0.01462
   -0.05440
   -0.03638
    0.07412
   -0.01085
   -0.06167
    0.01404
    0.02932
    0.00929
   -0.01904
   -0.01615
    0.00984
    0.02704
    0.00541
   -0.13347
    0.02912
   -0.00253
   -0.03767
   -0.00282
    0.02933
   -0.03815
   -0.02782
    0.00304
    0.04184
   -0.01077
   -0.01756
   -0.00932
    0.01671
   -0.00155
   -0.01705
   -0.10838
    0.06221
   -0.02157
   -0.03593
   -0.03984
    0.06010
   -0.03195
   -0.04142
   -0.00888
    0.03792
    0.04190
   -0.06472
   -0.05722
    0.02364
    0.05278
   -0.07368
   -0.13821
    0.06557
    0.00318
   -0.09034
   -0.01634
    0.07763
    0.05192
   -0.12504
    0.00261
    0.04323
   -0.00985
   -0.03058
   -0.00931
    0.03778
    0.01494
    0.02597
   -0.18154
    0.05354
    0.01340
   -0.06778
   -0.02830
    0.06408
    0.07547
   -0.09305
    0.02056
    0.02078
    0.07938
   -0.09452
   -0.09405
    0.04460
    0.06205
   -0.06102
   -0.11211
    0.07975
    0.02746
   -0.09322
   -0.01561
    0.06843
    0.06961
   -0.14016
   -0.00665
    0.06879
    0.02445
   -0.05527
   -0.00557
    0.01484
    0.03373
   -0.03707
   -0.19353
    0.07566
    0.00496
   -0.06861
   -0.05532
    0.08082
    0.08850
   -0.09526
   -0.04494
    0.04313
    0.04311
   -0.03211
   -0.08002
    0.01603
    0.03912
   -0.00566
   -0.18289
    0.07457
    0.01958
   -0.07545
   -0.02394
    0.05614
    0.02295
   -0.05624
   -0.05050
    0.04869
    0.00364
   -0.02481
   -0.04558
    0.04854
    0.03599
    0.00746
   -0.20931
    0.08124
    0.00459
   -0.07209
   -0.04979
    0.09385
    0.07797
   -0.06297
   -0.07444
    0.06272
    0.03694
   -0.04428
   -0.02568
    0.00148
    0.05350
   -0.01248
   -0.20471
    0.08311
    0.00823
   -0.07461
    0.03681
    0.01620
    0.01161
   -0.04496
   -0.04371
    0.05590
    0.01745
   -0.06300
   -0.02378
    0.03127
    0.04161
   -0.01171
   -0.20965
    0.07932
   -0.01882
   -0.07200
   -0.05722
    0.08406
    0.03563
   -0.05913
   -0.08054
    0.05597
    0.00634
   -0.00551
    0.00892
   -0.00919
    0.02928
   -0.05021
   -0.09349
    0.03482
   -0.01245
   -0.03268
   -0.00884
    0.03820
   -0.00383
   -0.05961
    0.02828
    0.01312
   -0.02126
   -0.01057
    0.01916
    0.01724
   -0.00684
    0.03003
   -0.12874
    0.04077
   -0.00763
   -0.04892
   -0.00168
    0.04281
    0.02931
   -0.03861
    0.02574
   -0.00803
    0.02417
   -0.02771
   -0.01103
   -0.00834
    0.03737
   -0.01673
   -0.13431
    0.03066
   -0.01594
   -0.03709
    0.02934
    0.02435
    0.02052
   -0.06881
    0.01041
    0.01207
    0.01396
   -0.01686
   -0.01041
   -0.00170
    0.01554
   -0.00974
   -0.10530
    0.03213
   -0.01500
   -0.02878
   -0.04255
    0.05421
    0.01243
   -0.03780
   -0.02592
    0.01831
