        20      20      11       1      19  6.6 0.250
 -0.01463   0.02085  -0.10015   0.04939  -0.04149   0.04704  -0.03671   0.05204   0.01670  -0.04428  -0.10570   0.06686   0.02188  -0.02532  -0.12988   0.06857  -0.01757   0.02798  -0.13718   0.04454 
 -0.02282   0.01123  -0.10089   0.06152  -0.05192   0.05005  -0.02971   0.06024   0.04341  -0.03937  -0.13440   0.04601  -0.00080  -0.03664  -0.07211   0.07171  -0.01273   0.07769  -0.10399   0.00853 
 -0.02628   0.03298  -0.08304   0.04600  -0.02680   0.04401  -0.12706   0.07194   0.04826  -0.07720  -0.14367   0.06498   0.01603  -0.03651  -0.07679   0.05506   0.00580   0.05389  -0.14021   0.02405 
 -0.00559   0.01351  -0.12575   0.05506  -0.02728  -0.02997  -0.05911   0.08070   0.03189  -0.04962  -0.09644   0.04835   0.03380  -0.05459  -0.16407   0.08690   0.00345   0.03512  -0.15798   0.03887 
 -0.00808  -0.01136  -0.11834   0.06662  -0.02232  -0.00400  -0.03029   0.04991   0.06140  -0.11765  -0.09934   0.04964   0.03590  -0.04221  -0.15716   0.07456  -0.00077   0.07385  -0.10813   0.00670 
 -0.00294   0.00432  -0.09097   0.04393  -0.01655   0.04048  -0.07681   0.04036   0.05412  -0.06525  -0.10489   0.03397   0.03786  -0.03252  -0.09103   0.03336   0.03482   0.02980  -0.20941   0.04124 
  0.01083   0.00490  -0.13090   0.04659  -0.00212   0.00045  -0.06577   0.03591   0.08696  -0.06075  -0.12387  -0.00511   0.03894  -0.05624  -0.15314   0.07711  -0.00698   0.06880  -0.16746   0.03028 
  0.01528   0.00721  -0.12773   0.04006  -0.03437   0.04413  -0.07021   0.05932   0.09020  -0.06138  -0.12203  -0.01061  -0.01165  -0.05942  -0.08733   0.10331   0.01920   0.02111  -0.11736   0.02605 
  0.00246  -0.00124  -0.10163   0.04615  -0.01482   0.01206  -0.06839   0.04914   0.05512  -0.07530  -0.09734   0.03465   0.05048  -0.00634  -0.11835   0.01361   0.06392   0.03553  -0.19543   0.02128 
  0.02030   0.00140  -0.12733   0.03811  -0.03227   0.02532  -0.06334   0.06337   0.04166  -0.06063  -0.11006   0.04930  -0.00612  -0.01020  -0.10270   0.07733   0.01818   0.06588  -0.17532   0.02302 
 -0.00658   0.01776  -0.11950   0.05143  -0.02876   0.06013  -0.04237   0.03048   0.04369  -0.07699  -0.08373   0.04318   0.02647  -0.05860  -0.06707   0.05025   0.01659   0.07053  -0.15877   0.01666 
 -0.00360   0.02224  -0.09645   0.03735  -0.03506   0.01704  -0.05741   0.06842   0.04885  -0.07978  -0.13913   0.06373   0.05014  -0.03300  -0.08328   0.01252   0.01819   0.09364  -0.16749   0.00640 
  0.00197   0.02196  -0.11641   0.04036  -0.09713   0.08102   0.01415   0.07416   0.07268  -0.08119  -0.13266   0.03156   0.00921   0.00268  -0.11617   0.05880   0.00767   0.09760  -0.17638   0.01166 
 -0.02542   0.04584  -0.09941   0.04482  -0.07742   0.04633   0.05861   0.04702   0.05843  -0.08517  -0.06624   0.01968   0.01170  -0.03609  -0.07137   0.05686   0.02537   0.01409  -0.12524   0.02882 
 -0.01751  -0.00360  -0.04974   0.04319  -0.04561   0.05911   0.00833   0.02805   0.02170  -0.04557  -0.09898   0.05899   0.05597  -0.04695  -0.07684   0.00966   0.01310   0.04629  -0.15275   0.02817 
 -0.00891   0.01832  -0.08126   0.03796  -0.05113   0.02019  -0.02255   0.07112   0.07283  -0.05604  -0.09175  -0.00395   0.05009  -0.02481  -0.13625   0.03625  -0.02216   0.06399  -0.20090   0.04753 
 -0.00741   0.01578  -0.11487   0.05143  -0.03798   0.03672   0.03265   0.01677   0.06402  -0.04869  -0.09871   0.00771   0.02823  -0.10551  -0.04067   0.05854  -0.01804   0.05459  -0.14780   0.03594 
 -0.01008   0.00808  -0.06693   0.03826  -0.04516   0.06657   0.01479   0.01944   0.09957  -0.03939  -0.11877  -0.04242   0.02920  -0.04487  -0.13128   0.07224  -0.02657   0.09017  -0.24779   0.04786 
 -0.00360   0.03919  -0.11989   0.03735  -0.04948   0.04216   0.03383   0.02864   0.09272  -0.06733  -0.11829  -0.01269  -0.00772  -0.00756  -0.11783   0.08469  -0.09041   0.09682  -0.15822   0.04496 
 -0.02334   0.03515  -0.08447   0.04289  -0.06289   0.08372   0.05257   0.01023   0.08316  -0.02406  -0.14380  -0.01366   0.01340   0.01650  -0.11138   0.04193  -0.04036   0.10868  -0.14912   0.01790 
 -0.02007   0.06343  -0.07949   0.02140  -0.07131   0.11662   0.07252  -0.01409   0.08290  -0.03122  -0.10080  -0.03100  -0.03893   0.10352  -0.06340   0.00496  -0.01971   0.16074  -0.19846  -0.00751 
 -0.02213   0.10336  -0.07004  -0.00768  -0.04364   0.03233   0.05037   0.01644   0.07849  -0.11905  -0.21817   0.07672   0.04349  -0.03794  -0.18346   0.07424  -0.04729   0.01460  -0.23544   0.08520 
  0.00181  -0.01742  -0.12931   0.06493  -0.10175   0.08665   0.15483  -0.01491   0.06048  -0.06983  -0.00632  -0.02972  -0.03209   0.00583   0.04828  -0.00188  -0.10665   0.09329  -0.05604   0.01929 
 -0.06783   0.05056   0.03495   0.01256  -0.09841   0.17231   0.11554  -0.05450   0.05097   0.03462  -0.16953   0.00202  -0.03302   0.10225  -0.04930  -0.01021  -0.13607   0.20812  -0.15940  -0.00694 
 -0.06213   0.15002  -0.05373  -0.01425   0.04780   0.11470   0.11740  -0.32432   0.19910   0.00883  -0.11872  -0.36328   0.15049   0.04720  -0.13979  -0.23212   0.10483   0.29454  -0.14870  -0.24264 
  0.11789   0.15415  -0.05842  -0.28508   0.14486  -0.26568   0.20584  -0.55913   0.27007  -0.30144   0.02578  -0.58232   0.26532  -0.29685   0.02025  -0.60108   0.27396   0.10737   0.13336  -0.50039 
  0.25051  -0.19257   0.10902  -0.58792   0.06955   0.07824  -0.00384  -0.20647   0.22535  -0.07347  -0.17996  -0.29649   0.10744   0.04829  -0.12803  -0.12990   0.21439   0.20251  -0.15720  -0.23682 
  0.17395   0.03892  -0.08735  -0.25601   0.13068  -0.04816   0.06173  -0.38383   0.14463   0.05230  -0.00910  -0.35738   0.21292  -0.12570  -0.17155  -0.20944   0.21801   0.19799  -0.02517  -0.32687 
  0.19938   0.00664  -0.01667  -0.36895   0.36790  -3.91672  -3.91672  -3.91672   0.46906  -3.91672  -3.91672  -3.91672   0.46781  -3.91672  -3.91672  -3.91672   0.71233  -3.91672  -3.91672  -3.91672 
  0.49258  -3.91672  -3.91672  -3.91672  -3.91672  -3.91672  -3.91672   0.56767  -3.91672  -3.91672  -3.91672  -3.91672  -3.91672  -3.91672  -3.91672  -3.91672  -3.91672  -3.91672  -3.91672  -3.91672 
 -3.91672  -3.91672  -3.91672   0.49414  -3.91672  -3.91672  -3.91672  -3.91672  -3.91672  -3.91672  -3.91672  -3.91672  -3.91672  -3.91672  -3.91672  -3.91672  -3.91672  -3.91672   0.72292  -3.91672 
 -3.91672  -3.91672   0.74827  -3.91672  -3.91672  -3.91672  -3.91672  -3.91672  -3.91672  -3.91672  -3.91672  -3.91672  -0.05401  -0.04781   0.19395  -0.09139  -3.91672  -3.91672  -3.91672  -3.91672 
 -0.02925  -0.00389   0.23698  -0.17646  -0.05189   0.21479   0.18884  -0.28421  -0.08773   0.15758   0.06926  -0.09854   0.02723   0.18355  -0.03447  -0.23722  -0.32675   0.46037  -0.16891  -0.26562 
 -0.03773   0.26962   0.03495  -0.25542  -0.17327   0.16435   0.17466  -0.00503  -0.07213   0.00007   0.09880   0.00779  -0.16140   0.15807  -0.03412   0.05264  -0.14714   0.18131   0.07707  -0.08976 
 -0.10807   0.11948   0.09219  -0.03992  -0.05538   0.10949   0.19925  -0.15384  -0.04839  -0.00377   0.19163  -0.11546  -0.01382   0.01590   0.08322  -0.06744   0.01195   0.19089   0.16840  -0.27484 
 -0.03400   0.09965   0.16850  -0.17572  -0.03490   0.20555  -0.08727  -0.04782  -0.03895   0.03817   0.02320   0.00168   0.11189   0.02926  -0.13049  -0.11711  -0.21628   0.32363  -0.26367  -0.05228 
  0.00956   0.16230  -0.09978  -0.07652  -0.12415   0.25769   0.09935  -0.09356  -0.04663   0.05234   0.05959  -0.02867  -0.04199   0.11673  -0.05151  -0.01218  -0.05609   0.21699   0.06718  -0.16002 
 -0.06802   0.17267   0.05592  -0.09922  -0.07853   0.09525   0.20495  -0.10525  -0.03006  -0.08265   0.21567  -0.10897  -0.01527   0.01090   0.14376  -0.13445  -0.04034   0.12200   0.22316  -0.22356 
 -0.03791   0.04663   0.20362  -0.16287   0.00709   0.15530  -0.16338  -0.03739  -0.09271   0.09118  -0.03963   0.05218   0.10657   0.05634  -0.20129  -0.08857  -0.09389   0.23148  -0.19815  -0.02838 
  0.02635   0.13844  -0.14921  -0.05104  -0.09793   0.22437   0.03450  -0.04384   0.01644   0.04340  -0.05830  -0.01664  -0.03275   0.08642  -0.06830   0.01650  -0.05700   0.23148  -0.00899  -0.12437 
 -0.04149   0.16351  -0.01882  -0.06588  -0.06816   0.10476   0.20693  -0.13449   0.02455  -0.05813   0.16209  -0.14404   0.01380   0.05804   0.04712  -0.11541   0.06503   0.10553   0.16980  -0.22797 
  0.00197   0.05935   0.15859  -0.17522  -0.03237   0.12631  -0.07539   0.00857  -0.03630   0.02583  -0.00365   0.02575   0.03020   0.02383  -0.03282  -0.03588  -0.15827   0.23490  -0.12459  -0.03183 
 -0.00841   0.10933  -0.05607  -0.03314  -0.12290   0.13170   0.12794   0.00087  -0.04714  -0.03900   0.05239   0.04258  -0.00295  -0.01191  -0.07252   0.05916  -0.05269   0.12332   0.07476  -0.08515 
 -0.06611   0.06847   0.06261  -0.01782  -0.08420   0.15185   0.19045  -0.13219   0.03375  -0.05594   0.16098  -0.16161  -0.02591   0.01304   0.13328  -0.10515  -0.00566   0.11219   0.20420  -0.21606 
 -0.03082   0.07296   0.18052  -0.16791  -0.05447   0.10265   0.01065   0.01144  -0.07434   0.04162  -0.05364   0.07896   0.03960   0.06364  -0.08608  -0.04864  -0.23251   0.22076  -0.14418   0.00778 
 -0.03082   0.11387  -0.06079  -0.01154  -0.07883   0.11381   0.08982  -0.01393   0.03737  -0.06813  -0.01437   0.00713  -0.06335   0.03735  -0.11221   0.10718  -0.03961   0.09393   0.02128  -0.04126 
 -0.03862   0.05601   0.01321  -0.00385  -0.06132   0.10093   0.16216  -0.09261   0.00618  -0.02934   0.16778  -0.14524  -0.00444   0.05234   0.09659  -0.13542  -0.02865   0.11659   0.19023  -0.18859 
 -0.03100   0.07395   0.16286  -0.14762  -0.06559   0.11856  -0.04621   0.04448  -0.13171   0.08181  -0.02813   0.08463   0.02592   0.08802  -0.07692  -0.05823  -0.20072   0.17203  -0.18825   0.04421 
 -0.05187   0.11992  -0.07808   0.01144  -0.10550   0.12558   0.10149   0.00375   0.03617  -0.02631  -0.04509   0.00107  -0.01495   0.05464  -0.09492   0.03800  -0.05038   0.13027   0.01084  -0.05437 
 -0.04638   0.08518   0.00919  -0.01391  -0.09963   0.12753   0.18175  -0.07435  -0.04605  -0.02503   0.18531  -0.09179  -0.04223   0.02181   0.11207  -0.06425  -0.02411   0.14617   0.17649  -0.20508 
 -0.06269   0.08590   0.17009  -0.12756  -0.09798   0.14568  -0.06709   0.07323  -0.12816   0.02980  -0.01781   0.11064  -0.00373   0.05944  -0.03110  -0.02042  -0.23225   0.18949  -0.17923   0.03903 
 -0.08122   0.11567  -0.06453   0.03235  -0.11935   0.12884   0.12512   0.00087   0.00526  -0.04913  -0.00866   0.03174  -0.01167   0.03318  -0.10624   0.05637  -0.06032   0.14751   0.06050  -0.09040 
 -0.06554   0.08759   0.04063  -0.01731  -0.08585   0.12592   0.20014  -0.11500  -0.00420  -0.07939   0.17691  -0.09851  -0.07648   0.05810   0.13379  -0.07948  -0.01886   0.13862   0.17930  -0.20423 
 -0.05372   0.08009   0.17818  -0.14212  -0.07399   0.16341  -0.06197   0.03117  -0.14884   0.00873  -0.04732   0.14951   0.01395   0.09859  -0.11104  -0.02851  -0.21964   0.19801  -0.16820   0.02735 
 -0.06592   0.12808  -0.09206   0.02358  -0.08547   0.14615   0.06957  -0.01516  -0.00977  -0.03327   0.03474   0.01096  -0.05212   0.05265  -0.11329   0.08730  -0.05155   0.11689   0.04329  -0.06228 
 -0.06156   0.08422   0.02893  -0.01120  -0.10748   0.09191   0.20158  -0.05440  -0.01093  -0.03715   0.17855  -0.12433  -0.06104   0.04043   0.15046  -0.10346  -0.03521   0.09998   0.20652  -0.18727 
 -0.06364   0.06165   0.19128  -0.12889  -0.08829   0.12305  -0.05343   0.07122  -0.12139   0.04489  -0.06095   0.11703  -0.01500   0.08784  -0.03421  -0.02988  -0.20097   0.14920  -0.15898   0.04968 
 -0.07515   0.10979  -0.06762   0.03296  -0.09728   0.11978   0.08405   0.00981  -0.01793  -0.03197   0.01306   0.03384  -0.04291   0.03786  -0.12357   0.09343  -0.08890   0.09867   0.02868  -0.02697 
 -0.07652   0.06972   0.02030   0.01621  -0.10106   0.11406   0.19766  -0.07737   0.00575  -0.01606   0.18074  -0.17619  -0.02444  -0.02383   0.18033  -0.13808  -0.04059   0.09719   0.20592  -0.18081 
