#H MUET020102
#D Substitution matrix (VTML250) obtained by maximum likelihood estimation
   A  R  N  D  C  Q  E  G  H  I  L  K  M  F  P  S  T  W  Y  V  *
A  2 -1  0  0  1  0  0  1 -1 -1 -1 -1 -1 -2  0  1  1 -3 -2  0 -5
R -1  5  0 -1 -2  2  0 -1  1 -2 -2  3 -1 -3 -1  0 -1 -3 -2 -2 -5
N  0  0  4  2 -1  1  1  0  1 -3 -3  1 -2 -3 -1  1  0 -4 -1 -2 -5
D  0 -1  2  5 -3  1  3  0  0 -4 -4  0 -3 -5  0  0  0 -5 -3 -3 -5
C  1 -2 -1 -3 11 -2 -3 -1 -1  0 -2 -2  0 -2 -2  1  0 -4  0  1 -5
Q  0  2  1  1 -2  3  2 -1  1 -2 -2  2 -1 -2  0  0  0 -4 -2 -2 -5
E  0  0  1  3 -3  2  4 -1  0 -3 -3  1 -2 -4  0  0  0 -5 -2 -2 -5
G  1 -1  0  0 -1 -1 -1  7 -1 -4 -4 -1 -3 -4 -1  0 -1 -4 -4 -3 -5
H -1  1  1  0 -1  1  0 -1  6 -2 -2  0 -2  0 -1  0  0  0  2 -2 -5
I -1 -2 -3 -4  0 -2 -3 -4 -2  4  3 -2  2  1 -3 -2  0 -1 -1  3 -5
L -1 -2 -3 -4 -2 -2 -3 -4 -2  3  4 -2  3  2 -2 -2 -1  0  0  2 -5
K -1  3  1  0 -2  2  1 -1  0 -2 -2  3 -1 -3  0  0  0 -3 -2 -2 -5
M -1 -1 -2 -3  0 -1 -2 -3 -2  2  3 -1  4  1 -2 -1  0 -2 -1  2 -5
F -2 -3 -3 -5 -2 -2 -4 -4  0  1  2 -3  1  7 -3 -2 -2  3  5  0 -5
P  0 -1 -1  0 -2  0  0 -1 -1 -3 -2  0 -2 -3  7  0  0 -3 -4 -2 -5
S  1  0  1  0  1  0  0  0  0 -2 -2  0 -1 -2  0  2  1 -3 -1 -1 -5
T  1 -1  0  0  0  0  0 -1  0  0 -1  0  0 -2  0  1  3 -4 -2  0 -5
W -3 -3 -4 -5 -4 -4 -5 -4  0 -1  0 -3 -2  3 -3 -3 -4 14  4 -3 -5
Y -2 -2 -1 -3  0 -2 -2 -4  2 -1  0 -2 -1  5 -4 -1 -2  4  8 -1 -5
V  0 -2 -2 -3  1 -2 -2 -3 -2  3  2 -2  2  0 -2 -1  0 -3 -1  3 -5
* -5 -5 -5 -5 -5 -5 -5 -5 -5 -5 -5 -5 -5 -5 -5 -5 -5 -5 -5 -5  0
