#H MUET020101
#D Substitution matrix (VTML160) obtained by maximum likelihood estimation
   A  R  N  D  C  Q  E  G  H  I  L  K  M  F  P  S  T  W  Y  V  *
A  5 -2 -1 -1  1 -1 -1  0 -2 -1 -2 -1 -1 -3  0  1  1 -5 -3  0 -7
R -2  7  0 -3 -3  2 -1 -3  1 -4 -3  4 -2 -5 -2 -1 -1 -4 -3 -4 -7
N -1  0  7  3 -3  0  0  0  1 -4 -4  0 -3 -5 -2  1  0 -5 -2 -4 -7
D -1 -3  3  7 -5  1  3 -1  0 -6 -6  0 -5 -7 -1  0 -1 -7 -5 -4 -7
C  1 -3 -3 -5 13 -4 -5 -2 -2 -1 -4 -4 -1 -4 -3  1  0 -7 -1  1 -7
Q -1  2  0  1 -4  6  2 -3  2 -4 -2  2 -1 -4 -1  0 -1 -6 -4 -3 -7
E -1 -1  0  3 -5  2  6 -2 -1 -5 -4  1 -3 -6 -1  0 -1 -7 -3 -3 -7
G  0 -3  0 -1 -2 -3 -2  8 -3 -7 -6 -2 -5 -6 -3  0 -2 -5 -5 -5 -7
H -2  1  1  0 -2  2 -1 -3  9 -4 -3  0 -3  0 -2 -1 -1 -1  3 -3 -7
I -1 -4 -4 -6 -1 -4 -5 -7 -4  6  3 -4  2  0 -4 -3 -1 -2 -2  4 -7
L -2 -3 -4 -6 -4 -2 -4 -6 -3  3  6 -3  4  2 -3 -3 -2 -1 -1  2 -7
K -1  4  0  0 -4  2  1 -2  0 -4 -3  5 -2 -5 -1 -1 -1 -5 -3 -3 -7
M -1 -2 -3 -5 -1 -1 -3 -5 -3  2  4 -2  8  1 -4 -3 -1 -4 -2  1 -7
F -3 -5 -5 -7 -4 -4 -6 -6  0  0  2 -5  1  9 -5 -3 -3  3  6 -1 -7
P  0 -2 -2 -1 -3 -1 -1 -3 -2 -4 -3 -1 -4 -5  9  0 -1 -5 -6 -3 -7
S  1 -1  1  0  1  0  0  0 -1 -3 -3 -1 -3 -3  0  4  2 -4 -2 -2 -7
T  1 -1  0 -1  0 -1 -1 -2 -1 -1 -2 -1 -1 -3 -1  2  5 -6 -3  0 -7
W -5 -4 -5 -7 -7 -6 -7 -5 -1 -2 -1 -5 -4  3 -5 -4 -6 16  4 -5 -7
Y -3 -3 -2 -5 -1 -4 -3 -5  3 -2 -1 -3 -2  6 -6 -2 -3  4 10 -3 -7
V  0 -4 -4 -4  1 -3 -3 -5 -3  4  2 -3  1 -1 -3 -2  0 -5 -3  5 -7
* -7 -7 -7 -7 -7 -7 -7 -7 -7 -7 -7 -7 -7 -7 -7 -7 -7 -7 -7 -7  0
