IntronPotTab 1 1024 0.10124
   -0.00155
   -0.01376
   -0.00354
    0.00944
   -0.00069
   -0.02797
    0.00297
    0.01308
   -0.01162
   -0.00497
   -0.00575
    0.01369
   -0.00075
   -0.02415
   -0.00192
    0.00950
   -0.00364
   -0.00656
   -0.00336
    0.01318
   -0.00138
   -0.02047
    0.00711
    0.01053
   -0.00207
   -0.00778
   -0.00946
    0.01246
    0.00772
   -0.02389
   -0.02002
    0.01608
    0.00213
   -0.03034
   -0.01113
    0.02474
   -0.00106
   -0.04115
    0.00153
    0.02563
    0.00396
   -0.01559
   -0.01021
    0.01324
    0.00073
   -0.03117
   -0.01703
    0.02217
   -0.00122
   -0.01521
   -0.00030
    0.00963
   -0.00140
   -0.02132
   -0.00286
    0.01712
    0.00503
   -0.00651
   -0.00986
    0.00382
    0.00518
   -0.01984
    0.00150
    0.00197
    0.00279
   -0.02838
   -0.01197
    0.01690
    0.00841
   -0.02579
   -0.00689
    0.00998
    0.00761
   -0.02182
   -0.00421
    0.00770
    0.00499
   -0.03631
   -0.01561
    0.01472
    0.00336
   -0.02143
   -0.02257
    0.02637
    0.00567
   -0.05857
    0.00176
    0.03395
    0.00114
   -0.01531
   -0.01431
    0.02049
    0.02414
   -0.03512
   -0.01653
    0.01012
    0.00799
   -0.03691
    0.00324
    0.01337
    0.00111
   -0.04328
    0.01148
    0.02417
    0.02773
   -0.03216
   -0.02910
    0.01217
    0.01291
   -0.03075
   -0.02403
    0.02060
    0.00995
   -0.03464
   -0.00430
    0.00828
    0.00470
   -0.04677
    0.01086
    0.01529
    0.00772
   -0.01019
   -0.03319
    0.01491
    0.00340
   -0.03826
   -0.01544
    0.01736
    0.00544
   -0.01330
   -0.04623
    0.02323
    0.00373
   -0.02394
   -0.00414
    0.01241
    0.00617
   -0.00365
   -0.02362
    0.01108
    0.00537
   -0.02630
   -0.02304
    0.01558
   -0.00003
   -0.00512
   -0.01543
    0.01685
    0.01240
   -0.06206
    0.00279
    0.02912
    0.00125
   -0.01704
   -0.01396
    0.02037
    0.01296
   -0.01879
   -0.03177
    0.02007
    0.02391
   -0.03435
   -0.05538
    0.02432
    0.01613
   -0.04565
   -0.01222
    0.02541
    0.01744
   -0.03575
   -0.03757
    0.03220
    0.00111
   -0.02171
   -0.01053
    0.01832
    0.01117
   -0.04418
    0.00376
    0.00648
    0.00954
   -0.03404
   -0.00327
    0.01233
   -0.00028
   -0.00227
   -0.02449
    0.01640
    0.00566
   -0.03347
   -0.01771
    0.01398
   -0.00080
   -0.00061
   -0.00819
    0.00403
    0.00370
   -0.00880
   -0.00269
    0.00147
    0.00157
   -0.00124
   -0.01311
    0.00520
   -0.00989
   -0.01976
   -0.00859
    0.01374
   -0.00092
   -0.01229
   -0.00706
    0.01541
    0.00246
   -0.02878
    0.01633
    0.00367
    0.01141
   -0.00915
   -0.02043
    0.00673
    0.00464
   -0.00902
   -0.00601
    0.00551
    0.00748
   -0.01155
   -0.01225
    0.00368
    0.01084
   -0.03546
    0.00166
    0.00543
    0.01095
   -0.00795
   -0.02525
    0.00892
   -0.00307
   -0.01559
    0.00307
    0.00726
    0.00098
   -0.00724
    0.00773
   -0.00063
    0.00775
   -0.02385
   -0.00811
    0.01161
    0.00515
   -0.00588
   -0.01778
    0.00700
   -0.00010
   -0.01607
   -0.00946
    0.00797
    0.00248
   -0.02290
   -0.01165
    0.01337
   -0.00280
   -0.02551
   -0.01191
    0.02271
    0.00040
   -0.01422
   -0.01161
    0.01253
    0.00369
   -0.02838
   -0.01834
    0.01264
   -0.00467
   -0.00023
   -0.01564
    0.01689
   -0.00441
    0.00130
   -0.02391
    0.02163
    0.00050
    0.00908
   -0.02395
    0.00545
    0.00702
   -0.01513
   -0.01637
    0.01090
   -0.00070
   -0.01515
   -0.01468
    0.01896
    0.00073
   -0.03696
    0.00547
    0.01850
   -0.00525
   -0.01637
    0.00312
    0.01312
    0.00151
   -0.03092
   -0.00786
    0.01487
    0.00731
   -0.01345
   -0.02299
    0.00560
   -0.00078
   -0.02268
   -0.01853
    0.02832
    0.00486
    0.00057
   -0.04820
    0.01955
    0.01179
   -0.02090
   -0.02002
    0.00580
    0.00934
   -0.02788
   -0.02591
    0.01894
    0.00491
   -0.02066
   -0.03166
    0.02691
    0.01800
   -0.02571
   -0.05187
    0.02668
    0.01421
   -0.03813
   -0.04936
    0.02528
    0.00792
   -0.00674
   -0.03180
    0.01464
    0.00571
   -0.04855
   -0.00075
    0.03644
   -0.00703
   -0.02412
    0.01153
    0.01678
    0.01541
   -0.02902
   -0.00892
    0.01371
    0.00224
   -0.02472
    0.00037
    0.01466
    0.01437
   -0.04512
    0.00136
    0.02586
    0.01261
   -0.01401
   -0.00759
    0.00138
    0.01370
   -0.03286
   -0.01670
    0.01705
    0.00831
   -0.01919
   -0.00601
    0.00510
    0.00453
   -0.05371
    0.00005
    0.03960
    0.00460
   -0.01623
   -0.06926
    0.04065
    0.01779
   -0.05225
   -0.01723
    0.02445
    0.01369
   -0.02275
   -0.06071
    0.02018
    0.01547
   -0.00815
   -0.02997
    0.01036
    0.00610
   -0.00077
   -0.03921
    0.01766
    0.00385
   -0.01300
   -0.03549
    0.01659
    0.00200
   -0.00807
   -0.01917
    0.01518
    0.00669
   -0.03515
   -0.00152
    0.02143
    0.01234
   -0.02263
   -0.03278
    0.02363
    0.00701
   -0.01409
   -0.02014
    0.01626
    0.01771
   -0.03770
   -0.03341
    0.02191
    0.00680
   -0.03439
   -0.00352
    0.02410
    0.02300
   -0.00119
   -0.05398
    0.01879
   -0.00678
   -0.01653
   -0.02596
    0.02530
    0.01835
   -0.04738
   -0.02245
    0.00892
    0.01518
   -0.04238
   -0.02395
    0.03177
    0.01323
   -0.00445
   -0.05618
    0.02130
    0.01255
   -0.03087
   -0.03211
    0.01721
   -0.01090
   -0.00418
   -0.01870
    0.02334
    0.00486
   -0.02085
   -0.02589
    0.01961
    0.00192
   -0.02048
   -0.00881
    0.01313
   -0.00703
   -0.01963
   -0.02042
    0.01724
   -0.00750
   -0.00906
   -0.00570
    0.02112
    0.00981
   -0.00289
    0.01911
   -0.02490
   -0.00189
   -0.01275
   -0.00519
    0.01332
    0.01429
   -0.00843
   -0.01571
    0.00314
    0.00497
   -0.01343
   -0.01117
    0.00672
    0.00325
   -0.02733
   -0.01060
    0.01820
   -0.00640
    0.00146
   -0.01514
    0.01650
    0.00647
   -0.01800
   -0.02051
    0.01323
    0.00749
   -0.03992
    0.00236
    0.00995
    0.00389
   -0.01642
   -0.03143
    0.02551
    0.00733
   -0.01984
   -0.02614
    0.01803
    0.00020
   -0.01881
   -0.01515
    0.01379
   -0.00173
   -0.01916
   -0.01367
    0.01826
    0.00394
   -0.02845
   -0.01250
    0.01844
   -0.02259
   -0.00072
   -0.02216
    0.03733
    0.00287
   -0.03184
   -0.00976
    0.01187
   -0.00077
   -0.01229
   -0.00669
    0.01494
   -0.00391
   -0.02656
   -0.00249
    0.02455
   -0.02013
   -0.00535
   -0.00724
    0.02942
    0.01942
   -0.03084
   -0.01384
    0.00893
   -0.00101
   -0.02533
   -0.00643
    0.02089
   -0.00249
   -0.04234
    0.00358
    0.02543
   -0.01519
   -0.00229
   -0.00351
    0.02299
    0.00141
   -0.03740
   -0.00090
    0.01414
    0.00670
   -0.00858
   -0.00709
   -0.00308
   -0.00303
   -0.03668
    0.01248
    0.01579
   -0.00439
    0.00680
   -0.02820
    0.01806
    0.01093
   -0.03080
   -0.02158
    0.00978
    0.00902
   -0.02406
   -0.03489
    0.01764
    0.00980
   -0.03587
   -0.00561
    0.01500
    0.01600
   -0.03316
   -0.01653
    0.01821
    0.00697
   -0.02934
   -0.00421
    0.00904
    0.00537
   -0.02515
   -0.01784
    0.02433
    0.02319
   -0.06119
    0.02288
    0.01497
    0.00095
   -0.02082
    0.00418
    0.01373
    0.03864
   -0.03297
   -0.01218
    0.00308
    0.01241
   -0.03169
   -0.01063
    0.01334
    0.01396
   -0.02698
   -0.01087
    0.01802
    0.02526
   -0.03170
   -0.03209
    0.02176
    0.00741
   -0.03627
   -0.00189
    0.01627
    0.01905
   -0.05003
   -0.01552
    0.01279
    0.00310
   -0.04050
    0.00702
    0.02013
    0.01468
   -0.02563
   -0.04102
    0.02709
    0.01457
   -0.04788
   -0.02601
    0.02292
    0.01393
   -0.02820
   -0.05178
    0.02340
    0.01893
   -0.04197
   -0.01693
    0.01714
    0.01311
    0.00309
   -0.04994
    0.02432
    0.00502
   -0.04606
   -0.01799
    0.02155
    0.00507
   -0.02561
   -0.01263
    0.02162
    0.01203
   -0.04130
    0.00546
    0.01347
    0.00211
    0.00555
   -0.03802
    0.02441
    0.01902
   -0.02770
   -0.01745
    0.01324
    0.02376
   -0.03750
   -0.02812
    0.01031
    0.00666
   -0.02956
    0.00188
    0.01601
    0.04375
   -0.04335
   -0.06571
    0.04698
    0.00033
   -0.02958
   -0.00013
    0.01399
    0.00695
   -0.03841
   -0.02060
    0.02682
    0.01435
   -0.04992
   -0.00106
    0.01464
   -0.00542
   -0.00695
   -0.02804
    0.02882
    0.01789
   -0.03314
   -0.02782
    0.01276
    0.00268
   -0.02028
   -0.04051
    0.01919
    0.01608
   -0.02557
   -0.01385
    0.00334
    0.00329
   -0.02134
   -0.01983
    0.02091
   -0.00036
   -0.01891
   -0.00829
    0.00899
   -0.00452
   -0.01201
   -0.00593
    0.01842
   -0.00465
   -0.01846
    0.01807
    0.00425
    0.00592
   -0.00187
   -0.01623
    0.00599
    0.02488
   -0.02110
    0.00890
   -0.00963
    0.01442
   -0.01842
   -0.03272
    0.01040
    0.00926
   -0.03647
    0.00229
    0.01181
    0.01230
   -0.01375
   -0.01448
    0.00626
    0.00201
   -0.02255
    0.00584
    0.00564
    0.00467
   -0.01901
   -0.01581
    0.01069
    0.01043
   -0.02981
   -0.00910
    0.01516
    0.00329
   -0.00258
   -0.02833
    0.01564
    0.00753
   -0.02192
   -0.01558
    0.00985
   -0.00420
   -0.00196
   -0.00874
    0.01032
   -0.00735
   -0.01115
    0.00121
    0.01304
    0.00587
   -0.00352
   -0.01031
    0.00109
   -0.01700
   -0.00954
   -0.00201
    0.01363
   -0.01167
   -0.00084
   -0.00227
    0.01984
   -0.00512
   -0.02222
    0.00201
    0.01457
   -0.00794
   -0.00743
   -0.00714
    0.01468
    0.00678
   -0.01742
   -0.01915
    0.01065
   -0.00047
   -0.01186
   -0.01205
    0.01514
   -0.00192
   -0.03279
   -0.00053
    0.02057
    0.00191
   -0.00821
   -0.00550
    0.00502
   -0.00990
   -0.02374
   -0.01471
    0.01936
    0.00041
   -0.00207
   -0.00393
    0.00231
   -0.00958
   -0.03012
    0.00321
    0.02200
   -0.00327
   -0.00032
   -0.01110
    0.00830
   -0.00893
   -0.01359
   -0.00428
    0.00944
    0.00710
   -0.03049
   -0.01165
    0.01178
   -0.00011
   -0.03874
    0.01324
    0.01599
    0.00880
   -0.01291
   -0.03404
    0.01655
    0.00528
   -0.04216
   -0.01797
    0.01945
    0.00512
   -0.01082
   -0.03254
    0.02444
    0.01783
   -0.04244
   -0.00204
    0.01076
   -0.00498
   -0.02028
   -0.00005
    0.02066
    0.03902
   -0.05393
   -0.01004
    0.01640
    0.00787
   -0.04055
   -0.00930
    0.02051
    0.01056
   -0.04750
    0.00760
    0.01857
    0.02086
   -0.02273
   -0.03088
    0.01530
    0.00706
   -0.05934
    0.00752
    0.02412
    0.00855
   -0.03505
   -0.00467
    0.01346
    0.00474
   -0.04486
   -0.00716
    0.02740
    0.00608
   -0.01269
   -0.04214
    0.02403
    0.02391
   -0.05338
   -0.01157
    0.01804
    0.00799
   -0.01899
   -0.04456
    0.02010
    0.01574
   -0.02143
   -0.01892
    0.00583
    0.01364
   -0.00410
   -0.04511
    0.01414
   -0.00432
   -0.03090
   -0.02441
    0.02370
   -0.00911
   -0.00291
   -0.02245
    0.02952
    0.01187
   -0.04303
   -0.01165
    0.02016
   -0.00008
   -0.01031
   -0.01701
    0.01789
    0.01587
   -0.02916
   -0.03764
    0.02622
    0.02010
   -0.03844
   -0.03330
    0.01678
    0.01482
   -0.04596
   -0.01139
    0.02440
    0.03567
   -0.02663
   -0.05715
    0.02616
    0.00598
   -0.02062
   -0.01661
    0.01687
    0.00462
   -0.03035
   -0.00908
    0.01465
    0.01782
   -0.04428
   -0.01517
    0.01406
   -0.00492
   -0.00783
   -0.02620
    0.02226
   -0.00094
   -0.02877
   -0.01873
    0.01712
   -0.00805
    0.00173
   -0.00555
    0.01173
   -0.00018
   -0.02292
    0.00677
    0.00865
    0.00032
    0.00360
   -0.01461
    0.00505
   -0.00819
   -0.00829
    0.00266
    0.00504
   -0.00417
   -0.00344
   -0.01026
    0.01526
    0.00405
   -0.01795
    0.00391
    0.00271
    0.00359
   -0.00017
   -0.02295
    0.01135
    0.01300
   -0.01178
   -0.00230
   -0.00179
    0.00708
   -0.01356
   -0.01673
    0.00758
    0.00174
   -0.02753
    0.00514
    0.01148
    0.00452
   -0.00546
   -0.02241
    0.01211
   -0.01073
   -0.01059
   -0.00480
    0.01314
   -0.00093
   -0.00602
   -0.01582
    0.00967
   -0.00192
   -0.01373
   -0.00723
    0.01433
   -0.00063
   -0.00430
   -0.02861
    0.01717
   -0.00154
   -0.01578
   -0.00602
    0.00852
