9 20 3 1 47 -3.5583 2.2938 4.1925 14307
 -0.04906   0.11738   0.11792  -0.10338  -0.08227   0.17309   0.15417  -0.11880  -0.06120   0.13033   0.08318  -0.10709  -0.02541   0.04047   0.15723  -0.13182  -0.16376   0.15204   0.19844  -0.10447 
 -0.07673   0.13599   0.15759  -0.12512  -0.07555   0.10235   0.18589  -0.08872  -0.02963   0.10950   0.09143  -0.13918   0.00823   0.03439   0.14607  -0.15811  -0.13256   0.13893   0.16809  -0.08808 
 -0.05226   0.10643   0.15709  -0.12610  -0.06911   0.10955   0.12686  -0.05389  -0.05672   0.12841   0.07342  -0.10059  -0.01380   0.04361   0.11909  -0.10838  -0.15774   0.13764   0.13870  -0.05397 
 -0.06485   0.11381   0.12254  -0.08703  -0.08711   0.12515   0.21481  -0.12181  -0.06783   0.08371   0.12381  -0.09413  -0.02114   0.06471   0.15157  -0.15454  -0.17401   0.15762   0.18377  -0.09105 
 -0.08357   0.11806   0.17734  -0.12098  -0.08648   0.12402   0.17265  -0.07948  -0.04041   0.11221   0.10445  -0.14127   0.00952   0.02852   0.14850  -0.15716  -0.10577   0.13194   0.18019  -0.10829 
 -0.05454   0.10923   0.16132  -0.13005  -0.09774   0.12125   0.14572  -0.03878  -0.03951   0.10646   0.07902  -0.10659   0.01476   0.03066   0.09964  -0.11414  -0.15451   0.15117   0.13652  -0.06215 
 -0.06262   0.11215   0.12308  -0.08849  -0.08810   0.12737   0.20658  -0.11355  -0.06477   0.11409   0.11744  -0.12323  -0.04157   0.06238   0.16480  -0.14173  -0.16191   0.14749   0.19596  -0.10030 
 -0.08569   0.12228   0.18031  -0.12549  -0.06534   0.12300   0.16193  -0.10148  -0.02835   0.08382   0.11054  -0.13536   0.00845   0.00931   0.15147  -0.14142  -0.10188   0.13187   0.17269  -0.10453 
 -0.04406   0.09750   0.15908  -0.13017  -0.09444   0.12380   0.15321  -0.05130  -0.03676   0.11342   0.07992  -0.11934   0.01543   0.04620   0.09106  -0.12072  -0.13629   0.14000   0.14277  -0.06857 
 -0.05767   0.11518   0.12429  -0.09736  -0.09151   0.10892   0.18167  -0.06692  -0.05444   0.10169   0.12613  -0.13499  -0.03131   0.06414   0.16158  -0.15261  -0.14976   0.16144   0.20970  -0.12857 
 -0.07871   0.11847   0.17889  -0.12832  -0.08492   0.13450   0.18937  -0.10796  -0.03691   0.09544   0.10841  -0.13222  -0.00555   0.02124   0.15062  -0.13222  -0.10596   0.12419   0.17505  -0.09910 
 -0.05641   0.10446   0.16513  -0.12745  -0.08907   0.12800   0.14864  -0.05864  -0.08262   0.13377   0.08021  -0.07987   0.02438   0.03672   0.11413  -0.14770  -0.17008   0.16659   0.16614  -0.08538 
 -0.06935   0.12565   0.13585  -0.10361  -0.09459   0.12262   0.19818  -0.09036  -0.08061   0.13722   0.10717  -0.11598  -0.02394   0.03628   0.14545  -0.11677  -0.12189   0.14488   0.18374  -0.11030 
 -0.07937   0.12051   0.16782  -0.11819  -0.09199   0.12137   0.17834  -0.07421  -0.04769   0.07328   0.15321  -0.14991  -0.00440   0.02767   0.16712  -0.15927  -0.15237   0.13144   0.18509  -0.08613 
 -0.06956   0.09908   0.18007  -0.12280  -0.06954   0.10792   0.14851  -0.06928  -0.06068   0.11064   0.08078  -0.08375   0.01879   0.06129   0.10932  -0.15880  -0.13622   0.16407   0.14344  -0.08434 
 -0.05506   0.12038   0.12925  -0.10901  -0.09135   0.10529   0.21138  -0.09247  -0.05467   0.11842   0.13235  -0.16313  -0.02279   0.03230   0.16164  -0.13264  -0.13552   0.13512   0.20575  -0.11471 
 -0.07292   0.10741   0.18630  -0.13278  -0.08468   0.13470   0.18308  -0.10227  -0.03151   0.09196   0.09659  -0.12250   0.00169   0.04658   0.14547  -0.16016  -0.13367   0.14546   0.18046  -0.10135 
 -0.05694   0.11505   0.16082  -0.13191  -0.09008   0.13142   0.14916  -0.06069  -0.04666   0.10183   0.07852  -0.09106   0.02982   0.05125   0.08270  -0.13738  -0.14981   0.15303   0.16192  -0.08344 
 -0.05673   0.11943   0.12658  -0.10396  -0.10024   0.14959   0.19508  -0.10537  -0.06832   0.12217   0.11070  -0.11937  -0.00793   0.05948   0.14442  -0.15857  -0.14056   0.15679   0.21062  -0.13130 
 -0.07717   0.13231   0.17483  -0.13868  -0.10806   0.15787   0.17408  -0.08207  -0.04601   0.10593   0.08690  -0.10527   0.01203   0.04337   0.13982  -0.16516  -0.12303   0.12197   0.17928  -0.09133 
 -0.06294   0.11888   0.15446  -0.12207  -0.08562   0.10443   0.17411  -0.06473  -0.06454   0.12550   0.07410  -0.08761   0.02356   0.06263   0.10703  -0.16483  -0.12899   0.16705   0.13619  -0.08508 
 -0.05924   0.12417   0.13150  -0.10960  -0.07506   0.14325   0.15615  -0.10047  -0.07679   0.12077   0.10326  -0.09774  -0.01599   0.05574   0.11919  -0.11683  -0.11343   0.14552   0.18139  -0.11376 
 -0.06710   0.12658   0.14903  -0.11904  -0.10070   0.15252   0.18374  -0.09643  -0.03350   0.10024   0.09757  -0.12977   0.01600   0.04937   0.10166  -0.13490  -0.12678   0.13736   0.17643  -0.09668 
 -0.05903   0.12092   0.14915  -0.12329  -0.06934   0.11982   0.13852  -0.07173  -0.06018   0.13117   0.05711  -0.08248   0.01547   0.05556   0.09270  -0.13117  -0.17645   0.16932   0.13487  -0.06213 
 -0.06167   0.12846   0.11435  -0.09587  -0.08412   0.14142   0.16116  -0.08911  -0.06410   0.11090   0.09734  -0.09719  -0.00835   0.06024   0.13249  -0.14512  -0.15584   0.18924   0.16500  -0.10775 
 -0.07433   0.13639   0.14762  -0.11856  -0.08013   0.14006   0.17072  -0.10283  -0.03454   0.11132   0.08941  -0.13118   0.01859   0.04670   0.14624  -0.18645  -0.13448   0.14905   0.17549  -0.09933 
 -0.05329   0.12241   0.15484  -0.13704  -0.07774   0.12585   0.15586  -0.07926  -0.04389   0.10556   0.06998  -0.08994   0.04697   0.05835   0.07225  -0.15997  -0.12534   0.14858   0.14197  -0.07903 
 -0.04294   0.11943   0.11833  -0.11256  -0.09315   0.16048   0.17225  -0.10505  -0.04970   0.12440   0.09812  -0.13384  -0.00596   0.04886   0.13236  -0.13698  -0.13915   0.16642   0.18568  -0.11708 
 -0.06806   0.13625   0.15534  -0.13303  -0.09844   0.12736   0.19108  -0.08225  -0.03524   0.10590   0.10506  -0.14271   0.00405   0.04305   0.14149  -0.15529  -0.13479   0.17003   0.17220  -0.11100 
 -0.06156   0.12187   0.16107  -0.13291  -0.08026   0.11986   0.12847  -0.04795  -0.04949   0.11636   0.04132  -0.06601   0.03333   0.07448   0.06602  -0.14972  -0.14390   0.15570   0.13731  -0.07071 
 -0.05226   0.12618   0.10220  -0.09427  -0.10818   0.17327   0.16691  -0.09114  -0.05336   0.10581   0.10395  -0.11400   0.00105   0.06499   0.13234  -0.16284  -0.13811   0.15429   0.20215  -0.12325 
 -0.07476   0.13612   0.16107  -0.13092  -0.08568   0.15736   0.13778  -0.08211  -0.01847   0.10380   0.08142  -0.13866   0.00635   0.04479   0.15500  -0.17675  -0.11231   0.16305   0.18046  -0.12601 
 -0.04937   0.12832   0.14890  -0.14147  -0.08255   0.15182   0.12669  -0.07216  -0.00869   0.12158   0.01753  -0.10741   0.04922   0.06819   0.10124  -0.20626  -0.15315   0.19170   0.12740  -0.08336 
 -0.03891   0.14340   0.10191  -0.12500  -0.08682   0.12386   0.19115  -0.09632  -0.05074   0.11893   0.10314  -0.13184  -0.02186   0.09532   0.13601  -0.16852  -0.16456   0.19009   0.17454  -0.11140 
 -0.07194   0.14069   0.15884  -0.13629  -0.09104   0.10873   0.19350  -0.07837  -0.03884   0.08556   0.10429  -0.11365   0.01763   0.05881   0.13055  -0.17869  -0.13497   0.14953   0.13914  -0.07263 
 -0.05621   0.11076   0.15055  -0.11892  -0.06083   0.12731   0.12422  -0.07993  -0.01474   0.12578   0.03965  -0.12451   0.05015   0.03132   0.08962  -0.15568  -0.08540   0.14171   0.11180  -0.07671 
 -0.02528   0.11642   0.09978  -0.11531  -0.08805   0.16033   0.15122  -0.09322  -0.02885   0.11614   0.08759  -0.14374   0.03158   0.04963   0.12731  -0.18687  -0.11770   0.14417   0.18444  -0.11284 
 -0.04803   0.12912   0.14494  -0.13995  -0.06900   0.11081   0.19799  -0.11935  -0.03394   0.10967   0.09284  -0.13427   0.02367   0.05577   0.13535  -0.19070  -0.10587   0.14690   0.17335  -0.11264 
 -0.04042   0.11518   0.15809  -0.14969  -0.06140   0.14377   0.10287  -0.07765  -0.02591   0.11624   0.03132  -0.08876   0.05281   0.08274   0.08264  -0.20833  -0.12922   0.17690   0.10892  -0.07330 
 -0.03017   0.13952   0.08881  -0.12098  -0.09791   0.17311   0.15416  -0.09442  -0.04057   0.14057   0.04094  -0.10405   0.03293   0.06767   0.09584  -0.17242  -0.08750   0.16172   0.14558  -0.11241 
 -0.04865   0.14738   0.11723  -0.13054  -0.07504   0.14382   0.13930  -0.08614  -0.00123   0.10526   0.06738  -0.15318   0.02013   0.08000   0.11502  -0.18786  -0.10247   0.15555   0.16006  -0.11003 
 -0.03541   0.13125   0.12831  -0.14173  -0.05628   0.11038   0.06104  -0.02721  -0.00532   0.10811  -0.02015  -0.06582   0.03631   0.04993   0.07868  -0.14163  -0.06082   0.14926   0.05945  -0.06436 
 -0.01814   0.11367   0.05193  -0.08479  -0.10467   0.15319   0.14214  -0.05486   0.00834   0.07887   0.04509  -0.11555   0.03678   0.02804   0.09829  -0.14113  -0.04134   0.14430   0.14172  -0.12841 
 -0.03303   0.11450   0.11463  -0.11687  -0.10397   0.12636   0.15605  -0.04310  -0.01060   0.07929   0.04490  -0.08625   0.04395   0.04566   0.04782  -0.12033  -0.08745   0.11333   0.12282  -0.06587 
 -0.04092   0.10164   0.10234  -0.08681  -0.04754   0.08962   0.03296  -0.00713  -0.01964   0.05095  -0.01914   0.00111   0.07839   0.04837  -0.02392  -0.11683  -0.09675   0.12433   0.03617  -0.01865 
 -0.02015   0.08765   0.01475  -0.03946  -0.00056   0.07995   0.01548  -0.06189   0.09116  -0.01055  -0.07399  -0.07736   0.13728   0.05832  -0.11119  -0.16820  -0.06783   0.11451   0.06308  -0.04231 
  0.03398   0.07031  -0.00619  -0.07792   0.00269   0.22642  -0.00290  -0.22166   0.10117   0.17463  -0.12065  -0.28630   0.19038   0.11557  -0.00844  -0.54964   0.02476   0.23931   0.07608  -0.21538 
  0.07050   0.20168  -0.00366  -0.27974   0.15293  -0.02487  -0.15935  -0.25614   0.29460  -0.20900  -0.39158  -0.32848   0.29331  -0.14151  -0.19519  -0.35405   0.13446   0.07305   0.04023  -0.17086 
  0.23934  -0.06553  -0.17631  -0.29523  -0.27476  -0.48453   0.65780  -0.54172  -0.26578  -0.31373   0.46394  -0.25191  -0.16554  -0.35417   0.50537  -0.43664  -0.56576  -0.26127   0.57043  -0.33736 
 -0.24141  -0.40010   0.57004  -0.46330  -1.93918  -4.15558   0.84624  -4.15558  -1.67352  -4.15558   0.70538  -4.15558  -2.35478  -4.15558   0.73451  -4.15558  -1.82710  -4.15558   0.75324  -4.15558 
 -2.09168  -4.15558   0.77014  -4.15558  -4.15558  -4.15558  -4.15558   0.55451  -4.15558  -4.15558  -4.15558  -4.15558  -4.15558  -1.31911  -4.15558   0.49992  -4.15558  -4.15558  -4.15558  -4.15558 
 -4.15558  -1.25660  -4.15558   0.47669  -4.15558  -4.15558  -4.15558  -4.15558   0.35812  -0.27772  -0.37710  -0.87038  -4.15558  -4.15558  -4.15558  -4.15558   0.44511  -0.84045   0.05041  -0.68482 
  0.32187  -0.86028   0.06447  -0.58476   0.21852  -0.14797  -0.29137  -0.36369   0.24349  -0.31118  -0.08278  -0.27597   0.40654  -0.43573  -0.24968  -0.86530   0.08359  -0.19565   0.08160  -0.03482 
  0.30927  -0.21131  -0.26166  -0.40917  -0.47382  -0.48493   0.66710  -0.27520  -0.34519  -0.30391   0.45578  -0.15293  -0.59619  -0.54566   0.60021  -0.37049  -0.33914  -0.53170   0.48584  -0.14205 
 -0.39617  -0.47998   0.57731  -0.28538  -0.01729  -0.12088  -0.06141   0.10226  -0.03188   0.05912  -0.10924   0.05992  -0.44721  -0.36802  -0.39135   0.36840  -0.08278  -0.37815  -0.11991   0.15309 
 -0.27257  -0.26034  -0.24844   0.28347   0.02734   0.06581  -0.04910  -0.06417   0.00012   0.16056  -0.12081  -0.05843  -0.00534  -0.00989  -0.00796   0.01565   0.10483  -0.04196  -0.00060  -0.05909 
  0.01278  -0.00728  -0.01150  -0.00348  -0.05083   0.07405  -0.07769   0.05772  -0.03322   0.16870  -0.06091  -0.06123  -0.05858  -0.02269   0.05961   0.02893  -0.07281  -0.12107   0.01659   0.06695 
 -0.05267   0.02571  -0.01538   0.04175  -0.01738   0.08576  -0.13667   0.02961  -0.04935   0.19879  -0.10696  -0.04484  -0.08825   0.04629   0.08227  -0.00567  -0.16986   0.04255  -0.08253   0.08871 
 -0.08014   0.08970  -0.06118   0.04862  -0.00298   0.03701  -0.06006   0.01063  -0.05514   0.18834  -0.07871  -0.04363  -0.08288   0.08349   0.01845   0.00512  -0.14842  -0.04922  -0.05363   0.10077 
 -0.07248   0.05888  -0.04220   0.05189   0.00627   0.08442  -0.04849  -0.04171   0.00682   0.17082  -0.05784  -0.12587  -0.09060   0.01293   0.00481   0.06401  -0.07994  -0.02524  -0.00940   0.05314 
 -0.03971   0.05826  -0.02080   0.01616   0.00261   0.07859  -0.09077  -0.01203  -0.00854   0.13240  -0.07494  -0.04607  -0.09640   0.02629   0.04100   0.04043  -0.06974  -0.05088  -0.00712   0.05558 
 -0.03571   0.04521  -0.02839   0.02335   0.01866  -0.00240  -0.09477   0.01576  -0.00825   0.10944  -0.03512  -0.05167  -0.07599  -0.00778   0.03152   0.05074  -0.09137  -0.04558  -0.06701   0.08289 
 -0.03155   0.00918  -0.04517   0.04524   0.00552   0.01415  -0.09806   0.02715  -0.00558   0.06382   0.00625  -0.04555  -0.06595  -0.01134   0.03951   0.04062  -0.13449  -0.06994  -0.03929   0.09709 
 -0.04793  -0.00856  -0.02782   0.05933   0.01558   0.01479  -0.09049   0.00897  -0.01508   0.11333  -0.06178  -0.02782  -0.07139  -0.00538   0.05448   0.03242  -0.09975  -0.08964  -0.02593   0.08506 
 -0.04264  -0.00347  -0.02954   0.05360  -0.00120   0.00266  -0.03139   0.01539  -0.02349   0.07729  -0.00660  -0.02386  -0.11046  -0.04941   0.06437   0.07672  -0.11861  -0.10185   0.02911   0.07605 
 -0.05977  -0.02609   0.01683   0.05627   0.00265  -0.00603  -0.06120   0.02759  -0.02017   0.08400  -0.05406  -0.00123  -0.16334  -0.01770   0.00892   0.12042  -0.12994  -0.09290   0.03921   0.07420 
 -0.07216  -0.01911  -0.00203   0.07103   0.01852  -0.00715  -0.05311   0.00110  -0.02890   0.12996  -0.02106  -0.05474  -0.13878  -0.04419   0.05101   0.09864  -0.11145  -0.07516   0.01212   0.07273 
 -0.06177  -0.00947   0.00334   0.05684   0.02539  -0.01344  -0.07398   0.00294  -0.03854   0.10102  -0.03271  -0.00763  -0.09381  -0.05263   0.01125   0.09555  -0.07707  -0.07906  -0.00917   0.06741 
 -0.04233  -0.01911  -0.02062   0.05643   0.02551  -0.05806  -0.00419  -0.00608   0.00040   0.08041  -0.01309  -0.05320  -0.10666  -0.05181   0.02278   0.09755  -0.07015  -0.10796   0.02194   0.06050 
 -0.03194  -0.04636   0.01145   0.04500   0.01421  -0.00616  -0.01531  -0.01063  -0.02316   0.09128   0.00519  -0.04550  -0.10120  -0.04762   0.08451   0.05775  -0.09941  -0.10249   0.02145   0.07160 
 -0.04640  -0.02686   0.02367   0.04275   0.02200   0.01140  -0.05699  -0.01357  -0.01651   0.08220   0.00054  -0.04241  -0.06260  -0.01999   0.04571   0.03913  -0.05609  -0.09035   0.02189   0.04951 
 -0.02713  -0.01297   0.00724   0.02820  -0.00240   0.05543  -0.03256  -0.01472  -0.01012   0.10531  -0.00754  -0.06628  -0.07253   0.02876   0.04000   0.02159  -0.08724  -0.03768  -0.00261   0.05763 
 -0.04102   0.03142  -0.00113   0.02248   0.02805   0.02600  -0.04783  -0.03746  -0.01008   0.09719  -0.00984  -0.05668  -0.08362   0.01908   0.05873   0.02457  -0.07481  -0.06039   0.03673   0.04364 
 -0.02664   0.01511   0.01492   0.01010   0.01480   0.00865  -0.02935  -0.01340  -0.01829   0.11060  -0.00591  -0.06145  -0.07081  -0.01856   0.06023   0.03583  -0.09980  -0.06031   0.01549   0.06275 
 -0.03521   0.00601   0.01127   0.02422   0.02830   0.01001  -0.05603  -0.02362  -0.00190   0.08317   0.00319  -0.06551  -0.06318  -0.02896   0.04031   0.04755  -0.09832  -0.01383  -0.00308   0.05508 
 -0.02762   0.01023  -0.00347   0.02265   0.00206   0.02942  -0.04718   0.00212   0.00410   0.09377  -0.03752  -0.05227  -0.07493  -0.05408   0.05333   0.06130  -0.10784  -0.03453  -0.02345   0.07244 
 -0.04011   0.00795  -0.01501   0.03991   0.02737  -0.00049  -0.10098   0.00367  -0.00023   0.05336  -0.01802  -0.02573  -0.07259  -0.06067   0.03892   0.07083  -0.09811  -0.05603  -0.01630   0.07230 
 -0.03095  -0.01892  -0.02307   0.04813   0.01663   0.00272  -0.04538  -0.00514  -0.02215   0.07340  -0.01724  -0.01465  -0.10187  -0.03764   0.01443   0.09226  -0.10129  -0.06546  -0.00754   0.07314 
 -0.04446  -0.01445  -0.01334   0.05295   0.01634  -0.04526  -0.07995   0.03539  -0.03298   0.02840  -0.05482   0.05288  -0.07930  -0.09043   0.02699   0.09457  -0.08455  -0.08452  -0.03132   0.07946 
 -0.04193  -0.05340  -0.03359   0.07537   0.01170  -0.00564  -0.09118   0.02643  -0.02918   0.02888  -0.06836   0.05604  -0.07904  -0.06557  -0.02002   0.10619  -0.03171  -0.06497  -0.03335   0.05118 
 -0.03066  -0.03397  -0.04937   0.06514   0.01949  -0.00620  -0.13247   0.03056   0.00311   0.00634  -0.05961   0.03013  -0.05131  -0.06618   0.02143   0.06735   0.02260  -0.09419  -0.02454   0.02713 
  0.00021  -0.04696  -0.04697   0.04317   0.01160   0.00837  -0.12895   0.03293  -0.01587   0.00130  -0.05581   0.05216  -0.00232  -0.06384  -0.04224   0.05887   0.01266  -0.07411  -0.02804   0.02838 
  0.00223  -0.03494  -0.06263   0.04267   0.01299   0.02123  -0.14332   0.02878   0.00687  -0.00427  -0.05524   0.02979  -0.00676  -0.06014  -0.04241   0.06095   0.03685  -0.11443  -0.03620   0.02851 
  0.01313  -0.04258  -0.06951   0.03857   0.00817   0.01996  -0.14800   0.03792  -0.00893   0.01078  -0.04873   0.03481  -0.00401  -0.03543  -0.07173   0.05973   0.01661  -0.13374  -0.01495   0.03761 
  0.00459  -0.04120  -0.06700   0.04491   0.00871  -0.00052  -0.14569   0.04734   0.00753  -0.02553  -0.00606   0.01112  -0.01422  -0.09245  -0.00808   0.06533  -0.00326  -0.11736   0.00741   0.03585 
 -0.00080  -0.06076  -0.03729   0.04566   0.00138   0.01439  -0.13940   0.04744   0.00033   0.02048  -0.00210  -0.01308  -0.05463  -0.07707   0.01962   0.07565  -0.04661  -0.10853   0.01854   0.05120 
 -0.02353  -0.04239  -0.02477   0.05263   0.00420   0.01263  -0.14339   0.04587  -0.00214  -0.00003   0.01118  -0.00540  -0.10173  -0.06417   0.03747   0.09250  -0.06406  -0.11348   0.02575   0.05772 
 -0.03691  -0.04636  -0.01261   0.05997  -0.00572  -0.01066  -0.14254   0.07035  -0.00693   0.02287   0.03063  -0.03056  -0.06370  -0.06090   0.02150   0.07392  -0.09998  -0.15586   0.01359   0.08708 
 -0.04896  -0.06220  -0.01483   0.07637   0.00343  -0.04642  -0.15256   0.07812  -0.01722   0.02299  -0.00922   0.01152  -0.09630  -0.05330  -0.00183   0.10358  -0.15311  -0.17299   0.04197   0.09943 
 -0.06892  -0.07951  -0.01409   0.09654  -0.01287  -0.05439  -0.13260   0.09531  -0.02574   0.05705  -0.02210   0.00567  -0.10929  -0.05084  -0.00460   0.11161  -0.19264  -0.14675   0.01174   0.11696 
 -0.09575  -0.06930  -0.02420   0.11440  -0.02215  -0.02228  -0.11094   0.08567  -0.05015   0.01928   0.01170   0.03573  -0.13393  -0.03024  -0.00896   0.11851  -0.19290  -0.11150  -0.05201   0.12893 
 -0.11397  -0.05340  -0.04082   0.12589  -0.03955  -0.00406  -0.02267   0.06519   0.02644   0.01419  -0.04706  -0.01209  -0.15510  -0.03377   0.01392   0.12109  -0.16389  -0.09322  -0.04102   0.11303 
 -0.10406  -0.04457  -0.02326   0.11058  -0.05543  -0.04586   0.10652   0.03992   0.01816   0.03225  -0.04337  -0.01642  -0.12903  -0.00212  -0.00261   0.09971  -0.15221  -0.08172  -0.06104   0.11235 
 -0.10139  -0.03943  -0.00149   0.09852  -0.07388  -0.06164   0.16775   0.02994   0.07543   0.02207  -0.13106  -0.03904  -0.09260  -0.03667   0.03180   0.07698  -0.10957  -0.08358  -0.07988   0.10342 
 -0.07607  -0.05117   0.00458   0.08363  -0.13118  -0.05800   0.26833   0.01231   0.05321   0.02042  -0.03901  -0.06199  -0.10305  -0.00914   0.07302   0.04617  -0.07761  -0.07266  -0.07002   0.08553 
 -0.08962  -0.04101   0.06617   0.06013  -0.14121  -0.06845   0.30178  -0.00410   0.05886   0.02364  -0.09682  -0.03437  -0.10509   0.01228   0.10491   0.01363  -0.03943  -0.05549  -0.06619   0.06296 
 -0.07915  -0.02724   0.08115   0.03849  -0.14392  -0.05493   0.31412  -0.02116   0.09696  -0.01734  -0.09210  -0.07025  -0.07400   0.00487   0.10731  -0.00807  -0.04992  -0.03269  -0.06627   0.06117 
 -0.06624  -0.02419   0.09013   0.02169  -0.13785  -0.00761   0.31126  -0.05269   0.06307   0.03814  -0.06825  -0.07168  -0.06220  -0.04088   0.13523  -0.01224  -0.03124  -0.04950  -0.04011   0.04874 
 -0.06326  -0.01705   0.10839   0.00441  -0.13422  -0.01742   0.28755  -0.02479   0.04333   0.04858  -0.04370  -0.06610  -0.04067  -0.01420   0.11697  -0.03338  -0.04972   0.00542  -0.04176   0.04066 
