7 20 6 1 44 -3.6298 2.0429 3.0410 14220
 -0.01770  -0.05258   0.11534  -0.02569  -0.02934  -0.00364   0.21344  -0.10776   0.00488   0.01173   0.06888  -0.07246  -0.16592  -0.23545   0.15463   0.12104   0.05149  -0.05960   0.09925  -0.06281 
 -0.02840  -0.06225   0.14216  -0.02993  -0.01962  -0.06362   0.21237  -0.08400   0.00388   0.02569   0.09254  -0.10757  -0.19010  -0.22287   0.11282   0.15347   0.04832  -0.09905   0.08675  -0.03924 
 -0.03226  -0.08975   0.13203  -0.00642  -0.03824  -0.04646   0.22883  -0.07971   0.00602   0.01531   0.08327  -0.09178  -0.23974  -0.23084   0.11247   0.17595   0.08828  -0.12734   0.08527  -0.06042 
 -0.03456  -0.09804   0.13455  -0.00260  -0.02875  -0.04555   0.22361  -0.09090  -0.01602   0.00577   0.08685  -0.05572  -0.23627  -0.25709   0.12906   0.17229   0.09927  -0.10929   0.05988  -0.06117 
 -0.03068  -0.10008   0.12976  -0.00204  -0.01612  -0.01808   0.17214  -0.08044  -0.02785   0.06882   0.03346  -0.04269  -0.24202  -0.22741   0.06324   0.19896   0.06536  -0.09048   0.06527  -0.04296 
 -0.03827  -0.06770   0.09190   0.01605  -0.02047  -0.02355   0.14400  -0.04592  -0.01286   0.06697   0.00960  -0.04114  -0.21263  -0.19652   0.04481   0.18830   0.05301  -0.11076   0.01999  -0.00549 
 -0.03526  -0.06749   0.06058   0.03145  -0.00933  -0.00082   0.10813  -0.05094  -0.02785   0.10076   0.03298  -0.07167  -0.16830  -0.17828   0.00475   0.18144   0.01486  -0.06863   0.03269   0.00056 
 -0.03716  -0.03718   0.04930   0.02635  -0.00233  -0.03201   0.09662  -0.03514  -0.07212   0.11774   0.02788  -0.02868  -0.12435  -0.09696  -0.02367   0.14613  -0.01731  -0.06869   0.04498   0.01379 
 -0.04344  -0.02574   0.04493   0.02895  -0.01203   0.00107   0.06372  -0.01805  -0.03084   0.13162  -0.02817  -0.04854  -0.13347  -0.03499  -0.03338   0.13059  -0.03321  -0.03518  -0.00120   0.03106 
 -0.04723   0.00936   0.00776   0.03453  -0.00400  -0.00282   0.02718  -0.00670  -0.02870   0.11311  -0.02723  -0.03404  -0.12462  -0.02856   0.00947   0.10414  -0.08255  -0.02092   0.04606   0.03083 
 -0.05418   0.01130   0.02411   0.03128   0.02116   0.01497  -0.06930  -0.00884  -0.01713   0.12285  -0.04982  -0.04222  -0.10550  -0.05763   0.02139   0.10008  -0.06462  -0.01766  -0.02216   0.04847 
 -0.03536   0.01480  -0.02574   0.03742   0.00518   0.01823  -0.04926   0.00512  -0.04134   0.15594  -0.02035  -0.06649  -0.12141  -0.00977  -0.00372   0.09953  -0.06996  -0.01927   0.00819   0.04011 
 -0.04651   0.03105  -0.01125   0.03214   0.02034   0.02518  -0.06001  -0.01804  -0.03159   0.13569  -0.03288  -0.04821  -0.07874  -0.03539   0.01992   0.07322  -0.08558  -0.06676   0.00776   0.06154 
 -0.03757   0.01183  -0.01070   0.03393   0.00763   0.01502  -0.08765   0.01957  -0.03725   0.13719  -0.02113  -0.05122  -0.13481  -0.00055   0.00570   0.09835  -0.07824  -0.04922  -0.00471   0.05796 
 -0.04899   0.01862  -0.02307   0.04565  -0.00150   0.01788  -0.06509   0.02193  -0.02926   0.11481  -0.02510  -0.03645  -0.10234  -0.01445   0.01510   0.08103  -0.11145  -0.05669   0.03450   0.05909 
 -0.05775   0.00883  -0.00028   0.04706   0.00652  -0.00807  -0.02529   0.00718  -0.02653   0.11142   0.00391  -0.05906  -0.10368  -0.03723   0.05278   0.07310  -0.09384  -0.09070   0.04260   0.05803 
 -0.05179  -0.01366   0.02530   0.04046   0.02350  -0.02078  -0.03442  -0.00781  -0.04472   0.11413   0.01551  -0.04768  -0.08187  -0.05094   0.02893   0.07806  -0.08931  -0.08086   0.03442   0.05675 
 -0.04293  -0.01721   0.01705   0.03886   0.00489  -0.01427  -0.00095   0.00119  -0.03758   0.04957   0.00222   0.00811  -0.10129  -0.04564   0.02222   0.09172  -0.09695  -0.07604   0.05590   0.04980 
 -0.05293  -0.02785   0.02852   0.04607   0.00883  -0.02236  -0.02307   0.01046  -0.02457   0.09433   0.02602  -0.06377  -0.14079  -0.04547   0.07935   0.08471  -0.10501  -0.09101   0.06323   0.05414 
 -0.05934  -0.02554   0.04330   0.04273   0.00462  -0.04567   0.00893   0.01320  -0.03464   0.07047   0.05411  -0.05339  -0.09920  -0.06506   0.03204   0.09409  -0.07327  -0.11115   0.05329   0.05005 
 -0.04971  -0.04651   0.04248   0.04440   0.02656  -0.04160  -0.02707  -0.00497  -0.00354   0.06405   0.03057  -0.06907  -0.08715  -0.06521  -0.00231   0.10322  -0.07975  -0.10803   0.07339   0.04336 
 -0.03416  -0.04752   0.03054   0.03802   0.02158  -0.03099  -0.04574   0.00604  -0.01026   0.07346   0.02579  -0.06384  -0.07003  -0.07412   0.01934   0.08534  -0.10295  -0.09087   0.05420   0.05708 
 -0.03716  -0.03915   0.02016   0.04214   0.01611  -0.02466  -0.00456  -0.00860   0.00529   0.06509  -0.01476  -0.04529  -0.06353  -0.09647   0.04853   0.07495  -0.09433  -0.07804   0.03626   0.05736 
 -0.03436  -0.03915   0.02171   0.03903   0.04324  -0.02680  -0.05664  -0.02714   0.01484   0.07873  -0.01790  -0.06886  -0.05038  -0.11707   0.01935   0.08930  -0.06679  -0.07749   0.03140   0.04710 
 -0.01159  -0.04013   0.00098   0.02955   0.01461   0.01376  -0.07462   0.00449  -0.00874   0.10662  -0.02648  -0.05471  -0.06430  -0.04967   0.04978   0.05344  -0.09535  -0.04790   0.01559   0.05730 
 -0.03246  -0.00064  -0.00756   0.03410   0.00016   0.04704  -0.09102   0.01274   0.01356   0.10882  -0.08803  -0.04522  -0.11394   0.00750   0.01624   0.07647  -0.10381  -0.03559  -0.00636   0.06523 
 -0.04569   0.02599  -0.03542   0.04474   0.00572   0.04958  -0.12528   0.01616   0.01073   0.07913  -0.07989  -0.02006  -0.06335  -0.02054  -0.01665   0.07327  -0.05886  -0.06617  -0.00628   0.05477 
 -0.02742   0.00635  -0.04672   0.04373   0.02137   0.01327  -0.09954   0.00457  -0.01753   0.06765  -0.02904  -0.00754  -0.05131  -0.04295  -0.04464   0.08825  -0.06365  -0.08413   0.01401   0.05437 
 -0.02370  -0.01758  -0.02978   0.04432   0.03216  -0.02250  -0.11475   0.01357   0.00424   0.06073  -0.05553  -0.01194  -0.05949  -0.15849  -0.04034   0.13631  -0.05538  -0.12109   0.02968   0.05413 
 -0.01435  -0.06101  -0.03133   0.05511   0.03788  -0.03829  -0.18555   0.03683   0.00562   0.04426  -0.10278   0.02587  -0.02996  -0.17137  -0.01964   0.11234  -0.06809  -0.13119  -0.02442   0.08173 
 -0.01130  -0.07837  -0.07515   0.07616   0.01759  -0.04787  -0.21299   0.07740  -0.00029   0.05855  -0.15370   0.04745  -0.03408  -0.16109  -0.02724   0.11511  -0.03828  -0.14666  -0.00977   0.06708 
 -0.01559  -0.08424  -0.08338   0.08461   0.00640   0.00381  -0.23572   0.07394  -0.01636  -0.00681  -0.12634   0.09146  -0.04519  -0.07740  -0.10218   0.12123  -0.02808  -0.10666  -0.05098   0.06650 
 -0.02263  -0.05503  -0.11534   0.09035  -0.01783   0.04164  -0.28699   0.09633  -0.04957  -0.03482  -0.15857   0.14641  -0.04779  -0.07578  -0.15636   0.13980  -0.02542  -0.13334  -0.06309   0.07547 
 -0.03807  -0.05503  -0.14302   0.11015   0.01932   0.03390  -0.34676   0.06617  -0.00940  -0.08461  -0.17391   0.13896   0.01996  -0.15439  -0.13793   0.11429   0.03058  -0.15379  -0.02782   0.03923 
  0.00624  -0.08622  -0.13017   0.08293   0.03948  -0.03921  -0.28511   0.06128   0.03794  -0.07992  -0.09822   0.05739   0.04665  -0.19162  -0.17384   0.11596   0.04554  -0.17910  -0.00938   0.02938 
  0.03587  -0.12197  -0.11253   0.06302   0.02563  -0.05002  -0.29067   0.08615  -0.00455  -0.02449  -0.06388   0.05913   0.01302  -0.21510  -0.12399   0.13371  -0.01571  -0.19597   0.01583   0.05757 
  0.00679  -0.12340  -0.09692   0.08400  -0.02508  -0.00119  -0.24550   0.11573  -0.07643   0.01758   0.04920   0.03659  -0.07837  -0.11919  -0.07532   0.14777  -0.10120  -0.18683   0.04565   0.08212 
 -0.06745  -0.08468  -0.04034   0.10727  -0.00305  -0.03755  -0.26675   0.11110  -0.08853   0.00201   0.08285   0.03226  -0.13144  -0.10090   0.00026   0.14143  -0.18757  -0.21461   0.07135   0.10713 
 -0.10446  -0.10833   0.00385   0.12141  -0.02660  -0.02619  -0.31658   0.14177  -0.09990   0.07918   0.02305   0.03483  -0.16527  -0.13378   0.01900   0.16117  -0.21118  -0.15538   0.04843   0.11134 
 -0.13737  -0.07945  -0.01441   0.13792  -0.02681  -0.05405  -0.48263   0.17560  -0.13735   0.10168  -0.01148   0.07168  -0.16888  -0.11059  -0.01505   0.16907  -0.28367  -0.13237   0.03227   0.13076 
 -0.17120  -0.06918  -0.04332   0.16142  -0.02709  -0.09090  -0.47683   0.18704  -0.11353   0.05548  -0.08530   0.12080  -0.27213  -0.04185  -0.06156   0.20160  -0.32900  -0.13377  -0.06539   0.16851 
 -0.20374  -0.07708  -0.11229   0.19724   0.03243  -0.15316  -0.55590   0.15280  -0.07328  -0.05452  -0.03363   0.12170  -0.17719  -0.21533   0.00365   0.19522  -0.24900  -0.25142  -0.00795   0.15592 
 -0.15009  -0.19630  -0.05853   0.18847   0.01695  -0.13026  -0.57021   0.16465  -0.15534   0.01702   0.03385   0.11028  -0.21410  -0.16675   0.07198   0.16865  -0.28934  -0.20253   0.10621   0.11812 
 -0.17574  -0.15522   0.02274   0.16422  -0.47822  -0.46170  -0.98542   0.45252  -0.51425  -0.05795  -0.37785   0.37180  -0.77347  -0.48717  -0.45431   0.41776  -0.67098  -0.29003  -0.29538   0.26902 
 -0.62752  -0.31746  -0.39972   0.36900  -0.12532  -0.02773  -0.59443   0.25309  -0.29680   0.20280  -0.32206   0.20103  -0.35441  -0.18787  -0.34358   0.31947  -0.85816  -0.43056  -0.62528   0.31571 
 -0.64796  -0.27808  -0.54518   0.37737   0.02840  -0.12619  -0.25703   0.10407  -0.07592   0.05683   0.17212  -0.11776  -0.15556  -0.05320   0.06314   0.10546  -0.36218   0.08117   0.12235   0.05021 
 -0.33068   0.03871   0.12492   0.11895  -0.52916   0.56691  -1.34670  -0.00197  -0.60783   0.52756  -1.43217   0.01751  -0.74496   0.44804  -1.42818   0.09269  -0.71698   0.44155  -1.63695   0.08975 
 -0.68700   0.48641  -1.47760   0.09087   0.37801  -4.15293  -4.15293  -4.15293   0.46403  -4.15293  -4.15293  -4.15293   0.51341  -4.15293  -4.15293  -4.15293   0.60411  -4.15293  -4.15293  -4.15293 
  0.48033  -4.15293  -4.15293  -4.15293  -4.15293  -1.99370   0.84762  -4.15293  -4.15293  -4.15293  -4.15293  -4.15293  -4.15293  -4.15293  -4.15293  -4.15293  -4.15293  -4.15293  -4.15293  -4.15293 
 -4.15293  -2.01669   0.77059  -4.15293  -4.15293  -4.15293  -4.15293  -4.15293   0.00541  -0.02425  -0.35209   0.15006  -0.01068  -0.18813   0.34565  -0.27633  -4.15293  -4.15293  -4.15293  -4.15293 
 -0.04365  -0.12412   0.38131  -0.29860  -0.17568   0.00819   0.04162   0.15760  -0.11943   0.09706  -0.01739   0.06429  -0.06195  -0.06410  -0.01117   0.09021  -0.22031  -0.00803   0.17309   0.01607 
 -0.12170   0.00866   0.04363   0.07196  -0.04055   0.15850  -0.06700  -0.02088  -0.08231   0.07838   0.13788  -0.08681  -0.03845   0.09661   0.06957  -0.08358  -0.09460   0.06286   0.22670  -0.11354 
 -0.08026   0.09857   0.13837  -0.07254  -0.09302   0.16075   0.01346   0.00678  -0.10069   0.14287   0.12768  -0.12118   0.00335   0.00452   0.12843  -0.10582  -0.16036   0.10294   0.18061  -0.06220 
 -0.08686   0.11369   0.12949  -0.07047  -0.06308   0.08960   0.03425   0.01260  -0.05624   0.09505   0.06394  -0.05746   0.01350   0.02708   0.05204  -0.06852  -0.14501   0.08636   0.18262  -0.06216 
 -0.06220   0.08351   0.10172  -0.05071  -0.07728   0.13254   0.15181  -0.08268  -0.07468   0.09510   0.12486  -0.09796  -0.04662   0.03315   0.17193  -0.11653  -0.16294   0.10928   0.23591  -0.11041 
 -0.08980   0.10187   0.18414  -0.10731  -0.08381   0.11914   0.20909  -0.11492  -0.07589   0.12644   0.12603  -0.13279  -0.00894   0.02777   0.17627  -0.16460  -0.11555   0.09566   0.21579  -0.11011 
 -0.07005   0.10187   0.19256  -0.13793  -0.06130   0.12038   0.11859  -0.06841  -0.03576   0.12760   0.06835  -0.12447   0.04818   0.02607   0.06622  -0.12513  -0.11978   0.14407   0.15923  -0.09167 
 -0.03406   0.11369   0.11187  -0.11254  -0.06401   0.11455   0.13568  -0.07281  -0.04758   0.11230   0.11366  -0.14182  -0.00968   0.03954   0.12246  -0.11320  -0.13324   0.17419   0.21774  -0.15584 
 -0.05628   0.11989   0.15636  -0.13264  -0.07597   0.10660   0.17951  -0.08584  -0.06198   0.11303   0.12617  -0.13704   0.03010   0.02514   0.14164  -0.17656  -0.11511   0.13292   0.22867  -0.14695 
 -0.05002   0.10414   0.17796  -0.14834  -0.07777   0.12036   0.14958  -0.06886  -0.06167   0.11062   0.10650  -0.11059   0.02429   0.04234   0.08990  -0.12813  -0.17531   0.14390   0.19913  -0.09381 
 -0.05860   0.11369   0.14397  -0.11254  -0.09072   0.13717   0.20381  -0.11641  -0.12111   0.12095   0.16994  -0.12479  -0.01694   0.06510   0.13279  -0.13899  -0.15195   0.14732   0.23907  -0.14532 
 -0.08878   0.12735   0.19602  -0.14368  -0.08286   0.11217   0.18574  -0.08623  -0.07967   0.09688   0.17414  -0.15897   0.00734   0.04956   0.14739  -0.17374  -0.14539   0.15098   0.23845  -0.15131 
 -0.06724   0.11258   0.19613  -0.15515  -0.06921   0.12367   0.14450  -0.08042  -0.05975   0.11341   0.10146  -0.11051   0.01561   0.07728   0.08115  -0.14171  -0.16305   0.17331   0.18781  -0.11078 
 -0.05586   0.13164   0.13666  -0.12493  -0.06256   0.12815   0.15073  -0.10073  -0.08821   0.09493   0.15343  -0.11555  -0.02755   0.05737   0.15085  -0.13799  -0.13212   0.16296   0.23627  -0.16659 
 -0.06940   0.12098   0.18248  -0.14523  -0.06465   0.09224   0.16375  -0.07641  -0.06816   0.11933   0.12664  -0.13611  -0.01682   0.05995   0.15012  -0.15369  -0.13597   0.16900   0.21967  -0.15194 
 -0.06252   0.11948   0.17423  -0.14317  -0.07212   0.10666   0.14841  -0.06426  -0.09006   0.14014   0.08488  -0.08256   0.01906   0.06609   0.08616  -0.14008  -0.18997   0.17849   0.17777  -0.09286 
 -0.06778   0.13190   0.13283  -0.10813  -0.07445   0.12521   0.17959  -0.10575  -0.11543   0.14152   0.13659  -0.11206  -0.03956   0.06705   0.15871  -0.14172  -0.16953   0.17334   0.23427  -0.15012 
 -0.09150   0.13667   0.18767  -0.14035  -0.07267   0.13875   0.16383  -0.10690  -0.07922   0.14350   0.11973  -0.14114   0.02335   0.02649   0.13666  -0.16158  -0.13102   0.14064   0.20404  -0.11951 
 -0.05765   0.12316   0.16619  -0.14407  -0.05789   0.14431   0.12665  -0.10323  -0.06388   0.12387   0.10309  -0.11852   0.02370   0.07308   0.06182  -0.13044  -0.13784   0.15597   0.16836  -0.09654 
 -0.04806   0.13443   0.12329  -0.12444  -0.09724   0.14771   0.19233  -0.10522  -0.09964   0.12789   0.16290  -0.15158  -0.03288   0.11010   0.13494  -0.16960  -0.15323   0.17991   0.21708  -0.14765 
 -0.08912   0.15066   0.18544  -0.15463  -0.08122   0.16190   0.17714  -0.13071  -0.07211   0.13258   0.15859  -0.19292   0.00597   0.05383   0.14990  -0.17931  -0.15592   0.16995   0.21145  -0.13302 
 -0.06606   0.14034   0.18402  -0.17034  -0.07495   0.15224   0.14657  -0.10110  -0.05268   0.14748   0.02234  -0.07787   0.01712   0.07290   0.09635  -0.15469  -0.16280   0.18510   0.17791  -0.11135 
 -0.05429   0.14939   0.12002  -0.12827  -0.08277   0.17097   0.16760  -0.12872  -0.10218   0.17198   0.10854  -0.13267  -0.04617   0.10796   0.15674  -0.17604  -0.16298   0.19246   0.22974  -0.16498 
 -0.08912   0.17097   0.17483  -0.16450  -0.08879   0.13636   0.16474  -0.08048  -0.08503   0.12238   0.14323  -0.13765  -0.01769   0.05097   0.16140  -0.15695  -0.15294   0.16772   0.20344  -0.12573 
 -0.07716   0.13017   0.17832  -0.14035  -0.05093   0.12646   0.14394  -0.11245  -0.07549   0.13481   0.08331  -0.09325   0.01535   0.10142   0.06952  -0.15604  -0.15969   0.17295   0.18502  -0.10998 
 -0.05513   0.14411   0.13003  -0.13138  -0.07296   0.15064   0.17491  -0.12990  -0.08072   0.14472   0.13128  -0.15588  -0.05321   0.10976   0.13305  -0.14128  -0.13106   0.18321   0.21329  -0.16014 
 -0.07661   0.15662   0.17193  -0.16074  -0.07583   0.15326   0.19342  -0.14763  -0.07370   0.15290   0.12364  -0.16704  -0.00266   0.03315   0.15471  -0.15184  -0.12545   0.17092   0.21756  -0.15797 
 -0.06157   0.13903   0.18106  -0.17130  -0.05282   0.12600   0.11069  -0.08055  -0.06844   0.15779   0.06934  -0.11486   0.01673   0.10060   0.07392  -0.16152  -0.14923   0.19002   0.16683  -0.11336 
 -0.04826   0.15321   0.11299  -0.13289  -0.07190   0.15562   0.19672  -0.16125  -0.11264   0.15147   0.12608  -0.11449  -0.02932   0.09495   0.10564  -0.12542  -0.13572   0.19607   0.21261  -0.16736 
 -0.07848   0.15937   0.16998  -0.15927  -0.06990   0.13793   0.19330  -0.14080  -0.06787   0.13745   0.12426  -0.15602  -0.01902   0.07087   0.16535  -0.18123  -0.11419   0.16945   0.18554  -0.13398 
 -0.06093   0.13956   0.17604  -0.16693  -0.06040   0.15829   0.13490  -0.12107  -0.08580   0.14164   0.09965  -0.10564   0.00541   0.07215   0.07675  -0.11858  -0.18002   0.22241   0.16087  -0.11773 
 -0.06263   0.15812   0.12573  -0.13226  -0.09169   0.17489   0.18389  -0.13525  -0.10809   0.15283   0.14245  -0.14329  -0.03294   0.11247   0.12044  -0.15569  -0.14260   0.21143   0.20803  -0.17198 
 -0.08776   0.17303   0.17326  -0.16666  -0.09114   0.17724   0.18211  -0.13704  -0.07102   0.14411   0.11821  -0.15194  -0.01612   0.06334   0.16026  -0.17056  -0.14313   0.18482   0.21133  -0.15205 
 -0.07222   0.15371   0.17724  -0.16897  -0.07153   0.15841   0.15220  -0.11841  -0.08446   0.15676   0.09182  -0.11679   0.00729   0.08925   0.07555  -0.13728  -0.14615   0.20158   0.17500  -0.13083 
 -0.06188   0.16162   0.13190  -0.14253  -0.07457   0.18424   0.18167  -0.17473  -0.07654   0.17221   0.08964  -0.14552  -0.02692   0.09500   0.10187  -0.12464  -0.11452   0.22268   0.18291  -0.17618 
 -0.06702   0.17940   0.14797  -0.17185  -0.07612   0.11735   0.20043  -0.11648  -0.07947   0.13963   0.12530  -0.14308   0.00795   0.03835   0.15396  -0.17120  -0.13043   0.17856   0.19812  -0.14229 
 -0.05997   0.12964   0.17748  -0.15967  -0.06811   0.14616   0.12563  -0.08769  -0.07172   0.15970   0.07414  -0.11796   0.01088   0.07792   0.11205  -0.16796  -0.16398   0.22589   0.13231  -0.10708 
 -0.05913   0.16149   0.11920  -0.13377  -0.08066   0.14954   0.17693  -0.11787  -0.10635   0.13583   0.14640  -0.12938  -0.03504   0.09608   0.12586  -0.14061  -0.19381   0.21636   0.21305  -0.15132 
 -0.09128   0.15937   0.17507  -0.14977  -0.08266   0.15072   0.19084  -0.13020  -0.05695   0.12336   0.11602  -0.14391  -0.01426   0.07415   0.14646  -0.16782  -0.14220   0.16793   0.20103  -0.12981 
 -0.06692   0.13982   0.17302  -0.15634  -0.05999   0.13628   0.12751  -0.09253  -0.08560   0.15102   0.09618  -0.11319   0.00648   0.09347   0.09590  -0.16126  -0.16966   0.20503   0.14492  -0.09714 
 -0.06231   0.15599   0.12438  -0.12926  -0.08514   0.17413   0.16956  -0.13038  -0.08718   0.13082   0.13289  -0.13120  -0.02452   0.07955   0.12457  -0.13504  -0.15264   0.20647   0.18563  -0.14035 
 -0.08014   0.15875   0.16211  -0.14821  -0.07606   0.16064   0.17502  -0.13586  -0.07152   0.13410   0.13013  -0.15410   0.03156   0.05149   0.13143  -0.19392  -0.14159   0.19000   0.18086  -0.12928 
 -0.05565   0.14502   0.16347  -0.16544  -0.07362   0.16703   0.15727  -0.12938  -0.07487   0.15477   0.08776  -0.12269   0.01720   0.07738   0.08492  -0.14780  -0.14359   0.20883   0.13359  -0.10540 
 -0.05681   0.16199   0.12370  -0.14125  -0.06833   0.16191   0.18925  -0.16688  -0.11243   0.16078   0.13301  -0.13536  -0.05836   0.09881   0.14310  -0.13436  -0.15438   0.21499   0.19853  -0.15856 
 -0.08663   0.16926   0.17423  -0.16490  -0.06675   0.11274   0.19844  -0.12558  -0.07989   0.14694   0.10565  -0.12699  -0.00456   0.05375   0.15380  -0.16868  -0.13219   0.18023   0.18117  -0.12748 
 -0.06178   0.13443   0.16876  -0.15265  -0.06987   0.15172   0.12519  -0.09009  -0.08253   0.16437   0.05170  -0.08629   0.01230   0.07942   0.09485  -0.15310  -0.15412   0.21685   0.12864  -0.10242 
 -0.06146   0.16261   0.10837  -0.12247  -0.07620   0.15928   0.19438  -0.15509  -0.08494   0.14449   0.11813  -0.13232  -0.02909   0.07373   0.13557  -0.13527  -0.17023   0.19272   0.18570  -0.11968 
 -0.08081   0.15359   0.16717  -0.14743  -0.05958   0.15746   0.17359  -0.16040  -0.05827   0.14175   0.12230  -0.17414  -0.02207   0.03561   0.17535  -0.15317  -0.10827   0.15298   0.17518  -0.11687 
 -0.05596   0.13363   0.17120  -0.16181  -0.06246   0.16107   0.11882  -0.10636  -0.08595   0.15971   0.07015  -0.09492   0.00518   0.08927   0.08323  -0.14187  -0.12510   0.17026   0.14713  -0.09725 
