IntronPotTab 1 1024 -7.38227 0.30217 6.01309 40434 6 16  108.58
   -0.00093
    0.00347
   -0.02977
    0.02353
   -0.00822
   -0.00051
   -0.01992
    0.02999
   -0.01914
   -0.02077
    0.02905
    0.02234
    0.02955
   -0.02463
   -0.03326
    0.02885
   -0.00508
    0.00037
   -0.02293
    0.02241
   -0.02851
    0.00137
   -0.00419
    0.04042
   -0.02276
   -0.00299
    0.00132
    0.03023
    0.06257
   -0.03320
    0.00325
   -0.01284
    0.00016
   -0.00663
   -0.00858
    0.01162
   -0.00514
   -0.00786
   -0.01491
    0.02077
   -0.03701
    0.02165
    0.01077
    0.02438
    0.00030
   -0.01565
    0.00813
    0.00533
    0.00716
   -0.01195
   -0.01309
    0.01025
    0.02871
   -0.03130
   -0.05521
    0.04198
    0.01088
    0.00153
   -0.05654
    0.03053
    0.05093
   -0.04015
   -0.01988
    0.02161
   -0.01114
   -0.00387
   -0.01241
    0.02560
   -0.00672
   -0.01873
   -0.02307
    0.03875
   -0.02426
   -0.00519
   -0.00788
    0.04096
    0.03166
   -0.02980
    0.00268
    0.00193
    0.01063
   -0.01040
   -0.02978
    0.01716
   -0.02842
    0.01429
   -0.06310
    0.08124
   -0.00710
    0.00362
   -0.05093
    0.04040
    0.06374
   -0.01302
   -0.01868
   -0.00697
    0.00744
   -0.00515
   -0.01459
    0.00629
    0.00551
   -0.01837
   -0.03495
    0.02660
   -0.02099
    0.02727
   -0.02289
    0.01917
    0.00508
   -0.02303
    0.01375
    0.00288
    0.05538
   -0.03753
   -0.05448
    0.01466
    0.05674
   -0.05234
   -0.06128
    0.02863
    0.05720
   -0.02317
   -0.07898
    0.01495
    0.10942
   -0.04479
   -0.01652
    0.00111
    0.00445
   -0.01355
   -0.02684
    0.02668
   -0.01090
   -0.00993
   -0.02340
    0.03974
   -0.01056
   -0.01662
   -0.00750
    0.03796
    0.02215
   -0.03893
   -0.01523
    0.02563
   -0.00224
   -0.01089
   -0.01490
    0.02151
    0.00795
    0.00409
   -0.04387
    0.01919
   -0.01020
    0.02437
   -0.03607
    0.01290
    0.07568
   -0.03261
   -0.00404
   -0.01271
   -0.00848
    0.01601
   -0.02660
    0.02125
    0.01058
   -0.03083
   -0.05177
    0.03605
   -0.01136
    0.01080
    0.01080
    0.00105
   -0.01190
   -0.01768
   -0.00738
    0.03387
    0.00357
   -0.01404
    0.00428
    0.00498
    0.02339
   -0.02913
   -0.05448
    0.04244
    0.02052
   -0.01873
   -0.02125
    0.00917
    0.07351
   -0.03201
   -0.02722
    0.01084
   -0.01634
    0.03014
   -0.02316
    0.01586
    0.00013
   -0.01964
   -0.05365
    0.05037
    0.00501
   -0.01135
    0.02170
   -0.00763
    0.02949
   -0.03158
   -0.01436
    0.01540
   -0.01311
    0.01629
   -0.02543
    0.02185
   -0.01710
    0.02291
   -0.04860
    0.04735
   -0.01540
    0.01511
   -0.04311
    0.03468
    0.06504
   -0.01034
   -0.00914
   -0.02200
   -0.00610
    0.01980
   -0.03213
    0.01541
    0.00629
   -0.02740
   -0.03537
    0.03104
   -0.02462
    0.00716
    0.00493
    0.02852
    0.03582
   -0.03290
   -0.01343
    0.00706
    0.02891
   -0.02310
   -0.03575
    0.01646
    0.02916
   -0.05843
   -0.04813
    0.04900
    0.03413
   -0.01012
   -0.07765
    0.02803
    0.06186
   -0.02393
   -0.02173
    0.00445
   -0.00362
    0.01701
   -0.03854
    0.02322
   -0.01128
    0.01369
   -0.03321
    0.03221
   -0.01651
   -0.01100
    0.00293
    0.02548
    0.02002
    0.00495
   -0.02305
    0.00003
   -0.01476
    0.01989
   -0.04285
    0.02921
   -0.01705
    0.00282
   -0.02626
    0.04517
   -0.02562
    0.01411
   -0.01328
    0.02515
    0.05529
    0.00519
   -0.02757
   -0.01512
   -0.01324
    0.01030
   -0.01827
    0.02293
   -0.01452
   -0.00611
   -0.01323
    0.02897
   -0.02691
    0.02966
    0.01802
    0.00044
    0.01398
   -0.00337
   -0.00300
   -0.00869
    0.00446
   -0.02186
   -0.00103
    0.01408
    0.00466
   -0.02787
   -0.03534
    0.05184
    0.00008
    0.01797
   -0.05951
    0.02391
    0.03042
   -0.00717
   -0.02728
    0.01028
   -0.02860
    0.01380
   -0.00419
    0.02657
   -0.02006
   -0.01201
   -0.01201
    0.04274
   -0.00982
   -0.01088
   -0.01441
    0.03074
    0.02180
   -0.00731
   -0.01217
    0.00008
   -0.02115
    0.02935
   -0.01405
    0.01015
   -0.01680
   -0.04645
    0.00944
    0.05453
   -0.03531
    0.03025
   -0.02976
    0.03625
    0.05237
    0.01112
   -0.05732
   -0.00242
    0.00738
   -0.01184
   -0.01188
    0.00841
    0.01110
   -0.02459
   -0.03205
    0.01917
   -0.00379
    0.01054
   -0.00529
   -0.00047
    0.00263
   -0.01065
    0.00209
    0.00544
    0.00691
   -0.01573
   -0.06411
    0.04056
    0.03897
   -0.05556
   -0.04880
    0.03823
    0.00881
   -0.01443
   -0.03471
    0.02860
    0.06774
   -0.03649
   -0.02101
    0.01632
    0.00105
    0.00753
   -0.03467
    0.02093
    0.00296
   -0.02943
   -0.00841
    0.02333
    0.00243
   -0.00166
    0.00227
   -0.00252
    0.01975
   -0.03141
   -0.00366
    0.01160
   -0.01015
    0.01195
   -0.01983
    0.01466
   -0.01289
    0.01805
   -0.00828
    0.01473
   -0.01825
    0.05801
   -0.02806
   -0.01217
    0.05262
   -0.01102
   -0.01718
   -0.00697
   -0.01219
    0.00297
   -0.01114
    0.01935
   -0.01304
   -0.02156
   -0.02743
    0.04164
   -0.03142
    0.02069
    0.01423
    0.01508
    0.01425
   -0.02303
   -0.00649
    0.01276
    0.01360
   -0.03040
   -0.00530
    0.01623
    0.00808
   -0.02266
   -0.03431
    0.03643
   -0.00322
    0.01188
   -0.04061
    0.02294
    0.07176
   -0.03264
   -0.02670
    0.00965
   -0.03396
    0.03494
   -0.00853
    0.02441
   -0.01939
   -0.00202
   -0.03309
    0.04294
    0.00843
   -0.01140
   -0.03901
    0.02202
    0.04673
   -0.03303
   -0.03482
    0.01647
   -0.02330
    0.03901
   -0.04768
    0.02558
   -0.03431
    0.03293
   -0.01959
    0.04446
   -0.02565
    0.03010
   -0.02548
    0.02473
    0.05824
    0.01749
   -0.03602
   -0.02444
   -0.03550
    0.05639
   -0.05810
    0.03110
   -0.00769
   -0.00647
   -0.02409
    0.02417
   -0.03299
    0.03289
   -0.00191
    0.02054
    0.02801
   -0.01806
   -0.02295
    0.00711
    0.01258
   -0.02221
   -0.03277
    0.02316
    0.00850
   -0.02861
   -0.02782
    0.03152
    0.01126
    0.00377
   -0.05183
    0.02099
    0.05047
   -0.00974
   -0.04193
    0.01383
   -0.01500
    0.00338
    0.00597
    0.01005
   -0.01608
    0.00982
   -0.01909
    0.03423
   -0.03793
    0.01248
    0.01076
    0.03162
    0.03340
   -0.04125
    0.00364
    0.00460
   -0.00357
   -0.01137
   -0.01205
    0.02010
   -0.01585
   -0.00808
   -0.02651
    0.05062
   -0.03253
    0.02018
    0.00461
    0.02107
    0.06271
   -0.02182
    0.00632
   -0.02011
   -0.01674
    0.00437
    0.01736
    0.00514
   -0.00390
   -0.01387
   -0.00124
    0.01183
   -0.03291
    0.02286
    0.01494
    0.01585
    0.01604
   -0.02905
    0.01462
   -0.00438
    0.00152
   -0.01188
   -0.01216
    0.01497
    0.02010
   -0.04435
   -0.03911
    0.04995
   -0.01381
    0.00847
   -0.03083
    0.03570
    0.05857
   -0.04860
   -0.00124
    0.00909
   -0.02028
    0.00556
    0.00688
    0.01350
   -0.01860
    0.00329
   -0.01346
    0.02963
   -0.01231
   -0.00102
    0.00539
    0.01145
    0.02521
   -0.04421
    0.02205
    0.00597
   -0.01611
    0.03444
   -0.01250
    0.00044
   -0.02122
    0.01383
   -0.05884
    0.07432
   -0.01115
    0.01065
   -0.02886
    0.02322
    0.08323
   -0.01064
   -0.02446
   -0.01573
    0.00462
    0.00460
    0.00006
   -0.00643
    0.00717
   -0.03002
   -0.01540
    0.01668
   -0.01786
   -0.00037
    0.00068
    0.01942
   -0.00350
   -0.02531
    0.02255
    0.00467
    0.05760
   -0.04148
   -0.04225
    0.01287
    0.03924
   -0.05920
   -0.03483
    0.02571
    0.05811
   -0.02187
   -0.07075
    0.00434
    0.11839
   -0.04681
   -0.01729
    0.00327
    0.00752
   -0.01115
   -0.02622
    0.02269
    0.01163
   -0.01788
   -0.02946
    0.02941
   -0.01128
   -0.01349
    0.00179
    0.02946
    0.03994
   -0.05268
   -0.00847
    0.01852
    0.01896
   -0.01306
   -0.03113
    0.00827
   -0.03326
    0.01395
   -0.00868
    0.04927
   -0.02225
    0.02116
   -0.02329
    0.02512
    0.04996
   -0.02371
    0.00214
   -0.01244
   -0.02849
   -0.01562
    0.01724
    0.02762
    0.01959
   -0.01867
   -0.03263
    0.01018
    0.01241
   -0.02582
   -0.05217
    0.03948
    0.01401
   -0.05374
    0.00770
    0.02442
    0.00853
   -0.03871
    0.01493
    0.01472
    0.02356
   -0.02693
   -0.04120
    0.03068
    0.00362
    0.01196
   -0.02345
    0.00720
    0.08188
   -0.06712
   -0.01339
    0.01452
   -0.00968
    0.03414
   -0.04644
    0.02044
    0.00461
   -0.01749
   -0.05782
    0.05095
   -0.00985
    0.00074
   -0.01006
    0.01727
    0.05281
   -0.03814
   -0.00726
    0.00137
   -0.01561
    0.02367
   -0.02543
    0.01665
   -0.01544
    0.00641
   -0.02525
    0.03858
   -0.02022
    0.03606
   -0.05326
    0.03122
    0.07740
   -0.00882
    0.00680
   -0.04048
   -0.00027
    0.02016
   -0.03713
    0.01102
    0.00540
   -0.03793
   -0.00975
    0.01887
   -0.01811
    0.01885
   -0.00151
    0.00929
    0.02897
   -0.03398
    0.00433
   -0.00035
    0.04374
    0.00848
   -0.03470
   -0.01866
    0.03807
   -0.07764
   -0.04907
    0.05203
    0.03728
    0.00302
   -0.06721
    0.00365
    0.07080
   -0.04092
   -0.02970
    0.01775
   -0.00090
   -0.00326
   -0.03121
    0.02835
   -0.00591
    0.00269
   -0.02657
    0.03235
   -0.01917
    0.01526
   -0.01410
    0.01732
    0.01706
   -0.00075
   -0.02258
    0.00694
   -0.01648
    0.01150
   -0.02669
    0.03062
   -0.01898
    0.00377
   -0.02515
    0.04391
   -0.01958
    0.00885
   -0.00629
    0.02067
    0.05147
   -0.01274
   -0.00126
   -0.01863
   -0.00790
    0.01686
   -0.01245
    0.00904
   -0.01040
   -0.01211
   -0.01772
    0.03017
   -0.00408
   -0.02092
    0.01274
    0.01461
    0.00758
   -0.00627
   -0.00763
    0.00532
    0.01823
   -0.01646
   -0.03289
    0.01416
    0.00934
   -0.01691
   -0.04015
    0.04273
    0.02093
   -0.00343
   -0.06365
    0.02957
    0.02544
   -0.01925
   -0.01184
    0.00964
   -0.01423
    0.00974
   -0.00899
    0.01779
   -0.00717
   -0.02678
   -0.02772
    0.04679
   -0.01419
    0.00367
   -0.02276
    0.02564
    0.03335
   -0.03757
   -0.02033
    0.02537
   -0.00769
    0.01168
   -0.05271
    0.03289
   -0.01698
   -0.00647
   -0.04778
    0.06433
   -0.01199
    0.01876
   -0.04162
    0.02439
    0.06774
   -0.03635
   -0.03610
    0.02017
    0.00249
   -0.01359
   -0.01080
    0.01350
    0.01191
   -0.03222
   -0.03304
    0.02509
   -0.02047
    0.00318
    0.00365
    0.02083
    0.03035
   -0.04573
   -0.00710
    0.02066
    0.04787
   -0.03271
   -0.07815
    0.03006
    0.05620
   -0.06128
   -0.07207
    0.03647
    0.06037
   -0.03827
   -0.06980
    0.00951
    0.12496
   -0.06486
   -0.01295
    0.01560
    0.00328
    0.00424
   -0.03662
    0.02748
   -0.00403
   -0.00946
   -0.03713
    0.04576
   -0.01016
   -0.00903
   -0.01068
    0.03110
    0.01589
   -0.04519
   -0.01691
    0.03711
   -0.01163
    0.00872
   -0.03924
    0.03356
   -0.02714
    0.01461
   -0.01183
    0.03816
   -0.02334
    0.03851
   -0.01910
    0.00632
    0.06413
   -0.02225
   -0.01690
   -0.00197
   -0.00779
    0.02075
   -0.02157
    0.01384
    0.00962
   -0.01640
   -0.05620
    0.03739
   -0.02486
   -0.00200
    0.01717
    0.02204
    0.00578
   -0.00580
   -0.01504
    0.01726
   -0.00515
   -0.01701
   -0.03886
    0.03764
    0.01939
   -0.03488
   -0.04166
    0.04283
    0.01324
    0.00319
   -0.05058
    0.02208
    0.06567
   -0.04266
   -0.02422
    0.01819
   -0.02469
    0.03478
   -0.02547
    0.02289
   -0.00246
   -0.00916
   -0.03721
    0.03601
   -0.01736
   -0.00891
    0.00329
    0.02709
    0.03401
   -0.03118
   -0.01688
    0.01323
   -0.01153
    0.02627
   -0.05802
    0.03156
   -0.02957
    0.02128
   -0.03027
    0.05130
   -0.01275
    0.03173
   -0.05023
    0.02305
    0.07528
   -0.00722
   -0.00870
   -0.02791
   -0.01430
    0.01396
   -0.02766
    0.02189
   -0.00888
   -0.01147
   -0.02386
    0.02987
   -0.02980
    0.01602
   -0.00463
    0.02931
    0.01155
   -0.00872
   -0.00890
    0.00444
    0.00153
   -0.00594
   -0.04200
    0.02311
    0.02681
   -0.05311
   -0.04696
    0.04165
    0.02791
   -0.00931
   -0.06799
    0.02686
    0.06234
   -0.03156
   -0.01332
    0.00282
