3 20 3 1 47 -2.8166 1.3702 1.7122 9772
  0.02078  -0.10539   0.12175  -0.05615   0.00694  -0.13437   0.19243  -0.12239   0.06946  -0.04891   0.09022  -0.12464  -0.06814  -0.27862   0.19614   0.06269   0.01712  -0.13893   0.16341  -0.08165 
  0.00440  -0.15544   0.17030  -0.06040   0.01278  -0.20058   0.23345  -0.15707   0.04756  -0.06461   0.16022  -0.14572  -0.14099  -0.39254   0.17228   0.16062   0.03045  -0.17660   0.20927  -0.13883 
 -0.01691  -0.21895   0.19947  -0.03927  -0.04286  -0.22664   0.29946  -0.18871   0.02784  -0.17612   0.25266  -0.15886  -0.20258  -0.44589   0.20628   0.18106   0.06018  -0.30784   0.26302  -0.19844 
 -0.05015  -0.30084   0.25635  -0.04285  -0.04181  -0.33440   0.34319  -0.23793  -0.03111  -0.25044   0.35244  -0.18705  -0.29230  -0.54913   0.22118   0.22347   0.05686  -0.38432   0.28658  -0.20589 
 -0.09067  -0.40185   0.28655  -0.01403  -0.08309  -0.40892   0.37759  -0.23554  -0.12414  -0.26111   0.40668  -0.16132  -0.31174  -0.62886   0.12117   0.28873   0.06900  -0.44476   0.28749  -0.19923 
 -0.11833  -0.47159   0.27172   0.04183  -0.14113  -0.46434   0.40489  -0.21549  -0.13933  -0.35882   0.40753  -0.10994  -0.31131  -0.62368   0.13403   0.28263   0.10473  -0.44287   0.26371  -0.20358 
 -0.11254  -0.48973   0.27656   0.03586  -0.13909  -0.47908   0.37906  -0.14321  -0.13205  -0.35806   0.40058  -0.10542  -0.26902  -0.58230   0.08557   0.28573   0.11876  -0.44029   0.21788  -0.13910 
 -0.09525  -0.48090   0.23928   0.06222  -0.12884  -0.40190   0.35526  -0.12448  -0.18419  -0.29367   0.37697  -0.04298  -0.27233  -0.48760   0.02732   0.29760   0.11370  -0.31573   0.16192  -0.09783 
 -0.09323  -0.37524   0.20450   0.07138  -0.11265  -0.37123   0.29909  -0.04522  -0.15743  -0.17604   0.20850   0.07269  -0.25824  -0.38700  -0.00712   0.29075   0.09072  -0.24093   0.08398  -0.01656 
 -0.09104  -0.29511   0.14144   0.10106  -0.13794  -0.26280   0.22224   0.04200  -0.10378  -0.08764   0.13220   0.05666  -0.18547  -0.31416  -0.02356   0.25652   0.09746  -0.18455   0.00051   0.01949 
 -0.06518  -0.21383   0.08021   0.10176  -0.11657  -0.15725   0.12857   0.07860  -0.10562  -0.19071   0.10142   0.11022  -0.22635  -0.23865  -0.10921   0.28149   0.08599  -0.17244  -0.05154   0.05776 
 -0.07159  -0.17692   0.01753   0.12982  -0.09502  -0.09641  -0.01150   0.13258  -0.09092  -0.08702  -0.03026   0.12693  -0.13822  -0.21008  -0.21329   0.26269   0.09089  -0.12002  -0.12269   0.06731 
 -0.04176  -0.11832  -0.08501   0.13670  -0.08754  -0.05898  -0.09461   0.15158  -0.07484  -0.10173  -0.13111   0.15389  -0.06964  -0.11264  -0.24364   0.20437   0.09045  -0.11524  -0.17813   0.08962 
 -0.02530  -0.09036  -0.14489   0.13724  -0.06309  -0.08529  -0.11882   0.15631  -0.07792  -0.07853  -0.16375   0.15714  -0.03938  -0.00123  -0.27269   0.14324   0.07103  -0.08856  -0.22523   0.10988 
 -0.02389  -0.06591  -0.17740   0.13724  -0.09832  -0.02119  -0.16882   0.16968  -0.06178  -0.08660  -0.14554   0.14457  -0.01407  -0.03591  -0.20542   0.12275   0.06089  -0.08736  -0.22523   0.11669 
 -0.03098  -0.05544  -0.18312   0.13951  -0.08804  -0.01753  -0.15521   0.15745  -0.07578  -0.05617  -0.14964   0.14452  -0.06250   0.02468  -0.13233   0.10587   0.07758  -0.08843  -0.25837   0.11577 
 -0.03051  -0.04178  -0.18448   0.13366  -0.05552  -0.01286  -0.18350   0.14465  -0.02980  -0.14031  -0.16119   0.14327  -0.06706   0.03531  -0.21066   0.12806   0.08416  -0.07139  -0.29236   0.11319 
 -0.01141  -0.04398  -0.21838   0.13169  -0.08959  -0.00789  -0.11828   0.14015  -0.06813  -0.06439  -0.16533   0.14658  -0.07050   0.02074  -0.19266   0.13365   0.07509  -0.07293  -0.27365   0.11516 
 -0.03241  -0.03547  -0.18618   0.13268  -0.06434  -0.03014  -0.16139   0.15045  -0.06491  -0.03728  -0.12175   0.12225  -0.02332   0.02930  -0.22812   0.10144   0.09484  -0.07626  -0.27463   0.10191 
 -0.00989  -0.03716  -0.19934   0.12161  -0.02460  -0.00459  -0.18391   0.11892  -0.05260  -0.06800  -0.09619   0.11699  -0.00908   0.01682  -0.20848   0.09034   0.10341  -0.07352  -0.26631   0.09096 
  0.00761  -0.03571  -0.19514   0.10608  -0.02368  -0.00796  -0.18106   0.11886  -0.02215  -0.02820  -0.13299   0.08965   0.00574  -0.00422  -0.23580   0.09698   0.10625  -0.07640  -0.22151   0.07442 
  0.01625  -0.03450  -0.18618   0.09538  -0.05074  -0.01352  -0.14974   0.12954  -0.01079  -0.05957  -0.09528   0.08030   0.06283  -0.07585  -0.19969   0.06503   0.10616  -0.07011  -0.20909   0.06649 
  0.01923  -0.04843  -0.16068   0.09047  -0.01333  -0.04668  -0.11965   0.10496  -0.04783  -0.06973  -0.09031   0.11218   0.01267  -0.06889  -0.12222   0.08712   0.11557  -0.10011  -0.16497   0.05506 
  0.01923  -0.07111  -0.12459   0.08708   0.01523  -0.13685  -0.11264   0.11589  -0.01784  -0.10152  -0.02624   0.07584   0.05150  -0.07135  -0.18058   0.06905   0.13722  -0.13695  -0.15770   0.04898 
  0.04771  -0.11715  -0.11638   0.07862   0.02797  -0.09193  -0.12911   0.09406   0.00674  -0.15613  -0.03258   0.07574   0.08258  -0.13007  -0.13176   0.04282   0.13810  -0.13379  -0.12662   0.03151 
  0.06103  -0.11832  -0.10548   0.06145   0.01263  -0.07953  -0.08762   0.08330   0.01043  -0.07737  -0.05821   0.05390   0.08450  -0.11860  -0.12520   0.03192   0.16464  -0.16748  -0.13130   0.02151 
  0.06639  -0.11367  -0.09595   0.04944  -0.00640  -0.03116  -0.09001   0.07794   0.01660  -0.09200  -0.00560   0.03010   0.08400  -0.09323  -0.15219   0.03059   0.15585  -0.13784  -0.11163   0.00624 
  0.05819  -0.08385  -0.08582   0.03872  -0.02776   0.02294  -0.13453   0.08723   0.06881  -0.09633  -0.08099   0.00787   0.07180  -0.03095  -0.18284   0.02226   0.13157  -0.09312  -0.15500   0.03123 
  0.05154  -0.04007  -0.13386   0.04518  -0.03159   0.09156  -0.18408   0.06803   0.06648  -0.10011  -0.09328   0.01756   0.04219   0.06793  -0.22532   0.00441   0.12348  -0.05005  -0.20770   0.03858 
  0.04278   0.01326  -0.17573   0.04048  -0.05936   0.10639  -0.25563   0.10518   0.06600  -0.04897  -0.16114   0.02100  -0.01992   0.13434  -0.28323   0.03677   0.10864  -0.01521  -0.31472   0.07003 
  0.02303   0.04343  -0.25557   0.06898  -0.04516   0.12941  -0.34175   0.10382   0.01626   0.01061  -0.19688   0.05695  -0.06570   0.15277  -0.43743   0.09803   0.04883   0.03005  -0.33830   0.09720 
 -0.00914   0.07407  -0.31144   0.09287  -0.05846   0.10165  -0.30812   0.12289  -0.01725  -0.00049  -0.24083   0.10371  -0.05714   0.12561  -0.31819   0.08771   0.06174   0.02600  -0.33723   0.08987 
 -0.01492   0.05454  -0.29976   0.10631  -0.00721   0.06278  -0.33564   0.11556  -0.08199  -0.03276  -0.29700   0.17299  -0.08311   0.20917  -0.49794   0.07212   0.06760   0.00327  -0.33369   0.09815 
 -0.01645   0.04101  -0.33146   0.12306  -0.05115   0.18016  -0.36171   0.07478  -0.19501  -0.12428  -0.31938   0.25631  -0.13090   0.27181  -0.51639   0.04490   0.09873   0.05621  -0.39360   0.05423 
 -0.04192   0.09473  -0.36877   0.11778  -0.02511   0.20084  -0.38969   0.04182  -0.32528  -0.40235  -0.46749   0.35288  -0.11955   0.32018  -0.43691  -0.05030   0.11397   0.09932  -0.33745  -0.01333 
 -0.05165   0.09006  -0.37663   0.12894   0.04005   0.26438  -0.60301  -0.05060  -0.42482  -0.49777  -0.61767   0.38989  -0.00462   0.34703  -0.93073  -0.16668   0.18694   0.03771  -0.26456  -0.07798 
  0.00234   0.08480  -0.42467   0.10282   0.20521   0.15227  -0.78504  -0.15937  -0.29041  -0.66853  -0.67932   0.37711   0.26139   0.04755  -0.66614  -0.35423   0.28963  -0.21662  -0.22342  -0.08968 
  0.14483  -0.09837  -0.43726   0.06530   0.17474   0.19987  -0.74026  -0.16363   0.06952  -0.39047  -0.28701   0.14732   0.34147  -0.30180  -0.75824  -0.31890   0.34077  -0.24998  -0.13206  -0.26298 
  0.21926  -0.02358  -0.34600  -0.12876   0.12786   0.21982  -0.60754  -0.12430   0.22297  -0.32417  -0.07377  -0.18096   0.32435  -0.33732  -0.60095  -0.25220   0.31652  -0.18257  -0.12970  -0.24347 
  0.21197   0.03099  -0.32719  -0.17194   0.00565   0.29052  -0.47450  -0.07535   0.20152  -0.17465   0.00027  -0.25745   0.21784  -0.11089  -0.34758  -0.12800   0.22956  -0.06274  -0.18074  -0.10522 
  0.12863   0.11701  -0.26610  -0.12281   0.03353   0.16501  -0.30627  -0.00983   0.16314  -0.10369  -0.01898  -0.18469   0.11242  -0.01003  -0.33752   0.00293   0.17937  -0.02736  -0.24803  -0.02170 
  0.11771   0.03756  -0.21473  -0.05162   0.00080   0.13650  -0.29854   0.04727   0.05623   0.08040  -0.13000  -0.05712   0.01274   0.15382  -0.37400   0.00757   0.07254   0.09790  -0.34631   0.03152 
  0.03357   0.11206  -0.27900   0.01673   0.01579   0.04884  -0.32125   0.10081  -0.01041   0.10643  -0.23133   0.03779  -0.01119   0.07793  -0.30008   0.07806   0.08857   0.03791  -0.30225   0.04949 
  0.02373   0.05844  -0.28969   0.06911  -0.02746   0.09598  -0.41551   0.12962  -0.06009   0.16833  -0.22327   0.03689  -0.03722   0.06924  -0.32935   0.11392   0.07530   0.09433  -0.41297   0.05070 
 -0.01020   0.10792  -0.35698   0.08244  -0.08057   0.07701  -0.56636   0.19820  -0.07660   0.12034  -0.27467   0.09523  -0.07181   0.09892  -0.47351   0.14733   0.03216   0.04801  -0.40092   0.11315 
 -0.04833   0.07706  -0.41187   0.14144   0.13876  -0.05242  -0.47828   0.06517   0.07644   0.02727  -0.16950  -0.03126   0.17212  -0.14133  -0.17686  -0.07549   0.20465  -0.03816  -0.33363  -0.01361 
  0.13778  -0.03163  -0.30691   0.00471  -0.33520   0.32322  -2.31795   0.19308  -0.19560   0.29005  -1.34028   0.13589  -0.26017   0.26553  -1.75166   0.18371  -0.31311   0.21482  -2.04129   0.22619 
 -0.29294   0.27566  -1.85651   0.19261   0.51350  -3.99003  -3.99003  -3.99003   0.47065  -3.99003  -3.99003  -3.99003   0.47833  -3.99003  -3.99003  -3.99003   0.60650  -3.99003  -3.99003  -3.99003 
  0.52233  -3.99003  -3.99003  -3.99003  -3.99003  -1.57186   0.67384  -3.99003  -3.99003  -3.99003  -3.99003  -3.99003  -3.99003  -3.99003  -3.99003  -3.99003  -3.99003  -3.99003  -3.99003  -3.99003 
 -3.99003  -1.59056   0.69669  -3.99003  -3.99003  -3.99003  -3.99003  -3.99003   0.13343   0.23020   0.02753  -0.72159  -0.04759  -0.04953   0.23927  -0.12846  -3.99003  -3.99003  -3.99003  -3.99003 
 -0.00239  -0.03788   0.18448  -0.15002  -0.14213   0.05575  -0.31196   0.19727  -0.15323   0.04629  -0.03547   0.11301  -0.08387   0.01850  -0.11096   0.11798  -0.08556   0.06896   0.00069   0.00821 
 -0.10381   0.04403  -0.12785   0.11800   0.03509   0.08773  -0.43235   0.08660   0.06330  -0.08110   0.02806  -0.04985  -0.00902   0.02642   0.00630  -0.01326   0.03196  -0.01208  -0.00972  -0.01127 
  0.02541   0.01024  -0.06623   0.00778  -0.05626   0.14513  -0.16274   0.03865   0.01245   0.01153   0.09507  -0.08455  -0.02544  -0.00351   0.13975  -0.07704  -0.01155   0.03364   0.05114  -0.06002 
 -0.02373   0.06076   0.01796  -0.03394   0.01065   0.06603  -0.16679   0.04009  -0.02337   0.03356   0.00119   0.00421  -0.00326  -0.00451   0.07730  -0.04779  -0.06855   0.07169   0.02121  -0.02159 
 -0.01461   0.04483  -0.02362  -0.00179   0.00746   0.09638  -0.12951   0.00213  -0.00325  -0.02546   0.07168  -0.02508  -0.03165   0.03071   0.09713  -0.05830  -0.04186   0.08671  -0.02053  -0.02290 
 -0.01431   0.05785  -0.00954  -0.02145   0.01686   0.07107  -0.02363  -0.05572   0.00469  -0.04332   0.14989  -0.08557   0.00978   0.02404   0.09767  -0.10956  -0.00212   0.00209   0.06279  -0.05266 
  0.01022   0.01648   0.06095  -0.07075   0.03655   0.05327  -0.04510  -0.04913   0.03803  -0.03217   0.07200  -0.07283   0.05833   0.01232   0.01468  -0.10174  -0.00310   0.06588  -0.01164  -0.04245 
  0.03996   0.03058  -0.00480  -0.06451   0.03573   0.04182  -0.06062  -0.02803   0.07055  -0.05549   0.01983  -0.06891   0.02591  -0.01224   0.02650  -0.04114  -0.00792   0.04092   0.01724  -0.03936 
  0.03766   0.01046  -0.00863  -0.04285   0.00868   0.05172  -0.00505  -0.04391   0.03881  -0.00205   0.03760  -0.06840  -0.02013  -0.02216   0.10389  -0.03558   0.02930  -0.00253   0.03884  -0.05611 
  0.01696   0.00959   0.03530  -0.05129  -0.00444   0.03981   0.00242  -0.02528   0.02840   0.00737  -0.01004  -0.03136   0.01116   0.04703   0.00513  -0.05527   0.00498   0.03122  -0.01091  -0.01996 
  0.01267   0.03141  -0.00592  -0.03186  -0.01060   0.05678  -0.01040  -0.02203   0.03678  -0.06033   0.03055  -0.02737  -0.04859   0.01620   0.05989   0.00192   0.01644   0.03171   0.00255  -0.04110 
  0.00220   0.01840   0.01238  -0.02379  -0.04195   0.09218  -0.00343  -0.02367   0.00178  -0.03149   0.08067  -0.03358  -0.02502   0.03445   0.04159  -0.02509  -0.00104  -0.00122   0.06032  -0.04859 
 -0.01599   0.02913   0.03958  -0.03330  -0.03069   0.06316  -0.01510  -0.00282   0.01424   0.00908  -0.01918  -0.01072  -0.00284   0.07971   0.00427  -0.06693  -0.05061   0.05283  -0.01177   0.00655 
 -0.01385   0.05277  -0.01434  -0.01464  -0.00727   0.05615  -0.00024  -0.03292   0.02868  -0.05308   0.03571  -0.02438  -0.06754   0.05627   0.03604   0.00640  -0.01402   0.05178   0.01983  -0.04588 
 -0.00959   0.03326   0.01753  -0.02631  -0.04304   0.07174   0.03629  -0.03717   0.02009   0.01067   0.04874  -0.05949  -0.00608   0.03797   0.05810  -0.06433  -0.02944   0.05031   0.04430  -0.05301 
 -0.01293   0.04523   0.04261  -0.05195   0.00578   0.05030  -0.03507  -0.01717  -0.00305   0.02516   0.00983  -0.01684  -0.00038   0.02512   0.03617  -0.04349  -0.01345   0.03609  -0.03123   0.00569 
  0.00264   0.03326  -0.01503  -0.01618  -0.00588   0.09236  -0.01384  -0.05510   0.05467  -0.03106  -0.00940  -0.04266  -0.03421   0.02742   0.03312  -0.00332  -0.00549   0.04460   0.02266  -0.04939 
  0.00542   0.04121   0.00607  -0.04024  -0.00383   0.06006   0.01730  -0.05446   0.04133  -0.01824   0.02641  -0.05421  -0.00250   0.03389   0.06531  -0.07143  -0.00807   0.03059   0.02953  -0.04082 
  0.01036   0.02892   0.02890  -0.05363   0.02721   0.00966   0.01369  -0.04872   0.01918   0.00349   0.00962  -0.02908   0.00476   0.06407   0.00109  -0.05957  -0.02738   0.08079  -0.04414  -0.01194 
  0.01281   0.04040  -0.00954  -0.03651  -0.01849   0.07970   0.02044  -0.05732   0.07455  -0.07067  -0.00792  -0.04908   0.00169   0.02821  -0.01411  -0.01451   0.01041   0.05476  -0.01149  -0.04455 
  0.01951   0.03326  -0.00278  -0.04334  -0.02422   0.09727   0.01504  -0.06233   0.02471   0.01519   0.08224  -0.09362   0.01877   0.04471   0.05116  -0.10028   0.03532   0.02258   0.03600  -0.08134 
  0.01396   0.04723   0.03857  -0.08171   0.01826   0.04886  -0.00271  -0.05510   0.04391  -0.04129  -0.02337  -0.01556   0.03185   0.03744  -0.00390  -0.06923  -0.01775   0.07616  -0.03201  -0.02400 
  0.02722   0.03429  -0.02012  -0.04073  -0.00132   0.06279   0.00862  -0.05245   0.05471  -0.01252   0.00305  -0.06126  -0.02614   0.06986   0.01083  -0.03278   0.01207   0.07291  -0.01995  -0.05641 
  0.01367   0.05139  -0.00233  -0.05179  -0.00730   0.02085   0.06637  -0.06271   0.02293   0.01362   0.00251  -0.03569   0.03039   0.01578   0.04846  -0.08811   0.01732   0.03032   0.04511  -0.07875 
  0.01809   0.01819   0.04181  -0.06485   0.02300   0.02769  -0.02357  -0.02797   0.03342   0.01305   0.00815  -0.05194   0.03481   0.04053  -0.01891  -0.06586  -0.02125   0.07531  -0.04801  -0.00926 
  0.02415   0.03979  -0.02739  -0.03651  -0.00144   0.05441   0.02254  -0.05699   0.05821  -0.05679   0.00234  -0.03996  -0.01516   0.04189   0.00506  -0.01768   0.02234   0.03164   0.00154  -0.04572 
  0.01909   0.02264   0.00782  -0.04236   0.00818   0.06777   0.00893  -0.06869   0.02428   0.02468   0.07011  -0.09033   0.03502   0.02516   0.02334  -0.08322   0.01434   0.02440   0.04165  -0.06708 
  0.02247   0.03613   0.03098  -0.07602   0.02689   0.01913  -0.01396  -0.03339   0.05341  -0.03144  -0.03396  -0.02726   0.01728   0.01095   0.03069  -0.05094   0.01616   0.03582  -0.03429  -0.01630 
  0.03453   0.00959  -0.01849  -0.03154  -0.02014   0.05297   0.02704  -0.03821   0.05010  -0.03052   0.01427  -0.05100  -0.00460   0.00258   0.05431  -0.03353   0.02413   0.03474  -0.00130  -0.04778 
  0.01195   0.02159   0.02051  -0.04302  -0.01812   0.05816   0.05566  -0.07077   0.01460   0.03356   0.06150  -0.07713   0.02775   0.03020   0.02335  -0.07693   0.01371   0.04354   0.02620  -0.06956 
  0.01080   0.04141   0.03938  -0.07337  -0.00681   0.05601   0.00318  -0.03602   0.03069   0.03535  -0.01384  -0.05009   0.04612   0.00745  -0.00472  -0.06343  -0.01935   0.05681  -0.04292   0.00156 
  0.01880   0.03858  -0.01919  -0.03506   0.00846   0.02975   0.02282  -0.04891   0.05732  -0.05296  -0.02479  -0.02559  -0.00390   0.03578   0.01501  -0.03283   0.01339   0.04683  -0.00928  -0.04193 
  0.02205   0.01925   0.00122  -0.03829   0.00112   0.05068   0.01380  -0.04944   0.03410  -0.04684   0.09524  -0.07640   0.02808   0.02568   0.03228  -0.08034  -0.01882   0.04941   0.01804  -0.03812 
  0.01339   0.02663   0.03222  -0.05802   0.02107   0.05474  -0.00903  -0.05845   0.02556   0.00578  -0.05563  -0.00354   0.03305   0.05101  -0.04279  -0.05709  -0.01441   0.04354  -0.03729   0.00468 
  0.02205   0.03939  -0.03551  -0.02836  -0.00907   0.03607   0.01250  -0.02522   0.04854   0.01687   0.00035  -0.07012   0.01313   0.01960   0.03513  -0.05589   0.01542   0.04661  -0.00804  -0.04460 
  0.01767   0.03037   0.00651  -0.04581   0.01231   0.02041   0.04572  -0.06670   0.02989   0.01808   0.04061  -0.07178   0.03995  -0.01462   0.06380  -0.08937   0.00678   0.04297   0.01155  -0.04951 
  0.02499   0.01755   0.03551  -0.06744   0.02823   0.03916   0.00105  -0.06279   0.02284   0.02638  -0.01538  -0.03346   0.00794   0.04951  -0.03589  -0.02638  -0.01866   0.07790  -0.04799  -0.01362 
  0.01738   0.04802  -0.02621  -0.03619  -0.01966   0.03117   0.02678  -0.02158   0.05725  -0.04333   0.01620  -0.05456  -0.01708   0.02577   0.04431  -0.02933   0.01452   0.04534  -0.01922  -0.03391 
  0.01166   0.01819   0.01195  -0.03362   0.00226   0.03896   0.06369  -0.08709   0.05833  -0.04310   0.03803  -0.07056   0.00468   0.03779   0.05730  -0.07821   0.01131   0.03681   0.03159  -0.06595 
  0.02106   0.02243   0.04622  -0.07584  -0.01564   0.06326  -0.01670  -0.01712   0.03612   0.01922  -0.06282  -0.02049   0.00204   0.04499   0.02941  -0.05893   0.01322   0.05648  -0.06888  -0.00757 
  0.01252   0.04643  -0.03335  -0.02473  -0.00236   0.05758   0.01747  -0.05422   0.05470  -0.05054   0.02006  -0.04941   0.00814   0.02744   0.01497  -0.04113   0.02816   0.02459   0.01268  -0.05458 
  0.02359   0.01947   0.01453  -0.05028   0.00049   0.03789   0.02057  -0.04400   0.04137  -0.03646   0.05595  -0.06320   0.01727   0.01135   0.07564  -0.08809   0.02354   0.03650   0.02379  -0.07054 
  0.02261   0.01670   0.03612  -0.06433   0.01892   0.07052  -0.00189  -0.07565   0.03665   0.04939  -0.02916  -0.05888   0.01214   0.02034   0.01673  -0.04169  -0.01308   0.08515  -0.08500  -0.00067 
  0.01951   0.05785  -0.02905  -0.04482   0.00639   0.04063   0.02465  -0.05676   0.04742  -0.00381  -0.01572  -0.04555  -0.01944   0.03078   0.03243  -0.02210   0.01871   0.06372  -0.03598  -0.04154 
  0.01824   0.03408  -0.00211  -0.04302  -0.01473   0.02894   0.04636  -0.04185   0.02043   0.03092   0.00446  -0.04492   0.03701   0.02078   0.03793  -0.09411   0.03560   0.02576   0.01301  -0.06332 
  0.01994   0.02432   0.02494  -0.05802   0.03922   0.01814  -0.02329  -0.04087   0.04722  -0.02970  -0.02874  -0.02309   0.01365   0.04741   0.00270  -0.05728  -0.02590   0.05450  -0.03893   0.00578 
  0.02625   0.02474  -0.02692  -0.02757   0.00238   0.01884   0.05146  -0.05854   0.03495  -0.04436   0.04062  -0.03992   0.01152   0.03614   0.02401  -0.05972   0.03632   0.02134  -0.01605  -0.03631 
  0.02177   0.01002   0.02368  -0.04796  -0.02018   0.05615   0.04644  -0.05791   0.01515  -0.05819   0.06207  -0.02230   0.03463   0.02218   0.02470  -0.08098   0.03068   0.02366   0.02006  -0.06273 
  0.01568   0.01819   0.03510  -0.05632  -0.00788   0.06865  -0.02329  -0.02503   0.03108  -0.00366  -0.02394  -0.02047   0.03871   0.04363  -0.01580  -0.07674   0.01267   0.04668  -0.06342  -0.00253 
