8 20 2 1 48 -2.6048 2.1581 3.6307 11923
  0.01016   0.02083   0.00566  -0.02934   0.01079   0.01068   0.02994  -0.04315   0.01965  -0.06103   0.05413  -0.02102  -0.00002  -0.00349   0.04183  -0.02533   0.03048   0.02731  -0.00217  -0.04674 
  0.01733  -0.00087   0.02500  -0.03577   0.01221   0.00411   0.05266  -0.06032  -0.00191  -0.03149   0.05920  -0.01515   0.01143   0.00873   0.05966  -0.06372   0.00645  -0.00496   0.03986  -0.03374 
  0.01005  -0.00490   0.04956  -0.04416   0.00445   0.00655   0.01890  -0.02369   0.02067  -0.03530   0.04001  -0.02694   0.02679   0.01049   0.01247  -0.05033   0.01747   0.01536  -0.02868  -0.00529 
  0.01977   0.00204   0.00476  -0.02559  -0.00184   0.00107   0.04082  -0.03084   0.02399  -0.00436   0.03801  -0.04772   0.00944  -0.01243   0.03150  -0.02310   0.01881  -0.01393   0.01502  -0.01724 
  0.01300  -0.00841   0.02979  -0.02921  -0.01527   0.02091   0.04508  -0.03401   0.01527  -0.05621   0.07235  -0.03029   0.01857   0.00803   0.08280  -0.09358   0.02094  -0.01820   0.04698  -0.04310 
  0.01005  -0.00730   0.05633  -0.04809   0.01166   0.00411   0.01075  -0.02369   0.01151   0.00498   0.00399  -0.01777   0.02368   0.02043   0.00211  -0.04701   0.01242   0.02916  -0.02603  -0.01356 
  0.01838   0.01454  -0.00581  -0.02559   0.00069   0.02422   0.03106  -0.04247   0.01753  -0.03162   0.02649  -0.01703  -0.00677  -0.00095   0.05330  -0.02738   0.00973  -0.00440   0.02431  -0.02387 
  0.00683  -0.00105   0.03114  -0.02869  -0.01876  -0.02378   0.06996  -0.02091   0.01370  -0.01070   0.06870  -0.05172   0.01966   0.01952   0.06523  -0.08980   0.02688  -0.01324   0.03439  -0.04128 
  0.01064  -0.00915   0.05617  -0.04727  -0.01132  -0.00265   0.03468  -0.01283   0.02233  -0.00686   0.00476  -0.02392   0.02156   0.03451   0.01645  -0.06661  -0.01084   0.01788  -0.02050   0.01011 
  0.00815   0.01065   0.00710  -0.02071   0.00096   0.00232   0.06283  -0.05483   0.00043  -0.03312   0.04103  -0.00568  -0.00472   0.02580   0.04315  -0.04374   0.01194   0.00465   0.02906  -0.03683 
  0.00372   0.00095   0.04367  -0.03656  -0.00919   0.01953   0.06382  -0.05695   0.01844  -0.00744   0.06577  -0.05764   0.02899  -0.00504   0.07287  -0.08871   0.01661  -0.02141   0.04649  -0.03623 
  0.01523  -0.00398   0.05825  -0.05826  -0.00111   0.01985   0.01264  -0.02205   0.00444  -0.00990   0.01770  -0.00906   0.01764   0.01402   0.04712  -0.06673  -0.02352   0.01753  -0.01907   0.01893 
  0.00444   0.01118   0.00853  -0.01817  -0.01800   0.01821   0.04603  -0.02985   0.03028  -0.04132   0.03954  -0.03504  -0.00888   0.01437   0.03896  -0.02620   0.03613  -0.00771   0.03438  -0.05461 
  0.01005  -0.00196   0.03871  -0.03749  -0.00797  -0.00393   0.05503  -0.03281   0.02238  -0.04051   0.04884  -0.03173   0.02078   0.01511   0.05101  -0.07535   0.00501  -0.01301   0.05318  -0.03813 
  0.01158  -0.00952   0.05054  -0.04336   0.01832  -0.00050  -0.00077  -0.01925   0.01745  -0.02955   0.01268  -0.01009   0.02673   0.03288   0.01946  -0.07489  -0.03842   0.02843   0.00365   0.00576 
  0.01147   0.01047   0.00458  -0.02238  -0.00236  -0.02448   0.05853  -0.02813   0.02607  -0.06097   0.02064  -0.00836   0.00321   0.02000   0.06012  -0.06252   0.00191  -0.01414   0.04733  -0.02931 
  0.00815  -0.01893   0.04777  -0.03065  -0.01804   0.02576   0.06087  -0.04884  -0.01122  -0.00246   0.08287  -0.03711   0.03315  -0.00108   0.07034  -0.09635   0.02337  -0.02233   0.06567  -0.05989 
  0.00826   0.00004   0.06629  -0.06021  -0.01857   0.03605   0.03131  -0.03016   0.01728   0.00585   0.00843  -0.02756   0.02718  -0.00009   0.02760  -0.05325  -0.01393   0.02249   0.00609  -0.01024 
  0.00707   0.01682   0.01561  -0.03026  -0.00421  -0.01362   0.04391  -0.02072   0.03095  -0.08626   0.02224  -0.00284  -0.01323   0.00981   0.05086  -0.02605   0.00720  -0.01716   0.03595  -0.02188 
  0.00719  -0.02332   0.03704  -0.01830  -0.00907  -0.00358   0.04938  -0.02690  -0.00395   0.00732   0.05744  -0.03402   0.01474  -0.00249   0.05934  -0.05870   0.00346   0.00507   0.03710  -0.03654 
  0.00203   0.00132   0.04793  -0.03841  -0.00351  -0.00410   0.02799  -0.01482   0.00661  -0.00260  -0.01673   0.00308   0.02426  -0.00687   0.03332  -0.04806  -0.00479   0.03859  -0.02872  -0.00485 
  0.00850   0.00798   0.00205  -0.01564  -0.00682   0.00931   0.02473  -0.01787   0.00363  -0.04368   0.03109   0.00208  -0.02433   0.01831   0.04912  -0.01840  -0.01949   0.01636   0.04716  -0.03470 
 -0.01008   0.00367   0.03687  -0.01855  -0.01758   0.00801   0.03362  -0.01269   0.01469  -0.03937   0.06213  -0.03180   0.02214   0.00822   0.03488  -0.05854   0.01027  -0.02096   0.05654  -0.03990 
  0.00791  -0.00952   0.04450  -0.03432   0.00467   0.00686   0.01289  -0.01941   0.03959  -0.04330  -0.00589  -0.01861   0.01307   0.02171   0.05105  -0.07020  -0.00997   0.01250  -0.02225   0.01455 
  0.01394   0.00313   0.00512  -0.02020   0.01634   0.01997   0.02617  -0.05372   0.02794  -0.03548   0.04375  -0.03807  -0.00111  -0.00383   0.03491  -0.01883   0.01143   0.02148   0.03014  -0.05117 
  0.01535   0.00529   0.03131  -0.04296  -0.01170   0.00247   0.04072  -0.02090   0.03273  -0.02668   0.05865  -0.05937   0.02530  -0.00006   0.07647  -0.09070  -0.00461  -0.01189   0.06279  -0.03933 
  0.01217  -0.00897   0.05537  -0.04849   0.00575   0.02639   0.02052  -0.04113   0.03398  -0.04153  -0.02469  -0.00289   0.02555   0.00623   0.01986  -0.05044  -0.01357  -0.00822   0.00820   0.01047 
  0.01651  -0.00087   0.00674  -0.02135  -0.00702   0.01915   0.05592  -0.05175   0.04912  -0.06857   0.01355  -0.02850  -0.01205   0.03433   0.04626  -0.04408  -0.00534  -0.01937   0.04015  -0.01322 
  0.00683  -0.00471   0.04153  -0.03418  -0.01592   0.02941   0.04517  -0.03982   0.02462  -0.00387   0.07420  -0.07418   0.00388   0.00993   0.06221  -0.05655   0.01165   0.00596   0.04094  -0.04810 
  0.00695   0.01136   0.05021  -0.05342   0.00409   0.00903   0.03105  -0.03502   0.01517   0.01148   0.01674  -0.03340   0.01872   0.02580   0.03360  -0.06788  -0.03434   0.05028  -0.00747  -0.00641 
  0.00648   0.02412   0.01438  -0.03418  -0.02331   0.04069   0.06008  -0.05409   0.00595   0.00648   0.00900  -0.01518  -0.02809   0.02991   0.05386  -0.02678   0.00011   0.01869   0.01581  -0.02655 
 -0.00921   0.02377   0.03418  -0.03208  -0.01887   0.02520   0.06528  -0.05162   0.03682  -0.01484   0.00129  -0.03504  -0.01628   0.03506   0.10762  -0.09212   0.00066   0.00737   0.04464  -0.04259 
  0.00288   0.01348   0.05377  -0.05342   0.03107  -0.02114   0.01074  -0.02917   0.03525  -0.01788  -0.00290  -0.02891   0.02213   0.01014   0.03595  -0.06096  -0.00921   0.03621  -0.00009  -0.02031 
  0.02564   0.00258   0.00674  -0.03405   0.00093  -0.01026   0.04288  -0.02783   0.04422  -0.04279   0.04138  -0.05341  -0.03307  -0.00990   0.06762  -0.00118   0.00892   0.01912   0.03115  -0.04776 
  0.00779  -0.00785   0.04252  -0.03379   0.00093  -0.01950   0.07285  -0.04849   0.05611  -0.05797   0.05569  -0.07104   0.02313  -0.01962   0.07086  -0.06620   0.00657  -0.02733   0.05156  -0.02740 
  0.02277  -0.02912   0.06110  -0.05136   0.04966  -0.05105   0.01523  -0.03642   0.04594  -0.00995  -0.01039  -0.04292   0.05601  -0.02410   0.03692  -0.08411  -0.00173   0.03012  -0.01641  -0.00938 
  0.04323  -0.01364   0.00440  -0.04148  -0.02039  -0.03836   0.08359  -0.02218   0.06573  -0.07433   0.05467  -0.07503   0.04100  -0.08264   0.07856  -0.05227   0.02050  -0.03380   0.04397  -0.02849 
  0.02450  -0.05334   0.06567  -0.04095  -0.01967   0.02550   0.05614  -0.04246   0.05380  -0.00890   0.01618  -0.07062   0.00976  -0.01107   0.08931  -0.07028   0.00581  -0.05168   0.07297  -0.02903 
  0.01135  -0.01083   0.06158  -0.05150  -0.00652  -0.04233   0.04269   0.00088   0.05033  -0.01931  -0.00459  -0.04652   0.03585  -0.02867   0.04135  -0.05351  -0.00831  -0.00710  -0.00446   0.01477 
  0.02070  -0.02563   0.01807  -0.01728  -0.01082   0.01903   0.02358  -0.01955   0.03303  -0.06741   0.03831  -0.02390   0.00141  -0.03119   0.09768  -0.05057   0.00700  -0.01744   0.04071  -0.02554 
  0.00660  -0.01684   0.04597  -0.02895  -0.04796  -0.00048   0.05649   0.00441   0.03158  -0.00347   0.02107  -0.04713  -0.00008  -0.02646   0.11045  -0.06364   0.01208  -0.04567   0.04775  -0.01607 
 -0.00209  -0.02083   0.05793  -0.02649  -0.03322   0.03129  -0.00896   0.01835   0.03868   0.00589  -0.07532  -0.00976  -0.02100   0.06069   0.03845  -0.05048  -0.04128   0.02776  -0.03069   0.03178 
 -0.01345   0.03315  -0.01741   0.00166  -0.06090   0.01894   0.03970   0.01667   0.01366  -0.01720  -0.01838   0.00417  -0.03041   0.03179   0.02119  -0.00292  -0.00199  -0.01431   0.02177  -0.00469 
 -0.02038   0.00331   0.01946   0.00443  -0.03920   0.00867   0.03064   0.01059   0.04878  -0.01400  -0.04877  -0.02353   0.04335  -0.01201   0.02151  -0.06238   0.03559  -0.09232   0.03158   0.00593 
  0.02023  -0.03107   0.01597  -0.01175   0.00819   0.01485  -0.06564   0.02475   0.09354   0.00751  -0.12557  -0.06185   0.09142  -0.04686  -0.04617  -0.06383   0.02830  -0.03261  -0.03872   0.02560 
  0.05203  -0.01383  -0.06125  -0.00827   0.02074   0.00910   0.00706  -0.03497   0.08642  -0.03321  -0.04747  -0.06507   0.10368  -0.04901  -0.01190  -0.10801   0.05628  -0.04657  -0.01349  -0.00694 
  0.06013  -0.02679  -0.00877  -0.04363   0.10754  -0.02739   0.00791  -0.13608   0.16359  -0.04385  -0.07614  -0.18704   0.17189   0.00111   0.02066  -0.39372   0.09471   0.00651  -0.00203  -0.09940 
  0.13340  -0.01533  -0.00470  -0.17405   0.19399  -0.23268  -0.04238  -0.12647   0.17245  -0.11783  -0.18178  -0.10029   0.23852  -0.17498  -0.10667  -0.28263   0.03395  -0.08789  -0.00438   0.03103 
  0.18553  -0.17051  -0.06631  -0.10956  -0.12877  -0.31188   0.38227  -0.23267  -0.11731  -0.08293   0.13218   0.06456  -0.01652  -0.06628   0.26582  -0.20528  -0.22075  -0.15239   0.30462  -0.10411 
 -0.11706  -0.19009   0.32918  -0.14475  -1.05972  -4.07642   0.66433  -4.07642  -0.69966  -4.07642   0.74186  -4.07642  -1.31375  -4.07642   0.74575  -4.07642  -0.74446  -4.07642   0.62702  -4.07642 
 -0.98201  -4.07642   0.68512  -4.07642  -4.07642  -4.07642  -4.07642   0.53603  -4.07642  -4.07642  -4.07642  -4.07642  -4.07642  -1.20033  -4.07642   0.53785  -4.07642  -4.07642  -4.07642  -4.07642 
 -4.07642  -1.20389  -4.07642   0.51807  -4.07642  -4.07642  -4.07642  -4.07642   0.22690  -0.30611   0.01404  -0.27514  -4.07642  -4.07642  -4.07642  -4.07642   0.20333  -0.68061   0.29415  -0.42584 
  0.12156  -0.63243   0.34295  -0.41416   0.18894  -0.18645  -0.02268  -0.15952   0.15373  -0.15946  -0.05373  -0.10827   0.27789  -0.29148   0.01333  -0.53831   0.30422  -0.16936  -0.11337  -0.23506 
  0.25947  -0.22684  -0.02971  -0.30433  -0.75081  -1.17119   0.63157  -0.98488  -0.76083  -0.55872   0.69299  -0.72625  -0.72619  -0.89551   0.69489  -0.89547  -0.53803  -0.63872   0.54757  -0.57263 
 -0.70692  -0.89881   0.64011  -0.84846  -0.25422  -0.08019  -0.02472   0.20892  -0.22971  -0.00947   0.00969   0.15821  -0.68054  -0.36098  -0.76078   0.45242  -0.02943  -0.15666  -0.08882   0.14866 
 -0.54576  -0.30903  -0.59629   0.40757   0.01456  -0.07052  -0.09906   0.08297   0.03559  -0.17873  -0.01526   0.04746   0.01329  -0.09686  -0.04143   0.06567   0.12323  -0.17021  -0.05734   0.02538 
  0.04366  -0.13062  -0.02275   0.04200  -0.05763  -0.16081  -0.03173   0.14166  -0.04634  -0.11731  -0.08027   0.12406   0.00334  -0.16508  -0.05778   0.11207   0.04713  -0.17676  -0.13507   0.12904 
 -0.01709  -0.15803  -0.07122   0.12822   0.01442  -0.10255  -0.17329   0.12751  -0.01491  -0.08627  -0.08559   0.09071   0.07415  -0.11117  -0.15542   0.05355   0.11383  -0.11505  -0.15396   0.05913 
  0.04520  -0.09978  -0.14038   0.08335  -0.06575  -0.06544  -0.15299   0.16290  -0.05204  -0.03902  -0.10937   0.10984   0.04340  -0.00943  -0.08453   0.00108   0.07585  -0.07178  -0.18587   0.08365 
 -0.00687  -0.05170  -0.14063   0.10565  -0.06842  -0.00680  -0.13784   0.13378  -0.06991  -0.07314  -0.15920   0.14911   0.01242  -0.00172  -0.17431   0.06940   0.07385  -0.05813  -0.24969   0.10139 
 -0.01508  -0.03245  -0.18124   0.11731  -0.07117  -0.06099  -0.06557   0.12936  -0.06764  -0.09239  -0.04658   0.11914  -0.06171   0.02383  -0.24742   0.14043   0.06283  -0.04072  -0.19852   0.08251 
 -0.03132  -0.04036  -0.12505   0.11265  -0.10662  -0.03579  -0.10074   0.15573  -0.09646  -0.06172  -0.15505   0.16062  -0.12175   0.03385  -0.18989   0.15979   0.07009  -0.09629  -0.20571   0.10727 
 -0.05119  -0.04782  -0.15522   0.14044  -0.09888   0.00709  -0.17350   0.15902  -0.09945  -0.04396  -0.20150   0.16764  -0.08107   0.02504  -0.21166   0.14414   0.05344  -0.08998  -0.28374   0.14080 
 -0.04982  -0.03323  -0.21995   0.15328  -0.06073   0.01679  -0.16816   0.12841  -0.03298  -0.09853  -0.12808   0.12322  -0.00149   0.05870  -0.21708   0.05816   0.08140  -0.07530  -0.27179   0.11100 
 -0.00539  -0.02951  -0.20074   0.11508  -0.04521  -0.04151  -0.10020   0.11839  -0.04237  -0.06226  -0.13809   0.12044  -0.00283   0.00462  -0.15901   0.07526   0.08721  -0.04593  -0.25167   0.08524 
 -0.00197  -0.03639  -0.16310   0.10287  -0.06217  -0.00522  -0.14516   0.13167  -0.03677  -0.03669  -0.11412   0.09885  -0.00437  -0.01124  -0.14972   0.08278   0.09258  -0.07450  -0.22925   0.08782 
 -0.00331  -0.03500  -0.16523   0.10402  -0.03675  -0.02429  -0.14706   0.12364  -0.02622  -0.04422  -0.08180   0.08224  -0.01950  -0.00121  -0.13301   0.08491   0.09827  -0.06146  -0.22183   0.07366 
  0.00564  -0.03540  -0.15522   0.09337   0.00153  -0.06834  -0.12238   0.10381  -0.01968  -0.09220  -0.08282   0.09586   0.00124   0.01164  -0.17268   0.07183   0.11657  -0.09928  -0.17653   0.05877 
  0.02758  -0.06842  -0.13513   0.08285  -0.01041  -0.05721  -0.12807   0.11099  -0.03031  -0.05642  -0.02640   0.06881   0.02211  -0.02613  -0.16516   0.07060   0.11511  -0.08820  -0.17591   0.05419 
  0.02461  -0.06081  -0.12603   0.07810   0.00640  -0.08585  -0.09095   0.09318  -0.00602  -0.06817  -0.04076   0.05832   0.02837  -0.07431  -0.13120   0.07745   0.10945  -0.10808  -0.12736   0.04719 
  0.03312  -0.08669  -0.09435   0.06886   0.00083  -0.07932  -0.06843   0.08404  -0.01679  -0.06361  -0.02035   0.05733   0.06392  -0.12619  -0.05457   0.02908   0.10705  -0.12935  -0.09805   0.04496 
  0.03558  -0.09978  -0.06293   0.05750   0.02428  -0.14779  -0.03556   0.07419  -0.01337  -0.14092   0.01425   0.06795   0.06313  -0.06248  -0.12549   0.02905   0.14231  -0.15217  -0.08670   0.01428 
  0.05610  -0.12890  -0.05273   0.04519   0.00584  -0.04687  -0.05954   0.05915  -0.02445  -0.04536  -0.00516   0.04932   0.08205  -0.07865  -0.12315   0.01262   0.14869  -0.11333  -0.08430  -0.01510 
  0.05471  -0.07248  -0.06314   0.02466  -0.02222   0.06207  -0.13744   0.05990  -0.00323  -0.02313  -0.02637   0.02872   0.04316   0.02552  -0.12370  -0.00510   0.14564  -0.05523  -0.16871   0.00059 
  0.03992   0.00619  -0.12287   0.02466  -0.03043   0.05758  -0.18947   0.09132   0.04062  -0.03522  -0.11879   0.02794  -0.00240   0.07147  -0.21166   0.04788   0.11929  -0.02779  -0.23778   0.04136 
  0.03098   0.01525  -0.19159   0.05697  -0.03008   0.07750  -0.19792   0.08170   0.03684   0.00169  -0.19246   0.03916   0.00602   0.05779  -0.28067   0.07034   0.09812  -0.01993  -0.23216   0.05408 
  0.02461   0.02686  -0.21246   0.06343  -0.02728   0.05849  -0.20879   0.09540   0.05519   0.00085  -0.13807  -0.00025   0.01842   0.02737  -0.19461   0.05159   0.09917  -0.02487  -0.29361   0.07736 
  0.03233   0.01366  -0.21754   0.06605  -0.00022   0.04551  -0.21301   0.08227   0.03266  -0.00372  -0.16723   0.03820  -0.01312   0.07024  -0.22232   0.06307   0.05323   0.05227  -0.32954   0.07704 
  0.01523   0.04348  -0.23974   0.07082  -0.06672   0.11111  -0.19853   0.08770  -0.03662  -0.06056  -0.19399   0.13088  -0.10785   0.20115  -0.26424   0.04732   0.06241   0.07350  -0.31592   0.05027 
 -0.02872   0.08040  -0.24069   0.08365  -0.08184   0.15459  -0.19790   0.06613  -0.19215  -0.15838  -0.30013   0.26003  -0.10085   0.25508  -0.35042   0.00449   0.06591   0.06733  -0.28461   0.04164 
 -0.06505   0.08357  -0.26146   0.11386   0.01177   0.14658  -0.27376   0.01929  -0.26621  -0.29143  -0.44584   0.32351  -0.04987   0.26010  -0.31000  -0.06863   0.15862   0.01968  -0.24678  -0.03176 
 -0.00466   0.04562  -0.28855   0.10066   0.12100   0.14725  -0.43704  -0.06784  -0.21775  -0.39135  -0.47773   0.32429   0.10967   0.13875  -0.50986  -0.08442   0.19482  -0.02361  -0.19911  -0.06983 
  0.07415   0.00834  -0.32393   0.06122   0.12388   0.20628  -0.55231  -0.11166  -0.05494  -0.36801  -0.42331   0.25018   0.17923   0.03300  -0.38150  -0.14820   0.21700  -0.06435  -0.19049  -0.07725 
  0.11825   0.02498  -0.34116   0.00431   0.08577   0.22450  -0.53369  -0.07741   0.05885  -0.40149  -0.22208   0.14473   0.23799  -0.06666  -0.41411  -0.19822   0.24417  -0.14284  -0.16993  -0.08040 
  0.13846   0.01207  -0.30921  -0.02469   0.07096   0.19734  -0.42638  -0.05194   0.11036  -0.19725  -0.12607   0.01238   0.19903  -0.04721  -0.35627  -0.12845   0.24303  -0.11612  -0.15783  -0.10368 
  0.13828   0.02857  -0.25716  -0.05701   0.06942   0.16885  -0.37568  -0.03437   0.09830  -0.10043  -0.09864  -0.02133   0.17102  -0.07377  -0.28460  -0.07157   0.20131  -0.10643  -0.15436  -0.04544 
  0.12119   0.02360  -0.23252  -0.03775   0.03364   0.13502  -0.27811   0.00758   0.08059  -0.07642  -0.09240  -0.01129   0.10284  -0.00457  -0.22768  -0.02272   0.17279  -0.04412  -0.20170  -0.02298 
  0.08823   0.02857  -0.20715  -0.00790   0.03710   0.10707  -0.24350   0.01404   0.04675   0.01341  -0.07283  -0.02531   0.06168   0.04846  -0.31018   0.02259   0.15149  -0.01449  -0.22138  -0.00855 
  0.07149   0.04216  -0.20277   0.00069   0.01544   0.10569  -0.26905   0.04726   0.02678   0.05346  -0.13430   0.00040   0.01972   0.04918  -0.19134   0.03352   0.12157   0.00386  -0.25927   0.02680 
  0.04563   0.05341  -0.22543   0.03014  -0.01758   0.11174  -0.24320   0.06414   0.05792   0.06003  -0.17447  -0.02625   0.05715   0.03623  -0.26240   0.02298   0.14446   0.00892  -0.30567   0.01633 
  0.05588   0.05582  -0.24771   0.02569  -0.02084   0.11194  -0.16294   0.03437   0.07861   0.05042  -0.22660  -0.02866  -0.00493   0.09031  -0.25298   0.04931   0.18726   0.02575  -0.41049  -0.01300 
  0.06673   0.06594  -0.25453   0.00863  -0.07784   0.05005   0.08350  -0.02741   0.12051   0.00587  -0.28568  -0.04204  -0.01104   0.06120  -0.09128   0.01614   0.21001  -0.01846  -0.39869  -0.01326 
  0.06942   0.01682  -0.11545  -0.01970  -0.12494   0.00630   0.18168  -0.05679   0.14625   0.01569  -0.33885  -0.07549  -0.05526   0.04773   0.03243   0.00335   0.22598   0.00647  -0.39070  -0.05829 
  0.05843   0.01242  -0.03520  -0.05150  -0.12951  -0.04001   0.23884  -0.09776   0.16626  -0.06408  -0.31240  -0.06977  -0.04235   0.04003   0.08084  -0.03979   0.23649  -0.04455  -0.37444  -0.04051 
  0.06569  -0.03186   0.01509  -0.06555  -0.17421  -0.09667   0.31644  -0.15320   0.14485  -0.06119  -0.20613  -0.06971  -0.03679   0.04108   0.08784  -0.05312   0.21196  -0.03602  -0.27221  -0.04966 
  0.03637  -0.04317   0.09341  -0.08863  -0.17376  -0.05595   0.28270  -0.11781   0.12522  -0.07350  -0.15056  -0.05262  -0.04801   0.00229   0.13323  -0.04766   0.17656  -0.01363  -0.23640  -0.03337 
  0.01849  -0.03303   0.08839  -0.06824  -0.13833  -0.04341   0.23261  -0.07741   0.10426  -0.02801  -0.13615  -0.05142  -0.03274   0.00157   0.08908  -0.02633   0.13897  -0.02780  -0.14225  -0.02425 
  0.01710  -0.02583   0.06174  -0.04754  -0.10576  -0.02300   0.19487  -0.06986   0.07408  -0.03522  -0.03423  -0.05307  -0.04806  -0.00871   0.11091  -0.01944   0.12408  -0.01295  -0.10104  -0.04250 
  0.01052  -0.01931   0.06661  -0.04877  -0.08440   0.03323   0.11242  -0.03637   0.03352   0.01491  -0.02021  -0.03673  -0.02867   0.01386   0.10674  -0.05604   0.07095   0.00865  -0.04766  -0.03690 
