IntronPotTab 1 1024 1.09163
    0.01319
   -0.01073
   -0.11978
    0.02599
    0.02180
   -0.11566
   -0.16477
    0.04352
   -0.00793
    0.02750
   -0.07794
    0.01575
    0.02302
   -0.08017
   -0.12780
    0.02889
   -0.00975
    0.01623
   -0.12098
    0.05984
    0.02210
   -0.01870
   -0.03142
   -0.01046
   -0.00737
    0.06237
   -0.17675
    0.04843
    0.07730
   -0.07367
   -0.16629
    0.00658
   -0.00771
    0.02438
   -0.06347
    0.03377
    0.01579
   -0.03540
   -0.10934
    0.02049
    0.00898
   -0.01579
   -0.04900
    0.02347
    0.02672
   -0.01729
   -0.06036
    0.00184
   -0.06076
    0.02060
   -0.15433
    0.08710
    0.03990
   -0.13529
   -0.09654
    0.02855
   -0.00609
    0.03155
   -0.11900
    0.05707
    0.02771
   -0.08784
   -0.16121
    0.03656
    0.01617
   -0.05845
   -0.13886
    0.05457
    0.05837
   -0.16774
   -0.05290
    0.03524
   -0.03151
    0.05155
   -0.12289
    0.03115
    0.06561
   -0.16375
   -0.10510
    0.02233
    0.02246
   -0.01474
   -0.13500
    0.04685
   -0.03167
   -0.00631
   -0.08432
    0.04675
    0.02735
    0.01609
   -0.00226
   -0.04334
    0.06417
   -0.06259
   -0.10156
    0.01405
    0.02809
   -0.06738
   -0.19283
    0.06798
    0.07493
   -0.16537
   -0.10689
    0.02149
    0.01889
    0.01744
   -0.11932
    0.01976
    0.05877
   -0.11525
   -0.08312
    0.02157
    0.07345
   -0.13434
   -0.19917
    0.01753
    0.03941
   -0.14977
   -0.05841
    0.02945
    0.01420
    0.02770
   -0.16119
    0.05717
    0.08403
   -0.15915
   -0.16624
    0.04575
    0.01977
   -0.03950
   -0.08193
    0.02907
    0.03848
   -0.05781
   -0.11920
    0.02558
    0.02371
    0.01418
   -0.13517
    0.02232
    0.04467
   -0.06236
   -0.08356
    0.00680
   -0.00479
   -0.02940
   -0.10642
    0.06641
    0.01145
   -0.03047
   -0.06917
    0.01655
    0.05047
   -0.03460
   -0.09553
    0.00535
    0.06081
   -0.07693
   -0.10227
    0.00832
    0.07261
   -0.07199
   -0.07224
   -0.01617
    0.01483
    0.07151
   -0.01364
   -0.02778
   -0.00814
    0.02174
   -0.03199
    0.01441
    0.02306
    0.02364
   -0.07476
    0.00542
   -0.04411
   -0.06752
   -0.12557
    0.09288
    0.03310
   -0.14893
   -0.05452
    0.03106
   -0.03943
    0.04108
   -0.09333
    0.07288
    0.02861
   -0.08975
   -0.14673
    0.04308
   -0.04654
    0.02930
   -0.15755
    0.06775
   -0.00065
   -0.15299
   -0.11820
    0.06414
   -0.02152
    0.03496
   -0.17889
    0.04014
    0.02581
   -0.09202
   -0.15784
    0.03329
    0.00783
    0.01006
   -0.12021
    0.03406
    0.00227
   -0.06661
   -0.10229
    0.04967
    0.04415
    0.01577
   -0.17357
    0.00982
    0.04643
   -0.02456
   -0.15161
    0.00973
   -0.01724
    0.01652
   -0.09832
    0.04902
   -0.00436
   -0.09509
   -0.15890
    0.05199
   -0.01500
    0.03913
   -0.08889
    0.03423
    0.01766
   -0.10023
   -0.12650
    0.04662
    0.01057
   -0.06607
   -0.19100
    0.05996
    0.05797
   -0.17093
   -0.12154
    0.01763
    0.00731
    0.02184
   -0.12868
    0.05322
    0.05816
   -0.14012
   -0.15516
    0.02345
    0.01936
    0.00166
   -0.13533
    0.02712
   -0.02271
   -0.04410
   -0.11471
    0.05316
   -0.00400
    0.02786
   -0.12348
    0.02619
    0.02506
   -0.06696
   -0.11965
    0.02662
   -0.00795
   -0.02665
   -0.07836
    0.05857
   -0.06327
    0.09626
   -0.06969
    0.04420
   -0.03679
    0.06126
   -0.10238
    0.04108
    0.06082
   -0.09122
   -0.06683
    0.00888
   -0.02683
    0.03493
   -0.02859
    0.03219
   -0.00008
   -0.10864
   -0.10345
    0.05033
    0.02813
   -0.00823
   -0.05558
    0.00749
    0.03257
   -0.03242
   -0.17738
    0.03397
   -0.03486
   -0.02006
   -0.16056
    0.07196
    0.04129
   -0.11233
   -0.17492
    0.04237
   -0.02164
    0.02422
   -0.05609
    0.03931
    0.01916
   -0.03272
   -0.17152
    0.04395
   -0.00778
   -0.02985
   -0.10290
    0.06834
    0.08170
   -0.10181
   -0.12689
    0.02217
    0.01476
    0.02019
   -0.10028
    0.00918
    0.03544
   -0.09701
   -0.00972
    0.00886
   -0.00711
    0.05862
   -0.10159
    0.02915
   -0.03907
    0.01751
    0.00645
    0.02710
   -0.08780
    0.14994
   -0.00887
   -0.04985
    0.04686
   -0.07431
   -0.02047
    0.01057
   -0.01291
   -0.12859
   -0.01827
    0.05306
   -0.03422
   -0.09933
   -0.01036
    0.05510
    0.04022
   -0.10803
   -0.04940
    0.02845
    0.05271
   -0.11938
   -0.11363
    0.04058
   -0.02142
   -0.06860
   -0.06781
    0.06870
    0.05185
   -0.07449
   -0.08580
    0.01599
    0.02036
   -0.00687
   -0.11947
    0.04907
    0.04302
   -0.09684
   -0.11970
    0.06087
    0.03804
   -0.06042
   -0.08927
    0.02627
    0.03630
   -0.06744
   -0.10328
    0.03981
   -0.03371
    0.09351
   -0.08850
    0.00679
    0.05268
   -0.06233
   -0.11311
    0.01159
   -0.00974
   -0.07559
   -0.09437
    0.08037
   -0.04129
    0.00390
   -0.09071
    0.07376
   -0.05080
    0.03024
   -0.04138
    0.05067
    0.04051
   -0.12652
   -0.03769
    0.02384
    0.00379
   -0.06026
    0.01121
    0.00533
   -0.03464
    0.16735
   -0.16560
    0.01612
    0.01506
    0.03375
   -0.22370
    0.07842
   -0.01863
    0.03042
   -0.09088
    0.05223
   -0.02370
   -0.11249
   -0.10228
    0.08274
    0.03062
    0.01524
   -0.08989
   -0.01871
   -0.01434
   -0.10310
   -0.08761
    0.10290
    0.03896
   -0.02020
   -0.19978
    0.05160
   -0.08627
    0.08644
   -0.20652
    0.09033
   -0.00939
   -0.06747
   -0.13771
    0.05361
    0.02147
    0.04566
   -0.18080
   -0.00190
    0.03847
   -0.10646
   -0.13000
    0.02172
   -0.01311
    0.05387
   -0.11815
    0.05028
   -0.01108
    0.03201
   -0.08877
    0.01516
    0.02683
    0.05360
   -0.08878
   -0.02756
    0.05008
   -0.00591
   -0.14568
    0.00242
   -0.03524
    0.03060
   -0.13096
    0.07856
    0.00100
   -0.07194
   -0.07919
    0.03338
    0.02585
   -0.04360
   -0.03061
    0.00417
    0.00094
   -0.05502
   -0.06213
    0.03481
   -0.01247
   -0.05878
   -0.17159
    0.08430
   -0.00639
   -0.07264
   -0.07487
    0.05401
   -0.03981
    0.03511
   -0.10530
    0.10047
    0.05150
   -0.11421
   -0.14762
    0.03763
    0.02714
   -0.05441
   -0.05408
    0.01007
    0.00973
   -0.07514
   -0.00122
    0.02101
    0.01610
    0.01981
    0.00045
   -0.03680
    0.03443
   -0.02827
   -0.08669
   -0.00037
    0.00877
    0.00433
   -0.05211
    0.01310
   -0.06127
    0.04221
   -0.10553
    0.07273
   -0.04401
    0.06335
   -0.10272
    0.07260
    0.05355
   -0.05185
   -0.10841
    0.01043
   -0.02249
    0.02181
   -0.05362
    0.04923
   -0.03936
   -0.02159
   -0.02652
    0.03661
    0.03227
    0.01860
   -0.18416
    0.04965
    0.00865
   -0.06858
   -0.07461
    0.03239
   -0.03826
   -0.04377
   -0.09370
    0.07711
    0.03122
   -0.08830
   -0.03806
    0.01787
    0.02139
   -0.00212
   -0.07431
    0.01831
    0.03532
   -0.10395
   -0.08494
    0.02470
    0.03349
   -0.10965
   -0.10612
    0.04492
    0.05547
   -0.18256
   -0.14800
    0.06757
   -0.00572
   -0.03487
   -0.10510
    0.07159
    0.08060
   -0.14085
   -0.11485
   -0.00457
   -0.01455
    0.06917
   -0.14667
    0.04410
   -0.06334
   -0.01033
    0.10742
    0.04723
   -0.00156
   -0.10214
    0.02738
    0.05315
    0.01801
    0.01642
   -0.05612
   -0.00273
    0.00604
    0.03139
   -0.04864
    0.00912
    0.04539
   -0.16031
   -0.03068
    0.02321
   -0.00039
   -0.13508
    0.09665
    0.00472
    0.05120
   -0.16213
   -0.04436
    0.02075
    0.00287
   -0.05093
   -0.13553
    0.05040
    0.02543
   -0.08413
    0.00374
    0.00677
   -0.00099
    0.00842
   -0.06545
    0.03583
    0.08564
   -0.19108
   -0.14251
    0.03681
    0.07990
   -0.09004
   -0.07880
   -0.02142
   -0.03031
    0.04457
   -0.07086
    0.01870
    0.04522
    0.02596
   -0.05110
   -0.03542
    0.04275
   -0.08724
   -0.07210
    0.01687
    0.02866
   -0.02227
   -0.17531
    0.05048
   -0.00632
    0.11052
   -0.00399
   -0.06939
    0.00130
    0.03312
    0.00083
   -0.02674
    0.06632
   -0.05759
   -0.06805
   -0.01163
    0.00032
   -0.04261
   -0.01518
    0.02105
    0.01209
   -0.03335
   -0.25442
    0.05557
    0.05065
   -0.02885
   -0.06820
   -0.00474
    0.01476
   -0.18739
   -0.03519
    0.05209
   -0.02019
   -0.07097
   -0.06065
    0.06681
    0.03575
   -0.04718
   -0.05263
   -0.00575
   -0.01824
    0.01128
   -0.01948
    0.03166
    0.06110
   -0.12912
   -0.14515
    0.02646
    0.00203
   -0.00615
   -0.17359
    0.04702
    0.00085
   -0.14522
   -0.13942
    0.07609
    0.02320
   -0.00854
   -0.20652
    0.04545
    0.05762
   -0.12818
   -0.14082
    0.00973
    0.00130
    0.00144
   -0.07432
    0.02667
   -0.03939
    0.01371
    0.05432
    0.02950
    0.05588
    0.08638
   -0.22990
   -0.04234
    0.04859
    0.02565
   -0.10162
   -0.03380
   -0.02017
   -0.06181
   -0.14474
    0.08592
    0.01156
   -0.09141
   -0.12668
    0.03646
    0.01737
   -0.01590
   -0.01642
   -0.00091
    0.00902
   -0.13783
    0.00896
    0.01820
   -0.00677
   -0.04892
   -0.14372
    0.06945
    0.00768
   -0.10147
   -0.01747
    0.04256
   -0.00142
    0.02306
   -0.06966
    0.03862
    0.05129
   -0.18473
   -0.15671
    0.04051
   -0.01014
    0.03028
   -0.13563
    0.03999
   -0.00057
   -0.07726
   -0.13866
    0.04673
   -0.00009
    0.05590
   -0.16546
    0.01495
    0.01939
   -0.05385
   -0.13596
    0.02264
    0.00096
   -0.00078
   -0.14291
    0.06271
    0.00584
    0.00094
   -0.13822
    0.02788
   -0.06387
    0.10664
   -0.13642
    0.03196
    0.08168
   -0.08456
   -0.13294
   -0.01737
   -0.01666
   -0.02387
   -0.06772
    0.05374
    0.00185
   -0.09101
   -0.07998
    0.03783
   -0.04877
    0.08575
   -0.06301
    0.02992
    0.02497
   -0.07490
   -0.11053
    0.02497
   -0.03614
    0.01507
   -0.14791
    0.06535
    0.02954
   -0.12840
   -0.11844
    0.04473
   -0.01285
    0.05769
   -0.13793
    0.05426
    0.01816
   -0.01673
   -0.14991
    0.02882
   -0.00266
   -0.04720
   -0.10721
    0.06419
    0.04180
   -0.20687
   -0.08193
    0.07175
   -0.00540
    0.04268
   -0.20925
    0.04718
    0.05822
   -0.12062
   -0.08956
    0.01618
    0.01499
    0.04127
   -0.11607
    0.01617
   -0.02307
   -0.00732
    0.00084
    0.02940
   -0.03892
    0.05679
   -0.03943
    0.01643
    0.02128
   -0.04373
   -0.08401
    0.03650
   -0.04499
    0.04298
   -0.07318
    0.05209
    0.09655
   -0.13384
   -0.09292
    0.00345
    0.07038
    0.01272
   -0.23816
    0.01329
    0.04150
   -0.12955
   -0.09718
    0.05555
    0.00840
   -0.02938
   -0.16638
    0.05629
    0.02897
   -0.16775
   -0.08032
    0.05826
    0.00018
    0.03753
   -0.10303
    0.04240
    0.09674
   -0.18945
   -0.16466
    0.05825
    0.00473
   -0.03316
   -0.08326
    0.04579
    0.01940
   -0.12246
   -0.08601
    0.05545
    0.02771
   -0.00693
   -0.15365
    0.04015
    0.04098
   -0.03039
   -0.10557
    0.00501
    0.00717
   -0.02223
   -0.12560
    0.05704
   -0.01437
    0.00530
   -0.03568
    0.03029
   -0.08317
    0.07417
   -0.15828
    0.08603
    0.06064
   -0.06130
   -0.09838
    0.00254
   -0.00830
    0.01195
   -0.07547
    0.04316
   -0.00395
   -0.07433
   -0.09415
    0.05095
   -0.00787
   -0.00447
   -0.01845
    0.02076
    0.01088
   -0.02273
   -0.08524
    0.03808
   -0.07199
   -0.00434
   -0.14134
    0.10447
   -0.03887
    0.00400
   -0.04544
    0.05483
   -0.03321
   -0.01610
   -0.11026
    0.09529
    0.02911
   -0.14349
   -0.16648
    0.07132
   -0.03080
    0.04164
   -0.16915
    0.04853
   -0.02078
   -0.14940
   -0.17076
    0.09205
   -0.00792
    0.02495
   -0.20360
    0.04631
    0.01751
   -0.11077
   -0.17440
    0.04336
    0.01567
   -0.01182
   -0.15310
    0.04554
   -0.03684
    0.05454
   -0.06073
    0.02937
    0.02989
    0.08868
   -0.07468
   -0.07335
    0.06734
   -0.02031
   -0.14856
   -0.01495
    0.00340
    0.00863
   -0.17363
    0.05811
   -0.00235
   -0.11991
   -0.14228
    0.05794
    0.01508
   -0.01512
   -0.06743
    0.02083
    0.02242
   -0.09891
   -0.11083
    0.03522
   -0.03821
   -0.00450
   -0.20836
    0.09487
    0.01551
   -0.10271
   -0.09789
    0.04454
   -0.02291
    0.04509
   -0.14617
    0.07808
    0.05411
   -0.10070
   -0.16816
    0.02687
