9 20 8 1 42 -3.3054 1.9097 2.9216 11898
  0.05072  -0.31060   0.16658  -0.04926   0.07139  -0.21612   0.16418  -0.12680   0.09028  -0.23851   0.15702  -0.06349  -0.49303  -0.54989   0.22514   0.25929   0.18323  -0.31724  -0.09215  -0.12427 
  0.05350  -0.31878   0.13489  -0.03222   0.06458  -0.22912   0.13034  -0.08730   0.04965  -0.24758   0.13241  -0.00506  -0.52606  -0.50505   0.12888   0.30176   0.19879  -0.37240  -0.17873  -0.11341 
  0.05971  -0.33390   0.06950  -0.00376   0.06039  -0.20900   0.04861  -0.03760   0.00976  -0.16721  -0.04151   0.05639  -0.51424  -0.42376   0.10742   0.29875   0.19523  -0.37758  -0.26708  -0.08244 
  0.06670  -0.30630  -0.01130   0.01591   0.06789  -0.14028  -0.06866  -0.01280  -0.00998  -0.21022  -0.20740   0.10667  -0.42693  -0.28460  -0.08318   0.31650   0.15849  -0.31651  -0.36120  -0.01679 
  0.06575  -0.24090  -0.15091   0.04593   0.04125  -0.16783  -0.11936   0.04109   0.02677  -0.20349  -0.34125   0.09216  -0.30949  -0.04974  -0.15886   0.25201   0.14005  -0.26788  -0.39121   0.00395 
  0.06479  -0.20473  -0.21692   0.05427   0.04179  -0.11162  -0.23974   0.05820   0.02828  -0.17020  -0.35674   0.08480  -0.14795   0.00741  -0.35660   0.20557   0.10472  -0.16493  -0.45424   0.03376 
  0.05909  -0.14033  -0.32885   0.06551   0.01575  -0.06384  -0.26146   0.07699   0.04493  -0.20539  -0.34703   0.07839  -0.13155   0.04374  -0.48470   0.19898   0.08617  -0.18434  -0.42255   0.05360 
  0.04548  -0.13489  -0.34314   0.07932   0.00400  -0.02812  -0.32766   0.09040   0.03384  -0.17688  -0.33577   0.07997  -0.07401   0.12688  -0.53733   0.12805   0.09715  -0.17701  -0.43978   0.04279 
  0.04838  -0.10530  -0.38779   0.07561   0.01258  -0.03020  -0.36034   0.08833   0.04321  -0.16008  -0.34146   0.06857  -0.03349   0.11839  -0.45793   0.09269   0.08082  -0.15315  -0.38284   0.04770 
  0.04711  -0.10027  -0.37698   0.07409  -0.02280  -0.01111  -0.32930   0.10869   0.07315  -0.19548  -0.41341   0.05681  -0.02600   0.10500  -0.75868   0.12678   0.08096  -0.14696  -0.37528   0.04522 
  0.03721  -0.09498  -0.37761   0.08192  -0.02360  -0.01903  -0.30906   0.10813   0.05815  -0.18836  -0.29379   0.05751  -0.09665   0.17478  -0.61198   0.11972   0.06796  -0.12347  -0.30270   0.04239 
  0.02660  -0.08012  -0.32381   0.07991  -0.02821  -0.02186  -0.34137   0.11731   0.06170  -0.23494  -0.35895   0.07142  -0.04841   0.12971  -0.42280   0.09152   0.07790  -0.13728  -0.33163   0.04000 
  0.03170  -0.09302  -0.34782   0.08225  -0.01809  -0.05607  -0.28236   0.10811   0.04121  -0.20590  -0.27587   0.07446  -0.07140   0.14719  -0.42623   0.09762   0.07241  -0.11780  -0.30303   0.03665 
  0.02954  -0.09498  -0.30319   0.07798  -0.02504  -0.02480  -0.30523   0.11007   0.07105  -0.21679  -0.27390   0.05001  -0.05444   0.10035  -0.47086   0.12188   0.07090  -0.14623  -0.30001   0.04414 
  0.02972  -0.09795  -0.31446   0.08033  -0.01354  -0.03885  -0.32654   0.10760   0.04699  -0.25131  -0.23369   0.07438  -0.08062   0.12892  -0.45024   0.11996   0.06248  -0.13325  -0.31246   0.05147 
  0.02612  -0.09861  -0.32381   0.08508  -0.03500  -0.03350  -0.31225   0.12084   0.06423  -0.24359  -0.19873   0.05288  -0.03381   0.11207  -0.50019   0.10306   0.06560  -0.17885  -0.30462   0.05677 
  0.02460  -0.11620  -0.31392   0.08920  -0.05577  -0.04715  -0.32142   0.14006   0.02638  -0.20548  -0.28636   0.08756  -0.05831   0.05467  -0.40689   0.14034   0.07467  -0.19884  -0.32389   0.05474 
  0.01641  -0.13274  -0.32829   0.10197  -0.07258  -0.04077  -0.27691   0.14316   0.04292  -0.22734  -0.25604   0.07549  -0.09509   0.10745  -0.40096   0.13512   0.06767  -0.18044  -0.28125   0.05137 
  0.00845  -0.12037  -0.28808   0.09965  -0.05951  -0.04767  -0.27396   0.13546   0.01836  -0.13058  -0.17698   0.06234  -0.04854   0.06953  -0.44117   0.13079   0.05540  -0.21233  -0.26998   0.06705 
  0.00597  -0.12598  -0.27845   0.10141  -0.05434  -0.07245  -0.26897   0.13631   0.04349  -0.22686  -0.22389   0.07106  -0.09377   0.13139  -0.46816   0.12970   0.04946  -0.19422  -0.28639   0.07174 
  0.00487  -0.12810  -0.28961   0.10451  -0.03919  -0.08670  -0.28575   0.13121   0.05013  -0.24306  -0.22176   0.06851  -0.04190   0.04999  -0.39902   0.12986   0.06780  -0.19249  -0.27374   0.05234 
  0.02307  -0.14918  -0.28603   0.09369  -0.03249  -0.07864  -0.29237   0.12572   0.06028  -0.24112  -0.19452   0.05542  -0.06981   0.06519  -0.40260   0.14207   0.06921  -0.20434  -0.27184   0.05290 
  0.02441  -0.14695  -0.28501   0.09190  -0.02362  -0.08391  -0.25140   0.11313   0.03631  -0.25124  -0.19068   0.07787   0.01923  -0.01362  -0.36648   0.10630   0.06983  -0.25521  -0.26556   0.06014 
  0.03057  -0.18005  -0.26272   0.08994  -0.01981  -0.08516  -0.25872   0.11170   0.04550  -0.21815  -0.34279   0.08032   0.00840   0.03258  -0.37477   0.09421   0.06788  -0.23534  -0.24610   0.05533 
  0.03076  -0.16127  -0.26660   0.08648  -0.03290  -0.03638  -0.29126   0.11661   0.04771  -0.26151  -0.19485   0.07088   0.01369   0.02937  -0.37784   0.09174   0.06479  -0.22106  -0.27839   0.06124 
  0.02508  -0.14106  -0.28552   0.09010  -0.01146  -0.04310  -0.33703   0.10850   0.03429  -0.25713  -0.26150   0.08923   0.04100   0.07602  -0.53848   0.06334   0.07647  -0.15744  -0.26488   0.03500 
  0.03924  -0.11551  -0.31284   0.07587  -0.03846   0.02593  -0.29975   0.10650   0.08679  -0.33782  -0.17637   0.04643  -0.01031   0.09429  -0.43378   0.08491   0.06613  -0.14412  -0.28318   0.04565 
  0.02650  -0.08749  -0.29323   0.07714  -0.03241   0.05897  -0.35126   0.10033   0.02971  -0.35689  -0.20985   0.10380  -0.04510   0.14617  -0.59947   0.10139   0.07294  -0.16704  -0.31699   0.04915 
  0.02374  -0.07444  -0.34198   0.08358  -0.03534   0.05243  -0.40544   0.11193   0.02600  -0.30810  -0.27542   0.10624  -0.07108   0.12572  -0.45137   0.11550   0.06308  -0.22899  -0.33664   0.07291 
  0.01728  -0.10194  -0.37012   0.09981  -0.03940   0.05306  -0.40395   0.11462  -0.05359  -0.32083  -0.45951   0.17311  -0.10886   0.06873  -0.48688   0.17562   0.06560  -0.28181  -0.34887   0.08056 
  0.00885  -0.13095  -0.39103   0.11577  -0.02374   0.04045  -0.45042   0.11178  -0.10204  -0.40702  -0.35642   0.20096  -0.07624   0.00434  -0.54059   0.19113   0.07878  -0.31356  -0.38106   0.07701 
  0.02067  -0.16550  -0.41849   0.11677  -0.04334   0.12430  -0.62252   0.11708  -0.23278  -0.43124  -0.44963   0.25648  -0.13260   0.11433  -0.54115   0.17133   0.10202  -0.35066  -0.42552   0.06448 
  0.01777  -0.11863  -0.50716   0.11816  -0.06111   0.19459  -0.66263   0.10715  -0.29301  -0.51760  -0.55775   0.28368  -0.09123   0.18598  -0.97512   0.13256   0.11870  -0.25812  -0.43770   0.03406 
  0.01903  -0.05904  -0.54990   0.10657  -0.05306   0.26754  -0.83990   0.07859  -0.37650  -0.45227  -0.67342   0.30046  -0.06764   0.25130  -0.77280   0.04902   0.14129  -0.28146  -0.50841   0.01913 
  0.02688  -0.01559  -0.65053   0.09563  -0.01199   0.26012  -0.80886   0.04547  -0.34317  -0.67175  -0.56652   0.30370   0.01976   0.21022  -0.78607   0.00627   0.14319  -0.21964  -0.49184   0.00350 
  0.04191  -0.02249  -0.62644   0.08275   0.04486   0.22829  -0.95289   0.01098  -0.26811  -0.51000  -0.66722   0.28041  -0.03575   0.17061  -0.63414   0.07983   0.13347  -0.24493  -0.49996   0.02141 
  0.06015  -0.03720  -0.67604   0.07358   0.06755   0.15167  -0.93896   0.02149  -0.18563  -0.26809  -0.39431   0.22007   0.09002  -0.01497  -0.39895   0.03928   0.12600  -0.30080  -0.41228   0.02954 
  0.07528  -0.08652  -0.58193   0.06525   0.03523   0.16224  -0.76788   0.04362  -0.04294  -0.21239  -0.22196   0.13020   0.04194  -0.07645  -0.39243   0.11749   0.06413  -0.25084  -0.28355   0.06772 
  0.04457  -0.05843  -0.44854   0.07417  -0.02227   0.15870  -0.65468   0.09068   0.02567  -0.20694  -0.07965   0.06004  -0.02336  -0.02341  -0.24791   0.12191  -0.01701  -0.17285  -0.23900   0.11279 
 -0.01080  -0.04009  -0.35792   0.10467  -0.08201   0.13876  -0.51832   0.13035  -0.00751  -0.23417  -0.21040   0.11010   0.02131  -0.03556  -0.31547   0.10466  -0.07593  -0.19361  -0.23381   0.15196 
 -0.06139  -0.07007  -0.33280   0.14386  -0.08500  -0.06079  -0.41763   0.17331  -0.08654  -0.21327  -0.10788   0.14124   0.01624  -0.08893  -0.37162   0.14097  -0.05956  -0.22139  -0.21464   0.14388 
 -0.06513  -0.17291  -0.28097   0.16019  -0.06660  -0.20868  -0.48047   0.19218  -0.09763  -0.19083  -0.09778   0.14135  -0.06254  -0.09905  -0.32980   0.19290  -0.14081  -0.20087  -0.21624   0.18272 
 -0.10545  -0.20685  -0.29116   0.18922  -0.03871  -0.27220  -0.62590   0.19388  -0.09566  -0.24649  -0.26382   0.16938  -0.09617  -0.12694  -0.48288   0.23931  -0.07501  -0.32702  -0.29770   0.17685 
 -0.06701  -0.29678  -0.39103   0.19260  -0.01538  -0.21498  -0.58395   0.16848  -0.05349  -0.19434  -0.20796   0.13141  -0.04291  -0.04555  -0.32979   0.16166  -0.06238  -0.27579  -0.15897   0.14377 
 -0.04394  -0.25066  -0.27695   0.15935  -0.20973  -0.35696  -1.34368   0.29930  -0.23018  -0.37874  -0.56400   0.25567  -0.14434  -0.22032  -0.81730   0.30347  -0.18615  -0.46785  -0.49479   0.25274 
 -0.19324  -0.41238  -0.68489   0.27760   0.07043  -0.25101  -1.05343   0.12588  -0.03352  -0.41038  -0.32012   0.16363   0.04045  -0.11332  -0.52135   0.15020  -0.04585  -0.36173  -0.58176   0.18913 
 -0.01194  -0.35372  -0.64818   0.18628  -0.92177  -0.35353  -2.76945   0.40497  -0.97649  -0.39165  -4.07551   0.36410  -0.94677  -0.28079  -1.78640   0.44562  -1.30378  -0.59086  -2.91860   0.39691 
 -1.09123  -0.49898  -2.71984   0.40790   0.42047  -4.07551  -4.07551  -4.07551   0.45394  -4.07551  -4.07551  -4.07551   0.47500  -4.07551  -4.07551  -4.07551   0.44810  -4.07551  -4.07551  -4.07551 
  0.44223  -4.07551  -4.07551  -4.07551  -4.07551  -2.13921   0.82946  -4.07551  -4.07551  -4.07551  -4.07551  -4.07551  -4.07551  -4.07551  -4.07551  -4.07551  -4.07551  -4.07551  -4.07551  -4.07551 
 -4.07551  -2.20997   0.85857  -4.07551  -4.07551  -4.07551  -4.07551  -4.07551  -0.06891   0.08126  -4.07551   0.11097   0.04513  -0.17179   0.25641  -0.18745  -4.07551  -4.07551  -4.07551  -4.07551 
  0.01230  -0.03120   0.33541  -0.25734  -0.10609   0.10262   0.01041   0.05448  -0.21483   0.03329  -0.00543   0.12162  -0.00101  -0.00604  -0.07250   0.03903  -0.22482   0.14568   0.11698   0.05485 
 -0.10946   0.09138   0.02279   0.04620   0.03567   0.07401  -0.21965   0.00538  -0.08172  -0.02462   0.02324   0.06661  -0.01146  -0.01633  -0.01410   0.02876  -0.07511   0.05577   0.13709  -0.01267 
 -0.03432   0.03962   0.00517   0.01484  -0.00962   0.13715  -0.03504  -0.03006  -0.05258   0.07860   0.12710  -0.02926  -0.02567   0.03152   0.11301  -0.06778  -0.08626   0.04481   0.21096  -0.04056 
 -0.04607   0.07923   0.10715  -0.03757   0.00184   0.10072  -0.03796  -0.02496  -0.11606   0.11349   0.06022   0.02051   0.04953   0.01669   0.02647  -0.09125  -0.14061   0.08332   0.14549   0.01991 
 -0.05172   0.09138   0.05207  -0.01145   0.01101   0.07402   0.02288  -0.05128  -0.08913   0.01077   0.11673   0.03414   0.03831  -0.09151   0.11631  -0.06962  -0.06499   0.02573   0.17312  -0.02855 
 -0.02748   0.02315   0.10426  -0.02844   0.00509   0.05950   0.15861  -0.12192  -0.04157   0.05573   0.20508  -0.05766   0.04411  -0.00720   0.14545  -0.16786  -0.07192   0.11138   0.19777  -0.07557 
 -0.02054   0.07011   0.17583  -0.10314   0.00729   0.10460   0.04130  -0.07037   0.00428   0.11331  -0.03211  -0.05511   0.10303  -0.03468  -0.01725  -0.10932  -0.10367   0.10274   0.08223   0.01499 
 -0.00269   0.08837   0.03513  -0.05163   0.03423   0.09169   0.04380  -0.10212  -0.04007   0.08018   0.07834  -0.02480   0.04358  -0.02596   0.07326  -0.08507  -0.04518   0.06286   0.14230  -0.04437 
 -0.00066   0.06491   0.08343  -0.06594  -0.00876   0.08967   0.15728  -0.11701  -0.00402   0.11220   0.12210  -0.09574   0.03059   0.02129   0.06285  -0.09391  -0.08780   0.13170   0.19771  -0.07162 
 -0.02501   0.10049   0.14935  -0.09705   0.00374   0.08870   0.08911  -0.08563  -0.00569   0.09629   0.03288  -0.05251   0.05413  -0.04030   0.03073  -0.05995  -0.12035   0.09508   0.11874   0.01406 
 -0.02203   0.07790   0.07884  -0.04656  -0.00177   0.08571   0.04279  -0.05102  -0.07866   0.05930  -0.00339   0.03728   0.03154  -0.04854   0.03079  -0.02501  -0.06098   0.05855   0.13964  -0.02692 
 -0.02770   0.05431   0.06769  -0.02394  -0.02727   0.11810   0.14393  -0.09788  -0.04613   0.12491   0.12725  -0.06302   0.02523   0.01930   0.07057  -0.09063  -0.08614   0.13329   0.17358  -0.05873 
 -0.04193   0.11207   0.13836  -0.07771  -0.01213   0.12953   0.05281  -0.06506  -0.01848   0.10643   0.00256  -0.03744   0.04183   0.00972   0.01911  -0.06966  -0.09455   0.10837   0.11064  -0.00657 
 -0.02834   0.10694   0.05649  -0.04410  -0.00168   0.10015   0.05749  -0.06573  -0.07091   0.06161  -0.03243   0.03709   0.01826  -0.01980   0.00628  -0.01184  -0.07001   0.06739   0.15609  -0.03158 
 -0.03257   0.06785   0.06972  -0.02640  -0.01640   0.10511   0.15451  -0.11283  -0.01687   0.10500   0.12452  -0.07795   0.02384   0.00697   0.03743  -0.05547  -0.10344   0.15191   0.17550  -0.05499 
 -0.03871   0.10941   0.13644  -0.07843   0.00554   0.12063   0.07420  -0.09531  -0.03565   0.14688   0.00522  -0.04760   0.05352   0.02423   0.01097  -0.09256  -0.11317   0.15812   0.05909   0.00651 
 -0.02694   0.13045   0.04665  -0.05402   0.02131   0.11595   0.08392  -0.12125  -0.00816   0.05192   0.03815  -0.02693   0.01668   0.00746   0.03363  -0.04417  -0.03892   0.09694   0.11255  -0.04998 
 -0.00432   0.08513   0.07330  -0.06699   0.01091   0.09262   0.16237  -0.15155   0.00419   0.11668   0.15122  -0.12112   0.04193  -0.01193   0.08417  -0.10169  -0.07365   0.15445   0.16488  -0.07642 
 -0.01028   0.10424   0.14615  -0.11518   0.02672   0.07767   0.08887  -0.11189  -0.00465   0.10056   0.01672  -0.05141   0.08083  -0.00202  -0.02919  -0.08856  -0.09574   0.12641   0.10128  -0.00948 
 -0.00005   0.09181   0.05972  -0.06853   0.00586   0.10153   0.11366  -0.11132  -0.03618   0.03362   0.08609  -0.00696   0.01767  -0.01924   0.03356  -0.02761  -0.04743   0.10210   0.12377  -0.05019 
 -0.01559   0.07257   0.09735  -0.06058  -0.00013   0.12114   0.14469  -0.13703  -0.03379   0.10770   0.10348  -0.05495   0.02803   0.04179   0.04091  -0.09063  -0.07155   0.15250   0.16909  -0.07990 
 -0.02309   0.12096   0.12827  -0.09806   0.00929   0.11420   0.10338  -0.11600   0.00303   0.10233   0.00626  -0.05738   0.06372  -0.02464   0.04226  -0.09299  -0.07043   0.12652   0.03339  -0.00093 
 -0.00483   0.09944   0.05765  -0.06617   0.02737   0.08818   0.08795  -0.11772  -0.02950   0.05706   0.04001  -0.01068   0.04409  -0.03123   0.00375  -0.03519  -0.02993   0.08946   0.10256  -0.05011 
  0.00287   0.06717   0.06950  -0.06383   0.01203   0.07834   0.13726  -0.12504  -0.00368   0.05586   0.13575  -0.06624   0.06116   0.01295   0.02250  -0.10340  -0.05471   0.11310   0.17467  -0.07811 
 -0.00259   0.07834   0.12886  -0.09768   0.00364   0.11218   0.07832  -0.09078  -0.02404   0.13531  -0.00151  -0.04909   0.07264  -0.00398  -0.01800  -0.08113  -0.09042   0.15043   0.07361  -0.01276 
 -0.01371   0.11410   0.04972  -0.06046   0.02629   0.08478   0.10797  -0.12813  -0.01931   0.05228   0.05637  -0.02203   0.01156   0.02697   0.01851  -0.04216  -0.04097   0.09258   0.13251  -0.05651 
 -0.00483   0.07724   0.09034  -0.07137   0.00000   0.08889   0.15763  -0.12919   0.00343   0.07815   0.10250  -0.07427   0.07071  -0.01713   0.04094  -0.10878  -0.05543   0.10928   0.18046  -0.07910 
 -0.00422   0.08011   0.13702  -0.10199   0.02219   0.09602   0.06358  -0.09878   0.00676   0.10643   0.00364  -0.06314   0.07282  -0.03121   0.00699  -0.07793  -0.07280   0.12304   0.03906   0.00034 
  0.00307   0.09009   0.03925  -0.06104   0.01922   0.09429   0.10312  -0.11925  -0.04449   0.05057   0.04123   0.00473   0.02612  -0.02469  -0.00487  -0.01194  -0.06086   0.09534   0.12541  -0.03562 
 -0.01402   0.06988   0.08299  -0.05323   0.01134   0.09879   0.14716  -0.14307  -0.02360   0.11666   0.12604  -0.07928   0.04767   0.02064   0.06779  -0.12343  -0.04500   0.12301   0.14992  -0.07784 
 -0.00637   0.10216   0.13023  -0.10802   0.01791   0.10234   0.07223  -0.10135  -0.00256   0.11826  -0.03235  -0.05114   0.05769  -0.04437   0.01491  -0.05213  -0.09606   0.13795   0.06372   0.00166 
 -0.00863   0.09733   0.04594  -0.05494   0.00729   0.07897   0.13057  -0.11355  -0.03254   0.07552   0.02988  -0.01474   0.02947  -0.02476   0.03959  -0.04260  -0.03695   0.09714   0.09339  -0.04239 
 -0.01028   0.07145   0.08862  -0.06116   0.03409   0.06265   0.13119  -0.14599  -0.02315   0.09818   0.15183  -0.07807   0.05183  -0.01077   0.04616  -0.08784  -0.06037   0.11737   0.15242  -0.06140 
 -0.00046   0.08011   0.12413  -0.09831   0.02426   0.10125   0.06632  -0.10616  -0.01402   0.10643  -0.03207  -0.03274   0.05083  -0.00657  -0.00474  -0.05543  -0.11769   0.13980   0.09358   0.00395 
 -0.01454   0.10112   0.05043  -0.05266   0.03430   0.07674   0.07450  -0.11332  -0.03633   0.06091   0.06371  -0.01347   0.04756  -0.00369   0.02985  -0.07517  -0.05344   0.09841   0.12216  -0.04203 
 -0.00249   0.07235   0.07773  -0.06465   0.01532   0.04480   0.15336  -0.12538  -0.00305   0.10793   0.13404  -0.09881   0.04883   0.00242   0.05119  -0.09707  -0.06557   0.10828   0.15834  -0.05546 
 -0.00637   0.07591   0.13373  -0.09479   0.02840   0.07670   0.06033  -0.09592  -0.01307   0.11578   0.03871  -0.05894   0.08761  -0.00065  -0.02658  -0.10242  -0.06586   0.09124   0.05214   0.00338 
  0.00666   0.08339   0.03876  -0.06139   0.01714   0.09956   0.08539  -0.10715  -0.04392   0.08624   0.00264  -0.00362   0.04776  -0.02421   0.01146  -0.04924  -0.04004   0.07869   0.13153  -0.05042 
 -0.00524   0.07347   0.07707  -0.06174   0.01236   0.08285   0.14437  -0.13345  -0.01258   0.13431   0.10810  -0.09631   0.03330   0.00193   0.06350  -0.08318  -0.06696   0.13485   0.15118  -0.06364 
 -0.01235   0.10091   0.12689  -0.09768   0.01526   0.10625   0.08521  -0.10794  -0.02023   0.10489   0.02837  -0.04207   0.06560  -0.03205  -0.01974  -0.05023  -0.06998   0.10429   0.04161   0.00529 
 -0.00565   0.08859   0.04428  -0.05277   0.01040   0.07599   0.10155  -0.09627  -0.02510   0.08319   0.05685  -0.03334   0.01769  -0.02047   0.04385  -0.03336  -0.03150   0.06628   0.11390  -0.04389 
 -0.00791   0.06285   0.08776  -0.05896   0.01721   0.06720   0.12944  -0.12100  -0.01455   0.09365   0.14697  -0.08212   0.03585  -0.04352   0.08384  -0.07021  -0.04104   0.12673   0.14657  -0.08188 
 -0.00316   0.07706   0.12811  -0.09575   0.01989   0.09290   0.06494  -0.09478  -0.02404   0.12977   0.02244  -0.05225   0.06794  -0.03213   0.01479  -0.07500  -0.07020   0.11982   0.03802   0.00012 
 -0.00347   0.09270   0.04312  -0.05685   0.01917   0.05892   0.09223  -0.09412  -0.07212   0.08761   0.01118   0.01566   0.00430   0.02778   0.00996  -0.02884  -0.02911   0.05884   0.11081  -0.04143 
 -0.01273   0.06540   0.07244  -0.04697  -0.00628   0.11967   0.13005  -0.11624  -0.00841   0.08780   0.09181  -0.06375   0.06058  -0.04082   0.04938  -0.08201  -0.05585   0.09557   0.11267  -0.03375 
 -0.01180   0.08277   0.10471  -0.07443   0.02104   0.09518   0.04226  -0.08437   0.00290   0.11100   0.00330  -0.06185   0.05529  -0.01542  -0.01011  -0.05236  -0.08413   0.08185   0.07500   0.01213 
 -0.00643   0.08190   0.03735  -0.04518   0.00779   0.10930   0.10347  -0.11121  -0.02162   0.06905   0.00417  -0.01418   0.05688  -0.04751  -0.00588  -0.03653  -0.02454   0.09448   0.07045  -0.04229 
 -0.00032   0.07439   0.06113  -0.05961   0.01680   0.05653   0.12946  -0.11508  -0.01675   0.09742   0.07699  -0.05608   0.05414  -0.04256   0.05343  -0.07421  -0.05593   0.12473   0.13924  -0.06185 
 -0.00469   0.07395   0.11211  -0.08227   0.02702   0.10892   0.06409  -0.11295  -0.00398   0.14747  -0.08139  -0.05694   0.07992  -0.05552   0.03872  -0.09452  -0.05328   0.13367   0.04377  -0.02270 
