8 20 2 1 48 -5.1819 2.2862 3.5708 11889
 -0.01578   0.05697   0.04769  -0.02789   0.00778   0.07153   0.10651  -0.09380  -0.03395   0.03403   0.00843   0.01221   0.00284  -0.04501   0.03947   0.00113  -0.04654   0.05742   0.09324  -0.01645 
 -0.01778   0.04355   0.07894  -0.03450   0.01623   0.02200   0.13119  -0.09956  -0.03063   0.04356   0.09015  -0.01781   0.05668  -0.02086   0.05617  -0.09528  -0.06767   0.06182   0.14508  -0.02537 
 -0.01109   0.03704   0.11807  -0.05955   0.01327   0.08975   0.08253  -0.09484  -0.00625   0.05136  -0.11113   0.00635   0.05405  -0.01302   0.04084  -0.08563  -0.07072   0.02433   0.04521   0.03444 
 -0.00809   0.05090   0.04769  -0.03308   0.00841   0.06002   0.08472  -0.07553  -0.08740   0.05158  -0.01004   0.04808   0.00563  -0.04776   0.03027   0.00495  -0.03568   0.00294   0.08800  -0.00341 
 -0.02053   0.02548   0.06599  -0.01759   0.02165   0.01436   0.13024  -0.10321  -0.03657   0.09063   0.10206  -0.04158   0.07309  -0.07585   0.06796  -0.09222  -0.04167   0.06997   0.09438  -0.02646 
  0.00017   0.03558   0.10438  -0.06385   0.02169   0.06459   0.06661  -0.08449  -0.01328   0.09137  -0.03435  -0.02423   0.04822  -0.00150   0.05453  -0.09564  -0.07296   0.06925   0.01236   0.03195 
 -0.00696   0.06478   0.04078  -0.03768   0.01336   0.01880   0.10701  -0.07804  -0.08365   0.04642  -0.00903   0.04758   0.03231  -0.05064   0.03585  -0.02786  -0.03979   0.05455   0.07919  -0.01496 
 -0.01547   0.02772   0.07207  -0.02650   0.01499   0.04621   0.12252  -0.10262  -0.01189   0.02831   0.09357  -0.02850   0.04470  -0.00441   0.04035  -0.07785  -0.04861   0.04110   0.14684  -0.03460 
 -0.00552   0.03704   0.11402  -0.06350   0.02510   0.05361   0.07289  -0.08787  -0.03447   0.06669  -0.05562   0.01187   0.07677   0.00491  -0.00407  -0.10361  -0.07447   0.10246   0.01200   0.02033 
 -0.00358   0.06908   0.02909  -0.03812  -0.00011   0.02947   0.11541  -0.07048  -0.06801   0.02320   0.01727   0.04063   0.01223  -0.05187   0.01863   0.00652  -0.04139   0.01960   0.13394  -0.02603 
 -0.02223   0.01463   0.09366  -0.02468   0.01041   0.05217   0.14502  -0.11535  -0.04303   0.09036   0.13114  -0.04586   0.03558  -0.01780   0.06081  -0.07006  -0.05077   0.05931   0.15457  -0.04442 
 -0.01380   0.05371   0.13290  -0.07354   0.02307   0.05013   0.06930  -0.08137  -0.02292   0.11192  -0.06369  -0.02032   0.07091  -0.05936   0.01484  -0.06168  -0.08924   0.06153   0.04663   0.03445 
 -0.00737   0.05301   0.04006  -0.03135   0.00099   0.06236   0.10251  -0.07798  -0.05343   0.02354  -0.01468   0.03719   0.03303  -0.04151   0.00337  -0.01484  -0.05639  -0.00048   0.13491  -0.00630 
 -0.02117   0.02072   0.08485  -0.02393   0.01586   0.05988   0.15161  -0.13234  -0.03802   0.05315   0.13678  -0.03189   0.05423  -0.03654   0.07844  -0.09763  -0.07432   0.05272   0.16098  -0.02454 
 -0.01495   0.04331   0.14098  -0.07199   0.02055   0.08045   0.10009  -0.11183  -0.02315   0.05665   0.00506  -0.00676   0.05335   0.00149   0.02988  -0.08759  -0.09659   0.04603   0.06683   0.03751 
 -0.01380   0.05974   0.06847  -0.04110   0.01862   0.02731   0.07646  -0.06982  -0.05123   0.03640  -0.00156   0.02711   0.02858  -0.07411   0.04639  -0.01660  -0.04387   0.02176   0.12412  -0.01969 
 -0.01078   0.01437   0.07850  -0.02875  -0.00324   0.03258   0.17105  -0.10731  -0.02009   0.11849   0.06047  -0.06053   0.04186  -0.00614   0.07036  -0.09484  -0.06596   0.02076   0.15193  -0.01442 
 -0.01905   0.04283   0.13792  -0.06526   0.01589   0.03507   0.10922  -0.08980   0.00714   0.04688  -0.02531  -0.02226   0.07370  -0.02215  -0.01341  -0.07256  -0.08017   0.05244   0.06086   0.02587 
 -0.00328   0.04067   0.05867  -0.03867   0.00941   0.05367   0.11879  -0.09580  -0.07554  -0.00766   0.02711   0.05558   0.01174  -0.00423   0.03108  -0.02863  -0.04976   0.04715   0.06984   0.00044 
 -0.02148   0.03461   0.07850  -0.02650   0.00692   0.04575   0.13067  -0.09698  -0.02683   0.04327   0.11314  -0.02861   0.02169  -0.02528   0.10712  -0.08169  -0.07246   0.04862   0.17113  -0.03005 
 -0.02212   0.03850   0.13888  -0.06036   0.03399   0.00262   0.11062  -0.10237  -0.03146   0.07883  -0.06881   0.00613   0.06394  -0.04930   0.03091  -0.06839  -0.09224   0.04020   0.08593   0.02903 
 -0.00737   0.02797   0.07251  -0.03527   0.00556   0.03000   0.12602  -0.08497  -0.09320   0.03912  -0.01045   0.05721   0.02328  -0.04969   0.04235  -0.02140  -0.05945   0.02001   0.12868  -0.00790 
 -0.02629   0.01819   0.10041  -0.02553   0.00394   0.04065   0.15165  -0.10585  -0.01412   0.06498   0.09463  -0.04577   0.04660  -0.08022   0.09545  -0.07117  -0.05601   0.06089   0.14016  -0.03252 
 -0.01203   0.03461   0.13309  -0.06620   0.02286   0.07901   0.09997  -0.11437  -0.02315   0.09590  -0.07698  -0.00822   0.06824  -0.03131   0.02249  -0.08121  -0.10280   0.06218   0.09667   0.02419 
 -0.01161   0.06318   0.07005  -0.04589   0.00872   0.07562   0.11057  -0.09981  -0.05911   0.00391  -0.00744   0.04759  -0.00031  -0.06326   0.06855  -0.00322  -0.04254   0.01659   0.14590  -0.03009 
 -0.01989   0.02423   0.10230  -0.03559   0.01486   0.07335   0.15836  -0.14345  -0.03842   0.06417   0.10947  -0.02776   0.05581  -0.02527   0.04770  -0.08442  -0.04391   0.06512   0.14560  -0.04835 
 -0.00532   0.05627   0.13017  -0.08308   0.01303   0.03847   0.11450  -0.09091  -0.01034   0.06105  -0.03346  -0.01103   0.05757  -0.03723   0.02874  -0.06555  -0.10208   0.06374   0.08841   0.02654 
 -0.01453   0.04402   0.07674  -0.03702   0.01405   0.05324   0.09344  -0.08527  -0.04070   0.00636  -0.00317   0.03208   0.03883  -0.01624   0.05252  -0.06968  -0.05454   0.02902   0.13404  -0.01802 
 -0.01244   0.02994   0.09067  -0.03988   0.01700   0.01836   0.14992  -0.11281  -0.05435   0.04926   0.15195  -0.02126   0.00764   0.00003   0.08658  -0.06464  -0.05625   0.02868   0.17638  -0.03927 
 -0.01852   0.03068   0.14836  -0.06643   0.00230   0.06194   0.09687  -0.07594  -0.08216   0.11031  -0.08863   0.03263   0.06471  -0.03259   0.03414  -0.08301  -0.09634   0.06162   0.10039   0.01826 
 -0.02661   0.06089   0.07184  -0.03005  -0.00394   0.03254   0.12829  -0.07534  -0.08929   0.03011  -0.02768   0.06188   0.01047  -0.07748   0.07020  -0.00870  -0.05769   0.00242   0.16600  -0.02229 
 -0.03290   0.00845   0.11504  -0.02255   0.00462  -0.00130   0.17037  -0.10274  -0.05404   0.05590   0.11494  -0.01198   0.02001  -0.02210   0.09964  -0.07550  -0.09641   0.06007   0.19675  -0.02979 
 -0.03443   0.03314   0.16294  -0.05955   0.02587   0.03001   0.09768  -0.09388  -0.00799   0.07310  -0.14862   0.00403   0.06531  -0.05572   0.02886  -0.06492  -0.09145   0.02688   0.10038   0.02708 
 -0.00686   0.03019   0.06644  -0.03385   0.02286   0.02866   0.06236  -0.06788  -0.04985   0.00576  -0.00475   0.03956   0.04731  -0.05965   0.06868  -0.06448  -0.05737  -0.04242   0.17253  -0.01108 
 -0.00923  -0.00928   0.09747  -0.03016   0.01667   0.03674   0.14420  -0.11640   0.00279   0.03484   0.10241  -0.04920   0.06008  -0.03457   0.08503  -0.11380  -0.07023   0.04929   0.18800  -0.04206 
 -0.00573   0.03142   0.14761  -0.08101   0.03363   0.02753   0.10740  -0.11050  -0.00344   0.07106  -0.03857  -0.02140   0.10860  -0.08711   0.03489  -0.11997  -0.06839   0.03370   0.07205   0.01930 
  0.01420   0.02273   0.07184  -0.05667  -0.00207   0.04155   0.13361  -0.08523   0.00384  -0.00936   0.00271  -0.00022   0.05505  -0.04380   0.07020  -0.08729  -0.04478   0.02653   0.13721  -0.02727 
 -0.00512   0.01590   0.11342  -0.05381   0.01046   0.06764   0.16633  -0.14036  -0.02239   0.06064   0.11164  -0.04131   0.06554  -0.01714   0.06065  -0.11574  -0.06071   0.05687   0.19412  -0.05767 
 -0.00645   0.05277   0.15303  -0.09471   0.02602   0.10825   0.08136  -0.12224  -0.00820   0.11502  -0.08309  -0.03156   0.07006   0.02665   0.02104  -0.12862  -0.09481   0.09621   0.09930   0.00396 
 -0.00358   0.09977   0.06143  -0.06973  -0.00388   0.10402   0.08021  -0.07797  -0.08831   0.01877   0.06916   0.04360   0.05171  -0.00577   0.02573  -0.07687  -0.05825   0.05040   0.16133  -0.03766 
 -0.02501   0.05812   0.09323  -0.04110  -0.01625   0.08528   0.16842  -0.11336  -0.00682   0.07473   0.13280  -0.07281   0.03070  -0.00818   0.08296  -0.08702  -0.04216   0.08788   0.17154  -0.07589 
 -0.01662   0.07357   0.14930  -0.09133  -0.01108   0.10596   0.05993  -0.05845  -0.01366   0.03763  -0.02769   0.00196   0.06086   0.01170  -0.00955  -0.08027  -0.08566   0.07932   0.05066   0.02379 
 -0.01926   0.07735   0.03448  -0.02811  -0.03689   0.05161   0.08721  -0.02103  -0.05362   0.00583  -0.05191   0.05206   0.00251   0.01258   0.02447  -0.02491  -0.06415   0.09688   0.11298  -0.02723 
 -0.04361   0.05627   0.06870  -0.01009  -0.00059   0.10837   0.09244  -0.09202  -0.01922   0.10388   0.06080  -0.05230   0.06171   0.01636   0.04249  -0.12217  -0.06233   0.10235   0.13719  -0.04374 
 -0.01537   0.09491   0.09472  -0.07139   0.03008   0.07564  -0.05206  -0.04213   0.06621   0.01133  -0.13423  -0.04356   0.15710  -0.02470  -0.10479  -0.17006  -0.03836   0.07132   0.01052   0.00447 
  0.03920   0.05113  -0.05242  -0.04500   0.05780   0.09736  -0.03674  -0.09768   0.04999  -0.03315  -0.26805   0.01453   0.12948   0.09323  -0.15115  -0.19900  -0.03247   0.11578   0.02284  -0.02441 
  0.04013   0.07867  -0.05301  -0.05967   0.10272   0.14470   0.02665  -0.25353   0.12350   0.13531  -0.10308  -0.22420   0.19946   0.11231  -0.10709  -0.52132   0.01883   0.27970   0.07233  -0.22960 
  0.09586   0.18132   0.00784  -0.26031   0.20132  -0.23998  -0.04764  -0.25755   0.29810  -0.34246  -0.41215  -0.31091   0.31917  -0.28996  -0.26541  -0.43378   0.02271  -0.07421   0.07451  -0.02844 
  0.21424  -0.22922  -0.09199  -0.22658  -0.07004  -0.47966   0.56487  -0.57398  -0.02181  -0.23294   0.30871  -0.01441   0.08564  -0.38376   0.37223  -0.40318  -0.33305  -0.34296   0.66820  -0.40702 
 -0.08107  -0.42241   0.57147  -0.43765  -2.04808  -4.07518   0.82836  -4.07518  -2.33126  -4.07518   1.02016  -4.07518  -2.97567  -4.07518   0.77942  -4.07518  -2.04532  -4.07518   0.86944  -4.07518 
 -2.32412  -4.07518   0.85821  -4.07518  -4.07518  -4.07518  -4.07518   0.44956  -4.07518  -4.07518  -4.07518  -4.07518  -4.07518  -1.92086  -4.07518   0.51041  -4.07518  -4.07518  -4.07518  -4.07518 
 -4.07518  -1.78202  -4.07518   0.43997  -4.07518  -4.07518  -4.07518  -4.07518   0.42052  -4.07518  -0.41041  -1.01901  -4.07518  -4.07518  -4.07518  -4.07518   0.43321  -2.00304  -0.91748  -1.37047 
  0.42729  -2.03553  -0.92810  -1.34783   0.33899  -0.56184  -0.78768  -0.49030   0.31925  -4.07518   0.14583  -0.46299   0.42524  -0.66540  -0.50812  -1.29857   0.20395  -0.43988  -0.37326  -0.06665 
  0.35902  -0.62886  -0.73889  -0.49202  -0.15363  -0.29054   0.29775   0.02900  -0.24610  -0.63014   0.17466   0.20380  -0.14475  -0.00207   0.29368  -0.10237  -0.00464  -0.97164   0.15038   0.06635 
 -0.12033  -0.38301   0.30232   0.03365  -0.23350  -0.02742  -0.49228   0.24237  -0.16901  -0.06104  -0.44982   0.17827  -0.38448   0.01690  -0.96047   0.32107  -0.04187  -0.30366  -0.67626   0.18613 
 -0.17864  -0.06696  -0.64785   0.22705  -0.06293   0.02478  -0.45699   0.14486   0.01463  -0.12285  -0.36423   0.08425   0.01741   0.20018  -0.61240   0.00013   0.03171  -0.18026  -0.52047   0.11086 
  0.00669  -0.11622  -0.50429   0.12594   0.01084  -0.09239  -0.26937   0.08943   0.11880  -0.24353  -0.27223   0.00552   0.10956   0.07924  -0.42700  -0.04504   0.12511  -0.32963  -0.36677   0.02884 
  0.08618  -0.21728  -0.32627   0.05425   0.08647  -0.02742  -0.36284   0.00879   0.07791  -0.16493  -0.34385   0.03803   0.09030   0.14945  -0.56610  -0.05210   0.13408  -0.19714  -0.39100  -0.00239 
  0.11014  -0.10295  -0.38298   0.00711   0.02400  -0.01731  -0.41070   0.08165   0.07616  -0.19247  -0.43843   0.05527   0.03457   0.19351  -0.47370  -0.03616   0.12281  -0.14891  -0.53988   0.01858 
  0.07305  -0.08106  -0.45947   0.05371  -0.04441   0.04285  -0.44146   0.12564   0.00611  -0.21752  -0.45077   0.11886  -0.03119   0.19552  -0.57900   0.04925   0.04013  -0.07967  -0.56651   0.08769 
  0.00169  -0.04354  -0.49926   0.11176  -0.00190  -0.03963  -0.34679   0.10123   0.04836  -0.23642  -0.22168   0.06864  -0.04316   0.20644  -0.63609   0.05703   0.06805  -0.13771  -0.27735   0.04135 
  0.03865  -0.10665  -0.31961   0.07526   0.00997  -0.00470  -0.33514   0.08015   0.06106  -0.19511  -0.24913   0.05129  -0.06357   0.21180  -0.54864   0.05894   0.08679  -0.11822  -0.28710   0.01890 
  0.04844  -0.06144  -0.32238   0.05416  -0.02835   0.03381  -0.37575   0.10789   0.04335  -0.13834  -0.37730   0.06609  -0.05512   0.17175  -0.52302   0.08155   0.07324  -0.12485  -0.37651   0.04824 
  0.02521  -0.04765  -0.38940   0.08141  -0.00691  -0.06410  -0.35691   0.11244   0.03191  -0.18083  -0.46570   0.09290  -0.05944   0.10196  -0.61565   0.14106   0.07752  -0.12263  -0.40219   0.04679 
  0.03614  -0.10632  -0.40455   0.08912  -0.04091  -0.05565  -0.39352   0.14113   0.06571  -0.19227  -0.37229   0.05940  -0.10102   0.11978  -0.41914   0.13441   0.06784  -0.15612  -0.34996   0.05667 
  0.02167  -0.11691  -0.37728   0.10062  -0.05769  -0.05029  -0.28309   0.13625   0.05167  -0.28095  -0.31428   0.08494  -0.03341   0.05351  -0.49097   0.13496   0.07068  -0.16763  -0.34145   0.05508 
  0.01926  -0.13529  -0.32627   0.09990  -0.05876  -0.05814  -0.26475   0.13568   0.06654  -0.19964  -0.26000   0.04857  -0.08240   0.17955  -0.54197   0.09867   0.05409  -0.15874  -0.31541   0.06514 
  0.00908  -0.10396  -0.30552   0.09798  -0.08002  -0.00316  -0.28574   0.14085   0.05248  -0.25945  -0.11756   0.05475  -0.09714   0.16265  -0.47774   0.11267   0.05602  -0.16133  -0.28723   0.05958 
  0.00098  -0.09105  -0.28672   0.09846  -0.05141  -0.07321  -0.33268   0.14408   0.01699  -0.27978  -0.32542   0.11292  -0.09455   0.11813  -0.48699   0.14070   0.05613  -0.18706  -0.25109   0.05854 
  0.00650  -0.13421  -0.30765   0.10729  -0.06630  -0.02690  -0.32235   0.14282   0.03063  -0.26766  -0.19711   0.08653  -0.11331   0.09172  -0.41283   0.15681   0.05105  -0.16344  -0.28851   0.06477 
  0.00007  -0.11346  -0.30552   0.10737  -0.04104  -0.06123  -0.37330   0.13986   0.02948  -0.26492  -0.21194   0.08878  -0.14112   0.08730  -0.50770   0.18625   0.06049  -0.17438  -0.27186   0.05550 
  0.01214  -0.13098  -0.32293   0.10429  -0.03673  -0.14206  -0.30459   0.14260   0.04056  -0.25124  -0.26431   0.08330  -0.10221   0.01630  -0.48007   0.19454   0.06396  -0.23640  -0.33227   0.07273 
  0.01819  -0.19477  -0.32796   0.11316  -0.02620  -0.15398  -0.27713   0.13274   0.05019  -0.25374  -0.21453   0.06974  -0.01004  -0.01671  -0.46506   0.14698   0.06553  -0.26264  -0.26050   0.06457 
  0.02835  -0.21598  -0.27763   0.10126  -0.03177  -0.06630  -0.26551   0.11813   0.04323  -0.22367  -0.16574   0.06274   0.04704  -0.02901  -0.52537   0.11197   0.08816  -0.26197  -0.22507   0.03553 
  0.03957  -0.17534  -0.25615   0.07982  -0.04032  -0.01531  -0.23513   0.10732   0.01255  -0.19925  -0.23395   0.09112   0.03616   0.04248  -0.41691   0.06994   0.09168  -0.22600  -0.27140   0.03394 
  0.03316  -0.12424  -0.26335   0.07535  -0.03151  -0.01547  -0.31241   0.11394   0.06421  -0.28574  -0.23788   0.06654   0.00937   0.13744  -0.47415   0.04293   0.06534  -0.12353  -0.28718   0.04247 
  0.02693  -0.08202  -0.30873   0.07780  -0.01896  -0.00594  -0.31273   0.10172   0.05201  -0.19795  -0.27376   0.06308  -0.03445   0.14621  -0.36434   0.05733   0.05878  -0.08023  -0.29577   0.03982 
  0.02531  -0.05810  -0.30927   0.07280  -0.02981  -0.03588  -0.27081   0.11069   0.08679  -0.28028  -0.19206   0.03773  -0.02023   0.13863  -0.49373   0.07289   0.04000  -0.13981  -0.30716   0.07261 
  0.01829  -0.10095  -0.29706   0.08829  -0.03645  -0.08144  -0.29884   0.13022   0.08676  -0.28513  -0.24859   0.04635  -0.09770   0.11396  -0.42342   0.13640   0.03762  -0.19660  -0.26838   0.07964 
  0.01017  -0.14220  -0.29290   0.10389  -0.02694  -0.08138  -0.27535   0.11933   0.07696  -0.22491  -0.18911   0.03501  -0.09991   0.00276  -0.40323   0.18914   0.05268  -0.26233  -0.31329   0.08426 
  0.01935  -0.17852  -0.29654   0.10452  -0.07158   0.03790  -0.32129   0.13037   0.00577  -0.30737  -0.19004   0.11137  -0.10018   0.05964  -0.42394   0.16700   0.06334  -0.21688  -0.30790   0.06646 
  0.00199  -0.11107  -0.31359   0.10650  -0.10989   0.12566  -0.37200   0.13608  -0.17338  -0.43210  -0.37597   0.23333  -0.14876   0.11765  -0.44165   0.16637   0.08109  -0.24613  -0.35923   0.06179 
 -0.01736  -0.08394  -0.37477   0.12284  -0.12833   0.19879  -0.43343   0.12873  -0.27795  -0.60309  -0.48740   0.28254  -0.10865   0.19587  -0.50538   0.09981   0.11875  -0.24133  -0.44834   0.03231 
 -0.00195  -0.05449  -0.45493   0.11308  -0.00741   0.17767  -0.57826   0.06366  -0.41258  -0.60257  -0.53802   0.31237  -0.06867   0.18843  -0.70268   0.09854   0.14271  -0.34262  -0.49251   0.02526 
  0.04142  -0.09829  -0.54584   0.09717   0.04742   0.19142  -0.79118   0.01831  -0.43536  -0.67414  -0.71601   0.32450   0.03777   0.16619  -0.56833   0.00254   0.16517  -0.33208  -0.53202  -0.00131 
  0.07883  -0.08234  -0.64668   0.06566   0.05920   0.22081  -0.87303  -0.00615  -0.26258  -0.51405  -0.54403   0.27528   0.09876   0.05289  -0.46749  -0.00105   0.17251  -0.31150  -0.48060  -0.02092 
  0.09252  -0.04943  -0.63286   0.04032   0.05071   0.17940  -0.83844   0.02323  -0.10470  -0.34446  -0.38176   0.19671   0.11970   0.03906  -0.68952   0.01101   0.14321  -0.32068  -0.36584   0.00514 
  0.08177  -0.06297  -0.55427   0.04932   0.00424   0.20199  -0.73543   0.05464  -0.08057  -0.22621  -0.33926   0.16466   0.10323  -0.03954  -0.48420   0.05100   0.10288  -0.26189  -0.35471   0.04141 
  0.04626  -0.03201  -0.50429   0.07092   0.00307   0.14970  -0.61365   0.06884  -0.02716  -0.19648  -0.21815   0.11662   0.03737  -0.02884  -0.33011   0.08964   0.05351  -0.23735  -0.29262   0.07657 
  0.02636  -0.06327  -0.40455   0.08665  -0.01190   0.05732  -0.41603   0.09309  -0.02071  -0.21066  -0.25630   0.11945  -0.04430  -0.04318  -0.24662   0.14544   0.00262  -0.26357  -0.22462   0.11086 
 -0.00522  -0.12389  -0.30392   0.11355  -0.03957   0.00080  -0.38783   0.12661  -0.01756  -0.23586  -0.18426   0.11412  -0.02390  -0.04692  -0.38439   0.15790  -0.01629  -0.25426  -0.21598   0.12146 
 -0.02361  -0.15222  -0.28775   0.13052  -0.06200  -0.01527  -0.39376   0.14672  -0.02958  -0.27447  -0.17909   0.12826  -0.07316  -0.08864  -0.36342   0.20106  -0.03850  -0.25420  -0.22823   0.13787 
 -0.04675  -0.17023  -0.29186   0.14994  -0.07609  -0.07056  -0.31849   0.15768  -0.05102  -0.23976  -0.13232   0.12935  -0.02438  -0.06208  -0.35225   0.15884  -0.04998  -0.28418  -0.25905   0.15316 
 -0.05608  -0.20060  -0.27913   0.15926  -0.09674  -0.10773  -0.28451   0.17206  -0.06404  -0.23905  -0.23814   0.14910  -0.04535  -0.05052  -0.37204   0.17209  -0.05217  -0.31883  -0.29110   0.16267 
 -0.06633  -0.22698  -0.29394   0.17152  -0.11870  -0.13975  -0.08444   0.15229  -0.09683  -0.26381  -0.21945   0.16851  -0.03894  -0.11312  -0.12976   0.13821   0.00036  -0.32434  -0.40204   0.14315 
 -0.04462  -0.25507  -0.23888   0.15484  -0.17213  -0.22404   0.12467   0.12847  -0.07675  -0.24069  -0.22355   0.15481  -0.06291  -0.13750  -0.02448   0.12854   0.01033  -0.37125  -0.36302   0.13731 
 -0.05551  -0.29855  -0.09428   0.14107  -0.22236  -0.20207   0.24678   0.09073  -0.08461  -0.24463  -0.28327   0.16526   0.01210  -0.14263   0.08906   0.00863   0.04079  -0.38551  -0.47780   0.12789 
 -0.04316  -0.28458  -0.02166   0.11269  -0.26126  -0.29672   0.34800   0.05492  -0.11148  -0.19645  -0.30795   0.17213   0.00805  -0.14087   0.13161  -0.01751   0.04091  -0.32270  -0.49391   0.12216 
 -0.05758  -0.27253   0.06599   0.09304  -0.24363  -0.23579   0.35663   0.02809  -0.07909  -0.11354  -0.15124   0.12124   0.02151  -0.11582   0.13189  -0.04647   0.05556  -0.28436  -0.39842   0.09580 
