IntronPotTab 1 1024 0.91675
    0.07240
   -0.00087
   -0.03464
   -0.04225
    0.00470
    0.03832
   -0.08025
    0.04129
    0.02555
    0.03848
   -0.04179
   -0.04319
   -0.00918
    0.00086
   -0.01514
    0.02896
    0.02357
    0.03136
   -0.03482
   -0.02260
   -0.00600
    0.10134
   -0.06323
   -0.05101
   -0.00482
    0.00606
    0.00666
   -0.00893
    0.06057
   -0.04098
    0.02969
   -0.02471
    0.00790
    0.01282
   -0.00670
   -0.01710
   -0.00603
   -0.01826
   -0.08556
    0.08876
   -0.01601
    0.03436
    0.03420
   -0.06347
   -0.01781
   -0.02114
    0.01262
    0.03120
   -0.01062
    0.04484
   -0.06404
    0.00804
   -0.01993
    0.02911
   -0.04195
    0.02885
   -0.02636
    0.06176
   -0.03192
   -0.02017
   -0.01347
   -0.01509
    0.00402
    0.02108
    0.00855
    0.03781
   -0.06928
    0.03598
    0.03254
   -0.01227
   -0.07041
    0.05646
   -0.01090
    0.04656
   -0.04605
   -0.01252
   -0.03262
   -0.01992
   -0.00488
    0.06331
    0.01778
    0.05330
   -0.07492
   -0.00157
   -0.03498
    0.11284
   -0.07662
   -0.01568
   -0.00298
    0.01197
   -0.02082
    0.00531
    0.03266
   -0.01223
   -0.01834
    0.01708
    0.01247
   -0.00837
   -0.03228
    0.04056
   -0.01660
    0.00179
   -0.05771
    0.07823
   -0.00124
    0.01009
   -0.00016
   -0.01385
   -0.06740
   -0.04118
    0.04769
    0.05845
    0.26739
   -0.09056
   -0.10550
   -0.04102
    0.01361
    0.01504
   -0.08033
    0.06313
    0.19692
   -0.05029
   -0.14815
   -0.05163
    0.03622
   -0.04577
   -0.03948
    0.08889
    0.06557
   -0.02461
   -0.03449
    0.01417
    0.02787
   -0.00112
   -0.06750
    0.06030
    0.05125
   -0.01342
   -0.02151
   -0.02714
   -0.00937
   -0.03337
   -0.01558
    0.08095
    0.01440
   -0.02501
    0.00066
    0.00966
   -0.00106
    0.03984
   -0.03476
   -0.00186
    0.01785
   -0.01633
    0.00869
   -0.00900
    0.09766
   -0.09585
    0.04400
   -0.00950
    0.02462
   -0.01994
   -0.00530
    0.00165
    0.00724
   -0.00303
   -0.07930
    0.08235
    0.00769
   -0.03564
    0.07935
   -0.05322
   -0.01107
   -0.05867
    0.00990
    0.06997
   -0.00034
   -0.03306
   -0.01132
    0.04717
   -0.00788
    0.01044
   -0.07485
    0.07888
   -0.01690
   -0.00442
   -0.01515
    0.04085
    0.01393
   -0.05480
   -0.00707
    0.07395
   -0.02277
    0.03566
   -0.04658
    0.02953
   -0.02638
   -0.01963
   -0.07791
    0.10799
   -0.02600
    0.03734
   -0.02007
   -0.00129
   -0.00836
    0.00038
   -0.03537
    0.04648
   -0.00398
    0.04825
   -0.07142
    0.02045
   -0.04101
    0.07119
   -0.03278
   -0.00084
   -0.03008
    0.02771
   -0.00476
    0.00283
    0.03447
   -0.01644
   -0.01485
    0.01376
   -0.00843
    0.03390
   -0.06548
    0.03490
   -0.03748
   -0.02989
   -0.07390
    0.11842
   -0.01402
    0.02539
    0.00516
   -0.02397
   -0.04967
   -0.03062
    0.02298
    0.05556
    0.02317
    0.03127
   -0.06384
    0.00045
   -0.03317
    0.02979
   -0.06955
    0.06046
    0.00454
    0.03084
   -0.03173
   -0.01311
   -0.02459
    0.00912
   -0.04961
    0.05905
    0.03996
    0.03209
   -0.07798
    0.02765
    0.00314
    0.07335
   -0.10511
    0.03373
   -0.02980
    0.06155
   -0.05331
    0.01135
   -0.03697
    0.01520
   -0.04519
    0.08315
   -0.01060
    0.05701
   -0.05726
    0.01166
    0.00304
    0.09529
   -0.08483
   -0.01528
   -0.03320
    0.02453
   -0.01056
    0.01719
    0.03298
   -0.00765
   -0.01908
    0.01251
   -0.00052
    0.03385
   -0.02483
   -0.00998
    0.03057
    0.03577
   -0.11128
    0.03792
   -0.02293
    0.04475
    0.01496
   -0.05062
   -0.04433
    0.02466
   -0.03797
    0.05722
   -0.01814
    0.01370
   -0.07018
    0.04586
   -0.01250
    0.03957
   -0.09644
    0.06609
   -0.05315
    0.06039
   -0.04406
    0.01889
   -0.03446
    0.00730
   -0.04710
    0.07094
   -0.00112
    0.07235
   -0.09212
    0.02855
   -0.02382
    0.06065
   -0.09850
    0.03509
   -0.02540
    0.04312
   -0.04898
    0.01354
   -0.05719
    0.00824
   -0.04321
    0.08002
    0.02220
    0.04645
   -0.09148
    0.02266
   -0.13892
    0.21825
   -0.18019
    0.01637
   -0.06343
    0.03263
   -0.02485
    0.03540
   -0.04134
    0.00331
   -0.04779
    0.05872
    0.00399
    0.00006
   -0.04588
    0.05915
   -0.02270
    0.03133
   -0.09717
    0.07902
   -0.03894
    0.03052
   -0.00661
    0.00473
   -0.09253
   -0.00195
   -0.01485
    0.08139
    0.05596
   -0.00378
   -0.04949
    0.00904
   -0.04180
    0.04915
   -0.12367
    0.10084
    0.00468
    0.00485
   -0.06561
    0.05423
   -0.01157
   -0.02474
   -0.08577
    0.14522
    0.07661
   -0.01426
   -0.08117
    0.07039
    0.01079
    0.01725
   -0.07306
    0.08251
    0.03263
    0.00875
   -0.05693
    0.02363
   -0.01992
   -0.00247
   -0.05176
    0.12040
    0.01294
   -0.01802
   -0.06039
    0.07746
   -0.02232
    0.05774
   -0.04141
    0.01383
   -0.03062
    0.01472
   -0.03439
    0.04562
    0.04586
   -0.05372
    0.02417
    0.01080
    0.03461
   -0.00530
   -0.04675
    0.03302
   -0.01990
    0.04813
   -0.09255
    0.10221
   -0.00015
   -0.00239
    0.01131
   -0.01015
   -0.06359
   -0.00830
   -0.03332
    0.12365
    0.02698
   -0.04398
   -0.06706
    0.09581
   -0.02576
    0.01702
   -0.08406
    0.10641
   -0.05124
   -0.00693
   -0.00595
    0.06401
   -0.00546
   -0.05951
   -0.03041
    0.12608
   -0.11912
    0.18150
   -0.21217
    0.03054
   -0.04114
    0.05311
   -0.08549
    0.06238
   -0.01969
    0.03766
   -0.04633
    0.01829
   -0.02007
    0.01093
   -0.06640
    0.07916
   -0.03558
    0.05446
   -0.08805
    0.04826
   -0.06060
    0.12458
   -0.09009
   -0.00122
   -0.07029
    0.05421
   -0.02869
    0.02919
   -0.04792
    0.04828
   -0.06185
    0.02561
   -0.14117
    0.18400
   -0.23689
    0.05650
   -0.06240
    0.05513
   -0.09744
    0.08603
   -0.04395
    0.05396
   -0.02158
    0.00022
   -0.11194
    0.02913
   -0.03409
    0.08136
   -0.03535
    0.01968
   -0.06119
    0.03488
   -0.05211
    0.07580
   -0.12080
    0.06281
   -0.07495
    0.05042
   -0.04309
    0.04904
   -0.09669
    0.03157
   -0.11625
    0.14198
    0.04044
    0.01977
   -0.04417
   -0.00525
   -0.00655
    0.05201
   -0.07367
    0.04899
   -0.02569
    0.06011
   -0.03170
   -0.00316
   -0.01734
    0.01912
   -0.03390
    0.04808
   -0.00449
    0.03343
   -0.02180
   -0.00340
   -0.01610
    0.03956
   -0.02100
    0.00349
   -0.02230
    0.01993
    0.01056
   -0.00411
    0.02353
   -0.04883
    0.04563
   -0.02069
   -0.01401
    0.01647
    0.02025
   -0.02660
   -0.02504
    0.02433
   -0.06048
    0.06462
   -0.01887
    0.01207
    0.05464
   -0.05154
   -0.02925
   -0.01702
    0.01647
    0.02563
    0.02459
    0.01290
   -0.05688
    0.01705
   -0.01519
    0.01678
   -0.04135
    0.03953
   -0.03802
    0.04586
   -0.00292
   -0.00848
   -0.02499
   -0.01195
   -0.02043
    0.05343
   -0.00633
    0.04766
   -0.06250
    0.04109
    0.00962
    0.00843
   -0.06832
    0.06208
   -0.03545
    0.06058
   -0.06385
    0.01602
   -0.02698
   -0.01825
   -0.01722
    0.06979
   -0.00373
    0.03481
   -0.04335
    0.01481
   -0.05885
    0.10961
   -0.05653
    0.01498
   -0.04124
    0.00347
    0.00910
    0.02804
    0.01951
   -0.02267
   -0.00200
    0.01865
   -0.00999
   -0.00669
   -0.02250
    0.04823
   -0.02234
    0.03227
   -0.06064
    0.06286
   -0.03530
    0.02278
   -0.00311
    0.00900
   -0.06637
   -0.02691
    0.01439
    0.06764
    0.29176
   -0.10237
   -0.13033
   -0.06761
    0.02660
    0.02982
   -0.10541
    0.06650
    0.20062
   -0.08480
   -0.12071
   -0.04411
    0.08093
   -0.04540
   -0.05366
    0.08779
    0.05774
   -0.01113
   -0.05922
    0.04438
    0.00272
    0.01360
   -0.05859
    0.07343
    0.00195
    0.00795
   -0.00885
    0.00219
   -0.04077
   -0.02718
   -0.00755
    0.08678
   -0.00093
   -0.00221
   -0.01726
    0.02402
   -0.03170
    0.05518
   -0.01484
    0.00073
   -0.03361
    0.00531
    0.01520
    0.01302
    0.04514
   -0.07835
    0.04841
   -0.01580
   -0.00248
   -0.02600
    0.01232
    0.01102
   -0.03633
    0.03365
   -0.05485
    0.07888
   -0.05795
   -0.06185
    0.13806
   -0.03776
   -0.08735
   -0.06379
    0.03161
    0.08967
    0.00597
   -0.03122
   -0.02233
    0.04513
   -0.02917
    0.00348
   -0.05969
    0.09576
   -0.07246
   -0.02586
    0.05551
    0.03152
   -0.06145
   -0.04639
   -0.00580
    0.09299
    0.00760
    0.04126
   -0.09070
    0.06148
   -0.00895
    0.00710
   -0.12621
    0.11846
   -0.04011
    0.06296
   -0.03007
   -0.00254
   -0.00510
    0.00252
   -0.05769
    0.07430
   -0.01763
    0.06455
   -0.09364
    0.04870
   -0.05804
    0.10110
   -0.06724
    0.02468
   -0.05513
    0.03584
   -0.01536
    0.03207
   -0.02753
    0.01204
   -0.01413
    0.01600
   -0.00671
    0.04290
   -0.09533
    0.06910
   -0.02758
    0.00847
   -0.12993
    0.12858
   -0.03806
    0.03077
   -0.01130
    0.01520
   -0.08130
   -0.02695
    0.02592
    0.06153
    0.03214
    0.03148
   -0.10679
    0.02725
   -0.04355
    0.04176
   -0.08221
    0.07286
   -0.03989
    0.04279
   -0.01806
    0.00978
   -0.03660
    0.00545
   -0.05917
    0.08935
    0.00677
    0.02714
   -0.04299
    0.01596
   -0.01674
    0.05628
   -0.07162
    0.03551
    0.02078
    0.04325
   -0.04589
   -0.03538
   -0.04319
    0.02348
   -0.04106
    0.06724
   -0.00688
    0.02011
   -0.05376
    0.03795
   -0.03148
    0.04369
   -0.05486
    0.03624
   -0.02172
    0.01275
   -0.00169
    0.01056
    0.00526
   -0.04279
    0.04052
   -0.00537
    0.00419
    0.01733
   -0.02218
    0.00191
   -0.03468
   -0.00936
   -0.07988
    0.10131
   -0.02493
    0.01846
    0.00021
    0.00439
   -0.03941
   -0.00520
   -0.00142
    0.05529
   -0.01473
    0.00212
   -0.03234
    0.02906
   -0.04334
    0.01951
   -0.06486
    0.07603
   -0.02705
    0.04732
   -0.04771
    0.00836
   -0.04170
    0.00111
   -0.03319
    0.06207
    0.00271
    0.02294
   -0.08230
    0.07890
    0.00950
   -0.00826
   -0.10212
    0.10038
   -0.00078
    0.00399
   -0.03931
    0.03654
   -0.01192
   -0.03874
   -0.03180
    0.10658
    0.00781
    0.01467
   -0.09152
    0.07074
   -0.08426
    0.10081
   -0.10693
    0.05991
   -0.05112
    0.00344
   -0.04122
    0.07916
    0.03478
   -0.04942
   -0.01911
    0.07073
    0.01701
   -0.01450
   -0.04653
    0.06369
   -0.01165
   -0.02124
   -0.09619
    0.12554
   -0.01900
    0.01865
   -0.03252
    0.02650
   -0.04971
   -0.04723
    0.00660
    0.10611
    0.09966
   -0.03368
   -0.05312
    0.01983
   -0.02116
   -0.00423
   -0.12453
    0.13292
    0.05573
   -0.01595
   -0.08902
    0.05684
    0.03501
   -0.06557
   -0.07810
    0.16952
    0.06707
   -0.01870
   -0.08028
    0.07591
    0.00879
   -0.00838
   -0.08773
    0.10188
    0.04128
   -0.00461
   -0.03563
    0.00063
   -0.02757
   -0.00956
   -0.03626
    0.09762
    0.00678
   -0.00775
   -0.07138
    0.08126
   -0.04717
    0.02985
   -0.04021
    0.05957
   -0.02511
    0.00147
   -0.01476
    0.03989
    0.05010
   -0.08293
    0.03775
    0.01320
   -0.00091
   -0.01861
   -0.02164
    0.04583
   -0.03122
   -0.00816
   -0.07182
    0.10998
   -0.02478
   -0.01643
    0.04944
   -0.00260
   -0.08475
   -0.04413
    0.00871
    0.10960
    0.00944
   -0.02445
   -0.07785
    0.07995
   -0.04691
    0.00415
   -0.09003
    0.12649
   -0.05810
    0.01458
   -0.04894
    0.08115
   -0.04151
   -0.03710
   -0.05176
    0.13072
   -0.01262
    0.04616
   -0.07399
    0.03033
   -0.03218
    0.00800
   -0.08246
    0.08584
   -0.02472
    0.01652
   -0.02455
    0.02747
   -0.06959
    0.01755
   -0.04000
    0.07722
   -0.03004
    0.04290
   -0.08107
    0.05938
   -0.07201
    0.09607
   -0.08119
    0.02795
   -0.04407
    0.02318
   -0.03364
    0.04497
   -0.01914
   -0.00870
   -0.03617
    0.04716
   -0.03725
    0.05123
   -0.08313
    0.05611
   -0.04678
   -0.01308
   -0.08414
    0.11481
   -0.03461
    0.01626
    0.00585
    0.01038
   -0.11299
   -0.01316
    0.00275
    0.08870
   -0.01788
    0.04103
   -0.07555
    0.01647
   -0.07575
    0.04064
   -0.12948
    0.10113
   -0.05910
    0.02982
   -0.02049
    0.03901
   -0.13529
   -0.01709
   -0.12137
    0.17802
