IntronPotTab 1 1024 0.27643
    0.01899
   -0.01967
   -0.05493
   -0.00175
    0.02350
   -0.02625
    0.01213
   -0.02096
    0.00169
   -0.02388
   -0.10318
    0.05291
    0.01920
   -0.01330
   -0.02301
    0.00122
    0.00724
   -0.01429
   -0.03562
    0.01222
   -0.03517
   -0.05297
    0.05736
    0.04583
   -0.01223
   -0.01928
    0.01519
    0.01877
    0.02698
   -0.02983
    0.00953
   -0.00677
    0.00720
   -0.00695
   -0.02597
    0.00586
   -0.00155
   -0.00234
    0.00389
    0.00150
   -0.06206
    0.06797
   -0.00099
    0.05664
   -0.01392
   -0.03001
    0.04680
   -0.00454
    0.00001
   -0.00595
    0.00897
   -0.00099
    0.00566
   -0.03147
    0.01021
    0.00672
    0.00023
    0.01929
   -0.06971
    0.02208
    0.04922
   -0.01256
   -0.02212
   -0.01402
    0.00182
   -0.04344
   -0.01283
    0.02245
    0.01545
   -0.07375
    0.05218
   -0.01309
    0.01391
   -0.03281
   -0.07166
    0.03872
    0.02427
   -0.07346
    0.01732
    0.00632
   -0.00100
    0.01786
   -0.03223
    0.00683
   -0.03231
    0.04798
   -0.01073
   -0.01341
   -0.07975
   -0.01558
    0.06286
    0.06571
    0.01951
   -0.00764
   -0.04613
    0.01094
    0.02268
    0.00096
   -0.03301
   -0.01061
    0.02945
   -0.09268
    0.07845
   -0.01737
   -0.05051
    0.02353
   -0.04907
    0.06625
    0.04233
   -0.00587
   -0.00949
   -0.03064
    0.02853
   -0.04524
   -0.01477
   -0.00858
    0.02147
   -0.05442
   -0.01912
    0.00736
    0.00700
   -0.02696
   -0.01564
    0.01601
    0.03083
   -0.05393
    0.01667
   -0.00140
    0.00641
    0.00582
   -0.04910
    0.01654
   -0.02075
   -0.03368
   -0.00011
    0.04533
    0.01226
   -0.01169
   -0.05545
    0.02751
    0.01163
    0.01416
   -0.06270
    0.01892
    0.00217
    0.00201
   -0.06465
    0.02826
   -0.01459
   -0.02748
    0.05264
    0.00936
   -0.02947
    0.05359
   -0.02095
    0.01939
    0.03426
   -0.02937
   -0.02873
    0.00607
    0.00788
   -0.02701
   -0.01298
    0.00465
   -0.01535
    0.02756
   -0.04800
    0.03287
   -0.02275
   -0.00423
    0.01771
    0.00820
   -0.06263
    0.06610
   -0.01052
    0.01937
    0.00965
   -0.00170
   -0.03702
    0.00644
    0.01098
   -0.04390
    0.00628
   -0.00161
    0.02855
   -0.00249
   -0.08572
    0.01234
    0.04205
   -0.01402
   -0.03757
    0.00031
   -0.02717
    0.02067
   -0.00461
    0.03329
    0.01126
   -0.01783
   -0.02187
    0.00032
    0.00313
   -0.01294
   -0.05187
    0.03005
    0.02030
   -0.03781
   -0.00878
    0.00489
   -0.00794
   -0.02341
   -0.00414
    0.02052
    0.00916
   -0.01714
    0.03979
   -0.01915
   -0.01828
    0.03345
   -0.02565
    0.01611
    0.02863
   -0.01792
   -0.02379
    0.00195
   -0.02009
    0.06017
   -0.03717
    0.01759
   -0.01808
   -0.00443
    0.04195
    0.00592
   -0.01739
    0.02434
    0.02544
   -0.00262
   -0.00794
   -0.00848
    0.01539
    0.00064
    0.01678
   -0.00374
    0.00651
   -0.02209
   -0.00925
   -0.01402
    0.00557
    0.01842
    0.00268
    0.02170
   -0.05669
    0.00794
    0.02080
   -0.00922
   -0.02047
   -0.00152
    0.01246
   -0.02779
   -0.02689
   -0.00018
   -0.00712
   -0.01890
    0.00971
    0.01634
   -0.02166
   -0.01178
   -0.03648
    0.04806
    0.01850
   -0.03067
   -0.01127
    0.00245
   -0.01297
    0.01016
   -0.02642
    0.02175
   -0.06364
    0.01023
   -0.00948
    0.07247
    0.00419
   -0.00246
   -0.05184
    0.01519
    0.01834
   -0.01464
   -0.03932
    0.01186
   -0.00078
    0.03818
   -0.00141
   -0.02339
   -0.02879
   -0.01426
    0.06138
    0.02997
   -0.06096
    0.06835
    0.07745
   -0.03115
    0.02175
   -0.02378
    0.00584
   -0.00603
    0.01653
    0.00148
   -0.03182
   -0.01403
    0.00758
   -0.01748
   -0.03259
    0.01479
    0.01386
    0.01581
   -0.07712
    0.00460
    0.04330
   -0.01347
   -0.02912
   -0.00883
   -0.00051
   -0.01431
   -0.00470
    0.01072
    0.01614
   -0.07655
    0.05237
    0.00589
    0.00606
   -0.05864
   -0.03661
    0.05346
    0.04233
   -0.06652
   -0.02371
    0.01105
   -0.01433
    0.00790
    0.02820
    0.00115
   -0.05588
    0.07537
   -0.14949
   -0.00120
    0.00057
   -0.00428
   -0.03359
    0.03265
    0.01339
    0.02251
   -0.02931
   -0.01418
    0.01200
    0.01651
   -0.05268
    0.00573
   -0.02082
   -0.06044
    0.01462
    0.05643
   -0.02391
    0.03565
   -0.09424
    0.05808
    0.02521
   -0.08116
   -0.01925
    0.02872
    0.03408
   -0.00313
   -0.04108
   -0.02302
    0.00557
   -0.01322
   -0.01799
    0.01066
   -0.02033
    0.01545
   -0.05976
    0.04973
    0.04781
   -0.02875
    0.01718
   -0.02297
    0.02285
   -0.00199
   -0.04904
   -0.01371
   -0.02830
    0.01902
    0.06625
   -0.00789
    0.01574
    0.02083
   -0.05119
   -0.00737
    0.02879
   -0.00777
   -0.08039
    0.02526
    0.00442
   -0.04912
   -0.02116
    0.02341
   -0.02269
   -0.02883
    0.00703
    0.04378
   -0.01525
    0.04036
   -0.04707
    0.01679
    0.05558
   -0.01149
   -0.01594
   -0.02147
    0.03153
   -0.02580
   -0.10451
    0.01075
    0.01923
   -0.06514
   -0.04204
    0.02619
    0.03554
   -0.04691
    0.00838
   -0.03305
   -0.09018
    0.04739
   -0.05189
    0.06423
    0.01888
    0.00457
   -0.04829
   -0.00079
    0.03899
   -0.07580
   -0.02572
   -0.00178
    0.02405
   -0.00307
   -0.09430
    0.01956
    0.05048
   -0.01697
   -0.04545
   -0.00476
   -0.02612
    0.01376
   -0.04124
    0.04784
   -0.00934
   -0.00399
    0.02036
    0.00455
   -0.00349
   -0.01530
   -0.04946
    0.04168
    0.00957
   -0.07175
   -0.02881
    0.03439
    0.00538
   -0.02201
   -0.02321
    0.01107
   -0.02428
    0.03943
   -0.06436
    0.01654
   -0.02652
    0.01900
    0.02984
    0.00859
    0.01305
   -0.00396
   -0.03052
    0.00704
   -0.02107
    0.04895
   -0.05107
    0.02485
   -0.02446
   -0.00265
    0.04622
    0.01154
    0.03511
   -0.01523
   -0.01376
   -0.03731
    0.00974
   -0.04080
    0.02215
    0.00082
   -0.01354
   -0.01672
   -0.01309
    0.03001
   -0.01693
   -0.00558
   -0.03303
    0.02959
    0.01223
   -0.00432
   -0.05688
    0.01273
    0.01638
   -0.01225
    0.00095
   -0.00474
    0.00200
    0.00565
   -0.01872
    0.00258
   -0.01538
    0.01868
    0.00230
    0.00760
    0.00307
   -0.00755
   -0.04986
    0.03037
    0.01046
   -0.01155
   -0.02888
    0.01116
   -0.01246
    0.00761
   -0.01390
    0.01568
   -0.07974
   -0.00576
    0.02939
    0.07218
   -0.05171
    0.00458
   -0.09024
    0.08885
    0.04433
   -0.00520
   -0.02807
   -0.00991
   -0.00446
    0.00935
   -0.00981
    0.01006
    0.00432
   -0.03371
    0.01956
   -0.00003
   -0.04795
    0.02450
    0.03949
    0.03101
    0.00431
   -0.01550
   -0.00314
    0.00629
    0.04478
   -0.03835
   -0.05543
   -0.02064
   -0.02117
   -0.03108
    0.03646
    0.02899
    0.02123
   -0.02816
   -0.08812
    0.03153
    0.05355
   -0.02502
   -0.06209
    0.00225
    0.00409
   -0.04760
   -0.03110
    0.02794
    0.01998
   -0.10903
    0.07665
   -0.01027
    0.00573
   -0.08047
   -0.01663
    0.06016
    0.03869
   -0.12694
    0.01171
    0.01579
    0.01959
   -0.03743
   -0.01383
    0.00508
   -0.04862
    0.03271
    0.00276
    0.01593
   -0.02161
   -0.03818
    0.00548
    0.04753
    0.01269
   -0.04121
   -0.00873
    0.01764
    0.02350
   -0.00432
   -0.01373
   -0.01958
    0.03619
   -0.09393
    0.05778
   -0.01454
   -0.03004
    0.01893
    0.05645
   -0.00666
    0.00154
    0.02655
   -0.00234
   -0.01658
    0.04682
   -0.05696
   -0.02522
   -0.00515
    0.01761
   -0.10182
    0.00608
    0.02501
   -0.00217
   -0.00974
   -0.02651
    0.01972
    0.07310
   -0.06410
   -0.01631
   -0.00768
    0.01430
   -0.02718
   -0.03815
    0.01285
   -0.01304
   -0.03431
    0.03850
    0.01120
   -0.00770
   -0.05180
    0.00373
    0.04002
   -0.01971
    0.02375
   -0.07004
    0.04221
    0.00231
    0.02751
   -0.03419
   -0.00101
   -0.03396
   -0.03457
    0.00086
    0.05887
    0.00565
    0.01959
   -0.06205
    0.01454
    0.01717
   -0.02286
   -0.03044
    0.01588
    0.03750
   -0.06495
   -0.01765
   -0.01684
   -0.03862
   -0.01698
    0.03710
    0.02776
   -0.01128
   -0.05152
   -0.00159
    0.03195
   -0.08780
    0.09660
   -0.04112
    0.02852
   -0.02886
    0.02120
   -0.00462
    0.02308
    0.03727
   -0.03358
   -0.01401
   -0.03317
    0.00617
   -0.00387
   -0.08429
    0.05502
    0.07369
   -0.01162
   -0.05741
   -0.00920
    0.00759
    0.00576
   -0.15298
    0.05091
    0.00023
   -0.03233
    0.00643
    0.01492
    0.00529
   -0.01722
   -0.05881
    0.04565
    0.01164
   -0.02567
   -0.03699
    0.02404
   -0.01979
    0.00745
   -0.06593
    0.04011
    0.01213
   -0.00042
   -0.01802
   -0.00983
   -0.03636
    0.02525
   -0.01986
    0.03630
    0.03466
   -0.02541
    0.00977
   -0.01849
    0.01906
    0.02952
   -0.10673
    0.01067
   -0.00489
   -0.03329
    0.04189
    0.00720
    0.00951
    0.00568
    0.00263
   -0.02224
    0.00632
   -0.02290
    0.01545
   -0.00477
    0.00678
   -0.01013
   -0.01773
    0.00359
    0.00542
   -0.05232
   -0.00839
    0.02854
    0.00686
   -0.00303
   -0.04427
    0.01527
    0.04660
   -0.03888
   -0.04540
    0.00527
   -0.00356
    0.02576
   -0.03164
    0.00834
   -0.01549
    0.00564
    0.03347
    0.00186
    0.00893
    0.01393
   -0.06695
    0.01737
   -0.00969
    0.00712
   -0.03916
    0.01846
   -0.00453
    0.00837
   -0.05108
    0.02279
   -0.03293
   -0.01731
    0.01570
    0.03755
   -0.01142
   -0.03172
   -0.08210
    0.06236
    0.01934
   -0.01790
   -0.01498
    0.00384
    0.00036
    0.02830
   -0.05614
    0.01504
   -0.01582
   -0.01879
    0.04371
    0.01143
   -0.02828
    0.07230
    0.00056
   -0.00611
   -0.01413
   -0.01192
    0.01264
    0.00796
    0.00299
   -0.00198
   -0.03885
    0.01186
   -0.00180
   -0.05417
    0.00334
    0.03291
    0.01443
    0.02671
   -0.05847
   -0.00268
    0.02168
   -0.04011
   -0.01640
    0.00758
    0.00933
   -0.08856
    0.00895
    0.01961
   -0.00893
   -0.09705
    0.04926
    0.03180
    0.00729
   -0.04617
   -0.02468
    0.03458
    0.03439
   -0.08974
    0.00651
    0.01778
    0.01326
   -0.05085
   -0.00091
    0.01046
   -0.02668
    0.02530
    0.02376
    0.00211
   -0.01005
   -0.01610
    0.01103
    0.01440
    0.06721
   -0.04564
   -0.03015
    0.00172
    0.00565
   -0.03145
   -0.02135
    0.02239
    0.02677
   -0.06738
    0.07221
   -0.03171
   -0.02923
    0.02631
   -0.00796
    0.02049
   -0.00338
   -0.01950
    0.01760
    0.00362
    0.02518
   -0.04541
   -0.03178
    0.01008
   -0.00235
   -0.06155
    0.01336
    0.02477
   -0.00769
   -0.00043
   -0.01366
    0.01413
    0.04395
   -0.03927
   -0.02779
    0.00818
   -0.00270
    0.02390
   -0.07304
    0.02705
   -0.02650
    0.02448
    0.04038
    0.00018
    0.01010
   -0.01098
   -0.06816
    0.03524
    0.02324
   -0.01245
   -0.07474
    0.03629
    0.01446
   -0.01409
   -0.08622
    0.02524
    0.00291
   -0.07271
    0.01145
    0.01613
   -0.00511
    0.02462
   -0.05390
    0.02184
    0.04754
   -0.03632
   -0.05987
    0.02395
    0.00371
   -0.01301
   -0.08390
    0.03436
   -0.00289
    0.02482
   -0.04309
    0.01222
   -0.03107
   -0.00894
    0.04254
    0.00887
   -0.00980
    0.01151
   -0.04839
    0.03437
   -0.00691
    0.00338
   -0.04322
    0.02594
    0.01595
   -0.02537
   -0.03404
    0.00857
    0.02475
   -0.00178
   -0.09989
    0.02187
    0.02155
   -0.01510
   -0.05072
    0.02376
   -0.01968
    0.01164
   -0.03918
    0.03544
   -0.00626
   -0.06547
    0.04830
    0.01189
   -0.00375
   -0.01852
   -0.04908
    0.03976
    0.00162
    0.00103
   -0.02871
    0.01061
    0.01156
   -0.00121
   -0.10848
    0.02319
   -0.01752
    0.01501
    0.00395
    0.01134
   -0.04150
    0.03742
   -0.02364
    0.03764
    0.04460
   -0.03036
   -0.01129
   -0.00454
   -0.00322
    0.01436
   -0.03426
    0.01665
   -0.00124
   -0.01849
    0.06542
   -0.01308
   -0.00817
    0.02378
    0.00948
   -0.01010
   -0.00791
   -0.01623
    0.00422
    0.00919
    0.01546
   -0.01467
   -0.05345
    0.00483
   -0.01065
   -0.03000
    0.01919
    0.01995
    0.00541
    0.00942
   -0.05407
    0.01405
    0.00613
   -0.01616
   -0.01911
    0.01000
