22 4 3 1 47 -4.6677 2.5998 4.3699 3282
 -0.02091   0.03718   0.06450  -0.02960 
 -0.01213   0.05175   0.07606  -0.05371 
 -0.00938   0.00984   0.09965  -0.04852 
 -0.01690   0.04338   0.06008  -0.03457 
  0.01020   0.00061   0.07819  -0.05241 
  0.00529   0.03874   0.08871  -0.07420 
  0.00377   0.02453   0.05036  -0.04128 
 -0.03111   0.03327   0.11098  -0.04510 
 -0.02132   0.02932   0.08173  -0.03498 
 -0.00742   0.02932   0.07748  -0.04724 
 -0.00508   0.02131   0.10234  -0.06117 
 -0.02946   0.06947   0.11229  -0.06876 
  0.01319   0.01561   0.03023  -0.03623 
 -0.02700   0.03562   0.14634  -0.07557 
 -0.01372   0.01561   0.11556  -0.05721 
 -0.01292   0.04796   0.03575  -0.02796 
 -0.01174  -0.03013   0.12073  -0.04001 
 -0.01095   0.03562   0.11295  -0.06966 
 -0.00586   0.03090   0.06887  -0.04467 
 -0.02172   0.01067   0.10701  -0.04043 
 -0.02132   0.07522   0.10368  -0.07557 
 -0.00392   0.04184   0.08523  -0.06295 
 -0.01570   0.05475   0.12009  -0.08063 
 -0.01850   0.05848   0.08173  -0.05415 
  0.00377  -0.01056   0.06230  -0.03042 
 -0.03111   0.03327   0.10966  -0.04425 
 -0.04409   0.07019   0.12009  -0.05897 
 -0.02374   0.06291   0.08940  -0.05589 
 -0.01056   0.05099   0.10568  -0.07420 
 -0.03526   0.06947   0.13776  -0.08063 
 -0.01570   0.06875   0.03809  -0.03791 
 -0.04452   0.04491   0.14023  -0.05765 
 -0.01770   0.05325   0.11360  -0.07283 
 -0.00392   0.02050   0.06959  -0.04170 
 -0.02253   0.04948   0.12902  -0.07603 
 -0.00547   0.03327   0.11163  -0.07374 
 -0.00314   0.04491   0.07819  -0.06117 
 -0.00469   0.00567   0.13153  -0.07329 
 -0.02456   0.07665   0.14936  -0.10686 
 -0.02905   0.07236   0.09009  -0.05633 
  0.00301   0.06584   0.11815  -0.10933 
 -0.02659   0.07307   0.11751  -0.07786 
  0.00110   0.03874   0.02785  -0.03373 
 -0.01213  -0.00365   0.16994  -0.08904 
 -0.00508   0.02932   0.09284  -0.05941 
  0.02604  -0.01757  -0.00439  -0.01743 
  0.04480  -0.00795   0.04809  -0.07238 
  0.07878   0.15640   0.00327  -0.22090 
  0.22602  -0.14990  -0.21430  -0.20398 
 -0.26840  -0.45556   0.58539  -0.33172 
 -2.25088  -3.51627   0.80670  -3.51627 
 -3.51627  -1.50047  -3.51627   0.46107 
  0.36459  -1.50047  -0.00182  -0.90580 
  0.38072  -0.66286  -0.72569  -0.49748 
 -0.39397  -1.06381   0.67247  -0.47626 
 -0.25163  -0.33011  -0.40298   0.29107 
  0.10640  -0.25068  -0.19792   0.03597 
  0.02058  -0.16329  -0.06605   0.06340 
  0.05406  -0.06224  -0.23423   0.04784 
  0.03179  -0.11202  -0.09998   0.04922 
  0.04202  -0.10224  -0.11855   0.04195 
  0.03179  -0.14870  -0.09998   0.06006 
  0.02423  -0.15472  -0.13678   0.07938 
 -0.00353  -0.10440  -0.11521   0.08288 
  0.02131  -0.12316  -0.18864   0.08668 
  0.02094  -0.12542  -0.13446   0.07357 
  0.02604  -0.17839  -0.13678   0.08384 
  0.00071  -0.17968  -0.14382   0.10698 
 -0.01690  -0.12091  -0.18472   0.11561 
 -0.00275  -0.11867  -0.12078   0.08794 
  0.00148  -0.11979  -0.13330   0.08825 
  0.01505  -0.10874  -0.12078   0.06999 
  0.00643  -0.11979  -0.12078   0.08066 
  0.00567  -0.10656  -0.10971   0.07422 
  0.01653  -0.08954  -0.11966   0.06240 
  0.02168  -0.12883  -0.12416   0.07097 
  0.00491  -0.10010  -0.09256   0.06769 
  0.00794  -0.09373  -0.09572   0.06406 
  0.00491  -0.05159  -0.04482   0.03491 
  0.02386  -0.09268  -0.08629   0.04612 
  0.01319  -0.05736  -0.07002   0.03844 
  0.03747  -0.10332  -0.08733   0.03668 
  0.00567  -0.09058  -0.04388   0.04750 
  0.00643  -0.12883  -0.07707   0.06999 
  0.01616  -0.07719  -0.09678   0.05161 
  0.01837  -0.09584  -0.12529   0.06439 
  0.02964  -0.13227  -0.08837   0.05365 
  0.01430  -0.08849  -0.14146   0.07032 
  0.03000  -0.10224  -0.09151   0.04508 
  0.02313  -0.09584  -0.10644   0.05433 
  0.04098  -0.11202  -0.09046   0.03703 
  0.03535  -0.06716  -0.12416   0.03844 
  0.01764  -0.07115  -0.08217   0.04334 
  0.03000  -0.12203  -0.06704   0.04299 
  0.01616  -0.09797  -0.08114   0.05331 
  0.02350  -0.11867  -0.10105   0.05939 
  0.02386  -0.06126  -0.11966   0.04612 
  0.01393  -0.11979  -0.13215   0.07745 
 -0.00977  -0.09903  -0.11855   0.08731 
