IntronPotTab 1 1024 0.99434
   -0.03978
    0.02210
    0.01378
    0.01185
    0.04005
    0.02276
    0.00247
   -0.06781
    0.06000
   -0.03435
   -0.05525
   -0.03442
   -0.03181
    0.03449
    0.02390
   -0.01964
    0.02869
   -0.06918
    0.06391
   -0.08393
    0.05491
   -0.00440
   -0.03031
   -0.08988
    0.06602
   -0.04680
   -0.01987
   -0.09534
    0.10992
    0.04712
   -0.09367
   -0.05159
    0.04581
    0.02107
   -0.02490
   -0.07751
    0.05510
   -0.06486
   -0.06873
    0.00268
    0.04482
   -0.00994
   -0.08821
   -0.00874
   -0.05609
    0.03010
    0.05236
   -0.01243
    0.04045
    0.04366
   -0.06592
   -0.02566
    0.05007
    0.02906
   -0.02116
   -0.05997
    0.10669
   -0.00532
   -0.05358
   -0.09037
   -0.00964
    0.11220
   -0.08048
   -0.02994
   -0.05437
    0.09457
   -0.07657
    0.02834
    0.02409
    0.01123
   -0.05167
   -0.01380
   -0.02753
    0.12418
   -0.12981
   -0.02563
    0.00045
    0.06038
   -0.05072
   -0.02697
   -0.00585
    0.03233
   -0.02973
    0.01169
    0.04512
    0.02921
   -0.16014
   -0.04128
    0.03245
    0.06238
   -0.02606
   -0.05691
    0.12885
    0.07213
   -0.01664
   -0.13809
    0.04873
   -0.01551
   -0.10097
    0.02230
   -0.05403
    0.05096
   -0.03364
    0.01344
    0.04995
    0.03378
   -0.10486
   -0.03696
   -0.00109
    0.06291
   -0.02863
   -0.04122
   -0.00729
    0.04376
    0.01234
   -0.04721
    0.06172
    0.06322
   -0.12660
   -0.05197
    0.09842
   -0.04140
   -0.08749
   -0.00590
   -0.02071
    0.10567
   -0.10399
   -0.02426
    0.01687
   -0.00802
   -0.00038
   -0.01591
    0.04289
   -0.00206
   -0.00361
   -0.05117
    0.05766
   -0.03630
    0.02162
   -0.08275
    0.05053
   -0.06731
    0.00904
   -0.00460
    0.05694
   -0.06978
    0.00321
   -0.05322
    0.04495
    0.01378
   -0.10243
   -0.03116
    0.00467
    0.11610
   -0.04030
   -0.05677
    0.03077
    0.08498
   -0.04637
   -0.05142
    0.04319
   -0.00488
   -0.07884
    0.00738
   -0.01231
    0.13328
    0.03973
   -0.05936
    0.01784
    0.00964
   -0.07280
    0.01079
   -0.03859
    0.12849
   -0.12619
    0.03859
    0.08964
   -0.00440
   -0.05582
   -0.02657
    0.06889
    0.02642
   -0.03044
   -0.07386
    0.06221
    0.04891
   -0.03416
   -0.09046
    0.04625
    0.07122
   -0.08253
   -0.01032
   -0.09484
    0.06657
   -0.03568
    0.05717
   -0.04250
    0.08077
   -0.05781
    0.00697
   -0.00653
    0.07326
   -0.10155
   -0.00566
   -0.10473
    0.08211
   -0.01875
    0.02231
    0.01060
    0.01044
   -0.01736
   -0.01044
    0.02209
    0.03567
    0.02719
   -0.07624
    0.02537
    0.06429
   -0.08465
   -0.02154
    0.08846
    0.02020
   -0.04080
   -0.04812
    0.02899
    0.00576
   -0.08088
    0.00583
   -0.01327
    0.02415
   -0.04333
    0.00700
    0.06769
   -0.00538
   -0.13263
   -0.01853
   -0.07597
    0.02569
    0.00194
    0.03521
   -0.01114
    0.06989
   -0.09791
    0.01025
    0.05224
    0.01346
   -0.03934
   -0.04137
    0.06472
   -0.02383
   -0.07739
   -0.00116
   -0.03306
    0.02721
   -0.04651
    0.02915
    0.00059
    0.05973
   -0.06111
    0.00176
    0.10257
    0.04189
   -0.14523
   -0.10039
    0.05648
    0.01514
   -0.04774
   -0.06245
    0.05858
    0.00941
   -0.05732
   -0.01597
    0.02122
   -0.09559
    0.01325
    0.01065
    0.03284
   -0.00591
    0.01239
   -0.07055
    0.06727
   -0.05148
    0.00520
   -0.08131
    0.01736
    0.04198
    0.03551
   -0.06890
    0.01415
    0.03654
   -0.03602
   -0.01995
    0.08323
   -0.07534
   -0.09258
   -0.03947
   -0.00034
    0.03190
    0.03683
   -0.05248
    0.01666
    0.01173
   -0.04413
    0.00613
    0.06124
   -0.02374
   -0.08313
    0.01576
    0.03710
   -0.02081
   -0.03831
   -0.00977
    0.07648
    0.02140
   -0.05543
   -0.05950
   -0.01079
    0.05727
   -0.04286
   -0.00136
    0.02296
    0.06572
   -0.17445
    0.03992
    0.05329
    0.01305
   -0.04906
   -0.05499
   -0.05360
    0.07835
   -0.02601
    0.01405
    0.05022
    0.11822
   -0.17290
   -0.06057
   -0.02823
    0.01486
    0.01043
    0.01844
   -0.00717
    0.01323
   -0.20350
    0.07990
   -0.02021
    0.02646
   -0.00029
    0.00892
    0.03307
    0.11583
   -0.07788
   -0.05603
    0.00072
   -0.04662
    0.01407
    0.01926
    0.04110
    0.00653
    0.00033
   -0.05078
    0.02411
    0.02778
    0.00207
   -0.04930
   -0.04219
    0.12442
   -0.07559
   -0.02586
   -0.03073
    0.00971
    0.04237
   -0.00769
    0.06930
    0.03352
   -0.01342
   -0.08798
    0.05269
   -0.00416
   -0.04399
   -0.01447
    0.02319
    0.08035
   -0.13931
    0.01025
   -0.01537
    0.04171
   -0.00143
   -0.00696
    0.01615
   -0.07733
    0.03762
   -0.01093
    0.06272
   -0.03283
    0.02822
   -0.10108
    0.02020
   -0.04209
    0.04134
   -0.03251
   -0.00076
   -0.06576
   -0.04037
    0.08126
    0.04308
    0.03616
   -0.11939
   -0.02023
    0.08330
   -0.05290
   -0.10825
   -0.01609
    0.03245
    0.03785
    0.00566
   -0.06079
    0.04609
    0.03115
   -0.01902
   -0.08009
   -0.01515
   -0.04836
    0.13149
   -0.02404
    0.00879
    0.04009
   -0.16599
    0.04680
    0.08437
    0.06806
   -0.05051
   -0.09363
    0.01481
    0.00447
   -0.05173
    0.03098
   -0.02856
    0.01579
    0.02701
    0.00177
    0.03533
   -0.07723
   -0.11010
    0.08982
    0.02577
    0.03288
   -0.05935
    0.01564
   -0.06612
   -0.02408
   -0.05836
    0.10339
   -0.04888
   -0.02416
   -0.08163
    0.09066
   -0.02613
   -0.00966
   -0.08924
    0.07583
   -0.00128
   -0.00863
    0.00614
    0.00275
   -0.02286
   -0.02435
    0.06228
   -0.00956
    0.05880
   -0.10138
   -0.08305
   -0.01418
    0.09821
   -0.08854
   -0.07098
   -0.01790
    0.06625
    0.04684
   -0.02346
   -0.05689
    0.05223
   -0.03800
   -0.02088
   -0.04191
    0.00568
   -0.08024
   -0.14645
    0.06818
    0.09073
   -0.03584
   -0.17906
   -0.01786
   -0.02060
    0.08352
   -0.08289
    0.00588
    0.01596
   -0.04823
   -0.08299
    0.06200
   -0.01259
    0.00800
   -0.02165
    0.01471
    0.02834
    0.05165
   -0.03719
   -0.03690
    0.06992
   -0.01589
   -0.04689
    0.01019
    0.02873
    0.01143
   -0.01362
   -0.03330
    0.05553
    0.01011
   -0.07319
   -0.04124
    0.08658
   -0.03752
   -0.08073
   -0.09041
   -0.00177
    0.01391
    0.02605
   -0.02598
    0.01855
    0.10955
   -0.04073
   -0.08168
   -0.01002
   -0.03148
    0.09007
   -0.01893
    0.08820
   -0.18532
   -0.15286
   -0.02901
    0.09593
    0.02471
   -0.04730
   -0.05161
    0.02791
    0.08112
   -0.01086
   -0.10087
    0.08417
    0.02335
   -0.07599
   -0.09464
    0.06357
   -0.01064
    0.03639
   -0.12080
   -0.00030
    0.03811
    0.01206
   -0.03302
    0.00479
    0.01271
   -0.02197
    0.00095
    0.06512
    0.02452
   -0.04318
   -0.06195
    0.11506
   -0.00942
   -0.17107
   -0.04360
    0.00555
    0.02186
   -0.01957
   -0.00664
   -0.01318
    0.10031
   -0.14228
    0.01872
    0.06630
   -0.05248
   -0.13488
    0.02817
   -0.02085
    0.07527
   -0.13736
    0.00586
   -0.02659
    0.07131
   -0.03162
   -0.02442
    0.03902
    0.01189
    0.03056
   -0.09835
    0.05495
    0.07195
   -0.03364
   -0.15365
   -0.00120
    0.14455
   -0.03062
   -0.07716
    0.01366
    0.14296
   -0.06649
   -0.08884
    0.06994
    0.00653
   -0.09415
   -0.03631
   -0.00192
    0.10793
   -0.21244
   -0.01226
    0.01662
    0.00762
   -0.11894
    0.02282
    0.02876
    0.01752
   -0.05893
   -0.00450
    0.04151
    0.05509
   -0.06145
   -0.05839
    0.01265
    0.06480
    0.01367
   -0.07127
    0.07477
    0.06113
   -0.09386
   -0.06851
   -0.05751
    0.12783
   -0.12087
   -0.04616
    0.01235
    0.01018
    0.02968
   -0.05867
    0.02100
    0.02877
   -0.01025
   -0.03688
    0.03640
   -0.01921
    0.03869
   -0.06904
    0.02729
   -0.04615
    0.04778
   -0.03134
    0.05488
    0.02959
    0.02620
   -0.15725
    0.00458
    0.14840
   -0.12170
   -0.12663
   -0.00267
    0.10428
    0.07677
   -0.14867
   -0.01232
    0.09062
   -0.02919
   -0.05273
    0.02535
   -0.02685
   -0.05941
    0.02749
   -0.02575
    0.12142
   -0.00197
   -0.08686
    0.02826
   -0.00037
    0.05882
   -0.06496
   -0.06465
    0.19335
   -0.06829
   -0.06445
    0.00148
    0.11461
   -0.02252
   -0.08219
   -0.01723
    0.20472
   -0.14437
   -0.08263
    0.01785
    0.05666
    0.01072
   -0.08303
   -0.01874
    0.10388
   -0.09622
   -0.00993
    0.04785
    0.03539
   -0.20302
    0.04015
   -0.00085
    0.03673
   -0.07067
    0.00652
    0.03715
    0.04101
   -0.20041
    0.00112
    0.02091
    0.07521
   -0.11385
   -0.00826
   -0.01299
   -0.09354
    0.03892
    0.04588
    0.04257
    0.04610
   -0.04671
   -0.08392
    0.06922
    0.02972
    0.03948
   -0.10824
    0.02452
    0.04605
    0.03498
   -0.07515
    0.07283
   -0.09241
   -0.08976
   -0.00000
   -0.09506
    0.04437
    0.05568
    0.02042
    0.05830
   -0.01489
   -0.07812
   -0.02887
   -0.00159
    0.02580
   -0.03056
   -0.00015
    0.05181
    0.06378
   -0.06891
   -0.05632
    0.03360
    0.05926
    0.02720
   -0.09277
    0.05801
    0.00614
   -0.07935
   -0.01311
    0.01016
    0.02382
   -0.05020
    0.01453
    0.02892
   -0.00181
    0.00537
   -0.03114
    0.09319
   -0.04288
    0.08495
   -0.16282
    0.04780
   -0.04941
   -0.01784
   -0.01805
    0.02943
   -0.00212
    0.05612
   -0.07744
    0.02613
   -0.01600
    0.01968
   -0.05180
    0.04835
   -0.06412
    0.04482
   -0.08781
    0.04460
    0.00225
   -0.01548
   -0.07504
    0.04962
    0.02932
    0.04441
   -0.09275
    0.00567
    0.02611
   -0.05912
    0.01607
    0.08594
   -0.08310
   -0.03746
   -0.04098
    0.08779
   -0.01736
   -0.05890
   -0.08676
    0.05268
    0.02635
    0.01307
   -0.08845
    0.02487
    0.04628
   -0.01169
   -0.04281
    0.08342
    0.01822
   -0.06629
   -0.07982
    0.09870
   -0.02754
   -0.01548
   -0.10540
    0.07154
    0.06612
   -0.09243
   -0.03346
    0.02444
    0.05036
   -0.11072
    0.01868
    0.06596
   -0.00999
   -0.03179
   -0.04917
    0.02211
   -0.01418
    0.00800
   -0.02481
    0.03539
   -0.00577
   -0.04738
    0.00529
   -0.03067
    0.00668
    0.01395
    0.02265
   -0.02819
    0.02260
    0.06470
   -0.01193
    0.04935
    0.06219
   -0.05142
   -0.06732
    0.06917
    0.10053
   -0.05360
   -0.09073
    0.05016
   -0.03832
   -0.02637
   -0.01462
    0.08374
    0.03873
   -0.06837
   -0.09422
    0.05155
    0.09289
   -0.02574
   -0.14803
   -0.02031
    0.04724
   -0.05048
   -0.00613
    0.01501
    0.06015
   -0.04228
   -0.05584
    0.09189
    0.03846
   -0.04537
   -0.09575
    0.10089
    0.00286
   -0.04755
   -0.07995
    0.01568
    0.05215
   -0.09090
    0.00294
    0.03968
   -0.03758
    0.00735
   -0.03727
    0.03564
   -0.13398
    0.06160
   -0.01904
    0.06895
   -0.13888
    0.08463
   -0.08455
    0.05092
   -0.08856
    0.01654
   -0.00969
   -0.00982
    0.00321
    0.04799
   -0.03424
    0.07008
   -0.05052
   -0.00798
   -0.08361
    0.04729
   -0.20160
    0.04557
   -0.01881
    0.03852
   -0.04259
    0.04407
   -0.05703
    0.03409
    0.03337
   -0.03833
   -0.03991
    0.03390
   -0.05855
    0.02448
   -0.00724
    0.01787
    0.06667
    0.04402
   -0.11409
    0.03991
   -0.04319
    0.01949
   -0.03041
   -0.02812
   -0.06820
    0.06441
   -0.00535
    0.07899
   -0.06079
   -0.05833
   -0.01866
    0.07551
   -0.05992
   -0.04452
   -0.01088
    0.08615
    0.01769
   -0.05193
   -0.01357
    0.00224
    0.00199
   -0.05889
    0.03354
    0.05279
   -0.09527
   -0.05380
    0.03219
    0.03196
   -0.04499
   -0.03755
    0.01370
   -0.04789
    0.04205
   -0.01779
    0.00867
   -0.01739
    0.03703
    0.01959
   -0.01771
    0.04571
    0.00563
   -0.03571
   -0.06103
    0.08129
   -0.01166
   -0.02980
   -0.05894
    0.13259
   -0.04116
    0.06519
   -0.11344
    0.05624
   -0.08965
   -0.03769
   -0.00231
    0.05739
   -0.01158
   -0.03360
   -0.04462
    0.06161
   -0.00373
   -0.04861
   -0.05063
   -0.04225
    0.05983
    0.03343
   -0.03253
    0.01436
    0.00071
   -0.10732
    0.04321
    0.10633
   -0.04685
   -0.07263
   -0.05486
    0.08205
    0.02481
   -0.07479
   -0.05918
   -0.03798
    0.01148
   -0.03603
    0.03656
