8 4 3 1 47 -2.2113 1.2939 1.8943 2217
  0.03623   0.06412  -0.06611  -0.04549 
  0.02945   0.01545   0.01908  -0.05901 
  0.02067   0.05999   0.00333  -0.07454 
  0.02256   0.03434  -0.02696  -0.03095 
  0.03069   0.00238   0.02270  -0.05295 
  0.03988   0.03258  -0.01499  -0.05901 
  0.02320   0.03785  -0.04981  -0.01896 
  0.02945   0.02724   0.00708  -0.05901 
  0.05302   0.03960  -0.02293  -0.07613 
  0.02945   0.03522  -0.04451  -0.02739 
  0.00056   0.01360   0.06482  -0.06361 
  0.03007   0.04478   0.01634  -0.08333 
  0.02320   0.08342  -0.07506  -0.04181 
  0.02696   0.02365   0.03252  -0.07454 
  0.04829   0.04133   0.00708  -0.09643 
  0.03745   0.03698  -0.03103  -0.04772 
  0.02130   0.02545   0.02270  -0.06054 
  0.05944   0.01545  -0.00622  -0.07692 
  0.02945   0.06576  -0.06171  -0.04181 
  0.02193   0.05582   0.01358  -0.08092 
  0.02445   0.04046   0.00048  -0.05901 
  0.05302   0.04650  -0.07393  -0.04549 
  0.04471   0.03522   0.02451  -0.10145 
  0.04888   0.03258   0.00708  -0.08901 
  0.03007   0.06984  -0.04241  -0.05978 
  0.06175   0.02903  -0.01894  -0.08172 
  0.03867   0.07387  -0.01302  -0.09810 
  0.05419   0.04306  -0.06722  -0.04846 
  0.02067   0.02724   0.04897  -0.08495 
  0.05537   0.06164  -0.00718  -0.11426 
  0.02571   0.08655  -0.06390  -0.05521 
  0.05066   0.00238   0.03252  -0.08738 
  0.05066   0.05076   0.01908  -0.12036 
  0.03928   0.05245  -0.07393  -0.03382 
  0.04109   0.03698   0.02090  -0.09477 
  0.04290   0.04991   0.01908  -0.10823 
  0.05712   0.01360  -0.05088  -0.03889 
  0.03193   0.02365   0.02630  -0.07534 
  0.05595   0.05414  -0.00718  -0.10738 
  0.03439   0.09658  -0.07393  -0.06904 
  0.03007   0.02724   0.04897  -0.09727 
  0.03439   0.06576   0.04039  -0.13375 
  0.01749   0.08966  -0.07847  -0.03889 
  0.02067   0.03522   0.05151  -0.09477 
  0.05302   0.06494   0.04212  -0.16376 
  0.06060   0.07307  -0.07733  -0.07772 
  0.05828   0.00709   0.02451  -0.09477 
  0.10507   0.06740  -0.02696  -0.18668 
  0.06577   0.05498  -0.08768  -0.06054 
  0.11385  -0.15190   0.12585  -0.17358 
 -2.70307  -3.34596   0.68598  -3.34596 
 -3.34596  -3.34596  -3.34596   0.53147 
  0.12346  -0.00048  -0.05626  -0.12124 
  0.04230   0.01545   0.00048  -0.05978 
 -0.03253  -0.03522   0.21439  -0.16766 
 -0.01774  -0.05967  -0.08305   0.09750 
  0.09343  -0.00624   0.03252  -0.14569 
  0.02758   0.05330  -0.13173   0.01127 
  0.05478   0.03434  -0.03824  -0.06207 
  0.01557   0.05832   0.06482  -0.12478 
  0.02571   0.06576  -0.06390  -0.03599 
  0.02508   0.04220   0.01266  -0.07139 
  0.05537   0.03169   0.02361  -0.11253 
  0.06919   0.03610  -0.08305  -0.05145 
  0.05243   0.00709   0.03691  -0.09810 
  0.05828   0.03258   0.02361  -0.11774 
  0.06002   0.03522  -0.06390  -0.05145 
  0.03378   0.02903   0.03691  -0.09230 
  0.06577   0.03522   0.02540  -0.13375 
  0.04471   0.03081  -0.05843  -0.03238 
  0.05595   0.00048   0.03428  -0.09477 
  0.04829   0.05161   0.03516  -0.13375 
  0.07426   0.02093  -0.05518  -0.06439 
  0.04471  -0.01503   0.06235  -0.09312 
  0.03684   0.04564   0.04212  -0.11774 
  0.07927   0.01728  -0.06833  -0.05901 
  0.03562  -0.01602   0.08011  -0.09810 
  0.04290   0.03698   0.02180  -0.09810 
  0.08203   0.02814  -0.11779  -0.04035 
  0.01876  -0.02199   0.08717  -0.07852 
  0.06002   0.06082   0.00427  -0.13104 
  0.07816   0.02545  -0.07056  -0.06284 
  0.01364   0.02724   0.06482  -0.09147 
  0.04710   0.02724   0.03516  -0.10738 
  0.07257   0.03698  -0.11655  -0.03599 
  0.02633  -0.01701   0.08639  -0.09147 
  0.04769   0.04306   0.00615  -0.09643 
  0.06520  -0.00048  -0.07393  -0.02315 
  0.02696  -0.01899   0.04470  -0.05070 
  0.03928   0.07788  -0.01302  -0.10314 
  0.07314   0.04306  -0.10671  -0.04772 
  0.03378   0.01545   0.05655  -0.09894 
  0.04290   0.07628   0.01081  -0.12834 
  0.10245   0.01545  -0.10187  -0.06826 
  0.01106   0.03169   0.04982  -0.07772 
  0.04230   0.07387  -0.01107  -0.10483 
  0.07201   0.02365  -0.07961  -0.04698 
  0.00780   0.02184   0.05235  -0.06749 
  0.04109   0.08342  -0.01107  -0.11339 
