11 4 10 1 40 -1.4640 1.2951 2.0144 2218
  0.03786   0.01248  -0.10812   0.01815 
  0.05517   0.00407  -0.00738  -0.06074 
  0.01280   0.06638   0.03584  -0.09997 
  0.02174   0.05394  -0.08671  -0.00749 
  0.04571   0.01433   0.00313  -0.06535 
  0.04150   0.01891   0.03759  -0.09414 
  0.00301   0.07287  -0.10448   0.00651 
  0.04987   0.02972   0.00876  -0.08921 
  0.02801   0.05646   0.00595  -0.08272 
  0.02174   0.02525  -0.09373   0.01815 
  0.01601   0.00028   0.03321  -0.04274 
  0.00499   0.04972   0.03759  -0.07553 
  0.02363   0.03766  -0.08440   0.00189 
  0.04630   0.01156  -0.00641  -0.05617 
  0.02300   0.03591   0.04106  -0.08839 
  0.04690   0.01800  -0.07866  -0.01225 
  0.02988  -0.02219   0.03232  -0.04127 
  0.01409   0.05478   0.04279  -0.09663 
  0.02110   0.03415  -0.08555   0.00782 
  0.03111   0.02972  -0.00641  -0.05240 
  0.00630   0.05896   0.04877  -0.09663 
  0.05106   0.01063  -0.12427   0.01366 
  0.02863   0.04545  -0.05646  -0.02688 
  0.00696   0.07126   0.01614  -0.07951 
  0.05165  -0.00547  -0.10087   0.01172 
  0.03603  -0.01130   0.02251  -0.04866 
  0.01793   0.03503   0.03846  -0.07871 
  0.03419   0.02794  -0.07413  -0.00817 
  0.03296   0.01341   0.00124  -0.04717 
  0.02110   0.07126  -0.00353  -0.08031 
  0.04210   0.04630  -0.10207  -0.01500 
  0.06443  -0.02319   0.00218  -0.05921 
  0.05224   0.08006  -0.05863  -0.08676 
  0.05809   0.07207  -0.16677  -0.02055 
  0.04869   0.03940  -0.02413  -0.06924 
  0.03235   0.04630  -0.01814  -0.05921 
  0.06842   0.03415  -0.14368  -0.01363 
  0.04271   0.08322  -0.07076  -0.06846 
  0.04210   0.10694  -0.08324  -0.08353 
  0.08621   0.04114  -0.13972  -0.04421 
  0.08018   0.07768  -0.04156  -0.14033 
  0.04451   0.12731  -0.10690  -0.09332 
  0.06040   0.07448  -0.12427  -0.04866 
 -0.00230   0.04373  -0.03533  -0.00614 
  0.01280   0.08085  -0.06410  -0.03474 
  0.01793   0.00689  -0.13064   0.05251 
  0.02988   0.09791   0.06380  -0.19306 
 -0.03922   0.21861  -0.11426  -0.10165 
  0.53061  -3.34616  -3.34616  -3.34616 
 -2.70327  -3.34616   0.68598  -3.34616 
  0.08238   0.07045  -0.03947  -0.13758 
  0.05106   0.07688  -0.13451  -0.03330 
  0.02676   0.01709   0.03232  -0.06846 
  0.03419   0.08085  -0.00353  -0.10758 
  0.04987   0.02883  -0.07866  -0.02405 
  0.02110   0.04801   0.07912  -0.13758 
  0.03419   0.04887   0.00689  -0.08433 
  0.06672   0.03503  -0.06410  -0.05997 
  0.01793   0.02615   0.04019  -0.07237 
  0.01729   0.07688  -0.00353  -0.08111 
  0.03542   0.04972  -0.06410  -0.03330 
  0.01920  -0.00547   0.06380  -0.06924 
  0.02110   0.06062   0.00782  -0.07951 
  0.03664   0.00501  -0.04894  -0.00952 
  0.02925   0.03327   0.00124  -0.05921 
  0.00696   0.08791  -0.01420  -0.07080 
  0.05282   0.02972  -0.04788  -0.04866 
  0.00037   0.04287   0.03409  -0.06074 
  0.02739   0.08557   0.00218  -0.10843 
  0.06098   0.04114  -0.05863  -0.06150 
  0.05867   0.00501   0.00595  -0.07712 
  0.04090   0.03415  -0.00932  -0.06613 
  0.04210   0.05562  -0.06190  -0.04791 
  0.02110   0.02615   0.01154  -0.05165 
  0.02489   0.06964  -0.00835  -0.07951 
  0.04150   0.07207  -0.09610  -0.03981 
  0.01537   0.03238   0.02610  -0.06227 
  0.03481   0.03591   0.01614  -0.08111 
  0.04571   0.02435  -0.01420  -0.05997 
  0.01601   0.04630   0.03759  -0.08595 
  0.02614   0.05562  -0.00835  -0.06768 
  0.02925   0.05562  -0.05972  -0.03402 
  0.01729   0.04801   0.05047  -0.10165 
  0.04451   0.04287  -0.00353  -0.08353 
  0.01857   0.07368  -0.05430  -0.04127 
 -0.01932   0.05646   0.01247  -0.03330 
  0.01920   0.07287  -0.01420  -0.07080 
  0.02863   0.07848  -0.04682  -0.06304 
  0.00169   0.03853   0.02878  -0.05390 
  0.01086   0.03766   0.02341  -0.05921 
  0.02426   0.06310  -0.06631  -0.03043 
  0.01665   0.01983   0.02967  -0.05617 
  0.04987   0.01248   0.00969  -0.07474 
  0.01601   0.05310  -0.03843  -0.03115 
  0.01086   0.00689   0.04622  -0.05315 
  0.03173   0.05813  -0.00932  -0.07632 
  0.03664   0.06474  -0.05754  -0.05240 
  0.00235   0.05729   0.00501  -0.05165 
  0.03358   0.03061  -0.01029  -0.05315 
