IntronPotTab 1 1024 0.70951
   -0.02453
    0.06736
   -0.07078
    0.03143
    0.01942
    0.03374
   -0.06577
    0.00021
   -0.00962
    0.02287
    0.01923
   -0.03607
   -0.04141
   -0.01057
   -0.00072
    0.06231
   -0.02615
    0.04230
   -0.05065
    0.03653
   -0.02397
    0.06059
   -0.03827
   -0.01688
   -0.02797
    0.00360
    0.00503
    0.02328
    0.03623
   -0.03323
    0.02836
   -0.02305
   -0.10414
    0.04714
    0.03993
   -0.00303
    0.01667
    0.03610
   -0.06474
   -0.00165
   -0.00855
    0.00614
    0.05126
   -0.06026
   -0.07687
   -0.01155
    0.07446
   -0.04005
   -0.08538
    0.03395
   -0.02177
    0.03793
   -0.00783
    0.04622
   -0.08198
    0.02287
   -0.01555
   -0.00394
    0.00643
    0.01081
   -0.05317
    0.00259
    0.00556
    0.02707
    0.01874
    0.01889
   -0.05460
    0.02795
    0.06257
   -0.02899
   -0.05936
    0.00997
    0.04209
   -0.02315
   -0.03091
    0.01557
   -0.00281
   -0.02419
    0.02026
    0.00182
   -0.01731
    0.03129
   -0.05416
    0.04034
   -0.01349
    0.05604
   -0.05462
   -0.01253
   -0.02052
   -0.01802
    0.01110
    0.03443
    0.10512
   -0.04615
    0.00030
    0.00418
    0.01754
   -0.01579
   -0.05235
    0.09328
    0.05144
   -0.02531
   -0.03934
    0.02161
    0.04209
   -0.04840
    0.03059
   -0.00436
   -0.04211
   -0.04181
    0.03303
    0.04837
   -0.10443
   -0.02572
    0.05120
    0.05890
   -0.09477
    0.06854
   -0.10280
    0.10459
   -0.06466
    0.00517
   -0.01131
    0.05695
   -0.04772
   -0.06906
    0.03547
    0.03216
    0.01334
    0.02195
   -0.06858
    0.07467
    0.04300
    0.00878
   -0.08543
    0.02822
    0.02984
   -0.06246
   -0.01673
    0.04620
    0.01373
   -0.04046
    0.00720
    0.02841
    0.00624
   -0.00397
   -0.03295
    0.04557
   -0.01708
    0.02582
   -0.03582
    0.02698
   -0.00065
   -0.06003
    0.02118
    0.04629
    0.11800
   -0.07870
    0.02761
   -0.02033
    0.03849
   -0.05650
   -0.00712
    0.03625
    0.05192
   -0.04544
   -0.05730
    0.05252
    0.04754
   -0.10345
    0.07172
   -0.02497
   -0.09714
   -0.04898
    0.04188
    0.06568
   -0.03468
   -0.01487
   -0.00828
    0.05243
   -0.01130
    0.01649
   -0.09338
    0.08621
   -0.08101
   -0.00306
    0.01140
    0.05367
    0.00082
   -0.06150
    0.01759
    0.03590
   -0.05969
    0.06125
   -0.03465
    0.00530
   -0.00280
    0.03032
   -0.07696
    0.02625
   -0.01885
    0.01324
    0.01921
   -0.01571
   -0.04823
    0.00120
    0.01154
    0.02325
   -0.05895
    0.05432
   -0.01574
    0.01570
   -0.03779
    0.07396
   -0.05701
    0.00421
   -0.08461
    0.03286
    0.03865
    0.00499
    0.04022
   -0.02406
    0.02378
   -0.02161
   -0.05970
    0.01277
    0.01250
    0.01962
   -0.06678
    0.02579
   -0.01619
    0.04805
   -0.01145
   -0.01719
    0.04086
   -0.01153
   -0.17813
   -0.01907
    0.09132
    0.01921
   -0.12094
    0.03532
   -0.01401
    0.03953
   -0.00474
    0.03319
   -0.07073
    0.02148
   -0.08248
    0.00344
    0.02706
    0.03780
   -0.03745
   -0.00149
    0.00106
    0.02598
   -0.02393
    0.05261
   -0.08174
    0.06327
   -0.03827
    0.06191
   -0.08641
    0.04833
   -0.00868
    0.01368
   -0.05654
    0.06260
   -0.05832
    0.02953
   -0.02631
    0.06649
   -0.03793
    0.06452
   -0.07363
    0.03308
   -0.05441
    0.07825
   -0.08850
    0.05047
   -0.02036
    0.00203
   -0.00102
    0.02269
   -0.01981
    0.00127
   -0.00417
    0.01749
   -0.02042
    0.00423
    0.01551
   -0.00483
   -0.02120
    0.02241
   -0.06493
    0.05330
    0.00232
   -0.01463
    0.01410
    0.00145
   -0.08673
    0.00057
    0.03295
    0.02884
   -0.01970
    0.01294
   -0.07444
    0.05440
   -0.03814
    0.03725
   -0.09602
    0.06900
    0.00356
   -0.01010
   -0.04385
    0.05063
   -0.03444
    0.00385
   -0.02562
    0.06059
    0.00311
    0.03217
   -0.07870
    0.07081
    0.01172
    0.02055
   -0.11456
    0.03878
    0.01465
   -0.01720
   -0.03738
    0.04196
   -0.03093
   -0.00223
   -0.01786
    0.04251
    0.00656
    0.05802
   -0.11723
    0.04711
   -0.08760
    0.14238
   -0.16226
    0.01843
   -0.04049
   -0.01419
    0.01710
    0.04583
    0.03886
   -0.00957
   -0.03873
    0.03163
    0.04182
   -0.03222
   -0.05437
    0.09268
    0.04514
   -0.03128
   -0.07580
    0.06645
    0.01219
   -0.04192
    0.03118
    0.01691
   -0.05348
   -0.03733
    0.02591
    0.05784
   -0.05545
   -0.00368
   -0.00646
    0.05179
   -0.01999
    0.05821
   -0.18444
    0.11654
   -0.04221
    0.01249
   -0.05885
    0.07818
    0.01803
    0.03150
   -0.08620
    0.07947
    0.03098
    0.01926
   -0.09000
    0.06331
    0.02293
    0.01275
   -0.11225
    0.08314
    0.01443
   -0.00879
   -0.05485
    0.06581
   -0.00669
    0.03659
   -0.06189
    0.05821
   -0.02753
    0.04406
   -0.06043
    0.05224
   -0.01259
    0.06888
   -0.07494
    0.03056
   -0.02181
   -0.04127
   -0.03298
    0.10275
    0.07967
   -0.05263
   -0.00646
    0.03211
   -0.04332
   -0.00562
    0.01630
    0.02364
   -0.00158
    0.01060
   -0.08031
    0.09052
    0.03500
   -0.06288
    0.01110
    0.02156
   -0.06512
   -0.01814
    0.00997
    0.06045
   -0.04490
   -0.02029
   -0.02694
    0.08358
   -0.01917
    0.02085
   -0.11717
    0.11936
   -0.06850
    0.00385
   -0.02721
    0.08018
    0.01366
   -0.05628
   -0.01501
    0.08573
   -0.00869
    0.00186
    0.01903
   -0.01441
    0.01119
    0.02920
   -0.08046
    0.01636
   -0.00533
    0.01567
   -0.01988
    0.00678
   -0.04344
    0.03140
   -0.01852
    0.00662
   -0.02844
   -0.00793
   -0.02480
    0.06458
   -0.03293
    0.11007
   -0.09159
   -0.02088
   -0.05733
    0.02017
   -0.00308
    0.03781
    0.01498
    0.01309
   -0.02529
    0.00093
   -0.01841
    0.00220
   -0.01375
    0.03090
    0.00999
    0.02250
   -0.06188
    0.01450
   -0.00172
   -0.00528
    0.00161
    0.00640
   -0.11839
    0.00324
    0.04850
    0.01666
   -0.02458
   -0.05037
    0.01009
    0.06640
   -0.03815
    0.09527
   -0.14617
    0.00626
   -0.04575
    0.01439
   -0.01209
    0.04297
    0.00615
    0.04402
   -0.04814
    0.02540
   -0.10164
    0.04630
   -0.00509
    0.01840
   -0.01122
    0.06963
   -0.07657
    0.02062
   -0.03838
   -0.02361
    0.05428
   -0.00588
   -0.03151
    0.01030
   -0.00226
    0.02609
   -0.04531
    0.00565
    0.00195
    0.03823
    0.00045
    0.03849
   -0.04573
    0.00049
   -0.06575
   -0.01658
    0.02578
    0.07537
    0.02284
   -0.05649
    0.03175
    0.00098
   -0.07627
    0.01875
    0.04678
   -0.01194
    0.02393
   -0.00549
   -0.04757
    0.02335
   -0.02247
   -0.03679
    0.06749
   -0.01499
   -0.08662
   -0.02606
    0.06802
   -0.00597
   -0.05147
    0.00417
   -0.01569
    0.04419
    0.00944
    0.00362
   -0.04909
    0.02848
   -0.05652
   -0.05644
    0.04911
    0.05021
   -0.05527
   -0.02290
    0.01407
    0.04383
   -0.02312
    0.05044
   -0.05460
    0.03445
    0.03847
   -0.01666
   -0.07287
    0.04223
    0.01599
   -0.05527
   -0.01119
    0.06494
   -0.00965
   -0.01964
    0.00201
    0.02735
   -0.06270
    0.04509
   -0.04039
    0.05449
    0.00730
    0.06241
   -0.08697
   -0.00424
   -0.03007
   -0.03582
    0.01726
    0.05788
    0.06650
   -0.06853
    0.00710
    0.03638
   -0.02419
   -0.02902
   -0.03167
    0.09953
    0.05699
   -0.00559
   -0.06746
    0.01554
    0.00141
   -0.07165
    0.04424
    0.04301
   -0.03094
   -0.05051
    0.03951
    0.03674
   -0.12145
    0.00841
    0.00458
    0.06173
   -0.03898
    0.02202
   -0.10703
    0.11794
   -0.06873
   -0.03097
   -0.00306
    0.09207
   -0.06421
   -0.03015
    0.00022
    0.07606
   -0.02751
   -0.05004
    0.01443
    0.05404
    0.00888
    0.01144
   -0.10619
    0.10089
   -0.00481
   -0.04769
   -0.02416
    0.09945
   -0.00180
   -0.03376
   -0.00536
    0.05803
   -0.07626
   -0.02339
    0.00802
    0.08286
   -0.01607
    0.05490
   -0.06101
    0.03147
   -0.02323
   -0.04804
   -0.01023
    0.08121
    0.05498
   -0.05554
   -0.00173
    0.02572
   -0.01539
   -0.04926
    0.01803
    0.03536
    0.03327
   -0.01476
   -0.07086
    0.05274
   -0.03290
   -0.11044
    0.11908
   -0.03533
   -0.06269
   -0.06021
    0.01909
    0.07156
   -0.11884
   -0.01271
   -0.00155
    0.08274
   -0.00961
   -0.00693
   -0.09243
    0.10797
   -0.08992
   -0.04748
    0.00290
    0.10633
   -0.02295
   -0.04828
   -0.00294
    0.07409
   -0.01348
    0.07897
   -0.15378
    0.06171
    0.02642
    0.03720
   -0.12555
    0.03030
   -0.02683
    0.04491
   -0.02066
    0.00013
   -0.00782
   -0.00255
   -0.02585
    0.04186
   -0.03870
    0.08904
   -0.13299
    0.06782
   -0.00942
    0.07174
   -0.06529
   -0.00439
   -0.05981
   -0.00115
    0.02418
    0.03496
    0.02429
   -0.03109
    0.00258
    0.01730
    0.03282
    0.07724
   -0.19348
    0.09452
    0.06180
   -0.03298
   -0.11329
    0.05651
    0.00687
    0.01298
   -0.02372
    0.00143
   -0.03530
   -0.06373
    0.05769
    0.01371
   -0.09991
    0.06276
   -0.11502
    0.09131
    0.02901
   -0.02150
   -0.09377
    0.05843
   -0.10127
   -0.00795
    0.03217
    0.05796
   -0.02890
    0.00859
   -0.01941
    0.05010
   -0.03000
    0.05422
   -0.04917
    0.00879
   -0.02520
    0.04149
   -0.07292
    0.05507
    0.02550
   -0.00119
    0.03324
   -0.09237
   -0.03953
    0.01872
   -0.00240
    0.01974
   -0.04163
    0.01955
   -0.03671
    0.06106
   -0.04332
    0.06368
   -0.08519
    0.04643
   -0.01493
   -0.03110
    0.06012
   -0.01911
   -0.03390
    0.00059
    0.02007
   -0.00691
   -0.01714
    0.01268
    0.02251
   -0.03041
   -0.03698
    0.01060
   -0.04686
    0.06342
    0.01835
   -0.00135
    0.03509
   -0.06023
   -0.11142
    0.00624
    0.05890
    0.00607
   -0.01029
   -0.01173
   -0.02531
    0.03698
   -0.03102
   -0.01155
   -0.08383
    0.10940
    0.00742
   -0.04488
    0.05524
   -0.02232
   -0.09091
    0.00918
    0.00405
    0.04878
    0.00593
    0.03550
   -0.08430
    0.06107
    0.02690
   -0.00986
   -0.12120
    0.07753
    0.05161
   -0.05014
   -0.01574
    0.02565
   -0.02843
   -0.05023
    0.01417
    0.06723
   -0.00630
    0.02706
   -0.08245
    0.06777
   -0.03233
    0.06988
   -0.13035
    0.03599
   -0.01780
   -0.04207
    0.02591
    0.04657
    0.11488
   -0.05090
   -0.00526
    0.02792
    0.03544
   -0.03602
   -0.02724
    0.06776
    0.06170
   -0.03747
   -0.10415
    0.08688
    0.01993
   -0.07265
    0.07165
    0.01277
   -0.04085
   -0.07184
    0.08131
    0.04856
   -0.05972
   -0.01046
   -0.00091
    0.05547
   -0.00467
    0.01402
   -0.15653
    0.11192
   -0.04747
   -0.01317
   -0.02884
    0.08547
    0.04668
   -0.03894
   -0.01726
    0.07174
    0.04880
    0.00520
   -0.06099
    0.03541
    0.01727
    0.02749
   -0.10984
    0.06659
    0.04776
   -0.02300
    0.00140
   -0.03232
   -0.01350
    0.02464
   -0.05763
    0.07454
   -0.01312
    0.00999
   -0.05519
    0.06346
   -0.00696
    0.02444
   -0.11071
    0.09573
    0.02618
   -0.05883
   -0.01401
    0.06073
    0.06268
   -0.04200
   -0.01430
    0.03579
   -0.03057
   -0.01259
    0.01348
    0.02243
    0.03792
   -0.02218
   -0.08659
    0.07925
    0.03044
   -0.04577
    0.02314
   -0.00639
   -0.06483
   -0.02953
    0.00618
    0.07364
   -0.03422
   -0.01156
   -0.03986
    0.07454
   -0.03611
    0.00056
   -0.10654
    0.13534
   -0.06097
   -0.00982
   -0.00104
    0.05606
   -0.04910
   -0.01946
   -0.02102
    0.09318
    0.03526
    0.00182
   -0.05083
    0.01987
   -0.00448
    0.02962
   -0.11285
    0.05941
   -0.00704
   -0.02624
    0.05631
   -0.02266
   -0.07875
   -0.01208
    0.01900
    0.04245
   -0.04864
    0.04150
   -0.02741
    0.03368
   -0.05969
    0.09562
   -0.11186
    0.02731
   -0.05104
   -0.01901
    0.02074
    0.04600
    0.05228
   -0.00971
    0.01212
   -0.02663
    0.03373
   -0.04407
   -0.01079
    0.03561
    0.04254
   -0.01877
   -0.06636
    0.04049
    0.03662
   -0.06576
    0.05173
   -0.01857
   -0.15768
   -0.03284
    0.08435
    0.01836
   -0.05718
   -0.02126
    0.00644
    0.05539
    0.00385
    0.00404
   -0.07524
    0.05288
   -0.06621
   -0.00651
    0.02267
    0.03770
   -0.02307
   -0.03064
   -0.00253
    0.05665
