IntronPotTab 1 1024 1.59003
    0.02697
   -0.07936
   -0.07745
    0.00475
    0.00311
   -0.11243
   -0.07692
    0.04682
   -0.01155
   -0.07086
   -0.05714
    0.04919
    0.03944
   -0.12844
   -0.11281
    0.02205
   -0.00067
   -0.01783
   -0.14815
    0.04391
   -0.07364
    0.06537
    0.07360
    0.06046
   -0.02575
    0.10161
   -0.00978
   -0.00552
    0.04794
   -0.11078
   -0.13634
    0.02319
   -0.00980
   -0.02883
   -0.02678
    0.03018
   -0.04119
    0.02335
    0.13297
    0.00695
   -0.03791
    0.06146
    0.09025
   -0.01336
    0.02423
   -0.08105
   -0.04698
    0.00965
   -0.00585
   -0.08850
   -0.07478
    0.03902
    0.00902
   -0.12524
   -0.03280
    0.03657
    0.00709
   -0.05700
   -0.15993
    0.06241
    0.04269
   -0.16627
   -0.13405
    0.03269
    0.02809
   -0.09210
   -0.12085
    0.03149
    0.04183
   -0.14594
   -0.07539
    0.04683
   -0.01826
   -0.07009
   -0.04597
    0.07363
    0.05826
   -0.10788
   -0.13042
    0.01962
   -0.01078
   -0.00068
   -0.13701
    0.05523
   -0.09224
    0.05006
    0.06312
    0.04999
   -0.03011
    0.13785
   -0.02242
   -0.05001
    0.01269
   -0.03131
   -0.11885
    0.04798
   -0.02889
    0.06429
    0.01371
   -0.00809
   -0.10853
    0.09682
    0.07925
   -0.04174
   -0.13194
    0.17724
    0.01603
   -0.05792
    0.02660
    0.01389
   -0.07038
    0.00306
    0.00051
   -0.06951
   -0.07785
    0.04156
    0.00781
   -0.11615
   -0.02756
    0.05218
   -0.00495
   -0.02373
   -0.08070
    0.04842
    0.03322
   -0.13388
   -0.17356
    0.05481
    0.03751
   -0.10834
   -0.07293
    0.01047
    0.00264
   -0.08658
    0.03674
    0.02044
    0.02227
   -0.07832
   -0.04704
    0.02316
    0.05892
   -0.12361
   -0.10996
    0.01915
   -0.02327
    0.00899
   -0.07412
    0.04715
   -0.11884
    0.09471
    0.18696
   -0.01603
   -0.10478
    0.13358
    0.05820
   -0.04703
    0.00220
   -0.09818
   -0.11083
    0.07649
    0.01279
    0.01975
   -0.03772
   -0.00486
   -0.13702
    0.10226
    0.20971
   -0.05153
   -0.05538
    0.11272
    0.06763
   -0.04444
   -0.02635
    0.07247
   -0.07739
    0.04869
   -0.00211
   -0.06625
   -0.04935
    0.03861
    0.00916
   -0.10144
    0.01738
    0.02186
   -0.01824
   -0.00921
   -0.09985
    0.06930
    0.04098
   -0.14436
   -0.14745
    0.04843
   -0.00869
   -0.04553
   -0.06922
    0.03614
    0.01107
   -0.10197
   -0.07746
    0.03883
   -0.01530
   -0.09822
   -0.05277
    0.05808
    0.06426
   -0.12835
   -0.14622
   -0.00046
   -0.02431
   -0.01340
   -0.16988
    0.06439
   -0.08481
    0.08619
    0.08739
    0.04255
   -0.04208
    0.10698
    0.01402
   -0.01581
    0.03145
   -0.06085
   -0.17491
    0.03582
   -0.04588
    0.04976
    0.00129
    0.02871
   -0.01166
   -0.00193
    0.14732
   -0.02017
   -0.04540
    0.09673
    0.00863
    0.00572
    0.03472
   -0.03428
   -0.03151
   -0.00995
   -0.00345
   -0.07228
   -0.13171
    0.04380
   -0.01171
   -0.08221
   -0.05348
    0.04683
    0.00307
   -0.02971
   -0.17220
    0.05405
    0.03709
   -0.12150
   -0.15900
    0.03245
    0.01830
   -0.01416
   -0.07729
    0.00223
   -0.05421
    0.02928
    0.03989
    0.05654
   -0.05308
    0.03896
    0.05592
    0.02495
    0.00837
   -0.01946
   -0.09377
    0.02752
   -0.07042
    0.10122
   -0.07989
    0.06004
   -0.13689
    0.18710
    0.18486
    0.06850
   -0.10320
    0.21822
    0.11895
   -0.06785
   -0.01992
   -0.00029
   -0.08122
    0.03061
   -0.04938
    0.12500
    0.01723
    0.01391
   -0.15908
    0.18095
    0.34286
   -0.03872
   -0.11658
    0.24522
    0.17325
   -0.07200
   -0.02465
    0.02049
    0.01771
    0.00924
   -0.00309
   -0.06893
   -0.07801
    0.03730
   -0.05468
   -0.01502
    0.10162
    0.04955
    0.01232
    0.00865
   -0.10048
    0.02726
    0.00051
   -0.06494
   -0.12383
    0.04411
    0.01441
   -0.05054
   -0.06043
    0.02738
   -0.00471
   -0.10932
    0.08772
    0.06546
   -0.05342
    0.09795
    0.00483
   -0.02311
    0.03764
   -0.05387
   -0.03683
    0.00820
   -0.03336
    0.08094
    0.04350
   -0.01829
   -0.17538
    0.10127
    0.18198
    0.02841
   -0.05174
    0.13246
    0.04527
   -0.15923
   -0.00039
   -0.04957
    0.01260
    0.01894
   -0.09847
    0.12189
    0.09040
   -0.05115
   -0.12653
    0.06319
    0.10242
   -0.10290
   -0.14216
    0.14375
    0.10536
   -0.11213
   -0.07160
    0.11160
    0.06538
   -0.06243
   -0.05779
   -0.00668
   -0.07457
    0.07211
   -0.02960
   -0.09106
    0.17577
    0.02748
   -0.04396
    0.16177
   -0.04643
   -0.01854
    0.05124
   -0.07414
   -0.11780
    0.03926
    0.00994
    0.06533
   -0.01411
   -0.03756
   -0.11305
    0.10946
    0.14916
   -0.10629
   -0.07453
    0.08199
    0.10932
   -0.08234
   -0.01178
    0.08731
   -0.02731
   -0.01702
   -0.05863
    0.08489
    0.08902
   -0.02852
   -0.17101
    0.04611
    0.11691
   -0.05050
   -0.08669
    0.07020
    0.05784
   -0.13610
   -0.09446
    0.03975
    0.07826
   -0.01568
   -0.05374
    0.19296
   -0.02203
   -0.02207
   -0.25501
    0.07783
    0.14505
   -0.11026
   -0.20159
    0.16683
    0.10546
   -0.12232
   -0.13765
    0.17812
    0.01357
   -0.01157
    0.00673
   -0.05244
   -0.00958
    0.01436
   -0.05204
    0.02297
    0.15867
   -0.07208
   -0.02802
    0.04240
    0.00849
    0.00053
    0.03251
   -0.04363
   -0.08459
    0.02385
   -0.02575
    0.02685
   -0.03915
    0.03019
   -0.03655
   -0.02686
   -0.00273
    0.05156
   -0.02486
   -0.06948
   -0.04776
    0.06462
    0.02633
   -0.04817
   -0.11238
    0.02050
   -0.03643
    0.05348
   -0.10830
    0.04501
   -0.09083
    0.16540
    0.06725
    0.03195
   -0.04002
    0.14202
    0.12068
   -0.11664
    0.00266
    0.02805
   -0.16912
    0.02496
   -0.05000
    0.17731
    0.02672
   -0.01618
   -0.10548
    0.08638
    0.33187
   -0.07072
   -0.08904
    0.31781
    0.18427
   -0.14977
   -0.04139
    0.09410
    0.02602
   -0.00966
    0.00290
   -0.09437
   -0.09146
    0.04319
   -0.04774
   -0.00874
    0.07205
    0.03631
   -0.00910
    0.01335
   -0.14122
    0.05537
    0.00428
   -0.10475
   -0.13624
    0.04825
    0.02379
   -0.06505
   -0.06132
    0.01010
   -0.01868
   -0.06620
    0.06055
    0.03835
   -0.03249
   -0.00393
    0.03056
    0.03290
    0.06368
   -0.13389
   -0.03296
   -0.00729
   -0.03246
    0.04025
   -0.03231
    0.03438
   -0.15125
    0.09868
    0.25133
    0.02070
   -0.09461
    0.20830
    0.11198
   -0.12006
    0.03214
   -0.07022
   -0.00934
   -0.00058
   -0.02040
    0.00187
    0.05073
    0.00270
   -0.11082
    0.09664
    0.32174
   -0.07507
   -0.08617
    0.17272
    0.12507
   -0.03935
    0.01921
   -0.05810
    0.03129
   -0.01514
    0.00722
   -0.09868
   -0.02393
    0.02505
   -0.00707
   -0.12121
    0.18366
    0.00207
   -0.00971
   -0.01759
   -0.07746
    0.06100
    0.06970
   -0.14715
   -0.06899
    0.01265
    0.01742
   -0.05967
   -0.02146
    0.01287
    0.00390
   -0.07103
    0.06997
    0.01727
   -0.04556
   -0.06267
    0.15071
   -0.01380
    0.03815
   -0.08356
    0.06957
   -0.01994
   -0.07041
    0.06911
    0.11241
   -0.01130
   -0.19868
    0.04895
    0.19327
   -0.00555
   -0.03805
    0.10587
    0.01102
   -0.11519
   -0.03098
   -0.03221
    0.11086
   -0.02464
   -0.10158
    0.14144
    0.07270
   -0.05983
   -0.10705
    0.04190
    0.08494
   -0.07896
   -0.15459
    0.11825
    0.04206
   -0.12901
   -0.08201
    0.13493
    0.02901
   -0.07102
   -0.02617
   -0.03508
   -0.01518
    0.04530
    0.00664
   -0.12775
    0.21858
   -0.00512
   -0.01809
   -0.03818
    0.08897
   -0.02699
    0.08811
   -0.09587
   -0.08687
    0.02304
    0.05083
   -0.08319
   -0.03457
   -0.02524
   -0.05366
   -0.06565
    0.21660
   -0.01539
   -0.00684
    0.01269
    0.02920
   -0.02471
    0.06903
   -0.09994
   -0.02396
   -0.01961
   -0.01774
    0.03651
    0.00332
    0.00309
   -0.18596
    0.07328
    0.18120
   -0.03007
   -0.09829
    0.08340
    0.08596
   -0.12455
   -0.03972
   -0.02571
    0.06563
   -0.00785
    0.00784
    0.02135
   -0.00574
   -0.01730
   -0.24425
    0.08492
    0.21726
   -0.13014
   -0.10780
    0.13628
    0.09065
   -0.04224
   -0.04262
    0.07528
   -0.00648
    0.01312
   -0.00481
   -0.06965
    0.03209
    0.01873
    0.02258
   -0.17215
    0.22118
   -0.06953
    0.00174
    0.06063
   -0.07327
    0.02556
    0.09901
   -0.12215
   -0.06005
   -0.00360
    0.00951
   -0.04628
   -0.10103
    0.02813
   -0.00463
   -0.09863
   -0.08658
    0.06427
   -0.02284
   -0.10710
   -0.01955
    0.06152
    0.06951
   -0.11603
   -0.14977
    0.01454
   -0.04273
    0.03367
   -0.03225
    0.03791
   -0.12773
    0.10002
    0.22648
    0.02103
   -0.04702
    0.13105
    0.11046
   -0.10860
    0.03009
   -0.04952
   -0.03806
    0.00741
   -0.05762
    0.08860
    0.03373
    0.01855
   -0.04440
    0.04387
    0.25606
   -0.06027
   -0.06541
    0.16827
    0.13211
   -0.04292
    0.01130
    0.00207
    0.04342
   -0.02377
    0.00513
   -0.07628
   -0.06536
    0.03236
   -0.01874
   -0.08971
    0.16688
    0.02216
   -0.02090
   -0.01634
   -0.12902
    0.06851
    0.04798
   -0.13495
   -0.08641
    0.02586
    0.01247
   -0.03861
   -0.11367
    0.02415
   -0.00942
   -0.02999
   -0.08712
    0.03811
   -0.00971
    0.01402
   -0.06271
    0.02973
    0.02735
   -0.06429
   -0.16011
    0.03545
   -0.03181
    0.02070
   -0.21453
    0.07155
   -0.05186
    0.06729
    0.00721
    0.04735
   -0.03823
    0.10019
   -0.03346
    0.01098
    0.02524
   -0.07549
   -0.17187
    0.03631
   -0.01906
    0.00498
   -0.04835
    0.03943
   -0.03323
    0.05613
    0.11846
   -0.00570
   -0.03360
    0.06472
    0.09141
   -0.01742
    0.00878
   -0.05502
   -0.09839
    0.03546
   -0.02946
   -0.07215
   -0.13730
    0.05813
   -0.01109
   -0.05972
   -0.07157
    0.04382
   -0.01584
   -0.04618
   -0.16511
    0.08005
    0.02318
   -0.11331
   -0.16720
    0.03834
    0.02736
   -0.11060
   -0.10780
    0.04382
    0.03191
   -0.11527
   -0.04661
    0.04467
   -0.02389
   -0.05001
   -0.00544
    0.05930
    0.03751
   -0.14699
   -0.07220
    0.04547
   -0.01715
    0.02674
   -0.10583
    0.04137
   -0.10408
    0.05754
    0.04430
    0.07442
   -0.04692
    0.14346
    0.00661
   -0.05858
    0.05290
   -0.07597
   -0.18478
    0.06391
   -0.04811
    0.07205
    0.03701
   -0.00544
   -0.14369
    0.09520
    0.13955
   -0.08228
   -0.16130
    0.17582
    0.03588
   -0.08654
   -0.00415
    0.03373
   -0.08465
    0.01874
   -0.02129
   -0.07548
   -0.13330
    0.07443
   -0.00011
   -0.10480
    0.01371
    0.05004
   -0.03154
    0.01526
   -0.07142
    0.06016
    0.07438
   -0.17994
   -0.18496
    0.06399
    0.03824
   -0.05737
   -0.10307
    0.01660
   -0.00709
    0.04137
   -0.00556
   -0.00523
    0.01386
   -0.03033
   -0.05464
    0.02976
    0.04736
   -0.06351
   -0.16046
    0.04478
   -0.02267
    0.04523
   -0.12518
    0.04797
   -0.03708
   -0.00296
    0.10399
    0.00225
   -0.17417
    0.18754
    0.02374
   -0.06618
    0.01635
   -0.09944
   -0.16259
    0.08761
    0.01938
    0.03401
   -0.04473
   -0.01262
   -0.08420
    0.09603
    0.19072
   -0.07124
   -0.07710
    0.13716
    0.02497
    0.00257
    0.03314
    0.04144
   -0.14214
    0.03850
   -0.00861
   -0.06683
   -0.08113
    0.05233
    0.01435
   -0.10314
    0.02499
    0.01792
   -0.01156
   -0.05838
   -0.15792
    0.09174
    0.05376
   -0.15324
   -0.18767
    0.06462
   -0.00809
   -0.02333
   -0.08506
    0.03458
   -0.01579
   -0.05855
   -0.09133
    0.05630
   -0.02945
   -0.10085
   -0.07694
    0.08678
    0.02020
   -0.09417
   -0.13697
    0.03687
   -0.00899
    0.01122
   -0.21306
    0.05033
   -0.11027
    0.09088
    0.06950
    0.06267
   -0.02982
    0.08826
    0.04185
   -0.02454
    0.02988
   -0.04569
   -0.22016
    0.03725
   -0.03030
    0.03334
   -0.02654
    0.02712
   -0.01419
    0.01519
    0.13417
   -0.02412
   -0.05295
    0.08709
    0.02011
    0.01384
    0.00678
   -0.02571
   -0.09404
    0.02513
   -0.00437
   -0.07518
   -0.18260
    0.05282
   -0.03207
   -0.04836
   -0.05955
    0.05102
   -0.01377
   -0.04307
   -0.17653
    0.07138
    0.01315
   -0.13075
   -0.15054
    0.04707
