IntronPotTab 1 1024 1.77782
    0.04197
    0.08501
   -0.19031
    0.09994
   -0.03883
    0.03243
   -0.05762
    0.04439
    0.02965
    0.01382
   -0.02890
   -0.01462
   -0.01885
    0.00737
   -0.02081
    0.03086
    0.02209
    0.08175
   -0.17200
    0.04451
   -0.06256
    0.09761
   -0.11347
   -0.00334
    0.00435
    0.03932
   -0.04036
   -0.00528
   -0.05168
   -0.02174
    0.02924
    0.02037
    0.03714
   -0.03024
   -0.03733
    0.02122
    0.01582
   -0.04822
   -0.02265
    0.04631
    0.02467
   -0.03514
    0.03293
   -0.06854
   -0.05789
   -0.00512
    0.00594
    0.03371
    0.05208
   -0.00915
   -0.13752
    0.06677
   -0.02796
    0.00818
   -0.05356
    0.06986
    0.02639
    0.07409
   -0.06162
   -0.03978
   -0.08205
   -0.01534
   -0.04647
    0.07828
    0.11011
    0.01454
   -0.17151
    0.10597
    0.06613
   -0.03779
   -0.09709
    0.03731
    0.07883
   -0.02808
   -0.05356
   -0.00002
   -0.03186
   -0.00718
   -0.05315
    0.09150
    0.03068
    0.03344
   -0.23045
    0.10155
   -0.07501
    0.10234
   -0.14154
    0.01645
   -0.02657
    0.06630
   -0.08232
    0.04010
    0.01944
   -0.01399
   -0.12393
    0.07417
    0.11523
   -0.03729
   -0.15614
    0.08977
    0.08247
   -0.10008
   -0.04200
    0.05155
    0.04283
   -0.05479
    0.02600
   -0.02369
   -0.02071
   -0.04907
   -0.01839
    0.08581
    0.24355
   -0.11511
   -0.08862
    0.04357
    0.01253
    0.03095
   -0.12149
    0.06948
    0.30147
   -0.12145
   -0.23931
   -0.12131
    0.07923
    0.01712
   -0.07490
    0.03454
    0.06758
   -0.05465
   -0.06236
    0.05937
    0.06019
   -0.04541
   -0.08820
    0.10275
    0.08095
   -0.04519
   -0.07000
   -0.01688
    0.07427
   -0.04592
   -0.04002
    0.09767
    0.02764
   -0.00155
   -0.09814
    0.09070
   -0.01335
    0.06985
   -0.08061
    0.00789
    0.02180
    0.01778
   -0.03226
   -0.01902
    0.06791
   -0.05912
    0.03669
    0.00952
    0.07366
   -0.06382
   -0.04604
    0.01039
    0.03722
   -0.10531
   -0.01489
    0.06273
    0.02364
   -0.05139
    0.02362
   -0.04667
   -0.01458
   -0.04053
   -0.00259
    0.05123
    0.04748
   -0.08775
    0.00032
    0.06762
   -0.01034
    0.00966
   -0.06404
    0.07682
   -0.00140
    0.04197
   -0.02058
   -0.00068
    0.02744
   -0.01980
   -0.04883
    0.07716
    0.05393
    0.05156
   -0.13917
    0.00691
   -0.02324
    0.02727
   -0.09674
    0.07371
   -0.01014
    0.02676
   -0.00177
   -0.01374
   -0.02821
    0.03064
   -0.08079
    0.05147
   -0.01215
    0.05244
   -0.17671
    0.08856
   -0.07624
    0.09613
   -0.08350
    0.01264
   -0.01964
    0.07081
   -0.06158
    0.01401
   -0.04507
    0.01771
   -0.04829
    0.02289
    0.07327
   -0.00849
   -0.13056
    0.03416
   -0.02914
   -0.03900
   -0.02528
    0.06766
    0.02283
   -0.03140
    0.01393
   -0.01804
   -0.08416
    0.00113
   -0.04311
    0.08856
    0.05358
   -0.03372
   -0.11847
    0.07452
   -0.01569
    0.03447
   -0.11322
    0.07463
    0.08175
    0.03011
   -0.09746
   -0.02779
   -0.08897
    0.01844
   -0.11480
    0.06642
    0.06907
    0.09238
   -0.18599
    0.10531
   -0.11128
    0.07926
   -0.11226
    0.05950
   -0.03640
    0.06279
   -0.03953
    0.03962
   -0.05890
    0.03390
   -0.10429
    0.06547
   -0.06385
    0.12088
   -0.25470
    0.04390
   -0.10427
    0.12699
   -0.15810
    0.03842
   -0.01796
    0.09730
   -0.09960
   -0.00112
   -0.08331
    0.02779
   -0.05374
    0.01666
    0.04282
    0.00886
   -0.05232
    0.02351
   -0.03234
    0.01761
   -0.04969
    0.05016
   -0.00987
    0.01863
    0.01970
   -0.02881
   -0.07806
    0.02266
   -0.00152
    0.01730
   -0.02038
    0.05692
   -0.20638
    0.07772
   -0.10249
    0.06068
   -0.08561
    0.06829
   -0.01506
    0.09049
   -0.07082
    0.00229
   -0.18327
    0.02888
   -0.13964
    0.08095
    0.08080
    0.04761
   -0.18198
    0.13379
    0.00307
   -0.00603
   -0.09937
    0.07279
    0.02071
    0.02158
   -0.10165
    0.08213
   -0.00750
    0.00607
   -0.13411
    0.13358
   -0.02097
    0.08216
   -0.31131
    0.10437
   -0.15595
    0.09089
   -0.20334
   -0.04043
   -0.06720
    0.11051
   -0.11061
    0.03227
   -0.04846
    0.01170
   -0.19646
    0.06361
    0.06956
    0.02041
   -0.20115
    0.12098
   -0.01734
   -0.03249
   -0.06526
    0.08448
   -0.00431
   -0.00339
    0.01846
   -0.00867
   -0.07019
   -0.01673
   -0.06120
    0.10678
    0.08066
   -0.00697
   -0.18005
    0.10362
   -0.07892
    0.03370
   -0.17703
    0.08787
    0.03881
    0.06224
   -0.17160
    0.07188
   -0.02632
    0.01930
   -0.17690
    0.10405
    0.05386
    0.04862
   -0.18740
    0.10848
   -0.03870
    0.03578
   -0.12347
    0.11509
    0.03965
    0.04034
   -0.06965
    0.00441
    0.01932
   -0.00360
   -0.10881
    0.12857
   -0.01493
    0.08377
   -0.24396
    0.13421
   -0.08880
    0.13687
   -0.17271
    0.07793
   -0.03967
    0.07720
   -0.06801
    0.02581
   -0.01391
   -0.00872
   -0.07795
    0.07466
    0.06333
    0.01362
   -0.14792
    0.06534
   -0.00846
    0.00101
   -0.09976
    0.10722
    0.01083
    0.01208
   -0.00321
   -0.02286
   -0.03373
    0.00811
   -0.07746
    0.10362
    0.03147
    0.01952
   -0.18159
    0.16656
   -0.06011
    0.05508
   -0.12621
    0.11526
   -0.05583
    0.08833
   -0.06614
    0.06146
   -0.04376
    0.01657
   -0.16534
    0.15037
   -0.07019
    0.15858
   -0.22885
    0.06407
   -0.09195
    0.06892
   -0.16675
    0.07804
    0.01204
    0.01634
   -0.06471
    0.06009
   -0.09816
    0.01482
   -0.09970
    0.09127
   -0.05620
    0.10726
   -0.30178
    0.09328
   -0.13608
    0.13219
   -0.16469
   -0.01510
   -0.07878
    0.12213
   -0.09714
    0.05616
   -0.10318
    0.08009
   -0.18886
   -0.02499
   -0.01889
    0.20331
   -0.38040
    0.00746
   -0.02394
    0.02427
   -0.04156
    0.01361
   -0.00838
    0.02999
    0.00344
   -0.02880
   -0.10600
    0.05603
   -0.07497
    0.04537
   -0.02627
    0.06455
   -0.21471
    0.03310
   -0.09291
    0.06246
   -0.14887
    0.04530
   -0.02424
    0.10590
   -0.11357
    0.05446
   -0.09392
    0.05115
   -0.17675
    0.06359
    0.01909
    0.07460
   -0.08812
    0.08768
   -0.02987
    0.05608
   -0.05673
    0.01922
   -0.00334
   -0.00389
   -0.00045
    0.01809
   -0.10495
    0.03713
   -0.02368
    0.01116
   -0.03741
    0.10449
   -0.10056
    0.05306
   -0.04744
    0.10150
   -0.09615
    0.01233
   -0.01620
    0.06336
   -0.04655
    0.02932
   -0.05165
    0.01163
    0.01841
   -0.01547
    0.01350
   -0.01826
    0.00559
   -0.01995
   -0.00267
    0.01795
   -0.01964
    0.00267
   -0.01408
   -0.03123
    0.06543
   -0.06498
   -0.05002
    0.01049
    0.00139
    0.01346
    0.02284
    0.04692
   -0.09729
    0.04348
   -0.01860
    0.04300
   -0.06647
    0.03827
    0.00093
    0.04618
   -0.02813
    0.00860
   -0.09664
    0.00701
   -0.04715
    0.06377
    0.06930
    0.02975
   -0.09843
    0.08458
    0.04764
   -0.04792
   -0.03337
    0.04602
    0.03118
   -0.01587
   -0.01837
    0.00545
    0.08208
   -0.04760
   -0.06060
    0.10818
    0.00503
    0.08175
   -0.16035
    0.06285
   -0.08056
    0.12665
   -0.10525
   -0.00028
   -0.03702
    0.03551
   -0.03099
    0.04513
   -0.01680
   -0.00461
   -0.11403
    0.07376
    0.08426
   -0.05420
   -0.07528
    0.05253
    0.05336
   -0.06843
   -0.00977
    0.03143
    0.04899
   -0.08944
    0.05513
   -0.02259
   -0.02243
   -0.02806
   -0.02503
    0.07250
    0.23094
   -0.08201
   -0.10842
    0.01964
    0.06561
   -0.01005
   -0.11406
    0.05628
    0.24221
   -0.13653
   -0.17389
   -0.07492
    0.12436
   -0.00557
   -0.09843
    0.07703
    0.06181
    0.01167
   -0.08577
    0.08227
    0.04270
   -0.01486
   -0.07841
    0.08994
    0.04553
   -0.00872
   -0.03390
    0.00655
    0.05758
   -0.01346
   -0.05403
    0.08570
   -0.00864
    0.02363
   -0.08011
    0.09512
   -0.06037
    0.11782
   -0.10821
    0.04410
    0.00644
    0.03202
   -0.01940
   -0.01272
    0.01830
   -0.00757
   -0.00889
    0.01050
    0.03907
   -0.02954
   -0.03932
    0.02829
   -0.00279
   -0.00626
   -0.04387
    0.04987
   -0.03105
   -0.02070
    0.03247
   -0.03920
   -0.05299
   -0.01858
   -0.03082
    0.07206
    0.02109
   -0.00792
   -0.05637
    0.08559
   -0.03230
    0.03258
   -0.06388
    0.07604
   -0.06113
    0.04108
   -0.00610
    0.08492
   -0.01365
   -0.00984
   -0.07832
    0.10962
    0.06373
    0.08093
   -0.16169
    0.07316
   -0.00434
    0.02695
   -0.08044
    0.04865
    0.04641
    0.05608
   -0.05722
   -0.06175
   -0.01077
    0.01889
   -0.03193
    0.02563
   -0.00322
    0.07653
   -0.15689
    0.08011
   -0.09647
    0.12418
   -0.07909
    0.00800
   -0.03562
    0.10752
   -0.05420
    0.00533
   -0.06136
    0.03981
   -0.08822
    0.02997
    0.10876
    0.05556
   -0.18794
    0.04370
    0.01625
   -0.02751
   -0.04815
    0.04805
    0.00433
    0.01660
    0.01685
   -0.04059
   -0.06584
    0.06640
   -0.06439
    0.06233
    0.04183
    0.02618
   -0.10619
    0.05138
   -0.03206
    0.06142
   -0.11330
    0.05927
    0.02109
    0.06874
   -0.06310
    0.01374
   -0.03055
    0.04221
   -0.12904
    0.07732
    0.04545
    0.08584
   -0.17325
    0.06635
   -0.04195
    0.04929
   -0.11772
    0.06734
    0.02390
    0.05539
   -0.03655
   -0.05831
   -0.08084
    0.05076
   -0.05971
    0.02536
   -0.04490
    0.11838
   -0.16991
    0.06740
   -0.08551
    0.09710
   -0.11484
    0.03160
   -0.05035
    0.07210
   -0.02703
    0.03005
   -0.09492
    0.00800
   -0.01822
    0.03194
    0.02821
    0.00948
   -0.05712
    0.03703
   -0.00205
   -0.02119
   -0.08021
    0.08018
    0.02773
    0.00746
    0.02169
   -0.08459
   -0.08235
    0.01381
   -0.01801
    0.05708
   -0.03054
    0.04772
   -0.19549
    0.08637
   -0.07711
    0.05613
   -0.10993
    0.08334
    0.00603
    0.09000
   -0.04207
   -0.08990
   -0.15130
    0.02488
   -0.08821
    0.06105
    0.06843
    0.04103
   -0.18513
    0.17500
   -0.01077
   -0.02113
   -0.11228
    0.11693
    0.05870
   -0.01974
   -0.07133
    0.05383
   -0.00052
   -0.01306
   -0.12181
    0.15095
   -0.02813
    0.04913
   -0.27336
    0.15361
   -0.12472
    0.08477
   -0.17556
    0.03353
   -0.05848
    0.07775
   -0.12547
    0.10280
    0.00253
   -0.03625
   -0.14855
    0.10239
    0.09109
   -0.02063
   -0.17928
    0.10167
   -0.00806
   -0.04704
   -0.07643
    0.08821
    0.01449
   -0.03814
    0.02597
    0.00052
   -0.06696
   -0.04748
   -0.04152
    0.12571
    0.13228
   -0.05073
   -0.16330
    0.10595
   -0.06904
   -0.03722
   -0.23235
    0.13770
    0.12691
   -0.01548
   -0.18626
    0.06152
    0.03494
   -0.01566
   -0.17742
    0.11912
    0.07933
    0.05820
   -0.20240
    0.09515
    0.03725
    0.01813
   -0.14462
    0.08763
    0.08971
    0.01663
   -0.06934
   -0.05496
    0.01983
    0.02272
   -0.12528
    0.11470
   -0.00896
    0.06887
   -0.18338
    0.11124
   -0.06568
    0.10707
   -0.16766
    0.06468
   -0.01331
    0.07577
   -0.07048
    0.01378
    0.03112
   -0.00465
   -0.07215
    0.06391
    0.04879
    0.00312
   -0.11807
    0.06412
    0.01318
   -0.03729
   -0.09873
    0.10495
    0.01263
   -0.01183
    0.03637
   -0.05713
   -0.00929
   -0.01789
   -0.07225
    0.11189
   -0.00178
    0.00100
   -0.12104
    0.11484
   -0.04451
    0.03920
   -0.14042
    0.13920
   -0.03357
    0.09867
   -0.03160
   -0.00676
   -0.04614
    0.04328
   -0.19054
    0.14980
    0.01691
    0.12510
   -0.19044
    0.02347
   -0.11546
    0.05561
   -0.14237
    0.10724
   -0.01593
    0.06100
   -0.03493
   -0.00693
   -0.08937
    0.03077
   -0.12468
    0.05911
   -0.04264
    0.08738
   -0.24144
    0.09762
   -0.11787
    0.09627
   -0.16104
    0.02985
   -0.06230
    0.11947
   -0.10040
    0.05620
   -0.05558
    0.01850
   -0.10626
    0.03173
    0.03313
    0.07714
   -0.21841
    0.06436
   -0.02873
   -0.00294
   -0.08015
    0.06210
   -0.02206
    0.00666
    0.02317
   -0.00329
   -0.18116
    0.01545
   -0.05410
    0.08315
   -0.03479
    0.04578
   -0.21242
    0.08349
   -0.07292
    0.03559
   -0.16180
    0.08234
   -0.01547
    0.07540
   -0.08222
    0.04954
   -0.08282
   -0.00124
   -0.14032
    0.04970
