IntronPotTab 1 1024 1.07413
   -0.01838
   -0.03038
    0.05268
   -0.01679
    0.01692
   -0.04780
    0.02382
   -0.01758
    0.01845
   -0.04544
    0.00245
   -0.01591
   -0.03928
   -0.03067
    0.08107
   -0.03174
    0.00048
   -0.02768
   -0.01180
    0.04710
   -0.00224
   -0.03008
    0.00376
    0.02592
    0.01999
   -0.03100
   -0.03085
    0.03239
   -0.09348
    0.00439
    0.02654
    0.01285
    0.03076
   -0.04998
   -0.01228
   -0.02622
    0.01385
   -0.04997
    0.01743
    0.00510
    0.03591
   -0.05649
    0.00098
   -0.04279
   -0.01882
   -0.02445
    0.06128
   -0.03967
   -0.01170
    0.00756
    0.02741
   -0.01209
   -0.02021
   -0.01217
    0.00232
    0.03314
    0.02506
   -0.02891
   -0.02941
    0.01611
   -0.11831
    0.02711
    0.05003
    0.00351
    0.01004
   -0.06902
    0.01292
    0.03157
   -0.00043
   -0.06451
    0.02044
    0.03867
    0.02970
   -0.06327
   -0.04672
    0.02694
   -0.04670
   -0.04216
    0.04289
    0.03451
    0.00611
   -0.05571
   -0.01659
    0.06582
   -0.01206
   -0.05301
   -0.01041
    0.07406
   -0.00794
   -0.02955
   -0.02795
    0.05855
   -0.07173
   -0.03130
   -0.00544
    0.06833
    0.04856
   -0.07836
   -0.02851
    0.02426
    0.01763
   -0.08029
    0.00077
    0.03724
    0.03491
   -0.05547
   -0.03270
    0.03530
   -0.04237
   -0.05148
    0.06149
    0.01201
    0.00461
    0.00245
   -0.02328
    0.01558
   -0.01966
   -0.04696
   -0.03260
    0.06902
    0.01007
   -0.03802
   -0.05093
    0.06328
   -0.10013
   -0.01792
    0.01207
    0.04559
    0.03378
   -0.07247
   -0.03430
    0.03161
    0.05276
   -0.07832
   -0.05586
   -0.00304
    0.04358
   -0.07256
   -0.08129
    0.02062
    0.01317
   -0.04847
    0.00816
    0.02616
    0.01894
   -0.02402
   -0.04898
    0.07926
    0.01424
   -0.04217
   -0.02858
    0.03601
    0.01597
   -0.03905
   -0.05074
    0.06488
   -0.05954
   -0.01753
   -0.00429
    0.04992
    0.06363
   -0.06627
   -0.06434
    0.01609
    0.05371
   -0.08545
   -0.03880
    0.00188
    0.05588
   -0.07893
   -0.03683
    0.01841
   -0.00315
   -0.05622
    0.02177
    0.03634
    0.01289
   -0.03987
   -0.00181
    0.02379
    0.05832
   -0.08715
   -0.06771
    0.01495
    0.05868
   -0.07132
   -0.08913
    0.05684
   -0.09818
   -0.02419
    0.00804
    0.04863
    0.00627
   -0.05222
    0.05289
   -0.02854
    0.00722
   -0.02985
    0.03034
   -0.02155
    0.02243
   -0.05236
   -0.02484
    0.01496
   -0.06297
    0.02775
    0.06635
    0.00058
   -0.01004
   -0.02862
    0.02250
    0.01146
   -0.00100
   -0.03667
    0.00360
    0.02991
    0.00782
   -0.03167
   -0.02944
    0.03980
   -0.06817
   -0.00690
    0.02119
    0.01743
    0.04798
   -0.06102
    0.00438
   -0.05007
   -0.01107
   -0.02940
    0.04501
    0.01520
    0.04213
   -0.07266
   -0.01178
   -0.00535
   -0.04899
   -0.03390
    0.07756
   -0.04064
   -0.02799
    0.02097
    0.03364
    0.00470
   -0.03112
   -0.01239
   -0.00104
    0.04437
   -0.01065
   -0.02491
   -0.02718
    0.05866
   -0.13636
    0.03665
    0.03744
    0.00362
   -0.00900
   -0.02927
   -0.00286
    0.05323
   -0.02496
   -0.01324
   -0.00396
    0.05032
   -0.00844
   -0.00161
   -0.03455
    0.05339
   -0.07331
   -0.00440
    0.01231
    0.02878
   -0.02659
    0.00009
   -0.03688
    0.06734
   -0.05639
   -0.01009
   -0.02616
    0.07132
   -0.05230
    0.00716
   -0.06671
    0.09040
   -0.11571
    0.00263
   -0.03813
    0.06726
    0.00643
    0.01896
   -0.04684
    0.03108
   -0.05061
    0.01449
   -0.00585
    0.05049
   -0.02592
    0.05787
   -0.04090
   -0.00574
   -0.09676
    0.06832
   -0.04599
   -0.02603
   -0.06100
    0.00404
   -0.01860
    0.04408
   -0.08403
    0.02177
   -0.04989
    0.07460
   -0.03361
   -0.02186
   -0.04425
    0.09615
   -0.16487
    0.01546
   -0.05097
    0.05627
   -0.01031
   -0.04334
   -0.01100
    0.08092
   -0.02347
   -0.03604
    0.00047
    0.06255
   -0.03651
    0.01875
   -0.06135
    0.08629
   -0.08334
   -0.01921
   -0.00597
    0.07205
   -0.04204
   -0.01320
   -0.06662
    0.10724
   -0.10052
    0.00719
   -0.08305
    0.07424
   -0.09770
    0.02542
   -0.10154
    0.11702
   -0.12434
    0.00161
   -0.06776
    0.06905
   -0.00375
   -0.02431
   -0.05257
    0.08637
   -0.05512
   -0.00523
   -0.05410
    0.09526
   -0.05324
    0.01868
   -0.07681
    0.11127
   -0.08679
   -0.00235
   -0.00959
    0.04851
   -0.06517
    0.03943
   -0.07008
    0.06939
   -0.11046
   -0.01836
   -0.07514
    0.08596
   -0.10443
    0.01246
   -0.12917
    0.11101
   -0.15062
    0.00537
   -0.08759
    0.05799
    0.01494
   -0.03236
   -0.05316
    0.08024
   -0.00154
   -0.04181
   -0.05210
    0.07489
   -0.00599
    0.00378
   -0.07376
    0.09285
   -0.03727
   -0.00176
   -0.03871
    0.06172
   -0.02118
   -0.01394
   -0.08332
    0.11284
   -0.07459
    0.00199
   -0.09193
    0.09132
   -0.07863
    0.03923
   -0.14445
    0.10511
   -0.12404
    0.01037
   -0.07308
    0.07811
    0.00952
    0.00450
   -0.07522
    0.08706
   -0.03054
   -0.00552
   -0.07018
    0.08703
   -0.01946
    0.02251
   -0.06189
    0.09030
   -0.08066
    0.02877
   -0.04259
    0.05145
   -0.04085
   -0.03676
   -0.04716
    0.08685
   -0.07877
    0.00865
   -0.07116
    0.05931
   -0.08900
   -0.02160
   -0.13754
    0.13451
   -0.15907
    0.01058
   -0.07554
    0.06799
   -0.03601
   -0.00252
    0.00734
    0.04871
   -0.03289
    0.02258
   -0.01035
    0.01702
   -0.02053
    0.04045
   -0.03087
    0.01150
   -0.23474
    0.09807
   -0.00030
    0.04486
   -0.04332
    0.00963
   -0.05277
    0.07808
   -0.10855
    0.04986
   -0.03456
    0.02575
   -0.07357
    0.05605
   -0.09058
    0.08620
   -0.20321
    0.07869
   -0.09467
   -0.02937
   -0.00033
   -0.00868
   -0.04737
    0.06220
   -0.08870
    0.07517
    0.00206
    0.01668
   -0.05300
    0.04060
   -0.06067
    0.06867
   -0.13577
    0.06976
   -0.03140
   -0.03515
   -0.06608
    0.03436
   -0.03745
    0.04700
   -0.12341
    0.06282
   -0.05221
    0.02133
   -0.08565
    0.01946
   -0.07690
    0.09180
   -0.22790
    0.06366
   -0.07643
    0.00074
   -0.00405
   -0.04228
    0.01603
    0.00489
   -0.00677
   -0.05537
    0.04776
   -0.00269
   -0.01227
   -0.03049
    0.01320
    0.03371
   -0.05341
   -0.06378
    0.06727
   -0.02012
   -0.03771
   -0.03890
    0.02982
    0.01303
   -0.02269
   -0.03636
    0.02862
    0.02672
   -0.02834
   -0.01896
   -0.00576
    0.06676
   -0.10156
   -0.04004
    0.03078
    0.02623
   -0.00929
   -0.09407
    0.04464
   -0.03338
   -0.01079
   -0.05633
    0.05392
    0.00933
   -0.03830
   -0.03147
    0.04329
    0.01189
   -0.06045
   -0.08282
    0.09256
   -0.05565
   -0.05291
   -0.01132
    0.03839
    0.01271
   -0.04377
   -0.01133
    0.01391
    0.03519
   -0.04601
   -0.01470
    0.02266
    0.04800
   -0.12544
   -0.00900
    0.03357
    0.01094
   -0.00906
   -0.06408
    0.02626
    0.04332
   -0.00398
   -0.04822
    0.01335
    0.03190
   -0.01015
   -0.06810
    0.01387
    0.07378
   -0.07585
   -0.05224
    0.02846
    0.04297
   -0.01931
   -0.05477
    0.02129
    0.04373
   -0.04088
   -0.04691
    0.02777
    0.05684
   -0.02881
   -0.05637
    0.00367
    0.07682
   -0.12362
   -0.07740
    0.07330
    0.02494
    0.00455
   -0.05937
    0.02508
    0.01662
   -0.02472
   -0.08954
    0.06288
    0.02523
    0.00745
   -0.08454
    0.02199
    0.06258
   -0.08353
   -0.10039
    0.10522
   -0.03533
   -0.04404
    0.00751
   -0.00934
    0.04240
   -0.05380
   -0.04633
   -0.01326
    0.06243
   -0.02523
   -0.07138
   -0.00409
    0.10578
   -0.11703
   -0.03266
    0.01885
    0.04400
    0.01047
   -0.08122
    0.00461
    0.03574
    0.00768
   -0.07314
    0.01225
    0.03726
   -0.00557
   -0.03734
   -0.00974
    0.07178
   -0.04548
   -0.07154
    0.04730
    0.01505
   -0.02133
   -0.06322
    0.01658
    0.04764
   -0.03126
   -0.05571
    0.00118
    0.06602
   -0.02083
   -0.02154
   -0.02637
    0.07217
   -0.09580
   -0.03137
    0.01214
    0.04122
    0.01198
   -0.08032
    0.01253
    0.02818
   -0.00044
   -0.07491
    0.02234
    0.05285
   -0.01926
   -0.06825
    0.02527
    0.02173
   -0.04033
   -0.07837
    0.05369
    0.01549
   -0.04367
   -0.02467
    0.00982
    0.04588
   -0.05991
   -0.05523
    0.00245
    0.07421
   -0.05086
   -0.02670
   -0.02848
    0.10034
   -0.14131
   -0.04218
    0.01462
    0.05617
   -0.01147
   -0.06800
    0.05545
   -0.00644
   -0.01085
   -0.02945
    0.04284
   -0.00518
   -0.00031
   -0.01341
    0.00577
    0.00533
   -0.16798
   -0.02238
    0.08275
   -0.00626
   -0.06127
   -0.07410
    0.07079
   -0.00716
   -0.05664
   -0.04687
    0.06553
    0.03222
   -0.05697
   -0.01265
    0.02333
    0.04639
   -0.12392
   -0.06745
    0.07642
   -0.02115
   -0.02559
   -0.08116
    0.07923
   -0.03777
   -0.04896
   -0.06294
    0.10272
    0.00438
   -0.02681
   -0.04537
    0.03618
    0.02410
   -0.15188
   -0.11572
    0.08431
   -0.13312
   -0.07041
   -0.00138
    0.04518
    0.02032
   -0.07857
   -0.01940
    0.01657
    0.05622
   -0.04863
   -0.02106
    0.00097
    0.06321
   -0.18995
    0.01407
    0.02056
    0.02074
   -0.05596
   -0.00794
    0.03847
    0.04463
   -0.03002
   -0.02016
    0.03870
    0.01927
   -0.02369
   -0.01608
   -0.00843
    0.03941
   -0.12715
    0.01500
    0.05087
    0.02854
   -0.05878
   -0.01995
   -0.01418
    0.07286
   -0.09339
   -0.01399
   -0.03637
    0.09028
   -0.08207
   -0.00226
   -0.07522
    0.09628
   -0.21519
    0.03051
   -0.00353
    0.07780
   -0.02893
    0.00005
   -0.00990
    0.04729
   -0.04729
   -0.01898
    0.00880
    0.04190
   -0.03110
   -0.00915
   -0.00186
    0.04187
   -0.18255
    0.09587
    0.02798
    0.00897
   -0.11430
    0.01942
   -0.00011
    0.03935
   -0.13921
    0.00074
   -0.05919
    0.10465
   -0.09531
   -0.02561
   -0.09038
    0.10321
   -0.22768
    0.04957
    0.00548
    0.04632
   -0.03624
   -0.04058
   -0.01493
    0.08060
   -0.03229
   -0.05137
   -0.00784
    0.05770
   -0.08003
   -0.05048
   -0.10120
    0.14987
   -0.11092
   -0.06757
    0.01581
    0.08213
   -0.05763
   -0.03611
   -0.08616
    0.11427
   -0.12450
   -0.06499
   -0.07993
    0.11054
   -0.12624
   -0.01295
   -0.11569
    0.12698
   -0.16710
   -0.09387
   -0.06201
    0.11431
   -0.02466
   -0.04285
   -0.06057
    0.08581
   -0.08369
   -0.04161
   -0.03768
    0.10523
   -0.07802
   -0.02832
   -0.08875
    0.14537
   -0.11593
   -0.07230
    0.00692
    0.08812
   -0.11089
   -0.00422
   -0.10586
    0.11170
   -0.16988
   -0.13354
   -0.13402
    0.09690
   -0.15176
   -0.08474
   -0.16727
    0.14493
   -0.19830
   -0.08083
   -0.05927
    0.08882
   -0.01314
   -0.06249
   -0.06158
    0.10458
   -0.04203
   -0.06601
   -0.04788
    0.08342
   -0.03281
   -0.04607
   -0.12598
    0.14790
   -0.10478
   -0.02280
   -0.03090
    0.08362
   -0.04992
   -0.00508
   -0.12609
    0.12084
   -0.14225
   -0.06354
   -0.11624
    0.13328
   -0.13863
   -0.02784
   -0.16778
    0.15370
   -0.17525
   -0.00853
   -0.09382
    0.11269
   -0.01556
   -0.02647
   -0.10673
    0.14728
   -0.06192
   -0.04093
   -0.06104
    0.10991
   -0.05305
   -0.03482
   -0.06533
    0.13777
   -0.11542
   -0.01235
   -0.03334
    0.09071
   -0.10071
   -0.04651
   -0.08026
    0.08869
   -0.17469
   -0.08038
   -0.11595
    0.10442
   -0.17243
   -0.10685
   -0.22223
    0.10496
   -0.22293
   -0.00747
   -0.07268
    0.08204
   -0.07627
   -0.00451
    0.03017
    0.06207
   -0.05874
    0.00621
    0.01058
    0.04012
   -0.03110
   -0.01280
   -0.02670
    0.05999
   -0.22716
    0.05785
    0.03201
    0.06691
   -0.08608
   -0.00543
   -0.04865
    0.09651
   -0.13228
   -0.04450
   -0.06552
    0.09078
   -0.10066
    0.00461
   -0.09192
    0.11793
   -0.21001
   -0.03008
   -0.04840
    0.06995
   -0.04978
    0.00125
   -0.02246
    0.06721
   -0.08716
   -0.00638
    0.00775
    0.08070
   -0.06050
   -0.01307
   -0.04864
    0.10631
   -0.14976
    0.00632
    0.01496
    0.03778
   -0.13905
    0.06151
   -0.02447
    0.07725
   -0.15061
   -0.04548
   -0.06111
    0.07799
   -0.11823
   -0.00945
   -0.07120
    0.11165
   -0.25195
    0.04927
    0.00948
    0.01512
