IntronPotTab 1 1024 -10.86342 0.89453 18.28011 16726 6 16   96.90
   -0.01433
    0.05915
   -0.03858
    0.00469
    0.04078
   -0.04184
   -0.07146
    0.02686
   -0.00739
    0.01473
   -0.02426
    0.01742
   -0.02428
   -0.00861
    0.02075
    0.00263
    0.01545
    0.05450
   -0.16041
    0.02967
   -0.00561
   -0.04866
   -0.02724
    0.06255
   -0.03546
    0.02914
   -0.09714
    0.08149
    0.03562
    0.01627
   -0.04129
   -0.00732
   -0.00981
   -0.02766
    0.00652
    0.02429
   -0.00195
   -0.06172
   -0.02041
    0.05466
   -0.00796
   -0.01590
    0.04752
   -0.01312
   -0.02784
   -0.05489
    0.05306
    0.01007
   -0.05483
    0.03699
   -0.15143
    0.09022
    0.00319
   -0.11617
   -0.00602
    0.08155
   -0.03228
    0.04133
   -0.11851
    0.09565
    0.00577
   -0.00322
   -0.00467
    0.00795
   -0.03865
    0.06395
   -0.17453
    0.05210
    0.03883
   -0.07177
   -0.09096
    0.06636
   -0.01630
   -0.02046
   -0.03213
    0.05261
    0.00966
    0.01771
   -0.03967
    0.00115
   -0.00031
   -0.01563
   -0.14860
    0.08937
   -0.00725
   -0.04486
   -0.10618
    0.09030
   -0.03119
    0.00439
   -0.14487
    0.08609
    0.04011
   -0.01148
   -0.07974
    0.03561
   -0.02327
    0.01140
   -0.07576
    0.07150
   -0.00072
   -0.10207
   -0.02426
    0.09471
   -0.02039
   -0.05667
    0.00216
    0.07125
   -0.07877
   -0.01480
    0.02274
    0.03788
    0.19577
   -0.08926
   -0.19692
    0.01780
    0.15210
   -0.21911
   -0.12552
    0.03865
    0.03720
   -0.04488
   -0.16008
    0.10202
    0.13728
   -0.01305
   -0.04239
    0.00663
    0.00470
   -0.00012
   -0.01071
    0.01336
    0.00071
   -0.07919
   -0.00837
    0.04842
    0.00404
   -0.04335
   -0.01653
    0.03892
    0.03997
   -0.08719
    0.02883
   -0.01375
    0.01645
   -0.02176
   -0.03705
    0.03169
    0.00936
   -0.03479
    0.00709
   -0.00044
   -0.01715
    0.01832
   -0.02927
    0.03641
    0.07568
   -0.04267
    0.00908
   -0.01526
   -0.00633
   -0.04549
   -0.00835
    0.04130
   -0.01159
   -0.04764
   -0.00403
    0.04476
   -0.02802
   -0.07759
    0.10021
   -0.01930
   -0.04654
   -0.05373
    0.02200
    0.03937
   -0.11532
   -0.00186
   -0.03468
    0.09177
   -0.03168
   -0.08338
   -0.03014
    0.09812
   -0.04057
   -0.04033
   -0.07832
    0.13239
   -0.00750
   -0.04751
    0.00055
    0.04134
   -0.10542
    0.08270
   -0.12648
    0.07903
    0.00131
   -0.07590
   -0.07394
    0.09472
   -0.02129
   -0.02428
   -0.06931
    0.07357
   -0.02095
   -0.00099
   -0.00433
    0.01473
   -0.05482
    0.05691
   -0.15691
    0.08383
   -0.01317
   -0.08912
   -0.05994
    0.08820
   -0.06706
    0.00328
   -0.12140
    0.08347
    0.03601
    0.05033
   -0.11156
   -0.00734
   -0.05607
   -0.02323
   -0.09542
    0.10459
    0.00722
   -0.10237
   -0.03168
    0.07023
   -0.02916
   -0.04741
   -0.01325
    0.08548
   -0.02828
   -0.08343
    0.04264
    0.03980
   -0.07122
    0.00382
   -0.13670
    0.11015
    0.02419
   -0.11448
   -0.05325
    0.07652
   -0.03876
    0.05020
   -0.12157
    0.07899
    0.01909
    0.00816
   -0.03253
    0.03742
   -0.00597
    0.04333
   -0.11006
    0.06891
   -0.00114
   -0.04413
   -0.08832
    0.09711
   -0.01507
    0.01059
   -0.04277
    0.04018
   -0.01225
   -0.00263
   -0.03567
    0.07508
   -0.03688
    0.08367
   -0.23081
    0.10200
   -0.03194
   -0.07470
   -0.05383
    0.13562
   -0.06189
    0.01008
   -0.09827
    0.09878
    0.00313
    0.01690
   -0.06357
    0.03672
   -0.01824
   -0.02955
   -0.02673
    0.06525
   -0.00417
   -0.05074
   -0.01438
    0.05400
   -0.04977
   -0.01050
    0.03034
    0.05871
   -0.02783
   -0.06837
    0.02212
    0.04664
   -0.11842
    0.00285
   -0.21670
    0.14714
   -0.01917
   -0.13339
   -0.05465
    0.14870
   -0.05778
    0.05370
   -0.19357
    0.14489
   -0.02898
   -0.01046
   -0.03599
    0.07752
   -0.04630
    0.05522
   -0.14468
    0.07184
    0.01825
   -0.07880
   -0.06699
    0.09755
    0.02995
   -0.02858
   -0.11828
    0.04770
   -0.02449
   -0.02252
   -0.02086
    0.05357
   -0.01037
    0.03104
   -0.16966
    0.05671
   -0.07576
    0.01543
   -0.08356
    0.09839
   -0.00736
   -0.03846
   -0.13346
    0.07426
    0.03832
   -0.02914
   -0.08980
    0.06501
   -0.02863
    0.01853
   -0.07093
    0.06314
   -0.00305
   -0.10299
   -0.00592
    0.10975
   -0.05760
   -0.04285
    0.04751
    0.06552
   -0.08985
   -0.04698
    0.02340
    0.08435
    0.06713
   -0.06086
   -0.14167
    0.07894
    0.09732
   -0.16554
   -0.07805
    0.13235
   -0.02813
   -0.06542
   -0.09648
    0.13676
    0.12312
   -0.07702
   -0.04838
    0.08788
   -0.01649
    0.03181
   -0.05578
    0.07931
    0.03582
   -0.05546
   -0.06757
    0.08887
   -0.01042
    0.01648
   -0.04361
    0.04854
   -0.00400
   -0.02632
   -0.00162
    0.03121
   -0.01470
    0.03769
   -0.15093
    0.10884
   -0.01957
   -0.01325
   -0.05976
    0.08287
   -0.10008
    0.07194
   -0.05665
    0.11933
    0.01406
    0.01958
   -0.05187
    0.02761
   -0.03772
    0.01001
   -0.02726
    0.06062
   -0.03831
   -0.05046
    0.02428
    0.05918
   -0.06356
   -0.04844
    0.09680
   -0.00741
   -0.04510
   -0.02467
    0.00813
    0.04273
   -0.11210
    0.02439
   -0.22387
    0.16014
   -0.02220
   -0.10116
   -0.06396
    0.13390
   -0.07186
   -0.00456
   -0.14700
    0.16926
   -0.02542
   -0.02225
   -0.02961
    0.06836
   -0.30288
    0.24634
   -0.40913
   -0.00907
   -0.00572
   -0.07353
   -0.08846
    0.10004
   -0.02048
   -0.05000
   -0.09107
    0.09974
    0.02427
   -0.04609
   -0.01703
    0.04732
   -0.14706
    0.18996
   -0.33611
    0.07759
   -0.05016
   -0.03092
   -0.04718
    0.08252
   -0.11887
    0.01855
   -0.16217
    0.10533
    0.04447
    0.04334
   -0.09584
   -0.01192
   -0.09586
    0.13636
   -0.16425
    0.05690
   -0.01054
   -0.09866
   -0.04029
    0.07864
   -0.08736
    0.00470
   -0.02415
    0.10659
   -0.02348
   -0.03518
   -0.00444
    0.03815
   -0.12309
    0.06495
   -0.22825
    0.07859
    0.00031
   -0.12663
   -0.03659
    0.09505
   -0.05644
    0.01033
   -0.18294
    0.16266
    0.00910
    0.01513
   -0.04073
    0.03599
   -0.00047
    0.01004
   -0.06368
    0.06804
    0.02412
   -0.06552
   -0.05531
    0.05509
    0.00317
   -0.02024
   -0.01229
    0.02474
   -0.02618
   -0.05785
    0.03149
    0.04244
   -0.02369
    0.05138
   -0.08884
    0.04991
   -0.03052
   -0.05305
    0.01650
    0.05492
   -0.02759
   -0.00220
   -0.05512
    0.08903
    0.00689
   -0.00122
   -0.01181
    0.00709
   -0.03442
   -0.01992
   -0.01659
    0.06694
   -0.02186
   -0.08801
    0.04540
    0.05250
    0.00088
   -0.06681
    0.07393
   -0.02607
   -0.03264
   -0.07903
    0.03360
    0.03024
   -0.09496
    0.02919
   -0.13122
    0.09551
    0.00784
   -0.13998
   -0.02922
    0.11311
   -0.06067
    0.00010
   -0.07624
    0.14273
    0.05355
   -0.07003
    0.00843
    0.02289
    0.00011
    0.01619
   -0.11513
    0.05659
    0.01033
   -0.07846
   -0.06671
    0.09071
    0.00120
   -0.06159
   -0.04842
    0.08222
   -0.02948
   -0.05812
    0.00430
    0.06801
   -0.01198
   -0.05040
   -0.06050
    0.08024
   -0.03521
   -0.05586
   -0.00623
    0.07474
   -0.02352
   -0.06448
   -0.08104
    0.09770
    0.08072
   -0.06168
    0.01878
    0.02134
   -0.02139
   -0.00204
   -0.08642
    0.09097
    0.00223
   -0.08823
   -0.11459
    0.10784
   -0.04411
   -0.06505
    0.00725
    0.08288
   -0.09668
   -0.04167
    0.03171
    0.05378
    0.18865
   -0.10365
   -0.15452
    0.03930
    0.14813
   -0.22294
   -0.05588
    0.02788
    0.01275
   -0.07496
   -0.07315
    0.10755
    0.11923
   -0.08459
   -0.00094
    0.04908
    0.02339
   -0.02738
   -0.02374
    0.03365
    0.00718
   -0.03881
   -0.00980
    0.02288
    0.03084
   -0.09222
   -0.00397
    0.02017
    0.01536
   -0.11197
    0.03893
    0.01211
   -0.01694
    0.00375
   -0.03137
    0.04535
   -0.03423
   -0.05413
    0.02727
    0.04031
   -0.03447
   -0.01009
   -0.02272
    0.06388
    0.04328
   -0.02617
   -0.00627
    0.00514
   -0.01470
   -0.07858
    0.01797
    0.02788
   -0.00935
   -0.01571
   -0.02938
    0.04452
    0.01212
   -0.09721
    0.07825
   -0.08217
   -0.03280
   -0.02821
    0.01693
    0.01367
   -0.09870
    0.02667
   -0.10799
    0.10203
   -0.03085
   -0.17409
    0.02628
    0.08713
   -0.06539
    0.04481
   -0.09344
    0.12388
   -0.02494
   -0.03781
    0.00863
    0.02886
   -0.03868
    0.02122
   -0.14469
    0.10752
   -0.00792
   -0.08420
   -0.13754
    0.12390
   -0.03217
   -0.03518
   -0.11002
    0.10740
   -0.03158
   -0.02223
   -0.02337
    0.04947
   -0.07827
    0.00932
   -0.08461
    0.11856
   -0.06135
   -0.06108
   -0.02268
    0.10940
   -0.09634
    0.02544
   -0.07215
    0.07577
    0.05069
    0.00270
   -0.04532
    0.00172
   -0.01788
   -0.02657
   -0.13052
    0.10753
    0.01851
   -0.16022
   -0.02285
    0.07580
   -0.06918
   -0.02417
   -0.02149
    0.09618
   -0.04657
   -0.05674
    0.02796
    0.03823
   -0.05043
   -0.00529
   -0.11053
    0.11103
   -0.00247
   -0.17451
   -0.00599
    0.10894
   -0.03671
    0.01109
   -0.11132
    0.09319
    0.02461
   -0.04355
    0.00597
    0.02585
   -0.07245
    0.05226
   -0.10484
    0.11176
   -0.00272
   -0.00308
   -0.09083
    0.06789
   -0.03510
   -0.04513
    0.01233
    0.07373
   -0.02239
   -0.01644
   -0.00311
    0.04603
   -0.04420
    0.04573
   -0.12040
    0.08865
   -0.05296
   -0.07439
   -0.00298
    0.12140
   -0.05032
    0.02031
   -0.10876
    0.11753
   -0.00790
   -0.00506
   -0.01647
    0.02470
   -0.06314
   -0.04575
    0.01387
    0.07195
   -0.03288
   -0.09906
    0.01753
    0.08941
   -0.03178
   -0.10929
    0.04106
    0.08745
   -0.05735
   -0.11539
    0.05320
    0.06054
   -0.07400
    0.00272
   -0.13642
    0.10857
   -0.03164
   -0.15817
   -0.03205
    0.15883
   -0.03963
    0.02448
   -0.15063
    0.13002
   -0.04126
   -0.01529
   -0.00644
    0.04981
   -0.07253
    0.07267
   -0.17551
    0.08708
    0.05617
   -0.09028
   -0.07709
    0.05968
   -0.00027
   -0.04651
   -0.08703
    0.08271
    0.05072
   -0.06480
   -0.02289
    0.06452
   -0.01709
   -0.00203
   -0.11547
    0.07517
   -0.02493
   -0.10322
   -0.02004
    0.10680
   -0.05411
    0.00036
   -0.08874
    0.07310
    0.10650
   -0.04662
   -0.03140
    0.03134
   -0.02584
   -0.02294
   -0.08668
    0.09647
   -0.00317
   -0.11141
   -0.07037
    0.11861
   -0.04705
   -0.04145
   -0.01555
    0.08298
   -0.02141
   -0.10627
    0.04121
    0.09272
    0.24872
   -0.13059
   -0.26278
    0.01434
    0.12285
   -0.26226
   -0.09468
    0.12749
    0.02055
   -0.06881
   -0.16958
    0.13108
    0.17577
   -0.08939
   -0.02954
    0.06616
   -0.01934
    0.04118
   -0.08482
    0.07316
    0.01331
   -0.07211
   -0.05744
    0.07779
    0.00189
   -0.04283
   -0.04614
    0.06176
    0.00233
   -0.05518
    0.00207
    0.03090
   -0.01778
    0.02358
   -0.16452
    0.10228
   -0.02823
   -0.06005
   -0.00857
    0.07115
   -0.07422
    0.08065
   -0.08427
    0.09530
    0.04581
    0.00630
   -0.07772
    0.04888
   -0.01606
   -0.02360
   -0.03131
    0.05715
   -0.02423
   -0.10272
   -0.00947
    0.08013
   -0.05053
   -0.06779
    0.08170
    0.02355
   -0.05065
   -0.05979
    0.00141
    0.06727
   -0.10915
    0.02235
   -0.24087
    0.15719
   -0.02638
   -0.12316
   -0.05442
    0.13577
   -0.09370
    0.03168
   -0.19331
    0.16230
    0.00070
    0.00287
   -0.06620
    0.09422
   -0.10836
    0.11866
   -0.14467
    0.06490
    0.00807
   -0.08771
   -0.14687
    0.11945
   -0.06341
   -0.04240
   -0.08855
    0.13121
    0.02254
   -0.05892
    0.00402
    0.04329
   -0.08222
    0.05946
   -0.17007
    0.10507
   -0.04891
   -0.07910
   -0.04297
    0.10528
   -0.08435
    0.01098
   -0.15805
    0.08064
    0.08845
    0.02397
   -0.05421
   -0.03101
   -0.03937
   -0.02714
   -0.11868
    0.10802
    0.01592
   -0.18405
   -0.05646
    0.09702
   -0.07806
   -0.04214
   -0.04977
    0.13239
   -0.00287
   -0.07909
    0.03499
    0.02151
   -0.09052
    0.02536
   -0.18743
    0.13020
    0.02381
   -0.16919
   -0.04077
    0.10152
   -0.06730
    0.06308
   -0.16803
    0.11869
    0.03501
   -0.02500
   -0.02222
    0.04158
