IntronPotTab 1 1024 0.37420
   -0.04780
    0.01015
    0.01061
    0.00967
   -0.01982
    0.03033
   -0.04410
    0.02327
   -0.07791
    0.03637
   -0.03063
    0.03724
   -0.04223
   -0.00760
    0.01814
   -0.00702
   -0.03550
    0.01711
   -0.01482
    0.03666
   -0.03789
    0.01387
   -0.05432
    0.03148
   -0.06593
    0.01642
   -0.01316
    0.04168
   -0.03676
   -0.03549
    0.03033
   -0.00852
   -0.09463
    0.02718
    0.02506
    0.01456
   -0.01273
   -0.00042
   -0.09380
    0.04738
   -0.07595
    0.02562
    0.02274
   -0.01337
   -0.08150
   -0.02359
    0.03912
    0.00121
   -0.04257
    0.00268
   -0.00547
    0.03157
   -0.02791
    0.00548
   -0.03166
    0.03621
   -0.09289
    0.03664
   -0.03453
    0.04136
   -0.02250
   -0.03391
    0.02254
   -0.00123
   -0.03777
   -0.01100
    0.01050
    0.03357
   -0.02052
   -0.00803
   -0.04821
    0.06042
   -0.04129
    0.01547
   -0.03190
    0.06017
   -0.03359
   -0.03101
    0.02308
    0.00412
    0.00820
   -0.00567
   -0.02928
    0.05409
   -0.02979
   -0.01379
   -0.06193
    0.05198
   -0.02304
   -0.01693
   -0.02102
    0.06667
    0.01989
   -0.02464
   -0.00019
    0.02302
    0.00993
    0.00649
   -0.02374
    0.02037
   -0.00047
   -0.02185
   -0.12580
    0.05571
   -0.05047
    0.01712
   -0.02886
    0.02926
   -0.04845
   -0.01767
    0.02052
    0.01138
    0.03664
   -0.04621
    0.03282
    0.00243
   -0.00998
   -0.03403
   -0.05144
    0.06051
   -0.02986
    0.01730
   -0.05452
    0.04460
    0.01082
   -0.05055
    0.02097
    0.00997
    0.00445
   -0.00272
   -0.02675
    0.06128
   -0.01630
    0.00188
   -0.07732
    0.06120
   -0.03502
    0.02317
   -0.03180
    0.04430
   -0.01409
   -0.04438
    0.01064
    0.03540
    0.00604
    0.02309
   -0.04818
    0.07455
   -0.02974
   -0.01103
   -0.06020
    0.05508
   -0.05421
   -0.00624
   -0.02551
    0.07605
    0.01077
   -0.05105
    0.00315
    0.04008
    0.00038
    0.00998
   -0.02562
    0.03537
   -0.02031
   -0.00678
   -0.09946
    0.07225
   -0.04194
   -0.00078
   -0.01403
    0.05475
   -0.08143
   -0.00766
   -0.00953
    0.09223
   -0.01164
   -0.02966
    0.00865
    0.03726
   -0.02655
   -0.01714
   -0.06135
    0.06666
   -0.06131
    0.02471
   -0.04788
    0.05969
   -0.00232
   -0.06916
    0.03048
    0.00438
   -0.04893
    0.00729
    0.01802
    0.01250
   -0.02590
    0.02068
   -0.04103
    0.03397
   -0.07716
    0.03401
   -0.00787
    0.01762
   -0.04452
   -0.00734
    0.02006
   -0.00642
   -0.03081
    0.02784
   -0.01173
    0.02117
   -0.04248
    0.00922
   -0.04401
    0.04040
   -0.08191
    0.01450
   -0.00403
    0.04815
   -0.01463
   -0.04339
    0.01950
   -0.00062
   -0.05630
    0.01133
    0.00817
    0.02177
   -0.01954
   -0.01313
   -0.07638
    0.05509
   -0.06884
    0.00800
    0.00854
    0.02735
   -0.05867
   -0.02430
    0.02764
    0.01028
   -0.03325
   -0.00191
    0.01963
    0.00118
   -0.02325
    0.00947
   -0.04965
    0.03527
   -0.09001
    0.03509
   -0.03318
    0.04074
   -0.02954
   -0.02832
    0.02080
   -0.00243
   -0.01566
    0.00226
   -0.02545
    0.06841
   -0.02386
    0.01415
   -0.06633
    0.05654
   -0.06381
    0.03067
   -0.03590
    0.04843
   -0.00647
   -0.00816
   -0.01060
    0.04769
   -0.02470
    0.02646
   -0.02722
    0.04656
   -0.03144
    0.03407
   -0.04045
    0.01668
   -0.03592
    0.00657
   -0.03932
    0.05831
   -0.03721
   -0.02149
    0.00477
    0.02325
   -0.02659
    0.01462
   -0.01767
    0.03101
   -0.01894
    0.00619
   -0.08224
    0.05290
   -0.04532
    0.02372
    0.00922
   -0.02178
   -0.03540
   -0.00303
    0.00424
    0.01897
   -0.01424
   -0.00463
   -0.03464
    0.05446
   -0.02182
   -0.02050
   -0.05257
    0.05891
   -0.07277
    0.02733
   -0.04906
    0.05462
   -0.00445
   -0.02179
   -0.00257
    0.03302
   -0.02547
   -0.00290
   -0.00380
    0.04115
    0.00496
   -0.04031
   -0.06254
    0.07263
   -0.02343
    0.01035
   -0.04365
    0.07710
   -0.02070
   -0.04373
    0.02086
    0.02150
    0.01855
   -0.01604
   -0.03121
    0.06668
   -0.03058
   -0.01683
   -0.09476
    0.06796
   -0.00933
   -0.01600
   -0.02902
    0.07329
   -0.00264
   -0.04437
    0.00727
    0.03365
   -0.00770
    0.00546
   -0.01441
    0.02211
    0.00623
   -0.02852
   -0.12176
    0.06718
   -0.06608
    0.01107
   -0.00828
    0.03116
   -0.02142
   -0.01688
    0.00595
    0.02846
   -0.00306
   -0.03728
    0.03303
    0.01845
    0.00110
   -0.04996
   -0.08070
    0.07119
   -0.01452
   -0.00081
   -0.05426
    0.07473
    0.02935
   -0.05702
    0.00562
    0.04726
   -0.02523
    0.00467
   -0.01097
    0.04836
   -0.01000
   -0.00934
   -0.08356
    0.06913
   -0.05427
    0.04196
   -0.04137
    0.04348
    0.00377
   -0.02539
   -0.01721
    0.08419
    0.01082
    0.01159
   -0.05367
    0.08737
   -0.02212
   -0.01757
   -0.11645
    0.07679
   -0.06519
    0.01540
   -0.04855
    0.08778
    0.01375
   -0.05500
    0.00314
    0.04404
   -0.01287
    0.00784
   -0.00692
    0.01539
    0.01264
    0.00550
   -0.16857
    0.06264
   -0.06388
    0.01235
   -0.01833
    0.06669
   -0.04317
   -0.01028
   -0.00020
    0.05352
    0.01101
   -0.02030
   -0.03038
    0.05884
    0.00432
   -0.04363
   -0.07726
    0.06145
   -0.05136
    0.03399
   -0.07564
    0.06737
    0.01163
   -0.03300
    0.00553
    0.02031
   -0.03423
    0.00211
    0.00261
    0.03721
   -0.02045
   -0.00610
   -0.06892
    0.06661
   -0.04623
    0.00844
   -0.00790
    0.04738
    0.00298
   -0.00533
   -0.00644
    0.02320
   -0.00827
   -0.00479
   -0.01639
    0.04405
   -0.04108
    0.01984
   -0.02839
    0.02941
   -0.00628
   -0.01216
   -0.02378
    0.04364
   -0.01039
   -0.00764
   -0.00526
    0.02834
   -0.03985
    0.02613
   -0.01462
    0.02498
   -0.03060
    0.01521
   -0.06798
    0.04528
   -0.07089
    0.01855
   -0.00561
    0.03178
   -0.03992
   -0.01242
    0.00793
    0.02292
   -0.01666
   -0.00508
    0.00116
    0.01781
   -0.01257
   -0.00194
   -0.02317
    0.02272
   -0.04606
    0.02817
   -0.04365
    0.03879
    0.00474
   -0.01611
    0.00173
    0.01254
   -0.05038
    0.01457
    0.00668
    0.01642
   -0.01718
    0.02954
   -0.04815
    0.02118
   -0.10208
    0.04321
   -0.02643
    0.04748
   -0.02965
   -0.01390
    0.00803
    0.01112
   -0.04209
    0.02871
   -0.01520
    0.03070
   -0.02844
    0.01535
   -0.04937
    0.02800
   -0.10495
    0.01962
   -0.01509
    0.06855
   -0.04220
   -0.03324
    0.02451
   -0.01059
   -0.06956
    0.01641
    0.02116
    0.00559
   -0.00855
   -0.00064
   -0.10241
    0.04630
   -0.10030
    0.01294
    0.02194
    0.03131
   -0.05544
   -0.02078
    0.02854
   -0.00297
   -0.02925
   -0.00300
   -0.01690
    0.04039
   -0.01585
   -0.00533
   -0.04589
    0.03416
   -0.10088
    0.03950
   -0.03834
    0.05222
   -0.03177
   -0.03560
    0.01719
    0.00592
   -0.03190
   -0.00331
   -0.00213
    0.03993
   -0.02031
   -0.01180
   -0.07071
    0.07338
   -0.02348
    0.01097
   -0.05463
    0.10264
   -0.02516
   -0.03588
    0.01502
    0.02134
   -0.01021
   -0.00065
   -0.02371
    0.05312
   -0.03225
   -0.02327
   -0.06135
    0.06434
   -0.01732
   -0.02373
   -0.01111
    0.07309
    0.00313
   -0.06110
    0.01565
    0.02452
   -0.00372
    0.00827
   -0.01838
    0.01929
   -0.00601
   -0.02729
   -0.10516
    0.06140
   -0.04471
    0.00632
   -0.03453
    0.06165
   -0.01155
   -0.02689
    0.00553
    0.03885
   -0.00777
   -0.02529
    0.01247
    0.02447
   -0.00649
   -0.05597
   -0.05249
    0.07098
   -0.01685
    0.00098
   -0.04907
    0.06842
    0.00178
   -0.04867
    0.00948
    0.03264
    0.00446
   -0.00436
   -0.02626
    0.06345
   -0.00418
    0.00116
   -0.09918
    0.05954
   -0.03414
    0.01705
   -0.03708
    0.07365
    0.00689
   -0.03900
   -0.00605
    0.06616
   -0.02940
    0.01646
   -0.02579
    0.06865
   -0.03070
   -0.00415
   -0.06247
    0.05687
   -0.05141
   -0.00297
   -0.02894
    0.08173
   -0.00988
   -0.04620
    0.00293
    0.04009
    0.00294
   -0.00323
   -0.02498
    0.04989
   -0.02185
   -0.00880
   -0.10422
    0.07713
   -0.04915
   -0.00340
   -0.01452
    0.06450
   -0.03948
   -0.03030
   -0.00221
    0.06144
   -0.05805
   -0.00473
   -0.01559
    0.07367
   -0.03632
   -0.01463
   -0.04762
    0.07304
   -0.11738
    0.04285
   -0.04403
    0.07792
   -0.03009
   -0.04395
    0.00685
    0.03890
   -0.01335
    0.01626
   -0.02216
    0.04163
   -0.02972
    0.02505
   -0.07285
    0.04586
   -0.04794
    0.03946
   -0.03607
    0.02111
   -0.03750
    0.00374
   -0.00536
    0.03449
   -0.03058
    0.02423
   -0.02313
    0.04615
   -0.04353
    0.00272
   -0.02929
    0.04626
   -0.02770
    0.00013
   -0.01137
    0.03177
   -0.02255
   -0.02293
    0.00453
    0.02099
   -0.01868
    0.04215
   -0.04861
    0.04114
   -0.01714
   -0.00281
   -0.09924
    0.04940
   -0.07759
    0.02176
   -0.01049
    0.03190
   -0.04709
   -0.01967
    0.01683
    0.01637
   -0.04450
    0.00830
   -0.00030
    0.01590
   -0.02334
   -0.00363
   -0.02164
    0.03779
   -0.06637
    0.02433
   -0.02888
    0.04056
   -0.02141
   -0.01122
    0.00088
    0.01969
   -0.02377
   -0.00535
    0.00125
    0.02790
   -0.01395
    0.00026
   -0.04141
    0.04557
   -0.04688
    0.01195
   -0.00668
    0.03039
   -0.06184
   -0.01186
    0.01426
    0.01533
   -0.03752
    0.01908
   -0.01840
    0.04345
   -0.03172
    0.02308
   -0.06450
    0.02646
   -0.07789
    0.02086
   -0.02858
    0.06001
   -0.06678
   -0.04075
    0.03656
   -0.01791
   -0.07294
    0.01171
    0.01077
    0.02591
   -0.01142
   -0.01568
   -0.08139
    0.05395
   -0.03382
    0.00803
    0.02044
   -0.01566
   -0.05891
   -0.02806
    0.02739
    0.01940
   -0.03519
    0.02317
   -0.01774
    0.01576
   -0.01703
   -0.00865
   -0.03044
    0.03388
   -0.09602
    0.03584
   -0.02480
    0.04037
   -0.03125
   -0.03457
    0.02466
   -0.00796
   -0.04154
   -0.01029
    0.01954
    0.01804
    0.02097
   -0.07285
   -0.03475
    0.07495
   -0.03766
    0.00593
   -0.02363
    0.07109
   -0.04604
   -0.06243
    0.04164
    0.00839
    0.03651
   -0.02126
   -0.03213
    0.06231
   -0.01147
   -0.03651
   -0.10676
    0.06878
   -0.02298
   -0.00949
   -0.03160
    0.06879
    0.05669
   -0.09242
    0.03150
    0.00555
   -0.03176
    0.01227
    0.02708
   -0.03182
    0.02941
   -0.03213
   -0.15433
    0.05308
   -0.05383
    0.01669
   -0.02475
    0.03142
   -0.03115
   -0.06389
    0.05548
    0.00182
   -0.00280
   -0.03374
    0.03688
   -0.00068
    0.01066
   -0.06364
   -0.08759
    0.07292
   -0.02221
    0.00371
   -0.03880
    0.05665
    0.03648
   -0.07382
    0.02468
    0.01799
    0.00004
    0.00016
   -0.01919
    0.04514
   -0.00248
   -0.02598
   -0.06303
    0.06246
   -0.02542
    0.01879
   -0.03098
    0.04337
    0.00153
   -0.02387
   -0.00326
    0.04133
    0.02253
    0.05019
   -0.08097
    0.10856
   -0.03441
   -0.02529
   -0.07233
    0.07144
   -0.03570
   -0.01413
   -0.03833
    0.09911
    0.01298
   -0.02821
   -0.01070
    0.05902
    0.01017
    0.00817
   -0.02856
    0.03555
   -0.00572
   -0.01534
   -0.10894
    0.06527
   -0.03663
   -0.00565
   -0.01051
    0.05801
   -0.01755
   -0.01034
   -0.00733
    0.05317
   -0.02313
   -0.01278
   -0.01795
    0.05921
   -0.01990
   -0.03284
   -0.05554
    0.06907
   -0.05022
    0.01490
   -0.03901
    0.05749
   -0.00670
   -0.03711
    0.00646
    0.02472
   -0.03504
    0.01494
    0.01629
   -0.00534
   -0.00763
   -0.01727
   -0.02464
    0.03764
   -0.03652
    0.00568
   -0.00776
    0.03763
   -0.03443
   -0.00897
    0.02766
   -0.02868
   -0.02110
    0.01995
   -0.01292
    0.02315
   -0.02321
    0.00142
   -0.05317
    0.03344
   -0.06179
    0.01859
   -0.02005
    0.04500
   -0.00118
   -0.04527
    0.03270
   -0.03619
   -0.05058
    0.00776
    0.02137
   -0.00036
   -0.01281
   -0.01632
   -0.07485
    0.04941
   -0.05576
   -0.00193
    0.01464
    0.02964
   -0.06506
   -0.03328
    0.03116
    0.01156
   -0.04533
   -0.00567
    0.02466
    0.00580
   -0.02408
    0.00383
   -0.02799
    0.03411
   -0.07905
    0.03001
   -0.01710
    0.03628
   -0.00189
   -0.03263
    0.02044
   -0.01700
