IntronPotTab 1 1024 -8.36595 1.66801 23.07874 23309 6 16  118.23
    0.06956
    0.02172
    0.00923
   -0.22858
   -0.00751
    0.15176
   -0.09956
   -0.08947
   -0.03301
    0.10053
    0.03596
   -0.17700
   -0.03084
    0.05475
    0.06278
   -0.14887
   -0.30171
    0.13620
    0.09898
   -0.14450
   -0.18347
    0.16247
   -0.15876
   -0.01092
   -0.07973
    0.08485
    0.03472
   -0.18138
    0.21887
    0.04520
   -0.06161
   -0.22140
   -0.24351
    0.18864
    0.07038
   -0.10150
   -0.02794
    0.07305
   -0.04261
   -0.01501
   -0.03351
   -0.01105
    0.08313
   -0.08335
   -0.00968
    0.01308
    0.05605
   -0.15013
    0.06236
   -0.02221
    0.07069
   -0.17391
    0.07253
   -0.07115
   -0.28671
    0.18647
    0.19468
    0.05463
   -0.15954
   -0.23471
    0.50771
   -0.18843
   -0.07767
   -0.48391
   -0.22235
    0.10112
   -0.00958
    0.10144
    0.11391
   -0.07605
   -0.12793
   -0.03847
    0.02462
    0.07642
   -0.17291
   -0.04006
   -0.21804
    0.07294
    0.03723
   -0.18670
   -0.22935
    0.17600
   -0.13541
   -0.13039
   -0.13119
    0.08430
   -0.07219
    0.05903
   -0.11559
    0.11658
   -0.16683
   -0.09493
   -0.26690
    0.16237
   -0.29818
   -0.09522
   -0.13500
    0.07605
    0.01034
   -0.15050
    0.20122
    0.00228
   -0.09064
   -0.11692
    0.02004
    0.00059
    0.01452
   -0.05106
   -0.16389
    0.12489
   -0.03734
   -0.21222
   -0.00728
   -0.11181
    0.18564
   -0.13806
    0.13276
    0.07421
   -0.17367
    0.05517
    0.03224
    0.08172
   -0.16698
   -0.00688
   -0.13391
    0.27288
   -0.22676
   -0.25680
   -0.19986
   -0.04257
    0.12746
   -0.12552
    0.25948
   -0.04991
   -0.16938
   -0.10866
    0.13669
   -0.16984
    0.00566
   -0.09904
   -0.01283
   -0.00556
    0.01511
   -0.01432
   -0.14979
    0.12148
   -0.01888
   -0.13248
   -0.15902
    0.04880
    0.04515
   -0.05055
   -0.05113
    0.00531
   -0.00232
    0.06006
    0.06130
    0.02106
   -0.00026
   -0.09957
   -0.03850
    0.06695
    0.02086
   -0.25154
    0.09960
   -0.01141
   -0.03432
    0.00375
    0.06746
   -0.11578
    0.12300
   -0.12935
   -0.07136
   -0.04665
    0.06227
   -0.05546
   -0.01210
   -0.14682
    0.15051
   -0.10508
    0.05109
    0.04452
   -0.08215
    0.06288
    0.05055
   -0.02280
   -0.04843
    0.05811
    0.36055
   -0.02186
   -0.03803
   -0.14706
   -0.28799
   -0.00793
   -0.08670
    0.32366
    0.04769
    0.08488
   -0.09160
   -0.08942
    0.00333
    0.07459
   -0.04343
   -0.08798
   -0.34247
    0.25976
   -0.03024
   -0.51540
   -0.17269
    0.18982
   -0.09677
   -0.11937
   -0.06450
    0.14417
   -0.04555
   -0.10917
   -0.11189
    0.14010
   -0.07533
   -0.13894
   -0.33922
    0.19474
   -0.36309
   -0.55211
   -0.08448
    0.12289
    0.00789
   -0.14287
    0.12683
   -0.01476
   -0.01362
   -0.13868
   -0.03730
    0.00807
    0.10970
   -0.21019
   -0.17899
    0.16071
   -0.01574
   -0.23014
    0.14460
   -0.00110
   -0.08372
   -0.14422
    0.14021
    0.05360
    0.01482
   -0.24962
    0.00727
    0.12964
   -0.07449
   -0.22585
    0.03836
    0.19705
    0.05442
   -0.32339
   -0.14990
    0.15070
   -0.04372
    0.00828
   -0.04766
    0.15275
   -0.17738
    0.00461
    0.06630
    0.08586
   -0.08326
   -0.16962
   -0.11340
    0.12066
   -0.11856
   -0.03104
   -0.45468
    0.19816
   -0.35756
   -0.14345
   -0.13778
    0.17581
   -0.13126
    0.02809
   -0.10476
    0.13323
   -0.18530
   -0.03815
   -0.21354
    0.06561
   -0.11325
    0.09286
   -0.29130
    0.13347
   -0.03623
    0.03945
   -0.09728
    0.21477
   -0.13276
   -0.09715
    0.00426
    0.04357
   -0.01624
   -0.07722
    0.01887
    0.07761
   -0.06250
   -0.06726
   -0.35204
   -0.13681
   -0.19421
    0.30885
   -0.13901
    0.02724
   -0.26235
    0.26979
   -0.00982
    0.03991
   -0.13417
    0.07201
    0.12458
    0.13905
   -0.14759
   -0.14652
   -0.13232
    0.13767
   -0.07240
    0.03784
    0.05408
    0.07881
   -0.12914
   -0.10043
    0.15178
    0.03252
   -0.17158
   -0.10828
    0.33394
   -0.03976
   -0.13219
   -0.08920
   -0.21829
    0.15947
   -0.18363
   -0.00172
   -0.04870
    0.09603
   -0.17816
    0.00410
    0.05689
    0.07697
   -0.20923
   -0.11516
   -0.04427
    0.08157
   -0.15189
   -0.10737
   -0.27636
   -0.16876
    0.18293
   -0.36137
   -0.03557
    0.08390
   -0.13045
   -0.05524
    0.01953
    0.01414
    0.01974
   -0.11692
    0.09735
   -0.00795
    0.00678
   -0.07512
   -0.05209
   -0.16017
    0.24323
   -0.30313
   -0.05571
    0.10992
   -0.17422
    0.07859
    0.09505
    0.04285
   -0.13584
   -0.05095
   -0.03019
    0.12073
   -0.12473
   -0.08849
   -0.12542
    0.13105
   -0.10956
    0.13077
    0.16841
    0.08450
   -0.17277
    0.00700
    0.39407
   -0.24808
   -0.15969
   -0.27185
    0.10497
    0.04735
   -0.06844
    0.00081
   -0.27533
    0.22773
   -0.20354
   -0.06201
   -0.07371
    0.20379
   -0.11612
   -0.01217
   -0.01144
    0.06623
   -0.09086
   -0.03289
   -0.04598
    0.06260
   -0.05538
   -0.03503
    0.01710
    0.07995
   -0.03056
   -0.10001
   -0.05071
    0.15295
   -0.15252
    0.16271
    0.07113
   -0.04499
    0.04342
   -0.05826
    0.08756
   -0.01285
   -0.01030
   -0.01103
   -0.29246
   -0.08742
   -0.00485
    0.26638
   -0.12443
    0.19341
   -0.23044
    0.16732
    0.06527
   -0.02865
   -0.06309
    0.07678
    0.08949
    0.07781
   -0.06914
   -0.03864
   -0.38050
    0.17734
   -0.31390
    0.18859
   -0.07471
    0.18919
   -0.23221
   -0.03172
    0.30185
   -0.07472
   -0.23576
   -0.18989
    0.05832
    0.05541
   -0.13749
    0.01675
   -0.34600
    0.23564
   -0.22217
   -0.10647
   -0.22499
    0.25764
   -0.22832
   -0.07649
   -0.18535
    0.07887
    0.08604
   -0.16192
   -0.33001
    0.11045
   -0.14684
   -0.08044
   -0.08941
    0.13165
   -0.03963
   -0.12894
    0.01257
    0.16910
   -0.15478
   -0.08374
    0.01108
    0.05394
   -0.04933
   -0.07811
    0.12329
    0.01208
   -0.00953
   -0.12429
   -0.02651
    0.07700
   -0.00418
   -0.12541
    0.02220
    0.21301
   -0.28727
   -0.08932
   -0.11357
    0.15166
   -0.14461
   -0.04906
   -0.12423
    0.17232
   -0.09897
   -0.06346
   -0.13358
    0.14105
   -0.00932
    0.03823
    0.06595
    0.19971
   -0.17918
   -0.22682
   -0.00266
    0.05846
   -0.09543
    0.07084
    0.09305
    0.00544
    0.05347
   -0.19469
   -0.53480
    0.27539
   -0.21605
   -0.11385
   -0.22164
    0.22584
   -0.11739
   -0.03585
   -0.18290
    0.15487
   -0.08344
   -0.00867
    0.01473
    0.11707
   -0.05455
   -0.20333
   -0.47576
    0.02114
   -0.06921
    0.25892
   -0.10005
    0.21398
   -0.10621
   -0.06476
   -0.01125
   -0.03114
    0.02914
    0.02541
    0.04375
    0.06077
   -0.00709
   -0.15981
   -0.36183
    0.01573
   -0.05835
    0.14974
    0.05267
   -0.04367
   -0.11496
    0.12121
   -0.01098
    0.12474
   -0.13857
   -0.02181
    0.23220
    0.00917
    0.08053
   -0.33761
   -0.17108
    0.08261
   -0.02050
    0.11630
    0.09242
    0.04005
   -0.09208
   -0.02584
    0.00417
    0.05579
   -0.16751
    0.04199
   -0.00852
    0.01295
   -0.06620
    0.10780
   -0.21754
    0.17210
   -0.12395
   -0.07986
   -0.13929
    0.15155
   -0.09361
    0.00894
    0.13507
    0.03526
   -0.19305
   -0.12569
   -0.09666
    0.08314
   -0.13052
   -0.06565
   -0.14129
    0.00972
    0.04694
   -0.09553
   -0.01407
    0.08231
   -0.04624
   -0.06259
    0.06051
   -0.03674
    0.04665
   -0.01931
   -0.11781
    0.06166
   -0.00916
   -0.10482
    0.00005
   -0.05855
    0.09575
   -0.09796
    0.04341
    0.09285
   -0.13203
    0.06513
    0.01755
    0.03117
   -0.16612
    0.09118
   -0.01316
    0.05896
   -0.02407
   -0.09188
   -0.18234
    0.14095
   -0.01384
    0.01718
    0.14445
    0.06447
   -0.12754
   -0.02435
    0.17673
   -0.03371
   -0.08970
   -0.05798
   -0.05885
    0.01449
    0.00563
   -0.00378
   -0.22209
    0.12429
    0.00946
   -0.10246
   -0.08538
    0.13548
   -0.03175
   -0.03788
   -0.01452
    0.05395
   -0.04333
    0.02117
   -0.01081
    0.04795
    0.01677
   -0.19225
   -0.20768
   -0.04572
    0.09705
   -0.19699
   -0.03352
    0.12256
   -0.06073
    0.01141
    0.07803
   -0.08275
    0.05881
   -0.17958
    0.01483
   -0.03537
    0.02163
   -0.00885
   -0.13654
    0.04033
    0.00815
    0.00075
    0.00546
    0.06468
   -0.07273
    0.07167
    0.01213
    0.03752
   -0.06604
    0.04368
    0.02002
    0.07549
   -0.03253
   -0.06167
   -0.41344
    0.04686
   -0.08479
    0.33724
   -0.15101
    0.16626
   -0.22864
    0.15705
   -0.14099
    0.11511
   -0.17202
    0.13835
   -0.28098
    0.11011
   -0.22497
    0.20770
   -0.15102
    0.16238
   -0.09880
   -0.02220
    0.04785
    0.10322
   -0.04913
   -0.10990
   -0.06309
    0.11025
   -0.05365
   -0.09234
   -0.03244
    0.12768
   -0.16810
   -0.07439
    0.10115
    0.04455
   -0.06662
   -0.06012
    0.03830
    0.05434
   -0.08227
    0.01783
    0.02549
   -0.04408
    0.08195
   -0.07865
   -0.11499
    0.00753
    0.03612
   -0.09620
    0.27043
   -0.10668
   -0.00980
   -0.23784
    0.10499
    0.06919
   -0.06748
   -0.11504
   -0.00891
    0.08436
   -0.02541
   -0.09631
    0.09941
    0.15286
   -0.05590
   -0.13041
   -0.24071
    0.14929
   -0.07144
    0.19254
   -0.22123
    0.19015
   -0.23155
   -0.03910
    0.00611
    0.10133
   -0.14195
    0.03617
   -0.04978
   -0.06946
   -0.16630
    0.18606
   -0.31463
    0.18029
    0.02836
   -0.16903
   -0.22435
    0.25376
   -0.16236
   -0.08969
   -0.12428
    0.11750
   -0.00641
   -0.07735
   -0.06672
    0.18131
   -0.17730
   -0.20257
   -0.12737
    0.29975
   -0.33855
    0.04754
   -0.00079
    0.17173
   -0.22021
   -0.11142
    0.10853
    0.04731
   -0.10450
   -0.07004
    0.08198
    0.01902
   -0.09804
    0.01781
   -0.21372
   -0.04036
    0.10176
    0.03568
   -0.34563
   -0.17670
   -0.46532
    0.31773
   -0.10551
   -0.09749
    0.21116
   -0.24624
    0.17271
    0.25540
   -0.25159
   -0.34346
   -0.18091
    0.05823
   -0.04016
    0.18214
    0.00409
    0.08234
   -0.11615
   -0.01583
   -0.00606
    0.07614
   -0.19953
    0.04599
    0.03446
   -0.02091
   -0.08403
    0.14962
   -0.15059
    0.14936
   -0.12468
   -0.06172
   -0.18647
    0.16730
   -0.19021
    0.00110
    0.09306
    0.05484
   -0.19401
   -0.09794
    0.28255
    0.05030
   -0.14943
   -0.22470
   -0.20779
    0.00191
    0.07646
   -0.14126
   -0.02361
    0.10398
   -0.15158
   -0.03204
   -0.01597
    0.07853
   -0.06494
   -0.23280
    0.04209
   -0.02333
    0.01927
   -0.00793
   -0.16691
   -0.18708
    0.25380
   -0.11169
   -0.15372
    0.13379
   -0.14481
    0.04305
    0.07492
    0.02925
   -0.07345
   -0.04708
   -0.03494
    0.15789
   -0.11524
   -0.20268
   -0.30976
    0.18699
   -0.17121
    0.19015
    0.01815
    0.15115
   -0.16390
    0.01217
    0.08728
    0.01933
   -0.12206
    0.06057
   -0.09153
    0.07546
   -0.10232
    0.10758
   -0.23928
    0.15016
   -0.06575
   -0.04043
   -0.14200
    0.16919
   -0.10611
    0.03873
   -0.04282
    0.02909
   -0.00157
   -0.02461
    0.01480
    0.08613
   -0.06909
   -0.10151
   -0.20980
    0.11010
    0.01187
   -0.10896
   -0.02653
    0.15612
   -0.11113
   -0.00567
   -0.06600
   -0.10835
    0.16640
   -0.11924
   -0.00982
    0.00877
   -0.00452
    0.00307
   -0.31080
   -0.03605
   -0.00932
    0.18163
   -0.14699
    0.16326
   -0.18478
    0.12451
    0.11742
   -0.06021
   -0.00613
   -0.01435
   -0.00231
    0.14545
   -0.04728
   -0.13538
   -0.47270
    0.00842
   -0.27881
    0.33520
   -0.16854
    0.21665
   -0.26225
   -0.03159
   -0.00634
    0.05259
   -0.14189
    0.13220
   -0.08945
   -0.02284
   -0.13682
    0.12140
   -0.30451
    0.21929
   -0.18282
   -0.13198
   -0.26167
    0.13149
   -0.07949
    0.05195
   -0.12331
    0.08650
    0.00521
   -0.05714
    0.08390
    0.14517
   -0.10878
   -0.17215
   -0.09399
    0.09911
   -0.06859
    0.04714
    0.02776
    0.11955
   -0.12022
   -0.06985
   -0.09557
    0.02824
    0.06856
   -0.08684
   -0.01776
    0.06686
    0.01726
   -0.11962
    0.09995
   -0.01613
    0.03256
   -0.10352
   -0.05891
    0.21061
   -0.14551
   -0.08089
   -0.00680
    0.08074
   -0.04489
   -0.07689
   -0.08392
    0.03962
   -0.09446
    0.06207
