IntronPotTab 1 1024 -1.49771 0.30456 3.79715 24650 6 16   25.73
   -0.00925
   -0.00100
   -0.10214
    0.08660
   -0.03291
   -0.07023
   -0.04693
    0.11390
   -0.04823
    0.00182
   -0.05337
    0.09459
    0.00707
   -0.12540
   -0.02503
    0.10056
   -0.02433
    0.03201
   -0.09744
    0.08439
   -0.04931
   -0.03361
    0.02076
    0.07838
   -0.11462
    0.09413
   -0.11148
    0.09636
    0.05562
   -0.11148
   -0.04229
    0.06806
   -0.05827
   -0.00035
    0.00377
    0.07516
   -0.03000
   -0.11881
   -0.01444
    0.10982
   -0.00341
   -0.02741
    0.02527
    0.00971
    0.00764
   -0.14574
   -0.00095
    0.08246
   -0.03787
   -0.04000
   -0.10058
    0.11022
   -0.02699
    0.01359
   -0.06822
    0.06306
    0.00900
   -0.01712
   -0.11073
    0.09681
    0.00720
   -0.13842
   -0.07623
    0.11145
   -0.01533
   -0.02444
   -0.05581
    0.09039
   -0.00905
   -0.13399
   -0.00391
    0.11287
   -0.02267
   -0.03474
   -0.00761
    0.06157
   -0.01551
   -0.08981
   -0.01595
    0.08419
   -0.03021
    0.01413
   -0.07465
    0.09249
   -0.07655
    0.01081
    0.01809
    0.06868
   -0.07058
   -0.02838
   -0.01972
    0.11493
    0.00129
   -0.06998
   -0.08040
    0.09355
   -0.04851
   -0.00163
   -0.04804
    0.09077
   -0.10737
   -0.19679
    0.11585
   -0.01903
   -0.06329
    0.05004
   -0.03506
    0.05298
   -0.07053
   -0.12955
    0.05716
    0.07543
    0.08266
   -0.10145
   -0.11477
    0.06031
    0.02372
   -0.10974
   -0.02678
    0.07124
    0.11547
   -0.08338
   -0.11800
    0.03601
    0.07340
   -0.16990
   -0.05617
    0.09997
   -0.01703
   -0.01177
   -0.07318
    0.10554
   -0.04785
   -0.06766
   -0.05776
    0.11990
    0.01167
   -0.03713
   -0.02103
    0.03484
    0.00425
   -0.09350
   -0.03301
    0.07937
   -0.03461
    0.01210
   -0.08063
    0.10844
   -0.07144
   -0.04247
    0.01854
    0.09530
   -0.06423
    0.02394
   -0.04581
    0.08870
    0.04035
   -0.10755
   -0.04315
    0.07768
   -0.08805
   -0.08441
    0.00091
    0.12588
   -0.05780
   -0.09426
   -0.03205
    0.11218
   -0.00584
   -0.08475
    0.01009
    0.05083
   -0.11003
   -0.12896
   -0.02830
    0.13839
   -0.01939
   -0.01728
   -0.06369
    0.06912
    0.00131
   -0.10317
   -0.07985
    0.11725
    0.00819
   -0.06554
   -0.08710
    0.09821
    0.03008
   -0.22502
   -0.05542
    0.11424
   -0.04902
    0.03873
   -0.05680
    0.06793
   -0.02431
   -0.10290
   -0.05548
    0.12189
   -0.04281
    0.00505
   -0.06268
    0.07896
    0.02715
   -0.15977
   -0.03511
    0.09599
   -0.08131
    0.04917
   -0.11471
    0.14123
   -0.03800
   -0.00292
   -0.00005
    0.04760
   -0.05937
    0.02765
   -0.01540
    0.05178
   -0.03619
   -0.03552
   -0.05822
    0.07457
   -0.07098
   -0.00753
   -0.05214
    0.10306
   -0.01388
   -0.11993
   -0.00691
    0.07764
   -0.03398
   -0.04870
   -0.05320
    0.11082
   -0.05291
   -0.18962
    0.05603
    0.09273
   -0.03809
   -0.03405
   -0.14214
    0.11860
   -0.00041
   -0.07444
   -0.07162
    0.09098
   -0.00072
   -0.03096
   -0.14769
    0.12479
    0.00971
   -0.14904
   -0.09357
    0.11759
   -0.04174
    0.03423
   -0.07742
    0.07704
   -0.09636
    0.03425
   -0.05837
    0.11362
   -0.02852
    0.04496
   -0.09780
    0.05817
   -0.03692
   -0.03965
   -0.05157
    0.08940
   -0.08222
    0.07976
   -0.10396
    0.10288
   -0.06998
    0.07215
   -0.07094
    0.06065
   -0.07386
    0.06574
   -0.13268
    0.06888
   -0.02383
   -0.06456
   -0.04834
    0.08558
   -0.05459
    0.02268
   -0.00316
    0.05196
   -0.04957
   -0.01609
    0.02275
    0.05084
   -0.01928
   -0.03629
    0.05637
    0.01388
   -0.05615
   -0.10636
   -0.00927
    0.09845
   -0.00852
   -0.04273
   -0.06799
    0.07157
   -0.07576
    0.01885
   -0.07259
    0.09330
   -0.00952
   -0.01919
   -0.15022
    0.11835
   -0.04226
   -0.06895
   -0.10637
    0.10798
   -0.02996
    0.03554
   -0.08949
    0.08355
   -0.00994
   -0.04318
   -0.04481
    0.07758
   -0.02852
    0.01778
   -0.08137
    0.06095
   -0.03961
   -0.06721
   -0.03800
    0.09184
   -0.07377
    0.15206
   -0.22575
    0.10967
   -0.06864
    0.08427
   -0.02300
    0.04005
   -0.08531
    0.00462
   -0.04746
    0.12029
   -0.05392
   -0.00075
   -0.10837
    0.08288
   -0.00644
   -0.07993
   -0.03725
    0.09403
   -0.04573
   -0.07443
   -0.01602
    0.10796
   -0.04830
    0.02794
   -0.06496
    0.07819
   -0.08051
   -0.12087
    0.05276
    0.08801
   -0.04307
   -0.06355
   -0.05449
    0.11521
   -0.09300
   -0.01288
   -0.00507
    0.08908
    0.00438
   -0.04076
   -0.07223
    0.08314
    0.03706
   -0.13649
   -0.03374
    0.10118
    0.00689
   -0.01258
   -0.20555
    0.13132
   -0.10255
   -0.03446
    0.00801
    0.10950
    0.00545
   -0.06245
   -0.05418
    0.07841
   -0.04513
   -0.02975
   -0.03708
    0.07417
   -0.09196
    0.08788
   -0.15773
    0.13588
   -0.06760
    0.00469
   -0.06878
    0.09378
   -0.14166
   -0.02540
   -0.19260
    0.12800
   -0.04150
   -0.05586
   -0.03697
    0.07768
   -0.04686
    0.08259
   -0.06359
    0.04596
   -0.20824
   -0.03012
    0.00593
    0.13847
   -0.06487
   -0.02823
   -0.03414
    0.10493
   -0.12957
   -0.08766
   -0.03962
    0.12498
   -0.07661
   -0.02960
   -0.17273
    0.15324
   -0.01856
   -0.07895
   -0.08731
    0.12127
   -0.06594
   -0.05144
   -0.09906
    0.13076
   -0.06532
   -0.14893
   -0.06912
    0.12353
   -0.12823
    0.07938
   -0.11255
    0.12199
   -0.10149
   -0.02749
   -0.04345
    0.13700
   -0.07532
   -0.00309
   -0.02951
    0.09631
   -0.07057
   -0.10425
   -0.01893
    0.10699
   -0.08833
    0.06455
   -0.19173
    0.15719
   -0.14642
    0.08776
   -0.00402
    0.07991
   -0.11481
    0.04626
    0.00217
    0.07654
   -0.01248
    0.03252
   -0.15548
    0.06262
   -0.17103
    0.11250
   -0.13684
    0.13207
   -0.10008
   -0.03494
    0.05306
    0.07942
   -0.07932
    0.04789
   -0.01181
    0.05767
   -0.07857
   -0.06305
   -0.00947
    0.08044
   -0.02963
   -0.09356
   -0.14189
    0.14069
   -0.07314
    0.00786
   -0.06106
    0.08282
   -0.01799
   -0.01054
   -0.10521
    0.10220
   -0.03663
   -0.06431
   -0.10525
    0.10348
   -0.00528
    0.01492
   -0.02073
    0.01190
   -0.04613
   -0.06126
   -0.02449
    0.10428
   -0.07226
    0.02575
    0.00215
    0.07940
    0.02244
   -0.15887
   -0.01207
    0.09356
   -0.06325
    0.07864
   -0.12094
    0.09557
   -0.08368
    0.06446
    0.03589
    0.03248
   -0.11046
    0.07696
   -0.13721
    0.14322
    0.04619
   -0.12692
    0.02922
    0.03386
   -0.05111
   -0.06996
    0.01046
    0.08661
   -0.07937
   -0.10897
    0.03784
    0.11010
   -0.04676
   -0.00057
    0.00968
    0.06008
   -0.02331
   -0.17322
    0.06223
    0.06606
   -0.01925
   -0.03990
   -0.07822
    0.07784
    0.00349
   -0.09369
   -0.06352
    0.10376
   -0.00508
   -0.05732
   -0.05272
    0.09658
    0.01020
   -0.20343
   -0.01510
    0.09622
   -0.01842
   -0.02326
   -0.03575
    0.07692
   -0.02071
   -0.06321
    0.00153
    0.07493
   -0.03452
   -0.06806
    0.01685
    0.09521
   -0.02479
   -0.10142
    0.00327
    0.08319
   -0.04140
    0.09337
   -0.08023
    0.05280
   -0.09657
    0.03756
    0.03042
    0.07966
   -0.01240
   -0.01431
    0.04775
   -0.00684
    0.03264
    0.00408
   -0.08549
    0.03414
   -0.08453
    0.03407
   -0.06130
    0.08962
   -0.05340
   -0.13151
    0.10001
    0.03209
   -0.09297
   -0.03023
    0.05191
    0.08040
   -0.11016
   -0.08906
    0.03749
    0.08615
    0.05661
   -0.08122
   -0.06769
    0.04620
    0.03043
   -0.08538
   -0.04781
    0.06517
    0.12630
   -0.13130
   -0.12746
    0.06836
    0.09481
   -0.19478
   -0.02992
    0.10157
    0.00474
   -0.09744
   -0.03574
    0.09645
   -0.07686
   -0.07263
    0.03497
    0.08032
    0.02823
   -0.07170
   -0.04658
    0.06848
   -0.00702
   -0.18662
    0.01544
    0.09237
   -0.08348
    0.05004
   -0.07272
    0.12303
   -0.01691
   -0.02267
   -0.04055
    0.05958
   -0.08650
    0.10464
   -0.15786
    0.09604
    0.04768
   -0.12188
   -0.01602
    0.06208
   -0.07964
   -0.06026
   -0.03430
    0.11792
   -0.11087
   -0.03153
   -0.02242
    0.10814
   -0.03318
   -0.08787
    0.01239
    0.07735
   -0.07903
   -0.13384
   -0.00201
    0.10457
   -0.09663
    0.02452
   -0.07500
    0.10141
    0.01172
   -0.04330
   -0.11690
    0.09413
   -0.00177
   -0.04998
   -0.05965
    0.08681
    0.00561
   -0.19835
   -0.04590
    0.10276
    0.00956
    0.04346
   -0.16819
    0.06368
   -0.04379
   -0.08857
   -0.10364
    0.14493
   -0.02804
    0.04381
   -0.11286
    0.07232
    0.01105
   -0.14076
   -0.07172
    0.10514
   -0.04444
    0.02018
   -0.12984
    0.12478
   -0.09381
   -0.07736
   -0.01276
    0.15065
   -0.10062
    0.08639
   -0.01879
    0.04085
    0.00151
   -0.02243
    0.00219
    0.01084
   -0.05878
    0.00322
   -0.18100
    0.14182
   -0.11019
   -0.08987
    0.02120
    0.10839
   -0.03302
    0.04279
   -0.00418
    0.01415
   -0.07557
   -0.19097
    0.07977
    0.07015
   -0.02987
   -0.03678
   -0.12845
    0.11479
   -0.00567
   -0.12568
   -0.08545
    0.12119
   -0.01317
   -0.01790
   -0.10026
    0.10367
    0.03520
   -0.15478
   -0.07643
    0.10167
   -0.03711
    0.01702
   -0.04827
    0.06470
   -0.06486
   -0.05783
   -0.06194
    0.13368
   -0.01168
    0.00280
   -0.06378
    0.05391
   -0.05014
   -0.10400
   -0.05114
    0.11645
   -0.08298
    0.06487
   -0.10742
    0.12067
   -0.03069
    0.01056
   -0.04690
    0.05587
   -0.12265
    0.12239
   -0.13515
    0.05815
    0.00494
   -0.06524
   -0.05011
    0.06491
   -0.03996
   -0.02143
   -0.05561
    0.08874
   -0.04869
   -0.08768
   -0.00128
    0.09556
    0.00933
   -0.01010
   -0.05182
    0.03377
   -0.05355
   -0.13338
   -0.03534
    0.11097
   -0.11186
   -0.06598
   -0.08936
    0.15269
   -0.02529
   -0.04561
   -0.10625
    0.12185
    0.00638
   -0.02381
   -0.10740
    0.09261
   -0.01137
   -0.14025
   -0.10538
    0.11878
   -0.03856
   -0.02649
   -0.11028
    0.14706
   -0.01686
   -0.12320
   -0.05711
    0.13266
   -0.05875
   -0.06636
   -0.01784
    0.12341
   -0.03764
   -0.14023
   -0.00862
    0.12218
   -0.06430
    0.05124
   -0.15331
    0.13565
   -0.12122
    0.00935
   -0.08804
    0.16715
   -0.03380
    0.03738
   -0.12800
    0.08919
    0.06011
   -0.07682
   -0.08132
    0.07570
   -0.04403
   -0.05757
   -0.06276
    0.12828
   -0.11612
   -0.04926
    0.05216
    0.06709
   -0.02548
   -0.00438
   -0.04835
    0.07085
   -0.09848
   -0.15900
    0.09097
    0.09577
   -0.04162
   -0.06904
   -0.08217
    0.13199
    0.01743
   -0.06782
   -0.10748
    0.10526
    0.03779
   -0.08576
   -0.09928
    0.10911
    0.07900
   -0.20253
   -0.05494
    0.13464
   -0.01356
   -0.02148
   -0.13472
    0.13021
   -0.08637
   -0.07403
    0.02321
    0.09515
    0.02151
   -0.07674
   -0.07656
    0.09899
   -0.03589
   -0.13312
   -0.05749
    0.11979
   -0.10569
    0.05330
   -0.11749
    0.17197
   -0.08528
   -0.04685
    0.00140
    0.11325
   -0.09233
    0.03241
   -0.09525
    0.10986
   -0.03743
   -0.05753
   -0.06500
    0.09716
   -0.10339
   -0.00147
   -0.08615
    0.14774
   -0.10073
   -0.08343
   -0.02945
    0.12727
   -0.06164
   -0.04935
    0.03439
    0.07913
   -0.15843
   -0.11826
   -0.06885
    0.16363
   -0.08291
   -0.00374
   -0.13059
    0.13329
   -0.02218
   -0.09750
   -0.08893
    0.13750
   -0.03518
   -0.03757
   -0.10250
    0.12525
   -0.05890
   -0.15071
   -0.11988
    0.14217
   -0.04221
   -0.03726
   -0.09094
    0.10225
   -0.02481
   -0.11424
   -0.04698
    0.11230
   -0.06326
   -0.04760
   -0.03359
    0.12007
   -0.05538
   -0.13040
   -0.06757
    0.11514
   -0.05643
    0.03877
   -0.17855
    0.14479
   -0.10486
    0.03503
   -0.03177
    0.09219
   -0.10591
    0.07408
   -0.09550
    0.09483
    0.00284
   -0.07085
   -0.08836
    0.07675
   -0.07389
    0.01979
   -0.10315
    0.10784
   -0.10102
   -0.11009
    0.01810
    0.11398
   -0.05641
   -0.02580
   -0.01073
    0.08289
   -0.07962
   -0.16816
    0.00568
    0.10313
   -0.02565
   -0.05330
   -0.19405
    0.13194
   -0.02572
   -0.05420
   -0.15796
    0.11838
   -0.04553
   -0.01394
   -0.14043
    0.14208
   -0.03871
   -0.16063
   -0.13814
    0.14894
