IntronPotTab 1 1024 -3.50110 1.55392 15.35336 39132 6 16   81.71
   -0.01286
   -0.02160
   -0.00679
    0.04103
   -0.05771
   -0.09303
   -0.03105
    0.14258
   -0.00366
   -0.01112
   -0.00479
    0.02003
   -0.08740
   -0.12197
    0.11265
    0.01781
   -0.00944
   -0.04077
   -0.05587
    0.10938
   -0.02044
   -0.07987
   -0.05441
    0.12297
   -0.01969
   -0.00608
   -0.06071
    0.07332
    0.13161
   -0.09952
    0.03422
   -0.02753
   -0.03486
   -0.04302
    0.04512
    0.04157
   -0.00252
   -0.08796
   -0.03203
    0.08547
    0.00393
   -0.04937
    0.05554
    0.00857
   -0.03500
   -0.11283
    0.05716
    0.04839
   -0.06986
   -0.03555
   -0.05508
    0.11313
   -0.02687
   -0.07053
   -0.03028
    0.11065
   -0.06247
    0.05903
   -0.04876
    0.03994
    0.00379
   -0.13816
    0.07855
    0.01446
   -0.01115
   -0.02060
   -0.09116
    0.13626
   -0.01616
   -0.11771
   -0.05945
    0.16750
    0.00204
   -0.04164
   -0.04471
    0.08854
    0.00743
   -0.17833
    0.05318
    0.09254
    0.00892
   -0.06191
   -0.07388
    0.13673
   -0.01773
   -0.01202
   -0.06085
    0.10949
   -0.00960
   -0.02071
   -0.07043
    0.07957
    0.11007
   -0.09168
    0.00139
    0.03459
   -0.00088
   -0.06625
   -0.05415
    0.13298
   -0.01477
   -0.12057
   -0.05945
    0.15289
    0.00965
   -0.06702
   -0.02214
    0.09074
   -0.04178
   -0.17293
    0.05809
    0.11733
    0.35990
   -0.29929
   -0.19726
   -0.00448
    0.17031
   -0.17130
   -0.15857
    0.13417
    0.25737
   -0.15414
   -0.19620
    0.04945
    0.22498
   -0.24172
   -0.01880
    0.12108
    0.05200
   -0.05921
   -0.05646
    0.09214
   -0.03590
   -0.10781
   -0.05151
    0.17473
    0.06891
   -0.08871
   -0.00680
    0.04315
    0.06628
   -0.13707
    0.03532
    0.06195
    0.03062
   -0.08401
   -0.04188
    0.11463
    0.00422
   -0.07847
   -0.07395
    0.12793
    0.00590
   -0.02233
   -0.05315
    0.06174
    0.19640
   -0.09914
    0.00651
   -0.02082
   -0.03214
   -0.02601
    0.00266
    0.06357
   -0.00689
   -0.18281
   -0.04221
    0.16164
    0.01603
   -0.10199
    0.08954
    0.00885
   -0.01643
   -0.16125
    0.03475
    0.09256
   -0.01822
   -0.12155
   -0.03611
    0.17051
    0.01761
   -0.10843
   -0.06424
    0.14283
   -0.03055
   -0.02762
   -0.04090
    0.10182
    0.04625
   -0.19301
    0.03909
    0.08787
   -0.11465
    0.05890
   -0.05211
    0.09309
   -0.08724
   -0.14394
   -0.02189
    0.17550
   -0.01267
   -0.02745
   -0.04505
    0.06328
    0.00373
   -0.20428
    0.16290
    0.00507
   -0.01956
   -0.04229
   -0.09576
    0.12095
   -0.05368
   -0.00680
   -0.08244
    0.13898
   -0.03664
   -0.02462
   -0.07889
    0.10434
    0.16906
   -0.10752
    0.01957
   -0.01932
   -0.07573
   -0.01032
   -0.04796
    0.11768
   -0.04609
   -0.19498
    0.00649
    0.14250
   -0.00352
   -0.06225
    0.01180
    0.06708
   -0.08850
   -0.23737
    0.15639
    0.05017
   -0.00259
   -0.08722
   -0.15338
    0.13240
    0.00082
   -0.11448
   -0.07940
    0.14778
   -0.02381
    0.00415
   -0.13923
    0.11568
    0.03309
   -0.17188
    0.04162
    0.06491
   -0.00158
   -0.04209
   -0.01410
    0.05918
   -0.02108
   -0.04688
   -0.04618
    0.10210
   -0.03065
   -0.00086
   -0.01490
    0.04210
   -0.05379
   -0.11137
    0.06612
    0.04562
   -0.03627
   -0.01336
   -0.07337
    0.12175
   -0.03625
    0.04853
   -0.08405
    0.09655
   -0.04180
    0.01358
   -0.07256
    0.08105
    0.09117
   -0.05024
    0.00957
   -0.02196
   -0.01261
   -0.01074
    0.00993
    0.01487
    0.01128
   -0.06778
   -0.04138
    0.06976
   -0.02951
    0.00868
    0.02824
    0.00778
   -0.00736
   -0.10711
    0.03924
    0.04945
   -0.09106
   -0.05650
   -0.10365
    0.16674
   -0.01783
   -0.04132
   -0.05934
    0.11540
   -0.10417
    0.07139
   -0.09021
    0.08828
   -0.00432
   -0.12520
    0.03641
    0.05364
   -0.02257
    0.01733
   -0.06635
    0.09521
    0.00827
   -0.06380
   -0.05896
    0.11375
   -0.00170
   -0.02183
   -0.03957
    0.06074
    0.03024
   -0.13762
   -0.00422
    0.11699
   -0.02931
   -0.02474
   -0.07878
    0.13340
   -0.09337
    0.11841
   -0.16031
    0.13737
   -0.05517
    0.04426
   -0.09604
    0.06161
    0.04367
   -0.00750
   -0.04024
    0.02564
   -0.01683
   -0.01528
   -0.05868
    0.10228
   -0.00125
   -0.08058
   -0.04450
    0.11309
   -0.04492
   -0.02642
   -0.07100
    0.11041
   -0.03260
   -0.10800
    0.02482
    0.10585
    0.12714
   -0.13597
   -0.10063
    0.10953
    0.03430
   -0.08771
   -0.12638
    0.19420
    0.02057
   -0.01204
   -0.15785
    0.13526
    0.11919
   -0.15784
   -0.02694
    0.16436
    0.01790
   -0.05043
   -0.07819
    0.14113
   -0.01683
   -0.04516
   -0.05743
    0.13347
   -0.00018
   -0.07889
   -0.00004
    0.08590
    0.02629
   -0.12664
    0.01810
    0.09561
   -0.01491
   -0.04511
   -0.12557
    0.18288
   -0.00967
   -0.01799
   -0.07379
    0.12291
   -0.06976
    0.00225
   -0.07400
    0.10914
    0.11954
   -0.07628
   -0.01720
    0.03619
   -0.01088
   -0.05916
   -0.02142
    0.08774
    0.01597
   -0.09961
   -0.03727
    0.11208
   -0.03492
   -0.04441
    0.02404
    0.05144
   -0.05547
   -0.14642
    0.03624
    0.11554
   -0.04537
   -0.10967
   -0.15244
    0.27121
   -0.02304
   -0.07908
   -0.07486
    0.18023
   -0.11682
    0.00124
   -0.08760
    0.16107
    0.04052
   -0.17689
    0.01215
    0.12604
   -0.34368
    0.27617
   -0.40674
    0.12511
   -0.06418
   -0.07803
   -0.06443
    0.15907
   -0.02435
   -0.04636
   -0.04741
    0.09814
   -0.00056
   -0.14717
    0.06201
    0.06594
   -0.19269
    0.15590
   -0.27742
    0.16798
   -0.05753
    0.10587
   -0.12917
    0.09161
   -0.07624
    0.02629
   -0.10203
    0.10630
    0.07996
    0.02631
   -0.03118
   -0.04305
   -0.26365
    0.25797
   -0.24892
    0.09097
   -0.05578
   -0.07191
   -0.06547
    0.11382
   -0.07877
   -0.02465
   -0.00045
    0.10205
   -0.08124
   -0.14941
    0.09280
    0.06869
   -0.16117
    0.06297
   -0.26813
    0.18155
   -0.04365
   -0.04139
   -0.08204
    0.12541
   -0.12318
    0.03632
   -0.14841
    0.17722
   -0.00948
   -0.13461
    0.01464
    0.08820
   -0.00858
   -0.03320
   -0.00766
    0.04612
   -0.05238
   -0.06000
   -0.03911
    0.12503
   -0.01529
   -0.00986
   -0.00861
    0.04210
   -0.00036
   -0.15710
    0.08379
    0.02346
   -0.00642
   -0.03844
   -0.03659
    0.08498
   -0.02592
   -0.03309
   -0.04629
    0.10021
   -0.03747
   -0.01086
   -0.03049
    0.08470
    0.10339
   -0.11346
    0.07274
   -0.04517
   -0.06077
   -0.05764
    0.09372
    0.01888
   -0.06143
   -0.08749
   -0.04689
    0.12510
   -0.01679
   -0.05561
    0.08812
    0.01411
   -0.02789
   -0.14604
    0.07192
    0.04983
   -0.09819
   -0.01983
   -0.07484
    0.12773
   -0.03809
   -0.07151
   -0.02821
    0.10955
   -0.06388
    0.02904
   -0.02614
    0.06523
    0.00046
   -0.12898
    0.06084
    0.03559
   -0.00949
   -0.02807
   -0.10234
    0.14478
   -0.00413
   -0.11755
   -0.08168
    0.17102
   -0.01822
   -0.02919
   -0.04592
    0.09733
    0.04162
   -0.19487
    0.07524
    0.08067
   -0.00561
   -0.04560
   -0.09933
    0.12596
   -0.01939
    0.00361
   -0.09010
    0.10722
   -0.03561
   -0.01573
   -0.07375
    0.08757
    0.16635
   -0.08404
   -0.00075
    0.00716
    0.01738
   -0.05722
   -0.06833
    0.10756
    0.02414
   -0.14513
   -0.05718
    0.12050
   -0.02418
   -0.04624
    0.00690
    0.08074
    0.00549
   -0.15125
    0.05695
    0.08541
    0.30067
   -0.23693
   -0.21074
    0.04003
    0.09696
   -0.16316
   -0.12305
    0.14519
    0.15622
   -0.08551
   -0.17538
    0.10926
    0.20298
   -0.22997
   -0.00735
    0.14286
    0.03460
   -0.08683
   -0.05303
    0.11696
   -0.03948
   -0.11126
   -0.05776
    0.17692
    0.02935
   -0.09306
    0.02414
    0.05000
    0.04116
   -0.18363
    0.04421
    0.08993
   -0.00748
   -0.05970
   -0.06996
    0.13068
   -0.01557
   -0.03636
   -0.03227
    0.08516
   -0.02355
   -0.00208
   -0.05659
    0.07324
    0.11076
   -0.11176
    0.03847
   -0.01793
   -0.04269
   -0.07857
    0.03639
    0.06435
   -0.03745
   -0.16043
   -0.03537
    0.14595
   -0.00677
   -0.11247
    0.08356
    0.02898
   -0.03787
   -0.18847
    0.07764
    0.07666
   -0.04811
   -0.08936
   -0.08665
    0.19048
   -0.03782
   -0.12157
   -0.05018
    0.15763
   -0.06986
   -0.02673
   -0.01731
    0.11070
    0.01746
   -0.20015
    0.05973
    0.07062
   -0.03936
    0.05336
   -0.12265
    0.09229
   -0.06592
   -0.10422
   -0.08870
    0.18268
   -0.00609
   -0.01211
   -0.06085
    0.04884
    0.03827
   -0.17290
    0.08971
    0.03569
   -0.03555
   -0.04348
   -0.09762
    0.13644
   -0.04295
    0.02797
   -0.08829
    0.10948
   -0.03691
    0.00601
   -0.08249
    0.07402
    0.16761
   -0.08866
    0.04030
   -0.04880
   -0.03980
   -0.02690
   -0.06369
    0.10773
   -0.04471
   -0.17379
   -0.05910
    0.14957
   -0.03488
   -0.06145
    0.01053
    0.08706
   -0.06976
   -0.23033
    0.16195
    0.00597
   -0.02038
   -0.07808
   -0.18428
    0.18059
   -0.02742
   -0.12471
   -0.08374
    0.16498
   -0.06315
    0.00408
   -0.13842
    0.14019
    0.03456
   -0.18009
    0.02439
    0.07638
   -0.06788
    0.03468
   -0.01607
    0.05656
   -0.07373
   -0.07508
    0.01778
    0.10680
   -0.04072
    0.02191
   -0.03151
    0.03415
   -0.14193
   -0.12727
    0.12159
    0.05712
   -0.03025
   -0.03301
   -0.07048
    0.11717
   -0.06081
   -0.02274
   -0.08203
    0.14811
   -0.04149
   -0.00332
   -0.07984
    0.09385
    0.07423
   -0.11117
    0.05148
   -0.02644
   -0.04672
   -0.04908
    0.02492
    0.06176
   -0.04184
   -0.14121
   -0.06243
    0.16209
    0.02176
   -0.02142
   -0.00214
   -0.00182
   -0.01713
   -0.17725
    0.05398
    0.07537
   -0.15795
   -0.08200
   -0.09442
    0.17563
   -0.05504
   -0.11433
   -0.06484
    0.18669
   -0.10690
    0.03961
   -0.09892
    0.12120
   -0.05976
   -0.13828
    0.07674
    0.04058
   -0.00886
   -0.02718
   -0.07110
    0.12499
    0.00386
   -0.11563
   -0.09360
    0.16824
    0.00967
   -0.06734
   -0.05528
    0.11734
    0.05067
   -0.22296
    0.05231
    0.13352
   -0.01759
   -0.05608
   -0.09877
    0.16317
   -0.10453
    0.06581
   -0.14720
    0.17231
   -0.04187
    0.00672
   -0.09729
    0.08280
    0.19961
   -0.08746
   -0.00917
    0.01467
   -0.00176
   -0.05195
   -0.05352
    0.11186
   -0.00988
   -0.11450
   -0.07573
    0.14654
   -0.00519
   -0.05851
   -0.05466
    0.10594
    0.00453
   -0.17726
    0.05035
    0.13066
    0.27871
   -0.26403
   -0.20787
    0.10795
    0.03359
   -0.19770
   -0.20852
    0.29058
    0.12109
   -0.08959
   -0.19261
    0.15756
    0.19996
   -0.22847
   -0.00826
    0.19322
    0.02527
   -0.05383
   -0.08900
    0.15732
   -0.01849
   -0.14813
   -0.04919
    0.18414
    0.02024
   -0.09797
   -0.00759
    0.10729
    0.02840
   -0.19681
    0.04294
    0.10423
   -0.01818
   -0.09397
   -0.15276
    0.23048
   -0.03510
   -0.08937
   -0.09294
    0.19460
   -0.08763
   -0.03479
   -0.09294
    0.15726
    0.12424
   -0.16436
    0.00585
    0.06399
   -0.02643
   -0.06678
   -0.04826
    0.13283
   -0.00898
   -0.19562
   -0.06178
    0.18567
   -0.03511
   -0.09620
    0.01443
    0.10573
   -0.04284
   -0.20550
    0.04068
    0.12557
   -0.08534
   -0.16164
   -0.16372
    0.27964
   -0.03939
   -0.15248
   -0.10195
    0.24295
   -0.14303
   -0.04276
   -0.14923
    0.21294
    0.00130
   -0.25374
    0.04443
    0.11481
   -0.14367
    0.14270
   -0.18954
    0.09689
   -0.07093
   -0.14365
   -0.05432
    0.18422
   -0.02446
   -0.07874
   -0.01531
    0.10209
   -0.06433
   -0.18048
    0.07784
    0.09730
   -0.07594
    0.00372
   -0.12592
    0.14709
   -0.07596
    0.04223
   -0.09459
    0.10767
   -0.07046
   -0.04397
   -0.07476
    0.12759
    0.15496
   -0.07725
    0.03011
   -0.02802
   -0.09935
    0.06116
   -0.12610
    0.12637
   -0.04077
   -0.18310
   -0.08191
    0.16423
   -0.04155
   -0.08503
    0.01328
    0.10424
   -0.08067
   -0.20852
    0.08728
    0.10123
   -0.08347
   -0.04147
   -0.17304
    0.16699
   -0.08532
   -0.10078
   -0.09271
    0.18043
   -0.10849
   -0.01185
   -0.12384
    0.16488
   -0.02680
   -0.16064
    0.00069
    0.11911
